%Cpu(s):  1.6 us,  0.9 sy,  0.0 ni, 97.3 id,  0.0 wa,  0.0 hi,  0.1 si,  0.0 st
%Cpu(s):  0.2 us,  0.1 sy,  0.0 ni, 99.5 id,  0.1 wa,  0.0 hi,  0.0 si,  0.0 st
%Cpu(s):  0.0 us,  0.0 sy,  0.0 ni,100.0 id,  0.0 wa,  0.0 hi,  0.0 si,  0.0 st
%Cpu(s):  0.2 us,  0.1 sy,  0.0 ni, 99.6 id,  0.0 wa,  0.0 hi,  0.0 si,  0.0 st
%Cpu(s):  7.9 us,  0.9 sy,  0.0 ni, 91.2 id,  0.0 wa,  0.0 hi,  0.0 si,  0.0 st
%Cpu(s): 51.4 us,  6.1 sy,  0.0 ni, 41.0 id,  0.0 wa,  0.0 hi,  1.5 si,  0.0 st
%Cpu(s): 50.6 us,  9.0 sy,  0.0 ni, 38.8 id,  0.0 wa,  0.0 hi,  1.6 si,  0.0 st
%Cpu(s): 42.3 us, 10.0 sy,  0.0 ni, 45.9 id,  0.0 wa,  0.0 hi,  1.6 si,  0.1 st
%Cpu(s): 14.5 us,  7.8 sy,  0.0 ni, 77.2 id,  0.0 wa,  0.0 hi,  0.5 si,  0.0 st
%Cpu(s): 12.6 us,  9.9 sy,  0.0 ni, 77.2 id,  0.0 wa,  0.0 hi,  0.4 si,  0.0 st
%Cpu(s): 10.2 us,  8.4 sy,  0.0 ni, 81.3 id,  0.0 wa,  0.0 hi,  0.0 si,  0.0 st
%Cpu(s): 12.2 us,  8.7 sy,  0.0 ni, 78.9 id,  0.1 wa,  0.0 hi,  0.1 si,  0.0 st
%Cpu(s): 10.8 us, 10.3 sy,  0.0 ni, 76.7 id,  0.0 wa,  0.0 hi,  2.2 si,  0.0 st
%Cpu(s): 11.4 us,  8.7 sy,  0.0 ni, 77.7 id,  0.0 wa,  0.0 hi,  2.2 si,  0.0 st
%Cpu(s): 12.4 us,  8.5 sy,  0.0 ni, 77.2 id,  0.0 wa,  0.0 hi,  1.8 si,  0.1 st
%Cpu(s): 11.5 us,  9.2 sy,  0.0 ni, 78.4 id,  0.0 wa,  0.0 hi,  1.0 si,  0.0 st
%Cpu(s): 11.7 us,  7.4 sy,  0.0 ni, 79.0 id,  0.0 wa,  0.0 hi,  1.9 si,  0.0 st
%Cpu(s): 11.5 us,  8.2 sy,  0.0 ni, 79.2 id,  0.0 wa,  0.0 hi,  1.1 si,  0.0 st
%Cpu(s): 12.0 us,  9.4 sy,  0.0 ni, 77.1 id,  0.0 wa,  0.0 hi,  1.5 si,  0.0 st
%Cpu(s): 11.9 us,  9.7 sy,  0.0 ni, 76.9 id,  0.0 wa,  0.0 hi,  1.5 si,  0.0 st
%Cpu(s): 11.5 us,  8.8 sy,  0.0 ni, 77.9 id,  0.0 wa,  0.0 hi,  1.8 si,  0.0 st
%Cpu(s): 11.9 us,  8.2 sy,  0.0 ni, 78.0 id,  0.1 wa,  0.0 hi,  1.8 si,  0.0 st
%Cpu(s): 11.2 us,  8.5 sy,  0.0 ni, 78.5 id,  0.0 wa,  0.0 hi,  1.8 si,  0.0 st
%Cpu(s): 12.2 us,  8.7 sy,  0.0 ni, 77.2 id,  0.0 wa,  0.0 hi,  1.9 si,  0.0 st
%Cpu(s): 10.9 us,  9.1 sy,  0.0 ni, 77.9 id,  0.0 wa,  0.0 hi,  2.1 si,  0.0 st
%Cpu(s): 11.1 us,  9.1 sy,  0.0 ni, 78.2 id,  0.0 wa,  0.0 hi,  1.6 si,  0.0 st
%Cpu(s): 11.2 us,  6.9 sy,  0.0 ni, 80.6 id,  0.1 wa,  0.0 hi,  1.2 si,  0.0 st
%Cpu(s): 10.0 us,  8.2 sy,  0.0 ni, 81.5 id,  0.0 wa,  0.0 hi,  0.3 si,  0.0 st
%Cpu(s): 11.0 us,  7.4 sy,  0.0 ni, 81.4 id,  0.0 wa,  0.0 hi,  0.3 si,  0.0 st
%Cpu(s): 10.8 us,  9.0 sy,  0.0 ni, 80.1 id,  0.0 wa,  0.0 hi,  0.1 si,  0.0 st
%Cpu(s):  8.6 us,  8.9 sy,  0.0 ni, 82.4 id,  0.0 wa,  0.0 hi,  0.1 si,  0.0 st
%Cpu(s): 10.0 us,  8.2 sy,  0.0 ni, 80.5 id,  0.0 wa,  0.0 hi,  1.3 si,  0.0 st
%Cpu(s): 10.7 us,  8.4 sy,  0.0 ni, 79.1 id,  0.0 wa,  0.0 hi,  1.8 si,  0.0 st
%Cpu(s): 12.0 us,  8.6 sy,  0.0 ni, 77.6 id,  0.0 wa,  0.0 hi,  1.9 si,  0.0 st
%Cpu(s): 11.1 us,  7.6 sy,  0.0 ni, 78.8 id,  0.0 wa,  0.0 hi,  2.5 si,  0.0 st
%Cpu(s): 25.4 us,  8.5 sy,  0.0 ni, 64.5 id,  0.0 wa,  0.0 hi,  1.6 si,  0.0 st
%Cpu(s): 11.5 us,  7.7 sy,  0.0 ni, 80.6 id,  0.0 wa,  0.0 hi,  0.3 si,  0.0 st
%Cpu(s): 10.7 us,  7.7 sy,  0.0 ni, 81.5 id,  0.0 wa,  0.0 hi,  0.0 si,  0.0 st
%Cpu(s): 10.8 us,  9.3 sy,  0.0 ni, 79.8 id,  0.0 wa,  0.0 hi,  0.0 si,  0.0 st
%Cpu(s): 10.1 us,  8.0 sy,  0.0 ni, 80.7 id,  1.2 wa,  0.0 hi,  0.0 si,  0.0 st
%Cpu(s): 10.1 us,  9.0 sy,  0.0 ni, 80.0 id,  0.0 wa,  0.0 hi,  0.9 si,  0.0 st
%Cpu(s): 11.1 us,  9.3 sy,  0.0 ni, 78.3 id,  0.0 wa,  0.0 hi,  1.3 si,  0.0 st
%Cpu(s): 11.0 us,  8.8 sy,  0.0 ni, 78.5 id,  0.0 wa,  0.0 hi,  1.7 si,  0.0 st
%Cpu(s):  9.9 us,  6.7 sy,  0.0 ni, 81.8 id,  0.0 wa,  0.0 hi,  1.7 si,  0.0 st
%Cpu(s): 12.0 us,  8.1 sy,  0.0 ni, 78.8 id,  0.0 wa,  0.0 hi,  1.0 si,  0.0 st
%Cpu(s): 10.7 us,  9.1 sy,  0.0 ni, 79.0 id,  0.0 wa,  0.0 hi,  1.3 si,  0.0 st
%Cpu(s): 11.2 us,  8.8 sy,  0.0 ni, 78.8 id,  0.0 wa,  0.0 hi,  1.1 si,  0.0 st
%Cpu(s): 10.3 us,  8.3 sy,  0.0 ni, 80.2 id,  0.0 wa,  0.0 hi,  1.1 si,  0.0 st
%Cpu(s): 11.3 us,  7.2 sy,  0.0 ni, 80.1 id,  0.0 wa,  0.0 hi,  1.4 si,  0.0 st
%Cpu(s): 10.4 us,  9.4 sy,  0.0 ni, 78.7 id,  0.0 wa,  0.0 hi,  1.5 si,  0.0 st
%Cpu(s): 11.4 us,  9.6 sy,  0.0 ni, 77.1 id,  0.0 wa,  0.0 hi,  1.9 si,  0.0 st
%Cpu(s): 12.2 us,  8.1 sy,  0.0 ni, 78.2 id,  0.0 wa,  0.0 hi,  1.5 si,  0.0 st
%Cpu(s): 11.2 us,  8.4 sy,  0.0 ni, 79.2 id,  0.0 wa,  0.0 hi,  1.3 si,  0.0 st
%Cpu(s): 10.7 us,  8.4 sy,  0.0 ni, 78.9 id,  0.0 wa,  0.0 hi,  2.0 si,  0.0 st
%Cpu(s): 10.3 us,  7.6 sy,  0.0 ni, 80.4 id,  0.0 wa,  0.0 hi,  1.8 si,  0.0 st
%Cpu(s):  9.6 us,  7.2 sy,  0.0 ni, 81.6 id,  0.0 wa,  0.0 hi,  1.6 si,  0.0 st
%Cpu(s): 10.5 us,  9.5 sy,  0.0 ni, 78.1 id,  0.1 wa,  0.0 hi,  1.8 si,  0.0 st
%Cpu(s): 11.9 us,  7.5 sy,  0.0 ni, 78.9 id,  0.0 wa,  0.0 hi,  1.8 si,  0.0 st
%Cpu(s): 10.0 us,  9.4 sy,  0.0 ni, 79.0 id,  0.0 wa,  0.0 hi,  1.5 si,  0.0 st
%Cpu(s): 12.0 us,  8.1 sy,  0.0 ni, 78.1 id,  0.0 wa,  0.0 hi,  1.8 si,  0.0 st
%Cpu(s): 11.5 us,  8.5 sy,  0.0 ni, 78.3 id,  0.0 wa,  0.0 hi,  1.6 si,  0.0 st
%Cpu(s): 12.3 us,  9.3 sy,  0.0 ni, 76.5 id,  0.0 wa,  0.0 hi,  1.9 si,  0.0 st
%Cpu(s):  9.6 us,  7.8 sy,  0.0 ni, 80.6 id,  0.0 wa,  0.0 hi,  2.0 si,  0.0 st
%Cpu(s):  9.7 us,  8.4 sy,  0.0 ni, 80.5 id,  0.0 wa,  0.0 hi,  1.3 si,  0.1 st
%Cpu(s): 11.2 us,  7.8 sy,  0.0 ni, 79.5 id,  0.0 wa,  0.0 hi,  1.5 si,  0.0 st
%Cpu(s): 11.4 us,  8.6 sy,  0.0 ni, 78.3 id,  0.0 wa,  0.0 hi,  1.8 si,  0.0 st
%Cpu(s): 11.4 us,  8.8 sy,  0.0 ni, 78.6 id,  0.0 wa,  0.0 hi,  1.3 si,  0.0 st
%Cpu(s): 11.0 us,  7.4 sy,  0.0 ni, 80.3 id,  0.0 wa,  0.0 hi,  1.3 si,  0.0 st
%Cpu(s):  9.7 us,  9.0 sy,  0.0 ni, 79.6 id,  0.0 wa,  0.0 hi,  1.6 si,  0.0 st
%Cpu(s): 11.1 us,  7.9 sy,  0.0 ni, 79.3 id,  1.2 wa,  0.0 hi,  0.5 si,  0.0 st
%Cpu(s): 10.0 us,  8.5 sy,  0.0 ni, 79.8 id,  0.0 wa,  0.0 hi,  1.7 si,  0.0 st
%Cpu(s): 10.4 us,  8.3 sy,  0.0 ni, 79.0 id,  0.0 wa,  0.0 hi,  2.3 si,  0.0 st
%Cpu(s): 10.9 us,  6.7 sy,  0.0 ni, 80.5 id,  0.0 wa,  0.0 hi,  1.9 si,  0.0 st
%Cpu(s): 10.6 us,  9.3 sy,  0.0 ni, 78.6 id,  0.0 wa,  0.0 hi,  1.5 si,  0.0 st
%Cpu(s): 11.0 us,  8.9 sy,  0.0 ni, 77.9 id,  0.0 wa,  0.0 hi,  2.1 si,  0.0 st
%Cpu(s): 11.9 us,  8.1 sy,  0.0 ni, 78.5 id,  0.0 wa,  0.0 hi,  1.5 si,  0.0 st
%Cpu(s):  9.3 us,  7.8 sy,  0.0 ni, 80.6 id,  0.1 wa,  0.0 hi,  2.1 si,  0.0 st
%Cpu(s): 10.2 us,  9.2 sy,  0.0 ni, 78.9 id,  0.0 wa,  0.0 hi,  1.7 si,  0.0 st
%Cpu(s):  9.9 us,  8.3 sy,  0.0 ni, 79.9 id,  0.0 wa,  0.0 hi,  1.9 si,  0.0 st
%Cpu(s): 10.8 us,  8.3 sy,  0.0 ni, 79.3 id,  0.0 wa,  0.0 hi,  1.6 si,  0.0 st
%Cpu(s): 10.4 us,  9.0 sy,  0.0 ni, 79.2 id,  0.0 wa,  0.0 hi,  1.4 si,  0.0 st
%Cpu(s):  9.6 us,  8.2 sy,  0.0 ni, 80.8 id,  0.1 wa,  0.0 hi,  1.3 si,  0.0 st
%Cpu(s): 11.6 us,  7.7 sy,  0.0 ni, 79.2 id,  0.0 wa,  0.0 hi,  1.5 si,  0.0 st
%Cpu(s):  8.2 us,  9.1 sy,  0.0 ni, 81.4 id,  0.0 wa,  0.0 hi,  1.3 si,  0.0 st
%Cpu(s): 10.5 us,  8.1 sy,  0.0 ni, 79.8 id,  0.0 wa,  0.0 hi,  1.6 si,  0.0 st
%Cpu(s):  9.8 us,  8.6 sy,  0.0 ni, 80.4 id,  0.0 wa,  0.0 hi,  1.3 si,  0.0 st
%Cpu(s): 10.7 us,  8.3 sy,  0.0 ni, 79.1 id,  0.0 wa,  0.0 hi,  1.9 si,  0.0 st
%Cpu(s): 10.9 us,  8.6 sy,  0.0 ni, 78.7 id,  0.0 wa,  0.0 hi,  1.8 si,  0.0 st
%Cpu(s):  9.3 us,  9.1 sy,  0.0 ni, 80.0 id,  0.0 wa,  0.0 hi,  1.6 si,  0.0 st
%Cpu(s): 12.2 us,  7.0 sy,  0.0 ni, 79.1 id,  0.0 wa,  0.0 hi,  1.8 si,  0.0 st
%Cpu(s): 11.1 us,  9.2 sy,  0.0 ni, 78.2 id,  0.0 wa,  0.0 hi,  1.4 si,  0.0 st
%Cpu(s): 11.2 us,  7.7 sy,  0.0 ni, 79.3 id,  0.0 wa,  0.0 hi,  1.8 si,  0.0 st
%Cpu(s): 10.0 us,  8.4 sy,  0.0 ni, 79.6 id,  0.0 wa,  0.0 hi,  2.0 si,  0.0 st
%Cpu(s): 10.8 us,  8.3 sy,  0.0 ni, 79.5 id,  0.0 wa,  0.0 hi,  1.4 si,  0.0 st
%Cpu(s): 10.8 us,  7.5 sy,  0.0 ni, 79.6 id,  0.0 wa,  0.0 hi,  2.0 si,  0.1 st
%Cpu(s): 10.7 us,  8.2 sy,  0.0 ni, 79.6 id,  0.1 wa,  0.0 hi,  1.4 si,  0.0 st
%Cpu(s):  9.6 us,  8.5 sy,  0.0 ni, 79.6 id,  0.0 wa,  0.0 hi,  2.3 si,  0.0 st
%Cpu(s):  9.6 us,  9.0 sy,  0.0 ni, 79.4 id,  0.0 wa,  0.0 hi,  1.9 si,  0.0 st
%Cpu(s): 11.6 us,  8.0 sy,  0.0 ni, 78.9 id,  0.0 wa,  0.0 hi,  1.5 si,  0.0 st
%Cpu(s):  9.7 us,  8.0 sy,  0.0 ni, 79.7 id,  0.8 wa,  0.0 hi,  1.8 si,  0.0 st
%Cpu(s): 11.0 us,  8.1 sy,  0.0 ni, 79.8 id,  0.0 wa,  0.0 hi,  1.1 si,  0.0 st
%Cpu(s): 10.3 us,  8.1 sy,  0.0 ni, 79.8 id,  0.0 wa,  0.0 hi,  1.8 si,  0.0 st
%Cpu(s): 11.4 us,  7.7 sy,  0.0 ni, 79.1 id,  0.0 wa,  0.0 hi,  1.8 si,  0.0 st
%Cpu(s):  9.7 us,  8.4 sy,  0.0 ni, 80.3 id,  0.0 wa,  0.0 hi,  1.5 si,  0.0 st
%Cpu(s):  9.1 us,  8.4 sy,  0.0 ni, 80.5 id,  0.0 wa,  0.0 hi,  2.0 si,  0.0 st
%Cpu(s):  9.4 us,  8.2 sy,  0.0 ni, 80.9 id,  0.0 wa,  0.0 hi,  1.5 si,  0.0 st
%Cpu(s):  9.7 us,  8.6 sy,  0.0 ni, 80.1 id,  0.1 wa,  0.0 hi,  1.5 si,  0.0 st
%Cpu(s):  9.7 us,  7.3 sy,  0.0 ni, 81.7 id,  0.0 wa,  0.0 hi,  1.3 si,  0.0 st
%Cpu(s): 10.9 us,  9.0 sy,  0.0 ni, 78.5 id,  0.0 wa,  0.0 hi,  1.6 si,  0.0 st
%Cpu(s): 10.5 us,  7.5 sy,  0.0 ni, 80.1 id,  0.0 wa,  0.0 hi,  1.9 si,  0.0 st
%Cpu(s): 10.4 us,  8.3 sy,  0.0 ni, 79.5 id,  0.0 wa,  0.0 hi,  1.7 si,  0.0 st
%Cpu(s):  9.0 us,  9.0 sy,  0.0 ni, 80.3 id,  0.0 wa,  0.0 hi,  1.8 si,  0.0 st
%Cpu(s):  9.9 us,  7.1 sy,  0.0 ni, 81.5 id,  0.0 wa,  0.0 hi,  1.5 si,  0.0 st
%Cpu(s): 10.8 us,  7.4 sy,  0.0 ni, 79.5 id,  0.0 wa,  0.0 hi,  2.3 si,  0.0 st
%Cpu(s):  9.4 us,  9.1 sy,  0.0 ni, 79.7 id,  0.0 wa,  0.0 hi,  1.9 si,  0.0 st
%Cpu(s): 11.0 us,  7.6 sy,  0.0 ni, 79.2 id,  0.0 wa,  0.0 hi,  2.1 si,  0.0 st
%Cpu(s):  9.5 us,  8.0 sy,  0.0 ni, 80.6 id,  0.0 wa,  0.0 hi,  1.9 si,  0.0 st
%Cpu(s): 10.2 us,  7.8 sy,  0.0 ni, 79.8 id,  0.0 wa,  0.0 hi,  2.1 si,  0.0 st
%Cpu(s): 10.6 us,  8.1 sy,  0.0 ni, 79.5 id,  0.0 wa,  0.0 hi,  1.8 si,  0.0 st
%Cpu(s): 10.4 us,  7.5 sy,  0.0 ni, 79.9 id,  0.0 wa,  0.0 hi,  2.1 si,  0.0 st
%Cpu(s): 11.4 us,  8.2 sy,  0.0 ni, 79.2 id,  0.0 wa,  0.0 hi,  1.1 si,  0.0 st
%Cpu(s):  7.4 us,  5.7 sy,  0.0 ni, 85.6 id,  0.0 wa,  0.0 hi,  1.3 si,  0.0 st
%Cpu(s):  6.0 us,  6.5 sy,  0.0 ni, 86.4 id,  0.0 wa,  0.0 hi,  1.1 si,  0.0 st
%Cpu(s):  6.1 us,  5.6 sy,  0.0 ni, 86.9 id,  0.0 wa,  0.0 hi,  1.4 si,  0.0 st
%Cpu(s):  6.3 us,  6.1 sy,  0.0 ni, 86.2 id,  0.0 wa,  0.0 hi,  1.4 si,  0.0 st
%Cpu(s):  6.1 us,  5.8 sy,  0.0 ni, 87.0 id,  0.0 wa,  0.0 hi,  1.1 si,  0.0 st
%Cpu(s):  6.3 us,  6.9 sy,  0.0 ni, 86.1 id,  0.0 wa,  0.0 hi,  0.6 si,  0.0 st
%Cpu(s):  6.1 us,  5.9 sy,  0.0 ni, 86.7 id,  0.0 wa,  0.0 hi,  1.3 si,  0.0 st
%Cpu(s):  6.0 us,  5.9 sy,  0.0 ni, 87.3 id,  0.0 wa,  0.0 hi,  0.8 si,  0.0 st
%Cpu(s):  6.4 us,  5.6 sy,  0.0 ni, 86.6 id,  0.3 wa,  0.0 hi,  1.1 si,  0.0 st
%Cpu(s):  6.5 us,  4.9 sy,  0.0 ni, 87.3 id,  0.0 wa,  0.0 hi,  1.3 si,  0.0 st
%Cpu(s):  5.5 us,  6.3 sy,  0.0 ni, 86.9 id,  0.0 wa,  0.0 hi,  1.4 si,  0.0 st
%Cpu(s):  5.5 us,  5.5 sy,  0.0 ni, 87.8 id,  0.0 wa,  0.0 hi,  1.2 si,  0.0 st
%Cpu(s):  5.2 us,  4.5 sy,  0.0 ni, 89.2 id,  0.0 wa,  0.0 hi,  1.0 si,  0.0 st
%Cpu(s):  4.6 us,  5.5 sy,  0.0 ni, 89.1 id,  0.0 wa,  0.0 hi,  0.7 si,  0.1 st
%Cpu(s):  5.2 us,  5.6 sy,  0.0 ni, 88.0 id,  0.0 wa,  0.0 hi,  1.2 si,  0.0 st
%Cpu(s):  6.5 us,  4.7 sy,  0.0 ni, 87.7 id,  0.0 wa,  0.0 hi,  1.1 si,  0.0 st
%Cpu(s):  5.0 us,  4.6 sy,  0.0 ni, 89.2 id,  0.0 wa,  0.0 hi,  1.2 si,  0.0 st
%Cpu(s):  4.0 us,  5.4 sy,  0.0 ni, 89.6 id,  0.0 wa,  0.0 hi,  1.0 si,  0.0 st
%Cpu(s):  5.1 us,  4.6 sy,  0.0 ni, 89.2 id,  0.0 wa,  0.0 hi,  1.0 si,  0.0 st
%Cpu(s):  4.7 us,  5.7 sy,  0.0 ni, 88.6 id,  0.0 wa,  0.0 hi,  1.0 si,  0.0 st
%Cpu(s):  5.7 us,  4.7 sy,  0.0 ni, 88.4 id,  0.0 wa,  0.0 hi,  1.2 si,  0.0 st
%Cpu(s):  5.1 us,  4.5 sy,  0.0 ni, 89.4 id,  0.0 wa,  0.0 hi,  1.0 si,  0.0 st
%Cpu(s):  4.7 us,  4.8 sy,  0.0 ni, 89.2 id,  0.0 wa,  0.0 hi,  1.2 si,  0.0 st
%Cpu(s):  4.2 us,  5.4 sy,  0.0 ni, 89.7 id,  0.0 wa,  0.0 hi,  0.7 si,  0.0 st
%Cpu(s):  5.0 us,  4.4 sy,  0.0 ni, 89.4 id,  0.1 wa,  0.0 hi,  1.1 si,  0.0 st
%Cpu(s):  5.4 us,  4.4 sy,  0.0 ni, 89.1 id,  0.0 wa,  0.0 hi,  1.1 si,  0.0 st
%Cpu(s):  5.5 us,  3.9 sy,  0.0 ni, 89.2 id,  0.0 wa,  0.0 hi,  1.4 si,  0.0 st
%Cpu(s):  5.3 us,  4.6 sy,  0.0 ni, 88.9 id,  0.0 wa,  0.0 hi,  1.1 si,  0.0 st
%Cpu(s):  5.2 us,  4.8 sy,  0.0 ni, 88.9 id,  0.0 wa,  0.0 hi,  1.1 si,  0.0 st
%Cpu(s):  5.9 us,  4.5 sy,  0.0 ni, 88.3 id,  0.0 wa,  0.0 hi,  1.3 si,  0.0 st
%Cpu(s):  6.6 us,  5.9 sy,  0.0 ni, 86.0 id,  0.0 wa,  0.0 hi,  1.5 si,  0.0 st
%Cpu(s):  6.3 us,  4.9 sy,  0.0 ni, 87.6 id,  0.0 wa,  0.0 hi,  1.3 si,  0.0 st
%Cpu(s):  5.9 us,  4.8 sy,  0.0 ni, 87.9 id,  0.0 wa,  0.0 hi,  1.4 si,  0.0 st
%Cpu(s):  5.2 us,  4.7 sy,  0.0 ni, 89.1 id,  0.0 wa,  0.0 hi,  1.0 si,  0.0 st
%Cpu(s):  4.4 us,  3.7 sy,  0.0 ni, 91.3 id,  0.0 wa,  0.0 hi,  0.5 si,  0.1 st
%Cpu(s):  3.5 us,  4.2 sy,  0.0 ni, 91.6 id,  0.0 wa,  0.0 hi,  0.6 si,  0.0 st
%Cpu(s):  2.9 us,  3.1 sy,  0.0 ni, 93.5 id,  0.0 wa,  0.0 hi,  0.5 si,  0.0 st
%Cpu(s):  2.5 us,  2.6 sy,  0.0 ni, 94.6 id,  0.0 wa,  0.0 hi,  0.2 si,  0.0 st
%Cpu(s):  2.0 us,  1.6 sy,  0.0 ni, 96.0 id,  0.0 wa,  0.0 hi,  0.4 si,  0.0 st
%Cpu(s):  1.8 us,  1.5 sy,  0.0 ni, 96.5 id,  0.1 wa,  0.0 hi,  0.1 si,  0.0 st
%Cpu(s):  1.9 us,  1.0 sy,  0.0 ni, 96.6 id,  0.0 wa,  0.0 hi,  0.4 si,  0.1 st
%Cpu(s):  1.4 us,  2.5 sy,  0.0 ni, 95.9 id,  0.0 wa,  0.0 hi,  0.2 si,  0.0 st
