%Cpu(s):  1.6 us,  0.7 sy,  0.0 ni, 97.5 id,  0.0 wa,  0.0 hi,  0.1 si,  0.1 st
%Cpu(s): 23.1 us,  1.1 sy,  0.0 ni, 75.6 id,  0.0 wa,  0.0 hi,  0.0 si,  0.1 st
%Cpu(s):  0.5 us,  0.2 sy,  0.0 ni, 99.3 id,  0.0 wa,  0.0 hi,  0.0 si,  0.0 st
%Cpu(s):  0.1 us,  0.1 sy,  0.0 ni, 99.8 id,  0.0 wa,  0.0 hi,  0.0 si,  0.0 st
%Cpu(s): 26.7 us,  2.6 sy,  0.0 ni, 70.7 id,  0.0 wa,  0.0 hi,  0.0 si,  0.0 st
%Cpu(s): 51.6 us,  2.5 sy,  0.0 ni, 45.6 id,  0.0 wa,  0.0 hi,  0.0 si,  0.3 st
%Cpu(s): 68.0 us,  2.2 sy,  0.0 ni, 29.7 id,  0.0 wa,  0.0 hi,  0.1 si,  0.0 st
%Cpu(s): 60.1 us,  1.1 sy,  0.0 ni, 38.6 id,  0.0 wa,  0.0 hi,  0.0 si,  0.1 st
%Cpu(s): 18.1 us,  1.1 sy,  0.0 ni, 80.5 id,  0.1 wa,  0.0 hi,  0.1 si,  0.0 st
%Cpu(s): 25.4 us,  2.4 sy,  0.0 ni, 71.1 id,  0.0 wa,  0.0 hi,  0.9 si,  0.3 st
%Cpu(s): 21.4 us,  3.4 sy,  0.0 ni, 74.6 id,  0.0 wa,  0.0 hi,  0.6 si,  0.0 st
%Cpu(s): 33.5 us,  3.0 sy,  0.0 ni, 62.5 id,  0.0 wa,  0.0 hi,  0.8 si,  0.1 st
%Cpu(s): 10.9 us,  4.4 sy,  0.0 ni, 83.8 id,  0.0 wa,  0.0 hi,  0.9 si,  0.0 st
%Cpu(s):  7.5 us,  4.1 sy,  0.0 ni, 87.7 id,  0.0 wa,  0.0 hi,  0.8 si,  0.0 st
%Cpu(s):  9.7 us,  3.4 sy,  0.0 ni, 86.2 id,  0.0 wa,  0.0 hi,  0.6 si,  0.0 st
%Cpu(s):  7.4 us,  3.3 sy,  0.0 ni, 88.5 id,  0.0 wa,  0.0 hi,  0.6 si,  0.1 st
%Cpu(s): 19.6 us,  4.0 sy,  0.0 ni, 75.8 id,  0.0 wa,  0.0 hi,  0.6 si,  0.0 st
%Cpu(s): 11.7 us,  3.7 sy,  0.0 ni, 83.9 id,  0.0 wa,  0.0 hi,  0.8 si,  0.0 st
%Cpu(s): 26.0 us,  4.8 sy,  0.0 ni, 67.8 id,  0.0 wa,  0.0 hi,  1.4 si,  0.0 st
%Cpu(s): 14.1 us,  4.2 sy,  0.0 ni, 80.2 id,  0.0 wa,  0.0 hi,  1.5 si,  0.0 st
%Cpu(s): 16.4 us,  4.5 sy,  0.0 ni, 76.8 id,  0.0 wa,  0.0 hi,  2.1 si,  0.1 st
%Cpu(s): 13.7 us,  5.4 sy,  0.0 ni, 78.4 id,  0.0 wa,  0.0 hi,  2.5 si,  0.0 st
%Cpu(s): 19.2 us,  6.5 sy,  0.0 ni, 72.1 id,  0.0 wa,  0.0 hi,  2.1 si,  0.1 st
%Cpu(s): 16.7 us,  5.7 sy,  0.0 ni, 75.4 id,  0.0 wa,  0.0 hi,  2.2 si,  0.0 st
%Cpu(s): 13.7 us,  5.9 sy,  0.0 ni, 77.9 id,  0.0 wa,  0.0 hi,  2.4 si,  0.1 st
%Cpu(s):  9.1 us,  5.6 sy,  0.0 ni, 83.2 id,  0.0 wa,  0.0 hi,  2.0 si,  0.0 st
%Cpu(s): 13.1 us,  5.0 sy,  0.0 ni, 79.1 id,  0.0 wa,  0.0 hi,  2.8 si,  0.0 st
%Cpu(s): 20.0 us,  5.1 sy,  0.0 ni, 72.8 id,  0.0 wa,  0.0 hi,  2.2 si,  0.0 st
%Cpu(s): 11.5 us,  5.2 sy,  0.0 ni, 81.0 id,  0.0 wa,  0.0 hi,  2.3 si,  0.0 st
%Cpu(s): 10.1 us,  5.1 sy,  0.0 ni, 82.9 id,  0.0 wa,  0.0 hi,  1.9 si,  0.0 st
%Cpu(s):  8.5 us,  4.2 sy,  0.0 ni, 85.9 id,  0.0 wa,  0.0 hi,  1.3 si,  0.1 st
%Cpu(s): 20.2 us,  5.7 sy,  0.0 ni, 72.3 id,  0.0 wa,  0.0 hi,  1.8 si,  0.0 st
%Cpu(s): 15.2 us,  5.3 sy,  0.0 ni, 77.1 id,  0.0 wa,  0.0 hi,  2.3 si,  0.1 st
%Cpu(s):  8.6 us,  6.6 sy,  0.0 ni, 82.7 id,  0.0 wa,  0.0 hi,  2.0 si,  0.0 st
%Cpu(s):  9.2 us,  6.1 sy,  0.0 ni, 82.6 id,  0.0 wa,  0.0 hi,  2.2 si,  0.0 st
%Cpu(s): 13.3 us,  6.0 sy,  0.0 ni, 77.9 id,  0.0 wa,  0.0 hi,  2.8 si,  0.0 st
%Cpu(s): 20.9 us,  6.6 sy,  0.0 ni, 69.9 id,  0.0 wa,  0.0 hi,  2.6 si,  0.0 st
%Cpu(s): 12.9 us,  5.4 sy,  0.0 ni, 79.8 id,  0.0 wa,  0.0 hi,  1.6 si,  0.1 st
%Cpu(s):  9.4 us,  5.4 sy,  0.0 ni, 83.2 id,  0.0 wa,  0.0 hi,  2.0 si,  0.0 st
%Cpu(s):  7.7 us,  6.4 sy,  0.0 ni, 84.0 id,  0.1 wa,  0.0 hi,  1.8 si,  0.0 st
%Cpu(s): 17.4 us,  5.9 sy,  0.0 ni, 75.1 id,  0.0 wa,  0.0 hi,  1.6 si,  0.0 st
%Cpu(s): 15.1 us,  5.5 sy,  0.0 ni, 77.7 id,  0.0 wa,  0.0 hi,  1.6 si,  0.0 st
%Cpu(s):  8.0 us,  5.6 sy,  0.0 ni, 85.1 id,  0.0 wa,  0.0 hi,  1.3 si,  0.1 st
%Cpu(s):  8.8 us,  4.7 sy,  0.0 ni, 84.9 id,  0.0 wa,  0.0 hi,  1.6 si,  0.0 st
%Cpu(s): 12.8 us,  5.2 sy,  0.0 ni, 80.6 id,  0.0 wa,  0.0 hi,  1.4 si,  0.0 st
%Cpu(s): 19.5 us,  4.4 sy,  0.0 ni, 73.3 id,  0.0 wa,  0.0 hi,  2.8 si,  0.0 st
%Cpu(s): 11.8 us,  5.4 sy,  0.0 ni, 81.1 id,  0.0 wa,  0.0 hi,  1.5 si,  0.1 st
%Cpu(s):  9.4 us,  5.7 sy,  0.0 ni, 83.4 id,  0.0 wa,  0.0 hi,  1.4 si,  0.1 st
%Cpu(s):  8.3 us,  5.3 sy,  0.0 ni, 84.5 id,  0.0 wa,  0.0 hi,  1.9 si,  0.0 st
%Cpu(s): 19.0 us,  5.3 sy,  0.0 ni, 74.2 id,  0.0 wa,  0.0 hi,  1.5 si,  0.0 st
%Cpu(s): 13.6 us,  5.0 sy,  0.0 ni, 79.8 id,  0.0 wa,  0.0 hi,  1.6 si,  0.0 st
%Cpu(s):  8.5 us,  5.1 sy,  0.0 ni, 84.7 id,  0.0 wa,  0.0 hi,  1.8 si,  0.0 st
%Cpu(s):  7.7 us,  4.5 sy,  0.0 ni, 85.9 id,  0.0 wa,  0.0 hi,  1.9 si,  0.0 st
%Cpu(s):  8.6 us,  5.5 sy,  0.0 ni, 84.6 id,  0.0 wa,  0.0 hi,  1.3 si,  0.0 st
%Cpu(s): 17.7 us,  6.4 sy,  0.0 ni, 74.3 id,  0.1 wa,  0.0 hi,  1.5 si,  0.0 st
%Cpu(s): 13.2 us,  4.6 sy,  0.0 ni, 81.1 id,  0.0 wa,  0.0 hi,  1.1 si,  0.0 st
%Cpu(s):  7.8 us,  4.5 sy,  0.0 ni, 86.1 id,  0.0 wa,  0.0 hi,  1.6 si,  0.0 st
%Cpu(s):  8.5 us,  6.1 sy,  0.0 ni, 84.0 id,  0.0 wa,  0.0 hi,  1.2 si,  0.1 st
%Cpu(s):  8.7 us,  5.3 sy,  0.0 ni, 84.5 id,  0.0 wa,  0.0 hi,  1.5 si,  0.0 st
%Cpu(s): 20.4 us,  6.4 sy,  0.0 ni, 71.8 id,  0.0 wa,  0.0 hi,  1.2 si,  0.1 st
%Cpu(s): 10.2 us,  5.7 sy,  0.0 ni, 82.8 id,  0.0 wa,  0.0 hi,  1.3 si,  0.0 st
%Cpu(s):  8.5 us,  4.9 sy,  0.0 ni, 84.5 id,  0.0 wa,  0.0 hi,  2.0 si,  0.0 st
%Cpu(s):  9.6 us,  5.4 sy,  0.0 ni, 83.0 id,  0.0 wa,  0.0 hi,  1.9 si,  0.1 st
%Cpu(s): 10.4 us,  5.3 sy,  0.0 ni, 82.7 id,  0.0 wa,  0.0 hi,  1.4 si,  0.1 st
%Cpu(s): 19.5 us,  6.1 sy,  0.0 ni, 72.1 id,  0.1 wa,  0.0 hi,  2.2 si,  0.0 st
%Cpu(s):  8.1 us,  4.7 sy,  0.0 ni, 85.6 id,  0.0 wa,  0.0 hi,  1.4 si,  0.1 st
%Cpu(s):  6.4 us,  5.0 sy,  0.0 ni, 87.0 id,  0.0 wa,  0.0 hi,  1.5 si,  0.0 st
%Cpu(s):  7.8 us,  5.4 sy,  0.0 ni, 85.2 id,  0.0 wa,  0.0 hi,  1.6 si,  0.0 st
%Cpu(s): 13.6 us,  4.9 sy,  0.0 ni, 80.2 id,  0.0 wa,  0.0 hi,  1.3 si,  0.1 st
%Cpu(s): 15.5 us,  5.9 sy,  0.0 ni, 76.8 id,  0.0 wa,  0.0 hi,  1.8 si,  0.0 st
%Cpu(s): 14.1 us,  5.0 sy,  0.0 ni, 79.5 id,  0.0 wa,  0.0 hi,  1.5 si,  0.0 st
%Cpu(s):  6.6 us,  4.2 sy,  0.0 ni, 88.5 id,  0.0 wa,  0.0 hi,  0.6 si,  0.0 st
%Cpu(s): 12.6 us,  3.0 sy,  0.0 ni, 83.6 id,  0.0 wa,  0.0 hi,  0.5 si,  0.3 st
%Cpu(s):  4.6 us,  3.3 sy,  0.0 ni, 91.6 id,  0.0 wa,  0.0 hi,  0.4 si,  0.1 st
%Cpu(s):  6.4 us,  3.5 sy,  0.0 ni, 89.0 id,  0.0 wa,  0.0 hi,  0.6 si,  0.4 st
