%Cpu(s):  1.3 us,  0.6 sy,  0.0 ni, 98.0 id,  0.0 wa,  0.0 hi,  0.1 si,  0.0 st
%Cpu(s):  0.1 us,  0.1 sy,  0.0 ni, 99.8 id,  0.0 wa,  0.0 hi,  0.0 si,  0.0 st
%Cpu(s):  0.2 us,  0.0 sy,  0.0 ni, 99.8 id,  0.0 wa,  0.0 hi,  0.0 si,  0.0 st
%Cpu(s):  0.1 us,  0.1 sy,  0.0 ni, 99.8 id,  0.0 wa,  0.0 hi,  0.0 si,  0.0 st
%Cpu(s):  0.0 us,  0.1 sy,  0.0 ni, 99.9 id,  0.0 wa,  0.0 hi,  0.0 si,  0.0 st
%Cpu(s):  0.1 us,  0.1 sy,  0.0 ni, 99.8 id,  0.0 wa,  0.0 hi,  0.0 si,  0.0 st
%Cpu(s):  0.1 us,  0.1 sy,  0.0 ni, 99.9 id,  0.0 wa,  0.0 hi,  0.0 si,  0.0 st
%Cpu(s):  6.8 us,  0.4 sy,  0.0 ni, 92.7 id,  0.0 wa,  0.0 hi,  0.1 si,  0.0 st
%Cpu(s):  7.8 us,  0.7 sy,  0.0 ni, 91.4 id,  0.0 wa,  0.0 hi,  0.1 si,  0.1 st
%Cpu(s):  2.5 us,  0.6 sy,  0.0 ni, 96.9 id,  0.0 wa,  0.0 hi,  0.1 si,  0.0 st
%Cpu(s):  2.2 us,  0.4 sy,  0.0 ni, 97.5 id,  0.0 wa,  0.0 hi,  0.0 si,  0.0 st
%Cpu(s):  1.6 us,  0.2 sy,  0.0 ni, 98.1 id,  0.0 wa,  0.0 hi,  0.0 si,  0.1 st
%Cpu(s):  3.7 us,  0.1 sy,  0.0 ni, 96.1 id,  0.0 wa,  0.0 hi,  0.1 si,  0.0 st
%Cpu(s):  1.2 us,  0.2 sy,  0.0 ni, 98.6 id,  0.0 wa,  0.0 hi,  0.1 si,  0.0 st
%Cpu(s):  4.0 us,  0.2 sy,  0.0 ni, 95.7 id,  0.0 wa,  0.0 hi,  0.0 si,  0.1 st
%Cpu(s): 22.3 us,  2.4 sy,  0.0 ni, 74.8 id,  0.1 wa,  0.0 hi,  0.3 si,  0.1 st
%Cpu(s): 41.0 us,  3.7 sy,  0.0 ni, 54.6 id,  0.0 wa,  0.0 hi,  0.6 si,  0.1 st
%Cpu(s): 31.8 us,  5.0 sy,  0.0 ni, 62.3 id,  0.0 wa,  0.0 hi,  0.9 si,  0.0 st
%Cpu(s): 20.8 us,  5.1 sy,  0.0 ni, 73.5 id,  0.0 wa,  0.0 hi,  0.5 si,  0.1 st
%Cpu(s): 11.6 us,  4.6 sy,  0.0 ni, 83.7 id,  0.0 wa,  0.0 hi,  0.0 si,  0.1 st
%Cpu(s): 18.6 us,  5.5 sy,  0.0 ni, 75.8 id,  0.0 wa,  0.0 hi,  0.1 si,  0.0 st
%Cpu(s): 19.4 us,  5.9 sy,  0.0 ni, 74.5 id,  0.0 wa,  0.0 hi,  0.1 si,  0.0 st
%Cpu(s):  8.5 us,  6.5 sy,  0.0 ni, 84.9 id,  0.0 wa,  0.0 hi,  0.1 si,  0.0 st
%Cpu(s):  8.2 us,  6.7 sy,  0.0 ni, 85.0 id,  0.0 wa,  0.0 hi,  0.1 si,  0.0 st
%Cpu(s):  7.2 us,  6.7 sy,  0.0 ni, 85.8 id,  0.0 wa,  0.0 hi,  0.3 si,  0.0 st
%Cpu(s):  7.7 us,  6.4 sy,  0.0 ni, 85.1 id,  0.0 wa,  0.0 hi,  0.6 si,  0.1 st
%Cpu(s):  9.8 us,  5.4 sy,  0.0 ni, 84.0 id,  0.0 wa,  0.0 hi,  0.8 si,  0.0 st
%Cpu(s):  7.6 us,  5.5 sy,  0.0 ni, 85.9 id,  0.0 wa,  0.0 hi,  1.0 si,  0.0 st
%Cpu(s):  8.1 us,  5.7 sy,  0.0 ni, 85.6 id,  0.0 wa,  0.0 hi,  0.7 si,  0.0 st
%Cpu(s):  7.7 us,  5.7 sy,  0.0 ni, 85.6 id,  0.0 wa,  0.0 hi,  1.1 si,  0.1 st
%Cpu(s):  9.0 us,  5.4 sy,  0.0 ni, 84.8 id,  0.0 wa,  0.0 hi,  0.9 si,  0.0 st
%Cpu(s):  8.4 us,  6.3 sy,  0.0 ni, 84.4 id,  0.0 wa,  0.0 hi,  0.8 si,  0.1 st
%Cpu(s):  8.7 us,  5.3 sy,  0.0 ni, 85.0 id,  0.0 wa,  0.0 hi,  1.0 si,  0.1 st
%Cpu(s):  8.3 us,  5.2 sy,  0.0 ni, 86.0 id,  0.0 wa,  0.0 hi,  0.6 si,  0.0 st
%Cpu(s):  8.4 us,  5.4 sy,  0.0 ni, 85.4 id,  0.0 wa,  0.0 hi,  0.7 si,  0.1 st
%Cpu(s):  8.4 us,  5.2 sy,  0.0 ni, 85.5 id,  0.0 wa,  0.0 hi,  0.9 si,  0.0 st
%Cpu(s):  8.7 us,  6.2 sy,  0.0 ni, 84.2 id,  0.0 wa,  0.0 hi,  0.9 si,  0.0 st
%Cpu(s):  8.1 us,  4.9 sy,  0.0 ni, 85.9 id,  0.0 wa,  0.0 hi,  1.0 si,  0.1 st
%Cpu(s):  9.3 us,  5.4 sy,  0.0 ni, 84.5 id,  0.0 wa,  0.0 hi,  0.8 si,  0.0 st
%Cpu(s):  9.0 us,  5.6 sy,  0.0 ni, 83.9 id,  0.0 wa,  0.0 hi,  1.4 si,  0.1 st
%Cpu(s):  8.9 us,  5.8 sy,  0.0 ni, 84.2 id,  0.0 wa,  0.0 hi,  0.9 si,  0.1 st
%Cpu(s):  8.9 us,  5.5 sy,  0.0 ni, 84.4 id,  0.0 wa,  0.0 hi,  1.2 si,  0.0 st
%Cpu(s):  8.4 us,  6.0 sy,  0.0 ni, 84.5 id,  0.0 wa,  0.0 hi,  1.0 si,  0.1 st
%Cpu(s):  8.9 us,  6.1 sy,  0.0 ni, 83.9 id,  0.0 wa,  0.0 hi,  1.0 si,  0.1 st
%Cpu(s):  9.3 us,  5.6 sy,  0.0 ni, 84.0 id,  0.0 wa,  0.0 hi,  0.9 si,  0.3 st
%Cpu(s):  8.6 us,  6.0 sy,  0.0 ni, 84.3 id,  0.0 wa,  0.0 hi,  1.1 si,  0.0 st
%Cpu(s):  8.3 us,  5.2 sy,  0.0 ni, 85.7 id,  0.0 wa,  0.0 hi,  0.8 si,  0.0 st
%Cpu(s):  8.4 us,  5.9 sy,  0.0 ni, 84.5 id,  0.0 wa,  0.0 hi,  1.1 si,  0.1 st
%Cpu(s):  7.9 us,  5.5 sy,  0.0 ni, 85.6 id,  0.0 wa,  0.0 hi,  1.0 si,  0.0 st
%Cpu(s):  8.6 us,  5.3 sy,  0.0 ni, 85.3 id,  0.0 wa,  0.0 hi,  0.7 si,  0.1 st
%Cpu(s):  9.1 us,  5.1 sy,  0.0 ni, 85.6 id,  0.0 wa,  0.0 hi,  0.3 si,  0.0 st
%Cpu(s):  8.2 us,  5.7 sy,  0.0 ni, 86.0 id,  0.0 wa,  0.0 hi,  0.1 si,  0.1 st
%Cpu(s):  9.0 us,  5.2 sy,  0.0 ni, 85.6 id,  0.0 wa,  0.0 hi,  0.1 si,  0.1 st
%Cpu(s):  9.4 us,  5.6 sy,  0.0 ni, 84.7 id,  0.0 wa,  0.0 hi,  0.2 si,  0.1 st
%Cpu(s):  8.1 us,  5.5 sy,  0.0 ni, 86.3 id,  0.0 wa,  0.0 hi,  0.1 si,  0.0 st
%Cpu(s):  8.1 us,  5.8 sy,  0.0 ni, 85.9 id,  0.0 wa,  0.0 hi,  0.3 si,  0.0 st
%Cpu(s):  8.6 us,  4.9 sy,  0.0 ni, 86.2 id,  0.0 wa,  0.0 hi,  0.2 si,  0.1 st
%Cpu(s):  8.9 us,  5.9 sy,  0.0 ni, 84.9 id,  0.0 wa,  0.0 hi,  0.3 si,  0.0 st
%Cpu(s):  8.9 us,  5.1 sy,  0.0 ni, 85.8 id,  0.0 wa,  0.0 hi,  0.2 si,  0.0 st
%Cpu(s):  8.2 us,  5.5 sy,  0.0 ni, 86.0 id,  0.0 wa,  0.0 hi,  0.3 si,  0.0 st
%Cpu(s):  8.1 us,  5.6 sy,  0.0 ni, 86.1 id,  0.0 wa,  0.0 hi,  0.1 si,  0.1 st
%Cpu(s):  8.9 us,  5.1 sy,  0.0 ni, 85.8 id,  0.0 wa,  0.0 hi,  0.1 si,  0.1 st
%Cpu(s):  8.4 us,  6.4 sy,  0.0 ni, 85.0 id,  0.0 wa,  0.0 hi,  0.2 si,  0.0 st
%Cpu(s):  8.2 us,  6.0 sy,  0.0 ni, 85.4 id,  0.0 wa,  0.0 hi,  0.4 si,  0.1 st
%Cpu(s):  8.7 us,  5.9 sy,  0.0 ni, 85.3 id,  0.0 wa,  0.0 hi,  0.0 si,  0.1 st
%Cpu(s):  8.3 us,  5.7 sy,  0.0 ni, 85.8 id,  0.0 wa,  0.0 hi,  0.1 si,  0.1 st
%Cpu(s):  9.6 us,  5.6 sy,  0.0 ni, 84.9 id,  0.0 wa,  0.0 hi,  0.0 si,  0.0 st
%Cpu(s):  9.0 us,  5.3 sy,  0.0 ni, 85.6 id,  0.0 wa,  0.0 hi,  0.1 si,  0.0 st
%Cpu(s):  7.5 us,  5.3 sy,  0.0 ni, 87.0 id,  0.1 wa,  0.0 hi,  0.2 si,  0.0 st
%Cpu(s):  9.0 us,  5.4 sy,  0.0 ni, 85.3 id,  0.0 wa,  0.0 hi,  0.2 si,  0.1 st
%Cpu(s):  9.9 us,  4.3 sy,  0.0 ni, 85.5 id,  0.0 wa,  0.0 hi,  0.3 si,  0.1 st
%Cpu(s):  1.2 us,  0.8 sy,  0.0 ni, 97.9 id,  0.0 wa,  0.0 hi,  0.1 si,  0.0 st
%Cpu(s):  0.2 us,  0.1 sy,  0.0 ni, 99.6 id,  0.0 wa,  0.0 hi,  0.0 si,  0.0 st
%Cpu(s):  0.1 us,  0.1 sy,  0.0 ni, 99.8 id,  0.0 wa,  0.0 hi,  0.0 si,  0.0 st
%Cpu(s):  0.3 us,  0.2 sy,  0.0 ni, 99.4 id,  0.0 wa,  0.0 hi,  0.0 si,  0.1 st
%Cpu(s):  0.2 us,  0.3 sy,  0.0 ni, 99.4 id,  0.0 wa,  0.0 hi,  0.0 si,  0.0 st
