%Cpu(s):  1.3 us,  0.4 sy,  0.0 ni, 98.2 id,  0.0 wa,  0.0 hi,  0.1 si,  0.0 st
%Cpu(s):  1.5 us,  0.5 sy,  0.0 ni, 98.0 id,  0.0 wa,  0.0 hi,  0.0 si,  0.0 st
%Cpu(s):  1.0 us,  0.5 sy,  0.0 ni, 98.5 id,  0.0 wa,  0.0 hi,  0.0 si,  0.0 st
%Cpu(s):  0.0 us,  0.0 sy,  0.0 ni,100.0 id,  0.0 wa,  0.0 hi,  0.0 si,  0.0 st
%Cpu(s):  1.0 us,  0.5 sy,  0.0 ni, 98.5 id,  0.0 wa,  0.0 hi,  0.0 si,  0.0 st
%Cpu(s):  1.5 us,  1.0 sy,  0.0 ni, 97.5 id,  0.0 wa,  0.0 hi,  0.0 si,  0.0 st
%Cpu(s):  1.0 us,  0.0 sy,  0.0 ni, 99.0 id,  0.0 wa,  0.0 hi,  0.0 si,  0.0 st
%Cpu(s):  0.5 us,  1.0 sy,  0.0 ni, 98.0 id,  0.0 wa,  0.0 hi,  0.0 si,  0.5 st
%Cpu(s):  2.5 us,  0.0 sy,  0.0 ni, 97.5 id,  0.0 wa,  0.0 hi,  0.0 si,  0.0 st
%Cpu(s): 43.1 us,  2.5 sy,  0.0 ni, 54.0 id,  0.0 wa,  0.0 hi,  0.5 si,  0.0 st
%Cpu(s): 17.0 us,  0.5 sy,  0.0 ni, 82.5 id,  0.0 wa,  0.0 hi,  0.0 si,  0.0 st
%Cpu(s): 56.8 us,  3.5 sy,  0.0 ni, 38.7 id,  0.5 wa,  0.0 hi,  0.5 si,  0.0 st
%Cpu(s): 86.5 us, 12.0 sy,  0.0 ni,  0.5 id,  0.0 wa,  0.0 hi,  1.0 si,  0.0 st
%Cpu(s): 79.3 us,  9.9 sy,  0.0 ni,  8.9 id,  0.0 wa,  0.0 hi,  2.0 si,  0.0 st
%Cpu(s): 78.4 us, 13.6 sy,  0.0 ni,  5.0 id,  0.0 wa,  0.0 hi,  3.0 si,  0.0 st
%Cpu(s): 70.5 us, 15.0 sy,  0.0 ni, 10.0 id,  0.0 wa,  0.0 hi,  4.5 si,  0.0 st
%Cpu(s): 69.7 us, 11.3 sy,  0.0 ni, 15.9 id,  0.0 wa,  0.0 hi,  3.1 si,  0.0 st
%Cpu(s): 63.1 us, 14.6 sy,  0.0 ni, 20.2 id,  0.0 wa,  0.0 hi,  2.0 si,  0.0 st
%Cpu(s): 61.7 us, 11.2 sy,  0.0 ni, 24.0 id,  0.0 wa,  0.0 hi,  3.1 si,  0.0 st
%Cpu(s): 62.1 us,  9.7 sy,  0.0 ni, 25.1 id,  0.0 wa,  0.0 hi,  3.1 si,  0.0 st
%Cpu(s): 52.2 us, 12.4 sy,  0.0 ni, 33.3 id,  0.0 wa,  0.0 hi,  1.5 si,  0.5 st
%Cpu(s): 59.8 us, 14.1 sy,  0.0 ni, 22.6 id,  0.0 wa,  0.0 hi,  3.5 si,  0.0 st
%Cpu(s): 56.9 us, 14.9 sy,  0.0 ni, 26.2 id,  0.0 wa,  0.0 hi,  2.0 si,  0.0 st
%Cpu(s): 45.7 us, 12.1 sy,  0.0 ni, 40.2 id,  0.0 wa,  0.0 hi,  2.0 si,  0.0 st
%Cpu(s): 20.5 us,  9.5 sy,  0.0 ni, 67.0 id,  0.0 wa,  0.0 hi,  3.0 si,  0.0 st
%Cpu(s): 22.0 us,  9.5 sy,  0.0 ni, 67.5 id,  0.0 wa,  0.0 hi,  1.0 si,  0.0 st
%Cpu(s): 18.7 us,  8.6 sy,  0.0 ni, 69.7 id,  0.0 wa,  0.0 hi,  3.0 si,  0.0 st
%Cpu(s): 17.9 us, 10.3 sy,  0.0 ni, 70.3 id,  0.0 wa,  0.0 hi,  1.5 si,  0.0 st
%Cpu(s): 47.2 us, 12.3 sy,  0.0 ni, 37.4 id,  0.0 wa,  0.0 hi,  3.1 si,  0.0 st
%Cpu(s): 56.0 us, 10.5 sy,  0.0 ni, 29.0 id,  0.0 wa,  0.0 hi,  4.5 si,  0.0 st
%Cpu(s): 26.3 us,  9.1 sy,  0.0 ni, 60.6 id,  0.0 wa,  0.0 hi,  4.0 si,  0.0 st
%Cpu(s): 19.9 us,  8.5 sy,  0.0 ni, 69.2 id,  0.0 wa,  0.0 hi,  2.5 si,  0.0 st
%Cpu(s): 16.2 us, 11.2 sy,  0.0 ni, 72.1 id,  0.0 wa,  0.0 hi,  0.5 si,  0.0 st
%Cpu(s): 16.8 us,  6.5 sy,  0.0 ni, 74.5 id,  0.0 wa,  0.0 hi,  2.2 si,  0.0 st
%Cpu(s): 29.9 us, 11.4 sy,  0.0 ni, 55.2 id,  0.0 wa,  0.0 hi,  3.0 si,  0.5 st
%Cpu(s): 14.3 us,  7.9 sy,  0.0 ni, 74.6 id,  0.0 wa,  0.0 hi,  3.2 si,  0.0 st
%Cpu(s): 16.0 us,  8.8 sy,  0.0 ni, 73.7 id,  0.0 wa,  0.0 hi,  1.5 si,  0.0 st
%Cpu(s): 43.0 us,  9.8 sy,  0.0 ni, 44.6 id,  0.0 wa,  0.0 hi,  2.6 si,  0.0 st
%Cpu(s): 53.1 us, 11.2 sy,  0.0 ni, 32.7 id,  0.0 wa,  0.0 hi,  3.1 si,  0.0 st
%Cpu(s): 18.3 us, 11.7 sy,  0.0 ni, 67.5 id,  0.0 wa,  0.0 hi,  2.5 si,  0.0 st
%Cpu(s): 16.3 us,  7.9 sy,  0.0 ni, 74.2 id,  0.0 wa,  0.0 hi,  1.6 si,  0.0 st
%Cpu(s): 18.5 us, 13.0 sy,  0.0 ni, 65.5 id,  0.0 wa,  0.0 hi,  2.5 si,  0.5 st
%Cpu(s): 36.3 us, 14.0 sy,  0.0 ni, 46.6 id,  0.0 wa,  0.0 hi,  3.1 si,  0.0 st
%Cpu(s): 16.2 us, 10.1 sy,  0.0 ni, 71.2 id,  0.0 wa,  0.0 hi,  2.5 si,  0.0 st
%Cpu(s): 15.7 us,  8.4 sy,  0.0 ni, 74.3 id,  0.0 wa,  0.0 hi,  1.6 si,  0.0 st
%Cpu(s): 20.3 us,  8.6 sy,  0.0 ni, 68.0 id,  0.0 wa,  0.0 hi,  3.0 si,  0.0 st
%Cpu(s): 16.5 us, 13.0 sy,  0.0 ni, 69.0 id,  0.0 wa,  0.0 hi,  1.5 si,  0.0 st
%Cpu(s): 23.4 us, 12.9 sy,  0.0 ni, 61.7 id,  0.0 wa,  0.0 hi,  2.0 si,  0.0 st
%Cpu(s): 16.1 us, 11.9 sy,  0.0 ni, 69.9 id,  0.0 wa,  0.0 hi,  2.1 si,  0.0 st
%Cpu(s): 15.5 us, 15.5 sy,  0.0 ni, 67.0 id,  0.0 wa,  0.0 hi,  2.0 si,  0.0 st
%Cpu(s): 15.3 us, 14.8 sy,  0.0 ni, 66.5 id,  0.0 wa,  0.0 hi,  3.4 si,  0.0 st
%Cpu(s): 16.8 us, 12.2 sy,  0.0 ni, 69.4 id,  0.0 wa,  0.0 hi,  1.5 si,  0.0 st
%Cpu(s): 20.9 us, 12.4 sy,  0.0 ni, 63.7 id,  0.0 wa,  0.0 hi,  2.5 si,  0.5 st
%Cpu(s): 16.8 us, 11.9 sy,  0.0 ni, 69.7 id,  0.0 wa,  0.0 hi,  1.6 si,  0.0 st
%Cpu(s): 18.0 us, 13.5 sy,  0.0 ni, 67.0 id,  0.0 wa,  0.0 hi,  1.5 si,  0.0 st
%Cpu(s): 16.4 us,  8.7 sy,  0.0 ni, 72.8 id,  0.0 wa,  0.0 hi,  2.1 si,  0.0 st
%Cpu(s): 13.8 us,  9.7 sy,  0.0 ni, 73.3 id,  0.0 wa,  0.0 hi,  3.1 si,  0.0 st
%Cpu(s): 14.4 us, 10.3 sy,  0.0 ni, 71.6 id,  0.0 wa,  0.0 hi,  3.1 si,  0.5 st
%Cpu(s): 19.7 us, 10.6 sy,  0.0 ni, 68.2 id,  0.0 wa,  0.0 hi,  1.5 si,  0.0 st
%Cpu(s): 13.5 us, 13.0 sy,  0.0 ni, 70.5 id,  0.0 wa,  0.0 hi,  3.1 si,  0.0 st
%Cpu(s): 16.8 us,  8.7 sy,  0.0 ni, 71.4 id,  0.0 wa,  0.0 hi,  3.1 si,  0.0 st
%Cpu(s): 15.3 us,  8.9 sy,  0.0 ni, 74.2 id,  0.0 wa,  0.0 hi,  1.6 si,  0.0 st
%Cpu(s): 13.1 us, 11.5 sy,  0.0 ni, 72.8 id,  0.0 wa,  0.0 hi,  2.6 si,  0.0 st
%Cpu(s): 17.2 us, 11.1 sy,  0.0 ni, 68.7 id,  0.0 wa,  0.0 hi,  3.0 si,  0.0 st
%Cpu(s): 17.9 us, 10.8 sy,  0.0 ni, 68.7 id,  0.0 wa,  0.0 hi,  2.6 si,  0.0 st
%Cpu(s): 16.7 us,  9.6 sy,  0.0 ni, 71.2 id,  0.0 wa,  0.0 hi,  2.5 si,  0.0 st
%Cpu(s): 16.3 us, 12.9 sy,  0.0 ni, 68.3 id,  0.0 wa,  0.0 hi,  2.5 si,  0.0 st
%Cpu(s):  4.9 us,  2.5 sy,  0.0 ni, 91.6 id,  0.0 wa,  0.0 hi,  1.0 si,  0.0 st
%Cpu(s):  1.0 us,  0.0 sy,  0.0 ni, 99.0 id,  0.0 wa,  0.0 hi,  0.0 si,  0.0 st
%Cpu(s): 15.4 us,  0.5 sy,  0.0 ni, 84.1 id,  0.0 wa,  0.0 hi,  0.0 si,  0.0 st
%Cpu(s):  1.0 us,  0.0 sy,  0.0 ni, 99.0 id,  0.0 wa,  0.0 hi,  0.0 si,  0.0 st
%Cpu(s):  1.5 us,  1.0 sy,  0.0 ni, 97.5 id,  0.0 wa,  0.0 hi,  0.0 si,  0.0 st
