%Cpu(s):  0.8 us,  0.3 sy,  0.0 ni, 98.9 id,  0.0 wa,  0.0 hi,  0.0 si,  0.0 st
%Cpu(s):  0.0 us,  0.1 sy,  0.0 ni, 99.9 id,  0.0 wa,  0.0 hi,  0.0 si,  0.0 st
%Cpu(s):  0.0 us,  0.0 sy,  0.0 ni,100.0 id,  0.0 wa,  0.0 hi,  0.0 si,  0.0 st
%Cpu(s):  0.1 us,  0.0 sy,  0.0 ni, 99.9 id,  0.0 wa,  0.0 hi,  0.0 si,  0.0 st
%Cpu(s):  0.1 us,  0.1 sy,  0.0 ni, 99.8 id,  0.0 wa,  0.0 hi,  0.0 si,  0.0 st
%Cpu(s):  0.1 us,  0.0 sy,  0.0 ni, 99.9 id,  0.0 wa,  0.0 hi,  0.0 si,  0.0 st
%Cpu(s):  0.0 us,  0.0 sy,  0.0 ni,100.0 id,  0.0 wa,  0.0 hi,  0.0 si,  0.0 st
%Cpu(s):  0.2 us,  0.0 sy,  0.0 ni, 99.8 id,  0.0 wa,  0.0 hi,  0.0 si,  0.0 st
%Cpu(s):  0.0 us,  0.1 sy,  0.0 ni, 99.9 id,  0.0 wa,  0.0 hi,  0.0 si,  0.0 st
%Cpu(s):  1.2 us,  0.2 sy,  0.0 ni, 98.6 id,  0.0 wa,  0.0 hi,  0.0 si,  0.0 st
%Cpu(s): 12.3 us,  0.8 sy,  0.0 ni, 86.8 id,  0.1 wa,  0.0 hi,  0.1 si,  0.0 st
%Cpu(s): 29.2 us,  2.3 sy,  0.0 ni, 68.3 id,  0.0 wa,  0.0 hi,  0.1 si,  0.1 st
%Cpu(s): 38.8 us,  3.5 sy,  0.0 ni, 57.5 id,  0.0 wa,  0.0 hi,  0.2 si,  0.0 st
%Cpu(s): 31.3 us,  3.0 sy,  0.0 ni, 65.5 id,  0.0 wa,  0.0 hi,  0.3 si,  0.0 st
%Cpu(s): 11.6 us,  2.6 sy,  0.0 ni, 85.1 id,  0.0 wa,  0.0 hi,  0.6 si,  0.0 st
%Cpu(s): 14.7 us,  3.2 sy,  0.0 ni, 81.7 id,  0.0 wa,  0.0 hi,  0.3 si,  0.1 st
%Cpu(s):  8.2 us,  3.4 sy,  0.0 ni, 88.4 id,  0.0 wa,  0.0 hi,  0.0 si,  0.1 st
%Cpu(s):  5.9 us,  3.1 sy,  0.0 ni, 90.6 id,  0.0 wa,  0.0 hi,  0.4 si,  0.0 st
%Cpu(s):  5.6 us,  3.3 sy,  0.0 ni, 90.6 id,  0.0 wa,  0.0 hi,  0.5 si,  0.1 st
%Cpu(s):  5.3 us,  3.5 sy,  0.0 ni, 90.5 id,  0.0 wa,  0.0 hi,  0.6 si,  0.1 st
%Cpu(s):  5.7 us,  3.7 sy,  0.0 ni, 90.2 id,  0.0 wa,  0.0 hi,  0.4 si,  0.0 st
%Cpu(s):  5.2 us,  3.6 sy,  0.0 ni, 90.4 id,  0.0 wa,  0.0 hi,  0.8 si,  0.1 st
%Cpu(s):  5.1 us,  4.5 sy,  0.0 ni, 90.1 id,  0.1 wa,  0.0 hi,  0.2 si,  0.0 st
%Cpu(s):  5.8 us,  3.8 sy,  0.0 ni, 90.3 id,  0.0 wa,  0.0 hi,  0.1 si,  0.0 st
%Cpu(s):  6.1 us,  3.9 sy,  0.0 ni, 89.8 id,  0.0 wa,  0.0 hi,  0.2 si,  0.0 st
%Cpu(s):  5.9 us,  3.3 sy,  0.0 ni, 90.2 id,  0.0 wa,  0.0 hi,  0.5 si,  0.1 st
%Cpu(s):  4.9 us,  2.8 sy,  0.0 ni, 91.6 id,  0.0 wa,  0.0 hi,  0.8 si,  0.1 st
%Cpu(s):  4.9 us,  3.2 sy,  0.0 ni, 91.4 id,  0.0 wa,  0.0 hi,  0.6 si,  0.0 st
%Cpu(s):  6.1 us,  3.2 sy,  0.0 ni, 90.2 id,  0.0 wa,  0.0 hi,  0.5 si,  0.0 st
%Cpu(s):  5.7 us,  3.3 sy,  0.0 ni, 90.4 id,  0.0 wa,  0.0 hi,  0.6 si,  0.0 st
%Cpu(s):  6.1 us,  3.4 sy,  0.0 ni, 89.8 id,  0.0 wa,  0.0 hi,  0.6 si,  0.1 st
%Cpu(s):  5.6 us,  4.2 sy,  0.0 ni, 89.3 id,  0.0 wa,  0.0 hi,  0.9 si,  0.0 st
%Cpu(s):  5.7 us,  4.0 sy,  0.0 ni, 89.7 id,  0.1 wa,  0.0 hi,  0.5 si,  0.0 st
%Cpu(s):  5.4 us,  3.5 sy,  0.0 ni, 90.4 id,  0.0 wa,  0.0 hi,  0.7 si,  0.0 st
%Cpu(s):  5.6 us,  3.4 sy,  0.0 ni, 90.4 id,  0.0 wa,  0.0 hi,  0.6 si,  0.0 st
%Cpu(s):  5.5 us,  3.2 sy,  0.0 ni, 90.4 id,  0.0 wa,  0.0 hi,  0.8 si,  0.1 st
%Cpu(s):  6.3 us,  3.4 sy,  0.0 ni, 89.7 id,  0.0 wa,  0.0 hi,  0.5 si,  0.1 st
%Cpu(s):  6.0 us,  3.1 sy,  0.0 ni, 90.2 id,  0.1 wa,  0.0 hi,  0.7 si,  0.0 st
%Cpu(s):  6.2 us,  3.7 sy,  0.0 ni, 89.5 id,  0.0 wa,  0.0 hi,  0.5 si,  0.0 st
%Cpu(s):  7.3 us,  3.1 sy,  0.0 ni, 88.8 id,  0.0 wa,  0.0 hi,  0.8 si,  0.1 st
%Cpu(s):  5.9 us,  3.7 sy,  0.0 ni, 89.8 id,  0.0 wa,  0.0 hi,  0.6 si,  0.0 st
%Cpu(s):  6.8 us,  3.7 sy,  0.0 ni, 88.8 id,  0.0 wa,  0.0 hi,  0.7 si,  0.0 st
%Cpu(s):  6.3 us,  3.9 sy,  0.0 ni, 88.9 id,  0.0 wa,  0.0 hi,  0.9 si,  0.0 st
%Cpu(s):  6.5 us,  4.0 sy,  0.0 ni, 88.6 id,  0.0 wa,  0.0 hi,  0.9 si,  0.1 st
%Cpu(s):  6.2 us,  3.4 sy,  0.0 ni, 90.0 id,  0.0 wa,  0.0 hi,  0.5 si,  0.0 st
%Cpu(s):  5.3 us,  3.1 sy,  0.0 ni, 90.0 id,  0.9 wa,  0.0 hi,  0.6 si,  0.0 st
%Cpu(s):  6.2 us,  3.6 sy,  0.0 ni, 89.5 id,  0.0 wa,  0.0 hi,  0.7 si,  0.1 st
%Cpu(s):  6.4 us,  3.6 sy,  0.0 ni, 89.3 id,  0.1 wa,  0.0 hi,  0.6 si,  0.0 st
%Cpu(s):  6.0 us,  3.7 sy,  0.0 ni, 89.7 id,  0.0 wa,  0.0 hi,  0.7 si,  0.0 st
%Cpu(s):  6.3 us,  3.6 sy,  0.0 ni, 89.3 id,  0.0 wa,  0.0 hi,  0.7 si,  0.1 st
%Cpu(s):  6.4 us,  3.6 sy,  0.0 ni, 89.2 id,  0.0 wa,  0.0 hi,  0.7 si,  0.1 st
%Cpu(s):  6.0 us,  3.3 sy,  0.0 ni, 89.4 id,  0.0 wa,  0.0 hi,  1.1 si,  0.2 st
%Cpu(s):  5.9 us,  3.9 sy,  0.0 ni, 89.6 id,  0.0 wa,  0.0 hi,  0.5 si,  0.1 st
%Cpu(s):  5.9 us,  3.8 sy,  0.0 ni, 89.5 id,  0.0 wa,  0.0 hi,  0.8 si,  0.1 st
%Cpu(s):  6.2 us,  3.6 sy,  0.0 ni, 89.4 id,  0.0 wa,  0.0 hi,  0.7 si,  0.0 st
%Cpu(s):  6.2 us,  4.0 sy,  0.0 ni, 88.9 id,  0.0 wa,  0.0 hi,  0.8 si,  0.0 st
%Cpu(s):  6.5 us,  3.5 sy,  0.0 ni, 89.4 id,  0.0 wa,  0.0 hi,  0.6 si,  0.0 st
%Cpu(s):  6.1 us,  3.2 sy,  0.0 ni, 89.8 id,  0.1 wa,  0.0 hi,  0.8 si,  0.0 st
%Cpu(s):  6.0 us,  3.4 sy,  0.0 ni, 89.8 id,  0.0 wa,  0.0 hi,  0.9 si,  0.0 st
%Cpu(s):  6.6 us,  3.4 sy,  0.0 ni, 89.2 id,  0.0 wa,  0.0 hi,  0.8 si,  0.0 st
%Cpu(s):  6.1 us,  3.9 sy,  0.0 ni, 89.4 id,  0.0 wa,  0.0 hi,  0.6 si,  0.1 st
%Cpu(s):  6.4 us,  4.0 sy,  0.0 ni, 88.7 id,  0.0 wa,  0.0 hi,  0.9 si,  0.1 st
%Cpu(s):  6.0 us,  3.7 sy,  0.0 ni, 89.4 id,  0.1 wa,  0.0 hi,  0.8 si,  0.0 st
%Cpu(s):  5.7 us,  2.8 sy,  0.0 ni, 90.6 id,  0.0 wa,  0.0 hi,  0.8 si,  0.0 st
%Cpu(s):  6.0 us,  3.4 sy,  0.0 ni, 89.7 id,  0.0 wa,  0.0 hi,  0.9 si,  0.0 st
%Cpu(s):  6.5 us,  3.7 sy,  0.0 ni, 88.9 id,  0.0 wa,  0.0 hi,  0.8 si,  0.1 st
%Cpu(s):  5.5 us,  3.2 sy,  0.0 ni, 90.7 id,  0.0 wa,  0.0 hi,  0.6 si,  0.0 st
%Cpu(s):  3.4 us,  1.9 sy,  0.0 ni, 94.7 id,  0.0 wa,  0.0 hi,  0.0 si,  0.1 st
%Cpu(s):  3.0 us,  1.8 sy,  0.0 ni, 95.2 id,  0.0 wa,  0.0 hi,  0.0 si,  0.0 st
%Cpu(s):  2.2 us,  1.8 sy,  0.0 ni, 95.9 id,  0.0 wa,  0.0 hi,  0.2 si,  0.0 st
%Cpu(s):  2.4 us,  1.4 sy,  0.0 ni, 95.9 id,  0.3 wa,  0.0 hi,  0.0 si,  0.0 st
