%Cpu(s):  0.9 us,  0.3 sy,  0.0 ni, 98.7 id,  0.0 wa,  0.0 hi,  0.1 si,  0.0 st
%Cpu(s):  1.0 us,  1.0 sy,  0.0 ni, 98.0 id,  0.0 wa,  0.0 hi,  0.0 si,  0.0 st
%Cpu(s):  1.5 us,  1.5 sy,  0.0 ni, 97.0 id,  0.0 wa,  0.0 hi,  0.0 si,  0.0 st
%Cpu(s):  1.5 us,  0.5 sy,  0.0 ni, 98.0 id,  0.0 wa,  0.0 hi,  0.0 si,  0.0 st
%Cpu(s):  0.0 us,  1.0 sy,  0.0 ni, 99.0 id,  0.0 wa,  0.0 hi,  0.0 si,  0.0 st
%Cpu(s):  0.5 us,  0.5 sy,  0.0 ni, 99.0 id,  0.0 wa,  0.0 hi,  0.0 si,  0.0 st
%Cpu(s):  3.0 us,  0.5 sy,  0.0 ni, 96.5 id,  0.0 wa,  0.0 hi,  0.0 si,  0.0 st
%Cpu(s):  0.5 us,  0.0 sy,  0.0 ni, 99.5 id,  0.0 wa,  0.0 hi,  0.0 si,  0.0 st
%Cpu(s):  2.0 us,  1.0 sy,  0.0 ni, 97.1 id,  0.0 wa,  0.0 hi,  0.0 si,  0.0 st
%Cpu(s):  1.0 us,  1.0 sy,  0.0 ni, 98.0 id,  0.0 wa,  0.0 hi,  0.0 si,  0.0 st
%Cpu(s): 19.0 us,  2.0 sy,  0.0 ni, 78.5 id,  0.0 wa,  0.0 hi,  0.5 si,  0.0 st
%Cpu(s): 66.8 us,  6.0 sy,  0.0 ni, 26.6 id,  0.0 wa,  0.0 hi,  0.5 si,  0.0 st
%Cpu(s): 85.1 us, 12.4 sy,  0.0 ni,  0.0 id,  0.0 wa,  0.0 hi,  2.0 si,  0.5 st
%Cpu(s): 79.0 us, 18.5 sy,  0.0 ni,  0.5 id,  0.0 wa,  0.0 hi,  2.0 si,  0.0 st
%Cpu(s): 75.1 us, 19.9 sy,  0.0 ni,  1.0 id,  0.0 wa,  0.0 hi,  4.0 si,  0.0 st
%Cpu(s): 71.2 us, 19.7 sy,  0.0 ni,  4.5 id,  0.0 wa,  0.0 hi,  4.5 si,  0.0 st
%Cpu(s): 69.5 us, 20.7 sy,  0.0 ni,  5.4 id,  0.0 wa,  0.0 hi,  4.4 si,  0.0 st
%Cpu(s): 68.2 us, 19.9 sy,  0.0 ni,  6.5 id,  0.0 wa,  0.0 hi,  5.5 si,  0.0 st
%Cpu(s): 72.6 us, 19.4 sy,  0.0 ni,  5.0 id,  0.0 wa,  0.0 hi,  3.0 si,  0.0 st
%Cpu(s): 69.8 us, 21.0 sy,  0.0 ni,  4.9 id,  0.0 wa,  0.0 hi,  4.4 si,  0.0 st
%Cpu(s): 70.5 us, 19.5 sy,  0.0 ni,  7.0 id,  0.0 wa,  0.0 hi,  3.0 si,  0.0 st
%Cpu(s): 69.5 us, 21.3 sy,  0.0 ni,  5.1 id,  0.0 wa,  0.0 hi,  4.1 si,  0.0 st
%Cpu(s): 68.2 us, 21.7 sy,  0.0 ni,  6.6 id,  0.0 wa,  0.0 hi,  3.5 si,  0.0 st
%Cpu(s): 69.0 us, 20.0 sy,  0.0 ni,  6.5 id,  0.0 wa,  0.0 hi,  4.5 si,  0.0 st
%Cpu(s): 70.9 us, 19.6 sy,  0.0 ni,  3.5 id,  0.0 wa,  0.0 hi,  6.0 si,  0.0 st
%Cpu(s): 58.5 us, 25.5 sy,  0.0 ni,  8.5 id,  0.0 wa,  0.0 hi,  7.5 si,  0.0 st
%Cpu(s): 67.3 us, 22.3 sy,  0.0 ni,  6.9 id,  0.0 wa,  0.0 hi,  3.5 si,  0.0 st
%Cpu(s): 60.6 us, 21.2 sy,  0.0 ni, 12.1 id,  0.0 wa,  0.0 hi,  6.1 si,  0.0 st
%Cpu(s): 58.2 us, 25.4 sy,  0.0 ni, 10.4 id,  0.0 wa,  0.0 hi,  6.0 si,  0.0 st
%Cpu(s): 60.3 us, 21.6 sy,  0.0 ni, 12.6 id,  0.0 wa,  0.0 hi,  5.5 si,  0.0 st
%Cpu(s): 64.8 us, 22.1 sy,  0.0 ni,  8.5 id,  0.0 wa,  0.0 hi,  4.5 si,  0.0 st
%Cpu(s): 57.4 us, 19.3 sy,  0.0 ni, 18.8 id,  0.0 wa,  0.0 hi,  4.6 si,  0.0 st
%Cpu(s): 55.2 us, 23.9 sy,  0.0 ni, 17.4 id,  0.0 wa,  0.0 hi,  3.5 si,  0.0 st
%Cpu(s): 61.5 us, 20.0 sy,  0.0 ni, 14.0 id,  0.0 wa,  0.0 hi,  4.5 si,  0.0 st
%Cpu(s): 56.7 us, 21.4 sy,  0.0 ni, 18.4 id,  0.0 wa,  0.0 hi,  3.5 si,  0.0 st
%Cpu(s): 35.6 us, 22.5 sy,  0.0 ni, 38.7 id,  0.0 wa,  0.0 hi,  3.1 si,  0.0 st
%Cpu(s): 27.5 us, 25.4 sy,  0.0 ni, 43.0 id,  0.0 wa,  0.0 hi,  4.1 si,  0.0 st
%Cpu(s): 28.4 us, 24.9 sy,  0.0 ni, 41.6 id,  0.0 wa,  0.0 hi,  5.1 si,  0.0 st
%Cpu(s): 28.0 us, 23.3 sy,  0.0 ni, 44.6 id,  0.0 wa,  0.0 hi,  4.1 si,  0.0 st
%Cpu(s): 29.8 us, 22.2 sy,  0.0 ni, 43.9 id,  0.0 wa,  0.0 hi,  4.0 si,  0.0 st
%Cpu(s): 31.2 us, 16.4 sy,  0.0 ni, 47.6 id,  0.0 wa,  0.0 hi,  4.8 si,  0.0 st
%Cpu(s): 37.6 us, 21.8 sy,  0.0 ni, 37.1 id,  0.0 wa,  0.0 hi,  3.6 si,  0.0 st
%Cpu(s): 44.9 us, 21.4 sy,  0.0 ni, 28.6 id,  0.0 wa,  0.0 hi,  5.1 si,  0.0 st
%Cpu(s): 40.8 us, 21.9 sy,  0.0 ni, 31.8 id,  0.0 wa,  0.0 hi,  5.5 si,  0.0 st
%Cpu(s): 28.0 us, 17.7 sy,  0.0 ni, 50.5 id,  0.0 wa,  0.0 hi,  3.8 si,  0.0 st
%Cpu(s): 30.9 us, 24.1 sy,  0.0 ni, 39.8 id,  0.0 wa,  0.0 hi,  5.2 si,  0.0 st
%Cpu(s): 50.8 us, 26.4 sy,  0.0 ni, 17.3 id,  0.0 wa,  0.0 hi,  5.6 si,  0.0 st
%Cpu(s): 61.7 us, 25.5 sy,  0.0 ni,  8.2 id,  0.0 wa,  0.0 hi,  4.6 si,  0.0 st
%Cpu(s): 24.2 us, 22.7 sy,  0.0 ni, 47.9 id,  0.0 wa,  0.0 hi,  5.2 si,  0.0 st
%Cpu(s): 26.4 us, 20.2 sy,  0.0 ni, 48.7 id,  0.0 wa,  0.0 hi,  4.7 si,  0.0 st
%Cpu(s): 27.6 us, 14.1 sy,  0.0 ni, 53.6 id,  0.0 wa,  0.0 hi,  4.7 si,  0.0 st
%Cpu(s): 23.6 us, 18.8 sy,  0.0 ni, 52.9 id,  0.0 wa,  0.0 hi,  4.7 si,  0.0 st
%Cpu(s): 24.9 us, 20.3 sy,  0.0 ni, 51.3 id,  0.0 wa,  0.0 hi,  3.6 si,  0.0 st
%Cpu(s): 23.7 us, 18.3 sy,  0.0 ni, 53.8 id,  0.0 wa,  0.0 hi,  4.3 si,  0.0 st
%Cpu(s): 22.7 us, 18.8 sy,  0.0 ni, 55.2 id,  0.0 wa,  0.0 hi,  3.3 si,  0.0 st
%Cpu(s): 30.0 us, 16.3 sy,  0.0 ni, 47.8 id,  0.0 wa,  0.0 hi,  5.9 si,  0.0 st
%Cpu(s): 23.8 us, 20.7 sy,  0.0 ni, 51.3 id,  0.0 wa,  0.0 hi,  4.1 si,  0.0 st
%Cpu(s): 26.3 us, 15.6 sy,  0.0 ni, 52.7 id,  0.0 wa,  0.0 hi,  5.4 si,  0.0 st
%Cpu(s): 21.6 us, 22.1 sy,  0.0 ni, 53.7 id,  0.0 wa,  0.0 hi,  2.6 si,  0.0 st
%Cpu(s): 26.4 us, 18.4 sy,  0.0 ni, 50.2 id,  0.0 wa,  0.0 hi,  5.0 si,  0.0 st
%Cpu(s): 25.4 us, 19.0 sy,  0.0 ni, 50.2 id,  0.0 wa,  0.0 hi,  4.9 si,  0.5 st
%Cpu(s): 25.3 us, 18.6 sy,  0.0 ni, 52.6 id,  0.0 wa,  0.0 hi,  3.6 si,  0.0 st
%Cpu(s): 25.1 us, 19.5 sy,  0.0 ni, 52.3 id,  0.0 wa,  0.0 hi,  3.1 si,  0.0 st
%Cpu(s): 24.4 us, 19.2 sy,  0.0 ni, 51.8 id,  0.0 wa,  0.0 hi,  4.7 si,  0.0 st
%Cpu(s): 25.4 us, 18.7 sy,  0.0 ni, 51.3 id,  0.0 wa,  0.0 hi,  4.7 si,  0.0 st
%Cpu(s): 28.4 us, 17.0 sy,  0.0 ni, 50.0 id,  0.0 wa,  0.0 hi,  4.6 si,  0.0 st
%Cpu(s): 25.8 us, 15.6 sy,  0.0 ni, 54.8 id,  0.0 wa,  0.0 hi,  3.8 si,  0.0 st
%Cpu(s): 10.0 us,  4.0 sy,  0.0 ni, 85.5 id,  0.0 wa,  0.0 hi,  0.5 si,  0.0 st
%Cpu(s):  1.0 us,  0.5 sy,  0.0 ni, 98.5 id,  0.0 wa,  0.0 hi,  0.0 si,  0.0 st
%Cpu(s):  1.0 us,  0.0 sy,  0.0 ni, 99.0 id,  0.0 wa,  0.0 hi,  0.0 si,  0.0 st
%Cpu(s):  0.5 us,  0.5 sy,  0.0 ni, 99.0 id,  0.0 wa,  0.0 hi,  0.0 si,  0.0 st
%Cpu(s):  1.0 us,  1.5 sy,  0.0 ni, 97.0 id,  0.5 wa,  0.0 hi,  0.0 si,  0.0 st
