%Cpu(s):  1.4 us,  0.3 sy,  0.0 ni, 98.2 id,  0.0 wa,  0.0 hi,  0.0 si,  0.0 st
%Cpu(s): 23.0 us,  5.1 sy,  0.0 ni, 70.4 id,  1.5 wa,  0.0 hi,  0.0 si,  0.0 st
%Cpu(s): 55.7 us,  3.5 sy,  0.0 ni, 40.8 id,  0.0 wa,  0.0 hi,  0.0 si,  0.0 st
%Cpu(s):  2.5 us,  1.0 sy,  0.0 ni, 96.5 id,  0.0 wa,  0.0 hi,  0.0 si,  0.0 st
%Cpu(s): 27.8 us,  1.0 sy,  0.0 ni, 70.2 id,  0.5 wa,  0.0 hi,  0.5 si,  0.0 st
%Cpu(s): 62.2 us,  4.0 sy,  0.0 ni, 33.8 id,  0.0 wa,  0.0 hi,  0.0 si,  0.0 st
%Cpu(s): 57.0 us,  1.5 sy,  0.0 ni, 41.5 id,  0.0 wa,  0.0 hi,  0.0 si,  0.0 st
%Cpu(s): 60.7 us,  5.0 sy,  0.0 ni, 34.3 id,  0.0 wa,  0.0 hi,  0.0 si,  0.0 st
%Cpu(s): 86.8 us, 10.2 sy,  0.0 ni,  2.5 id,  0.0 wa,  0.0 hi,  0.5 si,  0.0 st
%Cpu(s): 58.9 us,  4.6 sy,  0.0 ni, 36.0 id,  0.0 wa,  0.0 hi,  0.5 si,  0.0 st
%Cpu(s): 39.2 us,  5.5 sy,  0.0 ni, 54.3 id,  0.0 wa,  0.0 hi,  1.0 si,  0.0 st
%Cpu(s): 52.7 us,  8.0 sy,  0.0 ni, 37.3 id,  0.0 wa,  0.0 hi,  2.0 si,  0.0 st
%Cpu(s): 75.5 us, 14.3 sy,  0.0 ni,  6.6 id,  0.0 wa,  0.0 hi,  3.6 si,  0.0 st
%Cpu(s): 68.8 us, 18.0 sy,  0.0 ni,  9.3 id,  0.0 wa,  0.0 hi,  3.9 si,  0.0 st
%Cpu(s): 69.7 us, 20.9 sy,  0.0 ni,  4.5 id,  0.0 wa,  0.0 hi,  5.0 si,  0.0 st
%Cpu(s): 71.3 us, 16.8 sy,  0.0 ni,  7.4 id,  0.0 wa,  0.0 hi,  4.5 si,  0.0 st
%Cpu(s): 78.6 us, 14.9 sy,  0.0 ni,  1.0 id,  0.0 wa,  0.0 hi,  5.5 si,  0.0 st
%Cpu(s): 73.3 us, 20.3 sy,  0.0 ni,  1.0 id,  0.0 wa,  0.0 hi,  5.4 si,  0.0 st
%Cpu(s): 74.2 us, 17.7 sy,  0.0 ni,  2.5 id,  0.0 wa,  0.0 hi,  5.6 si,  0.0 st
%Cpu(s): 69.7 us, 19.9 sy,  0.0 ni,  6.0 id,  0.0 wa,  0.0 hi,  4.5 si,  0.0 st
%Cpu(s): 72.6 us, 16.2 sy,  0.0 ni,  5.1 id,  0.0 wa,  0.0 hi,  6.1 si,  0.0 st
%Cpu(s): 62.6 us, 21.7 sy,  0.0 ni,  7.6 id,  0.0 wa,  0.0 hi,  8.1 si,  0.0 st
%Cpu(s): 68.3 us, 15.1 sy,  0.0 ni,  8.5 id,  0.0 wa,  0.0 hi,  8.0 si,  0.0 st
%Cpu(s): 63.8 us, 17.9 sy,  0.0 ni, 10.7 id,  0.0 wa,  0.0 hi,  7.7 si,  0.0 st
%Cpu(s): 67.7 us, 17.4 sy,  0.0 ni, 11.3 id,  0.0 wa,  0.0 hi,  3.6 si,  0.0 st
%Cpu(s): 68.7 us, 12.3 sy,  0.0 ni, 14.9 id,  0.0 wa,  0.0 hi,  4.1 si,  0.0 st
%Cpu(s): 76.3 us, 13.1 sy,  0.0 ni,  3.0 id,  0.0 wa,  0.0 hi,  7.6 si,  0.0 st
%Cpu(s): 66.3 us, 15.8 sy,  0.0 ni, 14.8 id,  0.0 wa,  0.0 hi,  3.1 si,  0.0 st
%Cpu(s): 63.2 us, 10.9 sy,  0.0 ni, 21.8 id,  0.0 wa,  0.0 hi,  3.6 si,  0.5 st
%Cpu(s): 66.8 us, 13.5 sy,  0.0 ni, 16.6 id,  0.0 wa,  0.0 hi,  3.1 si,  0.0 st
%Cpu(s): 63.3 us,  9.6 sy,  0.0 ni, 23.4 id,  0.0 wa,  0.0 hi,  3.7 si,  0.0 st
%Cpu(s): 62.6 us, 11.3 sy,  0.0 ni, 22.6 id,  0.0 wa,  0.0 hi,  3.6 si,  0.0 st
%Cpu(s): 58.1 us, 10.5 sy,  0.0 ni, 27.2 id,  0.0 wa,  0.0 hi,  4.2 si,  0.0 st
%Cpu(s): 53.8 us, 12.8 sy,  0.0 ni, 30.3 id,  0.0 wa,  0.0 hi,  3.1 si,  0.0 st
%Cpu(s): 58.2 us, 10.7 sy,  0.0 ni, 26.5 id,  0.0 wa,  0.0 hi,  4.6 si,  0.0 st
%Cpu(s): 58.6 us, 10.5 sy,  0.0 ni, 24.6 id,  0.0 wa,  0.0 hi,  6.3 si,  0.0 st
%Cpu(s): 71.5 us, 16.1 sy,  0.0 ni,  8.8 id,  0.0 wa,  0.0 hi,  3.6 si,  0.0 st
%Cpu(s): 68.2 us, 13.1 sy,  0.0 ni, 14.6 id,  0.0 wa,  0.0 hi,  4.0 si,  0.0 st
%Cpu(s): 56.7 us,  9.6 sy,  0.0 ni, 29.9 id,  0.0 wa,  0.0 hi,  3.7 si,  0.0 st
%Cpu(s): 50.3 us, 11.1 sy,  0.0 ni, 36.0 id,  0.0 wa,  0.0 hi,  2.6 si,  0.0 st
%Cpu(s): 39.4 us,  9.6 sy,  0.0 ni, 47.9 id,  0.0 wa,  0.0 hi,  3.2 si,  0.0 st
%Cpu(s): 20.2 us,  9.6 sy,  0.0 ni, 69.1 id,  0.0 wa,  0.0 hi,  1.1 si,  0.0 st
%Cpu(s): 24.6 us,  8.6 sy,  0.0 ni, 64.2 id,  0.0 wa,  0.0 hi,  2.7 si,  0.0 st
%Cpu(s): 21.4 us,  8.6 sy,  0.0 ni, 69.0 id,  0.0 wa,  0.0 hi,  1.1 si,  0.0 st
%Cpu(s): 28.9 us, 13.9 sy,  0.0 ni, 53.6 id,  0.0 wa,  0.0 hi,  3.6 si,  0.0 st
%Cpu(s): 24.0 us, 10.6 sy,  0.0 ni, 63.7 id,  0.0 wa,  0.0 hi,  1.7 si,  0.0 st
%Cpu(s): 51.8 us, 20.1 sy,  0.0 ni, 21.1 id,  0.0 wa,  0.0 hi,  7.0 si,  0.0 st
%Cpu(s): 42.9 us, 18.7 sy,  0.0 ni, 31.3 id,  0.0 wa,  0.0 hi,  7.1 si,  0.0 st
%Cpu(s): 22.8 us,  9.4 sy,  0.0 ni, 65.6 id,  0.0 wa,  0.0 hi,  2.2 si,  0.0 st
%Cpu(s): 24.9 us, 12.4 sy,  0.0 ni, 60.5 id,  0.0 wa,  0.0 hi,  2.3 si,  0.0 st
%Cpu(s): 30.3 us, 11.9 sy,  0.0 ni, 55.1 id,  0.0 wa,  0.0 hi,  2.7 si,  0.0 st
%Cpu(s): 20.7 us,  8.7 sy,  0.0 ni, 68.5 id,  0.0 wa,  0.0 hi,  2.2 si,  0.0 st
%Cpu(s): 23.9 us, 11.7 sy,  0.0 ni, 61.7 id,  0.0 wa,  0.0 hi,  2.8 si,  0.0 st
%Cpu(s): 21.8 us,  9.2 sy,  0.0 ni, 66.1 id,  0.0 wa,  0.0 hi,  2.9 si,  0.0 st
%Cpu(s): 20.4 us, 14.5 sy,  0.0 ni, 61.8 id,  0.0 wa,  0.0 hi,  3.2 si,  0.0 st
%Cpu(s): 27.4 us, 11.7 sy,  0.0 ni, 59.8 id,  0.0 wa,  0.0 hi,  1.1 si,  0.0 st
%Cpu(s): 57.0 us, 16.0 sy,  0.0 ni, 22.0 id,  0.0 wa,  0.0 hi,  5.0 si,  0.0 st
%Cpu(s): 44.9 us, 11.2 sy,  0.0 ni, 40.1 id,  0.0 wa,  0.0 hi,  3.7 si,  0.0 st
%Cpu(s): 26.9 us, 11.4 sy,  0.0 ni, 59.4 id,  0.0 wa,  0.0 hi,  2.3 si,  0.0 st
%Cpu(s): 38.3 us, 14.2 sy,  0.0 ni, 44.3 id,  0.0 wa,  0.0 hi,  3.3 si,  0.0 st
%Cpu(s): 24.3 us, 14.7 sy,  0.0 ni, 58.8 id,  0.0 wa,  0.0 hi,  2.3 si,  0.0 st
%Cpu(s): 27.4 us, 13.4 sy,  0.0 ni, 56.4 id,  0.0 wa,  0.0 hi,  2.8 si,  0.0 st
%Cpu(s): 27.8 us, 13.6 sy,  0.0 ni, 54.5 id,  0.0 wa,  0.0 hi,  4.0 si,  0.0 st
%Cpu(s): 26.6 us,  9.8 sy,  0.0 ni, 62.4 id,  0.0 wa,  0.0 hi,  1.2 si,  0.0 st
%Cpu(s): 26.3 us, 16.8 sy,  0.0 ni, 55.3 id,  0.0 wa,  0.0 hi,  1.6 si,  0.0 st
%Cpu(s): 28.4 us, 13.1 sy,  0.0 ni, 55.2 id,  0.0 wa,  0.0 hi,  3.3 si,  0.0 st
%Cpu(s): 58.1 us, 14.1 sy,  0.0 ni, 20.4 id,  0.0 wa,  0.0 hi,  7.3 si,  0.0 st
%Cpu(s): 36.6 us, 10.3 sy,  0.0 ni, 49.0 id,  0.0 wa,  0.0 hi,  4.1 si,  0.0 st
%Cpu(s):  2.6 us,  2.1 sy,  0.0 ni, 94.4 id,  0.0 wa,  0.0 hi,  0.5 si,  0.5 st
%Cpu(s):  3.6 us,  3.0 sy,  0.0 ni, 92.9 id,  0.0 wa,  0.0 hi,  0.5 si,  0.0 st
%Cpu(s):  2.1 us,  1.6 sy,  0.0 ni, 96.4 id,  0.0 wa,  0.0 hi,  0.0 si,  0.0 st
%Cpu(s):  4.5 us,  2.5 sy,  0.0 ni, 92.0 id,  0.0 wa,  0.0 hi,  0.5 si,  0.5 st
