%Cpu(s):  3.9 us,  0.7 sy,  0.0 ni, 95.1 id,  0.1 wa,  0.0 hi,  0.1 si,  0.0 st
%Cpu(s): 64.6 us,  6.7 sy,  0.0 ni, 28.7 id,  0.0 wa,  0.0 hi,  0.0 si,  0.0 st
%Cpu(s): 15.9 us,  2.0 sy,  0.0 ni, 82.1 id,  0.0 wa,  0.0 hi,  0.0 si,  0.0 st
%Cpu(s):  2.5 us,  0.5 sy,  0.0 ni, 97.0 id,  0.0 wa,  0.0 hi,  0.0 si,  0.0 st
%Cpu(s):  9.1 us,  0.5 sy,  0.0 ni, 90.4 id,  0.0 wa,  0.0 hi,  0.0 si,  0.0 st
%Cpu(s): 62.2 us,  3.5 sy,  0.0 ni, 33.8 id,  0.0 wa,  0.0 hi,  0.5 si,  0.0 st
%Cpu(s): 60.0 us,  2.0 sy,  0.0 ni, 38.0 id,  0.0 wa,  0.0 hi,  0.0 si,  0.0 st
%Cpu(s): 49.5 us,  3.0 sy,  0.0 ni, 47.5 id,  0.0 wa,  0.0 hi,  0.0 si,  0.0 st
%Cpu(s): 81.4 us,  8.0 sy,  0.0 ni, 10.6 id,  0.0 wa,  0.0 hi,  0.0 si,  0.0 st
%Cpu(s): 79.4 us,  6.0 sy,  0.0 ni, 14.6 id,  0.0 wa,  0.0 hi,  0.0 si,  0.0 st
%Cpu(s): 33.8 us,  4.5 sy,  0.0 ni, 61.6 id,  0.0 wa,  0.0 hi,  0.0 si,  0.0 st
%Cpu(s): 81.0 us, 12.5 sy,  0.0 ni,  3.0 id,  0.0 wa,  0.0 hi,  3.5 si,  0.0 st
%Cpu(s): 77.0 us, 14.5 sy,  0.0 ni,  4.0 id,  0.0 wa,  0.0 hi,  4.5 si,  0.0 st
%Cpu(s): 75.7 us, 17.3 sy,  0.0 ni,  1.5 id,  0.0 wa,  0.0 hi,  5.4 si,  0.0 st
%Cpu(s): 71.7 us, 14.6 sy,  0.0 ni,  5.6 id,  0.0 wa,  0.0 hi,  8.1 si,  0.0 st
%Cpu(s): 75.1 us, 16.8 sy,  0.0 ni,  2.0 id,  0.0 wa,  0.0 hi,  6.1 si,  0.0 st
%Cpu(s): 72.1 us, 18.3 sy,  0.0 ni,  3.0 id,  0.0 wa,  0.0 hi,  6.6 si,  0.0 st
%Cpu(s): 69.0 us, 20.8 sy,  0.0 ni,  4.1 id,  0.0 wa,  0.0 hi,  6.1 si,  0.0 st
%Cpu(s): 69.7 us, 20.7 sy,  0.0 ni,  4.5 id,  0.0 wa,  0.0 hi,  5.1 si,  0.0 st
%Cpu(s): 69.8 us, 21.6 sy,  0.0 ni,  2.5 id,  0.0 wa,  0.0 hi,  6.0 si,  0.0 st
%Cpu(s): 71.4 us, 18.6 sy,  0.0 ni,  4.0 id,  0.0 wa,  0.0 hi,  6.0 si,  0.0 st
%Cpu(s): 71.2 us, 21.2 sy,  0.0 ni,  3.5 id,  0.0 wa,  0.0 hi,  4.0 si,  0.0 st
%Cpu(s): 62.9 us, 26.2 sy,  0.0 ni,  4.5 id,  0.0 wa,  0.0 hi,  6.4 si,  0.0 st
%Cpu(s): 70.0 us, 18.5 sy,  0.0 ni,  5.0 id,  0.0 wa,  0.0 hi,  6.5 si,  0.0 st
%Cpu(s): 65.8 us, 20.6 sy,  0.0 ni, 10.1 id,  0.0 wa,  0.0 hi,  3.5 si,  0.0 st
%Cpu(s): 71.9 us, 11.7 sy,  0.0 ni, 10.2 id,  0.0 wa,  0.0 hi,  6.1 si,  0.0 st
%Cpu(s): 73.2 us, 17.7 sy,  0.0 ni,  4.0 id,  0.0 wa,  0.0 hi,  5.1 si,  0.0 st
%Cpu(s): 77.4 us, 13.1 sy,  0.0 ni,  5.0 id,  0.0 wa,  0.0 hi,  4.5 si,  0.0 st
%Cpu(s): 72.2 us, 13.6 sy,  0.0 ni,  7.1 id,  0.0 wa,  0.0 hi,  7.1 si,  0.0 st
%Cpu(s): 69.5 us, 16.8 sy,  0.0 ni, 10.2 id,  0.0 wa,  0.0 hi,  3.6 si,  0.0 st
%Cpu(s): 75.1 us, 15.5 sy,  0.0 ni,  3.6 id,  0.0 wa,  0.0 hi,  5.7 si,  0.0 st
%Cpu(s): 62.7 us, 17.1 sy,  0.0 ni, 17.1 id,  0.0 wa,  0.0 hi,  3.1 si,  0.0 st
%Cpu(s): 67.5 us, 17.8 sy,  0.0 ni, 10.7 id,  0.0 wa,  0.0 hi,  4.1 si,  0.0 st
%Cpu(s): 65.3 us, 17.9 sy,  0.0 ni, 12.8 id,  0.0 wa,  0.0 hi,  4.1 si,  0.0 st
%Cpu(s): 72.2 us, 16.5 sy,  0.0 ni,  6.2 id,  0.0 wa,  0.0 hi,  5.2 si,  0.0 st
%Cpu(s): 68.2 us, 17.9 sy,  0.0 ni,  7.2 id,  0.0 wa,  0.0 hi,  6.7 si,  0.0 st
%Cpu(s): 63.7 us, 17.9 sy,  0.0 ni, 12.6 id,  0.0 wa,  0.0 hi,  5.8 si,  0.0 st
%Cpu(s): 48.4 us, 18.8 sy,  0.0 ni, 29.6 id,  0.0 wa,  0.0 hi,  3.2 si,  0.0 st
%Cpu(s): 50.8 us, 19.9 sy,  0.0 ni, 21.5 id,  0.0 wa,  0.0 hi,  7.9 si,  0.0 st
%Cpu(s): 47.4 us, 16.3 sy,  0.0 ni, 30.5 id,  0.0 wa,  0.0 hi,  5.8 si,  0.0 st
%Cpu(s): 43.7 us, 18.6 sy,  0.0 ni, 33.9 id,  0.0 wa,  0.0 hi,  3.8 si,  0.0 st
%Cpu(s): 38.5 us, 20.9 sy,  0.0 ni, 36.8 id,  0.0 wa,  0.0 hi,  3.8 si,  0.0 st
%Cpu(s): 43.5 us, 21.5 sy,  0.0 ni, 31.1 id,  0.0 wa,  0.0 hi,  4.0 si,  0.0 st
%Cpu(s): 40.5 us, 21.4 sy,  0.0 ni, 31.8 id,  0.0 wa,  0.0 hi,  6.4 si,  0.0 st
%Cpu(s): 44.8 us, 18.8 sy,  0.0 ni, 30.4 id,  0.0 wa,  0.0 hi,  6.1 si,  0.0 st
%Cpu(s): 41.3 us, 20.7 sy,  0.0 ni, 32.4 id,  0.0 wa,  0.0 hi,  5.6 si,  0.0 st
%Cpu(s): 37.6 us, 23.7 sy,  0.0 ni, 32.8 id,  0.0 wa,  0.0 hi,  5.9 si,  0.0 st
%Cpu(s): 35.5 us, 19.1 sy,  0.0 ni, 41.0 id,  0.0 wa,  0.0 hi,  4.4 si,  0.0 st
%Cpu(s): 40.1 us, 19.3 sy,  0.0 ni, 36.9 id,  0.0 wa,  0.0 hi,  3.7 si,  0.0 st
%Cpu(s): 44.1 us, 23.1 sy,  0.0 ni, 26.3 id,  0.0 wa,  0.0 hi,  6.5 si,  0.0 st
%Cpu(s): 40.8 us, 22.3 sy,  0.0 ni, 30.7 id,  0.0 wa,  0.0 hi,  6.1 si,  0.0 st
%Cpu(s): 43.1 us, 26.5 sy,  0.0 ni, 24.9 id,  0.0 wa,  0.0 hi,  5.5 si,  0.0 st
%Cpu(s): 39.0 us, 29.4 sy,  0.0 ni, 24.3 id,  0.0 wa,  0.0 hi,  7.3 si,  0.0 st
%Cpu(s): 43.8 us, 23.2 sy,  0.0 ni, 27.6 id,  0.0 wa,  0.0 hi,  5.4 si,  0.0 st
%Cpu(s): 41.3 us, 22.9 sy,  0.0 ni, 30.7 id,  0.0 wa,  0.0 hi,  5.0 si,  0.0 st
%Cpu(s): 41.1 us, 22.3 sy,  0.0 ni, 30.9 id,  0.0 wa,  0.0 hi,  5.7 si,  0.0 st
%Cpu(s): 46.7 us, 20.0 sy,  0.0 ni, 27.8 id,  0.0 wa,  0.0 hi,  5.6 si,  0.0 st
%Cpu(s): 42.2 us, 21.9 sy,  0.0 ni, 28.3 id,  0.0 wa,  0.0 hi,  7.5 si,  0.0 st
%Cpu(s): 44.0 us, 20.9 sy,  0.0 ni, 28.6 id,  0.0 wa,  0.0 hi,  6.6 si,  0.0 st
%Cpu(s): 43.2 us, 23.0 sy,  0.0 ni, 28.4 id,  0.0 wa,  0.0 hi,  5.5 si,  0.0 st
%Cpu(s): 44.6 us, 20.7 sy,  0.0 ni, 28.3 id,  0.0 wa,  0.0 hi,  6.5 si,  0.0 st
%Cpu(s): 44.9 us, 20.5 sy,  0.0 ni, 27.8 id,  0.0 wa,  0.0 hi,  6.8 si,  0.0 st
%Cpu(s): 40.9 us, 26.0 sy,  0.0 ni, 26.0 id,  0.0 wa,  0.0 hi,  7.2 si,  0.0 st
%Cpu(s): 42.0 us, 22.1 sy,  0.0 ni, 28.7 id,  0.0 wa,  0.0 hi,  7.2 si,  0.0 st
%Cpu(s): 44.7 us, 24.6 sy,  0.0 ni, 24.6 id,  0.0 wa,  0.0 hi,  6.1 si,  0.0 st
%Cpu(s): 42.4 us, 23.4 sy,  0.0 ni, 27.2 id,  0.0 wa,  0.0 hi,  7.1 si,  0.0 st
%Cpu(s): 15.7 us,  8.9 sy,  0.0 ni, 74.3 id,  0.0 wa,  0.0 hi,  1.0 si,  0.0 st
%Cpu(s):  2.0 us,  0.5 sy,  0.0 ni, 97.5 id,  0.0 wa,  0.0 hi,  0.0 si,  0.0 st
%Cpu(s):  2.5 us,  0.0 sy,  0.0 ni, 97.5 id,  0.0 wa,  0.0 hi,  0.0 si,  0.0 st
%Cpu(s):  3.5 us,  1.5 sy,  0.0 ni, 94.5 id,  0.0 wa,  0.0 hi,  0.5 si,  0.0 st
%Cpu(s):  1.5 us,  1.5 sy,  0.0 ni, 96.5 id,  0.0 wa,  0.0 hi,  0.0 si,  0.5 st
