%Cpu(s):  0.9 us,  0.2 sy,  0.0 ni, 98.9 id,  0.0 wa,  0.0 hi,  0.0 si,  0.0 st
%Cpu(s): 64.6 us,  9.1 sy,  0.0 ni, 25.8 id,  0.0 wa,  0.0 hi,  0.5 si,  0.0 st
%Cpu(s):  7.9 us,  0.5 sy,  0.0 ni, 91.1 id,  0.0 wa,  0.0 hi,  0.0 si,  0.5 st
%Cpu(s):  2.0 us,  0.5 sy,  0.0 ni, 97.5 id,  0.0 wa,  0.0 hi,  0.0 si,  0.0 st
%Cpu(s):  1.5 us,  0.0 sy,  0.0 ni, 98.5 id,  0.0 wa,  0.0 hi,  0.0 si,  0.0 st
%Cpu(s):  8.5 us,  1.0 sy,  0.0 ni, 90.5 id,  0.0 wa,  0.0 hi,  0.0 si,  0.0 st
%Cpu(s): 66.2 us,  5.0 sy,  0.0 ni, 28.9 id,  0.0 wa,  0.0 hi,  0.0 si,  0.0 st
%Cpu(s): 61.1 us,  1.0 sy,  0.0 ni, 37.9 id,  0.0 wa,  0.0 hi,  0.0 si,  0.0 st
%Cpu(s): 49.3 us,  2.5 sy,  0.0 ni, 47.8 id,  0.0 wa,  0.0 hi,  0.5 si,  0.0 st
%Cpu(s): 84.4 us,  9.0 sy,  0.0 ni,  6.5 id,  0.0 wa,  0.0 hi,  0.0 si,  0.0 st
%Cpu(s): 59.9 us,  4.6 sy,  0.0 ni, 35.5 id,  0.0 wa,  0.0 hi,  0.0 si,  0.0 st
%Cpu(s): 34.7 us,  7.0 sy,  0.0 ni, 57.3 id,  0.0 wa,  0.0 hi,  1.0 si,  0.0 st
%Cpu(s): 74.6 us, 12.4 sy,  0.0 ni,  5.0 id,  0.0 wa,  0.0 hi,  8.0 si,  0.0 st
%Cpu(s): 69.5 us, 17.0 sy,  0.0 ni,  8.5 id,  0.0 wa,  0.0 hi,  5.0 si,  0.0 st
%Cpu(s): 62.8 us, 20.1 sy,  0.0 ni, 10.1 id,  0.0 wa,  0.0 hi,  7.0 si,  0.0 st
%Cpu(s): 67.7 us, 19.4 sy,  0.0 ni,  7.5 id,  0.0 wa,  0.0 hi,  5.5 si,  0.0 st
%Cpu(s): 71.4 us, 16.1 sy,  0.0 ni,  4.0 id,  0.0 wa,  0.0 hi,  8.5 si,  0.0 st
%Cpu(s): 64.4 us, 20.1 sy,  0.0 ni,  9.3 id,  0.0 wa,  0.0 hi,  6.2 si,  0.0 st
%Cpu(s): 64.5 us, 18.5 sy,  0.0 ni,  7.5 id,  0.0 wa,  0.0 hi,  9.5 si,  0.0 st
%Cpu(s): 74.2 us, 17.2 sy,  0.0 ni,  3.0 id,  0.0 wa,  0.0 hi,  5.6 si,  0.0 st
%Cpu(s): 76.7 us, 14.9 sy,  0.0 ni,  0.5 id,  0.0 wa,  0.0 hi,  7.9 si,  0.0 st
%Cpu(s): 71.9 us, 16.8 sy,  0.0 ni,  5.6 id,  0.0 wa,  0.0 hi,  5.6 si,  0.0 st
%Cpu(s): 62.5 us, 18.5 sy,  0.0 ni, 11.5 id,  0.0 wa,  0.0 hi,  7.5 si,  0.0 st
%Cpu(s): 65.5 us, 21.5 sy,  0.0 ni,  5.0 id,  0.0 wa,  0.0 hi,  8.0 si,  0.0 st
%Cpu(s): 69.5 us, 15.7 sy,  0.0 ni,  7.1 id,  0.0 wa,  0.0 hi,  7.6 si,  0.0 st
%Cpu(s): 66.3 us,  9.7 sy,  0.0 ni, 20.4 id,  0.0 wa,  0.0 hi,  3.6 si,  0.0 st
%Cpu(s): 59.0 us, 11.8 sy,  0.0 ni, 24.6 id,  0.0 wa,  0.0 hi,  4.6 si,  0.0 st
%Cpu(s): 64.6 us, 10.4 sy,  0.0 ni, 20.3 id,  0.0 wa,  0.0 hi,  4.7 si,  0.0 st
%Cpu(s): 59.5 us, 14.4 sy,  0.0 ni, 21.0 id,  0.0 wa,  0.0 hi,  5.1 si,  0.0 st
%Cpu(s): 76.9 us, 14.6 sy,  0.0 ni,  0.5 id,  0.0 wa,  0.0 hi,  8.0 si,  0.0 st
%Cpu(s): 68.8 us, 12.1 sy,  0.0 ni, 13.1 id,  0.0 wa,  0.0 hi,  6.0 si,  0.0 st
%Cpu(s): 74.7 us,  8.8 sy,  0.0 ni, 11.3 id,  0.0 wa,  0.0 hi,  5.2 si,  0.0 st
%Cpu(s): 47.7 us, 10.3 sy,  0.0 ni, 37.4 id,  0.0 wa,  0.0 hi,  4.6 si,  0.0 st
%Cpu(s): 45.1 us, 19.0 sy,  0.0 ni, 32.6 id,  0.0 wa,  0.0 hi,  3.3 si,  0.0 st
%Cpu(s): 23.9 us, 10.1 sy,  0.0 ni, 63.3 id,  0.0 wa,  0.0 hi,  2.7 si,  0.0 st
%Cpu(s): 23.5 us, 11.2 sy,  0.0 ni, 60.9 id,  0.0 wa,  0.0 hi,  4.5 si,  0.0 st
%Cpu(s): 26.4 us, 12.1 sy,  0.0 ni, 58.8 id,  0.0 wa,  0.0 hi,  2.7 si,  0.0 st
%Cpu(s): 26.5 us, 13.0 sy,  0.0 ni, 56.8 id,  0.0 wa,  0.0 hi,  3.8 si,  0.0 st
%Cpu(s): 39.8 us, 11.3 sy,  0.0 ni, 43.0 id,  0.0 wa,  0.0 hi,  5.4 si,  0.5 st
%Cpu(s): 57.1 us, 19.9 sy,  0.0 ni, 16.8 id,  0.0 wa,  0.0 hi,  6.1 si,  0.0 st
%Cpu(s): 32.1 us, 14.4 sy,  0.0 ni, 49.2 id,  0.0 wa,  0.0 hi,  4.3 si,  0.0 st
%Cpu(s): 32.1 us, 13.6 sy,  0.0 ni, 48.4 id,  0.0 wa,  0.0 hi,  6.0 si,  0.0 st
%Cpu(s): 33.9 us, 14.0 sy,  0.0 ni, 47.3 id,  0.0 wa,  0.0 hi,  4.8 si,  0.0 st
%Cpu(s): 29.4 us, 15.0 sy,  0.0 ni, 51.3 id,  0.0 wa,  0.0 hi,  4.3 si,  0.0 st
%Cpu(s): 31.0 us, 14.7 sy,  0.0 ni, 51.1 id,  0.0 wa,  0.0 hi,  3.3 si,  0.0 st
%Cpu(s): 29.8 us, 13.5 sy,  0.0 ni, 54.5 id,  0.0 wa,  0.0 hi,  2.2 si,  0.0 st
%Cpu(s): 32.2 us, 11.1 sy,  0.0 ni, 53.9 id,  0.0 wa,  0.0 hi,  2.8 si,  0.0 st
%Cpu(s): 30.4 us, 12.3 sy,  0.0 ni, 55.6 id,  0.0 wa,  0.0 hi,  1.8 si,  0.0 st
%Cpu(s): 36.3 us, 14.8 sy,  0.0 ni, 45.1 id,  0.0 wa,  0.0 hi,  3.8 si,  0.0 st
%Cpu(s): 57.8 us, 21.1 sy,  0.0 ni, 14.6 id,  0.0 wa,  0.0 hi,  6.5 si,  0.0 st
%Cpu(s): 34.4 us, 17.5 sy,  0.0 ni, 45.0 id,  0.0 wa,  0.0 hi,  3.2 si,  0.0 st
%Cpu(s): 21.9 us,  9.3 sy,  0.0 ni, 65.6 id,  0.0 wa,  0.0 hi,  3.3 si,  0.0 st
%Cpu(s): 28.3 us, 12.8 sy,  0.0 ni, 56.7 id,  0.0 wa,  0.0 hi,  2.1 si,  0.0 st
%Cpu(s): 27.7 us, 12.7 sy,  0.0 ni, 54.9 id,  0.0 wa,  0.0 hi,  4.6 si,  0.0 st
%Cpu(s): 24.6 us, 12.6 sy,  0.0 ni, 61.2 id,  0.0 wa,  0.0 hi,  1.6 si,  0.0 st
%Cpu(s): 27.8 us, 22.5 sy,  0.0 ni, 46.0 id,  0.0 wa,  0.0 hi,  3.7 si,  0.0 st
%Cpu(s): 27.0 us, 13.5 sy,  0.0 ni, 57.3 id,  0.0 wa,  0.0 hi,  2.2 si,  0.0 st
%Cpu(s): 27.7 us, 12.8 sy,  0.0 ni, 55.9 id,  0.0 wa,  0.0 hi,  3.7 si,  0.0 st
%Cpu(s): 44.0 us, 11.5 sy,  0.0 ni, 37.7 id,  0.0 wa,  0.0 hi,  6.8 si,  0.0 st
%Cpu(s): 58.7 us, 16.4 sy,  0.0 ni, 15.9 id,  0.0 wa,  0.0 hi,  9.0 si,  0.0 st
%Cpu(s): 26.9 us, 11.8 sy,  0.0 ni, 58.1 id,  0.0 wa,  0.0 hi,  3.2 si,  0.0 st
%Cpu(s): 22.0 us, 10.4 sy,  0.0 ni, 65.4 id,  0.0 wa,  0.0 hi,  2.2 si,  0.0 st
%Cpu(s): 27.0 us,  9.7 sy,  0.0 ni, 59.5 id,  0.0 wa,  0.0 hi,  3.8 si,  0.0 st
%Cpu(s): 24.7 us, 12.4 sy,  0.0 ni, 60.1 id,  0.0 wa,  0.0 hi,  2.8 si,  0.0 st
%Cpu(s): 33.3 us, 15.1 sy,  0.0 ni, 45.2 id,  0.0 wa,  0.0 hi,  6.5 si,  0.0 st
%Cpu(s): 36.6 us, 14.0 sy,  0.0 ni, 45.2 id,  0.0 wa,  0.0 hi,  4.3 si,  0.0 st
%Cpu(s): 32.2 us, 12.6 sy,  0.0 ni, 50.0 id,  0.0 wa,  0.0 hi,  5.2 si,  0.0 st
%Cpu(s): 10.0 us,  8.9 sy,  0.0 ni, 79.5 id,  0.0 wa,  0.0 hi,  1.6 si,  0.0 st
%Cpu(s):  2.5 us,  1.0 sy,  0.0 ni, 96.5 id,  0.0 wa,  0.0 hi,  0.0 si,  0.0 st
%Cpu(s):  2.0 us,  2.0 sy,  0.0 ni, 96.0 id,  0.0 wa,  0.0 hi,  0.0 si,  0.0 st
%Cpu(s):  1.0 us,  1.5 sy,  0.0 ni, 97.5 id,  0.0 wa,  0.0 hi,  0.0 si,  0.0 st
%Cpu(s):  2.5 us,  1.0 sy,  0.0 ni, 94.0 id,  2.0 wa,  0.0 hi,  0.0 si,  0.5 st
