%Cpu(s):  2.2 us,  0.6 sy,  0.0 ni, 97.2 id,  0.0 wa,  0.0 hi,  0.0 si,  0.0 st
%Cpu(s):  6.9 us,  0.7 sy,  0.0 ni, 92.4 id,  0.0 wa,  0.0 hi,  0.0 si,  0.0 st
%Cpu(s):  0.1 us,  0.1 sy,  0.0 ni, 99.8 id,  0.0 wa,  0.0 hi,  0.0 si,  0.1 st
%Cpu(s):  0.1 us,  0.1 sy,  0.0 ni, 99.8 id,  0.0 wa,  0.0 hi,  0.0 si,  0.0 st
%Cpu(s):  0.0 us,  0.1 sy,  0.0 ni, 99.9 id,  0.0 wa,  0.0 hi,  0.0 si,  0.0 st
%Cpu(s):  3.4 us,  0.4 sy,  0.0 ni, 96.1 id,  0.0 wa,  0.0 hi,  0.1 si,  0.0 st
%Cpu(s):  7.3 us,  0.4 sy,  0.0 ni, 92.4 id,  0.0 wa,  0.0 hi,  0.0 si,  0.0 st
%Cpu(s):  6.1 us,  0.2 sy,  0.0 ni, 93.7 id,  0.0 wa,  0.0 hi,  0.0 si,  0.0 st
%Cpu(s):  7.9 us,  0.3 sy,  0.0 ni, 91.8 id,  0.0 wa,  0.0 hi,  0.0 si,  0.0 st
%Cpu(s): 12.2 us,  1.5 sy,  0.0 ni, 86.3 id,  0.0 wa,  0.0 hi,  0.1 si,  0.0 st
%Cpu(s):  9.8 us,  1.1 sy,  0.0 ni, 89.1 id,  0.0 wa,  0.0 hi,  0.0 si,  0.0 st
%Cpu(s): 36.1 us,  4.4 sy,  0.0 ni, 58.6 id,  0.0 wa,  0.0 hi,  0.8 si,  0.1 st
%Cpu(s): 46.2 us,  5.7 sy,  0.0 ni, 47.3 id,  0.0 wa,  0.0 hi,  0.8 si,  0.0 st
%Cpu(s): 46.0 us,  5.8 sy,  0.0 ni, 46.0 id,  0.0 wa,  0.0 hi,  2.1 si,  0.1 st
%Cpu(s): 41.1 us,  6.0 sy,  0.0 ni, 51.4 id,  0.0 wa,  0.0 hi,  1.4 si,  0.0 st
%Cpu(s): 31.8 us,  5.7 sy,  0.0 ni, 61.7 id,  0.0 wa,  0.0 hi,  0.7 si,  0.0 st
%Cpu(s): 10.2 us,  6.3 sy,  0.0 ni, 83.5 id,  0.0 wa,  0.0 hi,  0.1 si,  0.0 st
%Cpu(s):  9.8 us,  5.6 sy,  0.0 ni, 84.3 id,  0.0 wa,  0.0 hi,  0.3 si,  0.0 st
%Cpu(s):  9.8 us,  5.5 sy,  0.0 ni, 84.2 id,  0.0 wa,  0.0 hi,  0.5 si,  0.0 st
%Cpu(s): 13.2 us,  6.3 sy,  0.0 ni, 79.2 id,  0.0 wa,  0.0 hi,  1.3 si,  0.0 st
%Cpu(s):  7.8 us,  4.8 sy,  0.0 ni, 86.9 id,  0.0 wa,  0.0 hi,  0.5 si,  0.1 st
%Cpu(s):  7.4 us,  4.5 sy,  0.0 ni, 87.6 id,  0.0 wa,  0.0 hi,  0.5 si,  0.0 st
%Cpu(s):  7.7 us,  4.8 sy,  0.0 ni, 87.0 id,  0.0 wa,  0.0 hi,  0.5 si,  0.0 st
%Cpu(s):  7.7 us,  5.2 sy,  0.0 ni, 86.7 id,  0.0 wa,  0.0 hi,  0.4 si,  0.0 st
%Cpu(s):  6.9 us,  5.0 sy,  0.0 ni, 87.5 id,  0.0 wa,  0.0 hi,  0.5 si,  0.1 st
%Cpu(s):  8.4 us,  4.4 sy,  0.0 ni, 86.7 id,  0.0 wa,  0.0 hi,  0.4 si,  0.1 st
%Cpu(s):  7.7 us,  4.7 sy,  0.0 ni, 87.1 id,  0.0 wa,  0.0 hi,  0.5 si,  0.0 st
%Cpu(s):  7.7 us,  4.7 sy,  0.0 ni, 87.2 id,  0.0 wa,  0.0 hi,  0.4 si,  0.0 st
%Cpu(s): 10.7 us,  4.6 sy,  0.0 ni, 84.0 id,  0.0 wa,  0.0 hi,  0.7 si,  0.0 st
%Cpu(s):  8.0 us,  4.1 sy,  0.0 ni, 87.4 id,  0.0 wa,  0.0 hi,  0.5 si,  0.0 st
%Cpu(s):  7.2 us,  4.4 sy,  0.0 ni, 87.3 id,  0.0 wa,  0.0 hi,  1.1 si,  0.1 st
%Cpu(s):  8.1 us,  4.0 sy,  0.0 ni, 87.0 id,  0.0 wa,  0.0 hi,  0.9 si,  0.0 st
%Cpu(s):  8.0 us,  3.7 sy,  0.0 ni, 87.6 id,  0.0 wa,  0.0 hi,  0.7 si,  0.0 st
%Cpu(s):  6.9 us,  4.1 sy,  0.0 ni, 88.5 id,  0.0 wa,  0.0 hi,  0.5 si,  0.0 st
%Cpu(s):  7.3 us,  5.0 sy,  0.0 ni, 87.1 id,  0.0 wa,  0.0 hi,  0.6 si,  0.0 st
%Cpu(s):  7.8 us,  4.7 sy,  0.0 ni, 86.8 id,  0.0 wa,  0.0 hi,  0.6 si,  0.1 st
%Cpu(s):  8.4 us,  5.2 sy,  0.0 ni, 85.7 id,  0.0 wa,  0.0 hi,  0.7 si,  0.0 st
%Cpu(s):  8.0 us,  5.0 sy,  0.0 ni, 86.2 id,  0.0 wa,  0.0 hi,  0.9 si,  0.0 st
%Cpu(s):  8.2 us,  4.7 sy,  0.0 ni, 86.2 id,  0.0 wa,  0.0 hi,  0.9 si,  0.0 st
%Cpu(s):  8.0 us,  4.5 sy,  0.0 ni, 86.4 id,  0.1 wa,  0.0 hi,  0.9 si,  0.1 st
%Cpu(s):  7.6 us,  5.0 sy,  0.0 ni, 86.4 id,  0.0 wa,  0.0 hi,  1.0 si,  0.0 st
%Cpu(s):  8.0 us,  4.4 sy,  0.0 ni, 86.9 id,  0.0 wa,  0.0 hi,  0.7 si,  0.0 st
%Cpu(s):  7.9 us,  5.1 sy,  0.0 ni, 86.0 id,  0.0 wa,  0.0 hi,  0.9 si,  0.0 st
%Cpu(s):  8.2 us,  4.6 sy,  0.0 ni, 86.2 id,  0.0 wa,  0.0 hi,  1.0 si,  0.0 st
%Cpu(s):  7.3 us,  5.3 sy,  0.0 ni, 86.6 id,  0.0 wa,  0.0 hi,  0.9 si,  0.0 st
%Cpu(s):  6.9 us,  4.2 sy,  0.0 ni, 88.3 id,  0.0 wa,  0.0 hi,  0.6 si,  0.0 st
%Cpu(s):  7.7 us,  4.5 sy,  0.0 ni, 87.2 id,  0.0 wa,  0.0 hi,  0.6 si,  0.0 st
%Cpu(s):  7.8 us,  5.3 sy,  0.0 ni, 86.4 id,  0.0 wa,  0.0 hi,  0.5 si,  0.0 st
%Cpu(s):  8.1 us,  4.9 sy,  0.0 ni, 86.3 id,  0.0 wa,  0.0 hi,  0.6 si,  0.0 st
%Cpu(s):  8.6 us,  4.6 sy,  0.0 ni, 86.4 id,  0.0 wa,  0.0 hi,  0.3 si,  0.0 st
%Cpu(s):  7.7 us,  4.1 sy,  0.0 ni, 87.4 id,  0.0 wa,  0.0 hi,  0.7 si,  0.1 st
%Cpu(s):  7.1 us,  5.0 sy,  0.0 ni, 87.0 id,  0.0 wa,  0.0 hi,  0.9 si,  0.0 st
%Cpu(s):  7.1 us,  5.0 sy,  0.0 ni, 86.8 id,  0.0 wa,  0.0 hi,  1.1 si,  0.0 st
%Cpu(s):  7.5 us,  4.6 sy,  0.0 ni, 86.9 id,  0.0 wa,  0.0 hi,  1.1 si,  0.0 st
%Cpu(s):  8.1 us,  4.5 sy,  0.0 ni, 86.4 id,  0.0 wa,  0.0 hi,  1.0 si,  0.1 st
%Cpu(s):  8.0 us,  4.9 sy,  0.0 ni, 86.2 id,  0.0 wa,  0.0 hi,  0.9 si,  0.0 st
%Cpu(s):  9.0 us,  4.4 sy,  0.0 ni, 86.1 id,  0.0 wa,  0.0 hi,  0.5 si,  0.0 st
%Cpu(s):  7.7 us,  5.4 sy,  0.0 ni, 86.3 id,  0.0 wa,  0.0 hi,  0.5 si,  0.0 st
%Cpu(s):  8.1 us,  4.4 sy,  0.0 ni, 86.8 id,  0.0 wa,  0.0 hi,  0.7 si,  0.1 st
%Cpu(s):  8.9 us,  4.1 sy,  0.0 ni, 86.3 id,  0.0 wa,  0.0 hi,  0.7 si,  0.0 st
%Cpu(s):  8.5 us,  5.4 sy,  0.0 ni, 85.4 id,  0.0 wa,  0.0 hi,  0.7 si,  0.0 st
%Cpu(s):  7.8 us,  5.1 sy,  0.0 ni, 86.2 id,  0.0 wa,  0.0 hi,  0.9 si,  0.0 st
%Cpu(s):  7.5 us,  4.8 sy,  0.0 ni, 86.6 id,  0.0 wa,  0.0 hi,  1.0 si,  0.1 st
%Cpu(s):  7.2 us,  4.9 sy,  0.0 ni, 87.3 id,  0.0 wa,  0.0 hi,  0.7 si,  0.0 st
%Cpu(s):  7.3 us,  4.6 sy,  0.0 ni, 87.4 id,  0.0 wa,  0.0 hi,  0.7 si,  0.0 st
%Cpu(s):  7.3 us,  4.9 sy,  0.0 ni, 87.1 id,  0.0 wa,  0.0 hi,  0.7 si,  0.0 st
%Cpu(s):  6.5 us,  3.5 sy,  0.0 ni, 89.7 id,  0.0 wa,  0.0 hi,  0.3 si,  0.0 st
%Cpu(s):  4.1 us,  2.8 sy,  0.0 ni, 92.9 id,  0.0 wa,  0.0 hi,  0.1 si,  0.1 st
%Cpu(s):  3.9 us,  2.9 sy,  0.0 ni, 92.9 id,  0.0 wa,  0.0 hi,  0.2 si,  0.0 st
%Cpu(s):  4.0 us,  2.7 sy,  0.0 ni, 93.0 id,  0.0 wa,  0.0 hi,  0.3 si,  0.0 st
%Cpu(s):  3.3 us,  2.4 sy,  0.0 ni, 94.0 id,  0.0 wa,  0.0 hi,  0.3 si,  0.1 st
