%Cpu(s):  2.8 us,  1.8 sy,  0.0 ni, 95.1 id,  0.0 wa,  0.0 hi,  0.2 si,  0.0 st
%Cpu(s):  0.2 us,  0.0 sy,  0.0 ni, 99.8 id,  0.0 wa,  0.0 hi,  0.0 si,  0.0 st
%Cpu(s):  0.4 us,  0.1 sy,  0.0 ni, 99.4 id,  0.0 wa,  0.0 hi,  0.0 si,  0.1 st
%Cpu(s):  0.1 us,  0.1 sy,  0.0 ni, 99.8 id,  0.0 wa,  0.0 hi,  0.0 si,  0.0 st
%Cpu(s):  4.4 us,  0.5 sy,  0.0 ni, 95.0 id,  0.0 wa,  0.0 hi,  0.1 si,  0.0 st
%Cpu(s): 37.8 us,  3.5 sy,  0.0 ni, 58.1 id,  0.0 wa,  0.0 hi,  0.5 si,  0.1 st
%Cpu(s): 25.3 us,  2.0 sy,  0.0 ni, 72.3 id,  0.0 wa,  0.0 hi,  0.3 si,  0.1 st
%Cpu(s): 29.8 us,  3.2 sy,  0.0 ni, 66.5 id,  0.0 wa,  0.0 hi,  0.5 si,  0.0 st
%Cpu(s):  9.8 us,  3.5 sy,  0.0 ni, 86.1 id,  0.0 wa,  0.0 hi,  0.6 si,  0.0 st
%Cpu(s):  6.5 us,  4.6 sy,  0.0 ni, 88.4 id,  0.0 wa,  0.0 hi,  0.5 si,  0.0 st
%Cpu(s):  5.8 us,  4.4 sy,  0.0 ni, 89.5 id,  0.0 wa,  0.0 hi,  0.2 si,  0.1 st
%Cpu(s):  8.7 us,  3.5 sy,  0.0 ni, 87.3 id,  0.0 wa,  0.0 hi,  0.4 si,  0.1 st
%Cpu(s):  6.9 us,  4.0 sy,  0.0 ni, 88.3 id,  0.1 wa,  0.0 hi,  0.6 si,  0.1 st
%Cpu(s):  6.9 us,  3.4 sy,  0.0 ni, 89.6 id,  0.0 wa,  0.0 hi,  0.1 si,  0.0 st
%Cpu(s):  7.7 us,  4.1 sy,  0.0 ni, 87.7 id,  0.0 wa,  0.0 hi,  0.4 si,  0.1 st
%Cpu(s): 26.3 us,  4.3 sy,  0.0 ni, 68.9 id,  0.0 wa,  0.0 hi,  0.5 si,  0.0 st
%Cpu(s): 16.9 us,  4.0 sy,  0.0 ni, 78.6 id,  0.0 wa,  0.0 hi,  0.5 si,  0.0 st
%Cpu(s):  8.7 us,  5.0 sy,  0.0 ni, 85.6 id,  0.0 wa,  0.0 hi,  0.6 si,  0.0 st
%Cpu(s): 11.5 us,  4.5 sy,  0.0 ni, 83.3 id,  0.0 wa,  0.0 hi,  0.6 si,  0.1 st
%Cpu(s): 20.4 us,  7.8 sy,  0.0 ni, 69.9 id,  0.0 wa,  0.0 hi,  1.9 si,  0.0 st
%Cpu(s):  8.2 us,  7.1 sy,  0.0 ni, 83.7 id,  0.0 wa,  0.0 hi,  1.0 si,  0.0 st
%Cpu(s):  9.5 us,  7.9 sy,  0.0 ni, 82.0 id,  0.0 wa,  0.0 hi,  0.6 si,  0.0 st
%Cpu(s):  9.6 us,  7.2 sy,  0.0 ni, 82.2 id,  0.0 wa,  0.0 hi,  1.0 si,  0.0 st
%Cpu(s):  9.3 us,  7.7 sy,  0.0 ni, 82.8 id,  0.0 wa,  0.0 hi,  0.1 si,  0.0 st
%Cpu(s):  8.1 us,  6.8 sy,  0.0 ni, 83.4 id,  0.0 wa,  0.0 hi,  1.7 si,  0.0 st
%Cpu(s):  9.8 us,  7.1 sy,  0.0 ni, 81.2 id,  0.0 wa,  0.0 hi,  1.9 si,  0.0 st
%Cpu(s): 10.1 us,  6.4 sy,  0.0 ni, 82.0 id,  0.0 wa,  0.0 hi,  1.5 si,  0.0 st
%Cpu(s):  8.9 us,  7.8 sy,  0.0 ni, 81.5 id,  0.0 wa,  0.0 hi,  1.8 si,  0.0 st
%Cpu(s):  8.4 us,  7.7 sy,  0.0 ni, 82.2 id,  0.0 wa,  0.0 hi,  1.7 si,  0.0 st
%Cpu(s):  9.7 us,  6.7 sy,  0.0 ni, 82.3 id,  0.0 wa,  0.0 hi,  1.3 si,  0.0 st
%Cpu(s):  9.4 us,  7.6 sy,  0.0 ni, 83.0 id,  0.0 wa,  0.0 hi,  0.0 si,  0.0 st
%Cpu(s):  9.1 us,  7.0 sy,  0.0 ni, 82.5 id,  0.0 wa,  0.0 hi,  1.4 si,  0.0 st
%Cpu(s):  8.3 us,  6.9 sy,  0.0 ni, 83.2 id,  0.0 wa,  0.0 hi,  1.5 si,  0.0 st
%Cpu(s):  8.3 us,  7.9 sy,  0.0 ni, 82.2 id,  0.0 wa,  0.0 hi,  1.7 si,  0.0 st
%Cpu(s):  8.6 us,  7.8 sy,  0.0 ni, 82.5 id,  0.0 wa,  0.0 hi,  1.1 si,  0.0 st
%Cpu(s):  8.5 us,  7.7 sy,  0.0 ni, 82.1 id,  0.0 wa,  0.0 hi,  1.6 si,  0.0 st
%Cpu(s):  7.9 us,  8.3 sy,  0.0 ni, 81.6 id,  0.0 wa,  0.0 hi,  2.1 si,  0.0 st
%Cpu(s):  9.3 us,  7.3 sy,  0.0 ni, 81.9 id,  0.0 wa,  0.0 hi,  1.5 si,  0.0 st
%Cpu(s):  8.5 us,  8.3 sy,  0.0 ni, 81.6 id,  0.0 wa,  0.0 hi,  1.6 si,  0.0 st
%Cpu(s):  9.8 us,  7.5 sy,  0.0 ni, 81.0 id,  0.0 wa,  0.0 hi,  1.6 si,  0.0 st
%Cpu(s):  8.5 us,  7.1 sy,  0.0 ni, 82.6 id,  0.0 wa,  0.0 hi,  1.8 si,  0.0 st
%Cpu(s):  9.1 us,  7.4 sy,  0.0 ni, 81.5 id,  0.0 wa,  0.0 hi,  2.0 si,  0.0 st
%Cpu(s):  8.7 us,  7.5 sy,  0.0 ni, 81.7 id,  0.1 wa,  0.0 hi,  2.0 si,  0.0 st
%Cpu(s):  9.7 us,  7.6 sy,  0.0 ni, 80.9 id,  0.0 wa,  0.0 hi,  1.7 si,  0.0 st
%Cpu(s):  9.0 us,  7.4 sy,  0.0 ni, 81.5 id,  0.0 wa,  0.0 hi,  2.0 si,  0.0 st
%Cpu(s): 16.6 us,  7.4 sy,  0.0 ni, 74.3 id,  0.0 wa,  0.0 hi,  1.8 si,  0.0 st
%Cpu(s): 13.3 us,  8.0 sy,  0.0 ni, 77.0 id,  0.0 wa,  0.0 hi,  1.7 si,  0.0 st
%Cpu(s):  8.4 us,  6.8 sy,  0.0 ni, 82.9 id,  0.1 wa,  0.0 hi,  1.8 si,  0.0 st
%Cpu(s):  9.6 us,  7.6 sy,  0.0 ni, 81.0 id,  0.0 wa,  0.0 hi,  1.8 si,  0.0 st
%Cpu(s):  9.3 us,  8.2 sy,  0.0 ni, 80.3 id,  0.0 wa,  0.0 hi,  2.2 si,  0.0 st
%Cpu(s):  8.4 us,  8.2 sy,  0.0 ni, 81.9 id,  0.0 wa,  0.0 hi,  1.5 si,  0.0 st
%Cpu(s):  8.3 us,  7.3 sy,  0.0 ni, 82.8 id,  0.0 wa,  0.0 hi,  1.5 si,  0.0 st
%Cpu(s):  9.0 us,  6.9 sy,  0.0 ni, 82.4 id,  0.1 wa,  0.0 hi,  1.6 si,  0.0 st
%Cpu(s):  8.7 us,  8.0 sy,  0.0 ni, 81.8 id,  0.0 wa,  0.0 hi,  1.5 si,  0.0 st
%Cpu(s):  8.4 us,  9.0 sy,  0.0 ni, 80.5 id,  0.0 wa,  0.0 hi,  2.0 si,  0.1 st
%Cpu(s): 10.1 us,  7.3 sy,  0.0 ni, 81.2 id,  0.0 wa,  0.0 hi,  1.4 si,  0.0 st
%Cpu(s):  7.8 us,  7.7 sy,  0.0 ni, 82.6 id,  0.0 wa,  0.0 hi,  1.9 si,  0.0 st
%Cpu(s):  8.7 us,  8.9 sy,  0.0 ni, 81.1 id,  0.0 wa,  0.0 hi,  1.3 si,  0.0 st
%Cpu(s):  8.7 us,  8.9 sy,  0.0 ni, 80.7 id,  0.0 wa,  0.0 hi,  1.6 si,  0.0 st
%Cpu(s):  8.9 us,  7.1 sy,  0.0 ni, 82.7 id,  0.0 wa,  0.0 hi,  1.4 si,  0.0 st
%Cpu(s):  9.0 us,  7.3 sy,  0.0 ni, 82.1 id,  0.0 wa,  0.0 hi,  1.6 si,  0.0 st
%Cpu(s):  9.3 us,  7.9 sy,  0.0 ni, 81.5 id,  0.0 wa,  0.0 hi,  1.3 si,  0.0 st
%Cpu(s):  9.6 us,  7.7 sy,  0.0 ni, 81.1 id,  0.0 wa,  0.0 hi,  1.5 si,  0.0 st
%Cpu(s):  9.0 us,  8.1 sy,  0.0 ni, 80.6 id,  0.0 wa,  0.0 hi,  2.3 si,  0.0 st
%Cpu(s):  8.2 us,  7.3 sy,  0.0 ni, 82.7 id,  0.0 wa,  0.0 hi,  1.9 si,  0.0 st
%Cpu(s):  8.4 us,  7.7 sy,  0.0 ni, 82.3 id,  0.1 wa,  0.0 hi,  1.5 si,  0.0 st
%Cpu(s): 14.0 us,  7.8 sy,  0.0 ni, 77.3 id,  0.0 wa,  0.0 hi,  0.9 si,  0.0 st
%Cpu(s):  7.9 us,  5.9 sy,  0.0 ni, 86.2 id,  0.0 wa,  0.0 hi,  0.0 si,  0.0 st
%Cpu(s):  5.9 us,  6.8 sy,  0.0 ni, 86.1 id,  0.0 wa,  0.0 hi,  1.1 si,  0.0 st
%Cpu(s):  7.3 us,  5.7 sy,  0.0 ni, 85.6 id,  0.0 wa,  0.0 hi,  1.5 si,  0.0 st
%Cpu(s):  6.0 us,  5.2 sy,  0.0 ni, 87.7 id,  0.0 wa,  0.0 hi,  1.1 si,  0.0 st
%Cpu(s):  5.9 us,  4.0 sy,  0.0 ni, 89.0 id,  0.0 wa,  0.0 hi,  1.1 si,  0.0 st
%Cpu(s):  3.3 us,  2.5 sy,  0.0 ni, 94.1 id,  0.0 wa,  0.0 hi,  0.0 si,  0.1 st
%Cpu(s):  2.4 us,  2.2 sy,  0.0 ni, 95.3 id,  0.0 wa,  0.0 hi,  0.0 si,  0.1 st
%Cpu(s):  2.1 us,  0.8 sy,  0.0 ni, 97.1 id,  0.0 wa,  0.0 hi,  0.0 si,  0.0 st
%Cpu(s):  1.6 us,  1.3 sy,  0.0 ni, 97.1 id,  0.0 wa,  0.0 hi,  0.0 si,  0.0 st
%Cpu(s):  1.8 us,  0.9 sy,  0.0 ni, 97.4 id,  0.0 wa,  0.0 hi,  0.0 si,  0.0 st
%Cpu(s):  1.3 us,  0.4 sy,  0.0 ni, 98.2 id,  0.0 wa,  0.0 hi,  0.0 si,  0.1 st
%Cpu(s):  1.6 us,  1.3 sy,  0.0 ni, 97.1 id,  0.0 wa,  0.0 hi,  0.0 si,  0.0 st
%Cpu(s):  1.6 us,  1.0 sy,  0.0 ni, 97.2 id,  0.0 wa,  0.0 hi,  0.0 si,  0.1 st
%Cpu(s):  1.6 us,  0.9 sy,  0.0 ni, 97.4 id,  0.0 wa,  0.0 hi,  0.0 si,  0.1 st
%Cpu(s):  1.5 us,  0.9 sy,  0.0 ni, 97.6 id,  0.0 wa,  0.0 hi,  0.0 si,  0.0 st
%Cpu(s):  1.4 us,  1.1 sy,  0.0 ni, 97.4 id,  0.0 wa,  0.0 hi,  0.0 si,  0.1 st
%Cpu(s):  1.9 us,  1.1 sy,  0.0 ni, 96.8 id,  0.0 wa,  0.0 hi,  0.1 si,  0.1 st
%Cpu(s):  1.1 us,  0.6 sy,  0.0 ni, 98.2 id,  0.0 wa,  0.0 hi,  0.0 si,  0.0 st
%Cpu(s):  0.1 us,  0.1 sy,  0.0 ni, 99.8 id,  0.0 wa,  0.0 hi,  0.0 si,  0.0 st
%Cpu(s):  0.2 us,  0.0 sy,  0.0 ni, 99.8 id,  0.0 wa,  0.0 hi,  0.0 si,  0.0 st
%Cpu(s):  0.1 us,  0.1 sy,  0.0 ni, 99.8 id,  0.0 wa,  0.0 hi,  0.0 si,  0.0 st
%Cpu(s):  0.2 us,  0.2 sy,  0.0 ni, 99.5 id,  0.0 wa,  0.0 hi,  0.0 si,  0.0 st
