%Cpu(s):  1.7 us,  0.7 sy,  0.0 ni, 97.4 id,  0.0 wa,  0.0 hi,  0.1 si,  0.0 st
%Cpu(s): 25.8 us,  0.9 sy,  0.0 ni, 73.4 id,  0.0 wa,  0.0 hi,  0.0 si,  0.0 st
%Cpu(s):  0.5 us,  0.1 sy,  0.0 ni, 99.4 id,  0.0 wa,  0.0 hi,  0.0 si,  0.0 st
%Cpu(s):  0.1 us,  0.1 sy,  0.0 ni, 99.8 id,  0.0 wa,  0.0 hi,  0.0 si,  0.0 st
%Cpu(s): 24.3 us,  2.3 sy,  0.0 ni, 73.4 id,  0.0 wa,  0.0 hi,  0.0 si,  0.0 st
%Cpu(s): 52.6 us,  1.7 sy,  0.0 ni, 45.5 id,  0.0 wa,  0.0 hi,  0.0 si,  0.2 st
%Cpu(s): 69.9 us,  2.0 sy,  0.0 ni, 28.1 id,  0.0 wa,  0.0 hi,  0.0 si,  0.0 st
%Cpu(s): 57.2 us,  1.6 sy,  0.0 ni, 40.9 id,  0.1 wa,  0.0 hi,  0.0 si,  0.1 st
%Cpu(s):  9.5 us,  0.3 sy,  0.0 ni, 90.2 id,  0.0 wa,  0.0 hi,  0.0 si,  0.0 st
%Cpu(s):  1.1 us,  1.5 sy,  0.0 ni, 97.1 id,  0.1 wa,  0.0 hi,  0.1 si,  0.0 st
%Cpu(s):  2.8 us,  1.1 sy,  0.0 ni, 95.9 id,  0.0 wa,  0.0 hi,  0.0 si,  0.1 st
%Cpu(s):  2.0 us,  1.0 sy,  0.0 ni, 97.0 id,  0.0 wa,  0.0 hi,  0.0 si,  0.0 st
%Cpu(s):  1.4 us,  1.0 sy,  0.0 ni, 97.6 id,  0.0 wa,  0.0 hi,  0.0 si,  0.0 st
%Cpu(s):  1.4 us,  1.0 sy,  0.0 ni, 97.6 id,  0.0 wa,  0.0 hi,  0.0 si,  0.0 st
%Cpu(s):  1.2 us,  2.0 sy,  0.0 ni, 96.8 id,  0.0 wa,  0.0 hi,  0.0 si,  0.0 st
%Cpu(s):  4.7 us,  2.1 sy,  0.0 ni, 93.0 id,  0.0 wa,  0.0 hi,  0.0 si,  0.2 st
%Cpu(s):  4.0 us,  1.3 sy,  0.0 ni, 94.7 id,  0.0 wa,  0.0 hi,  0.0 si,  0.0 st
%Cpu(s):  4.7 us,  2.4 sy,  0.0 ni, 92.9 id,  0.0 wa,  0.0 hi,  0.0 si,  0.0 st
%Cpu(s): 37.6 us,  2.0 sy,  0.0 ni, 59.6 id,  0.0 wa,  0.0 hi,  0.6 si,  0.1 st
%Cpu(s): 57.1 us,  3.9 sy,  0.0 ni, 37.5 id,  0.0 wa,  0.0 hi,  1.5 si,  0.0 st
%Cpu(s): 23.8 us,  4.0 sy,  0.0 ni, 70.9 id,  0.0 wa,  0.0 hi,  1.1 si,  0.1 st
%Cpu(s): 10.7 us,  4.7 sy,  0.0 ni, 84.1 id,  0.0 wa,  0.0 hi,  0.5 si,  0.0 st
%Cpu(s):  6.6 us,  4.3 sy,  0.0 ni, 87.6 id,  0.6 wa,  0.0 hi,  0.9 si,  0.0 st
%Cpu(s):  8.9 us,  3.8 sy,  0.0 ni, 86.9 id,  0.0 wa,  0.0 hi,  0.5 si,  0.0 st
%Cpu(s):  9.6 us,  3.8 sy,  0.0 ni, 85.9 id,  0.0 wa,  0.0 hi,  0.6 si,  0.0 st
%Cpu(s):  6.8 us,  3.5 sy,  0.0 ni, 89.0 id,  0.0 wa,  0.0 hi,  0.6 si,  0.0 st
%Cpu(s):  7.0 us,  4.6 sy,  0.0 ni, 87.4 id,  0.0 wa,  0.0 hi,  1.1 si,  0.0 st
%Cpu(s):  6.8 us,  4.2 sy,  0.0 ni, 88.3 id,  0.0 wa,  0.0 hi,  0.6 si,  0.0 st
%Cpu(s):  6.5 us,  3.5 sy,  0.0 ni, 89.3 id,  0.0 wa,  0.0 hi,  0.6 si,  0.0 st
%Cpu(s):  7.1 us,  3.4 sy,  0.0 ni, 88.2 id,  0.0 wa,  0.0 hi,  1.0 si,  0.3 st
%Cpu(s): 17.8 us,  3.9 sy,  0.0 ni, 77.2 id,  0.0 wa,  0.0 hi,  1.1 si,  0.0 st
%Cpu(s): 17.5 us,  4.0 sy,  0.0 ni, 77.8 id,  0.0 wa,  0.0 hi,  0.8 si,  0.0 st
%Cpu(s): 13.2 us,  4.0 sy,  0.0 ni, 82.3 id,  0.0 wa,  0.0 hi,  0.5 si,  0.0 st
%Cpu(s):  6.6 us,  4.4 sy,  0.0 ni, 88.1 id,  0.0 wa,  0.0 hi,  0.9 si,  0.0 st
%Cpu(s):  7.2 us,  3.3 sy,  0.0 ni, 88.8 id,  0.1 wa,  0.0 hi,  0.6 si,  0.0 st
%Cpu(s):  6.3 us,  3.3 sy,  0.0 ni, 89.7 id,  0.0 wa,  0.0 hi,  0.6 si,  0.0 st
%Cpu(s):  6.6 us,  3.2 sy,  0.0 ni, 89.5 id,  0.0 wa,  0.0 hi,  0.6 si,  0.0 st
%Cpu(s):  7.8 us,  5.0 sy,  0.0 ni, 86.5 id,  0.0 wa,  0.0 hi,  0.6 si,  0.1 st
%Cpu(s):  6.3 us,  3.7 sy,  0.0 ni, 89.4 id,  0.0 wa,  0.0 hi,  0.6 si,  0.0 st
%Cpu(s):  7.4 us,  4.3 sy,  0.0 ni, 87.5 id,  0.0 wa,  0.0 hi,  0.9 si,  0.0 st
%Cpu(s):  7.3 us,  3.8 sy,  0.0 ni, 88.2 id,  0.0 wa,  0.0 hi,  0.8 si,  0.0 st
%Cpu(s):  7.3 us,  4.3 sy,  0.0 ni, 87.6 id,  0.0 wa,  0.0 hi,  0.8 si,  0.1 st
%Cpu(s):  5.2 us,  3.8 sy,  0.0 ni, 90.4 id,  0.0 wa,  0.0 hi,  0.6 si,  0.0 st
%Cpu(s): 12.1 us,  4.7 sy,  0.0 ni, 82.3 id,  0.0 wa,  0.0 hi,  0.9 si,  0.0 st
%Cpu(s): 17.3 us,  4.5 sy,  0.0 ni, 77.7 id,  0.0 wa,  0.0 hi,  0.5 si,  0.0 st
%Cpu(s): 16.8 us,  3.9 sy,  0.0 ni, 78.7 id,  0.0 wa,  0.0 hi,  0.6 si,  0.0 st
%Cpu(s):  8.2 us,  4.2 sy,  0.0 ni, 86.4 id,  0.0 wa,  0.0 hi,  1.1 si,  0.0 st
%Cpu(s):  5.9 us,  4.1 sy,  0.0 ni, 86.8 id,  2.7 wa,  0.0 hi,  0.6 si,  0.0 st
%Cpu(s):  7.1 us,  3.3 sy,  0.0 ni, 88.2 id,  0.0 wa,  0.0 hi,  1.3 si,  0.1 st
%Cpu(s):  7.6 us,  4.1 sy,  0.0 ni, 88.0 id,  0.0 wa,  0.0 hi,  0.3 si,  0.0 st
%Cpu(s):  6.3 us,  4.4 sy,  0.0 ni, 88.2 id,  0.0 wa,  0.0 hi,  1.0 si,  0.1 st
%Cpu(s):  5.6 us,  4.4 sy,  0.0 ni, 89.3 id,  0.0 wa,  0.0 hi,  0.6 si,  0.0 st
%Cpu(s):  4.8 us,  3.8 sy,  0.0 ni, 90.3 id,  0.0 wa,  0.0 hi,  1.0 si,  0.0 st
%Cpu(s):  6.4 us,  4.3 sy,  0.0 ni, 88.1 id,  0.0 wa,  0.0 hi,  1.3 si,  0.0 st
%Cpu(s):  6.8 us,  3.0 sy,  0.0 ni, 89.0 id,  0.1 wa,  0.0 hi,  1.0 si,  0.0 st
%Cpu(s):  7.4 us,  4.0 sy,  0.0 ni, 88.0 id,  0.0 wa,  0.0 hi,  0.6 si,  0.0 st
%Cpu(s):  8.2 us,  3.4 sy,  0.0 ni, 87.8 id,  0.0 wa,  0.0 hi,  0.6 si,  0.0 st
%Cpu(s): 17.1 us,  4.2 sy,  0.0 ni, 77.8 id,  0.0 wa,  0.0 hi,  0.9 si,  0.0 st
%Cpu(s): 18.2 us,  3.9 sy,  0.0 ni, 77.0 id,  0.0 wa,  0.0 hi,  0.9 si,  0.0 st
%Cpu(s): 17.4 us,  4.0 sy,  0.0 ni, 77.9 id,  0.0 wa,  0.0 hi,  0.7 si,  0.0 st
%Cpu(s): 11.0 us,  3.8 sy,  0.0 ni, 84.0 id,  0.0 wa,  0.0 hi,  1.1 si,  0.1 st
%Cpu(s):  6.1 us,  3.7 sy,  0.0 ni, 89.6 id,  0.0 wa,  0.0 hi,  0.5 si,  0.1 st
%Cpu(s):  6.4 us,  3.7 sy,  0.0 ni, 88.9 id,  0.0 wa,  0.0 hi,  1.0 si,  0.0 st
%Cpu(s):  7.4 us,  4.7 sy,  0.0 ni, 87.6 id,  0.0 wa,  0.0 hi,  0.2 si,  0.0 st
%Cpu(s):  6.6 us,  3.7 sy,  0.0 ni, 88.6 id,  0.0 wa,  0.0 hi,  1.1 si,  0.0 st
%Cpu(s):  5.5 us,  3.1 sy,  0.0 ni, 90.4 id,  0.0 wa,  0.0 hi,  0.9 si,  0.1 st
%Cpu(s):  4.8 us,  4.3 sy,  0.0 ni, 89.8 id,  0.0 wa,  0.0 hi,  1.0 si,  0.0 st
%Cpu(s):  7.8 us,  3.8 sy,  0.0 ni, 87.7 id,  0.0 wa,  0.0 hi,  0.8 si,  0.0 st
%Cpu(s):  8.8 us,  5.1 sy,  0.0 ni, 85.6 id,  0.0 wa,  0.0 hi,  0.5 si,  0.0 st
%Cpu(s):  7.4 us,  4.9 sy,  0.0 ni, 86.9 id,  0.1 wa,  0.0 hi,  0.6 si,  0.0 st
%Cpu(s): 16.5 us,  4.0 sy,  0.0 ni, 78.6 id,  0.0 wa,  0.0 hi,  0.9 si,  0.0 st
%Cpu(s): 17.6 us,  4.0 sy,  0.0 ni, 77.9 id,  0.0 wa,  0.0 hi,  0.5 si,  0.0 st
%Cpu(s): 13.3 us,  3.5 sy,  0.0 ni, 82.7 id,  0.0 wa,  0.0 hi,  0.4 si,  0.1 st
%Cpu(s):  9.5 us,  2.8 sy,  0.0 ni, 87.6 id,  0.0 wa,  0.0 hi,  0.1 si,  0.0 st
%Cpu(s):  3.5 us,  1.3 sy,  0.0 ni, 94.9 id,  0.0 wa,  0.0 hi,  0.4 si,  0.0 st
