%Cpu(s):  2.8 us,  1.8 sy,  0.0 ni, 95.1 id,  0.0 wa,  0.0 hi,  0.2 si,  0.0 st
%Cpu(s):  0.5 us,  0.2 sy,  0.0 ni, 99.3 id,  0.0 wa,  0.0 hi,  0.0 si,  0.0 st
%Cpu(s):  1.0 us,  0.1 sy,  0.0 ni, 98.9 id,  0.0 wa,  0.0 hi,  0.0 si,  0.0 st
%Cpu(s):  0.2 us,  0.1 sy,  0.0 ni, 99.6 id,  0.0 wa,  0.0 hi,  0.0 si,  0.0 st
%Cpu(s): 26.9 us,  2.1 sy,  0.0 ni, 70.3 id,  0.0 wa,  0.0 hi,  0.5 si,  0.1 st
%Cpu(s): 58.0 us, 10.0 sy,  0.0 ni, 30.2 id,  0.0 wa,  0.0 hi,  1.8 si,  0.0 st
%Cpu(s): 54.2 us, 10.4 sy,  0.0 ni, 34.1 id,  0.0 wa,  0.0 hi,  1.3 si,  0.0 st
%Cpu(s): 52.8 us, 10.4 sy,  0.0 ni, 35.8 id,  0.0 wa,  0.0 hi,  1.0 si,  0.0 st
%Cpu(s): 34.7 us,  9.8 sy,  0.0 ni, 54.4 id,  0.0 wa,  0.0 hi,  1.0 si,  0.0 st
%Cpu(s): 17.0 us, 10.4 sy,  0.0 ni, 72.1 id,  0.1 wa,  0.0 hi,  0.4 si,  0.0 st
%Cpu(s): 15.0 us,  9.8 sy,  0.0 ni, 74.5 id,  0.0 wa,  0.0 hi,  0.6 si,  0.0 st
%Cpu(s): 15.6 us,  9.1 sy,  0.0 ni, 74.5 id,  0.0 wa,  0.0 hi,  0.8 si,  0.0 st
%Cpu(s): 13.9 us,  9.2 sy,  0.0 ni, 76.6 id,  0.0 wa,  0.0 hi,  0.3 si,  0.0 st
%Cpu(s): 17.3 us, 10.0 sy,  0.0 ni, 71.5 id,  0.0 wa,  0.0 hi,  1.2 si,  0.0 st
%Cpu(s): 13.8 us,  8.9 sy,  0.0 ni, 75.0 id,  0.0 wa,  0.0 hi,  2.3 si,  0.0 st
%Cpu(s): 22.7 us, 10.1 sy,  0.0 ni, 64.6 id,  0.6 wa,  0.0 hi,  1.9 si,  0.0 st
%Cpu(s): 17.7 us,  9.9 sy,  0.0 ni, 70.3 id,  0.0 wa,  0.0 hi,  2.2 si,  0.0 st
%Cpu(s): 27.5 us, 10.1 sy,  0.0 ni, 60.3 id,  0.0 wa,  0.0 hi,  2.2 si,  0.0 st
%Cpu(s): 31.8 us, 10.9 sy,  0.0 ni, 55.6 id,  0.0 wa,  0.0 hi,  1.7 si,  0.0 st
%Cpu(s): 21.7 us, 13.5 sy,  0.0 ni, 64.3 id,  0.0 wa,  0.0 hi,  0.5 si,  0.0 st
%Cpu(s): 18.7 us, 11.7 sy,  0.0 ni, 68.5 id,  0.0 wa,  0.0 hi,  0.9 si,  0.1 st
%Cpu(s): 15.6 us, 11.6 sy,  0.0 ni, 71.9 id,  0.0 wa,  0.0 hi,  0.9 si,  0.0 st
%Cpu(s): 18.7 us, 11.8 sy,  0.0 ni, 68.6 id,  0.0 wa,  0.0 hi,  0.9 si,  0.0 st
%Cpu(s): 18.1 us, 12.4 sy,  0.0 ni, 68.7 id,  0.0 wa,  0.0 hi,  0.8 si,  0.0 st
%Cpu(s): 18.6 us, 13.5 sy,  0.0 ni, 67.2 id,  0.0 wa,  0.0 hi,  0.8 si,  0.0 st
%Cpu(s): 18.7 us, 12.4 sy,  0.0 ni, 68.5 id,  0.0 wa,  0.0 hi,  0.4 si,  0.0 st
%Cpu(s): 19.6 us, 12.8 sy,  0.0 ni, 66.9 id,  0.0 wa,  0.0 hi,  0.6 si,  0.0 st
%Cpu(s): 17.4 us, 11.9 sy,  0.0 ni, 70.3 id,  0.0 wa,  0.0 hi,  0.4 si,  0.0 st
%Cpu(s): 19.2 us, 12.3 sy,  0.0 ni, 67.9 id,  0.0 wa,  0.0 hi,  0.5 si,  0.0 st
%Cpu(s): 19.7 us, 10.6 sy,  0.0 ni, 69.1 id,  0.0 wa,  0.0 hi,  0.6 si,  0.0 st
%Cpu(s): 15.2 us, 10.6 sy,  0.0 ni, 73.1 id,  0.0 wa,  0.0 hi,  1.1 si,  0.0 st
%Cpu(s): 16.8 us, 10.6 sy,  0.0 ni, 71.8 id,  0.0 wa,  0.0 hi,  0.8 si,  0.0 st
%Cpu(s): 17.9 us, 12.7 sy,  0.0 ni, 68.7 id,  0.0 wa,  0.0 hi,  0.6 si,  0.0 st
%Cpu(s): 15.8 us, 11.9 sy,  0.0 ni, 71.4 id,  0.0 wa,  0.0 hi,  0.9 si,  0.0 st
%Cpu(s): 16.3 us, 11.7 sy,  0.0 ni, 70.6 id,  0.3 wa,  0.0 hi,  1.0 si,  0.0 st
%Cpu(s): 16.8 us, 12.2 sy,  0.0 ni, 70.3 id,  0.0 wa,  0.0 hi,  0.6 si,  0.0 st
%Cpu(s): 15.4 us, 11.6 sy,  0.0 ni, 72.4 id,  0.0 wa,  0.0 hi,  0.7 si,  0.0 st
%Cpu(s): 17.1 us, 11.5 sy,  0.0 ni, 71.2 id,  0.0 wa,  0.0 hi,  0.3 si,  0.0 st
%Cpu(s): 18.4 us, 11.1 sy,  0.0 ni, 69.6 id,  0.0 wa,  0.0 hi,  0.9 si,  0.0 st
%Cpu(s): 15.0 us, 13.2 sy,  0.0 ni, 71.1 id,  0.0 wa,  0.0 hi,  0.8 si,  0.0 st
%Cpu(s): 15.3 us, 11.1 sy,  0.0 ni, 72.2 id,  0.0 wa,  0.0 hi,  1.4 si,  0.0 st
%Cpu(s): 17.6 us, 10.6 sy,  0.0 ni, 71.2 id,  0.0 wa,  0.0 hi,  0.6 si,  0.0 st
%Cpu(s): 16.9 us, 12.1 sy,  0.0 ni, 70.7 id,  0.0 wa,  0.0 hi,  0.3 si,  0.0 st
%Cpu(s): 17.2 us, 12.6 sy,  0.0 ni, 69.8 id,  0.0 wa,  0.0 hi,  0.4 si,  0.0 st
%Cpu(s): 18.5 us, 13.0 sy,  0.0 ni, 66.6 id,  0.1 wa,  0.0 hi,  1.8 si,  0.0 st
%Cpu(s): 31.0 us, 12.2 sy,  0.0 ni, 52.8 id,  2.2 wa,  0.0 hi,  1.8 si,  0.0 st
%Cpu(s): 24.1 us, 12.6 sy,  0.0 ni, 62.8 id,  0.3 wa,  0.0 hi,  0.3 si,  0.0 st
%Cpu(s): 23.3 us, 11.4 sy,  0.0 ni, 64.9 id,  0.0 wa,  0.0 hi,  0.4 si,  0.0 st
%Cpu(s): 23.2 us, 11.5 sy,  0.0 ni, 64.3 id,  0.0 wa,  0.0 hi,  0.9 si,  0.1 st
%Cpu(s): 17.5 us, 12.2 sy,  0.0 ni, 69.9 id,  0.0 wa,  0.0 hi,  0.4 si,  0.0 st
%Cpu(s): 20.0 us, 13.2 sy,  0.0 ni, 66.5 id,  0.0 wa,  0.0 hi,  0.4 si,  0.0 st
%Cpu(s): 17.4 us, 12.5 sy,  0.0 ni, 69.4 id,  0.0 wa,  0.0 hi,  0.8 si,  0.0 st
%Cpu(s): 19.1 us, 11.9 sy,  0.0 ni, 68.4 id,  0.0 wa,  0.0 hi,  0.5 si,  0.0 st
%Cpu(s): 20.2 us, 10.2 sy,  0.0 ni, 69.3 id,  0.0 wa,  0.0 hi,  0.3 si,  0.0 st
%Cpu(s): 19.6 us, 10.8 sy,  0.0 ni, 69.1 id,  0.1 wa,  0.0 hi,  0.4 si,  0.0 st
%Cpu(s): 19.5 us, 11.8 sy,  0.0 ni, 68.4 id,  0.0 wa,  0.0 hi,  0.3 si,  0.0 st
%Cpu(s): 19.0 us, 13.2 sy,  0.0 ni, 67.3 id,  0.0 wa,  0.0 hi,  0.5 si,  0.0 st
%Cpu(s): 20.0 us, 12.1 sy,  0.0 ni, 67.4 id,  0.0 wa,  0.0 hi,  0.5 si,  0.0 st
%Cpu(s): 19.4 us, 12.4 sy,  0.0 ni, 67.6 id,  0.0 wa,  0.0 hi,  0.6 si,  0.0 st
%Cpu(s): 18.4 us, 11.6 sy,  0.0 ni, 68.8 id,  0.5 wa,  0.0 hi,  0.6 si,  0.0 st
%Cpu(s): 17.9 us, 12.5 sy,  0.0 ni, 69.3 id,  0.0 wa,  0.0 hi,  0.3 si,  0.0 st
%Cpu(s): 18.6 us, 11.1 sy,  0.0 ni, 69.9 id,  0.0 wa,  0.0 hi,  0.4 si,  0.0 st
%Cpu(s):  9.9 us,  8.5 sy,  0.0 ni, 81.3 id,  0.0 wa,  0.0 hi,  0.3 si,  0.0 st
%Cpu(s):  7.3 us,  6.0 sy,  0.0 ni, 84.7 id,  0.0 wa,  0.0 hi,  2.0 si,  0.0 st
%Cpu(s):  7.0 us,  5.3 sy,  0.0 ni, 86.1 id,  0.0 wa,  0.0 hi,  1.6 si,  0.0 st
%Cpu(s):  6.4 us,  7.7 sy,  0.0 ni, 85.1 id,  0.0 wa,  0.0 hi,  0.9 si,  0.0 st
%Cpu(s):  7.3 us,  5.4 sy,  0.0 ni, 85.7 id,  0.0 wa,  0.0 hi,  1.6 si,  0.0 st
%Cpu(s):  6.6 us,  6.4 sy,  0.0 ni, 85.9 id,  0.0 wa,  0.0 hi,  1.1 si,  0.0 st
%Cpu(s):  5.6 us,  5.9 sy,  0.0 ni, 87.0 id,  0.0 wa,  0.0 hi,  1.5 si,  0.0 st
%Cpu(s):  5.8 us,  6.0 sy,  0.0 ni, 86.9 id,  0.0 wa,  0.0 hi,  1.3 si,  0.0 st
%Cpu(s):  5.5 us,  5.0 sy,  0.0 ni, 88.8 id,  0.0 wa,  0.0 hi,  0.8 si,  0.0 st
%Cpu(s):  6.4 us,  4.8 sy,  0.0 ni, 87.7 id,  0.0 wa,  0.0 hi,  1.0 si,  0.1 st
%Cpu(s):  6.0 us,  4.6 sy,  0.0 ni, 88.2 id,  0.0 wa,  0.0 hi,  1.1 si,  0.0 st
%Cpu(s):  6.5 us,  5.1 sy,  0.0 ni, 87.3 id,  0.0 wa,  0.0 hi,  1.1 si,  0.0 st
%Cpu(s):  4.8 us,  3.4 sy,  0.0 ni, 91.4 id,  0.0 wa,  0.0 hi,  0.4 si,  0.0 st
%Cpu(s):  4.3 us,  3.2 sy,  0.0 ni, 91.4 id,  1.0 wa,  0.0 hi,  0.1 si,  0.0 st
%Cpu(s):  3.4 us,  2.4 sy,  0.0 ni, 94.1 id,  0.1 wa,  0.0 hi,  0.0 si,  0.0 st
%Cpu(s):  2.2 us,  1.1 sy,  0.0 ni, 96.5 id,  0.0 wa,  0.0 hi,  0.0 si,  0.1 st
%Cpu(s):  2.7 us,  1.2 sy,  0.0 ni, 96.0 id,  0.0 wa,  0.0 hi,  0.0 si,  0.0 st
%Cpu(s):  1.9 us,  0.8 sy,  0.0 ni, 97.2 id,  0.1 wa,  0.0 hi,  0.0 si,  0.0 st
%Cpu(s):  0.1 us,  0.2 sy,  0.0 ni, 99.6 id,  0.0 wa,  0.0 hi,  0.0 si,  0.0 st
%Cpu(s):  0.1 us,  0.1 sy,  0.0 ni, 99.8 id,  0.0 wa,  0.0 hi,  0.0 si,  0.0 st
%Cpu(s):  0.2 us,  0.1 sy,  0.0 ni, 99.6 id,  0.0 wa,  0.0 hi,  0.0 si,  0.0 st
%Cpu(s):  0.2 us,  0.2 sy,  0.0 ni, 99.5 id,  0.0 wa,  0.0 hi,  0.0 si,  0.0 st
