%Cpu(s):  1.7 us,  0.7 sy,  0.0 ni, 97.4 id,  0.0 wa,  0.0 hi,  0.1 si,  0.1 st
%Cpu(s): 23.5 us,  0.7 sy,  0.0 ni, 75.6 id,  0.0 wa,  0.0 hi,  0.1 si,  0.0 st
%Cpu(s):  0.7 us,  0.2 sy,  0.0 ni, 99.0 id,  0.0 wa,  0.0 hi,  0.0 si,  0.0 st
%Cpu(s):  0.1 us,  0.0 sy,  0.0 ni, 99.9 id,  0.0 wa,  0.0 hi,  0.0 si,  0.0 st
%Cpu(s): 25.5 us,  2.4 sy,  0.0 ni, 72.1 id,  0.0 wa,  0.0 hi,  0.0 si,  0.0 st
%Cpu(s): 47.9 us,  1.3 sy,  0.0 ni, 50.4 id,  0.0 wa,  0.0 hi,  0.0 si,  0.4 st
%Cpu(s): 70.9 us,  1.9 sy,  0.0 ni, 27.2 id,  0.0 wa,  0.0 hi,  0.0 si,  0.0 st
%Cpu(s): 64.5 us,  1.9 sy,  0.0 ni, 33.4 id,  0.0 wa,  0.0 hi,  0.1 si,  0.1 st
%Cpu(s): 10.2 us,  1.6 sy,  0.0 ni, 88.1 id,  0.1 wa,  0.0 hi,  0.0 si,  0.0 st
%Cpu(s):  1.8 us,  1.3 sy,  0.0 ni, 96.7 id,  0.0 wa,  0.0 hi,  0.0 si,  0.3 st
%Cpu(s):  1.6 us,  1.0 sy,  0.0 ni, 97.2 id,  0.0 wa,  0.0 hi,  0.0 si,  0.1 st
%Cpu(s):  2.7 us,  0.5 sy,  0.0 ni, 96.5 id,  0.0 wa,  0.0 hi,  0.1 si,  0.1 st
%Cpu(s):  2.2 us,  1.9 sy,  0.0 ni, 95.8 id,  0.0 wa,  0.0 hi,  0.0 si,  0.1 st
%Cpu(s):  1.9 us,  0.6 sy,  0.0 ni, 97.5 id,  0.0 wa,  0.0 hi,  0.0 si,  0.0 st
%Cpu(s):  1.8 us,  1.9 sy,  0.0 ni, 96.2 id,  0.0 wa,  0.0 hi,  0.0 si,  0.1 st
%Cpu(s):  3.9 us,  1.2 sy,  0.0 ni, 94.6 id,  0.0 wa,  0.0 hi,  0.0 si,  0.2 st
%Cpu(s): 11.2 us,  1.6 sy,  0.0 ni, 87.0 id,  0.0 wa,  0.0 hi,  0.0 si,  0.1 st
%Cpu(s):  6.2 us,  2.3 sy,  0.0 ni, 91.3 id,  0.0 wa,  0.0 hi,  0.0 si,  0.1 st
%Cpu(s): 38.4 us,  4.3 sy,  0.0 ni, 56.3 id,  0.0 wa,  0.0 hi,  0.9 si,  0.0 st
%Cpu(s): 60.6 us,  6.4 sy,  0.0 ni, 30.1 id,  0.0 wa,  0.0 hi,  2.9 si,  0.0 st
%Cpu(s): 25.9 us,  4.7 sy,  0.0 ni, 67.3 id,  0.0 wa,  0.0 hi,  1.9 si,  0.1 st
%Cpu(s): 25.8 us,  6.9 sy,  0.0 ni, 66.0 id,  0.0 wa,  0.0 hi,  1.4 si,  0.0 st
%Cpu(s): 16.2 us,  6.7 sy,  0.0 ni, 75.1 id,  0.0 wa,  0.0 hi,  1.9 si,  0.1 st
%Cpu(s): 10.3 us,  6.0 sy,  0.0 ni, 76.2 id,  5.8 wa,  0.0 hi,  1.7 si,  0.0 st
%Cpu(s): 11.7 us,  5.1 sy,  0.0 ni, 81.0 id,  0.0 wa,  0.0 hi,  2.0 si,  0.1 st
%Cpu(s):  8.6 us,  5.3 sy,  0.0 ni, 83.9 id,  0.0 wa,  0.0 hi,  2.2 si,  0.0 st
%Cpu(s): 19.6 us,  5.0 sy,  0.0 ni, 73.7 id,  0.0 wa,  0.0 hi,  1.7 si,  0.0 st
%Cpu(s): 12.8 us,  5.5 sy,  0.0 ni, 80.1 id,  0.0 wa,  0.0 hi,  1.6 si,  0.0 st
%Cpu(s):  9.1 us,  5.1 sy,  0.0 ni, 83.6 id,  0.0 wa,  0.0 hi,  2.2 si,  0.0 st
%Cpu(s):  8.1 us,  5.3 sy,  0.0 ni, 84.1 id,  0.0 wa,  0.0 hi,  2.3 si,  0.1 st
%Cpu(s):  7.4 us,  4.3 sy,  0.0 ni, 86.5 id,  0.0 wa,  0.0 hi,  1.8 si,  0.0 st
%Cpu(s): 14.8 us,  4.9 sy,  0.0 ni, 79.5 id,  0.0 wa,  0.0 hi,  0.9 si,  0.0 st
%Cpu(s): 11.7 us,  5.1 sy,  0.0 ni, 82.4 id,  0.0 wa,  0.0 hi,  0.8 si,  0.0 st
%Cpu(s):  4.3 us,  4.3 sy,  0.0 ni, 90.3 id,  0.1 wa,  0.0 hi,  0.8 si,  0.1 st
%Cpu(s):  5.8 us,  3.8 sy,  0.0 ni, 89.7 id,  0.0 wa,  0.0 hi,  0.5 si,  0.1 st
%Cpu(s):  6.6 us,  4.4 sy,  0.0 ni, 87.7 id,  0.0 wa,  0.0 hi,  1.3 si,  0.0 st
%Cpu(s):  5.1 us,  4.6 sy,  0.0 ni, 89.8 id,  0.0 wa,  0.0 hi,  0.5 si,  0.0 st
%Cpu(s):  7.5 us,  3.9 sy,  0.0 ni, 87.3 id,  0.0 wa,  0.0 hi,  1.1 si,  0.1 st
%Cpu(s):  6.2 us,  5.0 sy,  0.0 ni, 87.4 id,  0.0 wa,  0.0 hi,  1.4 si,  0.0 st
%Cpu(s):  6.2 us,  4.8 sy,  0.0 ni, 88.1 id,  0.0 wa,  0.0 hi,  0.9 si,  0.0 st
%Cpu(s): 13.5 us,  4.6 sy,  0.0 ni, 80.9 id,  0.0 wa,  0.0 hi,  0.9 si,  0.1 st
%Cpu(s): 14.4 us,  3.9 sy,  0.0 ni, 80.6 id,  0.0 wa,  0.0 hi,  1.1 si,  0.0 st
%Cpu(s):  5.6 us,  3.8 sy,  0.0 ni, 90.1 id,  0.0 wa,  0.0 hi,  0.5 si,  0.0 st
%Cpu(s):  5.5 us,  4.6 sy,  0.0 ni, 88.9 id,  0.0 wa,  0.0 hi,  0.9 si,  0.1 st
%Cpu(s):  7.0 us,  4.9 sy,  0.0 ni, 87.5 id,  0.0 wa,  0.0 hi,  0.6 si,  0.0 st
%Cpu(s):  5.4 us,  3.9 sy,  0.0 ni, 90.0 id,  0.0 wa,  0.0 hi,  0.6 si,  0.1 st
%Cpu(s):  5.7 us,  4.1 sy,  0.0 ni, 89.2 id,  0.0 wa,  0.0 hi,  1.0 si,  0.0 st
%Cpu(s):  5.7 us,  3.9 sy,  0.0 ni, 89.6 id,  0.0 wa,  0.0 hi,  0.8 si,  0.0 st
%Cpu(s):  6.2 us,  4.1 sy,  0.0 ni, 88.6 id,  0.0 wa,  0.0 hi,  1.2 si,  0.0 st
%Cpu(s): 13.5 us,  3.4 sy,  0.0 ni, 81.8 id,  0.0 wa,  0.0 hi,  1.3 si,  0.0 st
%Cpu(s): 14.1 us,  4.1 sy,  0.0 ni, 80.3 id,  0.0 wa,  0.0 hi,  1.5 si,  0.0 st
%Cpu(s):  5.4 us,  3.8 sy,  0.0 ni, 89.7 id,  0.0 wa,  0.0 hi,  1.0 si,  0.1 st
%Cpu(s):  5.0 us,  3.9 sy,  0.0 ni, 89.8 id,  0.0 wa,  0.0 hi,  1.3 si,  0.0 st
%Cpu(s):  5.7 us,  4.1 sy,  0.0 ni, 89.1 id,  0.0 wa,  0.0 hi,  1.0 si,  0.1 st
%Cpu(s):  5.1 us,  4.1 sy,  0.0 ni, 90.1 id,  0.0 wa,  0.0 hi,  0.6 si,  0.1 st
%Cpu(s):  5.0 us,  3.6 sy,  0.0 ni, 90.5 id,  0.0 wa,  0.0 hi,  0.9 si,  0.0 st
%Cpu(s):  7.4 us,  4.3 sy,  0.0 ni, 87.1 id,  0.0 wa,  0.0 hi,  1.0 si,  0.1 st
%Cpu(s):  5.9 us,  4.6 sy,  0.0 ni, 88.5 id,  0.0 wa,  0.0 hi,  1.0 si,  0.0 st
%Cpu(s): 12.2 us,  4.8 sy,  0.0 ni, 81.9 id,  0.1 wa,  0.0 hi,  1.0 si,  0.0 st
%Cpu(s): 14.6 us,  5.7 sy,  0.0 ni, 78.8 id,  0.0 wa,  0.0 hi,  0.9 si,  0.0 st
%Cpu(s):  5.4 us,  5.5 sy,  0.0 ni, 87.9 id,  0.0 wa,  0.0 hi,  1.0 si,  0.1 st
%Cpu(s):  6.5 us,  3.9 sy,  0.0 ni, 88.8 id,  0.0 wa,  0.0 hi,  0.8 si,  0.0 st
%Cpu(s):  6.5 us,  4.0 sy,  0.0 ni, 88.7 id,  0.0 wa,  0.0 hi,  0.8 si,  0.0 st
%Cpu(s):  6.0 us,  3.9 sy,  0.0 ni, 89.2 id,  0.0 wa,  0.0 hi,  0.8 si,  0.1 st
%Cpu(s):  5.9 us,  5.1 sy,  0.0 ni, 88.0 id,  0.0 wa,  0.0 hi,  0.9 si,  0.1 st
%Cpu(s):  5.6 us,  3.5 sy,  0.0 ni, 89.8 id,  0.0 wa,  0.0 hi,  1.2 si,  0.0 st
%Cpu(s):  5.2 us,  2.7 sy,  0.0 ni, 90.9 id,  0.0 wa,  0.0 hi,  1.0 si,  0.1 st
%Cpu(s):  5.8 us,  4.8 sy,  0.0 ni, 88.5 id,  0.0 wa,  0.0 hi,  0.8 si,  0.1 st
%Cpu(s): 17.3 us,  4.2 sy,  0.0 ni, 77.5 id,  0.0 wa,  0.0 hi,  1.0 si,  0.0 st
%Cpu(s):  5.4 us,  2.3 sy,  0.0 ni, 92.2 id,  0.0 wa,  0.0 hi,  0.1 si,  0.0 st
%Cpu(s):  1.1 us,  1.4 sy,  0.0 ni, 97.4 id,  0.0 wa,  0.0 hi,  0.0 si,  0.1 st
%Cpu(s):  1.4 us,  1.3 sy,  0.0 ni, 97.2 id,  0.0 wa,  0.0 hi,  0.0 si,  0.1 st
%Cpu(s):  1.3 us,  1.5 sy,  0.0 ni, 96.9 id,  0.0 wa,  0.0 hi,  0.0 si,  0.4 st
%Cpu(s):  1.3 us,  1.6 sy,  0.0 ni, 96.7 id,  0.0 wa,  0.0 hi,  0.0 si,  0.4 st
%Cpu(s):  1.5 us,  1.0 sy,  0.0 ni, 97.2 id,  0.0 wa,  0.0 hi,  0.0 si,  0.3 st
%Cpu(s):  0.8 us,  0.6 sy,  0.0 ni, 98.4 id,  0.0 wa,  0.0 hi,  0.0 si,  0.3 st
%Cpu(s):  1.3 us,  1.8 sy,  0.0 ni, 96.7 id,  0.0 wa,  0.0 hi,  0.0 si,  0.3 st
%Cpu(s):  1.3 us,  0.6 sy,  0.0 ni, 97.7 id,  0.0 wa,  0.0 hi,  0.0 si,  0.4 st
%Cpu(s):  1.6 us,  1.5 sy,  0.0 ni, 96.6 id,  0.0 wa,  0.0 hi,  0.0 si,  0.2 st
