%Cpu(s):  1.6 us,  0.6 sy,  0.0 ni, 97.7 id,  0.0 wa,  0.0 hi,  0.1 si,  0.0 st
%Cpu(s): 23.8 us,  1.4 sy,  0.0 ni, 74.8 id,  0.0 wa,  0.0 hi,  0.0 si,  0.0 st
%Cpu(s): 24.9 us,  0.9 sy,  0.0 ni, 74.2 id,  0.0 wa,  0.0 hi,  0.0 si,  0.0 st
%Cpu(s): 26.5 us,  0.9 sy,  0.0 ni, 72.6 id,  0.0 wa,  0.0 hi,  0.0 si,  0.0 st
%Cpu(s): 20.8 us,  0.9 sy,  0.0 ni, 78.3 id,  0.0 wa,  0.0 hi,  0.0 si,  0.0 st
%Cpu(s): 27.0 us,  0.6 sy,  0.0 ni, 72.4 id,  0.0 wa,  0.0 hi,  0.0 si,  0.0 st
%Cpu(s): 39.7 us,  1.1 sy,  0.0 ni, 59.2 id,  0.0 wa,  0.0 hi,  0.0 si,  0.0 st
%Cpu(s):  4.7 us,  0.0 sy,  0.0 ni, 95.3 id,  0.0 wa,  0.0 hi,  0.0 si,  0.0 st
%Cpu(s):  0.0 us,  0.1 sy,  0.0 ni, 99.9 id,  0.0 wa,  0.0 hi,  0.0 si,  0.0 st
%Cpu(s):  4.0 us,  0.6 sy,  0.0 ni, 95.3 id,  0.0 wa,  0.0 hi,  0.0 si,  0.1 st
%Cpu(s): 59.0 us,  3.0 sy,  0.0 ni, 38.0 id,  0.0 wa,  0.0 hi,  0.0 si,  0.0 st
%Cpu(s): 54.9 us,  1.5 sy,  0.0 ni, 43.3 id,  0.0 wa,  0.0 hi,  0.2 si,  0.0 st
%Cpu(s): 58.3 us,  1.1 sy,  0.0 ni, 40.5 id,  0.0 wa,  0.0 hi,  0.0 si,  0.0 st
%Cpu(s): 79.8 us,  1.4 sy,  0.0 ni, 18.7 id,  0.0 wa,  0.0 hi,  0.0 si,  0.1 st
%Cpu(s): 74.3 us,  1.8 sy,  0.0 ni, 23.5 id,  0.1 wa,  0.0 hi,  0.3 si,  0.0 st
%Cpu(s): 38.0 us,  1.2 sy,  0.0 ni, 60.6 id,  0.0 wa,  0.0 hi,  0.1 si,  0.0 st
%Cpu(s): 45.0 us,  2.3 sy,  0.0 ni, 52.5 id,  0.0 wa,  0.0 hi,  0.3 si,  0.0 st
%Cpu(s): 40.9 us,  2.1 sy,  0.0 ni, 56.3 id,  0.0 wa,  0.0 hi,  0.7 si,  0.0 st
%Cpu(s): 48.5 us,  2.8 sy,  0.0 ni, 47.5 id,  0.0 wa,  0.0 hi,  1.1 si,  0.1 st
%Cpu(s): 69.0 us,  4.0 sy,  0.0 ni, 25.5 id,  0.0 wa,  0.0 hi,  1.4 si,  0.1 st
%Cpu(s): 62.9 us,  3.8 sy,  0.0 ni, 32.2 id,  0.0 wa,  0.0 hi,  1.1 si,  0.0 st
%Cpu(s): 53.1 us,  3.7 sy,  0.0 ni, 42.7 id,  0.0 wa,  0.0 hi,  0.5 si,  0.0 st
%Cpu(s): 36.4 us,  3.5 sy,  0.0 ni, 58.9 id,  0.0 wa,  0.0 hi,  1.0 si,  0.1 st
%Cpu(s): 24.7 us,  3.3 sy,  0.0 ni, 70.4 id,  0.0 wa,  0.0 hi,  1.5 si,  0.1 st
%Cpu(s): 15.3 us,  3.5 sy,  0.0 ni, 80.3 id,  0.0 wa,  0.0 hi,  0.9 si,  0.0 st
%Cpu(s): 12.5 us,  3.3 sy,  0.0 ni, 83.8 id,  0.0 wa,  0.0 hi,  0.3 si,  0.1 st
%Cpu(s):  5.4 us,  4.2 sy,  0.0 ni, 89.7 id,  0.0 wa,  0.0 hi,  0.6 si,  0.1 st
%Cpu(s):  9.9 us,  3.4 sy,  0.0 ni, 86.5 id,  0.0 wa,  0.0 hi,  0.1 si,  0.0 st
%Cpu(s):  5.1 us,  3.4 sy,  0.0 ni, 91.0 id,  0.0 wa,  0.0 hi,  0.4 si,  0.1 st
%Cpu(s):  7.6 us,  3.1 sy,  0.0 ni, 88.9 id,  0.0 wa,  0.0 hi,  0.5 si,  0.0 st
%Cpu(s):  5.8 us,  3.3 sy,  0.0 ni, 90.3 id,  0.0 wa,  0.0 hi,  0.5 si,  0.1 st
%Cpu(s):  8.9 us,  2.9 sy,  0.0 ni, 88.0 id,  0.0 wa,  0.0 hi,  0.3 si,  0.0 st
%Cpu(s):  8.6 us,  2.4 sy,  0.0 ni, 88.7 id,  0.0 wa,  0.0 hi,  0.1 si,  0.1 st
%Cpu(s): 19.5 us,  2.3 sy,  0.0 ni, 78.0 id,  0.0 wa,  0.0 hi,  0.3 si,  0.0 st
%Cpu(s):  7.2 us,  2.6 sy,  0.0 ni, 89.7 id,  0.0 wa,  0.0 hi,  0.4 si,  0.1 st
%Cpu(s):  5.3 us,  2.7 sy,  0.0 ni, 91.8 id,  0.0 wa,  0.0 hi,  0.1 si,  0.1 st
%Cpu(s): 19.8 us,  2.6 sy,  0.0 ni, 77.3 id,  0.0 wa,  0.0 hi,  0.3 si,  0.0 st
%Cpu(s): 20.0 us,  2.3 sy,  0.0 ni, 77.0 id,  0.0 wa,  0.0 hi,  0.8 si,  0.0 st
%Cpu(s): 11.7 us,  3.1 sy,  0.0 ni, 84.3 id,  0.0 wa,  0.0 hi,  0.8 si,  0.1 st
%Cpu(s):  4.0 us,  3.4 sy,  0.0 ni, 92.0 id,  0.0 wa,  0.0 hi,  0.3 si,  0.3 st
%Cpu(s):  4.9 us,  3.2 sy,  0.0 ni, 91.5 id,  0.0 wa,  0.0 hi,  0.3 si,  0.1 st
%Cpu(s):  4.4 us,  2.9 sy,  0.0 ni, 92.2 id,  0.0 wa,  0.0 hi,  0.4 si,  0.1 st
%Cpu(s):  4.8 us,  3.3 sy,  0.0 ni, 91.4 id,  0.0 wa,  0.0 hi,  0.4 si,  0.1 st
%Cpu(s):  4.7 us,  2.4 sy,  0.0 ni, 92.6 id,  0.0 wa,  0.0 hi,  0.1 si,  0.1 st
%Cpu(s):  4.4 us,  2.8 sy,  0.0 ni, 92.2 id,  0.1 wa,  0.0 hi,  0.4 si,  0.0 st
%Cpu(s): 10.7 us,  2.7 sy,  0.0 ni, 86.3 id,  0.0 wa,  0.0 hi,  0.3 si,  0.1 st
%Cpu(s): 11.2 us,  3.3 sy,  0.0 ni, 85.4 id,  0.0 wa,  0.0 hi,  0.1 si,  0.0 st
%Cpu(s):  5.7 us,  3.7 sy,  0.0 ni, 90.4 id,  0.0 wa,  0.0 hi,  0.1 si,  0.1 st
%Cpu(s): 11.6 us,  3.2 sy,  0.0 ni, 84.5 id,  0.0 wa,  0.0 hi,  0.6 si,  0.1 st
%Cpu(s):  4.2 us,  2.3 sy,  0.0 ni, 93.0 id,  0.0 wa,  0.0 hi,  0.4 si,  0.1 st
%Cpu(s):  4.1 us,  3.0 sy,  0.0 ni, 92.5 id,  0.0 wa,  0.0 hi,  0.4 si,  0.0 st
%Cpu(s):  5.2 us,  2.8 sy,  0.0 ni, 91.7 id,  0.0 wa,  0.0 hi,  0.3 si,  0.1 st
%Cpu(s):  3.7 us,  2.7 sy,  0.0 ni, 93.3 id,  0.0 wa,  0.0 hi,  0.4 si,  0.0 st
%Cpu(s):  6.2 us,  2.7 sy,  0.0 ni, 90.6 id,  0.0 wa,  0.0 hi,  0.4 si,  0.1 st
%Cpu(s):  3.8 us,  3.2 sy,  0.0 ni, 92.8 id,  0.0 wa,  0.0 hi,  0.3 si,  0.0 st
%Cpu(s):  3.8 us,  3.1 sy,  0.0 ni, 92.7 id,  0.0 wa,  0.0 hi,  0.3 si,  0.1 st
%Cpu(s):  5.6 us,  2.8 sy,  0.0 ni, 91.2 id,  0.0 wa,  0.0 hi,  0.5 si,  0.0 st
%Cpu(s):  4.2 us,  2.5 sy,  0.0 ni, 92.7 id,  0.0 wa,  0.0 hi,  0.4 si,  0.1 st
%Cpu(s):  4.2 us,  2.5 sy,  0.0 ni, 93.0 id,  0.0 wa,  0.0 hi,  0.3 si,  0.0 st
%Cpu(s):  4.6 us,  2.2 sy,  0.0 ni, 92.8 id,  0.0 wa,  0.0 hi,  0.4 si,  0.1 st
%Cpu(s):  4.0 us,  2.9 sy,  0.0 ni, 92.6 id,  0.0 wa,  0.0 hi,  0.4 si,  0.1 st
%Cpu(s):  5.3 us,  2.9 sy,  0.0 ni, 91.7 id,  0.0 wa,  0.0 hi,  0.1 si,  0.0 st
%Cpu(s):  4.1 us,  1.7 sy,  0.0 ni, 93.9 id,  0.0 wa,  0.0 hi,  0.3 si,  0.1 st
%Cpu(s):  4.0 us,  2.0 sy,  0.0 ni, 93.6 id,  0.0 wa,  0.0 hi,  0.3 si,  0.1 st
%Cpu(s):  4.4 us,  3.0 sy,  0.0 ni, 92.3 id,  0.0 wa,  0.0 hi,  0.1 si,  0.1 st
%Cpu(s):  4.7 us,  2.8 sy,  0.0 ni, 92.3 id,  0.0 wa,  0.0 hi,  0.3 si,  0.0 st
%Cpu(s):  5.8 us,  2.2 sy,  0.0 ni, 91.8 id,  0.0 wa,  0.0 hi,  0.1 si,  0.1 st
%Cpu(s):  4.4 us,  2.7 sy,  0.0 ni, 92.7 id,  0.0 wa,  0.0 hi,  0.3 si,  0.0 st
%Cpu(s):  4.6 us,  2.3 sy,  0.0 ni, 92.8 id,  0.0 wa,  0.0 hi,  0.3 si,  0.1 st
%Cpu(s):  2.1 us,  1.2 sy,  0.0 ni, 96.5 id,  0.0 wa,  0.0 hi,  0.1 si,  0.0 st
%Cpu(s):  0.6 us,  1.1 sy,  0.0 ni, 98.3 id,  0.0 wa,  0.0 hi,  0.0 si,  0.0 st
%Cpu(s):  0.3 us,  0.4 sy,  0.0 ni, 99.4 id,  0.0 wa,  0.0 hi,  0.0 si,  0.0 st
%Cpu(s):  0.6 us,  0.6 sy,  0.0 ni, 98.8 id,  0.0 wa,  0.0 hi,  0.0 si,  0.0 st
%Cpu(s):  0.7 us,  0.4 sy,  0.0 ni, 98.8 id,  0.0 wa,  0.0 hi,  0.0 si,  0.1 st
%Cpu(s):  0.9 us,  0.6 sy,  0.0 ni, 98.5 id,  0.0 wa,  0.0 hi,  0.0 si,  0.0 st
%Cpu(s):  1.7 us,  0.9 sy,  0.0 ni, 97.4 id,  0.0 wa,  0.0 hi,  0.0 si,  0.0 st
%Cpu(s):  0.4 us,  0.7 sy,  0.0 ni, 98.8 id,  0.0 wa,  0.0 hi,  0.0 si,  0.1 st
%Cpu(s):  0.6 us,  0.7 sy,  0.0 ni, 98.6 id,  0.0 wa,  0.0 hi,  0.0 si,  0.0 st
%Cpu(s):  1.0 us,  1.0 sy,  0.0 ni, 97.9 id,  0.0 wa,  0.0 hi,  0.1 si,  0.0 st
%Cpu(s):  1.0 us,  0.6 sy,  0.0 ni, 98.3 id,  0.1 wa,  0.0 hi,  0.0 si,  0.0 st
%Cpu(s):  0.5 us,  0.2 sy,  0.0 ni, 99.1 id,  0.0 wa,  0.0 hi,  0.0 si,  0.1 st
%Cpu(s):  0.9 us,  0.6 sy,  0.0 ni, 98.5 id,  0.0 wa,  0.0 hi,  0.0 si,  0.0 st
