%Cpu(s):  0.8 us,  0.4 sy,  0.0 ni, 98.7 id,  0.0 wa,  0.0 hi,  0.0 si,  0.0 st
%Cpu(s):  0.2 us,  0.2 sy,  0.0 ni, 99.5 id,  0.0 wa,  0.0 hi,  0.0 si,  0.0 st
%Cpu(s):  0.0 us,  0.1 sy,  0.0 ni, 99.9 id,  0.0 wa,  0.0 hi,  0.0 si,  0.0 st
%Cpu(s):  0.0 us,  0.2 sy,  0.0 ni, 99.8 id,  0.0 wa,  0.0 hi,  0.0 si,  0.0 st
%Cpu(s):  4.1 us,  0.4 sy,  0.0 ni, 95.1 id,  0.2 wa,  0.0 hi,  0.1 si,  0.0 st
%Cpu(s): 41.2 us,  3.2 sy,  0.0 ni, 55.3 id,  0.0 wa,  0.0 hi,  0.1 si,  0.1 st
%Cpu(s): 42.4 us,  5.8 sy,  0.0 ni, 51.1 id,  0.0 wa,  0.0 hi,  0.8 si,  0.0 st
%Cpu(s): 30.1 us,  4.6 sy,  0.0 ni, 64.6 id,  0.0 wa,  0.0 hi,  0.5 si,  0.1 st
%Cpu(s): 13.7 us,  5.2 sy,  0.0 ni, 80.9 id,  0.0 wa,  0.0 hi,  0.1 si,  0.0 st
%Cpu(s): 10.4 us,  5.8 sy,  0.0 ni, 83.1 id,  0.0 wa,  0.0 hi,  0.8 si,  0.0 st
%Cpu(s): 15.8 us,  4.6 sy,  0.0 ni, 78.6 id,  0.0 wa,  0.0 hi,  1.0 si,  0.0 st
%Cpu(s): 21.9 us,  6.4 sy,  0.0 ni, 70.7 id,  0.0 wa,  0.0 hi,  0.9 si,  0.0 st
%Cpu(s): 21.7 us,  5.9 sy,  0.0 ni, 71.1 id,  0.0 wa,  0.0 hi,  1.3 si,  0.0 st
%Cpu(s): 12.6 us,  7.2 sy,  0.0 ni, 79.5 id,  0.0 wa,  0.0 hi,  0.6 si,  0.0 st
%Cpu(s): 13.1 us,  7.3 sy,  0.0 ni, 79.4 id,  0.0 wa,  0.0 hi,  0.1 si,  0.1 st
%Cpu(s): 13.4 us,  7.0 sy,  0.0 ni, 79.5 id,  0.0 wa,  0.0 hi,  0.1 si,  0.0 st
%Cpu(s): 12.2 us,  8.2 sy,  0.0 ni, 78.8 id,  0.1 wa,  0.0 hi,  0.7 si,  0.0 st
%Cpu(s): 18.1 us, 12.0 sy,  0.0 ni, 68.2 id,  0.0 wa,  0.0 hi,  1.7 si,  0.0 st
%Cpu(s): 16.9 us,  9.0 sy,  0.0 ni, 72.2 id,  0.0 wa,  0.0 hi,  1.8 si,  0.1 st
%Cpu(s): 19.3 us, 11.7 sy,  0.0 ni, 68.7 id,  0.0 wa,  0.0 hi,  0.3 si,  0.0 st
%Cpu(s): 18.4 us, 10.3 sy,  0.0 ni, 70.6 id,  0.0 wa,  0.0 hi,  0.5 si,  0.1 st
%Cpu(s): 14.7 us, 10.6 sy,  0.0 ni, 73.4 id,  0.0 wa,  0.0 hi,  1.3 si,  0.0 st
%Cpu(s): 17.1 us, 11.2 sy,  0.0 ni, 71.0 id,  0.0 wa,  0.0 hi,  0.8 si,  0.0 st
%Cpu(s): 17.6 us, 11.1 sy,  0.0 ni, 70.5 id,  0.0 wa,  0.0 hi,  0.8 si,  0.1 st
%Cpu(s): 17.8 us,  9.2 sy,  0.0 ni, 71.3 id,  0.0 wa,  0.0 hi,  1.6 si,  0.1 st
%Cpu(s): 17.6 us,  9.1 sy,  0.0 ni, 72.3 id,  0.0 wa,  0.0 hi,  0.9 si,  0.1 st
%Cpu(s): 16.8 us,  9.3 sy,  0.0 ni, 73.1 id,  0.0 wa,  0.0 hi,  0.8 si,  0.0 st
%Cpu(s): 15.2 us,  9.2 sy,  0.0 ni, 73.9 id,  0.0 wa,  0.0 hi,  1.6 si,  0.1 st
%Cpu(s): 18.9 us,  9.8 sy,  0.0 ni, 70.4 id,  0.0 wa,  0.0 hi,  0.9 si,  0.0 st
%Cpu(s): 16.9 us,  9.5 sy,  0.0 ni, 72.5 id,  0.0 wa,  0.0 hi,  1.2 si,  0.0 st
%Cpu(s): 17.7 us,  9.6 sy,  0.0 ni, 71.8 id,  0.0 wa,  0.0 hi,  0.8 si,  0.1 st
%Cpu(s): 17.8 us, 10.7 sy,  0.0 ni, 70.9 id,  0.1 wa,  0.0 hi,  0.5 si,  0.0 st
%Cpu(s): 15.8 us, 10.1 sy,  0.0 ni, 73.2 id,  0.0 wa,  0.0 hi,  0.9 si,  0.0 st
%Cpu(s): 16.3 us, 10.0 sy,  0.0 ni, 72.1 id,  0.0 wa,  0.0 hi,  1.7 si,  0.0 st
%Cpu(s): 17.3 us, 11.7 sy,  0.0 ni, 70.0 id,  0.0 wa,  0.0 hi,  1.0 si,  0.0 st
%Cpu(s): 14.2 us,  9.7 sy,  0.0 ni, 74.7 id,  0.0 wa,  0.0 hi,  1.2 si,  0.1 st
%Cpu(s): 16.9 us, 10.9 sy,  0.0 ni, 70.2 id,  0.1 wa,  0.0 hi,  1.8 si,  0.1 st
%Cpu(s): 15.7 us,  8.8 sy,  0.0 ni, 74.0 id,  0.0 wa,  0.0 hi,  1.5 si,  0.0 st
%Cpu(s): 15.1 us,  9.3 sy,  0.0 ni, 71.2 id,  3.6 wa,  0.0 hi,  0.6 si,  0.1 st
%Cpu(s): 15.5 us, 10.4 sy,  0.0 ni, 73.3 id,  0.0 wa,  0.0 hi,  0.7 si,  0.1 st
%Cpu(s): 38.6 us,  7.8 sy,  0.0 ni, 52.5 id,  0.0 wa,  0.0 hi,  1.0 si,  0.0 st
%Cpu(s): 15.7 us,  8.8 sy,  0.0 ni, 74.4 id,  0.0 wa,  0.0 hi,  1.0 si,  0.1 st
%Cpu(s): 16.8 us,  9.0 sy,  0.0 ni, 73.0 id,  0.0 wa,  0.0 hi,  1.2 si,  0.0 st
%Cpu(s): 17.7 us,  9.9 sy,  0.0 ni, 71.7 id,  0.0 wa,  0.0 hi,  0.6 si,  0.0 st
%Cpu(s): 16.6 us,  9.1 sy,  0.0 ni, 73.1 id,  0.0 wa,  0.0 hi,  1.0 si,  0.1 st
%Cpu(s): 16.9 us, 11.5 sy,  0.0 ni, 70.5 id,  0.0 wa,  0.0 hi,  1.0 si,  0.0 st
%Cpu(s): 16.5 us, 10.7 sy,  0.0 ni, 71.4 id,  0.4 wa,  0.0 hi,  0.9 si,  0.0 st
%Cpu(s): 21.4 us, 11.7 sy,  0.0 ni, 65.9 id,  0.0 wa,  0.0 hi,  0.7 si,  0.2 st
%Cpu(s): 16.9 us,  9.9 sy,  0.0 ni, 72.7 id,  0.0 wa,  0.0 hi,  0.5 si,  0.0 st
%Cpu(s): 17.7 us, 11.3 sy,  0.0 ni, 70.3 id,  0.0 wa,  0.0 hi,  0.8 si,  0.0 st
%Cpu(s): 17.8 us,  9.3 sy,  0.0 ni, 72.6 id,  0.0 wa,  0.0 hi,  0.3 si,  0.0 st
%Cpu(s): 18.2 us,  9.1 sy,  0.0 ni, 71.7 id,  0.1 wa,  0.0 hi,  0.9 si,  0.0 st
%Cpu(s): 17.6 us,  9.8 sy,  0.0 ni, 71.3 id,  0.0 wa,  0.0 hi,  1.1 si,  0.1 st
%Cpu(s): 16.9 us,  8.1 sy,  0.0 ni, 73.6 id,  0.0 wa,  0.0 hi,  1.4 si,  0.0 st
%Cpu(s): 16.0 us,  8.6 sy,  0.0 ni, 73.7 id,  0.0 wa,  0.0 hi,  1.6 si,  0.1 st
%Cpu(s): 16.5 us,  9.5 sy,  0.0 ni, 72.6 id,  0.0 wa,  0.0 hi,  1.4 si,  0.0 st
%Cpu(s): 16.2 us, 10.0 sy,  0.0 ni, 72.9 id,  0.0 wa,  0.0 hi,  0.8 si,  0.1 st
%Cpu(s): 16.4 us,  9.7 sy,  0.0 ni, 72.8 id,  0.0 wa,  0.0 hi,  1.0 si,  0.0 st
%Cpu(s): 16.2 us,  8.6 sy,  0.0 ni, 75.0 id,  0.0 wa,  0.0 hi,  0.3 si,  0.0 st
%Cpu(s): 16.7 us,  9.2 sy,  0.0 ni, 73.9 id,  0.0 wa,  0.0 hi,  0.1 si,  0.1 st
%Cpu(s): 20.6 us, 10.3 sy,  0.0 ni, 67.6 id,  0.0 wa,  0.0 hi,  1.5 si,  0.0 st
%Cpu(s): 15.4 us, 10.4 sy,  0.0 ni, 74.0 id,  0.0 wa,  0.0 hi,  0.1 si,  0.1 st
%Cpu(s): 12.8 us,  9.7 sy,  0.0 ni, 76.9 id,  0.0 wa,  0.0 hi,  0.7 si,  0.0 st
%Cpu(s): 16.7 us,  9.9 sy,  0.0 ni, 72.5 id,  0.0 wa,  0.0 hi,  0.9 si,  0.0 st
%Cpu(s): 14.7 us, 10.3 sy,  0.0 ni, 74.0 id,  0.0 wa,  0.0 hi,  0.9 si,  0.0 st
%Cpu(s): 16.3 us,  9.6 sy,  0.0 ni, 73.1 id,  0.0 wa,  0.0 hi,  1.0 si,  0.0 st
%Cpu(s): 15.3 us,  9.2 sy,  0.0 ni, 74.4 id,  0.0 wa,  0.0 hi,  1.0 si,  0.1 st
%Cpu(s): 15.0 us, 10.4 sy,  0.0 ni, 73.9 id,  0.0 wa,  0.0 hi,  0.6 si,  0.1 st
%Cpu(s): 13.5 us,  9.9 sy,  0.0 ni, 74.6 id,  1.3 wa,  0.0 hi,  0.7 si,  0.0 st
%Cpu(s): 15.9 us, 10.2 sy,  0.0 ni, 72.5 id,  0.0 wa,  0.0 hi,  1.4 si,  0.0 st
%Cpu(s): 15.6 us,  9.5 sy,  0.0 ni, 73.1 id,  0.0 wa,  0.0 hi,  1.6 si,  0.1 st
%Cpu(s): 15.0 us,  9.7 sy,  0.0 ni, 73.7 id,  0.1 wa,  0.0 hi,  1.4 si,  0.0 st
%Cpu(s): 16.3 us,  9.4 sy,  0.0 ni, 73.6 id,  0.0 wa,  0.0 hi,  0.6 si,  0.0 st
%Cpu(s): 15.7 us, 10.0 sy,  0.0 ni, 73.9 id,  0.0 wa,  0.0 hi,  0.4 si,  0.0 st
%Cpu(s): 13.8 us,  8.0 sy,  0.0 ni, 76.8 id,  0.0 wa,  0.0 hi,  1.4 si,  0.0 st
%Cpu(s): 16.9 us,  9.9 sy,  0.0 ni, 71.8 id,  0.0 wa,  0.0 hi,  1.3 si,  0.1 st
%Cpu(s): 15.4 us, 11.1 sy,  0.0 ni, 71.4 id,  0.0 wa,  0.0 hi,  2.1 si,  0.0 st
%Cpu(s): 15.3 us,  9.0 sy,  0.0 ni, 73.8 id,  0.0 wa,  0.0 hi,  1.9 si,  0.0 st
%Cpu(s): 14.4 us,  9.0 sy,  0.0 ni, 74.9 id,  0.0 wa,  0.0 hi,  1.7 si,  0.0 st
%Cpu(s): 15.4 us, 10.7 sy,  0.0 ni, 73.1 id,  0.0 wa,  0.0 hi,  0.6 si,  0.1 st
%Cpu(s): 12.2 us,  9.2 sy,  0.0 ni, 78.6 id,  0.0 wa,  0.0 hi,  0.0 si,  0.0 st
%Cpu(s): 12.5 us, 10.0 sy,  0.0 ni, 75.8 id,  0.1 wa,  0.0 hi,  1.5 si,  0.0 st
%Cpu(s): 11.6 us,  8.8 sy,  0.0 ni, 77.9 id,  0.0 wa,  0.0 hi,  1.6 si,  0.0 st
%Cpu(s):  7.4 us,  6.1 sy,  0.0 ni, 84.9 id,  0.0 wa,  0.0 hi,  1.5 si,  0.0 st
%Cpu(s):  1.6 us,  0.7 sy,  0.0 ni, 97.6 id,  0.0 wa,  0.0 hi,  0.0 si,  0.0 st
%Cpu(s):  0.1 us,  0.1 sy,  0.0 ni, 99.8 id,  0.0 wa,  0.0 hi,  0.0 si,  0.0 st
%Cpu(s):  0.2 us,  0.1 sy,  0.0 ni, 99.6 id,  0.0 wa,  0.0 hi,  0.0 si,  0.0 st
%Cpu(s):  0.2 us,  0.1 sy,  0.0 ni, 99.6 id,  0.0 wa,  0.0 hi,  0.0 si,  0.0 st
