%Cpu(s):  3.2 us,  1.5 sy,  0.0 ni, 95.0 id,  0.0 wa,  0.0 hi,  0.2 si,  0.0 st
%Cpu(s):  2.6 us,  0.1 sy,  0.0 ni, 97.1 id,  0.1 wa,  0.0 hi,  0.0 si,  0.0 st
%Cpu(s):  0.5 us,  0.0 sy,  0.0 ni, 99.5 id,  0.0 wa,  0.0 hi,  0.0 si,  0.0 st
%Cpu(s):  0.5 us,  0.2 sy,  0.0 ni, 99.3 id,  0.0 wa,  0.0 hi,  0.0 si,  0.0 st
%Cpu(s): 14.6 us,  1.4 sy,  0.0 ni, 83.6 id,  0.2 wa,  0.0 hi,  0.1 si,  0.0 st
%Cpu(s): 57.7 us,  5.8 sy,  0.0 ni, 35.1 id,  0.0 wa,  0.0 hi,  1.4 si,  0.0 st
%Cpu(s): 52.4 us,  8.8 sy,  0.0 ni, 36.6 id,  0.0 wa,  0.0 hi,  2.3 si,  0.0 st
%Cpu(s): 36.7 us, 10.2 sy,  0.0 ni, 51.2 id,  0.0 wa,  0.0 hi,  1.8 si,  0.1 st
%Cpu(s): 20.5 us, 11.3 sy,  0.0 ni, 67.6 id,  0.0 wa,  0.0 hi,  0.6 si,  0.0 st
%Cpu(s): 19.7 us, 10.0 sy,  0.0 ni, 69.7 id,  0.0 wa,  0.0 hi,  0.6 si,  0.0 st
%Cpu(s): 20.3 us, 10.8 sy,  0.0 ni, 67.2 id,  0.0 wa,  0.0 hi,  1.6 si,  0.1 st
%Cpu(s): 19.8 us, 10.7 sy,  0.0 ni, 67.3 id,  0.1 wa,  0.0 hi,  2.1 si,  0.0 st
%Cpu(s): 20.0 us, 10.5 sy,  0.0 ni, 67.4 id,  0.0 wa,  0.0 hi,  2.1 si,  0.0 st
%Cpu(s): 19.9 us, 11.5 sy,  0.0 ni, 66.7 id,  0.0 wa,  0.0 hi,  1.9 si,  0.0 st
%Cpu(s): 21.0 us, 12.2 sy,  0.0 ni, 65.9 id,  0.0 wa,  0.0 hi,  1.0 si,  0.0 st
%Cpu(s): 20.3 us, 12.2 sy,  0.0 ni, 65.4 id,  0.0 wa,  0.0 hi,  2.0 si,  0.0 st
%Cpu(s): 19.6 us, 11.5 sy,  0.0 ni, 67.0 id,  0.0 wa,  0.0 hi,  2.0 si,  0.0 st
%Cpu(s): 19.0 us, 12.2 sy,  0.0 ni, 68.3 id,  0.0 wa,  0.0 hi,  0.5 si,  0.0 st
%Cpu(s): 16.6 us, 12.0 sy,  0.0 ni, 70.4 id,  0.0 wa,  0.0 hi,  0.9 si,  0.1 st
%Cpu(s): 17.9 us, 10.9 sy,  0.0 ni, 69.7 id,  0.0 wa,  0.0 hi,  1.4 si,  0.0 st
%Cpu(s): 18.1 us, 11.0 sy,  0.0 ni, 68.4 id,  0.0 wa,  0.0 hi,  2.5 si,  0.0 st
%Cpu(s): 16.9 us, 10.3 sy,  0.0 ni, 70.9 id,  0.0 wa,  0.0 hi,  1.8 si,  0.1 st
%Cpu(s): 20.0 us, 12.5 sy,  0.0 ni, 65.6 id,  0.0 wa,  0.0 hi,  2.0 si,  0.0 st
%Cpu(s): 20.9 us, 13.3 sy,  0.0 ni, 64.9 id,  0.0 wa,  0.0 hi,  0.9 si,  0.0 st
%Cpu(s): 19.1 us, 11.5 sy,  0.0 ni, 68.7 id,  0.0 wa,  0.0 hi,  0.7 si,  0.0 st
%Cpu(s): 19.1 us,  9.8 sy,  0.0 ni, 69.1 id,  0.0 wa,  0.0 hi,  2.0 si,  0.0 st
%Cpu(s): 18.7 us,  9.7 sy,  0.0 ni, 69.5 id,  0.1 wa,  0.0 hi,  2.0 si,  0.0 st
%Cpu(s): 17.0 us,  8.4 sy,  0.0 ni, 72.8 id,  0.0 wa,  0.0 hi,  1.9 si,  0.0 st
%Cpu(s): 17.3 us, 13.9 sy,  0.0 ni, 67.4 id,  0.0 wa,  0.0 hi,  1.3 si,  0.1 st
%Cpu(s): 25.6 us, 13.2 sy,  0.0 ni, 60.2 id,  0.0 wa,  0.0 hi,  1.0 si,  0.0 st
%Cpu(s): 40.6 us, 15.4 sy,  0.0 ni, 42.5 id,  0.0 wa,  0.0 hi,  1.4 si,  0.0 st
%Cpu(s): 21.0 us, 13.2 sy,  0.0 ni, 63.9 id,  0.0 wa,  0.0 hi,  1.9 si,  0.0 st
%Cpu(s): 22.1 us, 10.6 sy,  0.0 ni, 66.3 id,  0.0 wa,  0.0 hi,  1.0 si,  0.0 st
%Cpu(s): 20.0 us, 11.2 sy,  0.0 ni, 67.3 id,  0.0 wa,  0.0 hi,  1.5 si,  0.0 st
%Cpu(s): 20.2 us, 11.3 sy,  0.0 ni, 65.8 id,  0.0 wa,  0.0 hi,  2.5 si,  0.1 st
%Cpu(s): 21.4 us, 11.5 sy,  0.0 ni, 64.7 id,  0.0 wa,  0.0 hi,  2.4 si,  0.0 st
%Cpu(s): 21.6 us, 11.9 sy,  0.0 ni, 65.0 id,  0.0 wa,  0.0 hi,  1.6 si,  0.0 st
%Cpu(s): 17.2 us,  9.7 sy,  0.0 ni, 71.6 id,  0.0 wa,  0.0 hi,  1.6 si,  0.0 st
%Cpu(s): 16.7 us, 11.2 sy,  0.0 ni, 67.6 id,  3.1 wa,  0.0 hi,  1.4 si,  0.0 st
%Cpu(s): 19.2 us, 10.4 sy,  0.0 ni, 68.0 id,  0.0 wa,  0.0 hi,  2.4 si,  0.0 st
%Cpu(s): 21.0 us, 10.4 sy,  0.0 ni, 66.7 id,  0.0 wa,  0.0 hi,  1.9 si,  0.1 st
%Cpu(s): 20.2 us, 11.0 sy,  0.0 ni, 66.5 id,  0.3 wa,  0.0 hi,  2.1 si,  0.0 st
%Cpu(s): 26.1 us, 11.5 sy,  0.0 ni, 61.2 id,  0.0 wa,  0.0 hi,  1.3 si,  0.0 st
%Cpu(s): 22.7 us, 10.7 sy,  0.0 ni, 65.5 id,  0.0 wa,  0.0 hi,  1.1 si,  0.0 st
%Cpu(s): 26.3 us, 10.8 sy,  0.0 ni, 61.1 id,  0.0 wa,  0.0 hi,  1.8 si,  0.0 st
%Cpu(s): 18.8 us, 11.9 sy,  0.0 ni, 68.8 id,  0.0 wa,  0.0 hi,  0.5 si,  0.0 st
%Cpu(s): 21.5 us, 11.9 sy,  0.0 ni, 65.0 id,  0.0 wa,  0.0 hi,  1.4 si,  0.1 st
%Cpu(s): 20.7 us, 10.4 sy,  0.0 ni, 67.7 id,  0.0 wa,  0.0 hi,  1.2 si,  0.0 st
%Cpu(s): 20.4 us, 10.8 sy,  0.0 ni, 66.5 id,  0.0 wa,  0.0 hi,  2.4 si,  0.0 st
%Cpu(s): 19.8 us, 10.4 sy,  0.0 ni, 67.9 id,  0.0 wa,  0.0 hi,  1.9 si,  0.0 st
%Cpu(s): 20.5 us, 12.3 sy,  0.0 ni, 65.1 id,  0.0 wa,  0.0 hi,  2.0 si,  0.0 st
%Cpu(s): 20.5 us, 12.7 sy,  0.0 ni, 65.9 id,  0.1 wa,  0.0 hi,  0.7 si,  0.1 st
%Cpu(s): 20.7 us, 10.5 sy,  0.0 ni, 67.5 id,  0.0 wa,  0.0 hi,  1.4 si,  0.0 st
%Cpu(s): 19.8 us, 12.4 sy,  0.0 ni, 67.0 id,  0.0 wa,  0.0 hi,  0.8 si,  0.0 st
%Cpu(s): 19.8 us, 11.9 sy,  0.0 ni, 67.9 id,  0.0 wa,  0.0 hi,  0.4 si,  0.0 st
%Cpu(s): 17.5 us,  9.5 sy,  0.0 ni, 71.7 id,  0.0 wa,  0.0 hi,  1.3 si,  0.0 st
%Cpu(s): 20.0 us, 10.6 sy,  0.0 ni, 69.1 id,  0.1 wa,  0.0 hi,  0.3 si,  0.0 st
%Cpu(s): 20.8 us, 10.7 sy,  0.0 ni, 67.3 id,  0.0 wa,  0.0 hi,  1.0 si,  0.1 st
%Cpu(s): 21.6 us, 12.3 sy,  0.0 ni, 65.5 id,  0.0 wa,  0.0 hi,  0.5 si,  0.0 st
%Cpu(s): 20.6 us, 10.1 sy,  0.0 ni, 68.6 id,  0.0 wa,  0.0 hi,  0.8 si,  0.0 st
%Cpu(s): 21.9 us, 10.6 sy,  0.0 ni, 66.5 id,  0.0 wa,  0.0 hi,  1.0 si,  0.0 st
%Cpu(s): 21.5 us, 12.8 sy,  0.0 ni, 65.5 id,  0.0 wa,  0.0 hi,  0.1 si,  0.0 st
%Cpu(s): 17.7 us, 12.5 sy,  0.0 ni, 69.3 id,  0.0 wa,  0.0 hi,  0.4 si,  0.1 st
%Cpu(s): 18.4 us, 15.0 sy,  0.0 ni, 66.3 id,  0.0 wa,  0.0 hi,  0.3 si,  0.0 st
%Cpu(s): 18.9 us, 13.6 sy,  0.0 ni, 67.3 id,  0.0 wa,  0.0 hi,  0.3 si,  0.0 st
%Cpu(s): 15.4 us, 11.9 sy,  0.0 ni, 72.7 id,  0.0 wa,  0.0 hi,  0.0 si,  0.0 st
%Cpu(s):  9.1 us,  9.8 sy,  0.0 ni, 80.8 id,  0.1 wa,  0.0 hi,  0.1 si,  0.0 st
%Cpu(s):  9.2 us,  7.4 sy,  0.0 ni, 83.2 id,  0.0 wa,  0.0 hi,  0.1 si,  0.0 st
%Cpu(s):  7.7 us,  7.9 sy,  0.0 ni, 83.0 id,  1.2 wa,  0.0 hi,  0.3 si,  0.0 st
%Cpu(s):  6.3 us,  6.6 sy,  0.0 ni, 85.9 id,  0.0 wa,  0.0 hi,  1.3 si,  0.0 st
%Cpu(s):  6.4 us,  4.4 sy,  0.0 ni, 88.5 id,  0.0 wa,  0.0 hi,  0.8 si,  0.0 st
%Cpu(s):  4.6 us,  4.4 sy,  0.0 ni, 90.1 id,  0.0 wa,  0.0 hi,  0.7 si,  0.1 st
%Cpu(s):  5.6 us,  3.8 sy,  0.0 ni, 89.8 id,  0.0 wa,  0.0 hi,  0.6 si,  0.1 st
%Cpu(s):  1.8 us,  1.6 sy,  0.0 ni, 96.4 id,  0.0 wa,  0.0 hi,  0.1 si,  0.1 st
%Cpu(s):  0.2 us,  0.2 sy,  0.0 ni, 99.5 id,  0.0 wa,  0.0 hi,  0.0 si,  0.0 st
%Cpu(s):  1.5 us,  0.1 sy,  0.0 ni, 98.4 id,  0.0 wa,  0.0 hi,  0.0 si,  0.0 st
%Cpu(s):  0.9 us,  0.1 sy,  0.0 ni, 98.9 id,  0.0 wa,  0.0 hi,  0.0 si,  0.1 st
%Cpu(s):  0.9 us,  0.1 sy,  0.0 ni, 99.0 id,  0.0 wa,  0.0 hi,  0.0 si,  0.0 st
%Cpu(s):  0.4 us,  0.0 sy,  0.0 ni, 99.6 id,  0.0 wa,  0.0 hi,  0.0 si,  0.0 st
%Cpu(s):  0.4 us,  0.0 sy,  0.0 ni, 99.6 id,  0.0 wa,  0.0 hi,  0.0 si,  0.0 st
%Cpu(s):  0.2 us,  0.1 sy,  0.0 ni, 99.6 id,  0.0 wa,  0.0 hi,  0.0 si,  0.0 st
%Cpu(s):  0.2 us,  0.1 sy,  0.0 ni, 99.5 id,  0.1 wa,  0.0 hi,  0.0 si,  0.0 st
%Cpu(s):  0.4 us,  0.0 sy,  0.0 ni, 99.6 id,  0.0 wa,  0.0 hi,  0.0 si,  0.0 st
%Cpu(s):  0.1 us,  0.1 sy,  0.0 ni, 99.8 id,  0.0 wa,  0.0 hi,  0.0 si,  0.0 st
%Cpu(s):  0.4 us,  0.2 sy,  0.0 ni, 99.4 id,  0.0 wa,  0.0 hi,  0.0 si,  0.0 st
%Cpu(s):  0.4 us,  0.1 sy,  0.0 ni, 99.5 id,  0.0 wa,  0.0 hi,  0.0 si,  0.0 st
%Cpu(s):  0.0 us,  0.1 sy,  0.0 ni, 99.8 id,  0.1 wa,  0.0 hi,  0.0 si,  0.0 st
%Cpu(s):  1.2 us,  0.2 sy,  0.0 ni, 98.5 id,  0.0 wa,  0.0 hi,  0.0 si,  0.0 st
