%Cpu(s):  1.8 us,  1.1 sy,  0.0 ni, 97.0 id,  0.0 wa,  0.0 hi,  0.1 si,  0.0 st
%Cpu(s):  0.2 us,  0.0 sy,  0.0 ni, 99.8 id,  0.0 wa,  0.0 hi,  0.0 si,  0.0 st
%Cpu(s):  0.2 us,  0.0 sy,  0.0 ni, 99.8 id,  0.0 wa,  0.0 hi,  0.0 si,  0.0 st
%Cpu(s):  0.1 us,  0.0 sy,  0.0 ni, 99.9 id,  0.0 wa,  0.0 hi,  0.0 si,  0.0 st
%Cpu(s): 12.4 us,  1.0 sy,  0.0 ni, 86.5 id,  0.0 wa,  0.0 hi,  0.0 si,  0.1 st
%Cpu(s): 46.5 us,  5.7 sy,  0.0 ni, 47.0 id,  0.0 wa,  0.0 hi,  0.8 si,  0.0 st
%Cpu(s): 51.3 us,  8.4 sy,  0.0 ni, 39.6 id,  0.1 wa,  0.0 hi,  0.5 si,  0.0 st
%Cpu(s): 39.2 us,  7.7 sy,  0.0 ni, 52.1 id,  0.0 wa,  0.0 hi,  0.9 si,  0.1 st
%Cpu(s): 11.8 us,  6.8 sy,  0.0 ni, 80.9 id,  0.0 wa,  0.0 hi,  0.5 si,  0.0 st
%Cpu(s): 10.0 us,  6.6 sy,  0.0 ni, 82.2 id,  0.0 wa,  0.0 hi,  1.2 si,  0.0 st
%Cpu(s): 11.2 us,  9.1 sy,  0.0 ni, 78.4 id,  0.0 wa,  0.0 hi,  1.2 si,  0.0 st
%Cpu(s):  9.7 us,  6.9 sy,  0.0 ni, 81.8 id,  0.0 wa,  0.0 hi,  1.5 si,  0.1 st
%Cpu(s):  9.3 us,  6.5 sy,  0.0 ni, 83.0 id,  0.0 wa,  0.0 hi,  1.1 si,  0.0 st
%Cpu(s):  9.5 us,  7.8 sy,  0.0 ni, 81.5 id,  0.0 wa,  0.0 hi,  1.1 si,  0.1 st
%Cpu(s): 22.7 us,  7.4 sy,  0.0 ni, 69.3 id,  0.0 wa,  0.0 hi,  0.6 si,  0.0 st
%Cpu(s): 10.6 us,  6.5 sy,  0.0 ni, 81.9 id,  0.0 wa,  0.0 hi,  1.0 si,  0.0 st
%Cpu(s): 10.9 us,  8.6 sy,  0.0 ni, 79.5 id,  0.0 wa,  0.0 hi,  1.0 si,  0.0 st
%Cpu(s):  9.9 us,  7.3 sy,  0.0 ni, 81.8 id,  0.0 wa,  0.0 hi,  1.0 si,  0.0 st
%Cpu(s): 10.3 us,  7.5 sy,  0.0 ni, 81.2 id,  0.0 wa,  0.0 hi,  1.0 si,  0.0 st
%Cpu(s):  9.9 us,  7.1 sy,  0.0 ni, 81.5 id,  0.0 wa,  0.0 hi,  1.4 si,  0.1 st
%Cpu(s): 13.7 us,  7.8 sy,  0.0 ni, 77.0 id,  0.0 wa,  0.0 hi,  1.4 si,  0.1 st
%Cpu(s): 10.1 us,  6.0 sy,  0.0 ni, 83.7 id,  0.0 wa,  0.0 hi,  0.1 si,  0.0 st
%Cpu(s):  9.7 us,  6.5 sy,  0.0 ni, 82.7 id,  0.0 wa,  0.0 hi,  1.1 si,  0.0 st
%Cpu(s): 10.3 us,  6.6 sy,  0.0 ni, 82.7 id,  0.0 wa,  0.0 hi,  0.4 si,  0.0 st
%Cpu(s):  9.2 us,  8.7 sy,  0.0 ni, 82.0 id,  0.0 wa,  0.0 hi,  0.1 si,  0.0 st
%Cpu(s):  9.4 us,  7.4 sy,  0.0 ni, 82.9 id,  0.0 wa,  0.0 hi,  0.3 si,  0.0 st
%Cpu(s):  8.3 us,  6.8 sy,  0.0 ni, 83.7 id,  0.0 wa,  0.0 hi,  1.2 si,  0.0 st
%Cpu(s):  8.5 us,  8.5 sy,  0.0 ni, 81.6 id,  0.0 wa,  0.0 hi,  1.3 si,  0.0 st
%Cpu(s):  9.1 us,  8.4 sy,  0.0 ni, 81.2 id,  0.0 wa,  0.0 hi,  1.3 si,  0.0 st
%Cpu(s): 11.2 us,  7.3 sy,  0.0 ni, 79.8 id,  0.0 wa,  0.0 hi,  1.6 si,  0.1 st
%Cpu(s): 10.5 us,  7.3 sy,  0.0 ni, 81.2 id,  0.0 wa,  0.0 hi,  1.0 si,  0.0 st
%Cpu(s): 11.8 us,  6.2 sy,  0.0 ni, 81.2 id,  0.0 wa,  0.0 hi,  0.9 si,  0.0 st
%Cpu(s): 10.6 us,  6.7 sy,  0.0 ni, 81.4 id,  0.0 wa,  0.0 hi,  1.0 si,  0.3 st
%Cpu(s): 10.5 us,  7.5 sy,  0.0 ni, 80.7 id,  0.0 wa,  0.0 hi,  1.4 si,  0.0 st
%Cpu(s): 11.5 us,  7.4 sy,  0.0 ni, 79.7 id,  0.0 wa,  0.0 hi,  1.4 si,  0.0 st
%Cpu(s): 21.9 us,  8.1 sy,  0.0 ni, 67.8 id,  1.3 wa,  0.0 hi,  1.0 si,  0.0 st
%Cpu(s): 10.7 us,  7.5 sy,  0.0 ni, 81.0 id,  0.0 wa,  0.0 hi,  0.8 si,  0.1 st
%Cpu(s): 10.1 us,  8.6 sy,  0.0 ni, 81.1 id,  0.0 wa,  0.0 hi,  0.1 si,  0.0 st
%Cpu(s):  9.8 us,  6.9 sy,  0.0 ni, 81.6 id,  0.0 wa,  0.0 hi,  1.7 si,  0.0 st
%Cpu(s): 11.0 us,  6.9 sy,  0.0 ni, 80.7 id,  0.0 wa,  0.0 hi,  1.4 si,  0.0 st
%Cpu(s):  9.6 us,  7.2 sy,  0.0 ni, 82.0 id,  0.0 wa,  0.0 hi,  1.0 si,  0.1 st
%Cpu(s): 11.0 us,  7.7 sy,  0.0 ni, 79.8 id,  0.3 wa,  0.0 hi,  1.1 si,  0.0 st
%Cpu(s): 11.1 us,  7.4 sy,  0.0 ni, 80.3 id,  0.0 wa,  0.0 hi,  1.1 si,  0.0 st
%Cpu(s): 10.5 us,  7.9 sy,  0.0 ni, 80.8 id,  0.0 wa,  0.0 hi,  0.8 si,  0.0 st
%Cpu(s): 10.1 us,  7.3 sy,  0.0 ni, 81.4 id,  0.0 wa,  0.0 hi,  1.2 si,  0.0 st
%Cpu(s):  9.6 us,  7.7 sy,  0.0 ni, 81.4 id,  0.0 wa,  0.0 hi,  1.3 si,  0.0 st
%Cpu(s): 12.7 us,  7.6 sy,  0.0 ni, 78.5 id,  0.0 wa,  0.0 hi,  1.0 si,  0.1 st
%Cpu(s): 10.0 us,  7.7 sy,  0.0 ni, 81.2 id,  0.0 wa,  0.0 hi,  1.2 si,  0.0 st
%Cpu(s): 10.5 us,  7.4 sy,  0.0 ni, 80.7 id,  0.0 wa,  0.0 hi,  1.4 si,  0.0 st
%Cpu(s): 11.0 us,  8.0 sy,  0.0 ni, 80.0 id,  0.0 wa,  0.0 hi,  1.0 si,  0.0 st
%Cpu(s): 12.0 us,  8.0 sy,  0.0 ni, 78.2 id,  0.0 wa,  0.0 hi,  1.8 si,  0.0 st
%Cpu(s): 11.0 us,  8.1 sy,  0.0 ni, 79.5 id,  0.0 wa,  0.0 hi,  1.3 si,  0.1 st
%Cpu(s): 10.3 us,  7.3 sy,  0.0 ni, 81.3 id,  0.0 wa,  0.0 hi,  1.0 si,  0.1 st
%Cpu(s):  9.3 us,  6.9 sy,  0.0 ni, 82.5 id,  0.0 wa,  0.0 hi,  1.3 si,  0.0 st
%Cpu(s): 10.0 us,  7.4 sy,  0.0 ni, 81.3 id,  0.0 wa,  0.0 hi,  1.3 si,  0.0 st
%Cpu(s):  9.8 us,  6.1 sy,  0.0 ni, 82.5 id,  0.0 wa,  0.0 hi,  1.5 si,  0.0 st
%Cpu(s): 12.0 us,  7.4 sy,  0.0 ni, 79.6 id,  0.0 wa,  0.0 hi,  1.0 si,  0.0 st
%Cpu(s): 12.1 us,  8.3 sy,  0.0 ni, 78.2 id,  0.0 wa,  0.0 hi,  1.3 si,  0.1 st
%Cpu(s): 12.8 us,  8.4 sy,  0.0 ni, 77.4 id,  0.0 wa,  0.0 hi,  1.4 si,  0.0 st
%Cpu(s): 13.0 us,  6.7 sy,  0.0 ni, 78.9 id,  0.0 wa,  0.0 hi,  1.4 si,  0.0 st
%Cpu(s): 11.8 us,  9.2 sy,  0.0 ni, 77.7 id,  0.0 wa,  0.0 hi,  1.3 si,  0.0 st
%Cpu(s):  9.6 us,  5.5 sy,  0.0 ni, 84.5 id,  0.0 wa,  0.0 hi,  0.3 si,  0.1 st
%Cpu(s):  4.4 us,  4.5 sy,  0.0 ni, 90.9 id,  0.0 wa,  0.0 hi,  0.1 si,  0.0 st
%Cpu(s):  4.1 us,  3.7 sy,  0.0 ni, 92.1 id,  0.0 wa,  0.0 hi,  0.1 si,  0.0 st
%Cpu(s):  3.7 us,  4.1 sy,  0.0 ni, 92.2 id,  0.0 wa,  0.0 hi,  0.0 si,  0.0 st
%Cpu(s):  4.1 us,  4.2 sy,  0.0 ni, 90.5 id,  1.1 wa,  0.0 hi,  0.0 si,  0.0 st
%Cpu(s):  5.1 us,  4.2 sy,  0.0 ni, 90.8 id,  0.0 wa,  0.0 hi,  0.0 si,  0.0 st
%Cpu(s):  4.1 us,  4.1 sy,  0.0 ni, 90.9 id,  0.0 wa,  0.0 hi,  1.0 si,  0.0 st
%Cpu(s):  4.5 us,  4.5 sy,  0.0 ni, 90.9 id,  0.0 wa,  0.0 hi,  0.0 si,  0.0 st
%Cpu(s):  5.1 us,  4.4 sy,  0.0 ni, 90.5 id,  0.0 wa,  0.0 hi,  0.0 si,  0.0 st
%Cpu(s):  4.3 us,  5.2 sy,  0.0 ni, 90.6 id,  0.0 wa,  0.0 hi,  0.0 si,  0.0 st
%Cpu(s):  5.6 us,  4.3 sy,  0.0 ni, 90.2 id,  0.0 wa,  0.0 hi,  0.0 si,  0.0 st
%Cpu(s):  5.0 us,  5.4 sy,  0.0 ni, 89.5 id,  0.0 wa,  0.0 hi,  0.1 si,  0.0 st
%Cpu(s):  4.4 us,  5.1 sy,  0.0 ni, 90.4 id,  0.0 wa,  0.0 hi,  0.0 si,  0.1 st
%Cpu(s):  3.9 us,  5.1 sy,  0.0 ni, 91.0 id,  0.0 wa,  0.0 hi,  0.0 si,  0.0 st
%Cpu(s):  4.4 us,  4.0 sy,  0.0 ni, 91.5 id,  0.0 wa,  0.0 hi,  0.1 si,  0.0 st
%Cpu(s):  3.3 us,  4.3 sy,  0.0 ni, 92.3 id,  0.0 wa,  0.0 hi,  0.0 si,  0.1 st
%Cpu(s):  4.2 us,  3.8 sy,  0.0 ni, 92.0 id,  0.0 wa,  0.0 hi,  0.0 si,  0.0 st
%Cpu(s):  3.4 us,  3.8 sy,  0.0 ni, 92.8 id,  0.0 wa,  0.0 hi,  0.0 si,  0.0 st
%Cpu(s):  3.4 us,  3.1 sy,  0.0 ni, 93.5 id,  0.0 wa,  0.0 hi,  0.0 si,  0.0 st
%Cpu(s):  5.3 us,  2.3 sy,  0.0 ni, 92.5 id,  0.0 wa,  0.0 hi,  0.0 si,  0.0 st
%Cpu(s):  1.7 us,  1.1 sy,  0.0 ni, 96.8 id,  0.1 wa,  0.0 hi,  0.1 si,  0.1 st
%Cpu(s):  1.5 us,  0.9 sy,  0.0 ni, 97.6 id,  0.0 wa,  0.0 hi,  0.0 si,  0.0 st
%Cpu(s):  1.7 us,  1.0 sy,  0.0 ni, 97.3 id,  0.0 wa,  0.0 hi,  0.0 si,  0.0 st
%Cpu(s):  0.1 us,  0.1 sy,  0.0 ni, 99.8 id,  0.0 wa,  0.0 hi,  0.0 si,  0.0 st
%Cpu(s):  0.2 us,  0.1 sy,  0.0 ni, 99.6 id,  0.0 wa,  0.0 hi,  0.0 si,  0.0 st
%Cpu(s):  0.0 us,  0.1 sy,  0.0 ni, 99.9 id,  0.0 wa,  0.0 hi,  0.0 si,  0.0 st
%Cpu(s):  0.4 us,  0.1 sy,  0.0 ni, 99.5 id,  0.0 wa,  0.0 hi,  0.0 si,  0.0 st
