%Cpu(s):  6.6 us,  1.3 sy,  0.0 ni, 92.0 id,  0.0 wa,  0.0 hi,  0.1 si,  0.0 st
%Cpu(s):  3.6 us,  3.8 sy,  0.0 ni, 92.4 id,  0.0 wa,  0.0 hi,  0.1 si,  0.1 st
%Cpu(s):  4.2 us,  2.0 sy,  0.0 ni, 93.4 id,  0.0 wa,  0.0 hi,  0.1 si,  0.2 st
%Cpu(s):  4.0 us,  2.9 sy,  0.0 ni, 92.9 id,  0.0 wa,  0.0 hi,  0.0 si,  0.2 st
%Cpu(s):  2.6 us,  3.5 sy,  0.0 ni, 93.8 id,  0.0 wa,  0.0 hi,  0.0 si,  0.1 st
%Cpu(s): 11.0 us,  2.6 sy,  0.0 ni, 86.0 id,  0.0 wa,  0.0 hi,  0.1 si,  0.2 st
%Cpu(s): 16.1 us,  2.5 sy,  0.0 ni, 81.2 id,  0.0 wa,  0.0 hi,  0.0 si,  0.1 st
%Cpu(s): 79.1 us,  4.1 sy,  0.0 ni, 15.6 id,  0.0 wa,  0.0 hi,  1.1 si,  0.0 st
%Cpu(s): 90.0 us,  7.6 sy,  0.0 ni,  0.7 id,  0.0 wa,  0.0 hi,  1.6 si,  0.0 st
%Cpu(s): 90.2 us,  7.3 sy,  0.0 ni,  0.8 id,  0.0 wa,  0.0 hi,  1.8 si,  0.0 st
%Cpu(s): 89.8 us,  6.4 sy,  0.0 ni,  2.6 id,  0.0 wa,  0.0 hi,  1.2 si,  0.0 st
%Cpu(s): 91.0 us,  6.7 sy,  0.0 ni,  1.1 id,  0.0 wa,  0.0 hi,  1.1 si,  0.0 st
%Cpu(s): 86.9 us,  7.6 sy,  0.0 ni,  4.2 id,  0.0 wa,  0.0 hi,  1.2 si,  0.0 st
%Cpu(s): 50.2 us,  6.7 sy,  0.0 ni, 41.5 id,  0.0 wa,  0.0 hi,  1.5 si,  0.1 st
%Cpu(s): 27.1 us,  5.4 sy,  0.0 ni, 66.8 id,  0.0 wa,  0.0 hi,  0.8 si,  0.0 st
%Cpu(s): 22.8 us,  5.1 sy,  0.0 ni, 71.4 id,  0.1 wa,  0.0 hi,  0.5 si,  0.0 st
%Cpu(s): 21.1 us,  6.2 sy,  0.0 ni, 72.2 id,  0.0 wa,  0.0 hi,  0.5 si,  0.0 st
%Cpu(s): 16.5 us,  5.3 sy,  0.0 ni, 77.8 id,  0.0 wa,  0.0 hi,  0.4 si,  0.0 st
%Cpu(s): 11.2 us,  6.2 sy,  0.0 ni, 82.1 id,  0.0 wa,  0.0 hi,  0.5 si,  0.1 st
%Cpu(s): 12.7 us,  6.2 sy,  0.0 ni, 80.7 id,  0.0 wa,  0.0 hi,  0.4 si,  0.0 st
%Cpu(s): 14.1 us,  5.8 sy,  0.0 ni, 79.6 id,  0.0 wa,  0.0 hi,  0.5 si,  0.0 st
%Cpu(s): 14.2 us,  6.4 sy,  0.0 ni, 78.9 id,  0.0 wa,  0.0 hi,  0.4 si,  0.1 st
%Cpu(s): 12.9 us,  5.7 sy,  0.0 ni, 80.4 id,  0.0 wa,  0.0 hi,  0.9 si,  0.0 st
%Cpu(s): 12.4 us,  6.8 sy,  0.0 ni, 80.3 id,  0.0 wa,  0.0 hi,  0.4 si,  0.1 st
%Cpu(s): 11.1 us,  6.0 sy,  0.0 ni, 82.5 id,  0.0 wa,  0.0 hi,  0.4 si,  0.0 st
%Cpu(s): 11.4 us,  5.2 sy,  0.0 ni, 83.0 id,  0.0 wa,  0.0 hi,  0.4 si,  0.0 st
%Cpu(s): 11.5 us,  6.9 sy,  0.0 ni, 81.2 id,  0.0 wa,  0.0 hi,  0.4 si,  0.0 st
%Cpu(s): 11.5 us,  6.1 sy,  0.0 ni, 82.1 id,  0.0 wa,  0.0 hi,  0.3 si,  0.0 st
%Cpu(s): 12.3 us,  6.5 sy,  0.0 ni, 80.8 id,  0.0 wa,  0.0 hi,  0.5 si,  0.0 st
%Cpu(s): 13.0 us,  6.3 sy,  0.0 ni, 80.3 id,  0.0 wa,  0.0 hi,  0.3 si,  0.1 st
%Cpu(s): 11.2 us,  5.8 sy,  0.0 ni, 82.5 id,  0.0 wa,  0.0 hi,  0.4 si,  0.1 st
%Cpu(s):  9.7 us,  5.6 sy,  0.0 ni, 84.1 id,  0.0 wa,  0.0 hi,  0.5 si,  0.0 st
%Cpu(s): 12.9 us,  6.8 sy,  0.0 ni, 80.2 id,  0.0 wa,  0.0 hi,  0.1 si,  0.0 st
%Cpu(s): 12.2 us,  6.2 sy,  0.0 ni, 81.3 id,  0.0 wa,  0.0 hi,  0.3 si,  0.0 st
%Cpu(s): 12.1 us,  5.6 sy,  0.0 ni, 81.8 id,  0.0 wa,  0.0 hi,  0.5 si,  0.0 st
%Cpu(s): 12.1 us,  7.3 sy,  0.0 ni, 80.2 id,  0.0 wa,  0.0 hi,  0.3 si,  0.1 st
%Cpu(s): 15.2 us,  7.4 sy,  0.0 ni, 77.0 id,  0.0 wa,  0.0 hi,  0.4 si,  0.0 st
%Cpu(s): 26.0 us,  5.8 sy,  0.0 ni, 67.4 id,  0.0 wa,  0.0 hi,  0.8 si,  0.0 st
%Cpu(s): 14.9 us,  5.3 sy,  0.0 ni, 79.3 id,  0.0 wa,  0.0 hi,  0.5 si,  0.0 st
%Cpu(s): 12.5 us,  6.6 sy,  0.0 ni, 80.8 id,  0.0 wa,  0.0 hi,  0.1 si,  0.0 st
%Cpu(s): 20.9 us,  4.7 sy,  0.0 ni, 73.6 id,  0.1 wa,  0.0 hi,  0.6 si,  0.0 st
%Cpu(s): 18.1 us,  5.9 sy,  0.0 ni, 75.1 id,  0.0 wa,  0.0 hi,  0.8 si,  0.1 st
%Cpu(s): 13.6 us,  4.8 sy,  0.0 ni, 81.1 id,  0.0 wa,  0.0 hi,  0.5 si,  0.0 st
%Cpu(s): 12.3 us,  5.2 sy,  0.0 ni, 82.0 id,  0.0 wa,  0.0 hi,  0.5 si,  0.0 st
%Cpu(s): 11.4 us,  6.1 sy,  0.0 ni, 82.1 id,  0.0 wa,  0.0 hi,  0.4 si,  0.0 st
%Cpu(s): 10.7 us,  5.1 sy,  0.0 ni, 83.3 id,  0.0 wa,  0.0 hi,  0.8 si,  0.1 st
%Cpu(s):  9.4 us,  6.3 sy,  0.0 ni, 83.7 id,  0.0 wa,  0.0 hi,  0.5 si,  0.0 st
%Cpu(s): 14.1 us,  5.6 sy,  0.0 ni, 79.7 id,  0.0 wa,  0.0 hi,  0.5 si,  0.0 st
%Cpu(s): 12.8 us,  6.5 sy,  0.0 ni, 80.4 id,  0.0 wa,  0.0 hi,  0.4 si,  0.0 st
%Cpu(s): 12.7 us,  6.6 sy,  0.0 ni, 80.2 id,  0.0 wa,  0.0 hi,  0.4 si,  0.1 st
%Cpu(s): 12.9 us,  6.9 sy,  0.0 ni, 79.9 id,  0.0 wa,  0.0 hi,  0.3 si,  0.0 st
%Cpu(s): 12.2 us,  5.8 sy,  0.0 ni, 81.7 id,  0.0 wa,  0.0 hi,  0.3 si,  0.0 st
%Cpu(s): 12.3 us,  6.5 sy,  0.0 ni, 80.7 id,  0.0 wa,  0.0 hi,  0.4 si,  0.1 st
%Cpu(s): 12.5 us,  6.1 sy,  0.0 ni, 81.0 id,  0.0 wa,  0.0 hi,  0.4 si,  0.0 st
%Cpu(s): 11.1 us,  6.2 sy,  0.0 ni, 81.9 id,  0.0 wa,  0.0 hi,  0.8 si,  0.0 st
%Cpu(s): 10.1 us,  7.0 sy,  0.0 ni, 82.2 id,  0.1 wa,  0.0 hi,  0.6 si,  0.0 st
%Cpu(s): 11.9 us,  5.7 sy,  0.0 ni, 81.9 id,  0.0 wa,  0.0 hi,  0.5 si,  0.0 st
%Cpu(s): 12.0 us,  6.6 sy,  0.0 ni, 80.8 id,  0.0 wa,  0.0 hi,  0.4 si,  0.1 st
%Cpu(s): 11.0 us,  5.6 sy,  0.0 ni, 83.0 id,  0.0 wa,  0.0 hi,  0.4 si,  0.0 st
%Cpu(s): 10.6 us,  6.5 sy,  0.0 ni, 82.4 id,  0.0 wa,  0.0 hi,  0.4 si,  0.0 st
%Cpu(s): 11.7 us,  6.9 sy,  0.0 ni, 80.9 id,  0.0 wa,  0.0 hi,  0.4 si,  0.1 st
%Cpu(s): 13.1 us,  6.2 sy,  0.0 ni, 80.4 id,  0.0 wa,  0.0 hi,  0.3 si,  0.0 st
%Cpu(s): 12.3 us,  5.6 sy,  0.0 ni, 81.8 id,  0.0 wa,  0.0 hi,  0.1 si,  0.1 st
%Cpu(s): 10.6 us,  7.0 sy,  0.0 ni, 81.7 id,  0.0 wa,  0.0 hi,  0.8 si,  0.0 st
%Cpu(s): 12.0 us,  6.0 sy,  0.0 ni, 81.8 id,  0.0 wa,  0.0 hi,  0.3 si,  0.0 st
%Cpu(s): 13.7 us,  4.9 sy,  0.0 ni, 80.9 id,  0.0 wa,  0.0 hi,  0.5 si,  0.0 st
%Cpu(s): 32.2 us,  6.3 sy,  0.0 ni, 60.3 id,  0.0 wa,  0.0 hi,  1.3 si,  0.0 st
%Cpu(s): 84.1 us,  7.5 sy,  0.0 ni,  6.7 id,  0.0 wa,  0.0 hi,  1.7 si,  0.0 st
%Cpu(s): 84.0 us,  7.0 sy,  0.0 ni,  7.7 id,  0.0 wa,  0.0 hi,  1.2 si,  0.0 st
%Cpu(s): 44.3 us,  5.8 sy,  0.0 ni, 48.5 id,  0.0 wa,  0.0 hi,  1.4 si,  0.0 st
%Cpu(s): 21.0 us,  6.5 sy,  0.0 ni, 71.6 id,  0.0 wa,  0.0 hi,  0.9 si,  0.0 st
%Cpu(s): 13.8 us,  6.8 sy,  0.0 ni, 78.3 id,  0.0 wa,  0.0 hi,  1.0 si,  0.1 st
%Cpu(s): 12.5 us,  6.5 sy,  0.0 ni, 80.3 id,  0.0 wa,  0.0 hi,  0.6 si,  0.0 st
