%Cpu(s):  1.1 us,  0.2 sy,  0.0 ni, 98.6 id,  0.0 wa,  0.0 hi,  0.0 si,  0.0 st
%Cpu(s):  3.1 us,  2.2 sy,  0.0 ni, 94.4 id,  0.0 wa,  0.0 hi,  0.0 si,  0.2 st
%Cpu(s):  2.6 us,  2.8 sy,  0.0 ni, 94.5 id,  0.0 wa,  0.0 hi,  0.0 si,  0.1 st
%Cpu(s):  2.3 us,  1.5 sy,  0.0 ni, 96.1 id,  0.0 wa,  0.0 hi,  0.0 si,  0.1 st
%Cpu(s):  3.8 us,  3.0 sy,  0.0 ni, 92.9 id,  0.0 wa,  0.0 hi,  0.0 si,  0.3 st
%Cpu(s):  7.1 us,  3.7 sy,  0.0 ni, 88.8 id,  0.0 wa,  0.0 hi,  0.1 si,  0.2 st
%Cpu(s): 40.2 us,  3.8 sy,  0.0 ni, 55.5 id,  0.0 wa,  0.0 hi,  0.4 si,  0.1 st
%Cpu(s): 75.4 us,  5.3 sy,  0.0 ni, 18.2 id,  0.0 wa,  0.0 hi,  1.1 si,  0.0 st
%Cpu(s): 79.8 us,  7.0 sy,  0.0 ni, 12.3 id,  0.0 wa,  0.0 hi,  0.9 si,  0.0 st
%Cpu(s): 80.9 us,  5.4 sy,  0.0 ni, 12.9 id,  0.0 wa,  0.0 hi,  0.9 si,  0.0 st
%Cpu(s): 90.1 us,  6.9 sy,  0.0 ni,  1.7 id,  0.0 wa,  0.0 hi,  1.2 si,  0.0 st
%Cpu(s): 85.5 us,  5.8 sy,  0.0 ni,  7.3 id,  0.0 wa,  0.0 hi,  1.5 si,  0.0 st
%Cpu(s): 59.1 us,  4.9 sy,  0.0 ni, 34.8 id,  0.0 wa,  0.0 hi,  1.2 si,  0.0 st
%Cpu(s): 39.9 us,  5.5 sy,  0.0 ni, 54.0 id,  0.0 wa,  0.0 hi,  0.5 si,  0.0 st
%Cpu(s): 36.8 us,  5.8 sy,  0.0 ni, 56.8 id,  0.1 wa,  0.0 hi,  0.4 si,  0.0 st
%Cpu(s): 24.2 us,  5.6 sy,  0.0 ni, 69.5 id,  0.0 wa,  0.0 hi,  0.5 si,  0.1 st
%Cpu(s): 19.4 us,  4.9 sy,  0.0 ni, 75.1 id,  0.0 wa,  0.0 hi,  0.6 si,  0.0 st
%Cpu(s): 10.9 us,  5.9 sy,  0.0 ni, 82.8 id,  0.0 wa,  0.0 hi,  0.4 si,  0.0 st
%Cpu(s): 11.5 us,  6.8 sy,  0.0 ni, 81.1 id,  0.0 wa,  0.0 hi,  0.5 si,  0.1 st
%Cpu(s): 11.3 us,  5.4 sy,  0.0 ni, 82.8 id,  0.0 wa,  0.0 hi,  0.5 si,  0.0 st
%Cpu(s): 11.1 us,  6.1 sy,  0.0 ni, 82.3 id,  0.0 wa,  0.0 hi,  0.4 si,  0.1 st
%Cpu(s): 12.5 us,  6.5 sy,  0.0 ni, 80.5 id,  0.0 wa,  0.0 hi,  0.4 si,  0.0 st
%Cpu(s): 10.4 us,  6.2 sy,  0.0 ni, 83.1 id,  0.0 wa,  0.0 hi,  0.4 si,  0.0 st
%Cpu(s): 12.1 us,  5.5 sy,  0.0 ni, 82.3 id,  0.0 wa,  0.0 hi,  0.1 si,  0.0 st
%Cpu(s): 10.9 us,  6.6 sy,  0.0 ni, 81.9 id,  0.1 wa,  0.0 hi,  0.5 si,  0.0 st
%Cpu(s): 12.7 us,  6.4 sy,  0.0 ni, 80.4 id,  0.0 wa,  0.0 hi,  0.5 si,  0.0 st
%Cpu(s): 11.9 us,  6.6 sy,  0.0 ni, 80.6 id,  0.0 wa,  0.0 hi,  0.8 si,  0.1 st
%Cpu(s): 11.4 us,  6.9 sy,  0.0 ni, 81.4 id,  0.0 wa,  0.0 hi,  0.4 si,  0.0 st
%Cpu(s): 10.4 us,  6.9 sy,  0.0 ni, 82.1 id,  0.1 wa,  0.0 hi,  0.4 si,  0.0 st
%Cpu(s): 11.6 us,  5.9 sy,  0.0 ni, 82.0 id,  0.0 wa,  0.0 hi,  0.5 si,  0.0 st
%Cpu(s):  8.4 us,  5.2 sy,  0.0 ni, 85.8 id,  0.0 wa,  0.0 hi,  0.5 si,  0.1 st
%Cpu(s):  8.4 us,  5.6 sy,  0.0 ni, 85.4 id,  0.0 wa,  0.0 hi,  0.5 si,  0.1 st
%Cpu(s):  9.5 us,  6.8 sy,  0.0 ni, 82.9 id,  0.0 wa,  0.0 hi,  0.8 si,  0.0 st
%Cpu(s):  8.8 us,  6.2 sy,  0.0 ni, 84.8 id,  0.0 wa,  0.0 hi,  0.3 si,  0.0 st
%Cpu(s):  9.4 us,  7.2 sy,  0.0 ni, 82.8 id,  0.0 wa,  0.0 hi,  0.6 si,  0.0 st
%Cpu(s):  9.2 us,  5.7 sy,  0.0 ni, 84.6 id,  0.0 wa,  0.0 hi,  0.5 si,  0.0 st
%Cpu(s): 15.8 us,  5.6 sy,  0.0 ni, 77.8 id,  0.0 wa,  0.0 hi,  0.6 si,  0.1 st
%Cpu(s): 19.3 us,  5.3 sy,  0.0 ni, 75.3 id,  0.0 wa,  0.0 hi,  0.1 si,  0.0 st
%Cpu(s): 13.9 us,  6.6 sy,  0.0 ni, 78.7 id,  0.0 wa,  0.0 hi,  0.8 si,  0.0 st
%Cpu(s): 12.1 us,  7.0 sy,  0.0 ni, 80.5 id,  0.0 wa,  0.0 hi,  0.4 si,  0.0 st
%Cpu(s): 13.0 us,  5.7 sy,  0.0 ni, 81.0 id,  0.0 wa,  0.0 hi,  0.3 si,  0.0 st
%Cpu(s): 19.9 us,  4.8 sy,  0.0 ni, 74.4 id,  0.0 wa,  0.0 hi,  0.8 si,  0.1 st
%Cpu(s): 14.3 us,  6.8 sy,  0.0 ni, 78.4 id,  0.0 wa,  0.0 hi,  0.5 si,  0.0 st
%Cpu(s): 13.2 us,  5.5 sy,  0.0 ni, 80.6 id,  0.0 wa,  0.0 hi,  0.6 si,  0.0 st
%Cpu(s): 10.3 us,  6.6 sy,  0.0 ni, 82.6 id,  0.0 wa,  0.0 hi,  0.5 si,  0.0 st
%Cpu(s):  9.6 us,  6.9 sy,  0.0 ni, 82.6 id,  0.0 wa,  0.0 hi,  0.8 si,  0.1 st
%Cpu(s): 11.7 us,  6.8 sy,  0.0 ni, 81.0 id,  0.0 wa,  0.0 hi,  0.4 si,  0.1 st
%Cpu(s):  9.0 us,  7.1 sy,  0.0 ni, 83.4 id,  0.0 wa,  0.0 hi,  0.5 si,  0.0 st
%Cpu(s): 10.6 us,  6.7 sy,  0.0 ni, 82.4 id,  0.0 wa,  0.0 hi,  0.3 si,  0.0 st
%Cpu(s): 11.5 us,  5.9 sy,  0.0 ni, 82.1 id,  0.0 wa,  0.0 hi,  0.5 si,  0.0 st
%Cpu(s): 10.7 us,  7.1 sy,  0.0 ni, 81.9 id,  0.0 wa,  0.0 hi,  0.4 si,  0.0 st
%Cpu(s):  8.7 us,  6.2 sy,  0.0 ni, 84.9 id,  0.0 wa,  0.0 hi,  0.3 si,  0.0 st
%Cpu(s): 10.0 us,  5.9 sy,  0.0 ni, 83.6 id,  0.0 wa,  0.0 hi,  0.5 si,  0.0 st
%Cpu(s): 10.9 us,  5.4 sy,  0.0 ni, 82.9 id,  0.1 wa,  0.0 hi,  0.5 si,  0.1 st
%Cpu(s):  9.0 us,  6.3 sy,  0.0 ni, 84.3 id,  0.0 wa,  0.0 hi,  0.4 si,  0.0 st
%Cpu(s):  9.7 us,  7.0 sy,  0.0 ni, 82.8 id,  0.0 wa,  0.0 hi,  0.5 si,  0.0 st
%Cpu(s): 10.2 us,  5.2 sy,  0.0 ni, 84.1 id,  0.0 wa,  0.0 hi,  0.3 si,  0.1 st
%Cpu(s):  8.2 us,  4.9 sy,  0.0 ni, 86.7 id,  0.0 wa,  0.0 hi,  0.3 si,  0.0 st
%Cpu(s): 10.7 us,  6.6 sy,  0.0 ni, 82.3 id,  0.0 wa,  0.0 hi,  0.4 si,  0.0 st
%Cpu(s):  9.2 us,  5.6 sy,  0.0 ni, 84.7 id,  0.0 wa,  0.0 hi,  0.5 si,  0.0 st
%Cpu(s): 10.8 us,  5.6 sy,  0.0 ni, 82.8 id,  0.0 wa,  0.0 hi,  0.8 si,  0.0 st
%Cpu(s): 11.3 us,  7.3 sy,  0.0 ni, 81.2 id,  0.0 wa,  0.0 hi,  0.1 si,  0.0 st
%Cpu(s): 12.3 us,  7.7 sy,  0.0 ni, 79.8 id,  0.0 wa,  0.0 hi,  0.3 si,  0.0 st
%Cpu(s): 12.6 us,  8.0 sy,  0.0 ni, 78.6 id,  0.0 wa,  0.0 hi,  0.8 si,  0.0 st
%Cpu(s): 10.4 us,  6.0 sy,  0.0 ni, 82.9 id,  0.0 wa,  0.0 hi,  0.5 si,  0.1 st
%Cpu(s):  8.9 us,  5.8 sy,  0.0 ni, 84.8 id,  0.0 wa,  0.0 hi,  0.4 si,  0.1 st
%Cpu(s): 32.3 us,  5.5 sy,  0.0 ni, 60.8 id,  0.0 wa,  0.0 hi,  1.4 si,  0.0 st
%Cpu(s): 32.7 us,  6.7 sy,  0.0 ni, 59.3 id,  0.0 wa,  0.0 hi,  1.3 si,  0.0 st
%Cpu(s): 20.7 us,  6.4 sy,  0.0 ni, 72.0 id,  0.0 wa,  0.0 hi,  0.9 si,  0.0 st
%Cpu(s): 11.6 us,  6.9 sy,  0.0 ni, 81.0 id,  0.0 wa,  0.0 hi,  0.4 si,  0.1 st
%Cpu(s): 15.0 us,  5.9 sy,  0.0 ni, 78.1 id,  0.0 wa,  0.0 hi,  0.9 si,  0.0 st
