%Cpu(s): 10.8 us,  1.7 sy,  0.0 ni, 87.2 id,  0.0 wa,  0.0 hi,  0.2 si,  0.0 st
%Cpu(s):  3.1 us,  2.9 sy,  0.0 ni, 93.9 id,  0.0 wa,  0.0 hi,  0.1 si,  0.0 st
%Cpu(s):  3.0 us,  1.9 sy,  0.0 ni, 95.1 id,  0.0 wa,  0.0 hi,  0.0 si,  0.0 st
%Cpu(s):  2.7 us,  1.8 sy,  0.0 ni, 95.6 id,  0.0 wa,  0.0 hi,  0.0 si,  0.0 st
%Cpu(s):  5.0 us,  5.4 sy,  0.0 ni, 89.3 id,  0.0 wa,  0.0 hi,  0.0 si,  0.2 st
%Cpu(s): 13.2 us,  2.2 sy,  0.0 ni, 84.5 id,  0.0 wa,  0.0 hi,  0.1 si,  0.0 st
%Cpu(s): 82.8 us,  6.5 sy,  0.0 ni,  9.7 id,  0.0 wa,  0.0 hi,  1.0 si,  0.0 st
%Cpu(s): 88.6 us,  8.0 sy,  0.0 ni,  0.6 id,  0.0 wa,  0.0 hi,  2.7 si,  0.0 st
%Cpu(s): 86.8 us, 10.1 sy,  0.0 ni,  0.4 id,  0.0 wa,  0.0 hi,  2.7 si,  0.0 st
%Cpu(s): 88.7 us,  8.4 sy,  0.0 ni,  0.6 id,  0.0 wa,  0.0 hi,  2.2 si,  0.1 st
%Cpu(s): 84.9 us,  8.9 sy,  0.0 ni,  4.1 id,  0.0 wa,  0.0 hi,  2.1 si,  0.0 st
%Cpu(s): 78.8 us,  8.0 sy,  0.0 ni, 11.3 id,  0.0 wa,  0.0 hi,  1.9 si,  0.0 st
%Cpu(s): 63.5 us,  7.6 sy,  0.0 ni, 26.8 id,  0.0 wa,  0.0 hi,  2.1 si,  0.0 st
%Cpu(s): 49.6 us,  6.6 sy,  0.0 ni, 42.5 id,  0.0 wa,  0.0 hi,  1.3 si,  0.0 st
%Cpu(s): 28.8 us,  7.9 sy,  0.0 ni, 61.5 id,  0.0 wa,  0.0 hi,  1.6 si,  0.1 st
%Cpu(s): 38.2 us,  7.9 sy,  0.0 ni, 52.7 id,  0.0 wa,  0.0 hi,  1.1 si,  0.1 st
%Cpu(s): 34.4 us,  6.6 sy,  0.0 ni, 57.6 id,  0.0 wa,  0.0 hi,  1.4 si,  0.0 st
%Cpu(s): 27.4 us,  6.1 sy,  0.0 ni, 65.7 id,  0.0 wa,  0.0 hi,  0.8 si,  0.0 st
%Cpu(s): 17.9 us,  6.4 sy,  0.0 ni, 74.6 id,  0.0 wa,  0.0 hi,  1.0 si,  0.1 st
%Cpu(s): 25.7 us,  6.7 sy,  0.0 ni, 66.7 id,  0.0 wa,  0.0 hi,  0.9 si,  0.0 st
%Cpu(s): 19.7 us,  6.5 sy,  0.0 ni, 72.3 id,  0.0 wa,  0.0 hi,  1.4 si,  0.0 st
%Cpu(s): 18.8 us,  6.4 sy,  0.0 ni, 73.0 id,  0.0 wa,  0.0 hi,  1.6 si,  0.1 st
%Cpu(s): 20.1 us,  6.9 sy,  0.0 ni, 71.9 id,  0.0 wa,  0.0 hi,  1.0 si,  0.1 st
%Cpu(s): 18.2 us,  7.5 sy,  0.0 ni, 73.5 id,  0.0 wa,  0.0 hi,  0.9 si,  0.0 st
%Cpu(s): 16.6 us,  6.9 sy,  0.0 ni, 75.5 id,  0.0 wa,  0.0 hi,  1.0 si,  0.0 st
%Cpu(s): 19.5 us,  7.7 sy,  0.0 ni, 71.3 id,  0.0 wa,  0.0 hi,  1.4 si,  0.1 st
%Cpu(s): 23.6 us,  6.9 sy,  0.0 ni, 67.7 id,  0.1 wa,  0.0 hi,  1.5 si,  0.1 st
%Cpu(s): 18.0 us,  6.2 sy,  0.0 ni, 74.2 id,  0.0 wa,  0.0 hi,  1.7 si,  0.0 st
%Cpu(s): 19.0 us,  7.4 sy,  0.0 ni, 72.4 id,  0.0 wa,  0.0 hi,  1.0 si,  0.1 st
%Cpu(s): 18.2 us,  5.2 sy,  0.0 ni, 75.5 id,  0.0 wa,  0.0 hi,  1.0 si,  0.0 st
%Cpu(s): 18.0 us,  6.6 sy,  0.0 ni, 74.1 id,  0.0 wa,  0.0 hi,  1.1 si,  0.1 st
%Cpu(s): 20.1 us,  7.2 sy,  0.0 ni, 71.1 id,  0.0 wa,  0.0 hi,  1.5 si,  0.1 st
%Cpu(s): 19.3 us,  8.4 sy,  0.0 ni, 70.7 id,  0.0 wa,  0.0 hi,  1.6 si,  0.0 st
%Cpu(s): 18.0 us,  5.8 sy,  0.0 ni, 75.2 id,  0.0 wa,  0.0 hi,  1.0 si,  0.0 st
%Cpu(s): 17.6 us,  6.7 sy,  0.0 ni, 74.4 id,  0.0 wa,  0.0 hi,  1.2 si,  0.1 st
%Cpu(s): 19.9 us,  7.2 sy,  0.0 ni, 71.9 id,  0.0 wa,  0.0 hi,  1.0 si,  0.0 st
%Cpu(s): 27.5 us,  6.6 sy,  0.0 ni, 64.5 id,  0.0 wa,  0.0 hi,  1.2 si,  0.1 st
%Cpu(s): 28.0 us,  6.5 sy,  0.0 ni, 64.3 id,  0.0 wa,  0.0 hi,  1.3 si,  0.0 st
%Cpu(s): 16.3 us,  5.9 sy,  0.0 ni, 76.2 id,  0.0 wa,  0.0 hi,  1.5 si,  0.0 st
%Cpu(s): 19.5 us,  6.9 sy,  0.0 ni, 71.3 id,  0.0 wa,  0.0 hi,  2.1 si,  0.1 st
%Cpu(s): 33.4 us,  6.6 sy,  0.0 ni, 58.4 id,  0.0 wa,  0.0 hi,  1.5 si,  0.1 st
%Cpu(s): 21.1 us,  7.6 sy,  0.0 ni, 70.1 id,  0.0 wa,  0.0 hi,  1.2 si,  0.0 st
%Cpu(s): 20.1 us,  6.9 sy,  0.0 ni, 71.5 id,  0.0 wa,  0.0 hi,  1.5 si,  0.0 st
%Cpu(s): 18.1 us,  7.3 sy,  0.0 ni, 73.5 id,  0.0 wa,  0.0 hi,  1.0 si,  0.1 st
%Cpu(s): 18.3 us,  5.3 sy,  0.0 ni, 75.1 id,  0.0 wa,  0.0 hi,  1.3 si,  0.0 st
%Cpu(s): 16.6 us,  7.2 sy,  0.0 ni, 75.0 id,  0.0 wa,  0.0 hi,  1.0 si,  0.1 st
%Cpu(s): 16.2 us,  6.8 sy,  0.0 ni, 76.2 id,  0.0 wa,  0.0 hi,  0.8 si,  0.0 st
%Cpu(s): 16.3 us,  7.9 sy,  0.0 ni, 74.5 id,  0.0 wa,  0.0 hi,  1.1 si,  0.1 st
%Cpu(s): 17.8 us,  6.2 sy,  0.0 ni, 74.9 id,  0.0 wa,  0.0 hi,  1.0 si,  0.0 st
%Cpu(s): 19.5 us,  8.1 sy,  0.0 ni, 71.8 id,  0.0 wa,  0.0 hi,  0.6 si,  0.0 st
%Cpu(s): 17.6 us,  7.0 sy,  0.0 ni, 74.0 id,  0.0 wa,  0.0 hi,  1.1 si,  0.3 st
%Cpu(s): 17.8 us,  6.7 sy,  0.0 ni, 74.6 id,  0.0 wa,  0.0 hi,  1.0 si,  0.0 st
%Cpu(s): 16.0 us,  6.9 sy,  0.0 ni, 76.2 id,  0.0 wa,  0.0 hi,  0.9 si,  0.0 st
%Cpu(s): 18.4 us,  6.9 sy,  0.0 ni, 73.1 id,  0.0 wa,  0.0 hi,  1.6 si,  0.0 st
%Cpu(s): 18.3 us,  6.5 sy,  0.0 ni, 73.9 id,  0.0 wa,  0.0 hi,  1.1 si,  0.1 st
%Cpu(s): 18.7 us,  9.1 sy,  0.0 ni, 71.2 id,  0.0 wa,  0.0 hi,  1.0 si,  0.0 st
%Cpu(s): 18.0 us,  7.4 sy,  0.0 ni, 72.9 id,  0.1 wa,  0.0 hi,  1.5 si,  0.1 st
%Cpu(s): 17.8 us,  6.7 sy,  0.0 ni, 74.3 id,  0.0 wa,  0.0 hi,  1.0 si,  0.1 st
%Cpu(s): 16.0 us,  6.9 sy,  0.0 ni, 75.6 id,  0.0 wa,  0.0 hi,  1.4 si,  0.1 st
%Cpu(s): 17.3 us,  6.2 sy,  0.0 ni, 74.7 id,  0.0 wa,  0.0 hi,  1.7 si,  0.1 st
%Cpu(s): 17.3 us,  7.6 sy,  0.0 ni, 73.8 id,  0.0 wa,  0.0 hi,  1.3 si,  0.0 st
%Cpu(s): 20.5 us,  7.7 sy,  0.0 ni, 70.6 id,  0.0 wa,  0.0 hi,  1.3 si,  0.0 st
%Cpu(s): 20.1 us,  7.3 sy,  0.0 ni, 71.2 id,  0.0 wa,  0.0 hi,  1.3 si,  0.1 st
%Cpu(s): 22.7 us,  6.8 sy,  0.0 ni, 69.0 id,  0.0 wa,  0.0 hi,  1.5 si,  0.0 st
%Cpu(s): 23.1 us,  7.8 sy,  0.0 ni, 68.1 id,  0.0 wa,  0.0 hi,  1.0 si,  0.0 st
%Cpu(s): 27.7 us,  9.5 sy,  0.0 ni, 61.9 id,  0.0 wa,  0.0 hi,  0.9 si,  0.0 st
%Cpu(s): 63.1 us, 10.8 sy,  0.0 ni, 24.9 id,  0.0 wa,  0.0 hi,  1.1 si,  0.1 st
%Cpu(s): 87.4 us, 10.1 sy,  0.0 ni,  0.2 id,  0.0 wa,  0.0 hi,  2.2 si,  0.0 st
%Cpu(s): 82.1 us,  9.2 sy,  0.0 ni,  6.4 id,  0.0 wa,  0.0 hi,  2.1 si,  0.1 st
%Cpu(s): 13.5 us,  6.1 sy,  0.0 ni, 79.6 id,  0.0 wa,  0.0 hi,  0.8 si,  0.0 st
%Cpu(s):  6.2 us,  3.1 sy,  0.0 ni, 90.5 id,  0.0 wa,  0.0 hi,  0.1 si,  0.0 st
%Cpu(s):  6.1 us,  3.5 sy,  0.0 ni, 90.3 id,  0.0 wa,  0.0 hi,  0.1 si,  0.0 st
%Cpu(s): 10.0 us,  2.7 sy,  0.0 ni, 86.7 id,  0.0 wa,  0.0 hi,  0.5 si,  0.1 st
%Cpu(s):  6.5 us,  2.2 sy,  0.0 ni, 91.2 id,  0.0 wa,  0.0 hi,  0.1 si,  0.0 st
%Cpu(s):  3.5 us,  3.4 sy,  0.0 ni, 92.7 id,  0.0 wa,  0.0 hi,  0.3 si,  0.1 st
