%Cpu(s):  6.4 us,  1.2 sy,  0.0 ni, 92.2 id,  0.0 wa,  0.0 hi,  0.1 si,  0.0 st
%Cpu(s):  2.4 us,  1.8 sy,  0.0 ni, 95.7 id,  0.0 wa,  0.0 hi,  0.0 si,  0.1 st
%Cpu(s):  2.9 us,  2.4 sy,  0.0 ni, 94.5 id,  0.0 wa,  0.0 hi,  0.0 si,  0.3 st
%Cpu(s): 10.0 us,  2.1 sy,  0.0 ni, 87.8 id,  0.0 wa,  0.0 hi,  0.0 si,  0.0 st
%Cpu(s):  4.0 us,  2.9 sy,  0.0 ni, 93.0 id,  0.0 wa,  0.0 hi,  0.1 si,  0.0 st
%Cpu(s):  5.2 us,  3.0 sy,  0.0 ni, 91.5 id,  0.0 wa,  0.0 hi,  0.0 si,  0.2 st
%Cpu(s): 15.2 us,  1.9 sy,  0.0 ni, 82.7 id,  0.0 wa,  0.0 hi,  0.1 si,  0.1 st
%Cpu(s): 71.9 us,  5.4 sy,  0.0 ni, 21.8 id,  0.0 wa,  0.0 hi,  0.9 si,  0.0 st
%Cpu(s): 90.5 us,  7.1 sy,  0.0 ni,  0.7 id,  0.0 wa,  0.0 hi,  1.5 si,  0.1 st
%Cpu(s): 90.6 us,  6.7 sy,  0.0 ni,  1.1 id,  0.0 wa,  0.0 hi,  1.5 si,  0.0 st
%Cpu(s): 85.2 us,  6.3 sy,  0.0 ni,  6.8 id,  0.0 wa,  0.0 hi,  1.6 si,  0.0 st
%Cpu(s): 88.9 us,  6.5 sy,  0.0 ni,  3.0 id,  0.0 wa,  0.0 hi,  1.6 si,  0.0 st
%Cpu(s): 78.2 us,  6.0 sy,  0.0 ni, 14.6 id,  0.0 wa,  0.0 hi,  1.1 si,  0.0 st
%Cpu(s): 54.0 us,  6.4 sy,  0.0 ni, 38.5 id,  0.0 wa,  0.0 hi,  1.0 si,  0.0 st
%Cpu(s): 24.9 us,  6.9 sy,  0.0 ni, 67.6 id,  0.0 wa,  0.0 hi,  0.6 si,  0.0 st
%Cpu(s): 28.3 us,  6.3 sy,  0.0 ni, 64.9 id,  0.0 wa,  0.0 hi,  0.5 si,  0.0 st
%Cpu(s): 29.7 us,  5.2 sy,  0.0 ni, 64.5 id,  0.0 wa,  0.0 hi,  0.4 si,  0.1 st
%Cpu(s): 13.0 us,  6.1 sy,  0.0 ni, 80.2 id,  0.0 wa,  0.0 hi,  0.8 si,  0.0 st
%Cpu(s): 14.5 us,  6.4 sy,  0.0 ni, 78.6 id,  0.0 wa,  0.0 hi,  0.5 si,  0.0 st
%Cpu(s): 11.9 us,  6.6 sy,  0.0 ni, 81.1 id,  0.0 wa,  0.0 hi,  0.4 si,  0.0 st
%Cpu(s): 12.5 us,  6.5 sy,  0.0 ni, 80.6 id,  0.0 wa,  0.0 hi,  0.3 si,  0.1 st
%Cpu(s): 11.6 us,  5.8 sy,  0.0 ni, 82.0 id,  0.0 wa,  0.0 hi,  0.6 si,  0.0 st
%Cpu(s):  9.7 us,  5.9 sy,  0.0 ni, 83.8 id,  0.0 wa,  0.0 hi,  0.5 si,  0.0 st
%Cpu(s): 12.5 us,  6.6 sy,  0.0 ni, 80.4 id,  0.0 wa,  0.0 hi,  0.5 si,  0.0 st
%Cpu(s): 12.4 us,  6.3 sy,  0.0 ni, 80.7 id,  0.0 wa,  0.0 hi,  0.5 si,  0.0 st
%Cpu(s): 11.5 us,  6.5 sy,  0.0 ni, 81.3 id,  0.0 wa,  0.0 hi,  0.6 si,  0.1 st
%Cpu(s): 19.0 us,  6.0 sy,  0.0 ni, 74.7 id,  0.0 wa,  0.0 hi,  0.3 si,  0.0 st
%Cpu(s): 16.0 us,  5.7 sy,  0.0 ni, 77.4 id,  0.0 wa,  0.0 hi,  0.8 si,  0.1 st
%Cpu(s): 11.2 us,  5.9 sy,  0.0 ni, 82.6 id,  0.0 wa,  0.0 hi,  0.4 si,  0.0 st
%Cpu(s): 11.8 us,  5.9 sy,  0.0 ni, 82.1 id,  0.0 wa,  0.0 hi,  0.3 si,  0.0 st
%Cpu(s): 12.7 us,  5.1 sy,  0.0 ni, 81.8 id,  0.0 wa,  0.0 hi,  0.5 si,  0.0 st
%Cpu(s): 10.7 us,  5.9 sy,  0.0 ni, 82.7 id,  0.0 wa,  0.0 hi,  0.8 si,  0.0 st
%Cpu(s): 10.7 us,  7.3 sy,  0.0 ni, 81.4 id,  0.0 wa,  0.0 hi,  0.5 si,  0.0 st
%Cpu(s): 11.5 us,  7.4 sy,  0.0 ni, 80.6 id,  0.0 wa,  0.0 hi,  0.5 si,  0.0 st
%Cpu(s):  9.3 us,  7.2 sy,  0.0 ni, 83.2 id,  0.0 wa,  0.0 hi,  0.3 si,  0.0 st
%Cpu(s): 10.4 us,  6.9 sy,  0.0 ni, 81.9 id,  0.0 wa,  0.0 hi,  0.8 si,  0.0 st
%Cpu(s): 11.2 us,  5.7 sy,  0.0 ni, 82.1 id,  0.0 wa,  0.0 hi,  0.9 si,  0.1 st
%Cpu(s): 21.4 us,  5.2 sy,  0.0 ni, 72.3 id,  0.0 wa,  0.0 hi,  0.9 si,  0.1 st
%Cpu(s): 16.0 us,  5.9 sy,  0.0 ni, 77.3 id,  0.0 wa,  0.0 hi,  0.8 si,  0.0 st
%Cpu(s): 12.8 us,  5.9 sy,  0.0 ni, 81.0 id,  0.0 wa,  0.0 hi,  0.4 si,  0.0 st
%Cpu(s): 18.8 us,  6.2 sy,  0.0 ni, 73.8 id,  0.0 wa,  0.0 hi,  1.0 si,  0.1 st
%Cpu(s): 16.0 us,  5.9 sy,  0.0 ni, 77.1 id,  0.0 wa,  0.0 hi,  1.0 si,  0.0 st
%Cpu(s): 10.8 us,  6.2 sy,  0.0 ni, 82.3 id,  0.0 wa,  0.0 hi,  0.7 si,  0.0 st
%Cpu(s): 12.9 us,  5.9 sy,  0.0 ni, 80.2 id,  0.0 wa,  0.0 hi,  1.0 si,  0.0 st
%Cpu(s): 10.8 us,  6.2 sy,  0.0 ni, 82.7 id,  0.0 wa,  0.0 hi,  0.3 si,  0.0 st
%Cpu(s): 10.7 us,  7.4 sy,  0.0 ni, 81.4 id,  0.0 wa,  0.0 hi,  0.5 si,  0.0 st
%Cpu(s): 10.7 us,  6.5 sy,  0.0 ni, 82.2 id,  0.0 wa,  0.0 hi,  0.4 si,  0.1 st
%Cpu(s): 12.4 us,  7.4 sy,  0.0 ni, 79.9 id,  0.0 wa,  0.0 hi,  0.3 si,  0.0 st
%Cpu(s): 11.3 us,  6.4 sy,  0.0 ni, 81.8 id,  0.0 wa,  0.0 hi,  0.5 si,  0.0 st
%Cpu(s):  8.7 us,  7.4 sy,  0.0 ni, 83.5 id,  0.0 wa,  0.0 hi,  0.4 si,  0.0 st
%Cpu(s): 11.5 us,  5.1 sy,  0.0 ni, 83.2 id,  0.0 wa,  0.0 hi,  0.1 si,  0.0 st
%Cpu(s): 11.0 us,  7.1 sy,  0.0 ni, 81.4 id,  0.0 wa,  0.0 hi,  0.4 si,  0.1 st
%Cpu(s):  9.9 us,  5.7 sy,  0.0 ni, 83.9 id,  0.0 wa,  0.0 hi,  0.4 si,  0.1 st
%Cpu(s): 10.0 us,  5.5 sy,  0.0 ni, 84.3 id,  0.0 wa,  0.0 hi,  0.3 si,  0.0 st
%Cpu(s): 10.2 us,  7.1 sy,  0.0 ni, 82.4 id,  0.0 wa,  0.0 hi,  0.2 si,  0.0 st
%Cpu(s):  9.0 us,  7.4 sy,  0.0 ni, 83.1 id,  0.1 wa,  0.0 hi,  0.4 si,  0.0 st
%Cpu(s):  8.8 us,  4.5 sy,  0.0 ni, 86.2 id,  0.0 wa,  0.0 hi,  0.5 si,  0.0 st
%Cpu(s): 10.3 us,  5.7 sy,  0.0 ni, 83.3 id,  0.0 wa,  0.0 hi,  0.6 si,  0.0 st
%Cpu(s):  8.3 us,  6.8 sy,  0.0 ni, 84.4 id,  0.0 wa,  0.0 hi,  0.4 si,  0.1 st
%Cpu(s):  8.9 us,  6.1 sy,  0.0 ni, 84.7 id,  0.0 wa,  0.0 hi,  0.3 si,  0.0 st
%Cpu(s):  9.3 us,  6.6 sy,  0.0 ni, 83.4 id,  0.0 wa,  0.0 hi,  0.6 si,  0.0 st
%Cpu(s): 11.8 us,  7.2 sy,  0.0 ni, 80.5 id,  0.0 wa,  0.0 hi,  0.5 si,  0.0 st
%Cpu(s): 10.5 us,  6.6 sy,  0.0 ni, 82.4 id,  0.0 wa,  0.0 hi,  0.4 si,  0.1 st
%Cpu(s): 10.9 us,  7.1 sy,  0.0 ni, 81.5 id,  0.0 wa,  0.0 hi,  0.5 si,  0.0 st
%Cpu(s): 10.5 us,  7.0 sy,  0.0 ni, 82.3 id,  0.0 wa,  0.0 hi,  0.3 si,  0.0 st
%Cpu(s): 12.7 us,  6.5 sy,  0.0 ni, 80.4 id,  0.0 wa,  0.0 hi,  0.4 si,  0.0 st
%Cpu(s): 25.8 us,  6.4 sy,  0.0 ni, 67.1 id,  0.0 wa,  0.0 hi,  0.5 si,  0.1 st
%Cpu(s): 40.9 us,  6.4 sy,  0.0 ni, 51.6 id,  0.0 wa,  0.0 hi,  1.1 si,  0.0 st
%Cpu(s): 17.1 us,  5.9 sy,  0.0 ni, 76.2 id,  0.0 wa,  0.0 hi,  0.8 si,  0.0 st
%Cpu(s): 15.6 us,  6.8 sy,  0.0 ni, 77.1 id,  0.0 wa,  0.0 hi,  0.5 si,  0.0 st
%Cpu(s): 12.8 us,  7.2 sy,  0.0 ni, 79.4 id,  0.0 wa,  0.0 hi,  0.6 si,  0.0 st
%Cpu(s): 12.1 us,  7.7 sy,  0.0 ni, 79.7 id,  0.0 wa,  0.0 hi,  0.4 si,  0.1 st
%Cpu(s): 13.0 us,  6.2 sy,  0.0 ni, 80.0 id,  0.0 wa,  0.0 hi,  0.8 si,  0.0 st
%Cpu(s): 18.6 us,  6.4 sy,  0.0 ni, 74.1 id,  0.0 wa,  0.0 hi,  0.9 si,  0.0 st
%Cpu(s): 11.9 us,  4.8 sy,  0.0 ni, 82.6 id,  0.0 wa,  0.0 hi,  0.6 si,  0.0 st
%Cpu(s): 13.3 us,  4.2 sy,  0.0 ni, 82.1 id,  0.0 wa,  0.0 hi,  0.4 si,  0.0 st
