%Cpu(s):  6.5 us,  1.1 sy,  0.0 ni, 92.2 id,  0.0 wa,  0.0 hi,  0.1 si,  0.0 st
%Cpu(s):  2.9 us,  2.5 sy,  0.0 ni, 94.3 id,  0.0 wa,  0.0 hi,  0.0 si,  0.3 st
%Cpu(s):  3.3 us,  2.4 sy,  0.0 ni, 94.2 id,  0.0 wa,  0.0 hi,  0.0 si,  0.1 st
%Cpu(s):  3.7 us,  3.0 sy,  0.0 ni, 93.2 id,  0.0 wa,  0.0 hi,  0.0 si,  0.1 st
%Cpu(s):  3.2 us,  2.8 sy,  0.0 ni, 93.7 id,  0.0 wa,  0.0 hi,  0.0 si,  0.4 st
%Cpu(s):  6.2 us,  3.3 sy,  0.0 ni, 90.4 id,  0.0 wa,  0.0 hi,  0.0 si,  0.1 st
%Cpu(s):  3.9 us,  2.0 sy,  0.0 ni, 93.7 id,  0.0 wa,  0.0 hi,  0.1 si,  0.3 st
%Cpu(s): 72.3 us,  5.2 sy,  0.0 ni, 21.7 id,  0.0 wa,  0.0 hi,  0.9 si,  0.0 st
%Cpu(s): 90.6 us,  6.2 sy,  0.0 ni,  1.6 id,  0.0 wa,  0.0 hi,  1.5 si,  0.0 st
%Cpu(s): 87.8 us,  6.0 sy,  0.0 ni,  4.7 id,  0.0 wa,  0.0 hi,  1.5 si,  0.0 st
%Cpu(s): 91.3 us,  5.4 sy,  0.0 ni,  1.6 id,  0.0 wa,  0.0 hi,  1.7 si,  0.0 st
%Cpu(s): 88.2 us,  7.1 sy,  0.0 ni,  3.0 id,  0.0 wa,  0.0 hi,  1.7 si,  0.0 st
%Cpu(s): 80.7 us,  5.8 sy,  0.0 ni, 12.3 id,  0.0 wa,  0.0 hi,  1.3 si,  0.0 st
%Cpu(s): 65.7 us,  6.8 sy,  0.0 ni, 25.7 id,  0.0 wa,  0.0 hi,  1.9 si,  0.0 st
%Cpu(s): 41.0 us,  6.3 sy,  0.0 ni, 51.5 id,  0.0 wa,  0.0 hi,  1.1 si,  0.0 st
%Cpu(s): 21.1 us,  6.0 sy,  0.0 ni, 72.1 id,  0.0 wa,  0.0 hi,  0.5 si,  0.3 st
%Cpu(s): 25.6 us,  6.0 sy,  0.0 ni, 67.3 id,  0.1 wa,  0.0 hi,  1.0 si,  0.0 st
%Cpu(s): 14.2 us,  5.1 sy,  0.0 ni, 80.4 id,  0.0 wa,  0.0 hi,  0.3 si,  0.0 st
%Cpu(s): 11.3 us,  6.2 sy,  0.0 ni, 82.1 id,  0.0 wa,  0.0 hi,  0.4 si,  0.0 st
%Cpu(s):  9.8 us,  7.8 sy,  0.0 ni, 81.6 id,  0.0 wa,  0.0 hi,  0.8 si,  0.0 st
%Cpu(s): 10.9 us,  6.9 sy,  0.0 ni, 81.4 id,  0.0 wa,  0.0 hi,  0.8 si,  0.0 st
%Cpu(s): 11.1 us,  5.8 sy,  0.0 ni, 82.7 id,  0.0 wa,  0.0 hi,  0.4 si,  0.0 st
%Cpu(s): 11.9 us,  6.8 sy,  0.0 ni, 81.1 id,  0.0 wa,  0.0 hi,  0.1 si,  0.0 st
%Cpu(s): 11.3 us,  7.5 sy,  0.0 ni, 80.1 id,  0.0 wa,  0.0 hi,  1.0 si,  0.1 st
%Cpu(s): 10.2 us,  6.0 sy,  0.0 ni, 83.4 id,  0.0 wa,  0.0 hi,  0.5 si,  0.0 st
%Cpu(s):  9.0 us,  5.8 sy,  0.0 ni, 84.8 id,  0.0 wa,  0.0 hi,  0.4 si,  0.0 st
%Cpu(s):  9.0 us,  6.4 sy,  0.0 ni, 84.0 id,  0.0 wa,  0.0 hi,  0.5 si,  0.1 st
%Cpu(s): 10.2 us,  6.8 sy,  0.0 ni, 82.5 id,  0.0 wa,  0.0 hi,  0.5 si,  0.0 st
%Cpu(s): 10.8 us,  6.4 sy,  0.0 ni, 82.3 id,  0.0 wa,  0.0 hi,  0.5 si,  0.0 st
%Cpu(s): 11.3 us,  5.9 sy,  0.0 ni, 82.2 id,  0.0 wa,  0.0 hi,  0.6 si,  0.0 st
%Cpu(s): 11.0 us,  5.2 sy,  0.0 ni, 83.1 id,  0.0 wa,  0.0 hi,  0.6 si,  0.0 st
%Cpu(s): 11.8 us,  6.1 sy,  0.0 ni, 81.3 id,  0.0 wa,  0.0 hi,  0.8 si,  0.1 st
%Cpu(s): 10.4 us,  6.3 sy,  0.0 ni, 82.9 id,  0.0 wa,  0.0 hi,  0.3 si,  0.1 st
%Cpu(s): 10.7 us,  6.4 sy,  0.0 ni, 82.6 id,  0.0 wa,  0.0 hi,  0.4 si,  0.0 st
%Cpu(s):  8.8 us,  6.5 sy,  0.0 ni, 84.2 id,  0.0 wa,  0.0 hi,  0.5 si,  0.0 st
%Cpu(s):  8.5 us,  5.1 sy,  0.0 ni, 85.8 id,  0.0 wa,  0.0 hi,  0.7 si,  0.0 st
%Cpu(s):  9.8 us,  6.8 sy,  0.0 ni, 82.9 id,  0.0 wa,  0.0 hi,  0.5 si,  0.0 st
%Cpu(s): 20.2 us,  6.1 sy,  0.0 ni, 72.7 id,  0.0 wa,  0.0 hi,  1.0 si,  0.0 st
%Cpu(s): 16.7 us,  5.5 sy,  0.0 ni, 77.0 id,  0.0 wa,  0.0 hi,  0.8 si,  0.1 st
%Cpu(s): 11.8 us,  5.6 sy,  0.0 ni, 81.8 id,  0.0 wa,  0.0 hi,  0.8 si,  0.0 st
%Cpu(s): 16.6 us,  5.4 sy,  0.0 ni, 77.5 id,  0.0 wa,  0.0 hi,  0.6 si,  0.0 st
%Cpu(s): 16.4 us,  5.4 sy,  0.0 ni, 77.3 id,  0.0 wa,  0.0 hi,  0.8 si,  0.1 st
%Cpu(s): 12.4 us,  5.6 sy,  0.0 ni, 81.6 id,  0.0 wa,  0.0 hi,  0.4 si,  0.0 st
%Cpu(s): 12.7 us,  6.7 sy,  0.0 ni, 80.4 id,  0.0 wa,  0.0 hi,  0.3 si,  0.0 st
%Cpu(s): 10.6 us,  6.4 sy,  0.0 ni, 82.4 id,  0.0 wa,  0.0 hi,  0.6 si,  0.0 st
%Cpu(s): 10.8 us,  6.0 sy,  0.0 ni, 83.1 id,  0.0 wa,  0.0 hi,  0.1 si,  0.0 st
%Cpu(s): 10.7 us,  6.3 sy,  0.0 ni, 82.6 id,  0.0 wa,  0.0 hi,  0.3 si,  0.1 st
%Cpu(s): 11.6 us,  7.2 sy,  0.0 ni, 80.8 id,  0.0 wa,  0.0 hi,  0.4 si,  0.0 st
%Cpu(s): 11.0 us,  5.6 sy,  0.0 ni, 82.7 id,  0.0 wa,  0.0 hi,  0.6 si,  0.0 st
%Cpu(s):  8.2 us,  7.5 sy,  0.0 ni, 83.8 id,  0.0 wa,  0.0 hi,  0.5 si,  0.0 st
%Cpu(s):  9.3 us,  4.7 sy,  0.0 ni, 85.3 id,  0.0 wa,  0.0 hi,  0.5 si,  0.1 st
%Cpu(s):  9.9 us,  5.7 sy,  0.0 ni, 83.8 id,  0.0 wa,  0.0 hi,  0.5 si,  0.1 st
%Cpu(s):  8.8 us,  6.8 sy,  0.0 ni, 83.9 id,  0.0 wa,  0.0 hi,  0.5 si,  0.0 st
%Cpu(s):  9.6 us,  6.9 sy,  0.0 ni, 83.1 id,  0.0 wa,  0.0 hi,  0.5 si,  0.0 st
%Cpu(s):  9.9 us,  6.7 sy,  0.0 ni, 82.5 id,  0.0 wa,  0.0 hi,  0.9 si,  0.0 st
%Cpu(s):  8.6 us,  6.1 sy,  0.0 ni, 84.7 id,  0.0 wa,  0.0 hi,  0.5 si,  0.0 st
%Cpu(s): 10.6 us,  6.1 sy,  0.0 ni, 82.6 id,  0.0 wa,  0.0 hi,  0.5 si,  0.1 st
%Cpu(s):  9.4 us,  5.6 sy,  0.0 ni, 84.1 id,  0.0 wa,  0.0 hi,  0.9 si,  0.0 st
%Cpu(s): 10.6 us,  6.2 sy,  0.0 ni, 82.8 id,  0.0 wa,  0.0 hi,  0.4 si,  0.0 st
%Cpu(s):  9.3 us,  6.9 sy,  0.0 ni, 83.4 id,  0.0 wa,  0.0 hi,  0.4 si,  0.0 st
%Cpu(s):  9.3 us,  6.5 sy,  0.0 ni, 83.4 id,  0.0 wa,  0.0 hi,  0.8 si,  0.0 st
%Cpu(s):  9.8 us,  5.7 sy,  0.0 ni, 83.9 id,  0.0 wa,  0.0 hi,  0.5 si,  0.0 st
%Cpu(s):  8.3 us,  6.4 sy,  0.0 ni, 84.9 id,  0.0 wa,  0.0 hi,  0.3 si,  0.1 st
%Cpu(s): 11.1 us,  6.5 sy,  0.0 ni, 81.8 id,  0.0 wa,  0.0 hi,  0.5 si,  0.1 st
%Cpu(s):  9.7 us,  5.4 sy,  0.0 ni, 84.5 id,  0.0 wa,  0.0 hi,  0.4 si,  0.0 st
%Cpu(s): 10.2 us,  6.5 sy,  0.0 ni, 83.0 id,  0.0 wa,  0.0 hi,  0.4 si,  0.0 st
%Cpu(s): 11.5 us,  6.4 sy,  0.0 ni, 81.3 id,  0.0 wa,  0.0 hi,  0.8 si,  0.0 st
%Cpu(s): 53.9 us,  6.1 sy,  0.0 ni, 38.7 id,  0.0 wa,  0.0 hi,  1.3 si,  0.0 st
%Cpu(s): 40.9 us,  5.7 sy,  0.0 ni, 52.8 id,  0.0 wa,  0.0 hi,  0.6 si,  0.0 st
%Cpu(s): 18.4 us,  7.8 sy,  0.0 ni, 73.0 id,  0.0 wa,  0.0 hi,  0.6 si,  0.1 st
%Cpu(s): 13.1 us,  6.8 sy,  0.0 ni, 79.4 id,  0.0 wa,  0.0 hi,  0.6 si,  0.0 st
%Cpu(s): 11.8 us,  7.2 sy,  0.0 ni, 80.7 id,  0.0 wa,  0.0 hi,  0.4 si,  0.0 st
%Cpu(s): 13.0 us,  5.7 sy,  0.0 ni, 80.8 id,  0.0 wa,  0.0 hi,  0.4 si,  0.1 st
%Cpu(s): 23.2 us,  6.1 sy,  0.0 ni, 70.2 id,  0.0 wa,  0.0 hi,  0.5 si,  0.0 st
%Cpu(s): 16.9 us,  6.5 sy,  0.0 ni, 76.3 id,  0.0 wa,  0.0 hi,  0.4 si,  0.0 st
%Cpu(s): 11.2 us,  7.3 sy,  0.0 ni, 81.1 id,  0.0 wa,  0.0 hi,  0.4 si,  0.0 st
%Cpu(s):  4.8 us,  2.7 sy,  0.0 ni, 92.4 id,  0.0 wa,  0.0 hi,  0.1 si,  0.0 st
%Cpu(s):  4.9 us,  3.3 sy,  0.0 ni, 91.1 id,  0.0 wa,  0.0 hi,  0.3 si,  0.4 st
