%Cpu(s): 10.2 us,  1.6 sy,  0.0 ni, 88.0 id,  0.0 wa,  0.0 hi,  0.2 si,  0.0 st
%Cpu(s):  2.6 us,  2.4 sy,  0.0 ni, 94.9 id,  0.0 wa,  0.0 hi,  0.0 si,  0.1 st
%Cpu(s):  2.5 us,  1.6 sy,  0.0 ni, 95.8 id,  0.0 wa,  0.0 hi,  0.0 si,  0.1 st
%Cpu(s):  2.2 us,  2.6 sy,  0.0 ni, 95.1 id,  0.0 wa,  0.0 hi,  0.0 si,  0.0 st
%Cpu(s):  3.6 us,  3.6 sy,  0.0 ni, 92.6 id,  0.0 wa,  0.0 hi,  0.1 si,  0.1 st
%Cpu(s):  6.2 us,  1.1 sy,  0.0 ni, 92.4 id,  0.0 wa,  0.0 hi,  0.1 si,  0.1 st
%Cpu(s): 58.1 us,  3.8 sy,  0.0 ni, 37.6 id,  0.0 wa,  0.0 hi,  0.4 si,  0.1 st
%Cpu(s): 87.6 us,  8.5 sy,  0.0 ni,  2.3 id,  0.0 wa,  0.0 hi,  1.6 si,  0.0 st
%Cpu(s): 88.4 us,  8.9 sy,  0.0 ni,  0.4 id,  0.0 wa,  0.0 hi,  2.2 si,  0.0 st
%Cpu(s): 87.2 us,  7.8 sy,  0.0 ni,  3.3 id,  0.0 wa,  0.0 hi,  1.8 si,  0.0 st
%Cpu(s): 85.0 us,  8.1 sy,  0.0 ni,  5.1 id,  0.0 wa,  0.0 hi,  1.9 si,  0.0 st
%Cpu(s): 86.4 us,  6.4 sy,  0.0 ni,  5.3 id,  0.0 wa,  0.0 hi,  1.9 si,  0.0 st
%Cpu(s): 86.3 us,  6.1 sy,  0.0 ni,  5.6 id,  0.0 wa,  0.0 hi,  2.0 si,  0.0 st
%Cpu(s): 85.0 us,  7.7 sy,  0.0 ni,  5.6 id,  0.0 wa,  0.0 hi,  1.7 si,  0.0 st
%Cpu(s): 49.4 us,  8.6 sy,  0.0 ni, 40.2 id,  0.0 wa,  0.0 hi,  1.8 si,  0.0 st
%Cpu(s): 25.6 us,  7.0 sy,  0.0 ni, 66.9 id,  0.0 wa,  0.0 hi,  0.5 si,  0.0 st
%Cpu(s): 21.8 us,  7.0 sy,  0.0 ni, 69.6 id,  0.0 wa,  0.0 hi,  1.6 si,  0.0 st
%Cpu(s): 16.5 us,  7.1 sy,  0.0 ni, 75.4 id,  0.0 wa,  0.0 hi,  1.0 si,  0.0 st
%Cpu(s): 15.8 us,  6.8 sy,  0.0 ni, 76.5 id,  0.0 wa,  0.0 hi,  0.8 si,  0.1 st
%Cpu(s): 13.2 us,  7.1 sy,  0.0 ni, 78.4 id,  0.0 wa,  0.0 hi,  1.3 si,  0.0 st
%Cpu(s): 17.3 us,  6.2 sy,  0.0 ni, 75.4 id,  0.0 wa,  0.0 hi,  0.9 si,  0.1 st
%Cpu(s): 22.6 us,  6.9 sy,  0.0 ni, 69.8 id,  0.0 wa,  0.0 hi,  0.6 si,  0.0 st
%Cpu(s): 15.7 us,  6.2 sy,  0.0 ni, 77.4 id,  0.0 wa,  0.0 hi,  0.6 si,  0.0 st
%Cpu(s): 16.9 us,  6.2 sy,  0.0 ni, 76.1 id,  0.0 wa,  0.0 hi,  0.8 si,  0.0 st
%Cpu(s): 13.5 us,  6.3 sy,  0.0 ni, 79.3 id,  0.0 wa,  0.0 hi,  0.9 si,  0.0 st
%Cpu(s): 15.0 us,  6.4 sy,  0.0 ni, 77.3 id,  0.1 wa,  0.0 hi,  1.2 si,  0.0 st
%Cpu(s): 15.5 us,  7.4 sy,  0.0 ni, 76.3 id,  0.0 wa,  0.0 hi,  0.8 si,  0.0 st
%Cpu(s): 12.3 us,  7.2 sy,  0.0 ni, 79.5 id,  0.0 wa,  0.0 hi,  1.0 si,  0.0 st
%Cpu(s): 14.9 us,  6.5 sy,  0.0 ni, 77.9 id,  0.0 wa,  0.0 hi,  0.5 si,  0.1 st
%Cpu(s): 14.9 us,  7.2 sy,  0.0 ni, 77.1 id,  0.0 wa,  0.0 hi,  0.8 si,  0.0 st
%Cpu(s): 13.1 us,  6.4 sy,  0.0 ni, 79.5 id,  0.0 wa,  0.0 hi,  1.0 si,  0.0 st
%Cpu(s): 11.4 us,  6.0 sy,  0.0 ni, 81.8 id,  0.0 wa,  0.0 hi,  0.8 si,  0.0 st
%Cpu(s): 12.1 us,  6.2 sy,  0.0 ni, 80.8 id,  0.0 wa,  0.0 hi,  0.9 si,  0.0 st
%Cpu(s): 14.3 us,  6.5 sy,  0.0 ni, 78.1 id,  0.0 wa,  0.0 hi,  1.0 si,  0.0 st
%Cpu(s): 13.7 us,  6.2 sy,  0.0 ni, 78.7 id,  0.0 wa,  0.0 hi,  1.2 si,  0.3 st
%Cpu(s): 14.9 us,  7.1 sy,  0.0 ni, 76.7 id,  0.0 wa,  0.0 hi,  1.4 si,  0.0 st
%Cpu(s): 24.8 us,  6.5 sy,  0.0 ni, 67.5 id,  0.0 wa,  0.0 hi,  1.1 si,  0.0 st
%Cpu(s): 26.5 us,  7.1 sy,  0.0 ni, 65.4 id,  0.0 wa,  0.0 hi,  1.0 si,  0.0 st
%Cpu(s): 12.6 us,  5.3 sy,  0.0 ni, 81.0 id,  0.0 wa,  0.0 hi,  1.0 si,  0.0 st
%Cpu(s): 27.0 us,  7.8 sy,  0.0 ni, 64.1 id,  0.0 wa,  0.0 hi,  1.2 si,  0.0 st
%Cpu(s): 15.9 us,  6.8 sy,  0.0 ni, 76.3 id,  0.0 wa,  0.0 hi,  0.9 si,  0.0 st
%Cpu(s): 15.4 us,  6.6 sy,  0.0 ni, 77.2 id,  0.0 wa,  0.0 hi,  0.8 si,  0.0 st
%Cpu(s): 13.2 us,  5.9 sy,  0.0 ni, 79.9 id,  0.0 wa,  0.0 hi,  1.0 si,  0.0 st
%Cpu(s): 13.3 us,  5.9 sy,  0.0 ni, 79.9 id,  0.0 wa,  0.0 hi,  0.9 si,  0.0 st
%Cpu(s): 13.6 us,  6.1 sy,  0.0 ni, 79.4 id,  0.0 wa,  0.0 hi,  0.9 si,  0.0 st
%Cpu(s): 13.0 us,  6.3 sy,  0.0 ni, 79.6 id,  0.0 wa,  0.0 hi,  1.1 si,  0.0 st
%Cpu(s): 14.2 us,  6.8 sy,  0.0 ni, 77.6 id,  0.0 wa,  0.0 hi,  1.4 si,  0.0 st
%Cpu(s): 13.8 us,  6.4 sy,  0.0 ni, 78.2 id,  0.0 wa,  0.0 hi,  1.5 si,  0.1 st
%Cpu(s): 15.1 us,  6.2 sy,  0.0 ni, 77.8 id,  0.0 wa,  0.0 hi,  0.8 si,  0.1 st
%Cpu(s): 12.9 us,  7.6 sy,  0.0 ni, 78.7 id,  0.0 wa,  0.0 hi,  0.8 si,  0.0 st
%Cpu(s): 15.9 us,  7.1 sy,  0.0 ni, 75.7 id,  0.0 wa,  0.0 hi,  1.3 si,  0.0 st
%Cpu(s): 12.9 us,  5.8 sy,  0.0 ni, 80.4 id,  0.0 wa,  0.0 hi,  0.8 si,  0.1 st
%Cpu(s): 12.2 us,  4.9 sy,  0.0 ni, 81.9 id,  0.0 wa,  0.0 hi,  0.9 si,  0.0 st
%Cpu(s): 13.2 us,  5.3 sy,  0.0 ni, 79.9 id,  0.0 wa,  0.0 hi,  1.6 si,  0.0 st
%Cpu(s): 12.5 us,  6.9 sy,  0.0 ni, 79.5 id,  0.0 wa,  0.0 hi,  1.0 si,  0.0 st
%Cpu(s): 14.7 us,  6.6 sy,  0.0 ni, 77.3 id,  0.1 wa,  0.0 hi,  1.3 si,  0.0 st
%Cpu(s): 13.6 us,  8.4 sy,  0.0 ni, 77.0 id,  0.0 wa,  0.0 hi,  1.0 si,  0.0 st
%Cpu(s): 13.3 us,  6.9 sy,  0.0 ni, 78.6 id,  0.0 wa,  0.0 hi,  1.3 si,  0.0 st
%Cpu(s): 13.1 us,  6.9 sy,  0.0 ni, 79.0 id,  0.0 wa,  0.0 hi,  1.0 si,  0.0 st
%Cpu(s): 11.6 us,  6.1 sy,  0.0 ni, 81.6 id,  0.0 wa,  0.0 hi,  0.5 si,  0.1 st
%Cpu(s): 12.6 us,  7.1 sy,  0.0 ni, 79.2 id,  0.0 wa,  0.0 hi,  1.0 si,  0.0 st
%Cpu(s): 15.1 us,  7.7 sy,  0.0 ni, 76.5 id,  0.0 wa,  0.0 hi,  0.6 si,  0.0 st
%Cpu(s): 14.5 us,  7.0 sy,  0.0 ni, 77.7 id,  0.0 wa,  0.0 hi,  0.8 si,  0.0 st
%Cpu(s): 18.1 us,  7.3 sy,  0.0 ni, 73.7 id,  0.0 wa,  0.0 hi,  0.8 si,  0.1 st
%Cpu(s): 11.7 us,  4.5 sy,  0.0 ni, 83.2 id,  0.0 wa,  0.0 hi,  0.5 si,  0.0 st
%Cpu(s):  9.3 us,  3.3 sy,  0.0 ni, 87.1 id,  0.0 wa,  0.0 hi,  0.3 si,  0.1 st
%Cpu(s): 15.5 us,  4.0 sy,  0.0 ni, 80.4 id,  0.0 wa,  0.0 hi,  0.1 si,  0.0 st
%Cpu(s): 13.8 us,  2.9 sy,  0.0 ni, 83.0 id,  0.0 wa,  0.0 hi,  0.3 si,  0.0 st
%Cpu(s): 11.2 us,  3.5 sy,  0.0 ni, 85.2 id,  0.0 wa,  0.0 hi,  0.1 si,  0.0 st
%Cpu(s):  5.3 us,  2.8 sy,  0.0 ni, 91.8 id,  0.0 wa,  0.0 hi,  0.0 si,  0.1 st
%Cpu(s):  5.5 us,  3.9 sy,  0.0 ni, 90.2 id,  0.0 wa,  0.0 hi,  0.4 si,  0.0 st
%Cpu(s):  5.3 us,  4.6 sy,  0.0 ni, 89.9 id,  0.0 wa,  0.0 hi,  0.1 si,  0.1 st
%Cpu(s):  6.7 us,  3.7 sy,  0.0 ni, 89.4 id,  0.0 wa,  0.0 hi,  0.1 si,  0.1 st
%Cpu(s):  4.0 us,  1.8 sy,  0.0 ni, 94.1 id,  0.0 wa,  0.0 hi,  0.1 si,  0.0 st
%Cpu(s):  3.6 us,  2.6 sy,  0.0 ni, 93.7 id,  0.0 wa,  0.0 hi,  0.0 si,  0.1 st
%Cpu(s):  3.1 us,  2.8 sy,  0.0 ni, 93.4 id,  0.1 wa,  0.0 hi,  0.5 si,  0.0 st
%Cpu(s):  2.7 us,  2.6 sy,  0.0 ni, 94.5 id,  0.0 wa,  0.0 hi,  0.0 si,  0.1 st
%Cpu(s):  3.2 us,  3.0 sy,  0.0 ni, 93.7 id,  0.0 wa,  0.0 hi,  0.0 si,  0.1 st
%Cpu(s):  2.9 us,  1.9 sy,  0.0 ni, 95.0 id,  0.0 wa,  0.0 hi,  0.1 si,  0.1 st
%Cpu(s):  2.8 us,  3.6 sy,  0.0 ni, 93.1 id,  0.0 wa,  0.0 hi,  0.1 si,  0.4 st
%Cpu(s):  4.3 us,  1.9 sy,  0.0 ni, 93.6 id,  0.0 wa,  0.0 hi,  0.3 si,  0.0 st
