%Cpu(s):  1.2 us,  0.2 sy,  0.0 ni, 98.6 id,  0.0 wa,  0.0 hi,  0.0 si,  0.0 st
%Cpu(s): 11.1 us,  1.7 sy,  0.0 ni, 87.2 id,  0.0 wa,  0.0 hi,  0.0 si,  0.0 st
%Cpu(s):  2.0 us,  1.6 sy,  0.0 ni, 96.4 id,  0.0 wa,  0.0 hi,  0.0 si,  0.0 st
%Cpu(s):  1.4 us,  1.5 sy,  0.0 ni, 97.1 id,  0.0 wa,  0.0 hi,  0.0 si,  0.0 st
%Cpu(s):  1.7 us,  1.5 sy,  0.0 ni, 96.8 id,  0.0 wa,  0.0 hi,  0.0 si,  0.0 st
%Cpu(s):  4.6 us,  1.5 sy,  0.0 ni, 93.9 id,  0.0 wa,  0.0 hi,  0.0 si,  0.0 st
%Cpu(s): 20.4 us,  1.9 sy,  0.0 ni, 77.4 id,  0.0 wa,  0.0 hi,  0.1 si,  0.1 st
%Cpu(s): 82.3 us,  5.5 sy,  0.0 ni, 11.3 id,  0.0 wa,  0.0 hi,  0.9 si,  0.0 st
%Cpu(s): 79.3 us,  7.5 sy,  0.0 ni, 12.0 id,  0.0 wa,  0.0 hi,  1.1 si,  0.0 st
%Cpu(s): 83.0 us,  5.7 sy,  0.0 ni,  9.9 id,  0.0 wa,  0.0 hi,  1.4 si,  0.0 st
%Cpu(s): 83.0 us,  6.4 sy,  0.0 ni,  9.5 id,  0.0 wa,  0.0 hi,  1.1 si,  0.0 st
%Cpu(s): 90.4 us,  7.5 sy,  0.0 ni,  0.6 id,  0.0 wa,  0.0 hi,  1.4 si,  0.1 st
%Cpu(s): 91.0 us,  7.0 sy,  0.0 ni,  0.7 id,  0.0 wa,  0.0 hi,  1.2 si,  0.0 st
%Cpu(s): 87.5 us,  7.0 sy,  0.0 ni,  3.9 id,  0.0 wa,  0.0 hi,  1.6 si,  0.0 st
%Cpu(s): 62.5 us,  5.3 sy,  0.0 ni, 31.1 id,  0.0 wa,  0.0 hi,  1.0 si,  0.0 st
%Cpu(s): 71.1 us,  5.2 sy,  0.0 ni, 22.3 id,  0.1 wa,  0.0 hi,  1.2 si,  0.0 st
%Cpu(s): 47.5 us,  5.4 sy,  0.0 ni, 45.9 id,  0.0 wa,  0.0 hi,  1.1 si,  0.1 st
%Cpu(s): 21.6 us,  4.6 sy,  0.0 ni, 73.4 id,  0.0 wa,  0.0 hi,  0.4 si,  0.0 st
%Cpu(s):  9.4 us,  4.8 sy,  0.0 ni, 85.2 id,  0.0 wa,  0.0 hi,  0.5 si,  0.0 st
%Cpu(s):  8.7 us,  4.6 sy,  0.0 ni, 86.0 id,  0.0 wa,  0.0 hi,  0.6 si,  0.0 st
%Cpu(s):  9.3 us,  5.3 sy,  0.0 ni, 84.8 id,  0.0 wa,  0.0 hi,  0.5 si,  0.1 st
%Cpu(s): 11.2 us,  5.7 sy,  0.0 ni, 82.3 id,  0.0 wa,  0.0 hi,  0.6 si,  0.1 st
%Cpu(s): 17.6 us,  6.2 sy,  0.0 ni, 75.6 id,  0.0 wa,  0.0 hi,  0.6 si,  0.0 st
%Cpu(s): 24.2 us,  6.1 sy,  0.0 ni, 68.9 id,  0.0 wa,  0.0 hi,  0.8 si,  0.1 st
%Cpu(s):  9.7 us,  4.3 sy,  0.0 ni, 85.7 id,  0.0 wa,  0.0 hi,  0.4 si,  0.0 st
%Cpu(s): 10.6 us,  5.7 sy,  0.0 ni, 82.9 id,  0.0 wa,  0.0 hi,  0.8 si,  0.0 st
%Cpu(s): 12.5 us,  5.4 sy,  0.0 ni, 81.1 id,  0.0 wa,  0.0 hi,  0.8 si,  0.1 st
%Cpu(s): 10.1 us,  6.2 sy,  0.0 ni, 83.1 id,  0.0 wa,  0.0 hi,  0.6 si,  0.0 st
%Cpu(s): 11.0 us,  5.9 sy,  0.0 ni, 82.2 id,  0.0 wa,  0.0 hi,  0.8 si,  0.1 st
%Cpu(s):  8.9 us,  4.8 sy,  0.0 ni, 85.7 id,  0.0 wa,  0.0 hi,  0.5 si,  0.0 st
%Cpu(s):  9.9 us,  5.4 sy,  0.0 ni, 84.2 id,  0.0 wa,  0.0 hi,  0.5 si,  0.0 st
%Cpu(s):  8.9 us,  5.4 sy,  0.0 ni, 85.1 id,  0.0 wa,  0.0 hi,  0.5 si,  0.1 st
%Cpu(s): 10.5 us,  4.6 sy,  0.0 ni, 84.5 id,  0.0 wa,  0.0 hi,  0.4 si,  0.0 st
%Cpu(s):  8.6 us,  4.7 sy,  0.0 ni, 85.9 id,  0.0 wa,  0.0 hi,  0.6 si,  0.1 st
%Cpu(s):  8.7 us,  4.5 sy,  0.0 ni, 86.4 id,  0.0 wa,  0.0 hi,  0.4 si,  0.0 st
%Cpu(s):  7.9 us,  4.9 sy,  0.0 ni, 86.8 id,  0.0 wa,  0.0 hi,  0.4 si,  0.0 st
%Cpu(s):  9.2 us,  4.9 sy,  0.0 ni, 85.5 id,  0.0 wa,  0.0 hi,  0.4 si,  0.0 st
%Cpu(s): 18.6 us,  4.8 sy,  0.0 ni, 75.9 id,  0.0 wa,  0.0 hi,  0.6 si,  0.0 st
%Cpu(s): 11.7 us,  5.6 sy,  0.0 ni, 82.1 id,  0.0 wa,  0.0 hi,  0.5 si,  0.1 st
%Cpu(s):  8.6 us,  3.8 sy,  0.0 ni, 87.2 id,  0.0 wa,  0.0 hi,  0.4 si,  0.0 st
%Cpu(s): 11.0 us,  5.2 sy,  0.0 ni, 82.7 id,  0.0 wa,  0.0 hi,  0.9 si,  0.1 st
%Cpu(s): 17.2 us,  5.0 sy,  0.0 ni, 77.3 id,  0.0 wa,  0.0 hi,  0.5 si,  0.0 st
%Cpu(s): 17.3 us,  5.0 sy,  0.0 ni, 76.5 id,  0.0 wa,  0.0 hi,  1.0 si,  0.3 st
%Cpu(s): 14.9 us,  5.7 sy,  0.0 ni, 78.6 id,  0.0 wa,  0.0 hi,  0.8 si,  0.0 st
%Cpu(s):  9.9 us,  5.7 sy,  0.0 ni, 84.1 id,  0.0 wa,  0.0 hi,  0.3 si,  0.0 st
%Cpu(s): 10.5 us,  6.1 sy,  0.0 ni, 82.6 id,  0.1 wa,  0.0 hi,  0.6 si,  0.0 st
%Cpu(s): 10.3 us,  5.5 sy,  0.0 ni, 83.6 id,  0.0 wa,  0.0 hi,  0.5 si,  0.1 st
%Cpu(s):  9.7 us,  5.7 sy,  0.0 ni, 83.9 id,  0.0 wa,  0.0 hi,  0.6 si,  0.1 st
%Cpu(s):  8.3 us,  6.0 sy,  0.0 ni, 85.1 id,  0.0 wa,  0.0 hi,  0.6 si,  0.0 st
%Cpu(s):  8.4 us,  5.3 sy,  0.0 ni, 85.8 id,  0.0 wa,  0.0 hi,  0.4 si,  0.1 st
%Cpu(s):  8.8 us,  4.5 sy,  0.0 ni, 86.5 id,  0.0 wa,  0.0 hi,  0.3 si,  0.0 st
%Cpu(s):  9.1 us,  4.3 sy,  0.0 ni, 86.0 id,  0.0 wa,  0.0 hi,  0.5 si,  0.1 st
%Cpu(s):  8.2 us,  4.7 sy,  0.0 ni, 86.4 id,  0.0 wa,  0.0 hi,  0.8 si,  0.0 st
%Cpu(s):  7.8 us,  5.1 sy,  0.0 ni, 86.7 id,  0.0 wa,  0.0 hi,  0.4 si,  0.0 st
%Cpu(s):  8.4 us,  3.9 sy,  0.0 ni, 87.3 id,  0.0 wa,  0.0 hi,  0.3 si,  0.1 st
%Cpu(s):  8.2 us,  4.6 sy,  0.0 ni, 86.9 id,  0.0 wa,  0.0 hi,  0.1 si,  0.1 st
%Cpu(s):  9.1 us,  5.5 sy,  0.0 ni, 84.7 id,  0.0 wa,  0.0 hi,  0.6 si,  0.0 st
%Cpu(s):  8.7 us,  5.7 sy,  0.0 ni, 85.2 id,  0.0 wa,  0.0 hi,  0.4 si,  0.0 st
%Cpu(s):  9.3 us,  4.5 sy,  0.0 ni, 85.6 id,  0.0 wa,  0.0 hi,  0.5 si,  0.0 st
%Cpu(s):  6.6 us,  4.9 sy,  0.0 ni, 87.7 id,  0.0 wa,  0.0 hi,  0.8 si,  0.0 st
%Cpu(s):  7.4 us,  4.3 sy,  0.0 ni, 87.5 id,  0.0 wa,  0.0 hi,  0.5 si,  0.3 st
%Cpu(s):  8.8 us,  4.7 sy,  0.0 ni, 85.8 id,  0.0 wa,  0.0 hi,  0.5 si,  0.1 st
%Cpu(s):  8.4 us,  5.7 sy,  0.0 ni, 84.9 id,  0.0 wa,  0.0 hi,  0.9 si,  0.0 st
%Cpu(s): 10.7 us,  4.3 sy,  0.0 ni, 84.2 id,  0.0 wa,  0.0 hi,  0.8 si,  0.0 st
%Cpu(s): 10.5 us,  6.1 sy,  0.0 ni, 82.7 id,  0.0 wa,  0.0 hi,  0.6 si,  0.0 st
%Cpu(s):  8.5 us,  4.7 sy,  0.0 ni, 86.0 id,  0.0 wa,  0.0 hi,  0.6 si,  0.1 st
%Cpu(s): 16.3 us,  5.7 sy,  0.0 ni, 76.9 id,  0.0 wa,  0.0 hi,  1.0 si,  0.0 st
%Cpu(s): 53.4 us,  6.0 sy,  0.0 ni, 39.7 id,  0.0 wa,  0.0 hi,  0.9 si,  0.0 st
%Cpu(s): 47.4 us,  5.7 sy,  0.0 ni, 46.4 id,  0.0 wa,  0.0 hi,  0.5 si,  0.0 st
%Cpu(s): 20.1 us,  5.8 sy,  0.0 ni, 73.3 id,  0.0 wa,  0.0 hi,  0.8 si,  0.1 st
%Cpu(s): 12.8 us,  5.4 sy,  0.0 ni, 81.2 id,  0.0 wa,  0.0 hi,  0.6 si,  0.0 st
%Cpu(s): 12.2 us,  4.7 sy,  0.0 ni, 82.3 id,  0.0 wa,  0.0 hi,  0.8 si,  0.0 st
%Cpu(s): 10.5 us,  5.1 sy,  0.0 ni, 83.9 id,  0.0 wa,  0.0 hi,  0.4 si,  0.0 st
%Cpu(s): 29.1 us,  5.6 sy,  0.0 ni, 64.5 id,  0.0 wa,  0.0 hi,  0.9 si,  0.0 st
%Cpu(s): 22.0 us,  5.1 sy,  0.0 ni, 72.0 id,  0.0 wa,  0.0 hi,  0.9 si,  0.0 st
%Cpu(s): 13.9 us,  5.5 sy,  0.0 ni, 79.9 id,  0.0 wa,  0.0 hi,  0.5 si,  0.1 st
%Cpu(s): 10.6 us,  5.3 sy,  0.0 ni, 83.5 id,  0.0 wa,  0.0 hi,  0.5 si,  0.1 st
%Cpu(s): 10.9 us,  5.1 sy,  0.0 ni, 83.6 id,  0.0 wa,  0.0 hi,  0.4 si,  0.0 st
%Cpu(s): 12.3 us,  5.4 sy,  0.0 ni, 81.8 id,  0.0 wa,  0.0 hi,  0.4 si,  0.1 st
%Cpu(s): 14.8 us,  5.6 sy,  0.0 ni, 79.2 id,  0.0 wa,  0.0 hi,  0.4 si,  0.0 st
%Cpu(s): 14.1 us,  5.4 sy,  0.0 ni, 79.9 id,  0.0 wa,  0.0 hi,  0.6 si,  0.0 st
%Cpu(s): 14.5 us,  7.4 sy,  0.0 ni, 77.3 id,  0.0 wa,  0.0 hi,  0.8 si,  0.0 st
%Cpu(s): 13.7 us,  4.1 sy,  0.0 ni, 81.5 id,  0.0 wa,  0.0 hi,  0.6 si,  0.0 st
%Cpu(s):  3.4 us,  1.1 sy,  0.0 ni, 95.4 id,  0.0 wa,  0.0 hi,  0.0 si,  0.1 st
