%Cpu(s):  2.1 us,  0.4 sy,  0.0 ni, 97.4 id,  0.0 wa,  0.0 hi,  0.1 si,  0.0 st
%Cpu(s): 62.1 us,  5.6 sy,  0.0 ni, 32.2 id,  0.0 wa,  0.0 hi,  0.0 si,  0.1 st
%Cpu(s): 74.5 us,  2.8 sy,  0.0 ni, 22.6 id,  0.0 wa,  0.0 hi,  0.0 si,  0.1 st
%Cpu(s): 87.8 us,  2.1 sy,  0.0 ni, 10.1 id,  0.0 wa,  0.0 hi,  0.0 si,  0.0 st
%Cpu(s): 97.0 us,  1.6 sy,  0.0 ni,  1.4 id,  0.0 wa,  0.0 hi,  0.0 si,  0.0 st
%Cpu(s): 95.4 us,  3.0 sy,  0.0 ni,  1.5 id,  0.0 wa,  0.0 hi,  0.1 si,  0.0 st
%Cpu(s): 65.4 us,  2.1 sy,  0.0 ni, 32.2 id,  0.1 wa,  0.0 hi,  0.1 si,  0.0 st
%Cpu(s):  8.3 us,  2.4 sy,  0.0 ni, 89.2 id,  0.0 wa,  0.0 hi,  0.1 si,  0.0 st
%Cpu(s):  5.5 us,  2.0 sy,  0.0 ni, 92.2 id,  0.0 wa,  0.0 hi,  0.0 si,  0.3 st
%Cpu(s):  4.0 us,  1.8 sy,  0.0 ni, 94.1 id,  0.0 wa,  0.0 hi,  0.1 si,  0.0 st
%Cpu(s):  8.2 us,  2.5 sy,  0.0 ni, 89.2 id,  0.0 wa,  0.0 hi,  0.0 si,  0.1 st
%Cpu(s): 12.8 us,  1.1 sy,  0.0 ni, 85.9 id,  0.0 wa,  0.0 hi,  0.0 si,  0.1 st
%Cpu(s): 10.2 us,  2.3 sy,  0.0 ni, 87.2 id,  0.0 wa,  0.0 hi,  0.1 si,  0.3 st
%Cpu(s):  5.3 us,  2.9 sy,  0.0 ni, 91.9 id,  0.0 wa,  0.0 hi,  0.0 si,  0.0 st
%Cpu(s): 12.9 us,  4.3 sy,  0.0 ni, 82.5 id,  0.0 wa,  0.0 hi,  0.1 si,  0.1 st
%Cpu(s):  6.7 us,  4.9 sy,  0.0 ni, 88.5 id,  0.0 wa,  0.0 hi,  0.0 si,  0.0 st
%Cpu(s): 43.3 us,  4.9 sy,  0.0 ni, 51.3 id,  0.0 wa,  0.0 hi,  0.5 si,  0.0 st
%Cpu(s): 85.5 us,  9.1 sy,  0.0 ni,  3.4 id,  0.0 wa,  0.0 hi,  2.0 si,  0.0 st
%Cpu(s): 87.4 us,  9.8 sy,  0.0 ni,  0.7 id,  0.0 wa,  0.0 hi,  2.0 si,  0.0 st
%Cpu(s): 87.3 us, 10.1 sy,  0.0 ni,  0.5 id,  0.0 wa,  0.0 hi,  2.1 si,  0.0 st
%Cpu(s): 88.8 us,  9.2 sy,  0.0 ni,  0.2 id,  0.0 wa,  0.0 hi,  1.7 si,  0.0 st
%Cpu(s): 87.2 us,  8.1 sy,  0.0 ni,  2.6 id,  0.0 wa,  0.0 hi,  2.1 si,  0.0 st
%Cpu(s): 69.8 us,  8.1 sy,  0.0 ni, 20.1 id,  0.0 wa,  0.0 hi,  2.0 si,  0.0 st
%Cpu(s): 35.0 us,  6.5 sy,  0.0 ni, 56.9 id,  0.0 wa,  0.0 hi,  1.7 si,  0.0 st
%Cpu(s): 26.0 us,  7.9 sy,  0.0 ni, 64.2 id,  0.0 wa,  0.0 hi,  1.9 si,  0.0 st
%Cpu(s): 12.9 us,  7.0 sy,  0.0 ni, 79.0 id,  0.0 wa,  0.0 hi,  1.1 si,  0.0 st
%Cpu(s): 11.2 us,  7.7 sy,  0.0 ni, 79.6 id,  0.0 wa,  0.0 hi,  1.4 si,  0.1 st
%Cpu(s): 15.2 us,  6.3 sy,  0.0 ni, 77.2 id,  0.0 wa,  0.0 hi,  1.3 si,  0.0 st
%Cpu(s): 29.9 us,  7.4 sy,  0.0 ni, 61.4 id,  0.0 wa,  0.0 hi,  1.3 si,  0.0 st
%Cpu(s): 34.6 us,  7.1 sy,  0.0 ni, 57.0 id,  0.0 wa,  0.0 hi,  1.3 si,  0.0 st
%Cpu(s): 31.9 us,  8.7 sy,  0.0 ni, 58.1 id,  0.0 wa,  0.0 hi,  1.1 si,  0.1 st
%Cpu(s): 43.7 us,  8.3 sy,  0.0 ni, 46.5 id,  0.0 wa,  0.0 hi,  1.4 si,  0.0 st
%Cpu(s): 51.2 us,  7.7 sy,  0.0 ni, 39.6 id,  0.0 wa,  0.0 hi,  1.5 si,  0.0 st
%Cpu(s): 15.2 us,  6.3 sy,  0.0 ni, 76.5 id,  0.0 wa,  0.0 hi,  1.8 si,  0.1 st
%Cpu(s): 12.0 us,  6.8 sy,  0.0 ni, 79.8 id,  0.0 wa,  0.0 hi,  1.4 si,  0.0 st
%Cpu(s): 10.5 us,  7.2 sy,  0.0 ni, 80.6 id,  0.0 wa,  0.0 hi,  1.6 si,  0.0 st
%Cpu(s): 21.4 us,  6.3 sy,  0.0 ni, 70.6 id,  0.1 wa,  0.0 hi,  1.5 si,  0.0 st
%Cpu(s): 21.3 us,  7.1 sy,  0.0 ni, 69.8 id,  0.0 wa,  0.0 hi,  1.8 si,  0.0 st
%Cpu(s): 17.0 us,  6.8 sy,  0.0 ni, 74.4 id,  0.0 wa,  0.0 hi,  1.8 si,  0.0 st
%Cpu(s): 11.3 us,  6.2 sy,  0.0 ni, 81.2 id,  0.0 wa,  0.0 hi,  1.4 si,  0.0 st
%Cpu(s):  8.4 us,  5.7 sy,  0.0 ni, 84.5 id,  0.0 wa,  0.0 hi,  1.4 si,  0.0 st
%Cpu(s): 10.9 us,  6.8 sy,  0.0 ni, 80.7 id,  0.0 wa,  0.0 hi,  1.5 si,  0.0 st
%Cpu(s): 11.2 us,  7.6 sy,  0.0 ni, 79.8 id,  0.0 wa,  0.0 hi,  1.4 si,  0.0 st
%Cpu(s): 11.1 us,  6.0 sy,  0.0 ni, 81.3 id,  0.0 wa,  0.0 hi,  1.7 si,  0.0 st
%Cpu(s): 10.9 us,  6.9 sy,  0.0 ni, 80.9 id,  0.0 wa,  0.0 hi,  1.1 si,  0.1 st
%Cpu(s): 11.3 us,  7.4 sy,  0.0 ni, 79.7 id,  0.0 wa,  0.0 hi,  1.5 si,  0.0 st
%Cpu(s): 15.1 us,  7.6 sy,  0.0 ni, 76.2 id,  0.0 wa,  0.0 hi,  1.1 si,  0.0 st
%Cpu(s): 30.1 us,  6.3 sy,  0.0 ni, 62.6 id,  0.0 wa,  0.0 hi,  1.0 si,  0.0 st
%Cpu(s): 14.8 us,  7.4 sy,  0.0 ni, 76.6 id,  0.0 wa,  0.0 hi,  1.1 si,  0.0 st
%Cpu(s): 12.0 us,  6.2 sy,  0.0 ni, 80.4 id,  0.0 wa,  0.0 hi,  1.3 si,  0.1 st
%Cpu(s): 19.1 us,  6.4 sy,  0.0 ni, 73.5 id,  0.0 wa,  0.0 hi,  1.0 si,  0.0 st
%Cpu(s): 16.5 us,  6.2 sy,  0.0 ni, 76.4 id,  0.0 wa,  0.0 hi,  0.9 si,  0.0 st
%Cpu(s): 10.7 us,  7.5 sy,  0.0 ni, 80.7 id,  0.0 wa,  0.0 hi,  1.2 si,  0.0 st
%Cpu(s): 10.8 us,  6.5 sy,  0.0 ni, 81.0 id,  0.0 wa,  0.0 hi,  1.7 si,  0.0 st
%Cpu(s): 11.3 us,  7.9 sy,  0.0 ni, 79.6 id,  0.0 wa,  0.0 hi,  1.3 si,  0.0 st
%Cpu(s): 10.4 us,  7.1 sy,  0.0 ni, 81.2 id,  0.0 wa,  0.0 hi,  1.1 si,  0.1 st
%Cpu(s):  8.3 us,  6.7 sy,  0.0 ni, 83.4 id,  0.0 wa,  0.0 hi,  1.5 si,  0.0 st
%Cpu(s):  9.6 us,  7.0 sy,  0.0 ni, 82.0 id,  0.0 wa,  0.0 hi,  1.4 si,  0.0 st
%Cpu(s):  8.1 us,  6.2 sy,  0.0 ni, 83.9 id,  0.0 wa,  0.0 hi,  1.8 si,  0.0 st
%Cpu(s): 10.3 us,  6.9 sy,  0.0 ni, 81.7 id,  0.0 wa,  0.0 hi,  1.0 si,  0.0 st
%Cpu(s):  9.7 us,  6.8 sy,  0.0 ni, 82.3 id,  0.0 wa,  0.0 hi,  1.3 si,  0.0 st
%Cpu(s): 11.0 us,  7.4 sy,  0.0 ni, 79.8 id,  0.0 wa,  0.0 hi,  1.8 si,  0.0 st
%Cpu(s): 11.3 us,  6.9 sy,  0.0 ni, 80.5 id,  0.0 wa,  0.0 hi,  1.3 si,  0.0 st
%Cpu(s): 12.9 us,  6.9 sy,  0.0 ni, 78.5 id,  0.0 wa,  0.0 hi,  1.5 si,  0.1 st
%Cpu(s): 11.2 us,  7.5 sy,  0.0 ni, 80.1 id,  0.0 wa,  0.0 hi,  1.3 si,  0.0 st
%Cpu(s): 10.7 us,  6.9 sy,  0.0 ni, 81.4 id,  0.0 wa,  0.0 hi,  1.0 si,  0.0 st
%Cpu(s): 12.5 us,  8.5 sy,  0.0 ni, 77.4 id,  0.1 wa,  0.0 hi,  1.5 si,  0.0 st
%Cpu(s): 11.3 us,  7.5 sy,  0.0 ni, 79.8 id,  0.0 wa,  0.0 hi,  1.4 si,  0.0 st
%Cpu(s): 11.9 us,  8.7 sy,  0.0 ni, 78.3 id,  0.0 wa,  0.0 hi,  1.0 si,  0.1 st
%Cpu(s): 12.5 us,  8.8 sy,  0.0 ni, 77.0 id,  0.0 wa,  0.0 hi,  1.6 si,  0.0 st
%Cpu(s): 11.3 us,  7.6 sy,  0.0 ni, 79.5 id,  0.0 wa,  0.0 hi,  1.5 si,  0.1 st
%Cpu(s): 10.7 us,  7.8 sy,  0.0 ni, 80.2 id,  0.0 wa,  0.0 hi,  1.3 si,  0.0 st
%Cpu(s): 17.2 us,  6.8 sy,  0.0 ni, 74.5 id,  0.0 wa,  0.0 hi,  1.5 si,  0.0 st
%Cpu(s): 16.6 us,  6.9 sy,  0.0 ni, 74.7 id,  0.0 wa,  0.0 hi,  1.8 si,  0.0 st
%Cpu(s): 18.3 us,  6.4 sy,  0.0 ni, 74.0 id,  0.0 wa,  0.0 hi,  1.4 si,  0.0 st
%Cpu(s): 14.7 us,  5.9 sy,  0.0 ni, 78.5 id,  0.0 wa,  0.0 hi,  0.9 si,  0.0 st
%Cpu(s): 32.3 us,  6.4 sy,  0.0 ni, 59.6 id,  0.0 wa,  0.0 hi,  1.7 si,  0.0 st
%Cpu(s): 27.9 us,  7.4 sy,  0.0 ni, 63.6 id,  0.0 wa,  0.0 hi,  1.2 si,  0.0 st
%Cpu(s): 19.4 us,  7.9 sy,  0.0 ni, 71.7 id,  0.0 wa,  0.0 hi,  1.0 si,  0.0 st
%Cpu(s): 14.8 us,  6.2 sy,  0.0 ni, 77.8 id,  0.0 wa,  0.0 hi,  1.1 si,  0.1 st
