%Cpu(s): 10.1 us,  1.7 sy,  0.0 ni, 87.9 id,  0.0 wa,  0.0 hi,  0.2 si,  0.0 st
%Cpu(s):  3.6 us,  3.1 sy,  0.0 ni, 93.1 id,  0.0 wa,  0.0 hi,  0.0 si,  0.1 st
%Cpu(s):  2.7 us,  2.9 sy,  0.0 ni, 94.1 id,  0.0 wa,  0.0 hi,  0.0 si,  0.2 st
%Cpu(s):  2.8 us,  1.5 sy,  0.0 ni, 95.5 id,  0.1 wa,  0.0 hi,  0.0 si,  0.1 st
%Cpu(s):  3.5 us,  1.4 sy,  0.0 ni, 94.9 id,  0.0 wa,  0.0 hi,  0.0 si,  0.2 st
%Cpu(s): 11.2 us,  2.4 sy,  0.0 ni, 86.1 id,  0.0 wa,  0.0 hi,  0.1 si,  0.2 st
%Cpu(s): 66.3 us,  5.0 sy,  0.0 ni, 28.1 id,  0.0 wa,  0.0 hi,  0.5 si,  0.1 st
%Cpu(s): 87.1 us,  8.1 sy,  0.0 ni,  2.9 id,  0.0 wa,  0.0 hi,  1.9 si,  0.0 st
%Cpu(s): 89.6 us,  8.1 sy,  0.0 ni,  0.4 id,  0.0 wa,  0.0 hi,  1.9 si,  0.0 st
%Cpu(s): 88.9 us,  8.7 sy,  0.0 ni,  0.4 id,  0.0 wa,  0.0 hi,  2.0 si,  0.0 st
%Cpu(s): 89.0 us,  9.4 sy,  0.0 ni,  0.0 id,  0.0 wa,  0.0 hi,  1.6 si,  0.0 st
%Cpu(s): 86.9 us,  8.8 sy,  0.0 ni,  2.5 id,  0.0 wa,  0.0 hi,  1.7 si,  0.0 st
%Cpu(s): 85.0 us,  9.0 sy,  0.0 ni,  3.7 id,  0.0 wa,  0.0 hi,  2.2 si,  0.0 st
%Cpu(s): 35.4 us,  8.4 sy,  0.0 ni, 55.0 id,  0.1 wa,  0.0 hi,  1.1 si,  0.0 st
%Cpu(s): 16.2 us,  6.8 sy,  0.0 ni, 76.1 id,  0.0 wa,  0.0 hi,  0.9 si,  0.0 st
%Cpu(s): 14.8 us,  7.5 sy,  0.0 ni, 76.6 id,  0.0 wa,  0.0 hi,  1.1 si,  0.0 st
%Cpu(s): 14.7 us,  6.2 sy,  0.0 ni, 78.1 id,  0.0 wa,  0.0 hi,  1.0 si,  0.0 st
%Cpu(s): 20.3 us,  7.1 sy,  0.0 ni, 72.0 id,  0.0 wa,  0.0 hi,  0.6 si,  0.0 st
%Cpu(s): 12.3 us,  6.3 sy,  0.0 ni, 80.4 id,  0.0 wa,  0.0 hi,  1.0 si,  0.0 st
%Cpu(s): 12.2 us,  6.2 sy,  0.0 ni, 80.6 id,  0.0 wa,  0.0 hi,  1.0 si,  0.0 st
%Cpu(s): 12.8 us,  6.2 sy,  0.0 ni, 79.7 id,  0.0 wa,  0.0 hi,  1.1 si,  0.1 st
%Cpu(s): 11.5 us,  5.6 sy,  0.0 ni, 82.0 id,  0.0 wa,  0.0 hi,  0.9 si,  0.0 st
%Cpu(s): 12.7 us,  6.6 sy,  0.0 ni, 79.6 id,  0.0 wa,  0.0 hi,  1.2 si,  0.0 st
%Cpu(s): 12.7 us,  5.8 sy,  0.0 ni, 80.9 id,  0.0 wa,  0.0 hi,  0.6 si,  0.0 st
%Cpu(s): 13.3 us,  5.6 sy,  0.0 ni, 79.6 id,  0.0 wa,  0.0 hi,  1.4 si,  0.1 st
%Cpu(s): 11.6 us,  7.0 sy,  0.0 ni, 80.1 id,  0.0 wa,  0.0 hi,  1.2 si,  0.1 st
%Cpu(s): 14.4 us,  6.9 sy,  0.0 ni, 77.4 id,  0.0 wa,  0.0 hi,  1.4 si,  0.0 st
%Cpu(s): 12.5 us,  7.3 sy,  0.0 ni, 79.4 id,  0.0 wa,  0.0 hi,  0.9 si,  0.0 st
%Cpu(s): 14.3 us,  7.3 sy,  0.0 ni, 77.5 id,  0.0 wa,  0.0 hi,  1.0 si,  0.0 st
%Cpu(s): 11.5 us,  6.4 sy,  0.0 ni, 81.0 id,  0.0 wa,  0.0 hi,  1.0 si,  0.0 st
%Cpu(s): 11.4 us,  6.7 sy,  0.0 ni, 81.2 id,  0.0 wa,  0.0 hi,  0.8 si,  0.0 st
%Cpu(s): 12.4 us,  6.6 sy,  0.0 ni, 80.3 id,  0.0 wa,  0.0 hi,  0.8 si,  0.0 st
%Cpu(s): 11.2 us,  7.0 sy,  0.0 ni, 80.9 id,  0.0 wa,  0.0 hi,  0.8 si,  0.1 st
%Cpu(s): 13.0 us,  6.9 sy,  0.0 ni, 79.6 id,  0.1 wa,  0.0 hi,  0.4 si,  0.0 st
%Cpu(s): 13.7 us,  6.6 sy,  0.0 ni, 78.5 id,  0.0 wa,  0.0 hi,  1.1 si,  0.0 st
%Cpu(s): 14.1 us,  6.5 sy,  0.0 ni, 78.5 id,  0.0 wa,  0.0 hi,  0.9 si,  0.0 st
%Cpu(s): 26.1 us,  6.9 sy,  0.0 ni, 65.5 id,  0.0 wa,  0.0 hi,  1.4 si,  0.1 st
%Cpu(s): 16.4 us,  7.4 sy,  0.0 ni, 75.0 id,  0.0 wa,  0.0 hi,  1.2 si,  0.0 st
%Cpu(s): 13.9 us,  6.4 sy,  0.0 ni, 78.8 id,  0.0 wa,  0.0 hi,  0.9 si,  0.0 st
%Cpu(s): 35.1 us,  7.4 sy,  0.0 ni, 56.4 id,  0.0 wa,  0.0 hi,  1.0 si,  0.1 st
%Cpu(s): 14.4 us,  7.9 sy,  0.0 ni, 76.8 id,  0.0 wa,  0.0 hi,  0.9 si,  0.0 st
%Cpu(s): 13.8 us,  5.9 sy,  0.0 ni, 79.2 id,  0.0 wa,  0.0 hi,  1.0 si,  0.0 st
%Cpu(s): 10.5 us,  7.4 sy,  0.0 ni, 81.1 id,  0.0 wa,  0.0 hi,  1.0 si,  0.0 st
%Cpu(s): 13.5 us,  7.4 sy,  0.0 ni, 78.2 id,  0.0 wa,  0.0 hi,  0.9 si,  0.0 st
%Cpu(s): 12.0 us,  6.0 sy,  0.0 ni, 81.4 id,  0.0 wa,  0.0 hi,  0.6 si,  0.0 st
%Cpu(s): 10.2 us,  5.6 sy,  0.0 ni, 82.9 id,  0.0 wa,  0.0 hi,  1.3 si,  0.1 st
%Cpu(s): 12.0 us,  6.2 sy,  0.0 ni, 80.7 id,  0.0 wa,  0.0 hi,  1.2 si,  0.0 st
%Cpu(s): 10.3 us,  7.1 sy,  0.0 ni, 81.8 id,  0.0 wa,  0.0 hi,  0.8 si,  0.0 st
%Cpu(s): 10.8 us,  6.3 sy,  0.0 ni, 82.2 id,  0.0 wa,  0.0 hi,  0.6 si,  0.0 st
%Cpu(s):  9.8 us,  6.4 sy,  0.0 ni, 82.9 id,  0.0 wa,  0.0 hi,  0.9 si,  0.0 st
%Cpu(s): 11.2 us,  6.7 sy,  0.0 ni, 81.1 id,  0.0 wa,  0.0 hi,  1.0 si,  0.0 st
%Cpu(s): 10.8 us,  7.8 sy,  0.0 ni, 80.2 id,  0.0 wa,  0.0 hi,  1.0 si,  0.1 st
%Cpu(s): 11.3 us,  6.8 sy,  0.0 ni, 80.8 id,  0.0 wa,  0.0 hi,  1.0 si,  0.1 st
%Cpu(s): 10.9 us,  6.9 sy,  0.0 ni, 81.0 id,  0.0 wa,  0.0 hi,  1.2 si,  0.0 st
%Cpu(s): 11.2 us,  7.7 sy,  0.0 ni, 80.0 id,  0.0 wa,  0.0 hi,  1.1 si,  0.0 st
%Cpu(s): 13.4 us,  6.6 sy,  0.0 ni, 78.8 id,  0.0 wa,  0.0 hi,  1.3 si,  0.0 st
%Cpu(s): 12.1 us,  7.3 sy,  0.0 ni, 79.5 id,  0.0 wa,  0.0 hi,  1.0 si,  0.0 st
%Cpu(s): 10.6 us,  7.2 sy,  0.0 ni, 81.4 id,  0.0 wa,  0.0 hi,  0.8 si,  0.0 st
%Cpu(s): 13.4 us,  6.9 sy,  0.0 ni, 78.7 id,  0.0 wa,  0.0 hi,  0.9 si,  0.0 st
%Cpu(s): 12.6 us,  7.2 sy,  0.0 ni, 79.1 id,  0.0 wa,  0.0 hi,  1.1 si,  0.0 st
%Cpu(s):  9.6 us,  5.9 sy,  0.0 ni, 83.2 id,  0.0 wa,  0.0 hi,  1.3 si,  0.0 st
%Cpu(s): 18.2 us,  7.0 sy,  0.0 ni, 73.8 id,  0.0 wa,  0.0 hi,  1.0 si,  0.0 st
%Cpu(s): 21.5 us,  6.3 sy,  0.0 ni, 71.2 id,  0.0 wa,  0.0 hi,  0.8 si,  0.1 st
%Cpu(s): 45.3 us,  6.3 sy,  0.0 ni, 47.8 id,  0.1 wa,  0.0 hi,  0.4 si,  0.1 st
%Cpu(s): 24.6 us,  2.3 sy,  0.0 ni, 73.0 id,  0.0 wa,  0.0 hi,  0.1 si,  0.0 st
%Cpu(s):  6.3 us,  3.4 sy,  0.0 ni, 89.9 id,  0.0 wa,  0.0 hi,  0.4 si,  0.0 st
%Cpu(s): 11.7 us,  2.4 sy,  0.0 ni, 85.7 id,  0.0 wa,  0.0 hi,  0.3 si,  0.0 st
%Cpu(s):  5.8 us,  2.1 sy,  0.0 ni, 91.9 id,  0.0 wa,  0.0 hi,  0.1 si,  0.0 st
%Cpu(s):  5.2 us,  2.8 sy,  0.0 ni, 92.0 id,  0.0 wa,  0.0 hi,  0.0 si,  0.0 st
%Cpu(s):  4.1 us,  3.6 sy,  0.0 ni, 91.9 id,  0.0 wa,  0.0 hi,  0.2 si,  0.1 st
%Cpu(s):  3.2 us,  2.8 sy,  0.0 ni, 93.9 id,  0.0 wa,  0.0 hi,  0.0 si,  0.1 st
%Cpu(s):  4.0 us,  2.1 sy,  0.0 ni, 93.7 id,  0.0 wa,  0.0 hi,  0.0 si,  0.1 st
%Cpu(s):  5.2 us,  2.6 sy,  0.0 ni, 92.1 id,  0.0 wa,  0.0 hi,  0.1 si,  0.0 st
%Cpu(s):  4.4 us,  2.5 sy,  0.0 ni, 92.7 id,  0.0 wa,  0.0 hi,  0.1 si,  0.3 st
%Cpu(s):  3.4 us,  2.1 sy,  0.0 ni, 94.3 id,  0.0 wa,  0.0 hi,  0.0 si,  0.2 st
%Cpu(s):  3.3 us,  1.1 sy,  0.0 ni, 95.1 id,  0.1 wa,  0.0 hi,  0.1 si,  0.3 st
