%Cpu(s):  7.0 us,  1.3 sy,  0.0 ni, 91.5 id,  0.0 wa,  0.0 hi,  0.1 si,  0.0 st
%Cpu(s):  3.4 us,  4.0 sy,  0.0 ni, 92.5 id,  0.0 wa,  0.0 hi,  0.0 si,  0.1 st
%Cpu(s):  4.1 us,  2.2 sy,  0.0 ni, 93.6 id,  0.0 wa,  0.0 hi,  0.0 si,  0.0 st
%Cpu(s):  3.3 us,  2.7 sy,  0.0 ni, 93.8 id,  0.0 wa,  0.0 hi,  0.1 si,  0.0 st
%Cpu(s):  2.6 us,  2.0 sy,  0.0 ni, 95.1 id,  0.0 wa,  0.0 hi,  0.0 si,  0.2 st
%Cpu(s):  8.6 us,  1.8 sy,  0.0 ni, 89.7 id,  0.0 wa,  0.0 hi,  0.0 si,  0.0 st
%Cpu(s): 12.2 us,  2.2 sy,  0.0 ni, 85.5 id,  0.0 wa,  0.0 hi,  0.0 si,  0.1 st
%Cpu(s): 75.6 us,  4.6 sy,  0.0 ni, 19.0 id,  0.0 wa,  0.0 hi,  0.7 si,  0.0 st
%Cpu(s): 82.0 us,  8.9 sy,  0.0 ni,  7.0 id,  0.0 wa,  0.0 hi,  2.0 si,  0.1 st
%Cpu(s): 70.5 us,  5.9 sy,  0.0 ni, 22.2 id,  0.0 wa,  0.0 hi,  1.4 si,  0.0 st
%Cpu(s): 77.3 us,  5.7 sy,  0.0 ni, 15.6 id,  0.0 wa,  0.0 hi,  1.4 si,  0.0 st
%Cpu(s): 82.0 us,  6.0 sy,  0.0 ni, 10.6 id,  0.0 wa,  0.0 hi,  1.4 si,  0.0 st
%Cpu(s): 79.2 us,  5.5 sy,  0.0 ni, 13.8 id,  0.0 wa,  0.0 hi,  1.5 si,  0.0 st
%Cpu(s): 76.2 us,  6.8 sy,  0.0 ni, 15.4 id,  0.0 wa,  0.0 hi,  1.5 si,  0.0 st
%Cpu(s): 52.5 us,  5.9 sy,  0.0 ni, 40.2 id,  0.0 wa,  0.0 hi,  1.3 si,  0.1 st
%Cpu(s): 29.7 us,  7.1 sy,  0.0 ni, 61.4 id,  0.1 wa,  0.0 hi,  1.5 si,  0.1 st
%Cpu(s): 27.0 us,  7.0 sy,  0.0 ni, 65.0 id,  0.0 wa,  0.0 hi,  1.0 si,  0.0 st
%Cpu(s): 30.1 us,  6.8 sy,  0.0 ni, 62.1 id,  0.0 wa,  0.0 hi,  1.0 si,  0.0 st
%Cpu(s): 28.0 us,  6.4 sy,  0.0 ni, 64.9 id,  0.0 wa,  0.0 hi,  0.5 si,  0.1 st
%Cpu(s): 19.2 us,  5.6 sy,  0.0 ni, 74.4 id,  0.0 wa,  0.0 hi,  0.8 si,  0.1 st
%Cpu(s): 18.5 us,  6.9 sy,  0.0 ni, 73.7 id,  0.0 wa,  0.0 hi,  0.8 si,  0.1 st
%Cpu(s): 18.8 us,  6.5 sy,  0.0 ni, 74.3 id,  0.0 wa,  0.0 hi,  0.4 si,  0.0 st
%Cpu(s): 18.1 us,  6.9 sy,  0.0 ni, 74.1 id,  0.0 wa,  0.0 hi,  0.9 si,  0.0 st
%Cpu(s): 21.8 us,  5.7 sy,  0.0 ni, 71.4 id,  0.0 wa,  0.0 hi,  0.9 si,  0.1 st
%Cpu(s): 16.9 us,  7.2 sy,  0.0 ni, 75.5 id,  0.0 wa,  0.0 hi,  0.4 si,  0.0 st
%Cpu(s): 18.4 us,  6.8 sy,  0.0 ni, 73.7 id,  0.0 wa,  0.0 hi,  1.0 si,  0.1 st
%Cpu(s): 19.2 us,  5.8 sy,  0.0 ni, 73.6 id,  0.0 wa,  0.0 hi,  1.3 si,  0.1 st
%Cpu(s): 17.4 us,  7.5 sy,  0.0 ni, 74.1 id,  0.0 wa,  0.0 hi,  1.0 si,  0.0 st
%Cpu(s): 15.9 us,  7.5 sy,  0.0 ni, 75.8 id,  0.0 wa,  0.0 hi,  0.6 si,  0.1 st
%Cpu(s): 16.2 us,  6.4 sy,  0.0 ni, 76.8 id,  0.0 wa,  0.0 hi,  0.4 si,  0.1 st
%Cpu(s): 18.5 us,  6.5 sy,  0.0 ni, 74.2 id,  0.0 wa,  0.0 hi,  0.6 si,  0.1 st
%Cpu(s): 25.7 us,  4.8 sy,  0.0 ni, 69.0 id,  0.0 wa,  0.0 hi,  0.5 si,  0.0 st
%Cpu(s): 16.2 us,  6.8 sy,  0.0 ni, 75.8 id,  0.0 wa,  0.0 hi,  1.1 si,  0.0 st
%Cpu(s): 15.6 us,  6.2 sy,  0.0 ni, 77.3 id,  0.0 wa,  0.0 hi,  0.6 si,  0.3 st
%Cpu(s): 17.2 us,  7.6 sy,  0.0 ni, 74.2 id,  0.0 wa,  0.0 hi,  1.0 si,  0.0 st
%Cpu(s): 18.6 us,  6.6 sy,  0.0 ni, 74.2 id,  0.0 wa,  0.0 hi,  0.6 si,  0.0 st
%Cpu(s): 20.4 us,  7.0 sy,  0.0 ni, 72.0 id,  0.0 wa,  0.0 hi,  0.6 si,  0.0 st
%Cpu(s): 25.5 us,  6.2 sy,  0.0 ni, 67.0 id,  0.0 wa,  0.0 hi,  1.1 si,  0.1 st
%Cpu(s): 23.4 us,  6.6 sy,  0.0 ni, 68.8 id,  0.0 wa,  0.0 hi,  1.0 si,  0.1 st
%Cpu(s): 15.3 us,  6.6 sy,  0.0 ni, 77.3 id,  0.0 wa,  0.0 hi,  0.6 si,  0.1 st
%Cpu(s): 18.1 us,  6.8 sy,  0.0 ni, 74.4 id,  0.0 wa,  0.0 hi,  0.8 si,  0.0 st
%Cpu(s): 28.6 us,  6.7 sy,  0.0 ni, 63.5 id,  0.0 wa,  0.0 hi,  1.2 si,  0.0 st
%Cpu(s): 18.3 us,  8.1 sy,  0.0 ni, 72.6 id,  0.0 wa,  0.0 hi,  1.0 si,  0.0 st
%Cpu(s): 17.6 us,  6.6 sy,  0.0 ni, 74.7 id,  0.0 wa,  0.0 hi,  1.0 si,  0.1 st
%Cpu(s): 17.7 us,  6.0 sy,  0.0 ni, 75.4 id,  0.0 wa,  0.0 hi,  0.9 si,  0.0 st
%Cpu(s): 17.9 us,  7.5 sy,  0.0 ni, 74.0 id,  0.0 wa,  0.0 hi,  0.4 si,  0.1 st
%Cpu(s): 15.4 us,  6.2 sy,  0.0 ni, 77.9 id,  0.0 wa,  0.0 hi,  0.5 si,  0.0 st
%Cpu(s): 15.8 us,  6.9 sy,  0.0 ni, 76.6 id,  0.0 wa,  0.0 hi,  0.5 si,  0.1 st
%Cpu(s): 15.6 us,  6.3 sy,  0.0 ni, 77.3 id,  0.0 wa,  0.0 hi,  0.6 si,  0.1 st
%Cpu(s): 16.5 us,  6.5 sy,  0.0 ni, 76.4 id,  0.0 wa,  0.0 hi,  0.5 si,  0.1 st
%Cpu(s): 16.8 us,  6.0 sy,  0.0 ni, 76.5 id,  0.0 wa,  0.0 hi,  0.6 si,  0.0 st
%Cpu(s): 18.5 us,  6.3 sy,  0.0 ni, 74.5 id,  0.0 wa,  0.0 hi,  0.8 si,  0.0 st
%Cpu(s): 15.1 us,  6.9 sy,  0.0 ni, 77.4 id,  0.0 wa,  0.0 hi,  0.5 si,  0.1 st
%Cpu(s): 18.2 us,  6.3 sy,  0.0 ni, 75.3 id,  0.0 wa,  0.0 hi,  0.3 si,  0.0 st
%Cpu(s): 16.9 us,  6.3 sy,  0.0 ni, 76.5 id,  0.0 wa,  0.0 hi,  0.4 si,  0.0 st
%Cpu(s): 15.2 us,  7.0 sy,  0.0 ni, 77.3 id,  0.0 wa,  0.0 hi,  0.4 si,  0.1 st
%Cpu(s): 14.6 us,  6.1 sy,  0.0 ni, 78.0 id,  0.0 wa,  0.0 hi,  1.2 si,  0.1 st
%Cpu(s): 15.9 us,  6.5 sy,  0.0 ni, 76.8 id,  0.0 wa,  0.0 hi,  0.8 si,  0.0 st
%Cpu(s): 14.9 us,  6.0 sy,  0.0 ni, 78.5 id,  0.0 wa,  0.0 hi,  0.5 si,  0.1 st
%Cpu(s): 15.1 us,  5.6 sy,  0.0 ni, 78.8 id,  0.0 wa,  0.0 hi,  0.5 si,  0.0 st
%Cpu(s): 14.6 us,  7.4 sy,  0.0 ni, 77.0 id,  0.0 wa,  0.0 hi,  0.9 si,  0.0 st
%Cpu(s): 17.2 us,  5.0 sy,  0.0 ni, 76.7 id,  0.0 wa,  0.0 hi,  0.9 si,  0.1 st
%Cpu(s): 19.5 us,  7.0 sy,  0.0 ni, 72.7 id,  0.0 wa,  0.0 hi,  0.7 si,  0.1 st
%Cpu(s): 19.1 us,  6.4 sy,  0.0 ni, 73.4 id,  0.0 wa,  0.0 hi,  1.1 si,  0.0 st
%Cpu(s): 19.3 us,  6.7 sy,  0.0 ni, 72.3 id,  0.0 wa,  0.0 hi,  1.5 si,  0.1 st
%Cpu(s): 19.2 us,  5.6 sy,  0.0 ni, 73.2 id,  0.0 wa,  0.0 hi,  2.0 si,  0.0 st
%Cpu(s): 21.1 us,  6.4 sy,  0.0 ni, 70.8 id,  0.0 wa,  0.0 hi,  1.6 si,  0.0 st
%Cpu(s): 40.1 us,  6.5 sy,  0.0 ni, 51.9 id,  0.0 wa,  0.0 hi,  1.4 si,  0.1 st
%Cpu(s): 30.8 us,  8.0 sy,  0.0 ni, 60.1 id,  0.0 wa,  0.0 hi,  1.0 si,  0.0 st
%Cpu(s): 20.9 us,  6.8 sy,  0.0 ni, 70.8 id,  0.0 wa,  0.0 hi,  1.3 si,  0.3 st
%Cpu(s): 23.0 us,  6.0 sy,  0.0 ni, 70.3 id,  0.0 wa,  0.0 hi,  0.6 si,  0.0 st
%Cpu(s): 18.2 us,  7.9 sy,  0.0 ni, 73.3 id,  0.0 wa,  0.0 hi,  0.6 si,  0.0 st
%Cpu(s): 18.7 us,  6.3 sy,  0.0 ni, 74.2 id,  0.0 wa,  0.0 hi,  0.8 si,  0.0 st
%Cpu(s): 23.0 us,  6.2 sy,  0.0 ni, 69.2 id,  0.0 wa,  0.0 hi,  1.4 si,  0.1 st
%Cpu(s): 25.2 us,  7.3 sy,  0.0 ni, 66.2 id,  0.0 wa,  0.0 hi,  1.1 si,  0.1 st
