%Cpu(s):  2.1 us,  0.4 sy,  0.0 ni, 97.5 id,  0.0 wa,  0.0 hi,  0.1 si,  0.0 st
%Cpu(s):  8.4 us,  2.0 sy,  0.0 ni, 89.4 id,  0.0 wa,  0.0 hi,  0.0 si,  0.2 st
%Cpu(s): 82.0 us,  4.9 sy,  0.0 ni, 13.1 id,  0.0 wa,  0.0 hi,  0.0 si,  0.0 st
%Cpu(s): 75.2 us,  3.3 sy,  0.0 ni, 21.4 id,  0.0 wa,  0.0 hi,  0.0 si,  0.1 st
%Cpu(s): 94.3 us,  2.6 sy,  0.0 ni,  3.1 id,  0.0 wa,  0.0 hi,  0.0 si,  0.0 st
%Cpu(s): 93.2 us,  3.0 sy,  0.0 ni,  3.6 id,  0.0 wa,  0.0 hi,  0.1 si,  0.0 st
%Cpu(s): 94.9 us,  2.9 sy,  0.0 ni,  2.1 id,  0.0 wa,  0.0 hi,  0.1 si,  0.0 st
%Cpu(s): 21.8 us,  3.2 sy,  0.0 ni, 74.7 id,  0.0 wa,  0.0 hi,  0.3 si,  0.1 st
%Cpu(s):  9.4 us,  1.6 sy,  0.0 ni, 88.6 id,  0.0 wa,  0.0 hi,  0.0 si,  0.4 st
%Cpu(s):  4.0 us,  2.9 sy,  0.0 ni, 92.7 id,  0.0 wa,  0.0 hi,  0.3 si,  0.1 st
%Cpu(s):  5.8 us,  4.0 sy,  0.0 ni, 90.1 id,  0.0 wa,  0.0 hi,  0.0 si,  0.1 st
%Cpu(s): 16.2 us,  1.6 sy,  0.0 ni, 81.9 id,  0.0 wa,  0.0 hi,  0.0 si,  0.3 st
%Cpu(s): 11.2 us,  2.6 sy,  0.0 ni, 85.4 id,  0.1 wa,  0.0 hi,  0.3 si,  0.4 st
%Cpu(s):  6.8 us,  2.3 sy,  0.0 ni, 90.8 id,  0.0 wa,  0.0 hi,  0.0 si,  0.1 st
%Cpu(s): 13.3 us,  3.7 sy,  0.0 ni, 82.7 id,  0.0 wa,  0.0 hi,  0.1 si,  0.1 st
%Cpu(s):  6.0 us,  2.7 sy,  0.0 ni, 91.3 id,  0.0 wa,  0.0 hi,  0.0 si,  0.0 st
%Cpu(s):  7.2 us,  3.8 sy,  0.0 ni, 88.8 id,  0.0 wa,  0.0 hi,  0.1 si,  0.1 st
%Cpu(s): 80.7 us,  6.8 sy,  0.0 ni, 11.5 id,  0.0 wa,  0.0 hi,  1.0 si,  0.0 st
%Cpu(s): 87.8 us,  9.2 sy,  0.0 ni,  0.9 id,  0.0 wa,  0.0 hi,  2.1 si,  0.0 st
%Cpu(s): 86.5 us, 10.4 sy,  0.0 ni,  1.2 id,  0.0 wa,  0.0 hi,  1.9 si,  0.0 st
%Cpu(s): 84.6 us,  8.2 sy,  0.0 ni,  4.7 id,  0.0 wa,  0.0 hi,  2.5 si,  0.0 st
%Cpu(s): 88.2 us,  7.7 sy,  0.0 ni,  2.4 id,  0.0 wa,  0.0 hi,  1.8 si,  0.0 st
%Cpu(s): 78.6 us,  8.4 sy,  0.0 ni, 11.2 id,  0.0 wa,  0.0 hi,  1.8 si,  0.0 st
%Cpu(s): 47.8 us,  6.9 sy,  0.0 ni, 43.6 id,  0.0 wa,  0.0 hi,  1.6 si,  0.0 st
%Cpu(s): 44.5 us,  7.4 sy,  0.0 ni, 46.7 id,  0.0 wa,  0.0 hi,  1.4 si,  0.0 st
%Cpu(s): 30.6 us,  7.8 sy,  0.0 ni, 60.4 id,  0.0 wa,  0.0 hi,  1.1 si,  0.1 st
%Cpu(s): 20.0 us,  6.5 sy,  0.0 ni, 72.1 id,  0.0 wa,  0.0 hi,  1.4 si,  0.0 st
%Cpu(s): 13.2 us,  7.2 sy,  0.0 ni, 78.1 id,  0.0 wa,  0.0 hi,  1.4 si,  0.0 st
%Cpu(s): 16.1 us,  6.8 sy,  0.0 ni, 75.7 id,  0.0 wa,  0.0 hi,  1.5 si,  0.0 st
%Cpu(s): 10.6 us,  8.8 sy,  0.0 ni, 79.2 id,  0.0 wa,  0.0 hi,  1.4 si,  0.0 st
%Cpu(s): 15.6 us,  8.3 sy,  0.0 ni, 75.1 id,  0.0 wa,  0.0 hi,  1.0 si,  0.0 st
%Cpu(s): 43.6 us,  8.2 sy,  0.0 ni, 45.4 id,  0.0 wa,  0.0 hi,  2.8 si,  0.0 st
%Cpu(s): 39.3 us,  7.4 sy,  0.0 ni, 51.9 id,  0.0 wa,  0.0 hi,  1.4 si,  0.0 st
%Cpu(s): 21.0 us,  6.9 sy,  0.0 ni, 71.0 id,  0.0 wa,  0.0 hi,  1.2 si,  0.0 st
%Cpu(s): 15.3 us,  5.9 sy,  0.0 ni, 77.7 id,  0.0 wa,  0.0 hi,  1.0 si,  0.1 st
%Cpu(s): 15.4 us,  7.2 sy,  0.0 ni, 76.1 id,  0.0 wa,  0.0 hi,  1.3 si,  0.0 st
%Cpu(s): 10.1 us,  7.8 sy,  0.0 ni, 80.4 id,  0.0 wa,  0.0 hi,  1.8 si,  0.0 st
%Cpu(s): 11.5 us,  6.6 sy,  0.0 ni, 80.6 id,  0.0 wa,  0.0 hi,  1.1 si,  0.1 st
%Cpu(s): 11.5 us,  6.5 sy,  0.0 ni, 81.1 id,  0.0 wa,  0.0 hi,  0.9 si,  0.0 st
%Cpu(s): 10.6 us,  5.7 sy,  0.0 ni, 82.5 id,  0.0 wa,  0.0 hi,  1.3 si,  0.0 st
%Cpu(s): 11.0 us,  6.4 sy,  0.0 ni, 81.2 id,  0.0 wa,  0.0 hi,  1.4 si,  0.0 st
%Cpu(s):  9.4 us,  6.0 sy,  0.0 ni, 83.3 id,  0.0 wa,  0.0 hi,  1.3 si,  0.0 st
%Cpu(s): 10.2 us,  7.2 sy,  0.0 ni, 80.7 id,  0.1 wa,  0.0 hi,  1.7 si,  0.0 st
%Cpu(s):  9.2 us,  6.1 sy,  0.0 ni, 83.1 id,  0.0 wa,  0.0 hi,  1.4 si,  0.1 st
%Cpu(s):  9.5 us,  6.7 sy,  0.0 ni, 82.3 id,  0.0 wa,  0.0 hi,  1.5 si,  0.0 st
%Cpu(s): 15.2 us,  6.7 sy,  0.0 ni, 76.4 id,  0.0 wa,  0.0 hi,  1.8 si,  0.0 st
%Cpu(s):  9.5 us,  6.9 sy,  0.0 ni, 82.1 id,  0.0 wa,  0.0 hi,  1.6 si,  0.0 st
%Cpu(s): 20.2 us,  6.2 sy,  0.0 ni, 72.1 id,  0.0 wa,  0.0 hi,  1.5 si,  0.0 st
%Cpu(s): 25.5 us,  8.5 sy,  0.0 ni, 64.6 id,  0.0 wa,  0.0 hi,  1.4 si,  0.0 st
%Cpu(s): 12.3 us,  8.0 sy,  0.0 ni, 78.5 id,  0.0 wa,  0.0 hi,  1.1 si,  0.0 st
%Cpu(s): 11.9 us,  7.0 sy,  0.0 ni, 79.8 id,  0.0 wa,  0.0 hi,  1.3 si,  0.0 st
%Cpu(s): 20.2 us,  7.6 sy,  0.0 ni, 70.4 id,  0.0 wa,  0.0 hi,  1.8 si,  0.0 st
%Cpu(s): 12.5 us,  6.5 sy,  0.0 ni, 79.4 id,  0.0 wa,  0.0 hi,  1.5 si,  0.0 st
%Cpu(s): 11.7 us,  6.2 sy,  0.0 ni, 81.0 id,  0.0 wa,  0.0 hi,  1.0 si,  0.1 st
%Cpu(s): 12.8 us,  7.1 sy,  0.0 ni, 78.4 id,  0.0 wa,  0.0 hi,  1.7 si,  0.0 st
%Cpu(s): 11.2 us,  7.0 sy,  0.0 ni, 80.8 id,  0.0 wa,  0.0 hi,  1.0 si,  0.0 st
%Cpu(s): 10.2 us,  6.8 sy,  0.0 ni, 81.3 id,  0.0 wa,  0.0 hi,  1.6 si,  0.0 st
%Cpu(s): 10.2 us,  6.7 sy,  0.0 ni, 81.9 id,  0.0 wa,  0.0 hi,  1.0 si,  0.1 st
%Cpu(s):  9.9 us,  8.0 sy,  0.0 ni, 80.0 id,  0.0 wa,  0.0 hi,  2.1 si,  0.0 st
%Cpu(s): 12.1 us,  7.4 sy,  0.0 ni, 79.2 id,  0.0 wa,  0.0 hi,  1.3 si,  0.0 st
%Cpu(s):  9.9 us,  7.0 sy,  0.0 ni, 81.9 id,  0.0 wa,  0.0 hi,  1.0 si,  0.1 st
%Cpu(s): 12.8 us,  7.4 sy,  0.0 ni, 78.0 id,  0.0 wa,  0.0 hi,  1.8 si,  0.0 st
%Cpu(s): 12.1 us,  6.4 sy,  0.0 ni, 79.9 id,  0.0 wa,  0.0 hi,  1.5 si,  0.0 st
%Cpu(s): 12.9 us,  7.4 sy,  0.0 ni, 78.0 id,  0.0 wa,  0.0 hi,  1.7 si,  0.0 st
%Cpu(s): 12.9 us,  7.8 sy,  0.0 ni, 78.1 id,  0.0 wa,  0.0 hi,  1.1 si,  0.0 st
%Cpu(s):  9.8 us,  6.4 sy,  0.0 ni, 82.2 id,  0.0 wa,  0.0 hi,  1.6 si,  0.0 st
%Cpu(s): 11.1 us,  8.6 sy,  0.0 ni, 78.7 id,  0.0 wa,  0.0 hi,  1.6 si,  0.0 st
%Cpu(s): 11.2 us,  7.3 sy,  0.0 ni, 79.1 id,  0.1 wa,  0.0 hi,  2.3 si,  0.0 st
%Cpu(s): 14.0 us,  7.3 sy,  0.0 ni, 77.2 id,  0.0 wa,  0.0 hi,  1.5 si,  0.0 st
%Cpu(s): 13.6 us,  7.9 sy,  0.0 ni, 77.1 id,  0.0 wa,  0.0 hi,  1.4 si,  0.0 st
%Cpu(s): 13.9 us,  8.9 sy,  0.0 ni, 75.9 id,  0.0 wa,  0.0 hi,  1.3 si,  0.0 st
