%Cpu(s):  1.2 us,  0.2 sy,  0.0 ni, 98.6 id,  0.0 wa,  0.0 hi,  0.0 si,  0.0 st
%Cpu(s):  3.1 us,  3.0 sy,  0.0 ni, 93.6 id,  0.0 wa,  0.0 hi,  0.0 si,  0.3 st
%Cpu(s):  3.0 us,  1.9 sy,  0.0 ni, 94.9 id,  0.0 wa,  0.0 hi,  0.0 si,  0.1 st
%Cpu(s):  2.4 us,  2.8 sy,  0.0 ni, 94.7 id,  0.0 wa,  0.0 hi,  0.0 si,  0.1 st
%Cpu(s):  3.7 us,  4.2 sy,  0.0 ni, 91.8 id,  0.0 wa,  0.0 hi,  0.1 si,  0.1 st
%Cpu(s): 18.7 us,  2.5 sy,  0.0 ni, 78.7 id,  0.0 wa,  0.0 hi,  0.0 si,  0.1 st
%Cpu(s): 79.5 us,  4.3 sy,  0.0 ni, 15.2 id,  0.0 wa,  0.0 hi,  1.0 si,  0.0 st
%Cpu(s): 86.7 us,  6.1 sy,  0.0 ni,  5.9 id,  0.0 wa,  0.0 hi,  1.3 si,  0.0 st
%Cpu(s): 81.5 us,  6.4 sy,  0.0 ni, 11.1 id,  0.0 wa,  0.0 hi,  1.0 si,  0.0 st
%Cpu(s): 89.3 us,  4.9 sy,  0.0 ni,  4.5 id,  0.0 wa,  0.0 hi,  1.4 si,  0.0 st
%Cpu(s): 73.3 us,  5.4 sy,  0.0 ni, 20.2 id,  0.0 wa,  0.0 hi,  1.1 si,  0.0 st
%Cpu(s): 61.4 us,  6.4 sy,  0.0 ni, 31.0 id,  0.0 wa,  0.0 hi,  1.3 si,  0.0 st
%Cpu(s): 44.5 us,  5.6 sy,  0.0 ni, 49.1 id,  0.0 wa,  0.0 hi,  0.7 si,  0.1 st
%Cpu(s): 30.3 us,  5.4 sy,  0.0 ni, 63.0 id,  0.0 wa,  0.0 hi,  1.4 si,  0.0 st
%Cpu(s): 22.6 us,  5.1 sy,  0.0 ni, 71.6 id,  0.0 wa,  0.0 hi,  0.6 si,  0.0 st
%Cpu(s): 20.4 us,  5.0 sy,  0.0 ni, 73.9 id,  0.0 wa,  0.0 hi,  0.8 si,  0.0 st
%Cpu(s): 16.6 us,  5.9 sy,  0.0 ni, 76.5 id,  0.1 wa,  0.0 hi,  0.8 si,  0.1 st
%Cpu(s): 13.4 us,  5.9 sy,  0.0 ni, 80.2 id,  0.0 wa,  0.0 hi,  0.6 si,  0.0 st
%Cpu(s): 12.9 us,  5.3 sy,  0.0 ni, 81.2 id,  0.0 wa,  0.0 hi,  0.5 si,  0.0 st
%Cpu(s): 13.0 us,  5.6 sy,  0.0 ni, 81.0 id,  0.0 wa,  0.0 hi,  0.4 si,  0.0 st
%Cpu(s): 22.0 us,  4.5 sy,  0.0 ni, 72.8 id,  0.0 wa,  0.0 hi,  0.5 si,  0.1 st
%Cpu(s): 16.0 us,  6.3 sy,  0.0 ni, 76.6 id,  0.0 wa,  0.0 hi,  1.0 si,  0.0 st
%Cpu(s): 14.5 us,  6.2 sy,  0.0 ni, 78.8 id,  0.0 wa,  0.0 hi,  0.5 si,  0.0 st
%Cpu(s): 13.0 us,  6.9 sy,  0.0 ni, 79.5 id,  0.0 wa,  0.0 hi,  0.5 si,  0.1 st
%Cpu(s): 12.7 us,  6.9 sy,  0.0 ni, 80.1 id,  0.0 wa,  0.0 hi,  0.3 si,  0.0 st
%Cpu(s): 13.2 us,  6.7 sy,  0.0 ni, 79.4 id,  0.0 wa,  0.0 hi,  0.6 si,  0.0 st
%Cpu(s): 12.5 us,  5.0 sy,  0.0 ni, 82.0 id,  0.0 wa,  0.0 hi,  0.4 si,  0.0 st
%Cpu(s): 13.2 us,  6.4 sy,  0.0 ni, 80.2 id,  0.0 wa,  0.0 hi,  0.1 si,  0.0 st
%Cpu(s): 13.6 us,  6.1 sy,  0.0 ni, 79.9 id,  0.0 wa,  0.0 hi,  0.4 si,  0.0 st
%Cpu(s): 11.7 us,  5.9 sy,  0.0 ni, 81.9 id,  0.0 wa,  0.0 hi,  0.4 si,  0.1 st
%Cpu(s): 12.7 us,  6.3 sy,  0.0 ni, 80.5 id,  0.1 wa,  0.0 hi,  0.4 si,  0.0 st
%Cpu(s): 10.4 us,  5.2 sy,  0.0 ni, 83.6 id,  0.0 wa,  0.0 hi,  0.6 si,  0.1 st
%Cpu(s): 11.1 us,  7.0 sy,  0.0 ni, 81.7 id,  0.0 wa,  0.0 hi,  0.1 si,  0.0 st
%Cpu(s): 10.5 us,  5.5 sy,  0.0 ni, 83.2 id,  0.0 wa,  0.0 hi,  0.8 si,  0.0 st
%Cpu(s): 10.5 us,  5.8 sy,  0.0 ni, 83.3 id,  0.0 wa,  0.0 hi,  0.4 si,  0.0 st
%Cpu(s): 11.2 us,  6.0 sy,  0.0 ni, 82.3 id,  0.0 wa,  0.0 hi,  0.5 si,  0.0 st
%Cpu(s): 24.2 us,  6.0 sy,  0.0 ni, 69.4 id,  0.0 wa,  0.0 hi,  0.4 si,  0.0 st
%Cpu(s): 17.4 us,  5.9 sy,  0.0 ni, 76.0 id,  0.0 wa,  0.0 hi,  0.6 si,  0.1 st
%Cpu(s): 13.7 us,  6.4 sy,  0.0 ni, 79.5 id,  0.0 wa,  0.0 hi,  0.4 si,  0.0 st
%Cpu(s): 13.4 us,  5.7 sy,  0.0 ni, 80.3 id,  0.0 wa,  0.0 hi,  0.6 si,  0.0 st
%Cpu(s): 22.0 us,  6.3 sy,  0.0 ni, 71.1 id,  0.0 wa,  0.0 hi,  0.5 si,  0.1 st
%Cpu(s): 17.3 us,  6.1 sy,  0.0 ni, 75.9 id,  0.0 wa,  0.0 hi,  0.5 si,  0.1 st
%Cpu(s): 13.3 us,  5.4 sy,  0.0 ni, 80.8 id,  0.0 wa,  0.0 hi,  0.5 si,  0.0 st
%Cpu(s): 14.0 us,  7.1 sy,  0.0 ni, 78.5 id,  0.0 wa,  0.0 hi,  0.4 si,  0.0 st
%Cpu(s): 12.1 us,  6.9 sy,  0.0 ni, 80.6 id,  0.0 wa,  0.0 hi,  0.4 si,  0.0 st
%Cpu(s): 12.9 us,  6.4 sy,  0.0 ni, 80.3 id,  0.0 wa,  0.0 hi,  0.4 si,  0.0 st
%Cpu(s): 13.0 us,  6.4 sy,  0.0 ni, 79.8 id,  0.0 wa,  0.0 hi,  0.8 si,  0.0 st
%Cpu(s): 13.3 us,  7.1 sy,  0.0 ni, 78.8 id,  0.0 wa,  0.0 hi,  0.9 si,  0.0 st
%Cpu(s): 11.6 us,  7.6 sy,  0.0 ni, 80.1 id,  0.0 wa,  0.0 hi,  0.8 si,  0.0 st
%Cpu(s): 11.8 us,  6.2 sy,  0.0 ni, 81.2 id,  0.0 wa,  0.0 hi,  0.7 si,  0.0 st
%Cpu(s):  9.4 us,  5.8 sy,  0.0 ni, 84.3 id,  0.0 wa,  0.0 hi,  0.4 si,  0.1 st
%Cpu(s):  9.8 us,  6.1 sy,  0.0 ni, 83.5 id,  0.0 wa,  0.0 hi,  0.4 si,  0.1 st
%Cpu(s): 12.3 us,  5.9 sy,  0.0 ni, 81.0 id,  0.0 wa,  0.0 hi,  0.8 si,  0.0 st
%Cpu(s): 12.2 us,  6.0 sy,  0.0 ni, 81.3 id,  0.0 wa,  0.0 hi,  0.5 si,  0.0 st
%Cpu(s): 10.9 us,  6.0 sy,  0.0 ni, 82.5 id,  0.0 wa,  0.0 hi,  0.5 si,  0.1 st
%Cpu(s): 12.1 us,  6.0 sy,  0.0 ni, 81.7 id,  0.1 wa,  0.0 hi,  0.1 si,  0.0 st
%Cpu(s): 12.4 us,  6.1 sy,  0.0 ni, 80.9 id,  0.0 wa,  0.0 hi,  0.5 si,  0.0 st
%Cpu(s):  9.3 us,  5.6 sy,  0.0 ni, 85.0 id,  0.0 wa,  0.0 hi,  0.1 si,  0.0 st
%Cpu(s): 11.4 us,  5.7 sy,  0.0 ni, 82.2 id,  0.0 wa,  0.0 hi,  0.6 si,  0.0 st
%Cpu(s): 12.6 us,  5.9 sy,  0.0 ni, 81.2 id,  0.0 wa,  0.0 hi,  0.4 si,  0.0 st
%Cpu(s): 11.6 us,  5.0 sy,  0.0 ni, 83.0 id,  0.0 wa,  0.0 hi,  0.4 si,  0.0 st
%Cpu(s): 11.5 us,  6.6 sy,  0.0 ni, 81.0 id,  0.0 wa,  0.0 hi,  0.8 si,  0.1 st
%Cpu(s): 13.6 us,  6.8 sy,  0.0 ni, 79.4 id,  0.0 wa,  0.0 hi,  0.3 si,  0.0 st
%Cpu(s): 11.9 us,  6.0 sy,  0.0 ni, 81.3 id,  0.0 wa,  0.0 hi,  0.6 si,  0.1 st
%Cpu(s): 12.2 us,  6.4 sy,  0.0 ni, 80.7 id,  0.0 wa,  0.0 hi,  0.6 si,  0.0 st
%Cpu(s): 21.8 us,  6.8 sy,  0.0 ni, 70.9 id,  0.0 wa,  0.0 hi,  0.5 si,  0.0 st
%Cpu(s): 64.5 us,  6.8 sy,  0.0 ni, 27.3 id,  0.0 wa,  0.0 hi,  1.3 si,  0.1 st
%Cpu(s): 36.3 us,  6.3 sy,  0.0 ni, 55.8 id,  0.0 wa,  0.0 hi,  1.6 si,  0.0 st
%Cpu(s): 14.9 us,  5.1 sy,  0.0 ni, 79.3 id,  0.0 wa,  0.0 hi,  0.6 si,  0.0 st
%Cpu(s): 16.8 us,  5.7 sy,  0.0 ni, 77.1 id,  0.0 wa,  0.0 hi,  0.4 si,  0.0 st
%Cpu(s): 14.7 us,  6.8 sy,  0.0 ni, 77.7 id,  0.0 wa,  0.0 hi,  0.7 si,  0.0 st
%Cpu(s): 13.9 us,  6.7 sy,  0.0 ni, 78.7 id,  0.0 wa,  0.0 hi,  0.8 si,  0.0 st
%Cpu(s): 11.8 us,  6.5 sy,  0.0 ni, 81.4 id,  0.0 wa,  0.0 hi,  0.3 si,  0.0 st
%Cpu(s): 17.5 us,  6.9 sy,  0.0 ni, 75.1 id,  0.0 wa,  0.0 hi,  0.4 si,  0.1 st
%Cpu(s): 17.3 us,  5.9 sy,  0.0 ni, 76.0 id,  0.0 wa,  0.0 hi,  0.8 si,  0.0 st
%Cpu(s): 17.8 us,  5.8 sy,  0.0 ni, 76.1 id,  0.0 wa,  0.0 hi,  0.4 si,  0.0 st
%Cpu(s):  9.2 us,  5.3 sy,  0.0 ni, 84.8 id,  0.0 wa,  0.0 hi,  0.6 si,  0.0 st
%Cpu(s): 10.3 us,  5.6 sy,  0.0 ni, 83.4 id,  0.0 wa,  0.0 hi,  0.8 si,  0.0 st
%Cpu(s): 11.8 us,  5.1 sy,  0.0 ni, 82.4 id,  0.0 wa,  0.0 hi,  0.6 si,  0.1 st
%Cpu(s): 11.9 us,  6.1 sy,  0.0 ni, 80.8 id,  0.0 wa,  0.0 hi,  1.0 si,  0.1 st
%Cpu(s): 11.7 us,  6.2 sy,  0.0 ni, 80.6 id,  0.0 wa,  0.0 hi,  1.4 si,  0.0 st
