%Cpu(s):  2.1 us,  0.2 sy,  0.0 ni, 97.6 id,  0.0 wa,  0.0 hi,  0.0 si,  0.0 st
%Cpu(s): 24.5 us,  0.8 sy,  0.0 ni, 74.6 id,  0.0 wa,  0.0 hi,  0.1 si,  0.0 st
%Cpu(s):  7.4 us,  0.6 sy,  0.0 ni, 91.8 id,  0.0 wa,  0.0 hi,  0.0 si,  0.1 st
%Cpu(s):  4.0 us,  1.1 sy,  0.0 ni, 94.8 id,  0.0 wa,  0.0 hi,  0.0 si,  0.0 st
%Cpu(s):  8.8 us,  1.3 sy,  0.0 ni, 89.9 id,  0.0 wa,  0.0 hi,  0.0 si,  0.0 st
%Cpu(s): 93.1 us,  5.0 sy,  0.0 ni,  0.6 id,  0.0 wa,  0.0 hi,  1.2 si,  0.0 st
%Cpu(s): 90.8 us,  6.8 sy,  0.0 ni,  0.9 id,  0.0 wa,  0.0 hi,  1.5 si,  0.0 st
%Cpu(s): 89.0 us,  8.9 sy,  0.0 ni,  0.0 id,  0.0 wa,  0.0 hi,  2.1 si,  0.0 st
%Cpu(s): 88.2 us,  8.9 sy,  0.0 ni,  0.1 id,  0.0 wa,  0.0 hi,  2.6 si,  0.1 st
%Cpu(s): 88.2 us,  8.3 sy,  0.0 ni,  0.5 id,  0.0 wa,  0.0 hi,  2.9 si,  0.1 st
%Cpu(s): 87.5 us,  9.8 sy,  0.0 ni,  0.2 id,  0.0 wa,  0.0 hi,  2.5 si,  0.0 st
%Cpu(s): 87.5 us, 10.0 sy,  0.0 ni,  0.2 id,  0.0 wa,  0.0 hi,  2.1 si,  0.1 st
%Cpu(s): 87.8 us,  9.5 sy,  0.0 ni,  0.0 id,  0.0 wa,  0.0 hi,  2.7 si,  0.0 st
%Cpu(s): 86.3 us,  9.9 sy,  0.0 ni,  0.7 id,  0.0 wa,  0.0 hi,  3.0 si,  0.0 st
%Cpu(s): 88.7 us,  7.7 sy,  0.0 ni,  0.6 id,  0.0 wa,  0.0 hi,  2.9 si,  0.1 st
%Cpu(s): 88.4 us,  8.1 sy,  0.0 ni,  0.5 id,  0.0 wa,  0.0 hi,  3.0 si,  0.0 st
%Cpu(s): 87.1 us,  9.8 sy,  0.0 ni,  0.5 id,  0.0 wa,  0.0 hi,  2.5 si,  0.1 st
%Cpu(s): 88.4 us,  9.0 sy,  0.0 ni,  0.2 id,  0.0 wa,  0.0 hi,  2.4 si,  0.0 st
%Cpu(s): 87.0 us,  8.7 sy,  0.0 ni,  2.0 id,  0.0 wa,  0.0 hi,  2.4 si,  0.0 st
%Cpu(s): 66.6 us,  7.9 sy,  0.0 ni, 23.7 id,  0.0 wa,  0.0 hi,  1.6 si,  0.1 st
%Cpu(s): 52.5 us,  9.3 sy,  0.0 ni, 36.3 id,  0.0 wa,  0.0 hi,  1.9 si,  0.0 st
%Cpu(s): 37.9 us,  8.1 sy,  0.0 ni, 52.0 id,  0.0 wa,  0.0 hi,  2.1 si,  0.0 st
%Cpu(s): 36.1 us,  7.5 sy,  0.0 ni, 54.9 id,  0.0 wa,  0.0 hi,  1.4 si,  0.1 st
%Cpu(s): 22.8 us,  8.6 sy,  0.0 ni, 67.7 id,  0.0 wa,  0.0 hi,  0.9 si,  0.0 st
%Cpu(s): 23.7 us,  7.3 sy,  0.0 ni, 67.3 id,  0.0 wa,  0.0 hi,  1.5 si,  0.1 st
%Cpu(s): 22.8 us,  8.2 sy,  0.0 ni, 68.3 id,  0.0 wa,  0.0 hi,  0.8 si,  0.0 st
%Cpu(s): 23.7 us,  7.0 sy,  0.0 ni, 67.6 id,  0.0 wa,  0.0 hi,  1.7 si,  0.0 st
%Cpu(s): 22.9 us,  7.5 sy,  0.0 ni, 68.7 id,  0.0 wa,  0.0 hi,  0.9 si,  0.0 st
%Cpu(s): 22.8 us,  8.3 sy,  0.0 ni, 67.8 id,  0.0 wa,  0.0 hi,  0.9 si,  0.1 st
%Cpu(s): 31.6 us,  7.4 sy,  0.0 ni, 59.7 id,  0.0 wa,  0.0 hi,  1.3 si,  0.0 st
%Cpu(s): 34.4 us,  6.6 sy,  0.0 ni, 56.4 id,  0.0 wa,  0.0 hi,  2.4 si,  0.1 st
%Cpu(s): 31.6 us,  7.0 sy,  0.0 ni, 59.8 id,  0.0 wa,  0.0 hi,  1.4 si,  0.1 st
%Cpu(s): 22.0 us,  7.3 sy,  0.0 ni, 69.6 id,  0.0 wa,  0.0 hi,  1.0 si,  0.1 st
%Cpu(s): 21.0 us,  6.0 sy,  0.0 ni, 71.5 id,  0.0 wa,  0.0 hi,  1.6 si,  0.0 st
%Cpu(s): 34.2 us,  8.2 sy,  0.0 ni, 55.8 id,  0.0 wa,  0.0 hi,  1.5 si,  0.3 st
%Cpu(s): 57.8 us,  8.3 sy,  0.0 ni, 31.9 id,  0.0 wa,  0.0 hi,  1.9 si,  0.0 st
%Cpu(s): 23.3 us,  7.3 sy,  0.0 ni, 68.2 id,  0.0 wa,  0.0 hi,  1.2 si,  0.0 st
%Cpu(s): 29.0 us,  6.8 sy,  0.0 ni, 63.2 id,  0.0 wa,  0.0 hi,  0.9 si,  0.1 st
%Cpu(s): 20.7 us,  6.4 sy,  0.0 ni, 71.3 id,  0.0 wa,  0.0 hi,  1.4 si,  0.1 st
%Cpu(s): 19.5 us,  7.0 sy,  0.0 ni, 72.2 id,  0.0 wa,  0.0 hi,  1.1 si,  0.1 st
%Cpu(s): 23.3 us,  8.2 sy,  0.0 ni, 67.2 id,  0.1 wa,  0.0 hi,  1.2 si,  0.0 st
%Cpu(s): 23.8 us,  7.4 sy,  0.0 ni, 67.5 id,  0.0 wa,  0.0 hi,  1.0 si,  0.3 st
%Cpu(s): 22.6 us,  7.5 sy,  0.0 ni, 69.1 id,  0.0 wa,  0.0 hi,  0.7 si,  0.1 st
%Cpu(s): 23.6 us,  7.3 sy,  0.0 ni, 67.8 id,  0.0 wa,  0.0 hi,  1.2 si,  0.1 st
%Cpu(s): 24.9 us,  7.9 sy,  0.0 ni, 66.4 id,  0.0 wa,  0.0 hi,  0.8 si,  0.0 st
%Cpu(s): 23.5 us,  7.5 sy,  0.0 ni, 65.8 id,  0.0 wa,  0.0 hi,  2.9 si,  0.3 st
%Cpu(s): 25.8 us,  8.4 sy,  0.0 ni, 63.5 id,  0.0 wa,  0.0 hi,  2.4 si,  0.0 st
%Cpu(s): 24.0 us,  7.1 sy,  0.0 ni, 67.4 id,  0.0 wa,  0.0 hi,  1.3 si,  0.1 st
%Cpu(s): 25.1 us,  6.8 sy,  0.0 ni, 66.7 id,  0.0 wa,  0.0 hi,  1.3 si,  0.1 st
%Cpu(s): 21.4 us,  7.6 sy,  0.0 ni, 70.0 id,  0.0 wa,  0.0 hi,  1.0 si,  0.0 st
%Cpu(s): 20.2 us,  7.2 sy,  0.0 ni, 71.4 id,  0.0 wa,  0.0 hi,  1.0 si,  0.1 st
%Cpu(s): 17.9 us,  6.6 sy,  0.0 ni, 73.6 id,  0.0 wa,  0.0 hi,  1.1 si,  0.8 st
%Cpu(s): 17.9 us,  7.7 sy,  0.0 ni, 73.4 id,  0.0 wa,  0.0 hi,  0.9 si,  0.0 st
%Cpu(s): 23.9 us,  7.0 sy,  0.0 ni, 67.8 id,  0.0 wa,  0.0 hi,  1.1 si,  0.3 st
%Cpu(s): 19.5 us,  6.3 sy,  0.0 ni, 73.0 id,  0.0 wa,  0.0 hi,  1.2 si,  0.0 st
%Cpu(s): 19.4 us,  7.5 sy,  0.0 ni, 71.8 id,  0.0 wa,  0.0 hi,  1.3 si,  0.0 st
%Cpu(s): 18.9 us,  7.3 sy,  0.0 ni, 72.6 id,  0.0 wa,  0.0 hi,  1.0 si,  0.1 st
%Cpu(s): 19.4 us,  6.9 sy,  0.0 ni, 72.5 id,  0.0 wa,  0.0 hi,  1.2 si,  0.1 st
%Cpu(s): 21.6 us,  7.6 sy,  0.0 ni, 69.8 id,  0.0 wa,  0.0 hi,  0.9 si,  0.1 st
%Cpu(s): 44.2 us,  9.0 sy,  0.0 ni, 45.1 id,  0.0 wa,  0.0 hi,  1.6 si,  0.1 st
%Cpu(s): 86.0 us,  8.4 sy,  0.0 ni,  3.0 id,  0.0 wa,  0.0 hi,  2.6 si,  0.0 st
%Cpu(s): 86.0 us, 10.7 sy,  0.0 ni,  0.4 id,  0.0 wa,  0.0 hi,  2.9 si,  0.0 st
%Cpu(s): 75.7 us, 10.2 sy,  0.0 ni, 11.2 id,  0.0 wa,  0.0 hi,  2.7 si,  0.1 st
%Cpu(s): 47.0 us,  7.8 sy,  0.0 ni, 43.1 id,  0.0 wa,  0.0 hi,  2.2 si,  0.0 st
%Cpu(s): 32.9 us,  7.3 sy,  0.0 ni, 57.5 id,  0.0 wa,  0.0 hi,  2.2 si,  0.1 st
%Cpu(s): 24.7 us,  7.5 sy,  0.0 ni, 66.8 id,  0.0 wa,  0.0 hi,  1.0 si,  0.0 st
%Cpu(s): 25.3 us,  6.5 sy,  0.0 ni, 66.6 id,  0.0 wa,  0.0 hi,  1.4 si,  0.1 st
%Cpu(s): 24.6 us,  7.3 sy,  0.0 ni, 66.5 id,  0.0 wa,  0.0 hi,  1.4 si,  0.1 st
%Cpu(s): 23.1 us,  7.9 sy,  0.0 ni, 67.6 id,  0.0 wa,  0.0 hi,  1.3 si,  0.1 st
%Cpu(s): 25.3 us,  7.4 sy,  0.0 ni, 65.4 id,  0.0 wa,  0.0 hi,  1.9 si,  0.0 st
%Cpu(s): 24.0 us,  7.0 sy,  0.0 ni, 67.7 id,  0.0 wa,  0.0 hi,  1.2 si,  0.1 st
%Cpu(s): 25.0 us,  7.5 sy,  0.0 ni, 65.8 id,  0.0 wa,  0.0 hi,  1.7 si,  0.1 st
%Cpu(s): 24.0 us,  7.2 sy,  0.0 ni, 66.6 id,  0.0 wa,  0.0 hi,  2.1 si,  0.1 st
%Cpu(s): 52.1 us,  7.4 sy,  0.0 ni, 38.8 id,  0.0 wa,  0.0 hi,  1.6 si,  0.0 st
%Cpu(s): 39.0 us,  8.2 sy,  0.0 ni, 50.1 id,  0.0 wa,  0.0 hi,  2.7 si,  0.0 st
