%Cpu(s):  6.8 us,  1.2 sy,  0.0 ni, 91.9 id,  0.0 wa,  0.0 hi,  0.1 si,  0.0 st
%Cpu(s):  2.5 us,  1.6 sy,  0.0 ni, 95.8 id,  0.0 wa,  0.0 hi,  0.0 si,  0.1 st
%Cpu(s):  3.2 us,  2.5 sy,  0.0 ni, 94.2 id,  0.0 wa,  0.0 hi,  0.0 si,  0.1 st
%Cpu(s):  3.8 us,  3.3 sy,  0.0 ni, 92.7 id,  0.0 wa,  0.0 hi,  0.1 si,  0.0 st
%Cpu(s):  2.3 us,  2.6 sy,  0.0 ni, 95.1 id,  0.0 wa,  0.0 hi,  0.0 si,  0.0 st
%Cpu(s):  5.8 us,  2.8 sy,  0.0 ni, 91.2 id,  0.0 wa,  0.0 hi,  0.0 si,  0.3 st
%Cpu(s):  7.5 us,  2.4 sy,  0.0 ni, 90.0 id,  0.0 wa,  0.0 hi,  0.0 si,  0.1 st
%Cpu(s): 77.9 us,  4.5 sy,  0.0 ni, 16.9 id,  0.0 wa,  0.0 hi,  0.5 si,  0.1 st
%Cpu(s): 89.7 us,  6.9 sy,  0.0 ni,  1.5 id,  0.0 wa,  0.0 hi,  1.9 si,  0.0 st
%Cpu(s): 90.5 us,  6.7 sy,  0.0 ni,  1.1 id,  0.0 wa,  0.0 hi,  1.6 si,  0.0 st
%Cpu(s): 90.1 us,  5.5 sy,  0.0 ni,  2.4 id,  0.0 wa,  0.0 hi,  2.0 si,  0.0 st
%Cpu(s): 89.4 us,  6.3 sy,  0.0 ni,  3.1 id,  0.0 wa,  0.0 hi,  1.3 si,  0.0 st
%Cpu(s): 73.2 us,  6.6 sy,  0.0 ni, 18.7 id,  0.0 wa,  0.0 hi,  1.5 si,  0.0 st
%Cpu(s): 53.2 us,  6.9 sy,  0.0 ni, 38.8 id,  0.0 wa,  0.0 hi,  1.1 si,  0.0 st
%Cpu(s): 44.3 us,  4.7 sy,  0.0 ni, 50.1 id,  0.0 wa,  0.0 hi,  0.9 si,  0.0 st
%Cpu(s): 27.3 us,  7.4 sy,  0.0 ni, 64.7 id,  0.1 wa,  0.0 hi,  0.5 si,  0.0 st
%Cpu(s): 22.6 us,  6.8 sy,  0.0 ni, 69.8 id,  0.0 wa,  0.0 hi,  0.6 si,  0.1 st
%Cpu(s): 25.1 us,  5.4 sy,  0.0 ni, 69.0 id,  0.0 wa,  0.0 hi,  0.5 si,  0.0 st
%Cpu(s): 24.4 us,  6.6 sy,  0.0 ni, 68.5 id,  0.0 wa,  0.0 hi,  0.5 si,  0.0 st
%Cpu(s): 15.1 us,  5.7 sy,  0.0 ni, 78.6 id,  0.0 wa,  0.0 hi,  0.5 si,  0.1 st
%Cpu(s): 14.7 us,  6.6 sy,  0.0 ni, 78.3 id,  0.1 wa,  0.0 hi,  0.4 si,  0.0 st
%Cpu(s): 13.8 us,  6.1 sy,  0.0 ni, 79.1 id,  0.0 wa,  0.0 hi,  1.0 si,  0.0 st
%Cpu(s): 13.4 us,  7.0 sy,  0.0 ni, 79.0 id,  0.0 wa,  0.0 hi,  0.5 si,  0.0 st
%Cpu(s): 16.3 us,  7.0 sy,  0.0 ni, 75.9 id,  0.0 wa,  0.0 hi,  0.8 si,  0.0 st
%Cpu(s): 17.9 us,  5.3 sy,  0.0 ni, 76.3 id,  0.0 wa,  0.0 hi,  0.5 si,  0.0 st
%Cpu(s): 18.0 us,  5.6 sy,  0.0 ni, 75.7 id,  0.0 wa,  0.0 hi,  0.6 si,  0.0 st
%Cpu(s): 12.8 us,  6.1 sy,  0.0 ni, 80.4 id,  0.0 wa,  0.0 hi,  0.6 si,  0.1 st
%Cpu(s): 15.5 us,  6.1 sy,  0.0 ni, 77.7 id,  0.0 wa,  0.0 hi,  0.7 si,  0.0 st
%Cpu(s): 12.9 us,  5.4 sy,  0.0 ni, 81.4 id,  0.0 wa,  0.0 hi,  0.3 si,  0.0 st
%Cpu(s): 12.3 us,  5.8 sy,  0.0 ni, 81.3 id,  0.0 wa,  0.0 hi,  0.5 si,  0.0 st
%Cpu(s): 12.9 us,  5.9 sy,  0.0 ni, 80.4 id,  0.0 wa,  0.0 hi,  0.6 si,  0.1 st
%Cpu(s): 13.5 us,  6.4 sy,  0.0 ni, 79.6 id,  0.0 wa,  0.0 hi,  0.5 si,  0.0 st
%Cpu(s): 13.9 us,  7.6 sy,  0.0 ni, 78.3 id,  0.0 wa,  0.0 hi,  0.1 si,  0.0 st
%Cpu(s): 13.2 us,  7.1 sy,  0.0 ni, 79.0 id,  0.0 wa,  0.0 hi,  0.8 si,  0.0 st
%Cpu(s): 12.6 us,  5.4 sy,  0.0 ni, 81.6 id,  0.0 wa,  0.0 hi,  0.4 si,  0.0 st
%Cpu(s): 12.5 us,  6.9 sy,  0.0 ni, 79.8 id,  0.0 wa,  0.0 hi,  0.6 si,  0.1 st
%Cpu(s): 12.4 us,  5.3 sy,  0.0 ni, 81.9 id,  0.0 wa,  0.0 hi,  0.4 si,  0.0 st
%Cpu(s): 26.0 us,  4.7 sy,  0.0 ni, 68.2 id,  0.0 wa,  0.0 hi,  0.9 si,  0.1 st
%Cpu(s): 15.7 us,  6.3 sy,  0.0 ni, 77.3 id,  0.0 wa,  0.0 hi,  0.6 si,  0.0 st
%Cpu(s): 16.2 us,  6.0 sy,  0.0 ni, 77.2 id,  0.0 wa,  0.0 hi,  0.5 si,  0.0 st
%Cpu(s): 21.7 us,  5.7 sy,  0.0 ni, 71.8 id,  0.0 wa,  0.0 hi,  0.9 si,  0.0 st
%Cpu(s): 17.9 us,  5.8 sy,  0.0 ni, 75.5 id,  0.0 wa,  0.0 hi,  0.8 si,  0.0 st
%Cpu(s): 13.8 us,  7.2 sy,  0.0 ni, 78.4 id,  0.0 wa,  0.0 hi,  0.6 si,  0.0 st
%Cpu(s): 15.8 us,  6.3 sy,  0.0 ni, 76.7 id,  0.0 wa,  0.0 hi,  1.2 si,  0.0 st
%Cpu(s): 14.0 us,  7.4 sy,  0.0 ni, 78.0 id,  0.0 wa,  0.0 hi,  0.6 si,  0.0 st
%Cpu(s): 13.7 us,  6.7 sy,  0.0 ni, 79.3 id,  0.0 wa,  0.0 hi,  0.1 si,  0.1 st
%Cpu(s): 11.2 us,  5.7 sy,  0.0 ni, 82.4 id,  0.0 wa,  0.0 hi,  0.5 si,  0.1 st
%Cpu(s): 12.6 us,  5.9 sy,  0.0 ni, 80.7 id,  0.0 wa,  0.0 hi,  0.8 si,  0.0 st
%Cpu(s): 12.4 us,  5.2 sy,  0.0 ni, 81.6 id,  0.0 wa,  0.0 hi,  0.8 si,  0.0 st
%Cpu(s): 12.2 us,  5.8 sy,  0.0 ni, 81.4 id,  0.0 wa,  0.0 hi,  0.6 si,  0.0 st
%Cpu(s): 14.4 us,  6.4 sy,  0.0 ni, 78.4 id,  0.0 wa,  0.0 hi,  0.8 si,  0.0 st
%Cpu(s): 14.4 us,  5.6 sy,  0.0 ni, 79.4 id,  0.0 wa,  0.0 hi,  0.6 si,  0.0 st
%Cpu(s): 12.3 us,  5.0 sy,  0.0 ni, 82.2 id,  0.0 wa,  0.0 hi,  0.4 si,  0.1 st
%Cpu(s): 12.7 us,  7.1 sy,  0.0 ni, 80.0 id,  0.0 wa,  0.0 hi,  0.3 si,  0.0 st
%Cpu(s): 12.1 us,  6.0 sy,  0.0 ni, 81.5 id,  0.0 wa,  0.0 hi,  0.4 si,  0.0 st
%Cpu(s): 12.2 us,  6.4 sy,  0.0 ni, 80.4 id,  0.0 wa,  0.0 hi,  0.9 si,  0.1 st
%Cpu(s): 10.8 us,  5.6 sy,  0.0 ni, 83.2 id,  0.0 wa,  0.0 hi,  0.4 si,  0.0 st
%Cpu(s): 13.2 us,  5.5 sy,  0.0 ni, 80.7 id,  0.0 wa,  0.0 hi,  0.6 si,  0.0 st
%Cpu(s): 11.2 us,  7.0 sy,  0.0 ni, 81.2 id,  0.0 wa,  0.0 hi,  0.5 si,  0.0 st
%Cpu(s): 12.0 us,  6.9 sy,  0.0 ni, 80.4 id,  0.0 wa,  0.0 hi,  0.6 si,  0.0 st
%Cpu(s): 12.9 us,  5.9 sy,  0.0 ni, 80.8 id,  0.0 wa,  0.0 hi,  0.4 si,  0.0 st
%Cpu(s): 14.2 us,  6.5 sy,  0.0 ni, 78.6 id,  0.0 wa,  0.0 hi,  0.6 si,  0.0 st
%Cpu(s): 14.3 us,  5.9 sy,  0.0 ni, 78.9 id,  0.0 wa,  0.0 hi,  0.8 si,  0.1 st
%Cpu(s): 13.6 us,  7.4 sy,  0.0 ni, 78.2 id,  0.0 wa,  0.0 hi,  0.9 si,  0.0 st
%Cpu(s): 13.1 us,  6.0 sy,  0.0 ni, 80.3 id,  0.0 wa,  0.0 hi,  0.6 si,  0.0 st
%Cpu(s): 14.5 us,  5.4 sy,  0.0 ni, 79.4 id,  0.0 wa,  0.0 hi,  0.7 si,  0.0 st
%Cpu(s): 22.6 us,  7.0 sy,  0.0 ni, 69.5 id,  0.0 wa,  0.0 hi,  0.9 si,  0.0 st
%Cpu(s): 77.7 us,  6.3 sy,  0.0 ni, 14.3 id,  0.0 wa,  0.0 hi,  1.8 si,  0.0 st
%Cpu(s): 51.2 us,  7.4 sy,  0.0 ni, 39.3 id,  0.0 wa,  0.0 hi,  2.0 si,  0.1 st
%Cpu(s): 16.5 us,  6.8 sy,  0.0 ni, 75.9 id,  0.0 wa,  0.0 hi,  0.8 si,  0.0 st
%Cpu(s): 16.8 us,  7.0 sy,  0.0 ni, 75.7 id,  0.0 wa,  0.0 hi,  0.5 si,  0.0 st
%Cpu(s): 14.5 us,  6.5 sy,  0.0 ni, 78.0 id,  0.0 wa,  0.0 hi,  0.9 si,  0.0 st
%Cpu(s): 15.0 us,  6.0 sy,  0.0 ni, 78.5 id,  0.0 wa,  0.0 hi,  0.5 si,  0.0 st
%Cpu(s): 19.5 us,  5.9 sy,  0.0 ni, 73.6 id,  0.0 wa,  0.0 hi,  0.9 si,  0.1 st
%Cpu(s): 17.8 us,  6.0 sy,  0.0 ni, 75.9 id,  0.0 wa,  0.0 hi,  0.3 si,  0.0 st
%Cpu(s): 12.7 us,  5.7 sy,  0.0 ni, 80.7 id,  0.1 wa,  0.0 hi,  0.6 si,  0.1 st
%Cpu(s):  5.8 us,  3.8 sy,  0.0 ni, 90.1 id,  0.0 wa,  0.0 hi,  0.4 si,  0.0 st
%Cpu(s):  4.8 us,  3.4 sy,  0.0 ni, 91.6 id,  0.0 wa,  0.0 hi,  0.3 si,  0.0 st
%Cpu(s):  3.6 us,  3.1 sy,  0.0 ni, 92.9 id,  0.0 wa,  0.0 hi,  0.1 si,  0.2 st
%Cpu(s):  4.1 us,  3.4 sy,  0.0 ni, 92.0 id,  0.0 wa,  0.0 hi,  0.5 si,  0.0 st
%Cpu(s):  4.6 us,  2.5 sy,  0.0 ni, 92.5 id,  0.0 wa,  0.0 hi,  0.4 si,  0.0 st
