%Cpu(s):  3.6 us,  0.4 sy,  0.0 ni, 95.9 id,  0.0 wa,  0.0 hi,  0.1 si,  0.0 st
%Cpu(s):  5.3 us,  2.1 sy,  0.0 ni, 92.5 id,  0.0 wa,  0.0 hi,  0.1 si,  0.0 st
%Cpu(s): 83.0 us,  4.6 sy,  0.0 ni, 12.3 id,  0.0 wa,  0.0 hi,  0.0 si,  0.0 st
%Cpu(s): 82.5 us,  2.0 sy,  0.0 ni, 15.5 id,  0.0 wa,  0.0 hi,  0.0 si,  0.0 st
%Cpu(s): 73.2 us,  2.6 sy,  0.0 ni, 24.1 id,  0.0 wa,  0.0 hi,  0.0 si,  0.0 st
%Cpu(s): 92.9 us,  2.4 sy,  0.0 ni,  4.8 id,  0.0 wa,  0.0 hi,  0.0 si,  0.0 st
%Cpu(s): 97.1 us,  1.9 sy,  0.0 ni,  0.9 id,  0.0 wa,  0.0 hi,  0.1 si,  0.0 st
%Cpu(s): 96.1 us,  2.6 sy,  0.0 ni,  0.9 id,  0.0 wa,  0.0 hi,  0.2 si,  0.1 st
%Cpu(s): 95.4 us,  2.9 sy,  0.0 ni,  1.5 id,  0.0 wa,  0.0 hi,  0.2 si,  0.0 st
%Cpu(s): 96.6 us,  2.9 sy,  0.0 ni,  0.4 id,  0.0 wa,  0.0 hi,  0.1 si,  0.0 st
%Cpu(s): 97.4 us,  2.0 sy,  0.0 ni,  0.5 id,  0.0 wa,  0.0 hi,  0.1 si,  0.0 st
%Cpu(s): 92.8 us,  5.7 sy,  0.0 ni,  0.0 id,  0.0 wa,  0.0 hi,  1.5 si,  0.0 st
%Cpu(s): 89.8 us,  8.5 sy,  0.0 ni,  0.0 id,  0.0 wa,  0.0 hi,  1.7 si,  0.0 st
%Cpu(s): 85.5 us, 12.0 sy,  0.0 ni,  0.0 id,  0.0 wa,  0.0 hi,  2.4 si,  0.1 st
%Cpu(s): 85.4 us, 11.3 sy,  0.0 ni,  0.2 id,  0.0 wa,  0.0 hi,  3.0 si,  0.0 st
%Cpu(s): 84.3 us, 13.1 sy,  0.0 ni,  0.1 id,  0.0 wa,  0.0 hi,  2.5 si,  0.0 st
%Cpu(s): 85.9 us, 11.7 sy,  0.0 ni,  0.1 id,  0.0 wa,  0.0 hi,  2.1 si,  0.1 st
%Cpu(s): 84.2 us, 12.7 sy,  0.0 ni,  0.1 id,  0.0 wa,  0.0 hi,  3.0 si,  0.0 st
%Cpu(s): 86.3 us, 10.4 sy,  0.0 ni,  0.4 id,  0.0 wa,  0.0 hi,  2.7 si,  0.1 st
%Cpu(s): 85.9 us, 10.9 sy,  0.0 ni,  0.0 id,  0.0 wa,  0.0 hi,  3.1 si,  0.0 st
%Cpu(s): 85.7 us, 11.4 sy,  0.0 ni,  0.0 id,  0.0 wa,  0.0 hi,  2.9 si,  0.0 st
%Cpu(s): 87.0 us, 10.2 sy,  0.0 ni,  0.2 id,  0.0 wa,  0.0 hi,  2.5 si,  0.0 st
%Cpu(s): 86.9 us,  9.0 sy,  0.0 ni,  0.9 id,  0.0 wa,  0.0 hi,  3.1 si,  0.1 st
%Cpu(s): 86.1 us,  9.2 sy,  0.0 ni,  2.6 id,  0.0 wa,  0.0 hi,  2.1 si,  0.0 st
%Cpu(s): 79.2 us,  8.3 sy,  0.0 ni, 10.3 id,  0.0 wa,  0.0 hi,  2.1 si,  0.0 st
%Cpu(s): 74.6 us,  9.2 sy,  0.0 ni, 14.3 id,  0.0 wa,  0.0 hi,  1.9 si,  0.0 st
%Cpu(s): 63.4 us,  9.2 sy,  0.0 ni, 25.0 id,  0.0 wa,  0.0 hi,  2.3 si,  0.1 st
%Cpu(s): 66.0 us,  7.6 sy,  0.0 ni, 23.5 id,  0.0 wa,  0.0 hi,  2.8 si,  0.1 st
%Cpu(s): 64.5 us,  9.4 sy,  0.0 ni, 23.6 id,  0.0 wa,  0.0 hi,  2.5 si,  0.1 st
%Cpu(s): 41.6 us, 10.1 sy,  0.0 ni, 46.5 id,  0.0 wa,  0.0 hi,  1.8 si,  0.0 st
%Cpu(s): 36.0 us,  8.7 sy,  0.0 ni, 53.5 id,  0.0 wa,  0.0 hi,  1.8 si,  0.0 st
%Cpu(s): 26.2 us,  9.7 sy,  0.0 ni, 62.7 id,  0.0 wa,  0.0 hi,  1.3 si,  0.0 st
%Cpu(s): 22.1 us, 10.1 sy,  0.0 ni, 65.5 id,  0.0 wa,  0.0 hi,  2.3 si,  0.1 st
%Cpu(s): 23.4 us,  9.3 sy,  0.0 ni, 64.9 id,  0.0 wa,  0.0 hi,  2.1 si,  0.3 st
%Cpu(s): 22.6 us,  9.9 sy,  0.0 ni, 65.2 id,  0.0 wa,  0.0 hi,  2.3 si,  0.0 st
%Cpu(s): 23.9 us,  9.5 sy,  0.0 ni, 64.2 id,  0.0 wa,  0.0 hi,  2.3 si,  0.1 st
%Cpu(s): 19.7 us,  9.7 sy,  0.0 ni, 68.1 id,  0.0 wa,  0.0 hi,  2.5 si,  0.0 st
%Cpu(s): 21.5 us,  9.4 sy,  0.0 ni, 67.1 id,  0.0 wa,  0.0 hi,  1.8 si,  0.1 st
%Cpu(s): 17.4 us,  8.1 sy,  0.0 ni, 72.4 id,  0.0 wa,  0.0 hi,  2.1 si,  0.0 st
%Cpu(s): 22.0 us,  9.3 sy,  0.0 ni, 66.6 id,  0.0 wa,  0.0 hi,  2.1 si,  0.0 st
%Cpu(s): 33.4 us,  9.1 sy,  0.0 ni, 55.6 id,  0.0 wa,  0.0 hi,  1.8 si,  0.1 st
%Cpu(s): 36.2 us,  9.7 sy,  0.0 ni, 51.8 id,  0.0 wa,  0.0 hi,  2.3 si,  0.1 st
%Cpu(s): 23.0 us,  8.4 sy,  0.0 ni, 66.3 id,  0.0 wa,  0.0 hi,  2.3 si,  0.0 st
%Cpu(s): 22.1 us,  9.5 sy,  0.0 ni, 65.8 id,  0.0 wa,  0.0 hi,  2.4 si,  0.1 st
%Cpu(s): 37.5 us,  8.7 sy,  0.0 ni, 51.7 id,  0.0 wa,  0.0 hi,  1.9 si,  0.1 st
%Cpu(s): 29.7 us,  9.5 sy,  0.0 ni, 58.3 id,  0.0 wa,  0.0 hi,  2.6 si,  0.0 st
%Cpu(s): 25.6 us,  9.3 sy,  0.0 ni, 62.7 id,  0.0 wa,  0.0 hi,  2.3 si,  0.1 st
%Cpu(s): 25.1 us,  9.6 sy,  0.0 ni, 63.3 id,  0.0 wa,  0.0 hi,  2.0 si,  0.0 st
%Cpu(s): 24.6 us,  9.3 sy,  0.0 ni, 64.2 id,  0.0 wa,  0.0 hi,  1.8 si,  0.1 st
%Cpu(s): 23.6 us,  8.1 sy,  0.0 ni, 66.3 id,  0.0 wa,  0.0 hi,  1.9 si,  0.0 st
%Cpu(s): 23.3 us,  9.1 sy,  0.0 ni, 64.9 id,  0.0 wa,  0.0 hi,  2.7 si,  0.0 st
%Cpu(s): 21.7 us,  7.9 sy,  0.0 ni, 67.5 id,  0.0 wa,  0.0 hi,  2.8 si,  0.1 st
%Cpu(s): 22.5 us,  8.9 sy,  0.0 ni, 65.9 id,  0.0 wa,  0.0 hi,  2.5 si,  0.1 st
%Cpu(s): 20.5 us,  9.2 sy,  0.0 ni, 68.0 id,  0.0 wa,  0.0 hi,  2.3 si,  0.0 st
%Cpu(s): 19.7 us,  8.9 sy,  0.0 ni, 69.3 id,  0.0 wa,  0.0 hi,  2.0 si,  0.1 st
%Cpu(s): 19.2 us,  8.7 sy,  0.0 ni, 69.5 id,  0.0 wa,  0.0 hi,  2.5 si,  0.1 st
%Cpu(s): 21.2 us,  8.4 sy,  0.0 ni, 67.6 id,  0.0 wa,  0.0 hi,  2.7 si,  0.1 st
%Cpu(s): 21.7 us,  9.6 sy,  0.0 ni, 67.1 id,  0.0 wa,  0.0 hi,  1.6 si,  0.0 st
%Cpu(s): 23.0 us,  8.9 sy,  0.0 ni, 66.2 id,  0.0 wa,  0.0 hi,  1.6 si,  0.1 st
%Cpu(s): 22.7 us,  8.8 sy,  0.0 ni, 66.2 id,  0.0 wa,  0.0 hi,  2.1 si,  0.1 st
%Cpu(s): 21.6 us,  8.1 sy,  0.0 ni, 67.8 id,  0.0 wa,  0.0 hi,  2.3 si,  0.1 st
%Cpu(s): 26.9 us,  9.4 sy,  0.0 ni, 61.7 id,  0.0 wa,  0.0 hi,  1.9 si,  0.1 st
%Cpu(s): 23.4 us, 10.9 sy,  0.0 ni, 63.8 id,  0.0 wa,  0.0 hi,  1.9 si,  0.0 st
%Cpu(s): 24.7 us, 10.0 sy,  0.0 ni, 63.1 id,  0.1 wa,  0.0 hi,  1.9 si,  0.1 st
%Cpu(s): 21.4 us, 10.1 sy,  0.0 ni, 66.4 id,  0.0 wa,  0.0 hi,  2.1 si,  0.0 st
%Cpu(s): 27.0 us, 11.5 sy,  0.0 ni, 59.4 id,  0.0 wa,  0.0 hi,  1.9 si,  0.1 st
%Cpu(s): 21.8 us,  9.8 sy,  0.0 ni, 66.5 id,  0.0 wa,  0.0 hi,  1.8 si,  0.1 st
%Cpu(s): 20.8 us,  9.4 sy,  0.0 ni, 67.2 id,  0.0 wa,  0.0 hi,  2.5 si,  0.1 st
%Cpu(s): 21.9 us, 10.8 sy,  0.0 ni, 65.3 id,  0.0 wa,  0.0 hi,  1.9 si,  0.0 st
%Cpu(s): 36.3 us,  8.6 sy,  0.0 ni, 53.6 id,  0.0 wa,  0.0 hi,  1.4 si,  0.1 st
%Cpu(s): 69.8 us, 10.9 sy,  0.0 ni, 15.9 id,  0.0 wa,  0.0 hi,  3.3 si,  0.1 st
%Cpu(s): 59.0 us, 10.1 sy,  0.0 ni, 28.7 id,  0.0 wa,  0.0 hi,  2.2 si,  0.0 st
%Cpu(s): 51.7 us, 10.7 sy,  0.0 ni, 34.6 id,  0.0 wa,  0.0 hi,  3.0 si,  0.1 st
%Cpu(s): 39.8 us,  8.9 sy,  0.0 ni, 49.4 id,  0.0 wa,  0.0 hi,  1.8 si,  0.1 st
%Cpu(s): 29.5 us,  9.6 sy,  0.0 ni, 58.0 id,  0.0 wa,  0.0 hi,  2.8 si,  0.1 st
%Cpu(s): 31.4 us,  9.2 sy,  0.0 ni, 57.4 id,  0.0 wa,  0.0 hi,  1.9 si,  0.0 st
%Cpu(s): 35.0 us,  9.4 sy,  0.0 ni, 53.7 id,  0.0 wa,  0.0 hi,  1.9 si,  0.0 st
%Cpu(s): 31.1 us,  9.6 sy,  0.0 ni, 56.7 id,  0.0 wa,  0.0 hi,  2.3 si,  0.3 st
%Cpu(s): 37.2 us, 10.2 sy,  0.0 ni, 50.9 id,  0.0 wa,  0.0 hi,  1.7 si,  0.0 st
