%Cpu(s):  2.3 us,  0.4 sy,  0.0 ni, 97.2 id,  0.0 wa,  0.0 hi,  0.1 si,  0.0 st
%Cpu(s): 50.7 us,  5.7 sy,  0.0 ni, 43.6 id,  0.0 wa,  0.0 hi,  0.0 si,  0.0 st
%Cpu(s): 79.8 us,  3.5 sy,  0.0 ni, 16.6 id,  0.0 wa,  0.0 hi,  0.0 si,  0.0 st
%Cpu(s): 70.1 us,  3.1 sy,  0.0 ni, 26.8 id,  0.0 wa,  0.0 hi,  0.0 si,  0.0 st
%Cpu(s): 95.9 us,  2.4 sy,  0.0 ni,  1.7 id,  0.0 wa,  0.0 hi,  0.0 si,  0.0 st
%Cpu(s): 96.9 us,  2.4 sy,  0.0 ni,  0.6 id,  0.0 wa,  0.0 hi,  0.1 si,  0.0 st
%Cpu(s): 93.9 us,  4.0 sy,  0.0 ni,  1.9 id,  0.0 wa,  0.0 hi,  0.2 si,  0.0 st
%Cpu(s): 68.1 us,  2.5 sy,  0.0 ni, 29.2 id,  0.0 wa,  0.0 hi,  0.1 si,  0.0 st
%Cpu(s):  4.9 us,  1.4 sy,  0.0 ni, 93.6 id,  0.0 wa,  0.0 hi,  0.1 si,  0.0 st
%Cpu(s):  2.9 us,  1.4 sy,  0.0 ni, 95.8 id,  0.0 wa,  0.0 hi,  0.0 si,  0.0 st
%Cpu(s):  3.4 us,  1.1 sy,  0.0 ni, 95.4 id,  0.0 wa,  0.0 hi,  0.0 si,  0.1 st
%Cpu(s):  9.0 us,  1.3 sy,  0.0 ni, 89.6 id,  0.0 wa,  0.0 hi,  0.0 si,  0.1 st
%Cpu(s):  6.3 us,  1.0 sy,  0.0 ni, 92.6 id,  0.0 wa,  0.0 hi,  0.1 si,  0.0 st
%Cpu(s):  3.5 us,  0.6 sy,  0.0 ni, 95.6 id,  0.1 wa,  0.0 hi,  0.0 si,  0.1 st
%Cpu(s): 12.5 us,  3.2 sy,  0.0 ni, 84.3 id,  0.0 wa,  0.0 hi,  0.0 si,  0.0 st
%Cpu(s):  5.5 us,  3.6 sy,  0.0 ni, 90.9 id,  0.0 wa,  0.0 hi,  0.0 si,  0.0 st
%Cpu(s):  7.7 us,  4.6 sy,  0.0 ni, 87.5 id,  0.0 wa,  0.0 hi,  0.1 si,  0.0 st
%Cpu(s): 53.9 us,  8.4 sy,  0.0 ni, 36.5 id,  0.0 wa,  0.0 hi,  1.1 si,  0.0 st
%Cpu(s): 87.9 us,  9.5 sy,  0.0 ni,  1.0 id,  0.0 wa,  0.0 hi,  1.6 si,  0.0 st
%Cpu(s): 87.0 us, 10.1 sy,  0.0 ni,  1.0 id,  0.0 wa,  0.0 hi,  1.9 si,  0.0 st
%Cpu(s): 83.8 us,  9.9 sy,  0.0 ni,  3.5 id,  0.0 wa,  0.0 hi,  2.8 si,  0.0 st
%Cpu(s): 82.3 us, 10.7 sy,  0.0 ni,  3.9 id,  0.0 wa,  0.0 hi,  3.1 si,  0.0 st
%Cpu(s): 88.6 us,  9.3 sy,  0.0 ni,  0.0 id,  0.0 wa,  0.0 hi,  2.1 si,  0.0 st
%Cpu(s): 84.8 us, 11.3 sy,  0.0 ni,  1.4 id,  0.0 wa,  0.0 hi,  2.5 si,  0.0 st
%Cpu(s): 85.1 us, 10.2 sy,  0.0 ni,  1.6 id,  0.0 wa,  0.0 hi,  3.0 si,  0.0 st
%Cpu(s): 81.1 us, 11.2 sy,  0.0 ni,  5.1 id,  0.0 wa,  0.0 hi,  2.5 si,  0.0 st
%Cpu(s): 69.0 us,  8.7 sy,  0.0 ni, 20.3 id,  0.0 wa,  0.0 hi,  2.0 si,  0.0 st
%Cpu(s): 52.5 us,  8.8 sy,  0.0 ni, 36.6 id,  0.0 wa,  0.0 hi,  2.0 si,  0.1 st
%Cpu(s): 24.5 us,  9.4 sy,  0.0 ni, 64.7 id,  0.0 wa,  0.0 hi,  1.4 si,  0.0 st
%Cpu(s): 18.1 us,  8.6 sy,  0.0 ni, 71.5 id,  0.0 wa,  0.0 hi,  1.9 si,  0.0 st
%Cpu(s): 16.2 us,  7.7 sy,  0.0 ni, 74.5 id,  0.0 wa,  0.0 hi,  1.5 si,  0.1 st
%Cpu(s): 15.0 us,  9.3 sy,  0.0 ni, 73.6 id,  0.0 wa,  0.0 hi,  2.1 si,  0.0 st
%Cpu(s): 19.9 us,  8.2 sy,  0.0 ni, 70.4 id,  0.0 wa,  0.0 hi,  1.3 si,  0.1 st
%Cpu(s): 39.7 us,  9.2 sy,  0.0 ni, 49.3 id,  0.0 wa,  0.0 hi,  1.7 si,  0.1 st
%Cpu(s): 69.4 us,  9.4 sy,  0.0 ni, 18.9 id,  0.0 wa,  0.0 hi,  2.3 si,  0.0 st
%Cpu(s): 30.4 us,  8.5 sy,  0.0 ni, 59.6 id,  0.0 wa,  0.0 hi,  1.5 si,  0.0 st
%Cpu(s): 14.5 us,  8.1 sy,  0.0 ni, 75.7 id,  0.0 wa,  0.0 hi,  1.6 si,  0.0 st
%Cpu(s): 14.0 us,  7.1 sy,  0.0 ni, 77.1 id,  0.0 wa,  0.0 hi,  1.8 si,  0.0 st
%Cpu(s): 11.6 us,  6.3 sy,  0.0 ni, 80.6 id,  0.1 wa,  0.0 hi,  1.3 si,  0.0 st
%Cpu(s): 14.6 us,  8.2 sy,  0.0 ni, 76.0 id,  0.0 wa,  0.0 hi,  1.1 si,  0.0 st
%Cpu(s): 12.1 us,  8.7 sy,  0.0 ni, 77.5 id,  0.0 wa,  0.0 hi,  1.5 si,  0.1 st
%Cpu(s): 12.1 us,  7.2 sy,  0.0 ni, 79.2 id,  0.0 wa,  0.0 hi,  1.4 si,  0.1 st
%Cpu(s): 13.3 us,  7.1 sy,  0.0 ni, 77.8 id,  0.0 wa,  0.0 hi,  1.8 si,  0.0 st
%Cpu(s): 12.6 us,  8.4 sy,  0.0 ni, 77.0 id,  0.0 wa,  0.0 hi,  2.0 si,  0.0 st
%Cpu(s): 14.5 us,  8.2 sy,  0.0 ni, 75.8 id,  0.0 wa,  0.0 hi,  1.5 si,  0.0 st
%Cpu(s): 14.3 us,  9.1 sy,  0.0 ni, 74.9 id,  0.0 wa,  0.0 hi,  1.8 si,  0.0 st
%Cpu(s): 14.2 us,  9.0 sy,  0.0 ni, 75.3 id,  0.0 wa,  0.0 hi,  1.4 si,  0.1 st
%Cpu(s): 18.3 us,  8.1 sy,  0.0 ni, 71.7 id,  0.0 wa,  0.0 hi,  1.9 si,  0.0 st
%Cpu(s): 40.8 us,  9.1 sy,  0.0 ni, 47.7 id,  0.0 wa,  0.0 hi,  2.4 si,  0.1 st
%Cpu(s): 17.9 us,  8.5 sy,  0.0 ni, 71.5 id,  0.0 wa,  0.0 hi,  2.1 si,  0.0 st
%Cpu(s): 13.9 us,  8.2 sy,  0.0 ni, 76.0 id,  0.0 wa,  0.0 hi,  1.8 si,  0.0 st
%Cpu(s): 14.8 us,  9.0 sy,  0.0 ni, 75.0 id,  0.0 wa,  0.0 hi,  1.2 si,  0.0 st
%Cpu(s): 28.5 us,  8.1 sy,  0.0 ni, 61.8 id,  0.0 wa,  0.0 hi,  1.7 si,  0.0 st
%Cpu(s): 18.4 us,  8.4 sy,  0.0 ni, 71.6 id,  0.1 wa,  0.0 hi,  1.5 si,  0.0 st
%Cpu(s): 12.3 us,  8.8 sy,  0.0 ni, 76.7 id,  0.0 wa,  0.0 hi,  1.9 si,  0.3 st
%Cpu(s): 12.1 us,  7.9 sy,  0.0 ni, 78.0 id,  0.0 wa,  0.0 hi,  1.9 si,  0.0 st
%Cpu(s): 12.2 us,  9.1 sy,  0.0 ni, 77.1 id,  0.0 wa,  0.0 hi,  1.5 si,  0.0 st
%Cpu(s): 13.7 us,  8.1 sy,  0.0 ni, 76.5 id,  0.0 wa,  0.0 hi,  1.7 si,  0.0 st
%Cpu(s): 13.3 us,  8.8 sy,  0.0 ni, 76.1 id,  0.0 wa,  0.0 hi,  1.8 si,  0.0 st
%Cpu(s): 12.8 us,  8.1 sy,  0.0 ni, 77.2 id,  0.0 wa,  0.0 hi,  1.9 si,  0.0 st
%Cpu(s): 13.7 us,  8.8 sy,  0.0 ni, 75.7 id,  0.0 wa,  0.0 hi,  1.8 si,  0.0 st
%Cpu(s): 14.6 us,  8.5 sy,  0.0 ni, 74.8 id,  0.0 wa,  0.0 hi,  1.8 si,  0.3 st
%Cpu(s): 14.4 us,  9.7 sy,  0.0 ni, 74.2 id,  0.0 wa,  0.0 hi,  1.8 si,  0.0 st
%Cpu(s): 15.4 us,  7.4 sy,  0.0 ni, 75.2 id,  0.0 wa,  0.0 hi,  2.0 si,  0.0 st
%Cpu(s): 13.8 us,  7.2 sy,  0.0 ni, 77.1 id,  0.0 wa,  0.0 hi,  1.8 si,  0.0 st
%Cpu(s): 12.7 us,  7.9 sy,  0.0 ni, 77.4 id,  0.0 wa,  0.0 hi,  1.9 si,  0.1 st
%Cpu(s): 15.1 us,  7.8 sy,  0.0 ni, 75.5 id,  0.0 wa,  0.0 hi,  1.7 si,  0.0 st
%Cpu(s): 13.3 us,  8.2 sy,  0.0 ni, 76.6 id,  0.0 wa,  0.0 hi,  1.9 si,  0.0 st
%Cpu(s): 12.6 us,  8.5 sy,  0.0 ni, 77.0 id,  0.0 wa,  0.0 hi,  1.8 si,  0.1 st
%Cpu(s): 14.4 us,  7.6 sy,  0.0 ni, 75.9 id,  0.0 wa,  0.0 hi,  2.1 si,  0.0 st
%Cpu(s): 15.0 us,  8.7 sy,  0.0 ni, 74.3 id,  0.0 wa,  0.0 hi,  2.0 si,  0.0 st
%Cpu(s): 14.0 us,  9.0 sy,  0.0 ni, 75.7 id,  0.0 wa,  0.0 hi,  1.3 si,  0.0 st
%Cpu(s): 25.0 us,  7.2 sy,  0.0 ni, 66.1 id,  0.0 wa,  0.0 hi,  1.7 si,  0.0 st
%Cpu(s): 23.5 us,  8.9 sy,  0.0 ni, 65.2 id,  0.0 wa,  0.0 hi,  2.4 si,  0.0 st
%Cpu(s): 18.8 us,  8.8 sy,  0.0 ni, 69.8 id,  0.0 wa,  0.0 hi,  2.6 si,  0.0 st
%Cpu(s): 20.5 us,  6.7 sy,  0.0 ni, 71.0 id,  0.0 wa,  0.0 hi,  1.7 si,  0.1 st
%Cpu(s): 20.6 us,  7.2 sy,  0.0 ni, 70.6 id,  0.0 wa,  0.0 hi,  1.5 si,  0.1 st
%Cpu(s): 28.1 us,  9.1 sy,  0.0 ni, 61.3 id,  0.0 wa,  0.0 hi,  1.4 si,  0.0 st
%Cpu(s): 53.9 us,  9.1 sy,  0.0 ni, 35.0 id,  0.0 wa,  0.0 hi,  2.0 si,  0.0 st
%Cpu(s): 47.8 us, 10.0 sy,  0.0 ni, 40.8 id,  0.0 wa,  0.0 hi,  1.2 si,  0.1 st
%Cpu(s): 16.4 us,  8.1 sy,  0.0 ni, 74.7 id,  0.0 wa,  0.0 hi,  0.8 si,  0.0 st
%Cpu(s): 17.3 us,  9.2 sy,  0.0 ni, 72.0 id,  0.0 wa,  0.0 hi,  1.4 si,  0.0 st
%Cpu(s): 17.6 us,  9.5 sy,  0.0 ni, 71.4 id,  0.0 wa,  0.0 hi,  1.5 si,  0.0 st
