%Cpu(s):  6.4 us,  1.0 sy,  0.0 ni, 92.4 id,  0.0 wa,  0.0 hi,  0.1 si,  0.0 st
%Cpu(s):  1.7 us,  1.9 sy,  0.0 ni, 96.4 id,  0.0 wa,  0.0 hi,  0.0 si,  0.0 st
%Cpu(s):  2.4 us,  2.0 sy,  0.0 ni, 95.5 id,  0.0 wa,  0.0 hi,  0.0 si,  0.1 st
%Cpu(s):  1.2 us,  1.4 sy,  0.0 ni, 97.4 id,  0.0 wa,  0.0 hi,  0.0 si,  0.0 st
%Cpu(s):  2.6 us,  1.2 sy,  0.0 ni, 96.1 id,  0.0 wa,  0.0 hi,  0.0 si,  0.0 st
%Cpu(s):  3.7 us,  1.4 sy,  0.0 ni, 94.8 id,  0.0 wa,  0.0 hi,  0.1 si,  0.0 st
%Cpu(s):  2.0 us,  1.9 sy,  0.0 ni, 96.0 id,  0.0 wa,  0.0 hi,  0.0 si,  0.1 st
%Cpu(s): 27.0 us,  2.4 sy,  0.0 ni, 70.5 id,  0.0 wa,  0.0 hi,  0.1 si,  0.0 st
%Cpu(s): 86.0 us,  6.1 sy,  0.0 ni,  6.8 id,  0.0 wa,  0.0 hi,  1.1 si,  0.0 st
%Cpu(s): 88.4 us,  8.8 sy,  0.0 ni,  1.0 id,  0.0 wa,  0.0 hi,  1.9 si,  0.0 st
%Cpu(s): 89.6 us,  7.9 sy,  0.0 ni,  0.5 id,  0.0 wa,  0.0 hi,  2.0 si,  0.0 st
%Cpu(s): 87.0 us,  9.1 sy,  0.0 ni,  2.0 id,  0.0 wa,  0.0 hi,  1.9 si,  0.0 st
%Cpu(s): 88.8 us,  9.3 sy,  0.0 ni,  0.1 id,  0.0 wa,  0.0 hi,  1.7 si,  0.0 st
%Cpu(s): 88.9 us,  9.1 sy,  0.0 ni,  0.2 id,  0.0 wa,  0.0 hi,  1.7 si,  0.0 st
%Cpu(s): 88.1 us,  9.4 sy,  0.0 ni,  0.9 id,  0.0 wa,  0.0 hi,  1.6 si,  0.0 st
%Cpu(s): 87.1 us,  8.9 sy,  0.0 ni,  2.4 id,  0.0 wa,  0.0 hi,  1.6 si,  0.0 st
%Cpu(s): 55.9 us,  8.2 sy,  0.0 ni, 35.0 id,  0.0 wa,  0.0 hi,  0.9 si,  0.0 st
%Cpu(s): 25.3 us,  7.3 sy,  0.0 ni, 66.2 id,  0.0 wa,  0.0 hi,  1.2 si,  0.0 st
%Cpu(s): 39.2 us,  6.6 sy,  0.0 ni, 52.6 id,  0.1 wa,  0.0 hi,  1.2 si,  0.2 st
%Cpu(s): 22.6 us,  6.3 sy,  0.0 ni, 69.9 id,  0.0 wa,  0.0 hi,  1.3 si,  0.0 st
%Cpu(s): 18.6 us,  6.0 sy,  0.0 ni, 74.9 id,  0.0 wa,  0.0 hi,  0.5 si,  0.0 st
%Cpu(s): 21.4 us,  6.4 sy,  0.0 ni, 71.2 id,  0.0 wa,  0.0 hi,  0.9 si,  0.1 st
%Cpu(s): 14.5 us,  6.4 sy,  0.0 ni, 78.8 id,  0.0 wa,  0.0 hi,  0.4 si,  0.0 st
%Cpu(s): 22.6 us,  5.8 sy,  0.0 ni, 70.5 id,  0.0 wa,  0.0 hi,  1.2 si,  0.0 st
%Cpu(s): 43.8 us,  6.5 sy,  0.0 ni, 48.1 id,  0.0 wa,  0.0 hi,  1.6 si,  0.0 st
%Cpu(s): 18.3 us,  5.5 sy,  0.0 ni, 75.8 id,  0.0 wa,  0.0 hi,  0.3 si,  0.1 st
%Cpu(s):  9.3 us,  5.9 sy,  0.0 ni, 84.2 id,  0.0 wa,  0.0 hi,  0.6 si,  0.0 st
%Cpu(s): 10.1 us,  4.5 sy,  0.0 ni, 84.6 id,  0.0 wa,  0.0 hi,  0.5 si,  0.3 st
%Cpu(s): 10.3 us,  5.8 sy,  0.0 ni, 83.4 id,  0.0 wa,  0.0 hi,  0.4 si,  0.1 st
%Cpu(s): 10.2 us,  5.4 sy,  0.0 ni, 83.5 id,  0.0 wa,  0.0 hi,  0.6 si,  0.3 st
%Cpu(s): 10.6 us,  5.8 sy,  0.0 ni, 83.0 id,  0.0 wa,  0.0 hi,  0.5 si,  0.1 st
%Cpu(s): 12.3 us,  6.6 sy,  0.0 ni, 80.7 id,  0.0 wa,  0.0 hi,  0.5 si,  0.0 st
%Cpu(s):  9.2 us,  6.2 sy,  0.0 ni, 84.2 id,  0.0 wa,  0.0 hi,  0.3 si,  0.1 st
%Cpu(s): 12.7 us,  6.7 sy,  0.0 ni, 80.1 id,  0.0 wa,  0.0 hi,  0.4 si,  0.1 st
%Cpu(s): 15.8 us,  6.0 sy,  0.0 ni, 76.8 id,  0.0 wa,  0.0 hi,  0.6 si,  0.8 st
%Cpu(s): 12.0 us,  6.5 sy,  0.0 ni, 80.9 id,  0.0 wa,  0.0 hi,  0.4 si,  0.2 st
%Cpu(s):  9.9 us,  6.2 sy,  0.0 ni, 82.5 id,  0.0 wa,  0.0 hi,  0.5 si,  0.8 st
%Cpu(s): 13.5 us,  6.0 sy,  0.0 ni, 79.4 id,  0.0 wa,  0.0 hi,  0.6 si,  0.5 st
%Cpu(s): 24.7 us,  5.5 sy,  0.0 ni, 68.8 id,  0.0 wa,  0.0 hi,  0.9 si,  0.1 st
%Cpu(s): 15.4 us,  6.2 sy,  0.0 ni, 77.3 id,  0.0 wa,  0.0 hi,  0.8 si,  0.3 st
%Cpu(s): 12.4 us,  6.8 sy,  0.0 ni, 80.1 id,  0.0 wa,  0.0 hi,  0.8 si,  0.0 st
%Cpu(s): 20.5 us,  5.8 sy,  0.0 ni, 72.9 id,  0.0 wa,  0.0 hi,  0.6 si,  0.1 st
%Cpu(s): 20.2 us,  5.9 sy,  0.0 ni, 73.5 id,  0.0 wa,  0.0 hi,  0.4 si,  0.0 st
%Cpu(s): 15.8 us,  6.7 sy,  0.0 ni, 77.2 id,  0.0 wa,  0.0 hi,  0.4 si,  0.0 st
%Cpu(s):  9.4 us,  6.2 sy,  0.0 ni, 83.7 id,  0.0 wa,  0.0 hi,  0.5 si,  0.1 st
%Cpu(s):  9.6 us,  5.1 sy,  0.0 ni, 84.3 id,  0.0 wa,  0.0 hi,  0.9 si,  0.0 st
%Cpu(s): 10.4 us,  5.3 sy,  0.0 ni, 83.6 id,  0.0 wa,  0.0 hi,  0.5 si,  0.1 st
%Cpu(s):  7.6 us,  5.7 sy,  0.0 ni, 85.8 id,  0.0 wa,  0.0 hi,  0.6 si,  0.3 st
%Cpu(s):  9.6 us,  5.9 sy,  0.0 ni, 84.2 id,  0.0 wa,  0.0 hi,  0.4 si,  0.0 st
%Cpu(s):  9.5 us,  4.9 sy,  0.0 ni, 84.4 id,  0.0 wa,  0.0 hi,  0.9 si,  0.3 st
%Cpu(s):  9.8 us,  7.0 sy,  0.0 ni, 82.4 id,  0.0 wa,  0.0 hi,  0.6 si,  0.1 st
%Cpu(s):  9.5 us,  6.4 sy,  0.0 ni, 80.7 id,  0.0 wa,  0.0 hi,  1.3 si,  2.1 st
%Cpu(s): 10.3 us,  6.3 sy,  0.0 ni, 82.5 id,  0.0 wa,  0.0 hi,  0.6 si,  0.3 st
%Cpu(s):  9.3 us,  5.8 sy,  0.0 ni, 83.8 id,  0.0 wa,  0.0 hi,  0.6 si,  0.5 st
%Cpu(s):  9.8 us,  6.1 sy,  0.0 ni, 83.4 id,  0.0 wa,  0.0 hi,  0.5 si,  0.3 st
%Cpu(s):  9.1 us,  6.6 sy,  0.0 ni, 83.0 id,  0.0 wa,  0.0 hi,  0.8 si,  0.5 st
%Cpu(s):  9.3 us,  5.3 sy,  0.0 ni, 84.6 id,  0.0 wa,  0.0 hi,  0.8 si,  0.0 st
%Cpu(s):  9.3 us,  6.4 sy,  0.0 ni, 83.1 id,  0.0 wa,  0.0 hi,  0.5 si,  0.8 st
%Cpu(s):  9.5 us,  6.6 sy,  0.0 ni, 82.9 id,  0.0 wa,  0.0 hi,  0.8 si,  0.3 st
%Cpu(s):  9.7 us,  6.5 sy,  0.0 ni, 83.0 id,  0.0 wa,  0.0 hi,  0.4 si,  0.5 st
%Cpu(s): 11.1 us,  6.0 sy,  0.0 ni, 82.1 id,  0.0 wa,  0.0 hi,  0.6 si,  0.3 st
%Cpu(s):  9.8 us,  5.5 sy,  0.0 ni, 83.9 id,  0.0 wa,  0.0 hi,  0.5 si,  0.3 st
%Cpu(s): 10.6 us,  6.4 sy,  0.0 ni, 82.7 id,  0.0 wa,  0.0 hi,  0.3 si,  0.0 st
%Cpu(s): 10.6 us,  6.1 sy,  0.0 ni, 82.6 id,  0.0 wa,  0.0 hi,  0.8 si,  0.0 st
%Cpu(s): 11.3 us,  6.0 sy,  0.0 ni, 82.3 id,  0.0 wa,  0.0 hi,  0.4 si,  0.0 st
%Cpu(s): 11.4 us,  7.1 sy,  0.0 ni, 80.8 id,  0.0 wa,  0.0 hi,  0.8 si,  0.0 st
%Cpu(s): 11.3 us,  6.1 sy,  0.0 ni, 81.8 id,  0.0 wa,  0.0 hi,  0.8 si,  0.0 st
%Cpu(s): 18.6 us,  7.2 sy,  0.0 ni, 72.8 id,  0.1 wa,  0.0 hi,  1.2 si,  0.1 st
%Cpu(s): 42.1 us,  6.7 sy,  0.0 ni, 50.5 id,  0.0 wa,  0.0 hi,  0.6 si,  0.0 st
%Cpu(s): 59.6 us,  7.1 sy,  0.0 ni, 32.1 id,  0.0 wa,  0.0 hi,  1.1 si,  0.0 st
%Cpu(s): 20.3 us,  6.6 sy,  0.0 ni, 72.3 id,  0.0 wa,  0.0 hi,  0.9 si,  0.0 st
%Cpu(s): 13.6 us,  6.4 sy,  0.0 ni, 79.5 id,  0.0 wa,  0.0 hi,  0.5 si,  0.0 st
%Cpu(s): 11.6 us,  6.0 sy,  0.0 ni, 81.4 id,  0.0 wa,  0.0 hi,  1.0 si,  0.0 st
%Cpu(s): 22.5 us,  6.3 sy,  0.0 ni, 70.4 id,  0.0 wa,  0.0 hi,  0.6 si,  0.1 st
%Cpu(s): 16.5 us,  6.9 sy,  0.0 ni, 75.6 id,  0.0 wa,  0.0 hi,  0.9 si,  0.1 st
%Cpu(s): 16.7 us,  6.8 sy,  0.0 ni, 76.0 id,  0.0 wa,  0.0 hi,  0.5 si,  0.0 st
%Cpu(s): 18.4 us,  7.6 sy,  0.0 ni, 72.4 id,  0.0 wa,  0.0 hi,  1.5 si,  0.1 st
%Cpu(s):  5.6 us,  2.5 sy,  0.0 ni, 91.6 id,  0.0 wa,  0.0 hi,  0.2 si,  0.0 st
%Cpu(s):  2.4 us,  1.4 sy,  0.0 ni, 96.3 id,  0.0 wa,  0.0 hi,  0.0 si,  0.0 st
%Cpu(s):  3.0 us,  1.7 sy,  0.0 ni, 95.2 id,  0.0 wa,  0.0 hi,  0.1 si,  0.0 st
%Cpu(s):  2.1 us,  1.2 sy,  0.0 ni, 96.7 id,  0.0 wa,  0.0 hi,  0.0 si,  0.0 st
%Cpu(s):  3.1 us,  1.0 sy,  0.0 ni, 95.8 id,  0.0 wa,  0.0 hi,  0.1 si,  0.0 st
%Cpu(s):  2.4 us,  1.7 sy,  0.0 ni, 95.8 id,  0.0 wa,  0.0 hi,  0.1 si,  0.0 st
%Cpu(s):  2.2 us,  2.1 sy,  0.0 ni, 95.6 id,  0.0 wa,  0.0 hi,  0.0 si,  0.0 st
