%Cpu(s):  1.5 us,  0.7 sy,  0.0 ni, 97.6 id,  0.0 wa,  0.0 hi,  0.1 si,  0.0 st
%Cpu(s): 30.4 us,  1.5 sy,  0.0 ni, 67.9 id,  0.0 wa,  0.0 hi,  0.1 si,  0.0 st
%Cpu(s):  0.6 us,  0.0 sy,  0.0 ni, 99.4 id,  0.0 wa,  0.0 hi,  0.0 si,  0.0 st
%Cpu(s):  0.1 us,  0.1 sy,  0.0 ni, 99.8 id,  0.0 wa,  0.0 hi,  0.0 si,  0.0 st
%Cpu(s):  9.5 us,  1.4 sy,  0.0 ni, 89.1 id,  0.0 wa,  0.0 hi,  0.0 si,  0.0 st
%Cpu(s): 60.0 us,  3.0 sy,  0.0 ni, 37.0 id,  0.0 wa,  0.0 hi,  0.0 si,  0.0 st
%Cpu(s): 61.8 us,  1.5 sy,  0.0 ni, 36.5 id,  0.0 wa,  0.0 hi,  0.0 si,  0.2 st
%Cpu(s): 74.3 us,  2.4 sy,  0.0 ni, 23.0 id,  0.0 wa,  0.0 hi,  0.1 si,  0.1 st
%Cpu(s): 35.0 us,  1.7 sy,  0.0 ni, 63.0 id,  0.0 wa,  0.0 hi,  0.2 si,  0.0 st
%Cpu(s): 62.7 us,  3.6 sy,  0.0 ni, 32.9 id,  0.0 wa,  0.0 hi,  0.9 si,  0.0 st
%Cpu(s): 27.4 us,  3.2 sy,  0.0 ni, 68.7 id,  0.0 wa,  0.0 hi,  0.8 si,  0.0 st
%Cpu(s): 16.0 us,  3.5 sy,  0.0 ni, 80.0 id,  0.0 wa,  0.0 hi,  0.4 si,  0.1 st
%Cpu(s):  9.7 us,  3.8 sy,  0.0 ni, 86.0 id,  0.0 wa,  0.0 hi,  0.5 si,  0.0 st
%Cpu(s): 22.4 us,  3.0 sy,  0.0 ni, 74.3 id,  0.0 wa,  0.0 hi,  0.3 si,  0.0 st
%Cpu(s): 21.4 us,  3.0 sy,  0.0 ni, 75.0 id,  0.0 wa,  0.0 hi,  0.5 si,  0.0 st
%Cpu(s): 15.4 us,  3.0 sy,  0.0 ni, 80.9 id,  0.0 wa,  0.0 hi,  0.6 si,  0.1 st
%Cpu(s):  7.0 us,  3.5 sy,  0.0 ni, 88.6 id,  0.0 wa,  0.0 hi,  0.8 si,  0.1 st
%Cpu(s):  7.5 us,  3.8 sy,  0.0 ni, 88.2 id,  0.0 wa,  0.0 hi,  0.5 si,  0.0 st
%Cpu(s):  6.6 us,  3.9 sy,  0.0 ni, 88.8 id,  0.0 wa,  0.0 hi,  0.8 si,  0.0 st
%Cpu(s):  7.2 us,  3.8 sy,  0.0 ni, 88.2 id,  0.0 wa,  0.0 hi,  0.9 si,  0.0 st
%Cpu(s):  8.6 us,  3.2 sy,  0.0 ni, 87.2 id,  0.0 wa,  0.0 hi,  1.0 si,  0.0 st
%Cpu(s):  5.6 us,  3.4 sy,  0.0 ni, 90.0 id,  0.0 wa,  0.0 hi,  1.0 si,  0.0 st
%Cpu(s):  7.7 us,  4.2 sy,  0.0 ni, 87.3 id,  0.0 wa,  0.0 hi,  0.7 si,  0.0 st
%Cpu(s):  7.6 us,  3.7 sy,  0.0 ni, 87.7 id,  0.0 wa,  0.0 hi,  1.0 si,  0.0 st
%Cpu(s):  6.7 us,  3.0 sy,  0.0 ni, 89.1 id,  0.0 wa,  0.0 hi,  1.0 si,  0.1 st
%Cpu(s):  5.5 us,  3.4 sy,  0.0 ni, 89.8 id,  0.0 wa,  0.0 hi,  1.1 si,  0.1 st
%Cpu(s):  6.4 us,  4.0 sy,  0.0 ni, 89.0 id,  0.0 wa,  0.0 hi,  0.6 si,  0.0 st
%Cpu(s):  7.0 us,  3.6 sy,  0.0 ni, 88.5 id,  0.0 wa,  0.0 hi,  0.8 si,  0.1 st
%Cpu(s): 18.9 us,  4.4 sy,  0.0 ni, 75.9 id,  0.0 wa,  0.0 hi,  0.8 si,  0.0 st
%Cpu(s): 19.9 us,  4.0 sy,  0.0 ni, 75.0 id,  0.1 wa,  0.0 hi,  0.9 si,  0.0 st
%Cpu(s): 12.4 us,  3.3 sy,  0.0 ni, 83.4 id,  0.0 wa,  0.0 hi,  0.9 si,  0.0 st
%Cpu(s):  6.3 us,  3.5 sy,  0.0 ni, 89.0 id,  0.0 wa,  0.0 hi,  1.1 si,  0.0 st
%Cpu(s):  6.5 us,  3.9 sy,  0.0 ni, 88.7 id,  0.0 wa,  0.0 hi,  0.9 si,  0.0 st
%Cpu(s):  5.4 us,  4.0 sy,  0.0 ni, 89.5 id,  0.4 wa,  0.0 hi,  0.8 si,  0.0 st
%Cpu(s):  6.2 us,  3.7 sy,  0.0 ni, 89.4 id,  0.0 wa,  0.0 hi,  0.8 si,  0.0 st
%Cpu(s):  5.8 us,  3.8 sy,  0.0 ni, 89.3 id,  0.0 wa,  0.0 hi,  1.1 si,  0.0 st
%Cpu(s):  7.0 us,  4.0 sy,  0.0 ni, 88.1 id,  0.0 wa,  0.0 hi,  0.8 si,  0.1 st
%Cpu(s):  6.9 us,  4.6 sy,  0.0 ni, 87.7 id,  0.0 wa,  0.0 hi,  0.7 si,  0.0 st
%Cpu(s):  7.3 us,  3.7 sy,  0.0 ni, 88.0 id,  0.0 wa,  0.0 hi,  1.0 si,  0.0 st
%Cpu(s):  8.2 us,  3.5 sy,  0.0 ni, 87.4 id,  0.1 wa,  0.0 hi,  0.8 si,  0.0 st
%Cpu(s):  6.5 us,  4.6 sy,  0.0 ni, 87.8 id,  0.0 wa,  0.0 hi,  0.8 si,  0.3 st
%Cpu(s):  6.6 us,  3.4 sy,  0.0 ni, 89.1 id,  0.0 wa,  0.0 hi,  0.9 si,  0.0 st
%Cpu(s): 16.4 us,  3.9 sy,  0.0 ni, 77.9 id,  0.0 wa,  0.0 hi,  1.8 si,  0.0 st
%Cpu(s): 17.6 us,  4.8 sy,  0.0 ni, 76.9 id,  0.0 wa,  0.0 hi,  0.8 si,  0.0 st
%Cpu(s): 14.7 us,  4.0 sy,  0.0 ni, 80.3 id,  0.0 wa,  0.0 hi,  1.0 si,  0.0 st
%Cpu(s):  5.9 us,  4.0 sy,  0.0 ni, 89.5 id,  0.0 wa,  0.0 hi,  0.6 si,  0.0 st
%Cpu(s):  6.6 us,  3.5 sy,  0.0 ni, 88.9 id,  0.0 wa,  0.0 hi,  0.9 si,  0.1 st
%Cpu(s):  5.4 us,  3.7 sy,  0.0 ni, 90.2 id,  0.0 wa,  0.0 hi,  0.8 si,  0.0 st
%Cpu(s):  6.5 us,  2.9 sy,  0.0 ni, 89.5 id,  0.0 wa,  0.0 hi,  1.1 si,  0.0 st
%Cpu(s):  6.2 us,  3.3 sy,  0.0 ni, 90.0 id,  0.0 wa,  0.0 hi,  0.5 si,  0.0 st
%Cpu(s):  4.6 us,  3.6 sy,  0.0 ni, 91.2 id,  0.0 wa,  0.0 hi,  0.6 si,  0.0 st
%Cpu(s):  6.1 us,  4.3 sy,  0.0 ni, 89.3 id,  0.0 wa,  0.0 hi,  0.4 si,  0.0 st
%Cpu(s):  6.1 us,  4.1 sy,  0.0 ni, 89.3 id,  0.0 wa,  0.0 hi,  0.5 si,  0.0 st
%Cpu(s):  6.2 us,  2.9 sy,  0.0 ni, 90.2 id,  0.0 wa,  0.0 hi,  0.6 si,  0.0 st
%Cpu(s):  5.3 us,  3.7 sy,  0.0 ni, 90.0 id,  0.0 wa,  0.0 hi,  1.0 si,  0.0 st
%Cpu(s):  7.0 us,  3.5 sy,  0.0 ni, 88.6 id,  0.0 wa,  0.0 hi,  0.8 si,  0.1 st
%Cpu(s): 16.8 us,  3.3 sy,  0.0 ni, 79.2 id,  0.0 wa,  0.0 hi,  0.8 si,  0.0 st
%Cpu(s): 17.3 us,  5.0 sy,  0.0 ni, 76.9 id,  0.0 wa,  0.0 hi,  0.8 si,  0.0 st
%Cpu(s): 16.0 us,  5.1 sy,  0.0 ni, 78.0 id,  0.0 wa,  0.0 hi,  0.9 si,  0.0 st
%Cpu(s):  4.9 us,  3.0 sy,  0.0 ni, 91.4 id,  0.1 wa,  0.0 hi,  0.6 si,  0.0 st
%Cpu(s):  6.5 us,  4.3 sy,  0.0 ni, 88.5 id,  0.0 wa,  0.0 hi,  0.6 si,  0.1 st
%Cpu(s):  6.9 us,  3.9 sy,  0.0 ni, 88.2 id,  0.0 wa,  0.0 hi,  0.9 si,  0.1 st
%Cpu(s):  6.7 us,  3.5 sy,  0.0 ni, 88.9 id,  0.0 wa,  0.0 hi,  0.9 si,  0.0 st
%Cpu(s):  5.6 us,  4.1 sy,  0.0 ni, 89.2 id,  0.0 wa,  0.0 hi,  0.8 si,  0.3 st
%Cpu(s):  5.3 us,  3.8 sy,  0.0 ni, 90.1 id,  0.0 wa,  0.0 hi,  0.8 si,  0.0 st
%Cpu(s):  5.7 us,  3.4 sy,  0.0 ni, 89.9 id,  0.0 wa,  0.0 hi,  0.9 si,  0.1 st
%Cpu(s):  5.6 us,  3.7 sy,  0.0 ni, 89.8 id,  0.0 wa,  0.0 hi,  0.9 si,  0.0 st
%Cpu(s): 13.8 us,  3.0 sy,  0.0 ni, 82.5 id,  0.0 wa,  0.0 hi,  0.6 si,  0.0 st
%Cpu(s): 15.5 us,  3.8 sy,  0.0 ni, 79.9 id,  0.0 wa,  0.0 hi,  0.7 si,  0.0 st
%Cpu(s): 10.6 us,  3.1 sy,  0.0 ni, 85.4 id,  0.0 wa,  0.0 hi,  0.8 si,  0.1 st
