%Cpu(s):  2.2 us,  0.4 sy,  0.0 ni, 97.3 id,  0.0 wa,  0.0 hi,  0.1 si,  0.0 st
%Cpu(s): 63.1 us,  5.5 sy,  0.0 ni, 31.3 id,  0.0 wa,  0.0 hi,  0.1 si,  0.0 st
%Cpu(s): 78.8 us,  2.9 sy,  0.0 ni, 18.0 id,  0.0 wa,  0.0 hi,  0.1 si,  0.3 st
%Cpu(s): 90.6 us,  2.3 sy,  0.0 ni,  7.2 id,  0.0 wa,  0.0 hi,  0.0 si,  0.0 st
%Cpu(s): 95.1 us,  2.5 sy,  0.0 ni,  2.4 id,  0.0 wa,  0.0 hi,  0.0 si,  0.0 st
%Cpu(s): 93.5 us,  2.5 sy,  0.0 ni,  3.9 id,  0.0 wa,  0.0 hi,  0.1 si,  0.0 st
%Cpu(s): 43.9 us,  2.0 sy,  0.0 ni, 53.7 id,  0.0 wa,  0.0 hi,  0.3 si,  0.1 st
%Cpu(s): 11.2 us,  2.3 sy,  0.0 ni, 86.3 id,  0.0 wa,  0.0 hi,  0.1 si,  0.1 st
%Cpu(s):  7.9 us,  2.5 sy,  0.0 ni, 89.3 id,  0.0 wa,  0.0 hi,  0.0 si,  0.3 st
%Cpu(s):  6.1 us,  3.2 sy,  0.0 ni, 90.5 id,  0.0 wa,  0.0 hi,  0.0 si,  0.3 st
%Cpu(s):  4.4 us,  1.4 sy,  0.0 ni, 93.9 id,  0.0 wa,  0.0 hi,  0.0 si,  0.3 st
%Cpu(s): 10.4 us,  1.8 sy,  0.0 ni, 87.4 id,  0.0 wa,  0.0 hi,  0.0 si,  0.4 st
%Cpu(s): 10.8 us,  3.5 sy,  0.0 ni, 85.4 id,  0.0 wa,  0.0 hi,  0.0 si,  0.3 st
%Cpu(s):  5.1 us,  3.7 sy,  0.0 ni, 90.9 id,  0.0 wa,  0.0 hi,  0.1 si,  0.3 st
%Cpu(s): 14.4 us,  3.1 sy,  0.0 ni, 82.4 id,  0.0 wa,  0.0 hi,  0.1 si,  0.0 st
%Cpu(s):  5.9 us,  3.3 sy,  0.0 ni, 90.8 id,  0.0 wa,  0.0 hi,  0.0 si,  0.1 st
%Cpu(s): 54.1 us,  5.4 sy,  0.0 ni, 40.2 id,  0.0 wa,  0.0 hi,  0.3 si,  0.0 st
%Cpu(s): 85.9 us, 10.0 sy,  0.0 ni,  1.7 id,  0.0 wa,  0.0 hi,  2.4 si,  0.0 st
%Cpu(s): 86.6 us, 10.6 sy,  0.0 ni,  0.5 id,  0.0 wa,  0.0 hi,  2.4 si,  0.0 st
%Cpu(s): 86.4 us, 11.0 sy,  0.0 ni,  0.2 id,  0.0 wa,  0.0 hi,  2.4 si,  0.0 st
%Cpu(s): 86.4 us, 10.2 sy,  0.0 ni,  0.2 id,  0.0 wa,  0.0 hi,  3.1 si,  0.0 st
%Cpu(s): 88.9 us,  8.7 sy,  0.0 ni,  0.4 id,  0.0 wa,  0.0 hi,  2.0 si,  0.0 st
%Cpu(s): 87.4 us,  9.6 sy,  0.0 ni,  1.2 id,  0.0 wa,  0.0 hi,  1.7 si,  0.0 st
%Cpu(s): 61.6 us,  8.2 sy,  0.0 ni, 28.0 id,  0.0 wa,  0.0 hi,  2.2 si,  0.0 st
%Cpu(s): 41.1 us,  7.3 sy,  0.0 ni, 49.9 id,  0.0 wa,  0.0 hi,  1.7 si,  0.0 st
%Cpu(s): 16.5 us,  7.6 sy,  0.0 ni, 74.2 id,  0.1 wa,  0.0 hi,  1.5 si,  0.0 st
%Cpu(s): 25.0 us,  7.4 sy,  0.0 ni, 65.6 id,  0.0 wa,  0.0 hi,  2.0 si,  0.0 st
%Cpu(s): 13.4 us,  8.3 sy,  0.0 ni, 76.8 id,  0.0 wa,  0.0 hi,  1.4 si,  0.1 st
%Cpu(s): 12.0 us,  7.6 sy,  0.0 ni, 79.1 id,  0.0 wa,  0.0 hi,  1.3 si,  0.0 st
%Cpu(s): 25.3 us,  7.8 sy,  0.0 ni, 64.8 id,  0.0 wa,  0.0 hi,  2.0 si,  0.0 st
%Cpu(s): 68.6 us,  7.9 sy,  0.0 ni, 21.2 id,  0.0 wa,  0.0 hi,  2.3 si,  0.0 st
%Cpu(s): 36.2 us,  9.3 sy,  0.0 ni, 52.9 id,  0.0 wa,  0.0 hi,  1.7 si,  0.0 st
%Cpu(s): 43.7 us,  7.8 sy,  0.0 ni, 46.6 id,  0.0 wa,  0.0 hi,  1.9 si,  0.0 st
%Cpu(s): 29.2 us,  8.3 sy,  0.0 ni, 61.4 id,  0.0 wa,  0.0 hi,  1.0 si,  0.0 st
%Cpu(s): 13.8 us,  9.6 sy,  0.0 ni, 74.8 id,  0.0 wa,  0.0 hi,  1.9 si,  0.0 st
%Cpu(s): 12.0 us,  6.4 sy,  0.0 ni, 79.9 id,  0.0 wa,  0.0 hi,  1.5 si,  0.1 st
%Cpu(s): 11.3 us,  6.0 sy,  0.0 ni, 81.2 id,  0.0 wa,  0.0 hi,  1.6 si,  0.0 st
%Cpu(s): 11.5 us,  7.0 sy,  0.0 ni, 80.5 id,  0.0 wa,  0.0 hi,  1.0 si,  0.0 st
%Cpu(s): 13.1 us,  7.3 sy,  0.0 ni, 78.1 id,  0.0 wa,  0.0 hi,  1.4 si,  0.1 st
%Cpu(s): 11.5 us,  7.8 sy,  0.0 ni, 78.8 id,  0.0 wa,  0.0 hi,  1.9 si,  0.0 st
%Cpu(s): 13.7 us,  7.3 sy,  0.0 ni, 77.7 id,  0.0 wa,  0.0 hi,  1.3 si,  0.0 st
%Cpu(s):  8.4 us,  7.1 sy,  0.0 ni, 83.5 id,  0.0 wa,  0.0 hi,  1.0 si,  0.0 st
%Cpu(s):  9.7 us,  5.7 sy,  0.0 ni, 83.0 id,  0.0 wa,  0.0 hi,  1.6 si,  0.0 st
%Cpu(s): 11.9 us,  6.5 sy,  0.0 ni, 79.9 id,  0.0 wa,  0.0 hi,  1.6 si,  0.0 st
%Cpu(s): 11.0 us,  7.5 sy,  0.0 ni, 80.3 id,  0.0 wa,  0.0 hi,  1.3 si,  0.0 st
%Cpu(s): 11.7 us,  7.6 sy,  0.0 ni, 79.1 id,  0.0 wa,  0.0 hi,  1.4 si,  0.1 st
%Cpu(s): 14.4 us,  7.1 sy,  0.0 ni, 77.7 id,  0.0 wa,  0.0 hi,  0.9 si,  0.0 st
%Cpu(s): 23.2 us,  6.8 sy,  0.0 ni, 68.5 id,  0.0 wa,  0.0 hi,  1.5 si,  0.0 st
%Cpu(s): 14.1 us,  8.2 sy,  0.0 ni, 76.2 id,  0.0 wa,  0.0 hi,  1.5 si,  0.0 st
%Cpu(s):  9.9 us,  7.0 sy,  0.0 ni, 81.3 id,  0.0 wa,  0.0 hi,  1.8 si,  0.0 st
%Cpu(s): 18.0 us,  5.6 sy,  0.0 ni, 74.5 id,  0.0 wa,  0.0 hi,  1.9 si,  0.0 st
%Cpu(s): 16.9 us,  6.9 sy,  0.0 ni, 74.7 id,  0.0 wa,  0.0 hi,  1.5 si,  0.0 st
%Cpu(s): 14.5 us,  8.0 sy,  0.0 ni, 75.9 id,  0.0 wa,  0.0 hi,  1.5 si,  0.1 st
%Cpu(s): 11.1 us,  6.5 sy,  0.0 ni, 81.2 id,  0.0 wa,  0.0 hi,  1.1 si,  0.0 st
%Cpu(s):  9.1 us,  7.6 sy,  0.0 ni, 81.4 id,  0.0 wa,  0.0 hi,  1.8 si,  0.0 st
%Cpu(s):  9.2 us,  6.6 sy,  0.0 ni, 82.5 id,  0.1 wa,  0.0 hi,  1.5 si,  0.0 st
%Cpu(s): 11.8 us,  8.0 sy,  0.0 ni, 78.8 id,  0.0 wa,  0.0 hi,  1.4 si,  0.0 st
%Cpu(s): 10.7 us,  6.6 sy,  0.0 ni, 81.4 id,  0.0 wa,  0.0 hi,  1.2 si,  0.1 st
%Cpu(s): 11.4 us,  7.8 sy,  0.0 ni, 79.8 id,  0.0 wa,  0.0 hi,  1.0 si,  0.0 st
%Cpu(s): 11.8 us,  7.8 sy,  0.0 ni, 78.8 id,  0.0 wa,  0.0 hi,  1.6 si,  0.0 st
%Cpu(s): 12.5 us,  6.9 sy,  0.0 ni, 79.1 id,  0.0 wa,  0.0 hi,  1.5 si,  0.0 st
%Cpu(s): 11.2 us,  7.5 sy,  0.0 ni, 79.6 id,  0.0 wa,  0.0 hi,  1.7 si,  0.0 st
%Cpu(s): 12.6 us,  6.7 sy,  0.0 ni, 78.6 id,  0.0 wa,  0.0 hi,  1.9 si,  0.1 st
%Cpu(s): 13.8 us,  8.2 sy,  0.0 ni, 77.0 id,  0.0 wa,  0.0 hi,  1.0 si,  0.0 st
%Cpu(s): 12.6 us,  7.9 sy,  0.0 ni, 78.3 id,  0.0 wa,  0.0 hi,  1.1 si,  0.0 st
%Cpu(s): 13.3 us,  9.1 sy,  0.0 ni, 76.1 id,  0.0 wa,  0.0 hi,  1.4 si,  0.0 st
%Cpu(s): 11.1 us,  7.9 sy,  0.0 ni, 79.3 id,  0.0 wa,  0.0 hi,  1.7 si,  0.0 st
%Cpu(s): 13.0 us,  7.8 sy,  0.0 ni, 77.6 id,  0.0 wa,  0.0 hi,  1.7 si,  0.0 st
%Cpu(s): 11.4 us,  7.7 sy,  0.0 ni, 79.7 id,  0.0 wa,  0.0 hi,  1.2 si,  0.0 st
%Cpu(s): 12.4 us,  7.1 sy,  0.0 ni, 79.4 id,  0.0 wa,  0.0 hi,  1.1 si,  0.0 st
%Cpu(s): 13.4 us,  7.1 sy,  0.0 ni, 78.1 id,  0.0 wa,  0.0 hi,  1.4 si,  0.0 st
%Cpu(s): 13.2 us,  8.4 sy,  0.0 ni, 77.1 id,  0.0 wa,  0.0 hi,  1.3 si,  0.1 st
%Cpu(s): 20.9 us,  7.0 sy,  0.0 ni, 70.7 id,  0.0 wa,  0.0 hi,  1.5 si,  0.0 st
%Cpu(s): 17.2 us,  6.3 sy,  0.0 ni, 74.8 id,  0.0 wa,  0.0 hi,  1.7 si,  0.0 st
%Cpu(s): 16.7 us,  5.9 sy,  0.0 ni, 75.8 id,  0.0 wa,  0.0 hi,  1.6 si,  0.0 st
%Cpu(s): 17.0 us,  7.6 sy,  0.0 ni, 74.1 id,  0.0 wa,  0.0 hi,  1.3 si,  0.0 st
