%Cpu(s):  1.2 us,  0.2 sy,  0.0 ni, 98.6 id,  0.0 wa,  0.0 hi,  0.0 si,  0.0 st
%Cpu(s):  3.2 us,  2.2 sy,  0.0 ni, 94.3 id,  0.1 wa,  0.0 hi,  0.0 si,  0.3 st
%Cpu(s):  3.2 us,  1.9 sy,  0.0 ni, 94.8 id,  0.0 wa,  0.0 hi,  0.0 si,  0.1 st
%Cpu(s):  1.8 us,  0.8 sy,  0.0 ni, 97.2 id,  0.0 wa,  0.0 hi,  0.1 si,  0.1 st
%Cpu(s):  3.3 us,  2.0 sy,  0.0 ni, 94.4 id,  0.0 wa,  0.0 hi,  0.0 si,  0.3 st
%Cpu(s):  8.4 us,  1.4 sy,  0.0 ni, 89.9 id,  0.0 wa,  0.0 hi,  0.1 si,  0.3 st
%Cpu(s): 72.3 us,  4.9 sy,  0.0 ni, 22.2 id,  0.0 wa,  0.0 hi,  0.6 si,  0.0 st
%Cpu(s): 86.2 us,  6.6 sy,  0.0 ni,  5.8 id,  0.0 wa,  0.0 hi,  1.4 si,  0.0 st
%Cpu(s): 80.4 us,  6.0 sy,  0.0 ni, 12.7 id,  0.0 wa,  0.0 hi,  0.9 si,  0.0 st
%Cpu(s): 91.8 us,  5.5 sy,  0.0 ni,  2.2 id,  0.0 wa,  0.0 hi,  0.5 si,  0.0 st
%Cpu(s): 85.1 us,  5.6 sy,  0.0 ni,  8.1 id,  0.0 wa,  0.0 hi,  1.1 si,  0.0 st
%Cpu(s): 59.7 us,  6.4 sy,  0.0 ni, 32.3 id,  0.0 wa,  0.0 hi,  1.5 si,  0.1 st
%Cpu(s): 58.5 us,  5.5 sy,  0.0 ni, 35.1 id,  0.0 wa,  0.0 hi,  0.9 si,  0.0 st
%Cpu(s): 30.5 us,  6.0 sy,  0.0 ni, 62.9 id,  0.0 wa,  0.0 hi,  0.5 si,  0.1 st
%Cpu(s): 18.5 us,  4.9 sy,  0.0 ni, 76.2 id,  0.0 wa,  0.0 hi,  0.4 si,  0.0 st
%Cpu(s): 24.7 us,  5.8 sy,  0.0 ni, 69.0 id,  0.0 wa,  0.0 hi,  0.4 si,  0.0 st
%Cpu(s): 15.0 us,  5.6 sy,  0.0 ni, 78.9 id,  0.0 wa,  0.0 hi,  0.5 si,  0.0 st
%Cpu(s): 13.1 us,  6.0 sy,  0.0 ni, 80.0 id,  0.0 wa,  0.0 hi,  0.9 si,  0.0 st
%Cpu(s): 13.0 us,  6.4 sy,  0.0 ni, 80.2 id,  0.0 wa,  0.0 hi,  0.3 si,  0.1 st
%Cpu(s): 16.0 us,  5.1 sy,  0.0 ni, 78.3 id,  0.0 wa,  0.0 hi,  0.6 si,  0.0 st
%Cpu(s): 12.9 us,  6.7 sy,  0.0 ni, 80.0 id,  0.0 wa,  0.0 hi,  0.4 si,  0.0 st
%Cpu(s): 11.0 us,  6.3 sy,  0.0 ni, 81.9 id,  0.0 wa,  0.0 hi,  0.6 si,  0.1 st
%Cpu(s): 12.5 us,  6.1 sy,  0.0 ni, 80.7 id,  0.0 wa,  0.0 hi,  0.6 si,  0.0 st
%Cpu(s): 12.8 us,  6.9 sy,  0.0 ni, 79.8 id,  0.0 wa,  0.0 hi,  0.4 si,  0.1 st
%Cpu(s): 12.9 us,  5.0 sy,  0.0 ni, 81.6 id,  0.0 wa,  0.0 hi,  0.5 si,  0.0 st
%Cpu(s): 13.1 us,  5.8 sy,  0.0 ni, 80.9 id,  0.0 wa,  0.0 hi,  0.3 si,  0.0 st
%Cpu(s): 12.8 us,  6.4 sy,  0.0 ni, 80.5 id,  0.0 wa,  0.0 hi,  0.3 si,  0.0 st
%Cpu(s): 16.3 us,  6.3 sy,  0.0 ni, 77.0 id,  0.0 wa,  0.0 hi,  0.5 si,  0.0 st
%Cpu(s): 11.7 us,  5.7 sy,  0.0 ni, 82.3 id,  0.0 wa,  0.0 hi,  0.3 si,  0.0 st
%Cpu(s): 11.5 us,  7.2 sy,  0.0 ni, 80.7 id,  0.0 wa,  0.0 hi,  0.6 si,  0.0 st
%Cpu(s): 10.8 us,  5.9 sy,  0.0 ni, 82.8 id,  0.0 wa,  0.0 hi,  0.5 si,  0.0 st
%Cpu(s):  8.8 us,  6.4 sy,  0.0 ni, 84.4 id,  0.0 wa,  0.0 hi,  0.3 si,  0.1 st
%Cpu(s):  8.3 us,  6.0 sy,  0.0 ni, 85.1 id,  0.0 wa,  0.0 hi,  0.5 si,  0.1 st
%Cpu(s):  9.8 us,  6.1 sy,  0.0 ni, 83.7 id,  0.0 wa,  0.0 hi,  0.4 si,  0.0 st
%Cpu(s): 10.5 us,  6.3 sy,  0.0 ni, 82.8 id,  0.0 wa,  0.0 hi,  0.5 si,  0.0 st
%Cpu(s): 10.3 us,  5.3 sy,  0.0 ni, 84.0 id,  0.0 wa,  0.0 hi,  0.4 si,  0.1 st
%Cpu(s): 23.8 us,  5.1 sy,  0.0 ni, 70.3 id,  0.1 wa,  0.0 hi,  0.6 si,  0.0 st
%Cpu(s): 15.0 us,  5.8 sy,  0.0 ni, 78.9 id,  0.0 wa,  0.0 hi,  0.3 si,  0.0 st
%Cpu(s): 12.2 us,  6.4 sy,  0.0 ni, 81.0 id,  0.0 wa,  0.0 hi,  0.4 si,  0.0 st
%Cpu(s): 12.6 us,  6.4 sy,  0.0 ni, 80.7 id,  0.0 wa,  0.0 hi,  0.4 si,  0.0 st
%Cpu(s): 21.7 us,  5.4 sy,  0.0 ni, 72.4 id,  0.0 wa,  0.0 hi,  0.4 si,  0.1 st
%Cpu(s): 15.8 us,  5.8 sy,  0.0 ni, 77.4 id,  0.0 wa,  0.0 hi,  1.0 si,  0.0 st
%Cpu(s): 11.1 us,  6.0 sy,  0.0 ni, 82.6 id,  0.0 wa,  0.0 hi,  0.1 si,  0.1 st
%Cpu(s): 13.6 us,  6.6 sy,  0.0 ni, 79.3 id,  0.0 wa,  0.0 hi,  0.5 si,  0.0 st
%Cpu(s): 10.8 us,  5.0 sy,  0.0 ni, 83.7 id,  0.0 wa,  0.0 hi,  0.5 si,  0.0 st
%Cpu(s): 12.3 us,  5.9 sy,  0.0 ni, 81.3 id,  0.0 wa,  0.0 hi,  0.5 si,  0.0 st
%Cpu(s): 12.0 us,  6.3 sy,  0.0 ni, 81.2 id,  0.0 wa,  0.0 hi,  0.4 si,  0.1 st
%Cpu(s): 11.3 us,  5.7 sy,  0.0 ni, 82.2 id,  0.0 wa,  0.0 hi,  0.8 si,  0.0 st
%Cpu(s): 11.0 us,  6.2 sy,  0.0 ni, 82.5 id,  0.0 wa,  0.0 hi,  0.4 si,  0.0 st
%Cpu(s):  9.1 us,  5.5 sy,  0.0 ni, 84.9 id,  0.0 wa,  0.0 hi,  0.5 si,  0.0 st
%Cpu(s):  9.0 us,  5.3 sy,  0.0 ni, 85.4 id,  0.0 wa,  0.0 hi,  0.3 si,  0.0 st
%Cpu(s):  9.3 us,  6.1 sy,  0.0 ni, 84.1 id,  0.0 wa,  0.0 hi,  0.5 si,  0.0 st
%Cpu(s): 10.9 us,  6.2 sy,  0.0 ni, 82.5 id,  0.0 wa,  0.0 hi,  0.4 si,  0.0 st
%Cpu(s):  9.6 us,  6.3 sy,  0.0 ni, 83.3 id,  0.0 wa,  0.0 hi,  0.5 si,  0.3 st
%Cpu(s):  7.9 us,  4.9 sy,  0.0 ni, 86.5 id,  0.0 wa,  0.0 hi,  0.6 si,  0.0 st
%Cpu(s): 11.0 us,  4.9 sy,  0.0 ni, 83.6 id,  0.0 wa,  0.0 hi,  0.5 si,  0.0 st
%Cpu(s): 10.6 us,  6.0 sy,  0.0 ni, 83.0 id,  0.0 wa,  0.0 hi,  0.5 si,  0.0 st
%Cpu(s): 10.7 us,  6.5 sy,  0.0 ni, 82.3 id,  0.0 wa,  0.0 hi,  0.5 si,  0.0 st
%Cpu(s):  9.6 us,  6.8 sy,  0.0 ni, 83.3 id,  0.0 wa,  0.0 hi,  0.4 si,  0.0 st
%Cpu(s): 12.0 us,  5.9 sy,  0.0 ni, 81.6 id,  0.0 wa,  0.0 hi,  0.5 si,  0.1 st
%Cpu(s): 10.3 us,  6.1 sy,  0.0 ni, 83.1 id,  0.0 wa,  0.0 hi,  0.5 si,  0.0 st
%Cpu(s):  9.8 us,  7.1 sy,  0.0 ni, 82.2 id,  0.0 wa,  0.0 hi,  0.8 si,  0.1 st
%Cpu(s): 11.6 us,  6.8 sy,  0.0 ni, 81.1 id,  0.0 wa,  0.0 hi,  0.5 si,  0.0 st
%Cpu(s):  9.0 us,  6.0 sy,  0.0 ni, 84.8 id,  0.0 wa,  0.0 hi,  0.1 si,  0.0 st
%Cpu(s): 10.4 us,  7.0 sy,  0.0 ni, 82.1 id,  0.0 wa,  0.0 hi,  0.5 si,  0.0 st
%Cpu(s): 17.6 us,  5.7 sy,  0.0 ni, 75.9 id,  0.0 wa,  0.0 hi,  0.6 si,  0.1 st
%Cpu(s): 61.7 us,  6.5 sy,  0.0 ni, 31.2 id,  0.0 wa,  0.0 hi,  0.6 si,  0.0 st
%Cpu(s): 19.1 us,  5.5 sy,  0.0 ni, 74.7 id,  0.0 wa,  0.0 hi,  0.8 si,  0.0 st
%Cpu(s): 12.1 us,  6.8 sy,  0.0 ni, 80.6 id,  0.0 wa,  0.0 hi,  0.5 si,  0.0 st
%Cpu(s): 15.4 us,  5.5 sy,  0.0 ni, 78.6 id,  0.0 wa,  0.0 hi,  0.5 si,  0.0 st
%Cpu(s): 10.4 us,  6.0 sy,  0.0 ni, 83.4 id,  0.0 wa,  0.0 hi,  0.3 si,  0.0 st
%Cpu(s): 10.9 us,  6.0 sy,  0.0 ni, 82.1 id,  0.1 wa,  0.0 hi,  0.8 si,  0.1 st
%Cpu(s): 12.4 us,  6.2 sy,  0.0 ni, 81.0 id,  0.0 wa,  0.0 hi,  0.4 si,  0.0 st
