%Cpu(s): 10.9 us,  1.2 sy,  0.0 ni, 87.8 id,  0.0 wa,  0.0 hi,  0.2 si,  0.0 st
%Cpu(s): 26.4 us,  0.6 sy,  0.0 ni, 72.9 id,  0.0 wa,  0.0 hi,  0.0 si,  0.0 st
%Cpu(s):  6.5 us,  0.6 sy,  0.0 ni, 92.9 id,  0.0 wa,  0.0 hi,  0.0 si,  0.0 st
%Cpu(s):  2.1 us,  1.3 sy,  0.0 ni, 96.6 id,  0.0 wa,  0.0 hi,  0.0 si,  0.0 st
%Cpu(s): 18.7 us,  2.3 sy,  0.0 ni, 78.9 id,  0.0 wa,  0.0 hi,  0.1 si,  0.0 st
%Cpu(s): 91.0 us,  6.5 sy,  0.0 ni,  1.1 id,  0.0 wa,  0.0 hi,  1.4 si,  0.0 st
%Cpu(s): 90.8 us,  6.9 sy,  0.0 ni,  0.5 id,  0.0 wa,  0.0 hi,  1.7 si,  0.0 st
%Cpu(s): 88.8 us,  9.4 sy,  0.0 ni,  0.0 id,  0.0 wa,  0.0 hi,  1.9 si,  0.0 st
%Cpu(s): 87.9 us,  9.4 sy,  0.0 ni,  0.1 id,  0.0 wa,  0.0 hi,  2.5 si,  0.1 st
%Cpu(s): 87.5 us, 10.3 sy,  0.0 ni,  0.0 id,  0.0 wa,  0.0 hi,  2.2 si,  0.0 st
%Cpu(s): 87.4 us, 10.2 sy,  0.0 ni,  0.0 id,  0.0 wa,  0.0 hi,  2.4 si,  0.0 st
%Cpu(s): 88.7 us,  9.3 sy,  0.0 ni,  0.2 id,  0.0 wa,  0.0 hi,  1.7 si,  0.0 st
%Cpu(s): 88.4 us,  9.3 sy,  0.0 ni,  0.0 id,  0.0 wa,  0.0 hi,  2.2 si,  0.0 st
%Cpu(s): 88.3 us,  9.1 sy,  0.0 ni,  0.1 id,  0.0 wa,  0.0 hi,  2.5 si,  0.0 st
%Cpu(s): 89.0 us,  8.9 sy,  0.0 ni,  0.1 id,  0.0 wa,  0.0 hi,  2.0 si,  0.0 st
%Cpu(s): 89.3 us,  8.1 sy,  0.0 ni,  0.9 id,  0.0 wa,  0.0 hi,  1.7 si,  0.0 st
%Cpu(s): 87.7 us,  9.7 sy,  0.0 ni,  0.2 id,  0.0 wa,  0.0 hi,  2.4 si,  0.0 st
%Cpu(s): 87.9 us,  8.8 sy,  0.0 ni,  0.7 id,  0.0 wa,  0.0 hi,  2.4 si,  0.1 st
%Cpu(s): 88.4 us,  7.6 sy,  0.0 ni,  1.7 id,  0.0 wa,  0.0 hi,  2.2 si,  0.0 st
%Cpu(s): 66.2 us,  8.6 sy,  0.0 ni, 23.3 id,  0.0 wa,  0.0 hi,  1.9 si,  0.0 st
%Cpu(s): 40.8 us,  7.9 sy,  0.0 ni, 49.8 id,  0.0 wa,  0.0 hi,  1.5 si,  0.0 st
%Cpu(s): 32.1 us,  8.5 sy,  0.0 ni, 58.4 id,  0.0 wa,  0.0 hi,  0.9 si,  0.1 st
%Cpu(s): 29.3 us,  6.6 sy,  0.0 ni, 62.2 id,  0.0 wa,  0.0 hi,  1.8 si,  0.0 st
%Cpu(s): 25.6 us,  7.3 sy,  0.0 ni, 66.4 id,  0.0 wa,  0.0 hi,  0.8 si,  0.0 st
%Cpu(s): 15.6 us,  6.8 sy,  0.0 ni, 77.0 id,  0.0 wa,  0.0 hi,  0.5 si,  0.1 st
%Cpu(s): 13.6 us,  6.7 sy,  0.0 ni, 79.2 id,  0.0 wa,  0.0 hi,  0.5 si,  0.0 st
%Cpu(s): 14.8 us,  6.2 sy,  0.0 ni, 78.4 id,  0.0 wa,  0.0 hi,  0.4 si,  0.1 st
%Cpu(s): 15.6 us,  5.7 sy,  0.0 ni, 78.1 id,  0.0 wa,  0.0 hi,  0.6 si,  0.0 st
%Cpu(s): 15.9 us,  6.5 sy,  0.0 ni, 76.8 id,  0.1 wa,  0.0 hi,  0.5 si,  0.1 st
%Cpu(s): 21.4 us,  7.0 sy,  0.0 ni, 70.8 id,  0.0 wa,  0.0 hi,  0.8 si,  0.0 st
%Cpu(s): 31.2 us,  7.1 sy,  0.0 ni, 60.5 id,  0.0 wa,  0.0 hi,  1.1 si,  0.0 st
%Cpu(s): 22.2 us,  5.9 sy,  0.0 ni, 70.9 id,  0.0 wa,  0.0 hi,  0.8 si,  0.1 st
%Cpu(s): 22.6 us,  7.2 sy,  0.0 ni, 69.2 id,  0.0 wa,  0.0 hi,  1.0 si,  0.0 st
%Cpu(s): 45.6 us,  7.6 sy,  0.0 ni, 45.1 id,  0.0 wa,  0.0 hi,  1.6 si,  0.1 st
%Cpu(s): 75.2 us,  7.6 sy,  0.0 ni, 14.9 id,  0.0 wa,  0.0 hi,  2.3 si,  0.0 st
%Cpu(s): 66.2 us,  6.9 sy,  0.0 ni, 25.7 id,  0.0 wa,  0.0 hi,  1.3 si,  0.0 st
%Cpu(s): 33.4 us,  6.8 sy,  0.0 ni, 58.7 id,  0.0 wa,  0.0 hi,  1.1 si,  0.0 st
%Cpu(s): 38.5 us,  6.9 sy,  0.0 ni, 52.0 id,  0.0 wa,  0.0 hi,  2.5 si,  0.1 st
%Cpu(s): 21.3 us,  6.8 sy,  0.0 ni, 70.2 id,  0.0 wa,  0.0 hi,  1.2 si,  0.5 st
%Cpu(s): 15.5 us,  8.9 sy,  0.0 ni, 75.0 id,  0.0 wa,  0.0 hi,  0.5 si,  0.1 st
%Cpu(s): 14.9 us,  7.7 sy,  0.0 ni, 76.6 id,  0.0 wa,  0.0 hi,  0.9 si,  0.0 st
%Cpu(s): 16.5 us,  6.3 sy,  0.0 ni, 76.6 id,  0.0 wa,  0.0 hi,  0.6 si,  0.0 st
%Cpu(s): 16.5 us,  6.6 sy,  0.0 ni, 76.1 id,  0.0 wa,  0.0 hi,  0.8 si,  0.0 st
%Cpu(s): 18.3 us,  6.7 sy,  0.0 ni, 74.5 id,  0.0 wa,  0.0 hi,  0.4 si,  0.1 st
%Cpu(s): 14.7 us,  5.7 sy,  0.0 ni, 79.0 id,  0.0 wa,  0.0 hi,  0.6 si,  0.0 st
%Cpu(s): 15.9 us,  7.0 sy,  0.0 ni, 76.4 id,  0.0 wa,  0.0 hi,  0.5 si,  0.1 st
%Cpu(s): 15.5 us,  7.2 sy,  0.0 ni, 76.6 id,  0.0 wa,  0.0 hi,  0.8 si,  0.0 st
%Cpu(s): 18.2 us,  7.3 sy,  0.0 ni, 73.5 id,  0.0 wa,  0.0 hi,  0.8 si,  0.1 st
%Cpu(s): 16.5 us,  6.8 sy,  0.0 ni, 75.9 id,  0.0 wa,  0.0 hi,  0.8 si,  0.1 st
%Cpu(s): 15.7 us,  6.7 sy,  0.0 ni, 77.0 id,  0.0 wa,  0.0 hi,  0.5 si,  0.1 st
%Cpu(s): 15.3 us,  7.0 sy,  0.0 ni, 76.5 id,  0.0 wa,  0.0 hi,  1.0 si,  0.1 st
%Cpu(s): 17.1 us,  7.6 sy,  0.0 ni, 74.5 id,  0.0 wa,  0.0 hi,  0.8 si,  0.0 st
%Cpu(s): 14.4 us,  6.9 sy,  0.0 ni, 77.9 id,  0.0 wa,  0.0 hi,  0.8 si,  0.0 st
%Cpu(s): 15.5 us,  6.7 sy,  0.0 ni, 77.3 id,  0.0 wa,  0.0 hi,  0.4 si,  0.1 st
%Cpu(s): 15.7 us,  6.2 sy,  0.0 ni, 77.5 id,  0.1 wa,  0.0 hi,  0.5 si,  0.0 st
%Cpu(s): 15.4 us,  6.5 sy,  0.0 ni, 77.3 id,  0.0 wa,  0.0 hi,  0.6 si,  0.1 st
%Cpu(s): 12.7 us,  6.4 sy,  0.0 ni, 80.3 id,  0.0 wa,  0.0 hi,  0.5 si,  0.0 st
%Cpu(s): 16.1 us,  6.1 sy,  0.0 ni, 76.8 id,  0.0 wa,  0.0 hi,  0.9 si,  0.1 st
%Cpu(s): 14.9 us,  7.1 sy,  0.0 ni, 77.3 id,  0.0 wa,  0.0 hi,  0.8 si,  0.0 st
%Cpu(s): 39.2 us,  6.4 sy,  0.0 ni, 53.1 id,  0.0 wa,  0.0 hi,  1.3 si,  0.0 st
%Cpu(s): 87.2 us,  8.2 sy,  0.0 ni,  3.0 id,  0.0 wa,  0.0 hi,  1.6 si,  0.0 st
%Cpu(s): 87.0 us,  8.7 sy,  0.0 ni,  2.0 id,  0.0 wa,  0.0 hi,  2.2 si,  0.0 st
%Cpu(s): 51.8 us,  7.7 sy,  0.0 ni, 39.0 id,  0.0 wa,  0.0 hi,  1.4 si,  0.1 st
%Cpu(s): 33.3 us,  7.6 sy,  0.0 ni, 57.7 id,  0.0 wa,  0.0 hi,  1.2 si,  0.3 st
%Cpu(s): 17.1 us,  8.3 sy,  0.0 ni, 74.2 id,  0.0 wa,  0.0 hi,  0.4 si,  0.0 st
%Cpu(s): 18.0 us,  8.3 sy,  0.0 ni, 73.0 id,  0.0 wa,  0.0 hi,  0.8 si,  0.0 st
%Cpu(s): 18.4 us,  7.3 sy,  0.0 ni, 73.6 id,  0.0 wa,  0.0 hi,  0.5 si,  0.1 st
%Cpu(s): 15.8 us,  8.0 sy,  0.0 ni, 75.7 id,  0.0 wa,  0.0 hi,  0.4 si,  0.1 st
%Cpu(s): 17.9 us,  7.1 sy,  0.0 ni, 74.2 id,  0.0 wa,  0.0 hi,  0.6 si,  0.1 st
%Cpu(s): 17.0 us,  6.8 sy,  0.0 ni, 75.3 id,  0.0 wa,  0.0 hi,  0.9 si,  0.0 st
%Cpu(s): 18.4 us,  7.7 sy,  0.0 ni, 73.2 id,  0.0 wa,  0.0 hi,  0.5 si,  0.1 st
%Cpu(s): 17.4 us,  6.6 sy,  0.0 ni, 75.1 id,  0.0 wa,  0.0 hi,  0.8 si,  0.1 st
%Cpu(s): 18.7 us,  8.0 sy,  0.0 ni, 72.2 id,  0.0 wa,  0.0 hi,  1.0 si,  0.1 st
%Cpu(s): 38.5 us,  7.4 sy,  0.0 ni, 53.1 id,  0.0 wa,  0.0 hi,  1.0 si,  0.0 st
%Cpu(s): 24.4 us,  7.2 sy,  0.0 ni, 67.1 id,  0.0 wa,  0.0 hi,  1.3 si,  0.0 st
%Cpu(s): 25.9 us,  5.9 sy,  0.0 ni, 66.6 id,  0.0 wa,  0.0 hi,  1.4 si,  0.1 st
%Cpu(s): 17.5 us,  2.9 sy,  0.0 ni, 79.0 id,  0.0 wa,  0.0 hi,  0.5 si,  0.0 st
%Cpu(s):  3.7 us,  1.3 sy,  0.0 ni, 95.0 id,  0.0 wa,  0.0 hi,  0.1 si,  0.0 st
%Cpu(s):  2.8 us,  1.1 sy,  0.0 ni, 96.0 id,  0.0 wa,  0.0 hi,  0.0 si,  0.1 st
