%Cpu(s):  2.8 us,  1.8 sy,  0.0 ni, 95.1 id,  0.0 wa,  0.0 hi,  0.2 si,  0.0 st
%Cpu(s):  0.2 us,  0.2 sy,  0.0 ni, 99.5 id,  0.0 wa,  0.0 hi,  0.0 si,  0.0 st
%Cpu(s):  0.4 us,  0.1 sy,  0.0 ni, 99.5 id,  0.0 wa,  0.0 hi,  0.0 si,  0.0 st
%Cpu(s):  0.2 us,  0.1 sy,  0.0 ni, 99.5 id,  0.1 wa,  0.0 hi,  0.0 si,  0.0 st
%Cpu(s):  5.6 us,  0.5 sy,  0.0 ni, 93.8 id,  0.0 wa,  0.0 hi,  0.1 si,  0.0 st
%Cpu(s): 36.5 us,  4.4 sy,  0.0 ni, 58.4 id,  0.0 wa,  0.0 hi,  0.6 si,  0.1 st
%Cpu(s): 32.8 us,  4.3 sy,  0.0 ni, 61.8 id,  0.0 wa,  0.0 hi,  1.1 si,  0.0 st
%Cpu(s): 34.1 us,  3.8 sy,  0.0 ni, 61.6 id,  0.0 wa,  0.0 hi,  0.4 si,  0.1 st
%Cpu(s): 13.7 us,  4.7 sy,  0.0 ni, 81.3 id,  0.0 wa,  0.0 hi,  0.4 si,  0.0 st
%Cpu(s):  8.7 us,  4.5 sy,  0.0 ni, 85.7 id,  0.0 wa,  0.0 hi,  1.1 si,  0.0 st
%Cpu(s):  7.0 us,  5.3 sy,  0.0 ni, 87.2 id,  0.0 wa,  0.0 hi,  0.5 si,  0.0 st
%Cpu(s):  7.2 us,  5.6 sy,  0.0 ni, 86.6 id,  0.0 wa,  0.0 hi,  0.4 si,  0.1 st
%Cpu(s):  7.6 us,  4.0 sy,  0.0 ni, 88.0 id,  0.0 wa,  0.0 hi,  0.2 si,  0.1 st
%Cpu(s):  5.3 us,  3.8 sy,  0.0 ni, 90.6 id,  0.0 wa,  0.0 hi,  0.4 si,  0.0 st
%Cpu(s):  6.3 us,  3.5 sy,  0.0 ni, 89.8 id,  0.0 wa,  0.0 hi,  0.4 si,  0.0 st
%Cpu(s): 17.7 us,  5.3 sy,  0.0 ni, 76.3 id,  0.0 wa,  0.0 hi,  0.8 si,  0.0 st
%Cpu(s): 15.5 us,  6.0 sy,  0.0 ni, 78.0 id,  0.0 wa,  0.0 hi,  0.5 si,  0.0 st
%Cpu(s): 22.8 us,  5.9 sy,  0.0 ni, 70.8 id,  0.0 wa,  0.0 hi,  0.5 si,  0.0 st
%Cpu(s): 10.3 us,  5.7 sy,  0.0 ni, 83.5 id,  0.0 wa,  0.0 hi,  0.5 si,  0.0 st
%Cpu(s):  9.6 us,  7.0 sy,  0.0 ni, 82.3 id,  0.0 wa,  0.0 hi,  1.1 si,  0.0 st
%Cpu(s): 12.1 us,  6.4 sy,  0.0 ni, 80.2 id,  0.0 wa,  0.0 hi,  1.3 si,  0.0 st
%Cpu(s):  9.9 us,  8.0 sy,  0.0 ni, 80.4 id,  0.0 wa,  0.0 hi,  1.8 si,  0.0 st
%Cpu(s): 10.1 us,  8.8 sy,  0.0 ni, 79.8 id,  0.0 wa,  0.0 hi,  1.4 si,  0.0 st
%Cpu(s): 10.8 us,  7.4 sy,  0.0 ni, 80.4 id,  0.0 wa,  0.0 hi,  1.4 si,  0.0 st
%Cpu(s): 10.3 us,  6.3 sy,  0.0 ni, 81.9 id,  0.0 wa,  0.0 hi,  1.5 si,  0.0 st
%Cpu(s): 10.0 us,  6.6 sy,  0.0 ni, 81.8 id,  0.0 wa,  0.0 hi,  1.6 si,  0.0 st
%Cpu(s):  9.1 us,  7.5 sy,  0.0 ni, 82.1 id,  0.0 wa,  0.0 hi,  1.3 si,  0.0 st
%Cpu(s):  9.8 us,  8.8 sy,  0.0 ni, 80.0 id,  0.1 wa,  0.0 hi,  1.3 si,  0.0 st
%Cpu(s): 10.3 us,  7.7 sy,  0.0 ni, 80.3 id,  0.0 wa,  0.0 hi,  1.6 si,  0.0 st
%Cpu(s):  9.8 us,  6.8 sy,  0.0 ni, 81.8 id,  0.0 wa,  0.0 hi,  1.5 si,  0.0 st
%Cpu(s):  9.0 us,  7.3 sy,  0.0 ni, 82.0 id,  0.0 wa,  0.0 hi,  1.5 si,  0.1 st
%Cpu(s):  8.6 us,  7.4 sy,  0.0 ni, 82.2 id,  0.0 wa,  0.0 hi,  1.8 si,  0.0 st
%Cpu(s):  9.7 us,  7.1 sy,  0.0 ni, 82.3 id,  0.0 wa,  0.0 hi,  0.9 si,  0.0 st
%Cpu(s):  8.6 us,  7.6 sy,  0.0 ni, 82.1 id,  0.0 wa,  0.0 hi,  1.7 si,  0.0 st
%Cpu(s): 10.7 us,  7.4 sy,  0.0 ni, 80.9 id,  0.0 wa,  0.0 hi,  1.0 si,  0.0 st
%Cpu(s):  8.8 us,  7.5 sy,  0.0 ni, 82.5 id,  0.0 wa,  0.0 hi,  1.3 si,  0.0 st
%Cpu(s):  8.7 us,  6.5 sy,  0.0 ni, 83.0 id,  0.0 wa,  0.0 hi,  1.8 si,  0.0 st
%Cpu(s):  9.2 us,  7.9 sy,  0.0 ni, 81.0 id,  0.1 wa,  0.0 hi,  1.8 si,  0.0 st
%Cpu(s):  9.3 us,  6.9 sy,  0.0 ni, 82.3 id,  0.0 wa,  0.0 hi,  1.5 si,  0.0 st
%Cpu(s):  7.9 us,  8.2 sy,  0.0 ni, 83.0 id,  0.0 wa,  0.0 hi,  0.9 si,  0.0 st
%Cpu(s):  9.6 us,  6.7 sy,  0.0 ni, 82.4 id,  0.0 wa,  0.0 hi,  1.4 si,  0.0 st
%Cpu(s):  8.4 us,  7.5 sy,  0.0 ni, 82.7 id,  0.0 wa,  0.0 hi,  1.4 si,  0.0 st
%Cpu(s):  8.8 us,  7.7 sy,  0.0 ni, 82.2 id,  0.0 wa,  0.0 hi,  1.3 si,  0.0 st
%Cpu(s):  9.0 us,  7.6 sy,  0.0 ni, 81.8 id,  0.0 wa,  0.0 hi,  1.5 si,  0.0 st
%Cpu(s):  9.5 us,  8.2 sy,  0.0 ni, 81.2 id,  0.0 wa,  0.0 hi,  1.1 si,  0.0 st
%Cpu(s): 18.2 us,  8.2 sy,  0.0 ni, 72.2 id,  0.0 wa,  0.0 hi,  1.4 si,  0.0 st
%Cpu(s): 13.5 us,  8.2 sy,  0.0 ni, 76.5 id,  0.0 wa,  0.0 hi,  1.7 si,  0.0 st
%Cpu(s):  9.6 us,  8.3 sy,  0.0 ni, 80.7 id,  0.0 wa,  0.0 hi,  1.4 si,  0.0 st
%Cpu(s): 14.7 us,  9.0 sy,  0.0 ni, 74.9 id,  0.0 wa,  0.0 hi,  1.4 si,  0.1 st
%Cpu(s): 11.8 us,  7.9 sy,  0.0 ni, 78.7 id,  0.0 wa,  0.0 hi,  1.6 si,  0.0 st
%Cpu(s):  9.4 us,  6.9 sy,  0.0 ni, 81.5 id,  0.0 wa,  0.0 hi,  2.2 si,  0.0 st
%Cpu(s): 11.0 us,  7.6 sy,  0.0 ni, 79.3 id,  0.0 wa,  0.0 hi,  2.1 si,  0.0 st
%Cpu(s):  9.7 us,  7.3 sy,  0.0 ni, 81.6 id,  0.0 wa,  0.0 hi,  1.4 si,  0.0 st
%Cpu(s):  9.2 us,  8.2 sy,  0.0 ni, 81.2 id,  0.0 wa,  0.0 hi,  1.4 si,  0.0 st
%Cpu(s): 10.1 us,  7.4 sy,  0.0 ni, 81.0 id,  0.0 wa,  0.0 hi,  1.5 si,  0.0 st
%Cpu(s):  9.1 us,  7.6 sy,  0.0 ni, 81.9 id,  0.0 wa,  0.0 hi,  1.4 si,  0.0 st
%Cpu(s): 10.7 us,  7.5 sy,  0.0 ni, 80.1 id,  0.0 wa,  0.0 hi,  1.7 si,  0.0 st
%Cpu(s): 11.1 us,  8.0 sy,  0.0 ni, 79.0 id,  0.0 wa,  0.0 hi,  1.9 si,  0.0 st
%Cpu(s):  9.2 us,  6.9 sy,  0.0 ni, 82.3 id,  0.0 wa,  0.0 hi,  1.7 si,  0.0 st
%Cpu(s):  8.0 us,  7.7 sy,  0.0 ni, 82.7 id,  0.0 wa,  0.0 hi,  1.7 si,  0.0 st
%Cpu(s):  9.4 us,  7.8 sy,  0.0 ni, 82.5 id,  0.0 wa,  0.0 hi,  0.3 si,  0.0 st
%Cpu(s):  9.0 us,  7.9 sy,  0.0 ni, 82.9 id,  0.0 wa,  0.0 hi,  0.1 si,  0.0 st
%Cpu(s): 10.6 us,  8.3 sy,  0.0 ni, 81.0 id,  0.0 wa,  0.0 hi,  0.1 si,  0.0 st
%Cpu(s):  9.7 us,  8.2 sy,  0.0 ni, 81.7 id,  0.0 wa,  0.0 hi,  0.3 si,  0.1 st
%Cpu(s): 10.1 us,  8.5 sy,  0.0 ni, 81.2 id,  0.0 wa,  0.0 hi,  0.3 si,  0.0 st
%Cpu(s):  9.2 us,  8.0 sy,  0.0 ni, 82.5 id,  0.0 wa,  0.0 hi,  0.3 si,  0.0 st
%Cpu(s): 10.2 us,  8.3 sy,  0.0 ni, 81.4 id,  0.0 wa,  0.0 hi,  0.1 si,  0.0 st
%Cpu(s):  9.0 us,  8.4 sy,  0.0 ni, 82.0 id,  0.0 wa,  0.0 hi,  0.6 si,  0.0 st
%Cpu(s): 10.1 us,  7.9 sy,  0.0 ni, 81.7 id,  0.0 wa,  0.0 hi,  0.4 si,  0.0 st
%Cpu(s):  9.1 us,  6.0 sy,  0.0 ni, 84.6 id,  0.0 wa,  0.0 hi,  0.3 si,  0.0 st
%Cpu(s):  6.6 us,  5.7 sy,  0.0 ni, 87.5 id,  0.0 wa,  0.0 hi,  0.1 si,  0.0 st
%Cpu(s):  6.7 us,  6.3 sy,  0.0 ni, 86.9 id,  0.0 wa,  0.0 hi,  0.1 si,  0.0 st
%Cpu(s):  6.7 us,  6.2 sy,  0.0 ni, 86.8 id,  0.1 wa,  0.0 hi,  0.1 si,  0.0 st
%Cpu(s):  6.7 us,  5.5 sy,  0.0 ni, 87.7 id,  0.0 wa,  0.0 hi,  0.1 si,  0.0 st
%Cpu(s):  7.6 us,  5.0 sy,  0.0 ni, 86.1 id,  0.0 wa,  0.0 hi,  1.3 si,  0.0 st
%Cpu(s):  6.4 us,  6.7 sy,  0.0 ni, 85.5 id,  0.0 wa,  0.0 hi,  1.4 si,  0.0 st
%Cpu(s):  6.5 us,  4.7 sy,  0.0 ni, 86.8 id,  0.0 wa,  0.0 hi,  2.0 si,  0.0 st
%Cpu(s):  5.8 us,  3.3 sy,  0.0 ni, 89.8 id,  0.0 wa,  0.0 hi,  1.1 si,  0.0 st
%Cpu(s):  6.2 us,  5.8 sy,  0.0 ni, 86.9 id,  0.0 wa,  0.0 hi,  1.1 si,  0.0 st
%Cpu(s):  5.2 us,  5.3 sy,  0.0 ni, 89.3 id,  0.0 wa,  0.0 hi,  0.1 si,  0.0 st
%Cpu(s):  5.7 us,  4.5 sy,  0.0 ni, 89.7 id,  0.0 wa,  0.0 hi,  0.1 si,  0.0 st
%Cpu(s):  4.8 us,  3.3 sy,  0.0 ni, 91.9 id,  0.0 wa,  0.0 hi,  0.1 si,  0.0 st
%Cpu(s):  2.7 us,  2.9 sy,  0.0 ni, 94.2 id,  0.0 wa,  0.0 hi,  0.0 si,  0.3 st
%Cpu(s):  2.9 us,  2.0 sy,  0.0 ni, 95.0 id,  0.0 wa,  0.0 hi,  0.0 si,  0.1 st
%Cpu(s):  2.1 us,  1.0 sy,  0.0 ni, 96.8 id,  0.0 wa,  0.0 hi,  0.0 si,  0.1 st
%Cpu(s):  1.9 us,  1.2 sy,  0.0 ni, 96.8 id,  0.0 wa,  0.0 hi,  0.0 si,  0.1 st
%Cpu(s):  1.2 us,  1.0 sy,  0.0 ni, 97.5 id,  0.0 wa,  0.0 hi,  0.0 si,  0.2 st
%Cpu(s):  0.1 us,  0.1 sy,  0.0 ni, 99.8 id,  0.0 wa,  0.0 hi,  0.0 si,  0.0 st
%Cpu(s):  0.1 us,  0.1 sy,  0.0 ni, 99.8 id,  0.0 wa,  0.0 hi,  0.0 si,  0.0 st
%Cpu(s):  0.2 us,  0.1 sy,  0.0 ni, 99.6 id,  0.0 wa,  0.0 hi,  0.0 si,  0.0 st
%Cpu(s):  1.0 us,  0.5 sy,  0.0 ni, 98.5 id,  0.0 wa,  0.0 hi,  0.0 si,  0.0 st
