%Cpu(s):  1.7 us,  0.7 sy,  0.0 ni, 97.4 id,  0.0 wa,  0.0 hi,  0.1 si,  0.1 st
%Cpu(s): 19.2 us,  0.7 sy,  0.0 ni, 80.0 id,  0.0 wa,  0.0 hi,  0.0 si,  0.0 st
%Cpu(s):  0.7 us,  0.2 sy,  0.0 ni, 99.0 id,  0.0 wa,  0.0 hi,  0.0 si,  0.0 st
%Cpu(s):  0.1 us,  0.1 sy,  0.0 ni, 99.8 id,  0.0 wa,  0.0 hi,  0.0 si,  0.0 st
%Cpu(s): 33.7 us,  2.5 sy,  0.0 ni, 63.6 id,  0.0 wa,  0.0 hi,  0.1 si,  0.1 st
%Cpu(s): 51.5 us,  1.9 sy,  0.0 ni, 46.4 id,  0.0 wa,  0.0 hi,  0.0 si,  0.2 st
%Cpu(s): 68.4 us,  2.6 sy,  0.0 ni, 28.9 id,  0.0 wa,  0.0 hi,  0.1 si,  0.0 st
%Cpu(s): 47.9 us,  1.2 sy,  0.0 ni, 50.9 id,  0.0 wa,  0.0 hi,  0.0 si,  0.0 st
%Cpu(s):  9.7 us,  0.9 sy,  0.0 ni, 89.3 id,  0.0 wa,  0.0 hi,  0.0 si,  0.1 st
%Cpu(s):  1.9 us,  1.0 sy,  0.0 ni, 96.6 id,  0.1 wa,  0.0 hi,  0.1 si,  0.2 st
%Cpu(s):  2.1 us,  0.6 sy,  0.0 ni, 97.1 id,  0.0 wa,  0.0 hi,  0.0 si,  0.1 st
%Cpu(s):  2.2 us,  1.0 sy,  0.0 ni, 96.5 id,  0.0 wa,  0.0 hi,  0.0 si,  0.2 st
%Cpu(s):  2.4 us,  1.4 sy,  0.0 ni, 96.0 id,  0.0 wa,  0.0 hi,  0.0 si,  0.2 st
%Cpu(s):  2.6 us,  1.4 sy,  0.0 ni, 95.9 id,  0.0 wa,  0.0 hi,  0.0 si,  0.1 st
%Cpu(s):  2.5 us,  1.1 sy,  0.0 ni, 96.2 id,  0.0 wa,  0.0 hi,  0.0 si,  0.1 st
%Cpu(s):  5.2 us,  1.3 sy,  0.0 ni, 93.3 id,  0.0 wa,  0.0 hi,  0.0 si,  0.3 st
%Cpu(s):  9.7 us,  1.3 sy,  0.0 ni, 88.9 id,  0.0 wa,  0.0 hi,  0.1 si,  0.0 st
%Cpu(s): 10.7 us,  2.4 sy,  0.0 ni, 86.6 id,  0.0 wa,  0.0 hi,  0.1 si,  0.3 st
%Cpu(s): 54.1 us,  6.8 sy,  0.0 ni, 37.7 id,  0.0 wa,  0.0 hi,  1.4 si,  0.0 st
%Cpu(s): 54.7 us,  7.8 sy,  0.0 ni, 34.8 id,  0.0 wa,  0.0 hi,  2.8 si,  0.0 st
%Cpu(s): 34.7 us,  6.1 sy,  0.0 ni, 57.3 id,  0.0 wa,  0.0 hi,  1.9 si,  0.0 st
%Cpu(s): 15.5 us,  5.2 sy,  0.0 ni, 77.8 id,  0.0 wa,  0.0 hi,  1.5 si,  0.0 st
%Cpu(s):  9.3 us,  4.2 sy,  0.0 ni, 84.9 id,  0.0 wa,  0.0 hi,  1.4 si,  0.1 st
%Cpu(s): 10.4 us,  6.1 sy,  0.0 ni, 81.7 id,  0.8 wa,  0.0 hi,  1.0 si,  0.0 st
%Cpu(s): 13.8 us,  5.1 sy,  0.0 ni, 79.6 id,  0.0 wa,  0.0 hi,  1.4 si,  0.1 st
%Cpu(s): 19.7 us,  5.2 sy,  0.0 ni, 73.4 id,  0.0 wa,  0.0 hi,  1.7 si,  0.0 st
%Cpu(s):  7.8 us,  5.6 sy,  0.0 ni, 85.1 id,  0.0 wa,  0.0 hi,  1.4 si,  0.0 st
%Cpu(s):  9.9 us,  6.0 sy,  0.0 ni, 82.1 id,  0.0 wa,  0.0 hi,  2.0 si,  0.0 st
%Cpu(s):  8.7 us,  5.2 sy,  0.0 ni, 83.8 id,  0.0 wa,  0.0 hi,  2.3 si,  0.0 st
%Cpu(s): 15.4 us,  4.7 sy,  0.0 ni, 78.4 id,  0.0 wa,  0.0 hi,  1.4 si,  0.1 st
%Cpu(s): 18.1 us,  6.0 sy,  0.0 ni, 73.9 id,  0.0 wa,  0.0 hi,  1.9 si,  0.1 st
%Cpu(s):  7.5 us,  4.6 sy,  0.0 ni, 85.9 id,  0.0 wa,  0.0 hi,  2.0 si,  0.0 st
%Cpu(s):  8.4 us,  5.9 sy,  0.0 ni, 84.2 id,  0.0 wa,  0.0 hi,  1.5 si,  0.0 st
%Cpu(s):  8.8 us,  5.4 sy,  0.0 ni, 83.3 id,  0.0 wa,  0.0 hi,  2.5 si,  0.0 st
%Cpu(s): 21.2 us,  5.6 sy,  0.0 ni, 71.2 id,  0.0 wa,  0.0 hi,  2.0 si,  0.0 st
%Cpu(s): 13.0 us,  5.4 sy,  0.0 ni, 79.4 id,  0.0 wa,  0.0 hi,  2.0 si,  0.1 st
%Cpu(s):  7.8 us,  6.0 sy,  0.0 ni, 84.9 id,  0.0 wa,  0.0 hi,  1.3 si,  0.0 st
%Cpu(s):  9.5 us,  5.3 sy,  0.0 ni, 83.2 id,  0.0 wa,  0.0 hi,  1.9 si,  0.0 st
%Cpu(s): 12.6 us,  5.7 sy,  0.0 ni, 79.6 id,  0.0 wa,  0.0 hi,  2.1 si,  0.0 st
%Cpu(s): 20.8 us,  5.7 sy,  0.0 ni, 71.4 id,  0.0 wa,  0.0 hi,  2.0 si,  0.0 st
%Cpu(s):  9.1 us,  6.2 sy,  0.0 ni, 82.8 id,  0.0 wa,  0.0 hi,  1.9 si,  0.0 st
%Cpu(s):  8.8 us,  5.2 sy,  0.0 ni, 84.2 id,  0.0 wa,  0.0 hi,  1.8 si,  0.0 st
%Cpu(s):  8.5 us,  5.8 sy,  0.0 ni, 83.6 id,  0.0 wa,  0.0 hi,  2.2 si,  0.0 st
%Cpu(s): 15.5 us,  5.9 sy,  0.0 ni, 76.6 id,  0.0 wa,  0.0 hi,  1.9 si,  0.1 st
%Cpu(s): 17.0 us,  7.0 sy,  0.0 ni, 74.2 id,  0.0 wa,  0.0 hi,  1.8 si,  0.0 st
%Cpu(s):  7.8 us,  5.8 sy,  0.0 ni, 85.0 id,  0.0 wa,  0.0 hi,  1.1 si,  0.3 st
%Cpu(s):  8.9 us,  4.7 sy,  0.0 ni, 84.6 id,  0.0 wa,  0.0 hi,  1.8 si,  0.0 st
%Cpu(s):  8.6 us,  5.7 sy,  0.0 ni, 84.1 id,  0.0 wa,  0.0 hi,  1.6 si,  0.0 st
%Cpu(s): 19.8 us,  6.5 sy,  0.0 ni, 69.9 id,  1.8 wa,  0.0 hi,  1.9 si,  0.1 st
%Cpu(s): 15.8 us,  5.4 sy,  0.0 ni, 77.1 id,  0.0 wa,  0.0 hi,  1.8 si,  0.0 st
%Cpu(s):  8.1 us,  5.1 sy,  0.0 ni, 85.1 id,  0.0 wa,  0.0 hi,  1.8 si,  0.0 st
%Cpu(s):  7.8 us,  6.5 sy,  0.0 ni, 83.2 id,  0.0 wa,  0.0 hi,  2.5 si,  0.0 st
%Cpu(s):  9.4 us,  5.8 sy,  0.0 ni, 82.9 id,  0.0 wa,  0.0 hi,  1.8 si,  0.1 st
%Cpu(s): 20.6 us,  6.3 sy,  0.0 ni, 70.9 id,  0.0 wa,  0.0 hi,  2.2 si,  0.0 st
%Cpu(s): 13.0 us,  5.9 sy,  0.0 ni, 78.0 id,  0.1 wa,  0.0 hi,  2.9 si,  0.0 st
%Cpu(s):  8.4 us,  5.4 sy,  0.0 ni, 83.4 id,  0.0 wa,  0.0 hi,  2.8 si,  0.0 st
%Cpu(s):  8.5 us,  4.9 sy,  0.0 ni, 84.4 id,  0.0 wa,  0.0 hi,  2.0 si,  0.1 st
%Cpu(s):  8.6 us,  5.6 sy,  0.0 ni, 83.6 id,  0.0 wa,  0.0 hi,  2.1 si,  0.0 st
%Cpu(s): 21.2 us,  5.8 sy,  0.0 ni, 70.9 id,  0.0 wa,  0.0 hi,  2.1 si,  0.0 st
%Cpu(s): 12.1 us,  6.5 sy,  0.0 ni, 79.4 id,  0.0 wa,  0.0 hi,  2.1 si,  0.0 st
%Cpu(s):  8.8 us,  5.1 sy,  0.0 ni, 83.8 id,  0.0 wa,  0.0 hi,  2.1 si,  0.1 st
%Cpu(s):  8.2 us,  6.3 sy,  0.0 ni, 82.7 id,  0.0 wa,  0.0 hi,  2.8 si,  0.0 st
%Cpu(s): 12.4 us,  4.7 sy,  0.0 ni, 79.8 id,  0.0 wa,  0.0 hi,  3.1 si,  0.0 st
%Cpu(s): 20.7 us,  5.5 sy,  0.0 ni, 70.7 id,  0.0 wa,  0.0 hi,  3.1 si,  0.0 st
%Cpu(s):  8.8 us,  6.2 sy,  0.0 ni, 82.4 id,  0.0 wa,  0.0 hi,  2.5 si,  0.0 st
%Cpu(s):  8.1 us,  5.8 sy,  0.0 ni, 83.8 id,  0.0 wa,  0.0 hi,  2.4 si,  0.0 st
%Cpu(s):  7.5 us,  5.2 sy,  0.0 ni, 84.7 id,  0.0 wa,  0.0 hi,  2.7 si,  0.0 st
%Cpu(s): 15.7 us,  6.4 sy,  0.0 ni, 75.3 id,  0.0 wa,  0.0 hi,  2.3 si,  0.3 st
%Cpu(s): 17.1 us,  7.2 sy,  0.0 ni, 73.8 id,  0.0 wa,  0.0 hi,  2.0 si,  0.0 st
%Cpu(s):  8.2 us,  5.7 sy,  0.0 ni, 83.7 id,  0.0 wa,  0.0 hi,  2.4 si,  0.0 st
%Cpu(s):  8.3 us,  5.8 sy,  0.0 ni, 84.3 id,  0.0 wa,  0.0 hi,  1.5 si,  0.0 st
%Cpu(s): 10.5 us,  6.0 sy,  0.0 ni, 81.9 id,  0.0 wa,  0.0 hi,  1.6 si,  0.0 st
%Cpu(s): 19.2 us,  8.1 sy,  0.0 ni, 69.8 id,  0.0 wa,  0.0 hi,  2.8 si,  0.1 st
%Cpu(s): 14.1 us,  4.8 sy,  0.0 ni, 79.7 id,  0.0 wa,  0.0 hi,  1.4 si,  0.0 st
%Cpu(s): 12.1 us,  5.5 sy,  0.0 ni, 81.0 id,  0.0 wa,  0.0 hi,  1.4 si,  0.0 st
%Cpu(s):  8.7 us,  6.5 sy,  0.0 ni, 83.3 id,  0.0 wa,  0.0 hi,  1.5 si,  0.0 st
%Cpu(s): 14.6 us,  6.2 sy,  0.0 ni, 77.7 id,  0.0 wa,  0.0 hi,  1.5 si,  0.0 st
%Cpu(s): 21.9 us,  5.6 sy,  0.0 ni, 71.3 id,  0.0 wa,  0.0 hi,  1.3 si,  0.0 st
%Cpu(s): 14.5 us,  5.4 sy,  0.0 ni, 77.8 id,  0.6 wa,  0.0 hi,  1.6 si,  0.0 st
