%Cpu(s):  1.8 us,  0.7 sy,  0.0 ni, 97.3 id,  0.0 wa,  0.0 hi,  0.1 si,  0.0 st
%Cpu(s): 33.9 us,  0.9 sy,  0.0 ni, 65.2 id,  0.0 wa,  0.0 hi,  0.0 si,  0.0 st
%Cpu(s):  0.6 us,  0.1 sy,  0.0 ni, 99.3 id,  0.0 wa,  0.0 hi,  0.0 si,  0.0 st
%Cpu(s):  0.2 us,  0.1 sy,  0.0 ni, 99.6 id,  0.0 wa,  0.0 hi,  0.0 si,  0.0 st
%Cpu(s):  7.4 us,  1.1 sy,  0.0 ni, 91.2 id,  0.1 wa,  0.0 hi,  0.0 si,  0.1 st
%Cpu(s): 58.6 us,  2.7 sy,  0.0 ni, 38.4 id,  0.0 wa,  0.0 hi,  0.1 si,  0.1 st
%Cpu(s): 62.6 us,  1.9 sy,  0.0 ni, 35.4 id,  0.0 wa,  0.0 hi,  0.1 si,  0.0 st
%Cpu(s): 77.3 us,  1.9 sy,  0.0 ni, 20.7 id,  0.0 wa,  0.0 hi,  0.1 si,  0.0 st
%Cpu(s): 10.6 us,  0.5 sy,  0.0 ni, 88.7 id,  0.0 wa,  0.0 hi,  0.1 si,  0.1 st
%Cpu(s):  2.7 us,  0.7 sy,  0.0 ni, 96.4 id,  0.1 wa,  0.0 hi,  0.0 si,  0.0 st
%Cpu(s):  2.0 us,  1.6 sy,  0.0 ni, 96.3 id,  0.0 wa,  0.0 hi,  0.0 si,  0.1 st
%Cpu(s):  3.3 us,  1.1 sy,  0.0 ni, 95.4 id,  0.0 wa,  0.0 hi,  0.1 si,  0.0 st
%Cpu(s):  1.6 us,  1.1 sy,  0.0 ni, 97.3 id,  0.0 wa,  0.0 hi,  0.0 si,  0.0 st
%Cpu(s):  1.7 us,  1.7 sy,  0.0 ni, 96.5 id,  0.0 wa,  0.0 hi,  0.0 si,  0.0 st
%Cpu(s):  1.1 us,  1.9 sy,  0.0 ni, 97.0 id,  0.0 wa,  0.0 hi,  0.0 si,  0.0 st
%Cpu(s):  1.9 us,  1.7 sy,  0.0 ni, 96.4 id,  0.0 wa,  0.0 hi,  0.0 si,  0.0 st
%Cpu(s):  4.7 us,  1.7 sy,  0.0 ni, 93.3 id,  0.0 wa,  0.0 hi,  0.1 si,  0.1 st
%Cpu(s):  2.9 us,  1.3 sy,  0.0 ni, 95.7 id,  0.0 wa,  0.0 hi,  0.0 si,  0.1 st
%Cpu(s): 27.2 us,  2.9 sy,  0.0 ni, 69.5 id,  0.0 wa,  0.0 hi,  0.4 si,  0.0 st
%Cpu(s): 56.8 us,  4.6 sy,  0.0 ni, 37.5 id,  0.0 wa,  0.0 hi,  1.1 si,  0.0 st
%Cpu(s): 21.8 us,  3.4 sy,  0.0 ni, 73.6 id,  0.0 wa,  0.0 hi,  1.3 si,  0.0 st
%Cpu(s): 14.6 us,  3.4 sy,  0.0 ni, 81.0 id,  0.0 wa,  0.0 hi,  1.0 si,  0.0 st
%Cpu(s):  8.2 us,  3.4 sy,  0.0 ni, 87.6 id,  0.0 wa,  0.0 hi,  0.8 si,  0.0 st
%Cpu(s):  7.7 us,  3.4 sy,  0.0 ni, 87.1 id,  0.6 wa,  0.0 hi,  1.0 si,  0.1 st
%Cpu(s): 10.6 us,  3.6 sy,  0.0 ni, 84.9 id,  0.1 wa,  0.0 hi,  0.7 si,  0.0 st
%Cpu(s): 19.3 us,  3.0 sy,  0.0 ni, 77.3 id,  0.0 wa,  0.0 hi,  0.4 si,  0.0 st
%Cpu(s): 18.2 us,  4.0 sy,  0.0 ni, 76.3 id,  0.0 wa,  0.0 hi,  1.4 si,  0.1 st
%Cpu(s): 14.3 us,  3.9 sy,  0.0 ni, 80.7 id,  0.0 wa,  0.0 hi,  1.1 si,  0.0 st
%Cpu(s):  7.3 us,  3.3 sy,  0.0 ni, 88.6 id,  0.0 wa,  0.0 hi,  0.9 si,  0.0 st
%Cpu(s):  5.8 us,  3.2 sy,  0.0 ni, 90.1 id,  0.0 wa,  0.0 hi,  0.9 si,  0.0 st
%Cpu(s):  5.8 us,  3.5 sy,  0.0 ni, 90.3 id,  0.0 wa,  0.0 hi,  0.4 si,  0.0 st
%Cpu(s):  5.4 us,  3.5 sy,  0.0 ni, 90.6 id,  0.0 wa,  0.0 hi,  0.5 si,  0.0 st
%Cpu(s):  4.1 us,  2.8 sy,  0.0 ni, 92.7 id,  0.0 wa,  0.0 hi,  0.4 si,  0.0 st
%Cpu(s):  5.4 us,  4.1 sy,  0.0 ni, 90.1 id,  0.0 wa,  0.0 hi,  0.3 si,  0.1 st
%Cpu(s):  5.5 us,  3.9 sy,  0.0 ni, 89.8 id,  0.0 wa,  0.0 hi,  0.6 si,  0.1 st
%Cpu(s):  6.0 us,  3.3 sy,  0.0 ni, 89.9 id,  0.0 wa,  0.0 hi,  0.8 si,  0.0 st
%Cpu(s):  5.2 us,  3.5 sy,  0.0 ni, 90.6 id,  0.0 wa,  0.0 hi,  0.6 si,  0.0 st
%Cpu(s):  6.0 us,  3.3 sy,  0.0 ni, 89.8 id,  0.0 wa,  0.0 hi,  0.9 si,  0.0 st
%Cpu(s):  6.5 us,  3.7 sy,  0.0 ni, 89.0 id,  0.0 wa,  0.0 hi,  0.7 si,  0.0 st
%Cpu(s):  3.9 us,  2.8 sy,  0.0 ni, 92.3 id,  0.0 wa,  0.0 hi,  0.9 si,  0.1 st
%Cpu(s):  5.3 us,  2.8 sy,  0.0 ni, 91.1 id,  0.0 wa,  0.0 hi,  0.9 si,  0.0 st
%Cpu(s):  6.0 us,  3.7 sy,  0.0 ni, 89.4 id,  0.0 wa,  0.0 hi,  0.9 si,  0.0 st
%Cpu(s):  6.5 us,  2.8 sy,  0.0 ni, 90.1 id,  0.0 wa,  0.0 hi,  0.6 si,  0.0 st
%Cpu(s):  5.2 us,  3.3 sy,  0.0 ni, 90.8 id,  0.0 wa,  0.0 hi,  0.6 si,  0.1 st
%Cpu(s):  5.9 us,  4.0 sy,  0.0 ni, 89.1 id,  0.0 wa,  0.0 hi,  1.0 si,  0.0 st
%Cpu(s):  5.7 us,  3.9 sy,  0.0 ni, 89.8 id,  0.0 wa,  0.0 hi,  0.6 si,  0.0 st
%Cpu(s):  9.3 us,  3.9 sy,  0.0 ni, 85.9 id,  0.0 wa,  0.0 hi,  0.9 si,  0.0 st
%Cpu(s): 16.2 us,  4.0 sy,  0.0 ni, 78.9 id,  0.0 wa,  0.0 hi,  0.9 si,  0.0 st
%Cpu(s): 17.5 us,  4.9 sy,  0.0 ni, 75.8 id,  1.1 wa,  0.0 hi,  0.6 si,  0.1 st
%Cpu(s): 10.2 us,  3.8 sy,  0.0 ni, 85.4 id,  0.1 wa,  0.0 hi,  0.5 si,  0.0 st
%Cpu(s):  5.2 us,  3.7 sy,  0.0 ni, 90.3 id,  0.0 wa,  0.0 hi,  0.9 si,  0.0 st
%Cpu(s):  4.9 us,  4.0 sy,  0.0 ni, 90.5 id,  0.0 wa,  0.0 hi,  0.5 si,  0.0 st
%Cpu(s):  4.9 us,  3.5 sy,  0.0 ni, 91.0 id,  0.0 wa,  0.0 hi,  0.6 si,  0.0 st
%Cpu(s):  5.3 us,  2.5 sy,  0.0 ni, 91.6 id,  0.0 wa,  0.0 hi,  0.4 si,  0.1 st
%Cpu(s):  5.7 us,  2.8 sy,  0.0 ni, 90.6 id,  0.0 wa,  0.0 hi,  0.9 si,  0.0 st
%Cpu(s):  5.2 us,  3.8 sy,  0.0 ni, 90.2 id,  0.0 wa,  0.0 hi,  0.8 si,  0.1 st
%Cpu(s):  6.7 us,  4.0 sy,  0.0 ni, 88.7 id,  0.0 wa,  0.0 hi,  0.6 si,  0.0 st
%Cpu(s):  5.1 us,  3.6 sy,  0.0 ni, 90.7 id,  0.0 wa,  0.0 hi,  0.6 si,  0.0 st
%Cpu(s):  6.6 us,  3.2 sy,  0.0 ni, 89.8 id,  0.0 wa,  0.0 hi,  0.5 si,  0.0 st
%Cpu(s):  5.4 us,  2.9 sy,  0.0 ni, 91.2 id,  0.0 wa,  0.0 hi,  0.4 si,  0.1 st
%Cpu(s):  4.9 us,  3.4 sy,  0.0 ni, 91.0 id,  0.0 wa,  0.0 hi,  0.8 si,  0.0 st
%Cpu(s):  6.1 us,  3.1 sy,  0.0 ni, 90.5 id,  0.0 wa,  0.0 hi,  0.2 si,  0.0 st
%Cpu(s):  4.5 us,  4.0 sy,  0.0 ni, 90.6 id,  0.0 wa,  0.0 hi,  0.9 si,  0.0 st
%Cpu(s):  4.9 us,  3.5 sy,  0.0 ni, 90.9 id,  0.0 wa,  0.0 hi,  0.6 si,  0.0 st
%Cpu(s):  5.6 us,  3.9 sy,  0.0 ni, 89.7 id,  0.0 wa,  0.0 hi,  0.9 si,  0.0 st
%Cpu(s):  6.3 us,  4.4 sy,  0.0 ni, 88.3 id,  0.0 wa,  0.0 hi,  0.9 si,  0.1 st
%Cpu(s):  5.0 us,  3.6 sy,  0.0 ni, 90.4 id,  0.0 wa,  0.0 hi,  1.0 si,  0.0 st
%Cpu(s):  4.3 us,  2.8 sy,  0.0 ni, 92.2 id,  0.0 wa,  0.0 hi,  0.6 si,  0.0 st
%Cpu(s):  4.0 us,  3.0 sy,  0.0 ni, 92.5 id,  0.0 wa,  0.0 hi,  0.5 si,  0.0 st
%Cpu(s):  4.4 us,  3.0 sy,  0.0 ni, 92.0 id,  0.0 wa,  0.0 hi,  0.6 si,  0.0 st
%Cpu(s):  5.0 us,  4.2 sy,  0.0 ni, 89.9 id,  0.0 wa,  0.0 hi,  0.7 si,  0.1 st
%Cpu(s):  3.8 us,  2.7 sy,  0.0 ni, 92.8 id,  0.0 wa,  0.0 hi,  0.6 si,  0.0 st
%Cpu(s):  1.5 us,  1.4 sy,  0.0 ni, 96.9 id,  0.0 wa,  0.0 hi,  0.3 si,  0.0 st
%Cpu(s):  0.8 us,  0.6 sy,  0.0 ni, 98.6 id,  0.0 wa,  0.0 hi,  0.0 si,  0.0 st
%Cpu(s):  1.0 us,  0.6 sy,  0.0 ni, 98.2 id,  0.1 wa,  0.0 hi,  0.0 si,  0.0 st
%Cpu(s):  0.5 us,  1.2 sy,  0.0 ni, 98.1 id,  0.0 wa,  0.0 hi,  0.0 si,  0.1 st
%Cpu(s):  0.6 us,  1.6 sy,  0.0 ni, 97.8 id,  0.0 wa,  0.0 hi,  0.0 si,  0.0 st
%Cpu(s):  0.9 us,  1.2 sy,  0.0 ni, 97.9 id,  0.0 wa,  0.0 hi,  0.0 si,  0.0 st
%Cpu(s):  1.2 us,  1.2 sy,  0.0 ni, 97.4 id,  0.0 wa,  0.0 hi,  0.1 si,  0.0 st
%Cpu(s):  1.0 us,  1.5 sy,  0.0 ni, 97.5 id,  0.0 wa,  0.0 hi,  0.0 si,  0.0 st
