%Cpu(s):  1.8 us,  0.7 sy,  0.0 ni, 97.3 id,  0.0 wa,  0.0 hi,  0.1 si,  0.1 st
%Cpu(s):  9.3 us,  0.4 sy,  0.0 ni, 90.3 id,  0.0 wa,  0.0 hi,  0.0 si,  0.0 st
%Cpu(s):  0.9 us,  0.1 sy,  0.0 ni, 98.9 id,  0.0 wa,  0.0 hi,  0.0 si,  0.1 st
%Cpu(s):  0.0 us,  0.1 sy,  0.0 ni, 99.9 id,  0.0 wa,  0.0 hi,  0.0 si,  0.0 st
%Cpu(s): 46.1 us,  2.9 sy,  0.0 ni, 50.9 id,  0.0 wa,  0.0 hi,  0.0 si,  0.1 st
%Cpu(s): 57.2 us,  1.7 sy,  0.0 ni, 41.0 id,  0.0 wa,  0.0 hi,  0.0 si,  0.1 st
%Cpu(s): 76.4 us,  2.4 sy,  0.0 ni, 21.2 id,  0.0 wa,  0.0 hi,  0.0 si,  0.0 st
%Cpu(s): 28.6 us,  1.0 sy,  0.0 ni, 70.2 id,  0.0 wa,  0.0 hi,  0.0 si,  0.3 st
%Cpu(s): 12.0 us,  1.0 sy,  0.0 ni, 86.6 id,  0.1 wa,  0.0 hi,  0.0 si,  0.2 st
%Cpu(s):  1.8 us,  1.0 sy,  0.0 ni, 97.0 id,  0.0 wa,  0.0 hi,  0.1 si,  0.1 st
%Cpu(s):  2.5 us,  0.8 sy,  0.0 ni, 96.6 id,  0.0 wa,  0.0 hi,  0.0 si,  0.1 st
%Cpu(s):  2.5 us,  1.2 sy,  0.0 ni, 96.1 id,  0.0 wa,  0.0 hi,  0.0 si,  0.1 st
%Cpu(s):  2.0 us,  1.1 sy,  0.0 ni, 96.6 id,  0.0 wa,  0.0 hi,  0.0 si,  0.3 st
%Cpu(s):  1.8 us,  1.3 sy,  0.0 ni, 96.9 id,  0.0 wa,  0.0 hi,  0.0 si,  0.1 st
%Cpu(s):  1.5 us,  1.3 sy,  0.0 ni, 97.1 id,  0.0 wa,  0.0 hi,  0.0 si,  0.1 st
%Cpu(s):  7.8 us,  1.3 sy,  0.0 ni, 90.7 id,  0.0 wa,  0.0 hi,  0.0 si,  0.3 st
%Cpu(s):  8.0 us,  1.5 sy,  0.0 ni, 90.4 id,  0.0 wa,  0.0 hi,  0.0 si,  0.1 st
%Cpu(s):  7.7 us,  2.5 sy,  0.0 ni, 89.7 id,  0.0 wa,  0.0 hi,  0.0 si,  0.1 st
%Cpu(s): 65.0 us,  4.8 sy,  0.0 ni, 28.3 id,  0.1 wa,  0.0 hi,  1.8 si,  0.0 st
%Cpu(s): 43.9 us,  5.6 sy,  0.0 ni, 47.6 id,  0.0 wa,  0.0 hi,  2.9 si,  0.0 st
%Cpu(s): 16.1 us,  5.9 sy,  0.0 ni, 76.4 id,  0.0 wa,  0.0 hi,  1.5 si,  0.0 st
%Cpu(s): 14.4 us,  5.1 sy,  0.0 ni, 78.5 id,  0.0 wa,  0.0 hi,  2.0 si,  0.0 st
%Cpu(s): 22.8 us,  5.4 sy,  0.0 ni, 70.2 id,  0.0 wa,  0.0 hi,  1.5 si,  0.1 st
%Cpu(s): 15.7 us,  5.8 sy,  0.0 ni, 76.5 id,  0.0 wa,  0.0 hi,  2.0 si,  0.0 st
%Cpu(s):  9.0 us,  5.4 sy,  0.0 ni, 83.9 id,  0.0 wa,  0.0 hi,  1.7 si,  0.1 st
%Cpu(s): 11.8 us,  4.5 sy,  0.0 ni, 81.5 id,  0.0 wa,  0.0 hi,  2.2 si,  0.0 st
%Cpu(s): 13.5 us,  6.0 sy,  0.0 ni, 79.0 id,  0.0 wa,  0.0 hi,  1.5 si,  0.0 st
%Cpu(s): 22.8 us,  6.3 sy,  0.0 ni, 69.5 id,  0.0 wa,  0.0 hi,  1.4 si,  0.0 st
%Cpu(s): 11.0 us,  5.5 sy,  0.0 ni, 75.7 id,  5.7 wa,  0.0 hi,  1.9 si,  0.3 st
%Cpu(s):  7.3 us,  6.1 sy,  0.0 ni, 85.4 id,  0.0 wa,  0.0 hi,  1.3 si,  0.0 st
%Cpu(s):  6.5 us,  5.1 sy,  0.0 ni, 86.7 id,  0.0 wa,  0.0 hi,  1.7 si,  0.0 st
%Cpu(s):  6.3 us,  4.8 sy,  0.0 ni, 87.6 id,  0.0 wa,  0.0 hi,  1.3 si,  0.0 st
%Cpu(s): 15.9 us,  4.9 sy,  0.0 ni, 78.1 id,  0.0 wa,  0.0 hi,  1.1 si,  0.0 st
%Cpu(s): 11.4 us,  5.0 sy,  0.0 ni, 80.2 id,  2.3 wa,  0.0 hi,  1.1 si,  0.0 st
%Cpu(s):  7.0 us,  5.1 sy,  0.0 ni, 86.8 id,  0.0 wa,  0.0 hi,  1.1 si,  0.0 st
%Cpu(s):  5.5 us,  4.3 sy,  0.0 ni, 88.7 id,  0.0 wa,  0.0 hi,  1.5 si,  0.0 st
%Cpu(s):  6.7 us,  3.7 sy,  0.0 ni, 88.5 id,  0.0 wa,  0.0 hi,  1.0 si,  0.1 st
%Cpu(s):  5.6 us,  4.6 sy,  0.0 ni, 88.9 id,  0.0 wa,  0.0 hi,  0.8 si,  0.1 st
%Cpu(s):  6.9 us,  4.1 sy,  0.0 ni, 87.8 id,  0.0 wa,  0.0 hi,  1.1 si,  0.1 st
%Cpu(s):  6.9 us,  4.8 sy,  0.0 ni, 87.2 id,  0.0 wa,  0.0 hi,  1.1 si,  0.0 st
%Cpu(s):  6.1 us,  4.6 sy,  0.0 ni, 88.1 id,  0.0 wa,  0.0 hi,  1.0 si,  0.1 st
%Cpu(s): 15.1 us,  4.3 sy,  0.0 ni, 79.1 id,  0.0 wa,  0.0 hi,  1.5 si,  0.0 st
%Cpu(s): 11.7 us,  4.1 sy,  0.0 ni, 83.0 id,  0.0 wa,  0.0 hi,  1.3 si,  0.0 st
%Cpu(s):  5.3 us,  4.3 sy,  0.0 ni, 89.3 id,  0.0 wa,  0.0 hi,  1.1 si,  0.0 st
%Cpu(s):  5.4 us,  4.2 sy,  0.0 ni, 89.7 id,  0.0 wa,  0.0 hi,  0.8 si,  0.0 st
%Cpu(s):  7.0 us,  4.1 sy,  0.0 ni, 87.4 id,  0.0 wa,  0.0 hi,  1.4 si,  0.1 st
%Cpu(s):  5.2 us,  4.1 sy,  0.0 ni, 89.6 id,  0.0 wa,  0.0 hi,  1.1 si,  0.0 st
%Cpu(s):  5.8 us,  4.3 sy,  0.0 ni, 89.0 id,  0.0 wa,  0.0 hi,  0.8 si,  0.1 st
%Cpu(s):  7.7 us,  4.3 sy,  0.0 ni, 86.6 id,  0.0 wa,  0.0 hi,  1.4 si,  0.0 st
%Cpu(s):  5.7 us,  4.6 sy,  0.0 ni, 88.1 id,  0.0 wa,  0.0 hi,  1.6 si,  0.0 st
%Cpu(s): 16.7 us,  4.4 sy,  0.0 ni, 78.4 id,  0.0 wa,  0.0 hi,  0.5 si,  0.0 st
%Cpu(s):  9.2 us,  4.6 sy,  0.0 ni, 85.2 id,  0.0 wa,  0.0 hi,  1.0 si,  0.0 st
%Cpu(s):  5.8 us,  4.4 sy,  0.0 ni, 88.5 id,  0.0 wa,  0.0 hi,  1.3 si,  0.1 st
%Cpu(s):  5.5 us,  4.6 sy,  0.0 ni, 88.8 id,  0.1 wa,  0.0 hi,  0.8 si,  0.1 st
%Cpu(s):  5.5 us,  4.5 sy,  0.0 ni, 88.9 id,  0.0 wa,  0.0 hi,  1.1 si,  0.0 st
%Cpu(s):  5.8 us,  3.7 sy,  0.0 ni, 89.3 id,  0.0 wa,  0.0 hi,  1.1 si,  0.0 st
%Cpu(s):  5.3 us,  3.8 sy,  0.0 ni, 89.9 id,  0.0 wa,  0.0 hi,  1.0 si,  0.0 st
%Cpu(s):  5.6 us,  3.9 sy,  0.0 ni, 89.1 id,  0.0 wa,  0.0 hi,  1.3 si,  0.1 st
%Cpu(s):  6.5 us,  4.8 sy,  0.0 ni, 88.0 id,  0.0 wa,  0.0 hi,  0.7 si,  0.0 st
%Cpu(s):  9.9 us,  3.8 sy,  0.0 ni, 85.4 id,  0.0 wa,  0.0 hi,  0.9 si,  0.0 st
%Cpu(s): 15.9 us,  4.5 sy,  0.0 ni, 78.2 id,  0.0 wa,  0.0 hi,  1.4 si,  0.0 st
%Cpu(s):  5.0 us,  4.1 sy,  0.0 ni, 90.2 id,  0.0 wa,  0.0 hi,  0.8 si,  0.0 st
%Cpu(s):  5.1 us,  4.9 sy,  0.0 ni, 89.1 id,  0.0 wa,  0.0 hi,  0.9 si,  0.0 st
%Cpu(s):  6.4 us,  4.1 sy,  0.0 ni, 88.6 id,  0.0 wa,  0.0 hi,  0.8 si,  0.1 st
%Cpu(s):  6.2 us,  4.4 sy,  0.0 ni, 88.5 id,  0.0 wa,  0.0 hi,  0.8 si,  0.1 st
%Cpu(s):  4.9 us,  4.7 sy,  0.0 ni, 89.4 id,  0.0 wa,  0.0 hi,  1.0 si,  0.0 st
%Cpu(s):  5.8 us,  3.9 sy,  0.0 ni, 89.5 id,  0.0 wa,  0.0 hi,  0.8 si,  0.0 st
%Cpu(s):  4.8 us,  4.2 sy,  0.0 ni, 89.7 id,  0.0 wa,  0.0 hi,  1.1 si,  0.1 st
%Cpu(s):  4.8 us,  4.8 sy,  0.0 ni, 89.7 id,  0.0 wa,  0.0 hi,  0.6 si,  0.0 st
%Cpu(s): 15.8 us,  4.9 sy,  0.0 ni, 78.1 id,  0.0 wa,  0.0 hi,  1.2 si,  0.0 st
%Cpu(s): 11.0 us,  4.9 sy,  0.0 ni, 82.9 id,  0.0 wa,  0.0 hi,  1.1 si,  0.0 st
%Cpu(s):  4.3 us,  3.8 sy,  0.0 ni, 90.7 id,  0.0 wa,  0.0 hi,  1.1 si,  0.0 st
%Cpu(s):  2.0 us,  1.6 sy,  0.0 ni, 95.7 id,  0.0 wa,  0.0 hi,  0.0 si,  0.6 st
%Cpu(s):  1.8 us,  1.1 sy,  0.0 ni, 96.5 id,  0.4 wa,  0.0 hi,  0.0 si,  0.3 st
%Cpu(s):  1.5 us,  1.7 sy,  0.0 ni, 96.5 id,  0.0 wa,  0.0 hi,  0.0 si,  0.2 st
%Cpu(s):  1.0 us,  1.5 sy,  0.0 ni, 97.1 id,  0.0 wa,  0.0 hi,  0.0 si,  0.4 st
%Cpu(s):  1.9 us,  1.5 sy,  0.0 ni, 96.4 id,  0.0 wa,  0.0 hi,  0.0 si,  0.2 st
%Cpu(s):  1.5 us,  1.3 sy,  0.0 ni, 97.1 id,  0.0 wa,  0.0 hi,  0.0 si,  0.1 st
%Cpu(s):  1.6 us,  1.2 sy,  0.0 ni, 96.8 id,  0.0 wa,  0.0 hi,  0.0 si,  0.4 st
%Cpu(s):  2.1 us,  0.8 sy,  0.0 ni, 97.0 id,  0.0 wa,  0.0 hi,  0.0 si,  0.1 st
%Cpu(s):  1.7 us,  1.1 sy,  0.0 ni, 97.0 id,  0.0 wa,  0.0 hi,  0.0 si,  0.1 st
%Cpu(s):  2.3 us,  1.6 sy,  0.0 ni, 95.7 id,  0.0 wa,  0.0 hi,  0.1 si,  0.3 st
