%Cpu(s):  1.4 us,  0.2 sy,  0.0 ni, 98.3 id,  0.0 wa,  0.0 hi,  0.1 si,  0.0 st
%Cpu(s):  0.5 us,  0.1 sy,  0.0 ni, 99.4 id,  0.0 wa,  0.0 hi,  0.0 si,  0.0 st
%Cpu(s):  0.4 us,  0.0 sy,  0.0 ni, 99.6 id,  0.0 wa,  0.0 hi,  0.0 si,  0.0 st
%Cpu(s):  0.4 us,  0.1 sy,  0.0 ni, 99.5 id,  0.0 wa,  0.0 hi,  0.0 si,  0.0 st
%Cpu(s):  0.6 us,  0.0 sy,  0.0 ni, 99.4 id,  0.0 wa,  0.0 hi,  0.0 si,  0.0 st
%Cpu(s): 40.0 us,  2.7 sy,  0.0 ni, 56.9 id,  0.0 wa,  0.0 hi,  0.4 si,  0.1 st
%Cpu(s): 28.7 us,  2.7 sy,  0.0 ni, 67.9 id,  0.0 wa,  0.0 hi,  0.5 si,  0.1 st
%Cpu(s): 17.8 us,  3.3 sy,  0.0 ni, 78.2 id,  0.0 wa,  0.0 hi,  0.6 si,  0.0 st
%Cpu(s): 28.9 us,  3.2 sy,  0.0 ni, 67.1 id,  0.0 wa,  0.0 hi,  0.7 si,  0.0 st
%Cpu(s): 20.8 us,  3.1 sy,  0.0 ni, 74.9 id,  0.0 wa,  0.0 hi,  1.0 si,  0.1 st
%Cpu(s):  8.5 us,  2.6 sy,  0.0 ni, 87.9 id,  0.0 wa,  0.0 hi,  0.9 si,  0.1 st
%Cpu(s):  4.4 us,  3.1 sy,  0.0 ni, 91.6 id,  0.1 wa,  0.0 hi,  0.8 si,  0.0 st
%Cpu(s):  3.9 us,  2.3 sy,  0.0 ni, 93.3 id,  0.0 wa,  0.0 hi,  0.5 si,  0.0 st
%Cpu(s):  4.7 us,  3.0 sy,  0.0 ni, 90.9 id,  0.0 wa,  0.0 hi,  1.4 si,  0.1 st
%Cpu(s):  4.5 us,  2.0 sy,  0.0 ni, 92.6 id,  0.0 wa,  0.0 hi,  0.8 si,  0.1 st
%Cpu(s):  5.0 us,  2.9 sy,  0.0 ni, 91.8 id,  0.0 wa,  0.0 hi,  0.4 si,  0.0 st
%Cpu(s):  5.7 us,  2.9 sy,  0.0 ni, 90.3 id,  0.0 wa,  0.0 hi,  1.0 si,  0.1 st
%Cpu(s):  5.8 us,  3.2 sy,  0.0 ni, 90.1 id,  0.0 wa,  0.0 hi,  0.9 si,  0.0 st
%Cpu(s):  5.7 us,  3.0 sy,  0.0 ni, 90.5 id,  0.0 wa,  0.0 hi,  0.7 si,  0.1 st
%Cpu(s):  4.9 us,  2.6 sy,  0.0 ni, 91.6 id,  0.0 wa,  0.0 hi,  0.9 si,  0.0 st
%Cpu(s):  4.5 us,  2.3 sy,  0.0 ni, 91.8 id,  0.0 wa,  0.0 hi,  1.1 si,  0.3 st
%Cpu(s):  4.5 us,  2.9 sy,  0.0 ni, 91.8 id,  0.0 wa,  0.0 hi,  0.8 si,  0.0 st
%Cpu(s):  6.2 us,  2.5 sy,  0.0 ni, 90.5 id,  0.0 wa,  0.0 hi,  0.8 si,  0.0 st
%Cpu(s):  5.8 us,  1.9 sy,  0.0 ni, 91.8 id,  0.0 wa,  0.0 hi,  0.5 si,  0.0 st
%Cpu(s):  5.0 us,  2.2 sy,  0.0 ni, 92.2 id,  0.0 wa,  0.0 hi,  0.6 si,  0.0 st
%Cpu(s):  6.1 us,  2.0 sy,  0.0 ni, 91.0 id,  0.0 wa,  0.0 hi,  0.7 si,  0.1 st
%Cpu(s):  6.1 us,  2.7 sy,  0.0 ni, 90.3 id,  0.0 wa,  0.0 hi,  0.9 si,  0.0 st
%Cpu(s):  7.8 us,  1.9 sy,  0.0 ni, 89.8 id,  0.0 wa,  0.0 hi,  0.4 si,  0.1 st
%Cpu(s):  8.1 us,  2.6 sy,  0.0 ni, 88.6 id,  0.0 wa,  0.0 hi,  0.7 si,  0.0 st
%Cpu(s):  8.4 us,  2.2 sy,  0.0 ni, 88.6 id,  0.0 wa,  0.0 hi,  0.7 si,  0.0 st
%Cpu(s):  7.5 us,  2.4 sy,  0.0 ni, 89.3 id,  0.0 wa,  0.0 hi,  0.8 si,  0.0 st
%Cpu(s):  7.9 us,  1.9 sy,  0.0 ni, 88.6 id,  0.0 wa,  0.0 hi,  1.5 si,  0.1 st
%Cpu(s): 10.9 us,  2.6 sy,  0.0 ni, 85.4 id,  0.0 wa,  0.0 hi,  1.1 si,  0.0 st
%Cpu(s):  8.3 us,  2.1 sy,  0.0 ni, 88.7 id,  0.0 wa,  0.0 hi,  0.8 si,  0.1 st
%Cpu(s):  9.5 us,  2.0 sy,  0.0 ni, 88.0 id,  0.0 wa,  0.0 hi,  0.5 si,  0.0 st
%Cpu(s): 13.4 us,  2.4 sy,  0.0 ni, 83.4 id,  0.0 wa,  0.0 hi,  0.5 si,  0.3 st
%Cpu(s): 10.6 us,  2.5 sy,  0.0 ni, 86.2 id,  0.0 wa,  0.0 hi,  0.8 si,  0.0 st
%Cpu(s):  9.2 us,  2.4 sy,  0.0 ni, 87.5 id,  0.0 wa,  0.0 hi,  0.8 si,  0.1 st
%Cpu(s): 10.2 us,  2.3 sy,  0.0 ni, 86.6 id,  0.0 wa,  0.0 hi,  0.8 si,  0.1 st
%Cpu(s): 11.4 us,  1.9 sy,  0.0 ni, 86.7 id,  0.0 wa,  0.0 hi,  0.0 si,  0.0 st
%Cpu(s): 17.2 us,  2.8 sy,  0.0 ni, 79.0 id,  0.0 wa,  0.0 hi,  0.9 si,  0.1 st
%Cpu(s): 34.2 us,  4.1 sy,  0.0 ni, 59.7 id,  0.1 wa,  0.0 hi,  1.9 si,  0.0 st
%Cpu(s): 17.0 us,  3.5 sy,  0.0 ni, 78.3 id,  0.0 wa,  0.0 hi,  1.0 si,  0.1 st
%Cpu(s): 14.1 us,  3.9 sy,  0.0 ni, 80.2 id,  0.0 wa,  0.0 hi,  1.8 si,  0.0 st
%Cpu(s):  9.7 us,  3.5 sy,  0.0 ni, 85.6 id,  0.0 wa,  0.0 hi,  1.2 si,  0.0 st
%Cpu(s): 15.7 us,  3.5 sy,  0.0 ni, 78.7 id,  0.0 wa,  0.0 hi,  1.9 si,  0.2 st
%Cpu(s): 16.3 us,  4.2 sy,  0.0 ni, 78.2 id,  0.0 wa,  0.0 hi,  1.4 si,  0.0 st
%Cpu(s): 20.7 us,  4.1 sy,  0.0 ni, 73.3 id,  0.0 wa,  0.0 hi,  1.9 si,  0.0 st
%Cpu(s): 15.4 us,  4.2 sy,  0.0 ni, 79.2 id,  0.0 wa,  0.0 hi,  1.1 si,  0.1 st
%Cpu(s):  8.8 us,  4.0 sy,  0.0 ni, 85.6 id,  0.0 wa,  0.0 hi,  1.4 si,  0.1 st
%Cpu(s): 10.3 us,  2.6 sy,  0.0 ni, 85.1 id,  0.0 wa,  0.0 hi,  1.8 si,  0.1 st
%Cpu(s):  9.6 us,  3.9 sy,  0.0 ni, 84.6 id,  0.1 wa,  0.0 hi,  1.7 si,  0.1 st
%Cpu(s):  8.7 us,  3.5 sy,  0.0 ni, 86.4 id,  0.0 wa,  0.0 hi,  1.4 si,  0.0 st
%Cpu(s):  8.2 us,  3.4 sy,  0.0 ni, 86.8 id,  0.0 wa,  0.0 hi,  1.3 si,  0.3 st
%Cpu(s):  9.0 us,  2.4 sy,  0.0 ni, 87.2 id,  0.0 wa,  0.0 hi,  1.4 si,  0.0 st
%Cpu(s):  9.5 us,  3.6 sy,  0.0 ni, 84.9 id,  0.0 wa,  0.0 hi,  2.0 si,  0.0 st
%Cpu(s):  9.5 us,  3.8 sy,  0.0 ni, 85.5 id,  0.0 wa,  0.0 hi,  1.0 si,  0.3 st
%Cpu(s): 11.6 us,  3.2 sy,  0.0 ni, 83.7 id,  0.0 wa,  0.0 hi,  1.5 si,  0.0 st
%Cpu(s):  9.5 us,  3.9 sy,  0.0 ni, 84.7 id,  0.0 wa,  0.0 hi,  1.9 si,  0.0 st
%Cpu(s):  9.4 us,  4.4 sy,  0.0 ni, 85.7 id,  0.0 wa,  0.0 hi,  0.5 si,  0.0 st
%Cpu(s): 10.7 us,  4.2 sy,  0.0 ni, 84.7 id,  0.0 wa,  0.0 hi,  0.3 si,  0.1 st
%Cpu(s): 10.1 us,  2.2 sy,  0.0 ni, 87.1 id,  0.0 wa,  0.0 hi,  0.6 si,  0.0 st
%Cpu(s):  0.2 us,  0.1 sy,  0.0 ni, 99.4 id,  0.0 wa,  0.0 hi,  0.1 si,  0.1 st
%Cpu(s):  0.1 us,  0.1 sy,  0.0 ni, 99.8 id,  0.0 wa,  0.0 hi,  0.0 si,  0.0 st
%Cpu(s):  0.0 us,  0.0 sy,  0.0 ni,100.0 id,  0.0 wa,  0.0 hi,  0.0 si,  0.0 st
%Cpu(s):  0.1 us,  0.0 sy,  0.0 ni, 99.9 id,  0.0 wa,  0.0 hi,  0.0 si,  0.0 st
%Cpu(s):  0.1 us,  0.1 sy,  0.0 ni, 99.6 id,  0.1 wa,  0.0 hi,  0.0 si,  0.0 st
%Cpu(s):  0.2 us,  0.0 sy,  0.0 ni, 99.8 id,  0.0 wa,  0.0 hi,  0.0 si,  0.0 st
%Cpu(s):  0.5 us,  0.4 sy,  0.0 ni, 99.1 id,  0.0 wa,  0.0 hi,  0.0 si,  0.0 st
