%Cpu(s):  1.4 us,  0.6 sy,  0.0 ni, 97.8 id,  0.0 wa,  0.0 hi,  0.1 si,  0.0 st
%Cpu(s):  0.5 us,  0.5 sy,  0.0 ni, 99.0 id,  0.0 wa,  0.0 hi,  0.0 si,  0.0 st
%Cpu(s):  0.5 us,  0.5 sy,  0.0 ni, 99.0 id,  0.0 wa,  0.0 hi,  0.0 si,  0.0 st
%Cpu(s):  0.5 us,  0.5 sy,  0.0 ni, 99.0 id,  0.0 wa,  0.0 hi,  0.0 si,  0.0 st
%Cpu(s):  1.5 us,  1.0 sy,  0.0 ni, 97.5 id,  0.0 wa,  0.0 hi,  0.0 si,  0.0 st
%Cpu(s):  3.0 us,  0.5 sy,  0.0 ni, 96.0 id,  0.5 wa,  0.0 hi,  0.0 si,  0.0 st
%Cpu(s):  0.5 us,  0.5 sy,  0.0 ni, 99.0 id,  0.0 wa,  0.0 hi,  0.0 si,  0.0 st
%Cpu(s):  1.0 us,  0.5 sy,  0.0 ni, 98.5 id,  0.0 wa,  0.0 hi,  0.0 si,  0.0 st
%Cpu(s):  0.5 us,  0.0 sy,  0.0 ni, 99.5 id,  0.0 wa,  0.0 hi,  0.0 si,  0.0 st
%Cpu(s):  0.5 us,  0.5 sy,  0.0 ni, 99.0 id,  0.0 wa,  0.0 hi,  0.0 si,  0.0 st
%Cpu(s): 55.5 us,  4.5 sy,  0.0 ni, 39.5 id,  0.0 wa,  0.0 hi,  0.0 si,  0.5 st
%Cpu(s): 84.1 us, 10.4 sy,  0.0 ni,  4.0 id,  0.0 wa,  0.0 hi,  1.5 si,  0.0 st
%Cpu(s): 74.4 us, 12.1 sy,  0.0 ni, 11.6 id,  0.0 wa,  0.0 hi,  2.0 si,  0.0 st
%Cpu(s): 66.0 us, 10.8 sy,  0.0 ni, 21.6 id,  0.0 wa,  0.0 hi,  1.5 si,  0.0 st
%Cpu(s): 66.8 us, 10.1 sy,  0.0 ni, 20.6 id,  0.0 wa,  0.0 hi,  2.5 si,  0.0 st
%Cpu(s): 71.6 us, 11.9 sy,  0.0 ni, 14.4 id,  0.0 wa,  0.0 hi,  2.1 si,  0.0 st
%Cpu(s): 73.5 us, 11.5 sy,  0.0 ni, 11.5 id,  0.0 wa,  0.0 hi,  3.5 si,  0.0 st
%Cpu(s): 70.1 us, 12.2 sy,  0.0 ni, 15.2 id,  0.0 wa,  0.0 hi,  2.5 si,  0.0 st
%Cpu(s): 67.5 us, 14.5 sy,  0.0 ni, 15.5 id,  0.0 wa,  0.0 hi,  2.5 si,  0.0 st
%Cpu(s): 66.7 us, 13.6 sy,  0.0 ni, 17.2 id,  0.0 wa,  0.0 hi,  2.5 si,  0.0 st
%Cpu(s): 60.9 us, 13.4 sy,  0.0 ni, 21.8 id,  0.0 wa,  0.0 hi,  4.0 si,  0.0 st
%Cpu(s): 61.4 us, 16.3 sy,  0.0 ni, 20.3 id,  0.0 wa,  0.0 hi,  2.0 si,  0.0 st
%Cpu(s): 66.3 us, 11.2 sy,  0.0 ni, 20.4 id,  0.0 wa,  0.0 hi,  2.0 si,  0.0 st
%Cpu(s): 63.9 us, 13.4 sy,  0.0 ni, 19.8 id,  0.0 wa,  0.0 hi,  3.0 si,  0.0 st
%Cpu(s): 54.5 us, 14.1 sy,  0.0 ni, 28.3 id,  0.0 wa,  0.0 hi,  3.0 si,  0.0 st
%Cpu(s): 54.6 us, 14.4 sy,  0.0 ni, 27.3 id,  0.0 wa,  0.0 hi,  3.6 si,  0.0 st
%Cpu(s): 55.5 us, 17.8 sy,  0.0 ni, 23.6 id,  0.0 wa,  0.0 hi,  3.1 si,  0.0 st
%Cpu(s): 64.1 us, 13.0 sy,  0.0 ni, 18.8 id,  0.0 wa,  0.0 hi,  4.2 si,  0.0 st
%Cpu(s): 59.3 us, 15.2 sy,  0.0 ni, 21.6 id,  0.0 wa,  0.0 hi,  3.9 si,  0.0 st
%Cpu(s): 58.3 us, 17.1 sy,  0.0 ni, 20.6 id,  0.0 wa,  0.0 hi,  4.0 si,  0.0 st
%Cpu(s): 58.7 us, 17.4 sy,  0.0 ni, 20.4 id,  0.0 wa,  0.0 hi,  3.5 si,  0.0 st
%Cpu(s): 54.4 us, 14.9 sy,  0.0 ni, 28.7 id,  0.0 wa,  0.0 hi,  2.1 si,  0.0 st
%Cpu(s): 38.8 us, 13.8 sy,  0.0 ni, 42.3 id,  0.0 wa,  0.0 hi,  5.1 si,  0.0 st
%Cpu(s): 41.7 us, 13.6 sy,  0.0 ni, 40.7 id,  0.0 wa,  0.0 hi,  4.0 si,  0.0 st
%Cpu(s): 48.2 us, 16.8 sy,  0.0 ni, 31.0 id,  0.0 wa,  0.0 hi,  4.1 si,  0.0 st
%Cpu(s): 40.6 us, 15.6 sy,  0.0 ni, 41.1 id,  0.0 wa,  0.0 hi,  2.6 si,  0.0 st
%Cpu(s): 43.9 us, 17.2 sy,  0.0 ni, 35.4 id,  0.0 wa,  0.0 hi,  3.5 si,  0.0 st
%Cpu(s): 40.7 us, 13.9 sy,  0.0 ni, 40.2 id,  0.0 wa,  0.0 hi,  5.2 si,  0.0 st
%Cpu(s): 32.0 us, 16.0 sy,  0.0 ni, 47.0 id,  0.0 wa,  0.0 hi,  5.0 si,  0.0 st
%Cpu(s): 30.8 us, 21.4 sy,  0.0 ni, 43.3 id,  0.0 wa,  0.0 hi,  4.5 si,  0.0 st
%Cpu(s): 40.0 us, 20.5 sy,  0.0 ni, 35.4 id,  0.0 wa,  0.0 hi,  4.1 si,  0.0 st
%Cpu(s): 30.0 us, 20.0 sy,  0.0 ni, 46.3 id,  0.0 wa,  0.0 hi,  3.7 si,  0.0 st
%Cpu(s): 36.4 us, 15.2 sy,  0.0 ni, 44.4 id,  0.0 wa,  0.0 hi,  4.0 si,  0.0 st
%Cpu(s): 31.1 us, 19.9 sy,  0.0 ni, 44.4 id,  0.0 wa,  0.0 hi,  4.6 si,  0.0 st
%Cpu(s): 38.1 us, 14.9 sy,  0.0 ni, 42.1 id,  0.0 wa,  0.0 hi,  5.0 si,  0.0 st
%Cpu(s): 34.2 us, 16.3 sy,  0.0 ni, 44.7 id,  0.0 wa,  0.0 hi,  4.7 si,  0.0 st
%Cpu(s): 32.1 us, 17.9 sy,  0.0 ni, 45.3 id,  0.0 wa,  0.0 hi,  4.7 si,  0.0 st
%Cpu(s): 36.7 us, 20.6 sy,  0.0 ni, 39.7 id,  0.0 wa,  0.0 hi,  3.0 si,  0.0 st
%Cpu(s): 35.0 us, 21.5 sy,  0.0 ni, 39.5 id,  0.0 wa,  0.0 hi,  4.0 si,  0.0 st
%Cpu(s): 34.3 us, 20.9 sy,  0.0 ni, 39.3 id,  0.0 wa,  0.0 hi,  5.5 si,  0.0 st
%Cpu(s): 41.3 us, 21.4 sy,  0.0 ni, 33.8 id,  0.0 wa,  0.0 hi,  3.5 si,  0.0 st
%Cpu(s): 32.0 us, 22.7 sy,  0.0 ni, 40.7 id,  0.0 wa,  0.0 hi,  4.6 si,  0.0 st
%Cpu(s): 35.5 us, 18.5 sy,  0.0 ni, 40.5 id,  0.0 wa,  0.0 hi,  5.5 si,  0.0 st
%Cpu(s): 35.1 us, 15.7 sy,  0.0 ni, 45.0 id,  0.0 wa,  0.0 hi,  4.2 si,  0.0 st
%Cpu(s): 29.9 us, 19.6 sy,  0.0 ni, 46.4 id,  0.0 wa,  0.0 hi,  4.1 si,  0.0 st
%Cpu(s): 34.8 us, 17.9 sy,  0.0 ni, 41.8 id,  0.0 wa,  0.0 hi,  5.5 si,  0.0 st
%Cpu(s): 33.3 us, 18.2 sy,  0.0 ni, 43.4 id,  0.0 wa,  0.0 hi,  5.1 si,  0.0 st
%Cpu(s): 34.0 us, 18.6 sy,  0.0 ni, 43.3 id,  0.0 wa,  0.0 hi,  4.1 si,  0.0 st
%Cpu(s): 33.8 us, 16.9 sy,  0.0 ni, 43.1 id,  0.0 wa,  0.0 hi,  6.2 si,  0.0 st
%Cpu(s): 33.2 us, 17.3 sy,  0.0 ni, 42.9 id,  0.0 wa,  0.0 hi,  6.6 si,  0.0 st
%Cpu(s): 35.4 us, 19.0 sy,  0.0 ni, 42.1 id,  0.0 wa,  0.0 hi,  3.6 si,  0.0 st
%Cpu(s): 34.8 us, 19.4 sy,  0.0 ni, 41.8 id,  0.0 wa,  0.0 hi,  4.0 si,  0.0 st
%Cpu(s): 33.3 us, 21.0 sy,  0.0 ni, 39.5 id,  0.0 wa,  0.0 hi,  6.2 si,  0.0 st
%Cpu(s): 37.2 us, 17.3 sy,  0.0 ni, 41.3 id,  0.0 wa,  0.0 hi,  4.1 si,  0.0 st
%Cpu(s): 30.3 us, 19.2 sy,  0.0 ni, 45.5 id,  0.0 wa,  0.0 hi,  5.1 si,  0.0 st
%Cpu(s): 34.4 us, 15.1 sy,  0.0 ni, 45.8 id,  0.0 wa,  0.0 hi,  4.7 si,  0.0 st
%Cpu(s): 10.0 us,  4.5 sy,  0.0 ni, 84.1 id,  0.0 wa,  0.0 hi,  1.5 si,  0.0 st
%Cpu(s):  1.0 us,  0.5 sy,  0.0 ni, 98.5 id,  0.0 wa,  0.0 hi,  0.0 si,  0.0 st
%Cpu(s):  1.0 us,  1.0 sy,  0.0 ni, 98.0 id,  0.0 wa,  0.0 hi,  0.0 si,  0.0 st
%Cpu(s):  8.5 us,  0.5 sy,  0.0 ni, 91.0 id,  0.0 wa,  0.0 hi,  0.0 si,  0.0 st
%Cpu(s):  1.5 us,  1.0 sy,  0.0 ni, 97.5 id,  0.0 wa,  0.0 hi,  0.0 si,  0.0 st
