%Cpu(s):  0.8 us,  0.3 sy,  0.0 ni, 98.9 id,  0.0 wa,  0.0 hi,  0.0 si,  0.0 st
%Cpu(s):  1.5 us,  0.5 sy,  0.0 ni, 98.0 id,  0.0 wa,  0.0 hi,  0.0 si,  0.0 st
%Cpu(s):  0.0 us,  0.5 sy,  0.0 ni, 99.5 id,  0.0 wa,  0.0 hi,  0.0 si,  0.0 st
%Cpu(s):  1.0 us,  0.0 sy,  0.0 ni, 99.0 id,  0.0 wa,  0.0 hi,  0.0 si,  0.0 st
%Cpu(s):  1.0 us,  0.5 sy,  0.0 ni, 98.5 id,  0.0 wa,  0.0 hi,  0.0 si,  0.0 st
%Cpu(s):  0.5 us,  0.5 sy,  0.0 ni, 99.0 id,  0.0 wa,  0.0 hi,  0.0 si,  0.0 st
%Cpu(s):  0.5 us,  1.0 sy,  0.0 ni, 98.5 id,  0.0 wa,  0.0 hi,  0.0 si,  0.0 st
%Cpu(s):  0.5 us,  0.0 sy,  0.0 ni, 99.5 id,  0.0 wa,  0.0 hi,  0.0 si,  0.0 st
%Cpu(s):  1.5 us,  0.5 sy,  0.0 ni, 98.0 id,  0.0 wa,  0.0 hi,  0.0 si,  0.0 st
%Cpu(s):  2.5 us,  0.5 sy,  0.0 ni, 97.0 id,  0.0 wa,  0.0 hi,  0.0 si,  0.0 st
%Cpu(s): 51.7 us,  2.0 sy,  0.0 ni, 45.3 id,  0.5 wa,  0.0 hi,  0.5 si,  0.0 st
%Cpu(s): 37.0 us,  2.0 sy,  0.0 ni, 60.5 id,  0.0 wa,  0.0 hi,  0.5 si,  0.0 st
%Cpu(s): 87.1 us, 10.0 sy,  0.0 ni,  1.0 id,  0.0 wa,  0.0 hi,  2.0 si,  0.0 st
%Cpu(s): 78.5 us, 12.0 sy,  0.0 ni,  7.5 id,  0.0 wa,  0.0 hi,  2.0 si,  0.0 st
%Cpu(s): 71.2 us, 10.6 sy,  0.0 ni, 16.2 id,  0.0 wa,  0.0 hi,  2.0 si,  0.0 st
%Cpu(s): 68.4 us, 14.8 sy,  0.0 ni, 13.8 id,  0.0 wa,  0.0 hi,  3.1 si,  0.0 st
%Cpu(s): 74.0 us, 14.0 sy,  0.0 ni,  9.0 id,  0.0 wa,  0.0 hi,  3.0 si,  0.0 st
%Cpu(s): 76.6 us, 13.4 sy,  0.0 ni,  7.0 id,  0.0 wa,  0.0 hi,  3.0 si,  0.0 st
%Cpu(s): 68.8 us, 11.1 sy,  0.0 ni, 17.1 id,  0.0 wa,  0.0 hi,  3.0 si,  0.0 st
%Cpu(s): 58.6 us,  9.1 sy,  0.0 ni, 30.8 id,  0.0 wa,  0.0 hi,  1.5 si,  0.0 st
%Cpu(s): 65.5 us, 13.0 sy,  0.0 ni, 18.0 id,  0.0 wa,  0.0 hi,  3.5 si,  0.0 st
%Cpu(s): 70.4 us, 16.3 sy,  0.0 ni,  8.9 id,  0.0 wa,  0.0 hi,  4.4 si,  0.0 st
%Cpu(s): 72.2 us, 16.2 sy,  0.0 ni,  8.1 id,  0.0 wa,  0.0 hi,  3.5 si,  0.0 st
%Cpu(s): 75.1 us, 15.4 sy,  0.0 ni,  6.5 id,  0.0 wa,  0.0 hi,  3.0 si,  0.0 st
%Cpu(s): 78.8 us, 12.6 sy,  0.0 ni,  5.6 id,  0.0 wa,  0.0 hi,  3.0 si,  0.0 st
%Cpu(s): 75.1 us, 15.2 sy,  0.0 ni,  6.6 id,  0.0 wa,  0.0 hi,  3.0 si,  0.0 st
%Cpu(s): 76.1 us, 15.2 sy,  0.0 ni,  6.6 id,  0.0 wa,  0.0 hi,  2.0 si,  0.0 st
%Cpu(s): 73.1 us, 16.9 sy,  0.0 ni,  7.0 id,  0.0 wa,  0.0 hi,  3.0 si,  0.0 st
%Cpu(s): 58.7 us, 14.4 sy,  0.0 ni, 23.4 id,  0.0 wa,  0.0 hi,  3.5 si,  0.0 st
%Cpu(s): 61.9 us, 12.2 sy,  0.0 ni, 22.8 id,  0.0 wa,  0.0 hi,  2.5 si,  0.5 st
%Cpu(s): 67.0 us, 14.1 sy,  0.0 ni, 15.5 id,  0.0 wa,  0.0 hi,  3.4 si,  0.0 st
%Cpu(s): 75.8 us, 13.6 sy,  0.0 ni,  6.1 id,  0.0 wa,  0.0 hi,  4.5 si,  0.0 st
%Cpu(s): 52.7 us, 15.3 sy,  0.0 ni, 27.1 id,  0.0 wa,  0.0 hi,  4.9 si,  0.0 st
%Cpu(s): 67.2 us, 16.7 sy,  0.0 ni, 12.1 id,  0.0 wa,  0.0 hi,  4.0 si,  0.0 st
%Cpu(s): 49.0 us, 16.3 sy,  0.0 ni, 30.6 id,  0.0 wa,  0.0 hi,  4.1 si,  0.0 st
%Cpu(s): 51.3 us, 16.9 sy,  0.0 ni, 26.7 id,  0.0 wa,  0.0 hi,  5.1 si,  0.0 st
%Cpu(s): 47.2 us, 20.8 sy,  0.0 ni, 27.4 id,  0.0 wa,  0.0 hi,  4.6 si,  0.0 st
%Cpu(s): 50.8 us, 23.4 sy,  0.0 ni, 20.3 id,  0.0 wa,  0.0 hi,  5.6 si,  0.0 st
%Cpu(s): 29.3 us, 18.7 sy,  0.0 ni, 48.5 id,  0.0 wa,  0.0 hi,  3.5 si,  0.0 st
%Cpu(s): 28.4 us, 15.9 sy,  0.0 ni, 52.2 id,  0.0 wa,  0.0 hi,  3.5 si,  0.0 st
%Cpu(s): 42.3 us, 18.0 sy,  0.0 ni, 34.5 id,  0.0 wa,  0.0 hi,  5.2 si,  0.0 st
%Cpu(s): 49.2 us, 16.6 sy,  0.0 ni, 31.1 id,  0.0 wa,  0.0 hi,  3.1 si,  0.0 st
%Cpu(s): 35.5 us, 18.8 sy,  0.0 ni, 41.6 id,  0.0 wa,  0.0 hi,  4.1 si,  0.0 st
%Cpu(s): 28.6 us, 15.3 sy,  0.0 ni, 51.0 id,  0.0 wa,  0.0 hi,  5.1 si,  0.0 st
%Cpu(s): 28.7 us, 18.8 sy,  0.0 ni, 48.0 id,  0.0 wa,  0.0 hi,  4.5 si,  0.0 st
%Cpu(s): 30.4 us, 18.0 sy,  0.0 ni, 47.4 id,  0.0 wa,  0.0 hi,  4.1 si,  0.0 st
%Cpu(s): 37.2 us, 16.6 sy,  0.0 ni, 41.7 id,  0.0 wa,  0.0 hi,  4.5 si,  0.0 st
%Cpu(s): 30.6 us, 17.1 sy,  0.0 ni, 46.1 id,  0.0 wa,  0.0 hi,  6.2 si,  0.0 st
%Cpu(s): 25.8 us, 12.4 sy,  0.0 ni, 57.7 id,  0.0 wa,  0.0 hi,  4.1 si,  0.0 st
%Cpu(s): 25.9 us, 13.7 sy,  0.0 ni, 56.9 id,  0.0 wa,  0.0 hi,  3.0 si,  0.5 st
%Cpu(s): 30.8 us, 17.4 sy,  0.0 ni, 47.7 id,  0.0 wa,  0.0 hi,  4.1 si,  0.0 st
%Cpu(s): 32.0 us, 17.7 sy,  0.0 ni, 46.3 id,  0.0 wa,  0.0 hi,  3.9 si,  0.0 st
%Cpu(s): 32.2 us, 17.8 sy,  0.0 ni, 45.2 id,  0.0 wa,  0.0 hi,  4.8 si,  0.0 st
%Cpu(s): 32.2 us, 17.1 sy,  0.0 ni, 45.7 id,  0.0 wa,  0.0 hi,  5.0 si,  0.0 st
%Cpu(s): 31.7 us, 19.6 sy,  0.0 ni, 45.2 id,  0.0 wa,  0.0 hi,  3.5 si,  0.0 st
%Cpu(s): 29.7 us, 18.5 sy,  0.0 ni, 46.7 id,  0.0 wa,  0.0 hi,  5.1 si,  0.0 st
%Cpu(s): 30.8 us, 18.5 sy,  0.0 ni, 47.2 id,  0.0 wa,  0.0 hi,  3.6 si,  0.0 st
%Cpu(s): 33.3 us, 17.9 sy,  0.0 ni, 45.8 id,  0.0 wa,  0.0 hi,  3.0 si,  0.0 st
%Cpu(s): 27.8 us,  9.8 sy,  0.0 ni, 57.2 id,  0.0 wa,  0.0 hi,  5.2 si,  0.0 st
%Cpu(s): 24.2 us, 12.4 sy,  0.0 ni, 61.3 id,  0.0 wa,  0.0 hi,  2.1 si,  0.0 st
%Cpu(s): 33.0 us, 17.3 sy,  0.0 ni, 46.2 id,  0.0 wa,  0.0 hi,  3.6 si,  0.0 st
%Cpu(s): 33.5 us, 19.0 sy,  0.0 ni, 43.0 id,  0.0 wa,  0.0 hi,  4.5 si,  0.0 st
%Cpu(s): 34.2 us, 16.1 sy,  0.0 ni, 44.0 id,  0.0 wa,  0.0 hi,  5.7 si,  0.0 st
%Cpu(s): 41.2 us, 17.0 sy,  0.0 ni, 37.6 id,  0.0 wa,  0.0 hi,  4.1 si,  0.0 st
%Cpu(s): 32.0 us, 18.8 sy,  0.0 ni, 46.2 id,  0.0 wa,  0.0 hi,  3.0 si,  0.0 st
%Cpu(s): 33.7 us, 19.9 sy,  0.0 ni, 42.9 id,  0.0 wa,  0.0 hi,  3.6 si,  0.0 st
%Cpu(s): 40.1 us, 18.8 sy,  0.0 ni, 36.5 id,  0.0 wa,  0.0 hi,  4.6 si,  0.0 st
%Cpu(s): 23.9 us,  4.4 sy,  0.0 ni, 70.2 id,  0.0 wa,  0.0 hi,  1.5 si,  0.0 st
%Cpu(s):  1.5 us,  0.0 sy,  0.0 ni, 98.5 id,  0.0 wa,  0.0 hi,  0.0 si,  0.0 st
%Cpu(s):  1.0 us,  0.5 sy,  0.0 ni, 98.5 id,  0.0 wa,  0.0 hi,  0.0 si,  0.0 st
%Cpu(s):  1.5 us,  0.5 sy,  0.0 ni, 98.0 id,  0.0 wa,  0.0 hi,  0.0 si,  0.0 st
%Cpu(s):  1.5 us,  0.5 sy,  0.0 ni, 98.0 id,  0.0 wa,  0.0 hi,  0.0 si,  0.0 st
