%Cpu(s):  1.2 us,  0.4 sy,  0.0 ni, 98.3 id,  0.0 wa,  0.0 hi,  0.1 si,  0.0 st
%Cpu(s):  1.0 us,  0.0 sy,  0.0 ni, 99.0 id,  0.0 wa,  0.0 hi,  0.0 si,  0.0 st
%Cpu(s):  0.0 us,  0.0 sy,  0.0 ni,100.0 id,  0.0 wa,  0.0 hi,  0.0 si,  0.0 st
%Cpu(s):  1.0 us,  1.0 sy,  0.0 ni, 98.0 id,  0.0 wa,  0.0 hi,  0.0 si,  0.0 st
%Cpu(s):  1.0 us,  0.0 sy,  0.0 ni, 99.0 id,  0.0 wa,  0.0 hi,  0.0 si,  0.0 st
%Cpu(s):  0.0 us,  1.0 sy,  0.0 ni, 99.0 id,  0.0 wa,  0.0 hi,  0.0 si,  0.0 st
%Cpu(s):  0.5 us,  0.0 sy,  0.0 ni, 99.5 id,  0.0 wa,  0.0 hi,  0.0 si,  0.0 st
%Cpu(s):  0.5 us,  0.5 sy,  0.0 ni, 99.0 id,  0.0 wa,  0.0 hi,  0.0 si,  0.0 st
%Cpu(s):  1.0 us,  0.5 sy,  0.0 ni, 98.5 id,  0.0 wa,  0.0 hi,  0.0 si,  0.0 st
%Cpu(s): 57.7 us,  3.0 sy,  0.0 ni, 39.3 id,  0.0 wa,  0.0 hi,  0.0 si,  0.0 st
%Cpu(s):  4.5 us,  0.0 sy,  0.0 ni, 95.5 id,  0.0 wa,  0.0 hi,  0.0 si,  0.0 st
%Cpu(s): 43.7 us,  3.5 sy,  0.0 ni, 52.3 id,  0.0 wa,  0.0 hi,  0.5 si,  0.0 st
%Cpu(s): 92.0 us,  5.0 sy,  0.0 ni,  1.5 id,  0.0 wa,  0.0 hi,  1.5 si,  0.0 st
%Cpu(s): 81.0 us, 14.5 sy,  0.0 ni,  1.0 id,  0.0 wa,  0.0 hi,  3.5 si,  0.0 st
%Cpu(s): 78.4 us, 18.1 sy,  0.0 ni,  2.0 id,  0.0 wa,  0.0 hi,  1.5 si,  0.0 st
%Cpu(s): 75.3 us, 14.1 sy,  0.0 ni,  7.6 id,  0.0 wa,  0.0 hi,  3.0 si,  0.0 st
%Cpu(s): 69.7 us, 17.7 sy,  0.0 ni,  8.6 id,  0.0 wa,  0.0 hi,  4.0 si,  0.0 st
%Cpu(s): 75.0 us, 16.0 sy,  0.0 ni,  6.5 id,  0.0 wa,  0.0 hi,  2.5 si,  0.0 st
%Cpu(s): 70.6 us, 18.6 sy,  0.0 ni,  8.8 id,  0.0 wa,  0.0 hi,  2.1 si,  0.0 st
%Cpu(s): 71.1 us, 15.4 sy,  0.0 ni, 10.9 id,  0.0 wa,  0.0 hi,  2.5 si,  0.0 st
%Cpu(s): 74.2 us, 12.1 sy,  0.0 ni, 10.6 id,  0.0 wa,  0.0 hi,  3.0 si,  0.0 st
%Cpu(s): 75.4 us, 11.3 sy,  0.0 ni, 11.3 id,  0.0 wa,  0.0 hi,  2.1 si,  0.0 st
%Cpu(s): 73.0 us, 15.0 sy,  0.0 ni,  8.5 id,  0.0 wa,  0.0 hi,  3.5 si,  0.0 st
%Cpu(s): 67.3 us, 17.1 sy,  0.0 ni, 12.6 id,  0.0 wa,  0.0 hi,  3.0 si,  0.0 st
%Cpu(s): 67.0 us, 15.5 sy,  0.0 ni, 14.4 id,  0.0 wa,  0.0 hi,  3.1 si,  0.0 st
%Cpu(s): 62.4 us, 16.8 sy,  0.0 ni, 18.3 id,  0.0 wa,  0.0 hi,  2.5 si,  0.0 st
%Cpu(s): 57.7 us, 15.4 sy,  0.0 ni, 24.4 id,  0.0 wa,  0.0 hi,  2.5 si,  0.0 st
%Cpu(s): 59.8 us, 13.9 sy,  0.0 ni, 23.7 id,  0.0 wa,  0.0 hi,  2.6 si,  0.0 st
%Cpu(s): 42.6 us, 11.7 sy,  0.0 ni, 41.6 id,  0.0 wa,  0.0 hi,  4.1 si,  0.0 st
%Cpu(s): 34.5 us, 14.9 sy,  0.0 ni, 47.4 id,  0.0 wa,  0.0 hi,  3.1 si,  0.0 st
%Cpu(s): 26.2 us, 11.8 sy,  0.0 ni, 60.0 id,  0.0 wa,  0.0 hi,  2.1 si,  0.0 st
%Cpu(s): 39.7 us, 12.4 sy,  0.0 ni, 44.3 id,  0.0 wa,  0.0 hi,  3.6 si,  0.0 st
%Cpu(s): 60.4 us, 14.1 sy,  0.0 ni, 23.4 id,  0.0 wa,  0.0 hi,  2.1 si,  0.0 st
%Cpu(s): 46.5 us, 16.7 sy,  0.0 ni, 31.8 id,  0.0 wa,  0.0 hi,  5.1 si,  0.0 st
%Cpu(s): 31.5 us, 16.7 sy,  0.0 ni, 49.3 id,  0.0 wa,  0.0 hi,  2.5 si,  0.0 st
%Cpu(s): 23.3 us, 14.3 sy,  0.0 ni, 58.2 id,  0.0 wa,  0.0 hi,  4.2 si,  0.0 st
%Cpu(s): 24.5 us, 18.8 sy,  0.0 ni, 54.2 id,  0.0 wa,  0.0 hi,  2.6 si,  0.0 st
%Cpu(s): 27.6 us, 21.6 sy,  0.0 ni, 46.2 id,  0.0 wa,  0.0 hi,  4.5 si,  0.0 st
%Cpu(s): 22.5 us, 22.5 sy,  0.0 ni, 50.8 id,  0.0 wa,  0.0 hi,  4.2 si,  0.0 st
%Cpu(s): 25.4 us, 18.4 sy,  0.0 ni, 52.2 id,  0.0 wa,  0.0 hi,  4.0 si,  0.0 st
%Cpu(s): 19.0 us, 15.2 sy,  0.0 ni, 63.6 id,  0.0 wa,  0.0 hi,  2.2 si,  0.0 st
%Cpu(s): 25.4 us, 17.8 sy,  0.0 ni, 52.8 id,  0.0 wa,  0.0 hi,  4.1 si,  0.0 st
%Cpu(s): 30.2 us, 15.3 sy,  0.0 ni, 49.0 id,  0.0 wa,  0.0 hi,  5.0 si,  0.5 st
%Cpu(s): 25.5 us, 17.3 sy,  0.0 ni, 54.1 id,  0.0 wa,  0.0 hi,  3.1 si,  0.0 st
%Cpu(s): 24.6 us, 17.4 sy,  0.0 ni, 54.9 id,  0.0 wa,  0.0 hi,  3.1 si,  0.0 st
%Cpu(s): 28.1 us, 15.6 sy,  0.0 ni, 52.6 id,  0.0 wa,  0.0 hi,  3.6 si,  0.0 st
%Cpu(s): 29.5 us, 16.0 sy,  0.0 ni, 50.5 id,  0.0 wa,  0.0 hi,  4.0 si,  0.0 st
%Cpu(s): 29.5 us, 13.5 sy,  0.0 ni, 51.5 id,  0.0 wa,  0.0 hi,  5.5 si,  0.0 st
%Cpu(s): 27.3 us, 17.2 sy,  0.0 ni, 51.5 id,  0.0 wa,  0.0 hi,  4.0 si,  0.0 st
%Cpu(s): 22.2 us, 17.5 sy,  0.0 ni, 58.2 id,  0.0 wa,  0.0 hi,  2.1 si,  0.0 st
%Cpu(s): 25.8 us, 17.7 sy,  0.0 ni, 53.0 id,  0.0 wa,  0.0 hi,  3.5 si,  0.0 st
%Cpu(s): 18.4 us, 15.3 sy,  0.0 ni, 63.7 id,  0.0 wa,  0.0 hi,  2.6 si,  0.0 st
%Cpu(s): 19.9 us, 18.8 sy,  0.0 ni, 57.1 id,  0.0 wa,  0.0 hi,  4.2 si,  0.0 st
%Cpu(s): 20.5 us, 15.4 sy,  0.0 ni, 60.0 id,  0.0 wa,  0.0 hi,  4.1 si,  0.0 st
%Cpu(s): 23.6 us, 12.0 sy,  0.0 ni, 60.7 id,  0.0 wa,  0.0 hi,  3.7 si,  0.0 st
%Cpu(s): 22.4 us, 17.5 sy,  0.0 ni, 56.3 id,  0.0 wa,  0.0 hi,  3.8 si,  0.0 st
%Cpu(s): 25.4 us, 14.3 sy,  0.0 ni, 54.5 id,  0.5 wa,  0.0 hi,  5.3 si,  0.0 st
%Cpu(s): 26.4 us, 17.8 sy,  0.0 ni, 52.3 id,  0.0 wa,  0.0 hi,  3.6 si,  0.0 st
%Cpu(s): 26.9 us, 15.0 sy,  0.0 ni, 53.4 id,  0.0 wa,  0.0 hi,  4.7 si,  0.0 st
%Cpu(s): 22.7 us, 13.9 sy,  0.0 ni, 60.3 id,  0.0 wa,  0.0 hi,  3.1 si,  0.0 st
%Cpu(s): 24.3 us, 12.6 sy,  0.0 ni, 60.2 id,  0.0 wa,  0.0 hi,  2.9 si,  0.0 st
%Cpu(s): 21.2 us, 14.1 sy,  0.0 ni, 61.4 id,  0.0 wa,  0.0 hi,  3.3 si,  0.0 st
%Cpu(s): 23.8 us, 17.6 sy,  0.0 ni, 54.9 id,  0.0 wa,  0.0 hi,  3.1 si,  0.5 st
%Cpu(s): 26.2 us, 15.9 sy,  0.0 ni, 54.4 id,  0.0 wa,  0.0 hi,  3.6 si,  0.0 st
%Cpu(s): 22.3 us, 23.3 sy,  0.0 ni, 50.8 id,  0.0 wa,  0.0 hi,  3.6 si,  0.0 st
%Cpu(s): 29.4 us, 21.1 sy,  0.0 ni, 45.6 id,  0.0 wa,  0.0 hi,  3.9 si,  0.0 st
%Cpu(s): 30.1 us, 18.7 sy,  0.0 ni, 46.6 id,  0.0 wa,  0.0 hi,  4.7 si,  0.0 st
%Cpu(s): 26.0 us,  9.3 sy,  0.0 ni, 63.2 id,  0.0 wa,  0.0 hi,  1.5 si,  0.0 st
%Cpu(s):  1.5 us,  0.0 sy,  0.0 ni, 98.0 id,  0.0 wa,  0.0 hi,  0.5 si,  0.0 st
%Cpu(s):  1.5 us,  0.5 sy,  0.0 ni, 98.0 id,  0.0 wa,  0.0 hi,  0.0 si,  0.0 st
%Cpu(s):  1.0 us,  0.5 sy,  0.0 ni, 98.5 id,  0.0 wa,  0.0 hi,  0.0 si,  0.0 st
%Cpu(s):  1.0 us,  0.5 sy,  0.0 ni, 98.5 id,  0.0 wa,  0.0 hi,  0.0 si,  0.0 st
