%Cpu(s):  3.3 us,  1.3 sy,  0.0 ni, 95.1 id,  0.0 wa,  0.0 hi,  0.2 si,  0.0 st
%Cpu(s):  1.0 us,  1.0 sy,  0.0 ni, 98.0 id,  0.0 wa,  0.0 hi,  0.0 si,  0.0 st
%Cpu(s):  1.5 us,  0.5 sy,  0.0 ni, 98.0 id,  0.0 wa,  0.0 hi,  0.0 si,  0.0 st
%Cpu(s):  1.0 us,  0.0 sy,  0.0 ni, 99.0 id,  0.0 wa,  0.0 hi,  0.0 si,  0.0 st
%Cpu(s):  0.5 us,  0.5 sy,  0.0 ni, 99.0 id,  0.0 wa,  0.0 hi,  0.0 si,  0.0 st
%Cpu(s):  0.5 us,  0.5 sy,  0.0 ni, 99.0 id,  0.0 wa,  0.0 hi,  0.0 si,  0.0 st
%Cpu(s):  0.5 us,  1.0 sy,  0.0 ni, 98.5 id,  0.0 wa,  0.0 hi,  0.0 si,  0.0 st
%Cpu(s):  1.0 us,  0.5 sy,  0.0 ni, 98.0 id,  0.0 wa,  0.0 hi,  0.0 si,  0.5 st
%Cpu(s): 25.9 us,  1.0 sy,  0.0 ni, 73.1 id,  0.0 wa,  0.0 hi,  0.0 si,  0.0 st
%Cpu(s): 33.3 us,  2.0 sy,  0.0 ni, 64.6 id,  0.0 wa,  0.0 hi,  0.0 si,  0.0 st
%Cpu(s): 12.5 us,  0.5 sy,  0.0 ni, 87.0 id,  0.0 wa,  0.0 hi,  0.0 si,  0.0 st
%Cpu(s):  1.5 us,  0.0 sy,  0.0 ni, 98.5 id,  0.0 wa,  0.0 hi,  0.0 si,  0.0 st
%Cpu(s):  7.9 us,  0.5 sy,  0.0 ni, 91.6 id,  0.0 wa,  0.0 hi,  0.0 si,  0.0 st
%Cpu(s):  3.9 us,  1.0 sy,  0.0 ni, 94.6 id,  0.0 wa,  0.0 hi,  0.0 si,  0.5 st
%Cpu(s):  2.0 us,  0.0 sy,  0.0 ni, 98.0 id,  0.0 wa,  0.0 hi,  0.0 si,  0.0 st
%Cpu(s): 58.5 us,  6.5 sy,  0.0 ni, 33.0 id,  0.0 wa,  0.0 hi,  2.0 si,  0.0 st
%Cpu(s): 80.8 us,  9.4 sy,  0.0 ni,  7.9 id,  0.0 wa,  0.0 hi,  2.0 si,  0.0 st
%Cpu(s): 73.8 us, 10.9 sy,  0.0 ni, 13.4 id,  0.0 wa,  0.0 hi,  2.0 si,  0.0 st
%Cpu(s): 62.9 us, 12.2 sy,  0.0 ni, 21.8 id,  0.0 wa,  0.0 hi,  3.0 si,  0.0 st
%Cpu(s): 65.7 us, 10.0 sy,  0.0 ni, 21.9 id,  0.0 wa,  0.0 hi,  2.5 si,  0.0 st
%Cpu(s): 58.5 us, 10.9 sy,  0.0 ni, 26.9 id,  0.0 wa,  0.0 hi,  3.6 si,  0.0 st
%Cpu(s): 71.1 us,  8.5 sy,  0.0 ni, 17.9 id,  0.0 wa,  0.0 hi,  2.5 si,  0.0 st
%Cpu(s): 62.3 us, 11.1 sy,  0.0 ni, 23.1 id,  0.0 wa,  0.0 hi,  3.5 si,  0.0 st
%Cpu(s): 53.0 us, 12.5 sy,  0.0 ni, 30.5 id,  0.0 wa,  0.0 hi,  4.0 si,  0.0 st
%Cpu(s): 48.7 us, 10.4 sy,  0.0 ni, 36.3 id,  0.0 wa,  0.0 hi,  4.7 si,  0.0 st
%Cpu(s): 41.4 us, 10.6 sy,  0.0 ni, 44.4 id,  0.0 wa,  0.0 hi,  3.5 si,  0.0 st
%Cpu(s): 38.4 us, 10.8 sy,  0.0 ni, 47.8 id,  0.0 wa,  0.0 hi,  3.0 si,  0.0 st
%Cpu(s): 36.7 us, 10.2 sy,  0.0 ni, 51.0 id,  0.0 wa,  0.0 hi,  2.0 si,  0.0 st
%Cpu(s): 38.2 us,  9.0 sy,  0.0 ni, 50.3 id,  0.0 wa,  0.0 hi,  2.5 si,  0.0 st
%Cpu(s): 43.9 us, 13.2 sy,  0.0 ni, 38.0 id,  0.0 wa,  0.0 hi,  4.9 si,  0.0 st
%Cpu(s): 57.9 us, 12.2 sy,  0.0 ni, 28.4 id,  0.0 wa,  0.0 hi,  1.5 si,  0.0 st
%Cpu(s): 40.6 us, 13.4 sy,  0.0 ni, 43.6 id,  0.0 wa,  0.0 hi,  2.5 si,  0.0 st
%Cpu(s): 24.0 us, 10.8 sy,  0.0 ni, 62.7 id,  0.0 wa,  0.0 hi,  2.5 si,  0.0 st
%Cpu(s): 15.7 us,  9.1 sy,  0.0 ni, 73.6 id,  0.0 wa,  0.0 hi,  1.5 si,  0.0 st
%Cpu(s): 17.2 us, 10.1 sy,  0.0 ni, 70.2 id,  0.0 wa,  0.0 hi,  2.0 si,  0.5 st
%Cpu(s): 17.1 us, 10.1 sy,  0.0 ni, 69.3 id,  0.0 wa,  0.0 hi,  3.5 si,  0.0 st
%Cpu(s): 27.1 us, 13.5 sy,  0.0 ni, 56.0 id,  0.0 wa,  0.0 hi,  3.4 si,  0.0 st
%Cpu(s): 25.0 us, 14.7 sy,  0.0 ni, 56.9 id,  0.0 wa,  0.0 hi,  3.4 si,  0.0 st
%Cpu(s): 24.6 us, 13.6 sy,  0.0 ni, 59.8 id,  0.0 wa,  0.0 hi,  2.0 si,  0.0 st
%Cpu(s): 20.7 us, 10.9 sy,  0.0 ni, 65.3 id,  0.0 wa,  0.0 hi,  3.1 si,  0.0 st
%Cpu(s): 20.2 us, 14.6 sy,  0.0 ni, 63.1 id,  0.0 wa,  0.0 hi,  2.0 si,  0.0 st
%Cpu(s): 16.9 us, 10.3 sy,  0.0 ni, 69.7 id,  0.0 wa,  0.0 hi,  3.1 si,  0.0 st
%Cpu(s): 14.0 us, 11.4 sy,  0.0 ni, 71.5 id,  0.0 wa,  0.0 hi,  3.1 si,  0.0 st
%Cpu(s): 19.1 us, 10.3 sy,  0.0 ni, 68.0 id,  0.0 wa,  0.0 hi,  2.6 si,  0.0 st
%Cpu(s): 17.9 us, 11.4 sy,  0.0 ni, 68.2 id,  0.0 wa,  0.0 hi,  2.5 si,  0.0 st
%Cpu(s): 19.5 us,  9.0 sy,  0.0 ni, 68.0 id,  0.0 wa,  0.0 hi,  3.5 si,  0.0 st
%Cpu(s): 14.4 us, 12.4 sy,  0.0 ni, 70.6 id,  0.0 wa,  0.0 hi,  2.6 si,  0.0 st
%Cpu(s): 17.3 us, 10.7 sy,  0.0 ni, 68.5 id,  0.0 wa,  0.0 hi,  3.6 si,  0.0 st
%Cpu(s): 19.9 us, 11.9 sy,  0.0 ni, 66.7 id,  0.0 wa,  0.0 hi,  1.5 si,  0.0 st
%Cpu(s): 18.1 us, 11.1 sy,  0.0 ni, 67.8 id,  0.0 wa,  0.0 hi,  3.0 si,  0.0 st
%Cpu(s): 20.0 us, 13.0 sy,  0.0 ni, 65.0 id,  0.0 wa,  0.0 hi,  2.0 si,  0.0 st
%Cpu(s): 16.1 us, 12.5 sy,  0.0 ni, 69.3 id,  0.0 wa,  0.0 hi,  2.1 si,  0.0 st
%Cpu(s): 13.3 us, 12.8 sy,  0.0 ni, 72.4 id,  0.0 wa,  0.0 hi,  1.5 si,  0.0 st
%Cpu(s): 15.6 us, 12.1 sy,  0.0 ni, 69.8 id,  0.5 wa,  0.0 hi,  2.0 si,  0.0 st
%Cpu(s): 15.5 us, 11.9 sy,  0.0 ni, 70.1 id,  0.0 wa,  0.0 hi,  2.6 si,  0.0 st
%Cpu(s): 16.7 us, 13.6 sy,  0.0 ni, 66.7 id,  0.0 wa,  0.0 hi,  2.5 si,  0.5 st
%Cpu(s): 15.2 us, 13.7 sy,  0.0 ni, 68.5 id,  0.0 wa,  0.0 hi,  2.5 si,  0.0 st
%Cpu(s): 15.1 us, 12.5 sy,  0.0 ni, 70.3 id,  0.0 wa,  0.0 hi,  2.1 si,  0.0 st
%Cpu(s): 17.7 us, 10.9 sy,  0.0 ni, 69.8 id,  0.0 wa,  0.0 hi,  1.6 si,  0.0 st
%Cpu(s): 16.0 us,  9.6 sy,  0.0 ni, 72.3 id,  0.0 wa,  0.0 hi,  2.1 si,  0.0 st
%Cpu(s): 18.9 us,  9.2 sy,  0.0 ni, 69.9 id,  0.0 wa,  0.0 hi,  2.0 si,  0.0 st
%Cpu(s): 13.5 us, 10.4 sy,  0.0 ni, 72.5 id,  0.0 wa,  0.0 hi,  3.6 si,  0.0 st
%Cpu(s): 14.7 us, 12.2 sy,  0.0 ni, 70.1 id,  0.0 wa,  0.0 hi,  3.0 si,  0.0 st
%Cpu(s): 15.2 us, 12.1 sy,  0.0 ni, 70.2 id,  0.0 wa,  0.0 hi,  2.5 si,  0.0 st
%Cpu(s): 17.0 us, 11.0 sy,  0.0 ni, 69.5 id,  0.0 wa,  0.0 hi,  2.5 si,  0.0 st
%Cpu(s): 15.8 us, 10.5 sy,  0.0 ni, 72.1 id,  0.0 wa,  0.0 hi,  1.6 si,  0.0 st
%Cpu(s): 15.4 us, 12.9 sy,  0.0 ni, 69.7 id,  0.0 wa,  0.0 hi,  2.0 si,  0.0 st
%Cpu(s): 17.7 us,  9.1 sy,  0.0 ni, 70.2 id,  0.0 wa,  0.0 hi,  3.0 si,  0.0 st
%Cpu(s): 15.5 us, 12.6 sy,  0.0 ni, 68.4 id,  0.0 wa,  0.0 hi,  3.4 si,  0.0 st
%Cpu(s): 15.9 us, 11.4 sy,  0.0 ni, 69.7 id,  0.0 wa,  0.0 hi,  3.0 si,  0.0 st
%Cpu(s): 14.2 us,  7.8 sy,  0.0 ni, 77.0 id,  0.0 wa,  0.0 hi,  1.0 si,  0.0 st
%Cpu(s):  1.5 us,  0.0 sy,  0.0 ni, 98.5 id,  0.0 wa,  0.0 hi,  0.0 si,  0.0 st
%Cpu(s):  0.5 us,  0.5 sy,  0.0 ni, 99.0 id,  0.0 wa,  0.0 hi,  0.0 si,  0.0 st
%Cpu(s):  1.0 us,  1.0 sy,  0.0 ni, 98.0 id,  0.0 wa,  0.0 hi,  0.0 si,  0.0 st
%Cpu(s):  0.0 us,  0.5 sy,  0.0 ni, 99.0 id,  0.0 wa,  0.0 hi,  0.0 si,  0.5 st
%Cpu(s):  1.5 us,  0.0 sy,  0.0 ni, 98.5 id,  0.0 wa,  0.0 hi,  0.0 si,  0.0 st
