%Cpu(s):  2.6 us,  1.0 sy,  0.0 ni, 96.1 id,  0.0 wa,  0.0 hi,  0.2 si,  0.0 st
%Cpu(s):  1.5 us,  0.0 sy,  0.0 ni, 98.5 id,  0.0 wa,  0.0 hi,  0.0 si,  0.0 st
%Cpu(s):  0.5 us,  0.5 sy,  0.0 ni, 99.0 id,  0.0 wa,  0.0 hi,  0.0 si,  0.0 st
%Cpu(s):  1.0 us,  0.0 sy,  0.0 ni, 99.0 id,  0.0 wa,  0.0 hi,  0.0 si,  0.0 st
%Cpu(s):  0.0 us,  0.5 sy,  0.0 ni, 99.5 id,  0.0 wa,  0.0 hi,  0.0 si,  0.0 st
%Cpu(s):  0.5 us,  0.0 sy,  0.0 ni, 99.5 id,  0.0 wa,  0.0 hi,  0.0 si,  0.0 st
%Cpu(s):  0.0 us,  0.5 sy,  0.0 ni, 99.5 id,  0.0 wa,  0.0 hi,  0.0 si,  0.0 st
%Cpu(s):  0.5 us,  0.0 sy,  0.0 ni, 99.5 id,  0.0 wa,  0.0 hi,  0.0 si,  0.0 st
%Cpu(s):  2.0 us,  0.0 sy,  0.0 ni, 98.0 id,  0.0 wa,  0.0 hi,  0.0 si,  0.0 st
%Cpu(s): 33.2 us,  2.0 sy,  0.0 ni, 64.8 id,  0.0 wa,  0.0 hi,  0.0 si,  0.0 st
%Cpu(s):  5.5 us,  1.0 sy,  0.0 ni, 93.5 id,  0.0 wa,  0.0 hi,  0.0 si,  0.0 st
%Cpu(s):  3.5 us,  0.5 sy,  0.0 ni, 96.0 id,  0.0 wa,  0.0 hi,  0.0 si,  0.0 st
%Cpu(s):  5.0 us,  1.0 sy,  0.0 ni, 94.1 id,  0.0 wa,  0.0 hi,  0.0 si,  0.0 st
%Cpu(s):  5.5 us,  0.5 sy,  0.0 ni, 93.5 id,  0.0 wa,  0.0 hi,  0.0 si,  0.5 st
%Cpu(s):  5.0 us,  0.0 sy,  0.0 ni, 94.6 id,  0.0 wa,  0.0 hi,  0.5 si,  0.0 st
%Cpu(s): 46.4 us,  4.6 sy,  0.0 ni, 47.9 id,  0.0 wa,  0.0 hi,  1.0 si,  0.0 st
%Cpu(s): 80.0 us,  7.0 sy,  0.0 ni, 11.0 id,  0.0 wa,  0.0 hi,  2.0 si,  0.0 st
%Cpu(s): 77.5 us, 11.0 sy,  0.0 ni,  7.5 id,  0.0 wa,  0.0 hi,  4.0 si,  0.0 st
%Cpu(s): 74.9 us, 12.6 sy,  0.0 ni, 10.6 id,  0.0 wa,  0.0 hi,  2.0 si,  0.0 st
%Cpu(s): 71.6 us, 12.7 sy,  0.0 ni, 12.7 id,  0.0 wa,  0.0 hi,  2.9 si,  0.0 st
%Cpu(s): 71.2 us, 13.6 sy,  0.0 ni, 12.1 id,  0.0 wa,  0.0 hi,  3.0 si,  0.0 st
%Cpu(s): 61.7 us, 15.0 sy,  0.0 ni, 18.0 id,  0.0 wa,  0.0 hi,  5.3 si,  0.0 st
%Cpu(s): 70.6 us, 12.4 sy,  0.0 ni, 13.4 id,  0.0 wa,  0.0 hi,  3.5 si,  0.0 st
%Cpu(s): 76.3 us, 11.6 sy,  0.0 ni,  9.1 id,  0.0 wa,  0.0 hi,  3.0 si,  0.0 st
%Cpu(s): 68.0 us, 12.0 sy,  0.0 ni, 16.5 id,  0.0 wa,  0.0 hi,  3.5 si,  0.0 st
%Cpu(s): 68.2 us, 16.2 sy,  0.0 ni, 11.6 id,  0.0 wa,  0.0 hi,  4.0 si,  0.0 st
%Cpu(s): 75.6 us, 12.7 sy,  0.0 ni,  9.1 id,  0.0 wa,  0.0 hi,  2.5 si,  0.0 st
%Cpu(s): 66.8 us, 13.9 sy,  0.0 ni, 15.3 id,  0.0 wa,  0.0 hi,  4.0 si,  0.0 st
%Cpu(s): 64.8 us, 14.6 sy,  0.0 ni, 16.6 id,  0.0 wa,  0.0 hi,  4.0 si,  0.0 st
%Cpu(s): 43.5 us, 18.5 sy,  0.0 ni, 33.0 id,  0.0 wa,  0.0 hi,  5.0 si,  0.0 st
%Cpu(s): 58.7 us, 15.3 sy,  0.0 ni, 21.9 id,  0.0 wa,  0.0 hi,  4.1 si,  0.0 st
%Cpu(s): 44.8 us, 14.4 sy,  0.0 ni, 37.3 id,  0.0 wa,  0.0 hi,  3.5 si,  0.0 st
%Cpu(s): 32.7 us, 15.3 sy,  0.0 ni, 48.0 id,  0.0 wa,  0.0 hi,  4.1 si,  0.0 st
%Cpu(s): 34.2 us, 15.6 sy,  0.0 ni, 45.7 id,  0.0 wa,  0.0 hi,  4.5 si,  0.0 st
%Cpu(s): 37.5 us, 16.1 sy,  0.0 ni, 43.2 id,  0.0 wa,  0.0 hi,  3.1 si,  0.0 st
%Cpu(s): 35.4 us, 14.1 sy,  0.0 ni, 46.0 id,  0.0 wa,  0.0 hi,  4.5 si,  0.0 st
%Cpu(s): 38.1 us, 19.3 sy,  0.0 ni, 39.1 id,  0.0 wa,  0.0 hi,  3.6 si,  0.0 st
%Cpu(s): 43.7 us, 24.4 sy,  0.0 ni, 28.4 id,  0.0 wa,  0.0 hi,  3.6 si,  0.0 st
%Cpu(s): 46.4 us, 23.5 sy,  0.0 ni, 25.5 id,  0.0 wa,  0.0 hi,  4.6 si,  0.0 st
%Cpu(s): 42.9 us, 20.7 sy,  0.0 ni, 31.5 id,  0.0 wa,  0.0 hi,  4.9 si,  0.0 st
%Cpu(s): 35.8 us, 17.2 sy,  0.0 ni, 41.7 id,  0.0 wa,  0.0 hi,  5.4 si,  0.0 st
%Cpu(s): 26.7 us, 21.3 sy,  0.0 ni, 46.5 id,  0.0 wa,  0.0 hi,  5.4 si,  0.0 st
%Cpu(s): 31.0 us, 22.5 sy,  0.0 ni, 43.5 id,  0.0 wa,  0.0 hi,  3.0 si,  0.0 st
%Cpu(s): 33.9 us, 19.3 sy,  0.0 ni, 44.8 id,  0.0 wa,  0.0 hi,  2.1 si,  0.0 st
%Cpu(s): 33.8 us, 16.4 sy,  0.0 ni, 48.2 id,  0.0 wa,  0.0 hi,  1.5 si,  0.0 st
%Cpu(s): 29.1 us, 21.8 sy,  0.0 ni, 44.7 id,  0.0 wa,  0.0 hi,  4.4 si,  0.0 st
%Cpu(s): 29.4 us, 16.6 sy,  0.0 ni, 50.8 id,  0.0 wa,  0.0 hi,  3.2 si,  0.0 st
%Cpu(s): 30.2 us, 17.6 sy,  0.0 ni, 48.7 id,  0.5 wa,  0.0 hi,  3.0 si,  0.0 st
%Cpu(s): 26.4 us, 18.3 sy,  0.0 ni, 48.7 id,  0.0 wa,  0.0 hi,  6.6 si,  0.0 st
%Cpu(s): 29.9 us, 19.9 sy,  0.0 ni, 44.8 id,  0.0 wa,  0.0 hi,  5.5 si,  0.0 st
%Cpu(s): 31.3 us, 20.7 sy,  0.0 ni, 43.9 id,  0.0 wa,  0.0 hi,  4.0 si,  0.0 st
%Cpu(s): 31.5 us, 17.0 sy,  0.0 ni, 46.5 id,  0.0 wa,  0.0 hi,  5.0 si,  0.0 st
%Cpu(s): 35.8 us, 13.5 sy,  0.0 ni, 47.2 id,  0.0 wa,  0.0 hi,  3.6 si,  0.0 st
%Cpu(s): 29.8 us, 15.2 sy,  0.0 ni, 53.0 id,  0.0 wa,  0.0 hi,  2.0 si,  0.0 st
%Cpu(s): 28.7 us, 15.3 sy,  0.0 ni, 53.0 id,  0.0 wa,  0.0 hi,  3.0 si,  0.0 st
%Cpu(s): 27.3 us, 14.6 sy,  0.0 ni, 54.0 id,  0.0 wa,  0.0 hi,  4.0 si,  0.0 st
%Cpu(s): 24.1 us, 15.8 sy,  0.0 ni, 55.2 id,  0.0 wa,  0.0 hi,  4.9 si,  0.0 st
%Cpu(s): 24.7 us, 14.1 sy,  0.0 ni, 56.6 id,  0.0 wa,  0.0 hi,  4.5 si,  0.0 st
%Cpu(s): 23.6 us, 16.8 sy,  0.0 ni, 57.6 id,  0.0 wa,  0.0 hi,  2.1 si,  0.0 st
%Cpu(s): 27.8 us, 14.1 sy,  0.0 ni, 56.1 id,  0.0 wa,  0.0 hi,  2.0 si,  0.0 st
%Cpu(s): 23.0 us, 17.3 sy,  0.0 ni, 55.6 id,  0.0 wa,  0.0 hi,  4.1 si,  0.0 st
%Cpu(s): 26.9 us, 19.2 sy,  0.0 ni, 51.0 id,  0.0 wa,  0.0 hi,  2.9 si,  0.0 st
%Cpu(s): 23.2 us, 15.8 sy,  0.0 ni, 57.9 id,  0.0 wa,  0.0 hi,  3.2 si,  0.0 st
%Cpu(s): 22.6 us, 15.4 sy,  0.0 ni, 59.0 id,  0.0 wa,  0.0 hi,  3.1 si,  0.0 st
%Cpu(s): 27.2 us, 14.9 sy,  0.0 ni, 54.5 id,  0.0 wa,  0.0 hi,  3.5 si,  0.0 st
%Cpu(s): 24.5 us, 14.6 sy,  0.0 ni, 57.8 id,  0.0 wa,  0.0 hi,  3.1 si,  0.0 st
%Cpu(s): 24.3 us, 16.8 sy,  0.0 ni, 54.5 id,  0.0 wa,  0.0 hi,  4.5 si,  0.0 st
%Cpu(s): 26.8 us, 16.6 sy,  0.0 ni, 53.7 id,  0.0 wa,  0.0 hi,  2.9 si,  0.0 st
%Cpu(s): 24.8 us, 18.3 sy,  0.0 ni, 54.5 id,  0.0 wa,  0.0 hi,  2.5 si,  0.0 st
%Cpu(s): 26.3 us, 12.9 sy,  0.0 ni, 56.7 id,  0.0 wa,  0.0 hi,  4.1 si,  0.0 st
%Cpu(s): 28.0 us, 14.0 sy,  0.0 ni, 57.0 id,  0.0 wa,  0.0 hi,  1.0 si,  0.0 st
%Cpu(s):  1.5 us,  0.0 sy,  0.0 ni, 98.0 id,  0.0 wa,  0.0 hi,  0.0 si,  0.5 st
%Cpu(s):  1.5 us,  1.0 sy,  0.0 ni, 97.5 id,  0.0 wa,  0.0 hi,  0.0 si,  0.0 st
%Cpu(s):  0.5 us,  1.0 sy,  0.0 ni, 98.5 id,  0.0 wa,  0.0 hi,  0.0 si,  0.0 st
%Cpu(s):  0.5 us,  0.5 sy,  0.0 ni, 98.5 id,  0.0 wa,  0.0 hi,  0.5 si,  0.0 st
%Cpu(s):  2.0 us,  0.5 sy,  0.0 ni, 97.5 id,  0.0 wa,  0.0 hi,  0.0 si,  0.0 st
