%Cpu(s):  0.9 us,  0.3 sy,  0.0 ni, 98.7 id,  0.0 wa,  0.0 hi,  0.1 si,  0.0 st
%Cpu(s):  1.5 us,  0.5 sy,  0.0 ni, 98.0 id,  0.0 wa,  0.0 hi,  0.0 si,  0.0 st
%Cpu(s):  0.0 us,  0.5 sy,  0.0 ni, 99.5 id,  0.0 wa,  0.0 hi,  0.0 si,  0.0 st
%Cpu(s):  0.5 us,  0.0 sy,  0.0 ni, 99.5 id,  0.0 wa,  0.0 hi,  0.0 si,  0.0 st
%Cpu(s):  0.0 us,  0.5 sy,  0.0 ni, 99.5 id,  0.0 wa,  0.0 hi,  0.0 si,  0.0 st
%Cpu(s):  0.0 us,  0.0 sy,  0.0 ni,100.0 id,  0.0 wa,  0.0 hi,  0.0 si,  0.0 st
%Cpu(s):  0.5 us,  0.0 sy,  0.0 ni, 99.0 id,  0.5 wa,  0.0 hi,  0.0 si,  0.0 st
%Cpu(s):  0.5 us,  0.0 sy,  0.0 ni, 99.5 id,  0.0 wa,  0.0 hi,  0.0 si,  0.0 st
%Cpu(s):  0.0 us,  0.5 sy,  0.0 ni, 99.5 id,  0.0 wa,  0.0 hi,  0.0 si,  0.0 st
%Cpu(s): 50.5 us,  4.1 sy,  0.0 ni, 45.4 id,  0.0 wa,  0.0 hi,  0.0 si,  0.0 st
%Cpu(s): 13.1 us,  0.0 sy,  0.0 ni, 86.9 id,  0.0 wa,  0.0 hi,  0.0 si,  0.0 st
%Cpu(s): 48.0 us,  6.9 sy,  0.0 ni, 43.6 id,  0.0 wa,  0.0 hi,  1.5 si,  0.0 st
%Cpu(s): 82.4 us, 11.1 sy,  0.0 ni,  4.5 id,  0.0 wa,  0.0 hi,  2.0 si,  0.0 st
%Cpu(s): 78.0 us, 12.5 sy,  0.0 ni,  7.0 id,  0.0 wa,  0.0 hi,  2.5 si,  0.0 st
%Cpu(s): 75.0 us, 14.5 sy,  0.0 ni,  8.5 id,  0.0 wa,  0.0 hi,  2.0 si,  0.0 st
%Cpu(s): 71.4 us, 14.8 sy,  0.0 ni, 10.8 id,  0.0 wa,  0.0 hi,  3.0 si,  0.0 st
%Cpu(s): 72.4 us, 13.6 sy,  0.0 ni, 10.1 id,  0.0 wa,  0.0 hi,  4.0 si,  0.0 st
%Cpu(s): 64.8 us, 13.8 sy,  0.0 ni, 18.4 id,  0.0 wa,  0.0 hi,  3.1 si,  0.0 st
%Cpu(s): 68.3 us, 10.7 sy,  0.0 ni, 16.6 id,  0.0 wa,  0.0 hi,  4.4 si,  0.0 st
%Cpu(s): 58.8 us, 12.1 sy,  0.0 ni, 27.1 id,  0.0 wa,  0.0 hi,  2.0 si,  0.0 st
%Cpu(s): 55.8 us,  9.0 sy,  0.0 ni, 33.2 id,  0.0 wa,  0.0 hi,  2.0 si,  0.0 st
%Cpu(s): 55.4 us, 10.4 sy,  0.0 ni, 31.7 id,  0.5 wa,  0.0 hi,  2.0 si,  0.0 st
%Cpu(s): 53.1 us, 12.8 sy,  0.0 ni, 32.1 id,  0.0 wa,  0.0 hi,  2.0 si,  0.0 st
%Cpu(s): 49.8 us,  8.5 sy,  0.0 ni, 37.8 id,  0.0 wa,  0.0 hi,  4.0 si,  0.0 st
%Cpu(s): 60.8 us, 12.6 sy,  0.0 ni, 25.1 id,  0.0 wa,  0.0 hi,  1.5 si,  0.0 st
%Cpu(s): 35.6 us, 11.7 sy,  0.0 ni, 50.2 id,  0.0 wa,  0.0 hi,  2.4 si,  0.0 st
%Cpu(s): 32.7 us, 11.2 sy,  0.0 ni, 53.1 id,  0.0 wa,  0.0 hi,  3.1 si,  0.0 st
%Cpu(s): 34.9 us,  9.4 sy,  0.0 ni, 53.1 id,  0.0 wa,  0.0 hi,  2.6 si,  0.0 st
%Cpu(s): 19.8 us, 11.9 sy,  0.0 ni, 65.3 id,  0.0 wa,  0.0 hi,  3.0 si,  0.0 st
%Cpu(s): 58.4 us, 13.7 sy,  0.0 ni, 24.4 id,  0.0 wa,  0.0 hi,  3.6 si,  0.0 st
%Cpu(s): 16.4 us,  7.7 sy,  0.0 ni, 72.8 id,  0.0 wa,  0.0 hi,  2.6 si,  0.5 st
%Cpu(s): 25.8 us, 12.1 sy,  0.0 ni, 58.1 id,  0.0 wa,  0.0 hi,  4.0 si,  0.0 st
%Cpu(s): 47.0 us, 14.1 sy,  0.0 ni, 34.8 id,  0.0 wa,  0.0 hi,  4.0 si,  0.0 st
%Cpu(s): 25.9 us, 14.4 sy,  0.0 ni, 55.7 id,  0.0 wa,  0.0 hi,  4.0 si,  0.0 st
%Cpu(s): 29.2 us, 12.3 sy,  0.0 ni, 54.4 id,  0.0 wa,  0.0 hi,  4.1 si,  0.0 st
%Cpu(s): 44.4 us, 13.8 sy,  0.0 ni, 36.7 id,  0.0 wa,  0.0 hi,  5.1 si,  0.0 st
%Cpu(s): 49.0 us, 20.8 sy,  0.0 ni, 27.1 id,  0.0 wa,  0.0 hi,  3.1 si,  0.0 st
%Cpu(s): 41.7 us, 18.6 sy,  0.0 ni, 36.2 id,  0.0 wa,  0.0 hi,  3.5 si,  0.0 st
%Cpu(s): 35.8 us, 17.9 sy,  0.0 ni, 40.0 id,  0.0 wa,  0.0 hi,  6.3 si,  0.0 st
%Cpu(s): 26.8 us, 20.5 sy,  0.0 ni, 48.9 id,  0.0 wa,  0.0 hi,  3.7 si,  0.0 st
%Cpu(s): 20.2 us, 17.2 sy,  0.0 ni, 59.6 id,  0.0 wa,  0.0 hi,  3.0 si,  0.0 st
%Cpu(s): 41.3 us, 22.9 sy,  0.0 ni, 31.3 id,  0.5 wa,  0.0 hi,  4.0 si,  0.0 st
%Cpu(s): 31.5 us, 21.0 sy,  0.0 ni, 44.5 id,  0.0 wa,  0.0 hi,  3.0 si,  0.0 st
%Cpu(s): 44.5 us, 16.5 sy,  0.0 ni, 34.0 id,  0.0 wa,  0.0 hi,  5.0 si,  0.0 st
%Cpu(s): 39.5 us, 18.0 sy,  0.0 ni, 38.0 id,  0.0 wa,  0.0 hi,  4.5 si,  0.0 st
%Cpu(s): 34.2 us, 21.1 sy,  0.0 ni, 39.7 id,  0.0 wa,  0.0 hi,  5.0 si,  0.0 st
%Cpu(s): 37.9 us, 16.7 sy,  0.0 ni, 39.9 id,  0.0 wa,  0.0 hi,  5.6 si,  0.0 st
%Cpu(s): 34.5 us, 19.8 sy,  0.0 ni, 43.1 id,  0.0 wa,  0.0 hi,  2.5 si,  0.0 st
%Cpu(s): 35.6 us, 17.8 sy,  0.0 ni, 42.1 id,  0.0 wa,  0.0 hi,  4.5 si,  0.0 st
%Cpu(s): 30.6 us, 23.8 sy,  0.0 ni, 41.5 id,  0.0 wa,  0.0 hi,  4.1 si,  0.0 st
%Cpu(s): 26.2 us, 12.0 sy,  0.0 ni, 57.6 id,  0.0 wa,  0.0 hi,  4.2 si,  0.0 st
%Cpu(s): 23.2 us, 14.4 sy,  0.0 ni, 59.3 id,  0.0 wa,  0.0 hi,  3.1 si,  0.0 st
%Cpu(s): 33.2 us, 21.1 sy,  0.0 ni, 41.7 id,  0.0 wa,  0.0 hi,  4.0 si,  0.0 st
%Cpu(s): 33.3 us, 17.9 sy,  0.0 ni, 44.1 id,  0.0 wa,  0.0 hi,  4.6 si,  0.0 st
%Cpu(s): 29.3 us, 20.4 sy,  0.0 ni, 45.5 id,  0.0 wa,  0.0 hi,  4.7 si,  0.0 st
%Cpu(s): 29.5 us, 17.1 sy,  0.0 ni, 50.8 id,  0.0 wa,  0.0 hi,  2.6 si,  0.0 st
%Cpu(s): 31.0 us, 13.7 sy,  0.0 ni, 49.2 id,  0.5 wa,  0.0 hi,  5.6 si,  0.0 st
%Cpu(s): 33.5 us, 14.7 sy,  0.0 ni, 48.7 id,  0.0 wa,  0.0 hi,  3.0 si,  0.0 st
%Cpu(s): 30.6 us, 15.5 sy,  0.0 ni, 50.3 id,  0.0 wa,  0.0 hi,  3.6 si,  0.0 st
%Cpu(s): 29.5 us, 13.2 sy,  0.0 ni, 55.3 id,  0.0 wa,  0.0 hi,  2.1 si,  0.0 st
%Cpu(s): 22.5 us, 11.3 sy,  0.0 ni, 60.8 id,  0.0 wa,  0.0 hi,  5.4 si,  0.0 st
%Cpu(s): 28.4 us, 14.2 sy,  0.0 ni, 54.3 id,  0.0 wa,  0.0 hi,  3.0 si,  0.0 st
%Cpu(s): 33.3 us, 14.4 sy,  0.0 ni, 47.2 id,  0.0 wa,  0.0 hi,  5.1 si,  0.0 st
%Cpu(s): 35.1 us, 15.8 sy,  0.0 ni, 43.1 id,  0.0 wa,  0.0 hi,  5.9 si,  0.0 st
%Cpu(s): 33.3 us, 11.6 sy,  0.0 ni, 51.0 id,  0.0 wa,  0.0 hi,  4.0 si,  0.0 st
%Cpu(s): 28.6 us, 15.8 sy,  0.0 ni, 52.6 id,  0.0 wa,  0.0 hi,  3.1 si,  0.0 st
%Cpu(s): 33.3 us, 17.4 sy,  0.0 ni, 43.1 id,  0.5 wa,  0.0 hi,  5.6 si,  0.0 st
%Cpu(s): 33.3 us,  8.1 sy,  0.0 ni, 56.1 id,  0.0 wa,  0.0 hi,  2.5 si,  0.0 st
%Cpu(s):  1.0 us,  0.5 sy,  0.0 ni, 98.0 id,  0.0 wa,  0.0 hi,  0.0 si,  0.5 st
%Cpu(s):  0.5 us,  0.5 sy,  0.0 ni, 99.0 id,  0.0 wa,  0.0 hi,  0.0 si,  0.0 st
%Cpu(s):  1.5 us,  0.5 sy,  0.0 ni, 98.0 id,  0.0 wa,  0.0 hi,  0.0 si,  0.0 st
%Cpu(s):  0.0 us,  0.5 sy,  0.0 ni, 99.5 id,  0.0 wa,  0.0 hi,  0.0 si,  0.0 st
