%Cpu(s):  0.9 us,  0.4 sy,  0.0 ni, 98.6 id,  0.0 wa,  0.0 hi,  0.1 si,  0.0 st
%Cpu(s):  1.5 us,  0.0 sy,  0.0 ni, 98.5 id,  0.0 wa,  0.0 hi,  0.0 si,  0.0 st
%Cpu(s):  1.0 us,  1.0 sy,  0.0 ni, 98.0 id,  0.0 wa,  0.0 hi,  0.0 si,  0.0 st
%Cpu(s):  0.5 us,  1.0 sy,  0.0 ni, 98.5 id,  0.0 wa,  0.0 hi,  0.0 si,  0.0 st
%Cpu(s):  1.5 us,  0.5 sy,  0.0 ni, 98.0 id,  0.0 wa,  0.0 hi,  0.0 si,  0.0 st
%Cpu(s):  1.5 us,  0.0 sy,  0.0 ni, 98.0 id,  0.0 wa,  0.0 hi,  0.0 si,  0.5 st
%Cpu(s):  1.0 us,  1.0 sy,  0.0 ni, 98.0 id,  0.0 wa,  0.0 hi,  0.0 si,  0.0 st
%Cpu(s):  0.5 us,  0.5 sy,  0.0 ni, 99.0 id,  0.0 wa,  0.0 hi,  0.0 si,  0.0 st
%Cpu(s):  1.0 us,  1.0 sy,  0.0 ni, 98.0 id,  0.0 wa,  0.0 hi,  0.0 si,  0.0 st
%Cpu(s): 34.2 us,  1.5 sy,  0.0 ni, 64.4 id,  0.0 wa,  0.0 hi,  0.0 si,  0.0 st
%Cpu(s): 34.3 us,  2.0 sy,  0.0 ni, 63.7 id,  0.0 wa,  0.0 hi,  0.0 si,  0.0 st
%Cpu(s): 28.1 us,  3.5 sy,  0.0 ni, 67.3 id,  0.5 wa,  0.0 hi,  0.5 si,  0.0 st
%Cpu(s): 85.9 us, 10.1 sy,  0.0 ni,  2.0 id,  0.0 wa,  0.0 hi,  2.0 si,  0.0 st
%Cpu(s): 75.9 us, 12.1 sy,  0.0 ni,  8.0 id,  0.0 wa,  0.0 hi,  4.0 si,  0.0 st
%Cpu(s): 73.8 us, 13.8 sy,  0.0 ni, 10.8 id,  0.0 wa,  0.0 hi,  1.5 si,  0.0 st
%Cpu(s): 64.7 us, 12.9 sy,  0.0 ni, 19.9 id,  0.0 wa,  0.0 hi,  2.5 si,  0.0 st
%Cpu(s): 66.5 us, 13.0 sy,  0.0 ni, 18.5 id,  0.0 wa,  0.0 hi,  2.0 si,  0.0 st
%Cpu(s): 64.5 us, 13.0 sy,  0.0 ni, 20.0 id,  0.0 wa,  0.0 hi,  2.5 si,  0.0 st
%Cpu(s): 61.4 us, 10.9 sy,  0.0 ni, 24.3 id,  0.0 wa,  0.0 hi,  2.5 si,  1.0 st
%Cpu(s): 41.7 us,  9.5 sy,  0.0 ni, 46.7 id,  0.0 wa,  0.0 hi,  2.0 si,  0.0 st
%Cpu(s): 62.9 us, 11.2 sy,  0.0 ni, 21.3 id,  0.0 wa,  0.0 hi,  4.6 si,  0.0 st
%Cpu(s): 62.5 us, 12.5 sy,  0.0 ni, 21.5 id,  0.0 wa,  0.0 hi,  3.5 si,  0.0 st
%Cpu(s): 67.5 us, 11.5 sy,  0.0 ni, 18.5 id,  0.0 wa,  0.0 hi,  2.5 si,  0.0 st
%Cpu(s): 69.9 us, 12.4 sy,  0.0 ni, 15.0 id,  0.0 wa,  0.0 hi,  2.6 si,  0.0 st
%Cpu(s): 41.5 us, 11.8 sy,  0.0 ni, 43.6 id,  0.0 wa,  0.0 hi,  3.1 si,  0.0 st
%Cpu(s): 59.6 us, 11.1 sy,  0.0 ni, 26.8 id,  0.0 wa,  0.0 hi,  2.5 si,  0.0 st
%Cpu(s): 56.0 us, 10.5 sy,  0.0 ni, 30.0 id,  0.0 wa,  0.0 hi,  3.5 si,  0.0 st
%Cpu(s): 47.8 us, 13.3 sy,  0.0 ni, 36.9 id,  0.0 wa,  0.0 hi,  2.0 si,  0.0 st
%Cpu(s): 26.3 us, 12.4 sy,  0.0 ni, 60.3 id,  0.0 wa,  0.0 hi,  1.0 si,  0.0 st
%Cpu(s): 39.3 us, 10.4 sy,  0.0 ni, 47.3 id,  0.0 wa,  0.0 hi,  2.5 si,  0.5 st
%Cpu(s): 40.6 us, 15.7 sy,  0.0 ni, 40.1 id,  0.0 wa,  0.0 hi,  3.6 si,  0.0 st
%Cpu(s): 26.4 us, 11.4 sy,  0.0 ni, 59.7 id,  0.0 wa,  0.0 hi,  2.5 si,  0.0 st
%Cpu(s): 23.4 us, 10.9 sy,  0.0 ni, 63.7 id,  0.0 wa,  0.0 hi,  2.0 si,  0.0 st
%Cpu(s): 29.6 us, 10.2 sy,  0.0 ni, 56.6 id,  0.0 wa,  0.0 hi,  3.6 si,  0.0 st
%Cpu(s): 29.0 us, 11.0 sy,  0.0 ni, 57.0 id,  0.0 wa,  0.0 hi,  3.0 si,  0.0 st
%Cpu(s): 49.0 us, 12.1 sy,  0.0 ni, 36.9 id,  0.0 wa,  0.0 hi,  2.0 si,  0.0 st
%Cpu(s): 42.5 us, 14.5 sy,  0.0 ni, 38.0 id,  0.0 wa,  0.0 hi,  5.0 si,  0.0 st
%Cpu(s): 30.1 us, 12.2 sy,  0.0 ni, 55.1 id,  0.0 wa,  0.0 hi,  2.6 si,  0.0 st
%Cpu(s): 17.6 us, 12.1 sy,  0.0 ni, 67.8 id,  0.0 wa,  0.0 hi,  2.5 si,  0.0 st
%Cpu(s): 20.5 us, 10.3 sy,  0.0 ni, 66.2 id,  0.0 wa,  0.0 hi,  3.1 si,  0.0 st
%Cpu(s): 26.0 us, 12.2 sy,  0.0 ni, 59.2 id,  0.0 wa,  0.0 hi,  2.6 si,  0.0 st
%Cpu(s): 26.8 us,  9.6 sy,  0.0 ni, 61.1 id,  0.0 wa,  0.0 hi,  2.5 si,  0.0 st
%Cpu(s): 20.7 us,  8.8 sy,  0.0 ni, 67.9 id,  0.0 wa,  0.0 hi,  2.6 si,  0.0 st
%Cpu(s): 20.8 us, 11.2 sy,  0.0 ni, 65.5 id,  0.0 wa,  0.0 hi,  2.5 si,  0.0 st
%Cpu(s): 22.3 us, 11.7 sy,  0.0 ni, 62.1 id,  0.0 wa,  0.0 hi,  3.9 si,  0.0 st
%Cpu(s): 19.9 us, 11.7 sy,  0.0 ni, 65.3 id,  0.0 wa,  0.0 hi,  3.1 si,  0.0 st
%Cpu(s): 20.3 us, 12.4 sy,  0.0 ni, 64.9 id,  0.0 wa,  0.0 hi,  2.0 si,  0.5 st
%Cpu(s): 18.5 us, 12.8 sy,  0.0 ni, 65.1 id,  0.0 wa,  0.0 hi,  3.6 si,  0.0 st
%Cpu(s): 20.3 us, 12.9 sy,  0.0 ni, 65.3 id,  0.0 wa,  0.0 hi,  1.5 si,  0.0 st
%Cpu(s): 18.0 us, 14.5 sy,  0.0 ni, 65.5 id,  0.0 wa,  0.0 hi,  2.0 si,  0.0 st
%Cpu(s): 19.9 us, 16.4 sy,  0.0 ni, 61.7 id,  0.0 wa,  0.0 hi,  2.0 si,  0.0 st
%Cpu(s): 20.8 us, 13.9 sy,  0.0 ni, 62.4 id,  0.0 wa,  0.0 hi,  3.0 si,  0.0 st
%Cpu(s): 17.9 us, 16.3 sy,  0.0 ni, 63.8 id,  0.0 wa,  0.0 hi,  2.0 si,  0.0 st
%Cpu(s): 18.9 us, 13.8 sy,  0.0 ni, 64.8 id,  0.0 wa,  0.0 hi,  2.6 si,  0.0 st
%Cpu(s): 16.5 us, 16.5 sy,  0.0 ni, 64.4 id,  0.0 wa,  0.0 hi,  2.6 si,  0.0 st
%Cpu(s): 17.6 us, 18.1 sy,  0.0 ni, 61.3 id,  0.0 wa,  0.0 hi,  2.9 si,  0.0 st
%Cpu(s): 17.7 us, 13.4 sy,  0.0 ni, 66.7 id,  0.0 wa,  0.0 hi,  2.2 si,  0.0 st
%Cpu(s): 21.1 us, 13.1 sy,  0.0 ni, 62.3 id,  0.0 wa,  0.0 hi,  3.5 si,  0.0 st
%Cpu(s): 17.3 us, 11.4 sy,  0.0 ni, 68.8 id,  0.0 wa,  0.0 hi,  2.5 si,  0.0 st
%Cpu(s): 18.1 us, 12.1 sy,  0.0 ni, 68.3 id,  0.0 wa,  0.0 hi,  1.5 si,  0.0 st
%Cpu(s): 22.4 us, 11.9 sy,  0.0 ni, 62.7 id,  0.0 wa,  0.0 hi,  3.0 si,  0.0 st
%Cpu(s): 20.3 us, 13.4 sy,  0.0 ni, 63.9 id,  0.0 wa,  0.0 hi,  2.5 si,  0.0 st
%Cpu(s): 20.4 us, 11.2 sy,  0.0 ni, 66.3 id,  0.0 wa,  0.0 hi,  2.0 si,  0.0 st
%Cpu(s): 19.3 us, 12.2 sy,  0.0 ni, 67.0 id,  0.0 wa,  0.0 hi,  1.5 si,  0.0 st
%Cpu(s): 20.1 us, 12.7 sy,  0.0 ni, 63.7 id,  0.0 wa,  0.0 hi,  3.4 si,  0.0 st
%Cpu(s): 23.9 us, 10.4 sy,  0.0 ni, 62.2 id,  0.0 wa,  0.0 hi,  3.5 si,  0.0 st
%Cpu(s): 24.0 us,  9.0 sy,  0.0 ni, 63.0 id,  0.0 wa,  0.0 hi,  4.0 si,  0.0 st
%Cpu(s):  4.5 us,  1.5 sy,  0.0 ni, 93.5 id,  0.0 wa,  0.0 hi,  0.5 si,  0.0 st
%Cpu(s):  1.0 us,  0.5 sy,  0.0 ni, 98.5 id,  0.0 wa,  0.0 hi,  0.0 si,  0.0 st
%Cpu(s):  1.0 us,  0.5 sy,  0.0 ni, 98.5 id,  0.0 wa,  0.0 hi,  0.0 si,  0.0 st
%Cpu(s):  0.5 us,  1.0 sy,  0.0 ni, 98.5 id,  0.0 wa,  0.0 hi,  0.0 si,  0.0 st
%Cpu(s):  3.5 us,  1.0 sy,  0.0 ni, 95.5 id,  0.0 wa,  0.0 hi,  0.0 si,  0.0 st
