%Cpu(s): 10.1 us,  0.7 sy,  0.1 ni, 88.9 id,  0.1 wa,  0.0 hi,  0.0 si,  0.0 st
%Cpu(s): 65.2 us,  4.5 sy,  0.0 ni, 29.9 id,  0.5 wa,  0.0 hi,  0.0 si,  0.0 st
%Cpu(s):  2.0 us,  0.0 sy,  0.0 ni, 98.0 id,  0.0 wa,  0.0 hi,  0.0 si,  0.0 st
%Cpu(s): 11.0 us,  0.0 sy,  0.0 ni, 89.0 id,  0.0 wa,  0.0 hi,  0.0 si,  0.0 st
%Cpu(s): 63.2 us,  3.5 sy,  0.0 ni, 33.3 id,  0.0 wa,  0.0 hi,  0.0 si,  0.0 st
%Cpu(s): 55.0 us,  1.0 sy,  0.0 ni, 44.0 id,  0.0 wa,  0.0 hi,  0.0 si,  0.0 st
%Cpu(s): 52.5 us,  1.5 sy,  0.0 ni, 46.0 id,  0.0 wa,  0.0 hi,  0.0 si,  0.0 st
%Cpu(s): 72.6 us,  4.5 sy,  0.0 ni, 22.4 id,  0.0 wa,  0.0 hi,  0.5 si,  0.0 st
%Cpu(s): 67.2 us,  6.0 sy,  0.0 ni, 26.4 id,  0.5 wa,  0.0 hi,  0.0 si,  0.0 st
%Cpu(s): 30.0 us,  2.0 sy,  0.0 ni, 67.0 id,  0.0 wa,  0.0 hi,  1.0 si,  0.0 st
%Cpu(s): 13.4 us,  2.1 sy,  0.0 ni, 84.5 id,  0.0 wa,  0.0 hi,  0.0 si,  0.0 st
%Cpu(s): 46.0 us,  7.0 sy,  0.0 ni, 46.0 id,  0.0 wa,  0.0 hi,  1.0 si,  0.0 st
%Cpu(s): 39.3 us,  6.3 sy,  0.0 ni, 53.9 id,  0.0 wa,  0.0 hi,  0.5 si,  0.0 st
%Cpu(s): 57.3 us,  6.0 sy,  0.0 ni, 35.7 id,  0.0 wa,  0.0 hi,  1.0 si,  0.0 st
%Cpu(s): 36.0 us,  9.6 sy,  0.0 ni, 53.3 id,  0.0 wa,  0.0 hi,  1.0 si,  0.0 st
%Cpu(s): 49.2 us, 13.1 sy,  0.0 ni, 33.7 id,  0.0 wa,  0.0 hi,  4.0 si,  0.0 st
%Cpu(s): 69.2 us, 20.2 sy,  0.0 ni,  4.5 id,  0.0 wa,  0.0 hi,  6.1 si,  0.0 st
%Cpu(s): 71.5 us, 19.5 sy,  0.0 ni,  4.0 id,  0.0 wa,  0.0 hi,  5.0 si,  0.0 st
%Cpu(s): 69.0 us, 22.5 sy,  0.0 ni,  4.5 id,  0.0 wa,  0.0 hi,  4.0 si,  0.0 st
%Cpu(s): 68.7 us, 18.5 sy,  0.0 ni,  7.7 id,  0.0 wa,  0.0 hi,  5.1 si,  0.0 st
%Cpu(s): 72.0 us, 15.0 sy,  0.0 ni,  7.0 id,  0.0 wa,  0.0 hi,  6.0 si,  0.0 st
%Cpu(s): 73.5 us, 14.3 sy,  0.0 ni,  7.1 id,  0.0 wa,  0.0 hi,  5.1 si,  0.0 st
%Cpu(s): 74.7 us, 14.6 sy,  0.0 ni,  5.6 id,  0.0 wa,  0.0 hi,  5.1 si,  0.0 st
%Cpu(s): 71.4 us, 12.8 sy,  0.0 ni, 13.3 id,  0.0 wa,  0.0 hi,  2.6 si,  0.0 st
%Cpu(s): 75.6 us, 13.5 sy,  0.0 ni,  7.3 id,  0.0 wa,  0.0 hi,  3.6 si,  0.0 st
%Cpu(s): 65.1 us, 14.1 sy,  0.0 ni, 16.7 id,  0.0 wa,  0.0 hi,  4.2 si,  0.0 st
%Cpu(s): 56.5 us, 14.0 sy,  0.0 ni, 25.9 id,  0.0 wa,  0.0 hi,  3.6 si,  0.0 st
%Cpu(s): 60.2 us, 11.7 sy,  0.0 ni, 21.9 id,  0.0 wa,  0.0 hi,  6.1 si,  0.0 st
%Cpu(s): 64.0 us, 16.8 sy,  0.0 ni, 13.2 id,  0.0 wa,  0.0 hi,  6.1 si,  0.0 st
%Cpu(s): 45.7 us, 20.2 sy,  0.0 ni, 27.7 id,  0.0 wa,  0.0 hi,  6.4 si,  0.0 st
%Cpu(s): 29.9 us, 17.0 sy,  0.0 ni, 49.5 id,  0.0 wa,  0.0 hi,  3.6 si,  0.0 st
%Cpu(s): 38.2 us, 14.5 sy,  0.0 ni, 43.0 id,  0.0 wa,  0.0 hi,  4.3 si,  0.0 st
%Cpu(s): 32.1 us, 17.4 sy,  0.0 ni, 47.3 id,  0.0 wa,  0.0 hi,  3.3 si,  0.0 st
%Cpu(s): 23.0 us, 17.4 sy,  0.0 ni, 56.2 id,  0.0 wa,  0.0 hi,  3.4 si,  0.0 st
%Cpu(s): 26.5 us, 16.0 sy,  0.0 ni, 53.6 id,  0.0 wa,  0.0 hi,  3.9 si,  0.0 st
%Cpu(s): 29.9 us, 14.9 sy,  0.0 ni, 52.3 id,  0.0 wa,  0.0 hi,  2.9 si,  0.0 st
%Cpu(s): 31.3 us, 16.5 sy,  0.0 ni, 48.4 id,  0.0 wa,  0.0 hi,  3.8 si,  0.0 st
%Cpu(s): 34.4 us, 17.2 sy,  0.0 ni, 44.1 id,  0.0 wa,  0.0 hi,  4.3 si,  0.0 st
%Cpu(s): 29.9 us, 16.1 sy,  0.0 ni, 49.4 id,  0.0 wa,  0.0 hi,  4.6 si,  0.0 st
%Cpu(s): 28.6 us, 17.7 sy,  0.0 ni, 49.1 id,  0.0 wa,  0.0 hi,  4.6 si,  0.0 st
%Cpu(s): 29.4 us, 22.6 sy,  0.0 ni, 44.1 id,  0.0 wa,  0.0 hi,  4.0 si,  0.0 st
%Cpu(s): 27.7 us, 25.0 sy,  0.0 ni, 45.1 id,  0.0 wa,  0.0 hi,  2.2 si,  0.0 st
%Cpu(s): 37.4 us, 15.9 sy,  0.0 ni, 43.4 id,  0.0 wa,  0.0 hi,  3.3 si,  0.0 st
%Cpu(s): 28.1 us, 15.8 sy,  0.0 ni, 52.6 id,  0.0 wa,  0.0 hi,  3.5 si,  0.0 st
%Cpu(s): 29.8 us, 19.7 sy,  0.0 ni, 46.1 id,  0.0 wa,  0.0 hi,  4.5 si,  0.0 st
%Cpu(s): 29.9 us, 15.5 sy,  0.0 ni, 51.1 id,  0.0 wa,  0.0 hi,  3.4 si,  0.0 st
%Cpu(s): 30.7 us, 18.8 sy,  0.0 ni, 46.6 id,  0.0 wa,  0.0 hi,  4.0 si,  0.0 st
%Cpu(s): 30.1 us, 16.9 sy,  0.0 ni, 48.8 id,  0.0 wa,  0.0 hi,  4.2 si,  0.0 st
%Cpu(s): 29.6 us, 17.9 sy,  0.0 ni, 48.6 id,  0.0 wa,  0.0 hi,  3.9 si,  0.0 st
%Cpu(s): 26.6 us, 20.3 sy,  0.0 ni, 50.8 id,  0.0 wa,  0.0 hi,  2.3 si,  0.0 st
%Cpu(s): 26.2 us, 16.3 sy,  0.0 ni, 53.5 id,  0.0 wa,  0.0 hi,  4.1 si,  0.0 st
%Cpu(s): 27.9 us, 14.0 sy,  0.0 ni, 54.1 id,  0.0 wa,  0.0 hi,  4.1 si,  0.0 st
%Cpu(s): 28.2 us, 18.1 sy,  0.0 ni, 48.4 id,  0.0 wa,  0.0 hi,  5.3 si,  0.0 st
%Cpu(s): 25.7 us, 13.9 sy,  0.0 ni, 57.2 id,  0.0 wa,  0.0 hi,  3.2 si,  0.0 st
%Cpu(s): 23.0 us, 16.9 sy,  0.0 ni, 54.1 id,  0.0 wa,  0.0 hi,  6.0 si,  0.0 st
%Cpu(s): 23.5 us, 14.8 sy,  0.0 ni, 57.4 id,  0.0 wa,  0.0 hi,  4.4 si,  0.0 st
%Cpu(s): 32.0 us, 14.4 sy,  0.0 ni, 48.6 id,  0.0 wa,  0.0 hi,  5.0 si,  0.0 st
%Cpu(s): 36.0 us, 16.3 sy,  0.0 ni, 43.8 id,  0.0 wa,  0.0 hi,  3.9 si,  0.0 st
%Cpu(s): 26.0 us, 22.0 sy,  0.0 ni, 50.9 id,  0.0 wa,  0.0 hi,  1.2 si,  0.0 st
%Cpu(s): 30.3 us, 18.9 sy,  0.0 ni, 49.1 id,  0.0 wa,  0.0 hi,  1.7 si,  0.0 st
%Cpu(s): 33.5 us, 18.8 sy,  0.0 ni, 46.0 id,  0.0 wa,  0.0 hi,  1.7 si,  0.0 st
%Cpu(s): 24.9 us, 19.1 sy,  0.0 ni, 53.2 id,  0.0 wa,  0.0 hi,  2.9 si,  0.0 st
%Cpu(s): 41.2 us, 16.5 sy,  0.0 ni, 38.5 id,  0.0 wa,  0.0 hi,  3.8 si,  0.0 st
%Cpu(s): 55.3 us, 17.6 sy,  0.0 ni, 19.1 id,  0.0 wa,  0.0 hi,  8.0 si,  0.0 st
%Cpu(s): 27.1 us, 18.6 sy,  0.0 ni, 51.4 id,  0.0 wa,  0.0 hi,  2.8 si,  0.0 st
%Cpu(s): 26.0 us, 14.2 sy,  0.0 ni, 54.4 id,  0.0 wa,  0.0 hi,  5.3 si,  0.0 st
%Cpu(s): 30.5 us, 17.2 sy,  0.0 ni, 47.7 id,  0.0 wa,  0.0 hi,  4.6 si,  0.0 st
%Cpu(s): 32.0 us, 18.9 sy,  0.0 ni, 46.3 id,  0.0 wa,  0.0 hi,  2.9 si,  0.0 st
%Cpu(s): 27.8 us, 16.0 sy,  0.0 ni, 52.5 id,  0.0 wa,  0.0 hi,  3.7 si,  0.0 st
%Cpu(s): 28.0 us, 20.0 sy,  0.0 ni, 48.6 id,  0.0 wa,  0.0 hi,  3.4 si,  0.0 st
%Cpu(s): 27.3 us, 16.4 sy,  0.0 ni, 51.9 id,  0.0 wa,  0.0 hi,  4.4 si,  0.0 st
%Cpu(s):  2.0 us,  1.0 sy,  0.0 ni, 96.4 id,  0.0 wa,  0.0 hi,  0.0 si,  0.5 st
%Cpu(s):  1.0 us,  1.0 sy,  0.0 ni, 98.0 id,  0.0 wa,  0.0 hi,  0.0 si,  0.0 st
%Cpu(s):  1.5 us,  1.5 sy,  0.0 ni, 97.0 id,  0.0 wa,  0.0 hi,  0.0 si,  0.0 st
%Cpu(s):  2.0 us,  1.0 sy,  0.0 ni, 96.5 id,  0.0 wa,  0.0 hi,  0.5 si,  0.0 st
%Cpu(s):  0.5 us,  2.5 sy,  0.0 ni, 96.5 id,  0.0 wa,  0.0 hi,  0.0 si,  0.5 st
