%Cpu(s):  7.2 us,  1.2 sy,  0.0 ni, 91.3 id,  0.1 wa,  0.0 hi,  0.3 si,  0.0 st
%Cpu(s): 67.8 us,  7.0 sy,  0.0 ni, 25.1 id,  0.0 wa,  0.0 hi,  0.0 si,  0.0 st
%Cpu(s): 21.0 us,  2.5 sy,  0.0 ni, 76.5 id,  0.0 wa,  0.0 hi,  0.0 si,  0.0 st
%Cpu(s):  3.0 us,  0.5 sy,  0.0 ni, 96.5 id,  0.0 wa,  0.0 hi,  0.0 si,  0.0 st
%Cpu(s):  2.5 us,  1.0 sy,  0.0 ni, 96.5 id,  0.0 wa,  0.0 hi,  0.0 si,  0.0 st
%Cpu(s):  8.0 us,  0.5 sy,  0.0 ni, 91.5 id,  0.0 wa,  0.0 hi,  0.0 si,  0.0 st
%Cpu(s): 58.4 us,  3.0 sy,  0.0 ni, 38.1 id,  0.5 wa,  0.0 hi,  0.0 si,  0.0 st
%Cpu(s): 61.9 us,  1.5 sy,  0.0 ni, 36.6 id,  0.0 wa,  0.0 hi,  0.0 si,  0.0 st
%Cpu(s): 51.7 us,  1.0 sy,  0.0 ni, 47.3 id,  0.0 wa,  0.0 hi,  0.0 si,  0.0 st
%Cpu(s): 77.0 us,  8.5 sy,  0.0 ni, 14.0 id,  0.0 wa,  0.0 hi,  0.5 si,  0.0 st
%Cpu(s): 89.6 us,  5.5 sy,  0.0 ni,  5.0 id,  0.0 wa,  0.0 hi,  0.0 si,  0.0 st
%Cpu(s): 29.9 us,  3.6 sy,  0.0 ni, 66.0 id,  0.0 wa,  0.0 hi,  0.5 si,  0.0 st
%Cpu(s): 44.8 us,  3.0 sy,  0.0 ni, 51.2 id,  0.0 wa,  0.0 hi,  1.0 si,  0.0 st
%Cpu(s): 81.4 us, 15.1 sy,  0.0 ni,  0.0 id,  0.0 wa,  0.0 hi,  3.5 si,  0.0 st
%Cpu(s): 77.0 us, 17.0 sy,  0.0 ni,  2.0 id,  0.0 wa,  0.0 hi,  4.0 si,  0.0 st
%Cpu(s): 76.3 us, 14.6 sy,  0.0 ni,  3.0 id,  0.0 wa,  0.0 hi,  6.1 si,  0.0 st
%Cpu(s): 77.0 us, 17.0 sy,  0.0 ni,  1.5 id,  0.0 wa,  0.0 hi,  4.5 si,  0.0 st
%Cpu(s): 73.0 us, 20.5 sy,  0.0 ni,  1.5 id,  0.0 wa,  0.0 hi,  5.0 si,  0.0 st
%Cpu(s): 67.0 us, 22.5 sy,  0.0 ni,  4.0 id,  0.0 wa,  0.0 hi,  6.5 si,  0.0 st
%Cpu(s): 70.8 us, 20.3 sy,  0.0 ni,  2.0 id,  0.0 wa,  0.0 hi,  6.9 si,  0.0 st
%Cpu(s): 72.1 us, 19.6 sy,  0.0 ni,  2.9 id,  0.0 wa,  0.0 hi,  5.4 si,  0.0 st
%Cpu(s): 70.0 us, 20.0 sy,  0.0 ni,  3.0 id,  0.0 wa,  0.0 hi,  7.0 si,  0.0 st
%Cpu(s): 74.0 us, 19.0 sy,  0.0 ni,  1.0 id,  0.0 wa,  0.0 hi,  6.0 si,  0.0 st
%Cpu(s): 75.4 us, 17.6 sy,  0.0 ni,  1.5 id,  0.0 wa,  0.0 hi,  5.5 si,  0.0 st
%Cpu(s): 70.9 us, 17.6 sy,  0.0 ni,  3.5 id,  0.0 wa,  0.0 hi,  8.0 si,  0.0 st
%Cpu(s): 73.9 us, 17.6 sy,  0.0 ni,  2.0 id,  0.0 wa,  0.0 hi,  6.5 si,  0.0 st
%Cpu(s): 71.8 us, 18.3 sy,  0.0 ni,  3.5 id,  0.0 wa,  0.0 hi,  6.4 si,  0.0 st
%Cpu(s): 70.2 us, 22.7 sy,  0.0 ni,  3.5 id,  0.0 wa,  0.0 hi,  3.5 si,  0.0 st
%Cpu(s): 72.0 us, 19.0 sy,  0.0 ni,  2.0 id,  0.0 wa,  0.0 hi,  7.0 si,  0.0 st
%Cpu(s): 70.2 us, 19.2 sy,  0.0 ni,  3.5 id,  0.0 wa,  0.0 hi,  7.1 si,  0.0 st
%Cpu(s): 68.5 us, 21.5 sy,  0.0 ni,  3.0 id,  0.0 wa,  0.0 hi,  7.0 si,  0.0 st
%Cpu(s): 71.7 us, 19.7 sy,  0.0 ni,  2.0 id,  0.0 wa,  0.0 hi,  6.6 si,  0.0 st
%Cpu(s): 71.9 us, 19.6 sy,  0.0 ni,  2.5 id,  0.0 wa,  0.0 hi,  6.0 si,  0.0 st
%Cpu(s): 70.9 us, 16.6 sy,  0.0 ni,  7.0 id,  0.0 wa,  0.0 hi,  5.5 si,  0.0 st
%Cpu(s): 73.8 us, 17.9 sy,  0.0 ni,  2.1 id,  0.0 wa,  0.0 hi,  6.2 si,  0.0 st
%Cpu(s): 65.8 us, 20.6 sy,  0.0 ni,  4.0 id,  0.0 wa,  0.0 hi,  9.5 si,  0.0 st
%Cpu(s): 69.0 us, 19.5 sy,  0.0 ni,  3.0 id,  0.0 wa,  0.0 hi,  8.5 si,  0.0 st
%Cpu(s): 70.7 us, 20.7 sy,  0.0 ni,  2.5 id,  0.0 wa,  0.0 hi,  6.1 si,  0.0 st
%Cpu(s): 60.8 us, 22.7 sy,  0.0 ni,  9.3 id,  0.0 wa,  0.0 hi,  7.2 si,  0.0 st
%Cpu(s): 50.3 us, 21.3 sy,  0.0 ni, 21.3 id,  0.0 wa,  0.0 hi,  7.1 si,  0.0 st
%Cpu(s): 46.3 us, 25.0 sy,  0.0 ni, 21.3 id,  0.0 wa,  0.0 hi,  7.4 si,  0.0 st
%Cpu(s): 47.6 us, 26.5 sy,  0.0 ni, 19.0 id,  0.0 wa,  0.0 hi,  6.9 si,  0.0 st
%Cpu(s): 37.9 us, 25.8 sy,  0.0 ni, 28.0 id,  0.0 wa,  0.0 hi,  8.2 si,  0.0 st
%Cpu(s): 40.2 us, 25.5 sy,  0.0 ni, 25.5 id,  0.0 wa,  0.0 hi,  8.7 si,  0.0 st
%Cpu(s): 49.4 us, 21.0 sy,  0.0 ni, 23.3 id,  0.0 wa,  0.0 hi,  6.2 si,  0.0 st
%Cpu(s): 37.8 us, 22.2 sy,  0.0 ni, 30.6 id,  0.0 wa,  0.0 hi,  9.4 si,  0.0 st
%Cpu(s): 38.8 us, 24.1 sy,  0.0 ni, 27.6 id,  0.0 wa,  0.0 hi,  9.4 si,  0.0 st
%Cpu(s): 43.2 us, 23.2 sy,  0.0 ni, 25.9 id,  0.0 wa,  0.0 hi,  7.6 si,  0.0 st
%Cpu(s): 42.1 us, 24.2 sy,  0.0 ni, 28.7 id,  0.0 wa,  0.0 hi,  5.1 si,  0.0 st
%Cpu(s): 42.6 us, 22.2 sy,  0.0 ni, 30.7 id,  0.0 wa,  0.0 hi,  4.5 si,  0.0 st
%Cpu(s): 41.8 us, 25.4 sy,  0.0 ni, 28.8 id,  0.0 wa,  0.0 hi,  4.0 si,  0.0 st
%Cpu(s): 42.6 us, 21.6 sy,  0.0 ni, 27.8 id,  0.0 wa,  0.0 hi,  8.0 si,  0.0 st
%Cpu(s): 41.4 us, 24.3 sy,  0.0 ni, 28.7 id,  0.0 wa,  0.0 hi,  5.5 si,  0.0 st
%Cpu(s): 43.6 us, 25.5 sy,  0.0 ni, 25.0 id,  0.0 wa,  0.0 hi,  5.9 si,  0.0 st
%Cpu(s): 46.2 us, 25.3 sy,  0.0 ni, 22.0 id,  0.0 wa,  0.0 hi,  6.6 si,  0.0 st
%Cpu(s): 41.0 us, 25.3 sy,  0.0 ni, 25.3 id,  0.0 wa,  0.0 hi,  8.4 si,  0.0 st
%Cpu(s): 42.4 us, 21.5 sy,  0.0 ni, 27.3 id,  0.0 wa,  0.0 hi,  8.7 si,  0.0 st
%Cpu(s): 43.6 us, 26.0 sy,  0.0 ni, 24.9 id,  0.0 wa,  0.0 hi,  5.5 si,  0.0 st
%Cpu(s): 44.3 us, 22.4 sy,  0.0 ni, 27.0 id,  0.0 wa,  0.0 hi,  6.3 si,  0.0 st
%Cpu(s): 46.5 us, 22.7 sy,  0.0 ni, 22.7 id,  0.0 wa,  0.0 hi,  8.1 si,  0.0 st
%Cpu(s): 43.3 us, 23.3 sy,  0.0 ni, 25.6 id,  0.0 wa,  0.0 hi,  7.8 si,  0.0 st
%Cpu(s): 41.0 us, 26.6 sy,  0.0 ni, 25.4 id,  0.0 wa,  0.0 hi,  6.9 si,  0.0 st
%Cpu(s): 39.5 us, 24.9 sy,  0.0 ni, 26.6 id,  0.0 wa,  0.0 hi,  9.0 si,  0.0 st
%Cpu(s): 46.2 us, 17.6 sy,  0.0 ni, 28.6 id,  0.0 wa,  0.0 hi,  7.7 si,  0.0 st
%Cpu(s): 45.7 us, 22.8 sy,  0.0 ni, 23.9 id,  0.0 wa,  0.0 hi,  7.6 si,  0.0 st
%Cpu(s): 40.0 us, 23.6 sy,  0.0 ni, 29.7 id,  0.0 wa,  0.0 hi,  6.7 si,  0.0 st
%Cpu(s): 14.4 us, 10.6 sy,  0.0 ni, 72.9 id,  0.0 wa,  0.0 hi,  2.1 si,  0.0 st
%Cpu(s):  2.5 us,  0.0 sy,  0.0 ni, 97.5 id,  0.0 wa,  0.0 hi,  0.0 si,  0.0 st
%Cpu(s):  2.5 us,  1.5 sy,  0.0 ni, 96.0 id,  0.0 wa,  0.0 hi,  0.0 si,  0.0 st
%Cpu(s):  2.5 us,  1.0 sy,  0.0 ni, 96.5 id,  0.0 wa,  0.0 hi,  0.0 si,  0.0 st
%Cpu(s):  2.0 us,  0.5 sy,  0.0 ni, 97.0 id,  0.0 wa,  0.0 hi,  0.5 si,  0.0 st
