%Cpu(s):  2.8 us,  1.8 sy,  0.0 ni, 95.1 id,  0.0 wa,  0.0 hi,  0.2 si,  0.0 st
%Cpu(s):  0.1 us,  0.1 sy,  0.0 ni, 99.8 id,  0.0 wa,  0.0 hi,  0.0 si,  0.0 st
%Cpu(s):  0.4 us,  0.1 sy,  0.0 ni, 99.5 id,  0.0 wa,  0.0 hi,  0.0 si,  0.0 st
%Cpu(s):  0.2 us,  0.1 sy,  0.0 ni, 99.6 id,  0.0 wa,  0.0 hi,  0.0 si,  0.0 st
%Cpu(s):  6.0 us,  0.3 sy,  0.0 ni, 93.5 id,  0.1 wa,  0.0 hi,  0.0 si,  0.1 st
%Cpu(s): 33.9 us,  3.9 sy,  0.0 ni, 62.2 id,  0.0 wa,  0.0 hi,  0.0 si,  0.0 st
%Cpu(s): 41.0 us,  4.4 sy,  0.0 ni, 54.3 id,  0.0 wa,  0.0 hi,  0.1 si,  0.1 st
%Cpu(s): 28.5 us,  5.5 sy,  0.0 ni, 65.8 id,  0.0 wa,  0.0 hi,  0.2 si,  0.0 st
%Cpu(s): 10.1 us,  6.4 sy,  0.0 ni, 83.4 id,  0.0 wa,  0.0 hi,  0.0 si,  0.1 st
%Cpu(s):  9.0 us,  4.1 sy,  0.0 ni, 86.8 id,  0.0 wa,  0.0 hi,  0.1 si,  0.0 st
%Cpu(s):  7.3 us,  4.7 sy,  0.0 ni, 87.4 id,  0.0 wa,  0.0 hi,  0.6 si,  0.0 st
%Cpu(s):  6.1 us,  5.6 sy,  0.0 ni, 88.1 id,  0.0 wa,  0.0 hi,  0.3 si,  0.0 st
%Cpu(s):  6.6 us,  4.2 sy,  0.0 ni, 88.6 id,  0.0 wa,  0.0 hi,  0.5 si,  0.1 st
%Cpu(s):  6.7 us,  4.4 sy,  0.0 ni, 88.6 id,  0.0 wa,  0.0 hi,  0.3 si,  0.0 st
%Cpu(s): 10.9 us,  4.8 sy,  0.0 ni, 84.1 id,  0.0 wa,  0.0 hi,  0.1 si,  0.0 st
%Cpu(s): 43.8 us,  5.1 sy,  0.0 ni, 50.5 id,  0.0 wa,  0.0 hi,  0.6 si,  0.0 st
%Cpu(s): 18.1 us,  5.3 sy,  0.0 ni, 76.0 id,  0.0 wa,  0.0 hi,  0.5 si,  0.1 st
%Cpu(s): 21.8 us,  5.5 sy,  0.0 ni, 72.4 id,  0.0 wa,  0.0 hi,  0.3 si,  0.0 st
%Cpu(s):  8.1 us,  6.8 sy,  0.0 ni, 84.9 id,  0.0 wa,  0.0 hi,  0.1 si,  0.0 st
%Cpu(s): 12.3 us,  8.2 sy,  0.0 ni, 79.4 id,  0.0 wa,  0.0 hi,  0.1 si,  0.0 st
%Cpu(s): 10.7 us,  7.3 sy,  0.0 ni, 82.0 id,  0.0 wa,  0.0 hi,  0.0 si,  0.0 st
%Cpu(s): 10.1 us,  8.1 sy,  0.0 ni, 81.7 id,  0.0 wa,  0.0 hi,  0.1 si,  0.0 st
%Cpu(s):  9.9 us,  9.0 sy,  0.0 ni, 81.1 id,  0.0 wa,  0.0 hi,  0.0 si,  0.0 st
%Cpu(s): 10.3 us,  8.8 sy,  0.0 ni, 80.9 id,  0.0 wa,  0.0 hi,  0.0 si,  0.0 st
%Cpu(s): 11.0 us,  7.9 sy,  0.0 ni, 81.1 id,  0.0 wa,  0.0 hi,  0.0 si,  0.0 st
%Cpu(s): 11.5 us,  7.3 sy,  0.0 ni, 80.9 id,  0.0 wa,  0.0 hi,  0.3 si,  0.0 st
%Cpu(s): 10.1 us,  8.0 sy,  0.0 ni, 81.8 id,  0.0 wa,  0.0 hi,  0.1 si,  0.0 st
%Cpu(s): 11.9 us,  8.2 sy,  0.0 ni, 79.9 id,  0.0 wa,  0.0 hi,  0.0 si,  0.0 st
%Cpu(s):  9.8 us,  9.0 sy,  0.0 ni, 81.2 id,  0.0 wa,  0.0 hi,  0.0 si,  0.0 st
%Cpu(s): 10.9 us,  7.6 sy,  0.0 ni, 81.5 id,  0.0 wa,  0.0 hi,  0.0 si,  0.0 st
%Cpu(s): 11.2 us,  7.7 sy,  0.0 ni, 81.1 id,  0.0 wa,  0.0 hi,  0.0 si,  0.0 st
%Cpu(s): 10.5 us,  8.6 sy,  0.0 ni, 80.8 id,  0.0 wa,  0.0 hi,  0.1 si,  0.0 st
%Cpu(s):  9.2 us,  9.0 sy,  0.0 ni, 79.7 id,  0.0 wa,  0.0 hi,  2.1 si,  0.0 st
%Cpu(s): 10.0 us,  8.9 sy,  0.0 ni, 78.8 id,  0.0 wa,  0.0 hi,  2.3 si,  0.0 st
%Cpu(s): 11.0 us,  8.0 sy,  0.0 ni, 80.1 id,  0.0 wa,  0.0 hi,  0.9 si,  0.0 st
%Cpu(s): 11.4 us,  8.5 sy,  0.0 ni, 80.2 id,  0.0 wa,  0.0 hi,  0.0 si,  0.0 st
%Cpu(s): 10.4 us,  9.0 sy,  0.0 ni, 80.6 id,  0.0 wa,  0.0 hi,  0.0 si,  0.0 st
%Cpu(s):  9.4 us,  7.9 sy,  0.0 ni, 82.6 id,  0.1 wa,  0.0 hi,  0.0 si,  0.0 st
%Cpu(s):  9.8 us,  8.2 sy,  0.0 ni, 82.0 id,  0.0 wa,  0.0 hi,  0.0 si,  0.0 st
%Cpu(s): 10.3 us,  8.0 sy,  0.0 ni, 81.6 id,  0.0 wa,  0.0 hi,  0.1 si,  0.0 st
%Cpu(s):  9.7 us,  9.4 sy,  0.0 ni, 80.9 id,  0.0 wa,  0.0 hi,  0.0 si,  0.0 st
%Cpu(s): 10.8 us,  8.1 sy,  0.0 ni, 81.2 id,  0.0 wa,  0.0 hi,  0.0 si,  0.0 st
%Cpu(s): 10.9 us,  7.7 sy,  0.0 ni, 81.4 id,  0.0 wa,  0.0 hi,  0.0 si,  0.0 st
%Cpu(s): 11.3 us,  8.2 sy,  0.0 ni, 80.5 id,  0.0 wa,  0.0 hi,  0.0 si,  0.0 st
%Cpu(s): 12.3 us,  8.3 sy,  0.0 ni, 79.4 id,  0.0 wa,  0.0 hi,  0.0 si,  0.0 st
%Cpu(s): 21.8 us,  8.9 sy,  0.0 ni, 68.9 id,  0.0 wa,  0.0 hi,  0.3 si,  0.1 st
%Cpu(s): 11.4 us,  9.2 sy,  0.0 ni, 79.3 id,  0.0 wa,  0.0 hi,  0.1 si,  0.0 st
%Cpu(s): 10.6 us,  8.5 sy,  0.0 ni, 80.8 id,  0.0 wa,  0.0 hi,  0.1 si,  0.0 st
%Cpu(s): 13.5 us,  7.6 sy,  0.0 ni, 78.4 id,  0.0 wa,  0.0 hi,  0.5 si,  0.0 st
%Cpu(s): 10.3 us,  9.0 sy,  0.0 ni, 80.7 id,  0.0 wa,  0.0 hi,  0.0 si,  0.0 st
%Cpu(s): 11.3 us,  8.5 sy,  0.0 ni, 80.2 id,  0.0 wa,  0.0 hi,  0.0 si,  0.0 st
%Cpu(s):  8.9 us,  8.5 sy,  0.0 ni, 82.6 id,  0.0 wa,  0.0 hi,  0.0 si,  0.0 st
%Cpu(s): 11.7 us,  8.4 sy,  0.0 ni, 78.8 id,  0.1 wa,  0.0 hi,  0.9 si,  0.0 st
%Cpu(s):  8.7 us,  9.0 sy,  0.0 ni, 81.2 id,  0.0 wa,  0.0 hi,  1.2 si,  0.0 st
%Cpu(s):  9.3 us,  7.4 sy,  0.0 ni, 81.3 id,  0.0 wa,  0.0 hi,  1.9 si,  0.0 st
%Cpu(s):  9.5 us,  7.4 sy,  0.0 ni, 81.4 id,  0.0 wa,  0.0 hi,  1.7 si,  0.0 st
%Cpu(s):  9.8 us,  8.8 sy,  0.0 ni, 79.6 id,  0.0 wa,  0.0 hi,  1.8 si,  0.0 st
%Cpu(s): 10.7 us,  8.1 sy,  0.0 ni, 79.4 id,  0.0 wa,  0.0 hi,  1.8 si,  0.0 st
%Cpu(s): 10.9 us,  8.8 sy,  0.0 ni, 78.3 id,  0.0 wa,  0.0 hi,  2.0 si,  0.0 st
%Cpu(s): 11.2 us,  9.0 sy,  0.0 ni, 78.2 id,  0.0 wa,  0.0 hi,  1.6 si,  0.0 st
%Cpu(s):  9.7 us,  8.2 sy,  0.0 ni, 80.4 id,  0.0 wa,  0.0 hi,  1.7 si,  0.0 st
%Cpu(s): 10.2 us,  7.6 sy,  0.0 ni, 80.5 id,  0.0 wa,  0.0 hi,  1.5 si,  0.1 st
%Cpu(s): 10.1 us,  7.4 sy,  0.0 ni, 80.9 id,  0.1 wa,  0.0 hi,  1.6 si,  0.0 st
%Cpu(s): 11.7 us,  9.2 sy,  0.0 ni, 77.8 id,  0.0 wa,  0.0 hi,  1.2 si,  0.0 st
%Cpu(s):  9.6 us,  8.5 sy,  0.0 ni, 80.2 id,  0.0 wa,  0.0 hi,  1.7 si,  0.0 st
%Cpu(s): 11.1 us,  7.0 sy,  0.0 ni, 80.6 id,  0.0 wa,  0.0 hi,  1.3 si,  0.0 st
%Cpu(s): 11.1 us,  8.7 sy,  0.0 ni, 78.7 id,  0.0 wa,  0.0 hi,  1.4 si,  0.0 st
%Cpu(s): 12.7 us,  6.1 sy,  0.0 ni, 79.9 id,  0.0 wa,  0.0 hi,  1.4 si,  0.0 st
%Cpu(s):  6.4 us,  6.2 sy,  0.0 ni, 86.3 id,  0.0 wa,  0.0 hi,  1.1 si,  0.0 st
%Cpu(s):  6.4 us,  6.3 sy,  0.0 ni, 85.6 id,  0.0 wa,  0.0 hi,  1.8 si,  0.0 st
%Cpu(s):  6.3 us,  6.3 sy,  0.0 ni, 86.1 id,  0.0 wa,  0.0 hi,  1.3 si,  0.0 st
%Cpu(s):  7.0 us,  6.1 sy,  0.0 ni, 86.9 id,  0.0 wa,  0.0 hi,  0.0 si,  0.0 st
%Cpu(s):  7.2 us,  5.5 sy,  0.0 ni, 87.2 id,  0.0 wa,  0.0 hi,  0.1 si,  0.0 st
%Cpu(s):  7.1 us,  5.4 sy,  0.0 ni, 87.5 id,  0.0 wa,  0.0 hi,  0.0 si,  0.0 st
%Cpu(s):  5.9 us,  4.9 sy,  0.0 ni, 88.7 id,  0.0 wa,  0.0 hi,  0.5 si,  0.0 st
%Cpu(s):  6.4 us,  5.2 sy,  0.0 ni, 87.5 id,  0.0 wa,  0.0 hi,  0.9 si,  0.0 st
%Cpu(s):  5.6 us,  4.4 sy,  0.0 ni, 89.0 id,  0.0 wa,  0.0 hi,  1.0 si,  0.0 st
%Cpu(s):  5.0 us,  4.5 sy,  0.0 ni, 89.7 id,  0.0 wa,  0.0 hi,  0.8 si,  0.0 st
%Cpu(s):  5.3 us,  5.9 sy,  0.0 ni, 87.5 id,  0.0 wa,  0.0 hi,  1.2 si,  0.0 st
%Cpu(s):  4.2 us,  3.5 sy,  0.0 ni, 91.5 id,  0.0 wa,  0.0 hi,  0.7 si,  0.0 st
%Cpu(s):  3.3 us,  2.9 sy,  0.0 ni, 93.6 id,  0.0 wa,  0.0 hi,  0.3 si,  0.0 st
%Cpu(s):  1.9 us,  2.0 sy,  0.0 ni, 96.1 id,  0.0 wa,  0.0 hi,  0.0 si,  0.0 st
%Cpu(s):  2.4 us,  0.6 sy,  0.0 ni, 97.0 id,  0.0 wa,  0.0 hi,  0.0 si,  0.0 st
%Cpu(s):  1.3 us,  0.9 sy,  0.0 ni, 97.9 id,  0.0 wa,  0.0 hi,  0.0 si,  0.0 st
%Cpu(s):  1.5 us,  0.6 sy,  0.0 ni, 97.9 id,  0.0 wa,  0.0 hi,  0.0 si,  0.0 st
%Cpu(s):  0.1 us,  0.1 sy,  0.0 ni, 99.8 id,  0.0 wa,  0.0 hi,  0.0 si,  0.0 st
%Cpu(s):  0.5 us,  0.0 sy,  0.0 ni, 99.5 id,  0.0 wa,  0.0 hi,  0.0 si,  0.0 st
%Cpu(s):  0.2 us,  0.1 sy,  0.0 ni, 99.6 id,  0.0 wa,  0.0 hi,  0.0 si,  0.0 st
%Cpu(s):  0.4 us,  0.2 sy,  0.0 ni, 99.4 id,  0.0 wa,  0.0 hi,  0.0 si,  0.0 st
