%Cpu(s):  1.7 us,  0.7 sy,  0.0 ni, 97.4 id,  0.0 wa,  0.0 hi,  0.1 si,  0.1 st
%Cpu(s): 27.3 us,  0.7 sy,  0.0 ni, 72.0 id,  0.0 wa,  0.0 hi,  0.0 si,  0.0 st
%Cpu(s):  0.7 us,  0.1 sy,  0.0 ni, 99.1 id,  0.0 wa,  0.0 hi,  0.0 si,  0.0 st
%Cpu(s):  0.0 us,  0.1 sy,  0.0 ni, 99.9 id,  0.0 wa,  0.0 hi,  0.0 si,  0.0 st
%Cpu(s): 17.6 us,  2.0 sy,  0.0 ni, 80.2 id,  0.0 wa,  0.0 hi,  0.0 si,  0.2 st
%Cpu(s): 53.1 us,  1.9 sy,  0.0 ni, 44.9 id,  0.0 wa,  0.0 hi,  0.0 si,  0.1 st
%Cpu(s): 62.2 us,  1.8 sy,  0.0 ni, 36.0 id,  0.0 wa,  0.0 hi,  0.0 si,  0.0 st
%Cpu(s): 71.1 us,  1.9 sy,  0.0 ni, 26.9 id,  0.0 wa,  0.0 hi,  0.1 si,  0.0 st
%Cpu(s): 12.3 us,  2.0 sy,  0.0 ni, 85.6 id,  0.0 wa,  0.0 hi,  0.0 si,  0.1 st
%Cpu(s):  2.4 us,  0.9 sy,  0.0 ni, 96.6 id,  0.0 wa,  0.0 hi,  0.0 si,  0.1 st
%Cpu(s):  1.9 us,  1.1 sy,  0.0 ni, 96.9 id,  0.0 wa,  0.0 hi,  0.0 si,  0.1 st
%Cpu(s):  2.1 us,  0.9 sy,  0.0 ni, 96.6 id,  0.0 wa,  0.0 hi,  0.1 si,  0.3 st
%Cpu(s):  2.0 us,  1.0 sy,  0.0 ni, 96.7 id,  0.0 wa,  0.0 hi,  0.0 si,  0.3 st
%Cpu(s):  2.0 us,  1.1 sy,  0.0 ni, 96.8 id,  0.0 wa,  0.0 hi,  0.0 si,  0.1 st
%Cpu(s):  1.5 us,  1.5 sy,  0.0 ni, 96.8 id,  0.0 wa,  0.0 hi,  0.0 si,  0.2 st
%Cpu(s): 10.6 us,  1.5 sy,  0.0 ni, 87.8 id,  0.0 wa,  0.0 hi,  0.0 si,  0.1 st
%Cpu(s):  8.0 us,  1.9 sy,  0.0 ni, 90.0 id,  0.0 wa,  0.0 hi,  0.0 si,  0.1 st
%Cpu(s):  7.3 us,  2.5 sy,  0.0 ni, 90.0 id,  0.0 wa,  0.0 hi,  0.1 si,  0.0 st
%Cpu(s): 36.0 us,  3.5 sy,  0.0 ni, 59.5 id,  0.0 wa,  0.0 hi,  1.0 si,  0.0 st
%Cpu(s): 62.7 us,  7.4 sy,  0.0 ni, 26.7 id,  0.0 wa,  0.0 hi,  3.2 si,  0.0 st
%Cpu(s): 36.0 us,  7.5 sy,  0.0 ni, 53.7 id,  0.0 wa,  0.0 hi,  2.6 si,  0.1 st
%Cpu(s): 13.8 us,  5.1 sy,  0.0 ni, 79.7 id,  0.0 wa,  0.0 hi,  1.4 si,  0.0 st
%Cpu(s): 13.4 us,  4.8 sy,  0.0 ni, 79.8 id,  0.0 wa,  0.0 hi,  1.9 si,  0.0 st
%Cpu(s): 16.3 us,  5.3 sy,  0.0 ni, 75.7 id,  0.6 wa,  0.0 hi,  1.9 si,  0.1 st
%Cpu(s): 20.3 us,  6.7 sy,  0.0 ni, 70.9 id,  0.1 wa,  0.0 hi,  2.0 si,  0.0 st
%Cpu(s):  8.9 us,  5.9 sy,  0.0 ni, 83.8 id,  0.0 wa,  0.0 hi,  1.4 si,  0.0 st
%Cpu(s):  9.8 us,  5.8 sy,  0.0 ni, 82.5 id,  0.0 wa,  0.0 hi,  1.7 si,  0.1 st
%Cpu(s):  7.8 us,  5.2 sy,  0.0 ni, 85.2 id,  0.0 wa,  0.0 hi,  1.8 si,  0.0 st
%Cpu(s): 15.2 us,  5.5 sy,  0.0 ni, 77.4 id,  0.0 wa,  0.0 hi,  1.8 si,  0.1 st
%Cpu(s): 16.3 us,  6.5 sy,  0.0 ni, 75.9 id,  0.0 wa,  0.0 hi,  1.3 si,  0.0 st
%Cpu(s):  8.8 us,  5.6 sy,  0.0 ni, 83.7 id,  0.0 wa,  0.0 hi,  1.9 si,  0.0 st
%Cpu(s):  7.8 us,  4.6 sy,  0.0 ni, 86.4 id,  0.0 wa,  0.0 hi,  1.2 si,  0.0 st
%Cpu(s):  7.7 us,  4.5 sy,  0.0 ni, 86.3 id,  0.0 wa,  0.0 hi,  1.5 si,  0.0 st
%Cpu(s): 17.0 us,  5.7 sy,  0.0 ni, 74.9 id,  0.0 wa,  0.0 hi,  2.3 si,  0.0 st
%Cpu(s): 14.1 us,  6.4 sy,  0.0 ni, 77.8 id,  0.0 wa,  0.0 hi,  1.7 si,  0.0 st
%Cpu(s):  7.9 us,  5.1 sy,  0.0 ni, 85.2 id,  0.0 wa,  0.0 hi,  1.7 si,  0.1 st
%Cpu(s):  8.9 us,  5.7 sy,  0.0 ni, 83.8 id,  0.0 wa,  0.0 hi,  1.5 si,  0.1 st
%Cpu(s): 11.3 us,  5.1 sy,  0.0 ni, 82.0 id,  0.0 wa,  0.0 hi,  1.5 si,  0.0 st
%Cpu(s): 19.4 us,  5.3 sy,  0.0 ni, 74.0 id,  0.0 wa,  0.0 hi,  1.3 si,  0.0 st
%Cpu(s):  9.8 us,  5.5 sy,  0.0 ni, 83.3 id,  0.0 wa,  0.0 hi,  1.4 si,  0.0 st
%Cpu(s):  8.1 us,  5.1 sy,  0.0 ni, 85.5 id,  0.0 wa,  0.0 hi,  1.3 si,  0.0 st
%Cpu(s):  7.9 us,  6.0 sy,  0.0 ni, 84.4 id,  0.0 wa,  0.0 hi,  1.7 si,  0.0 st
%Cpu(s): 13.2 us,  5.8 sy,  0.0 ni, 79.2 id,  0.0 wa,  0.0 hi,  1.8 si,  0.0 st
%Cpu(s): 18.2 us,  6.8 sy,  0.0 ni, 73.0 id,  0.0 wa,  0.0 hi,  2.0 si,  0.0 st
%Cpu(s):  7.9 us,  5.1 sy,  0.0 ni, 85.2 id,  0.1 wa,  0.0 hi,  1.7 si,  0.0 st
%Cpu(s):  7.0 us,  5.5 sy,  0.0 ni, 85.7 id,  0.0 wa,  0.0 hi,  1.7 si,  0.1 st
%Cpu(s):  8.7 us,  6.1 sy,  0.0 ni, 84.0 id,  0.0 wa,  0.0 hi,  1.3 si,  0.0 st
%Cpu(s): 13.7 us,  5.8 sy,  0.0 ni, 78.7 id,  0.0 wa,  0.0 hi,  1.7 si,  0.1 st
%Cpu(s): 18.3 us,  5.2 sy,  0.0 ni, 74.6 id,  0.0 wa,  0.0 hi,  1.9 si,  0.0 st
%Cpu(s): 10.3 us,  5.3 sy,  0.0 ni, 82.1 id,  0.0 wa,  0.0 hi,  2.3 si,  0.0 st
%Cpu(s):  7.9 us,  6.0 sy,  0.0 ni, 84.5 id,  0.0 wa,  0.0 hi,  1.5 si,  0.0 st
%Cpu(s):  9.7 us,  6.9 sy,  0.0 ni, 81.7 id,  0.0 wa,  0.0 hi,  1.5 si,  0.1 st
%Cpu(s): 16.8 us,  8.6 sy,  0.0 ni, 73.0 id,  0.0 wa,  0.0 hi,  1.6 si,  0.0 st
%Cpu(s): 16.1 us,  5.2 sy,  0.0 ni, 77.2 id,  0.0 wa,  0.0 hi,  1.5 si,  0.0 st
%Cpu(s):  9.7 us,  6.9 sy,  0.0 ni, 81.4 id,  0.0 wa,  0.0 hi,  2.0 si,  0.0 st
%Cpu(s): 10.2 us,  5.6 sy,  0.0 ni, 83.2 id,  0.0 wa,  0.0 hi,  1.0 si,  0.0 st
%Cpu(s): 10.4 us,  4.7 sy,  0.0 ni, 82.9 id,  0.0 wa,  0.0 hi,  1.9 si,  0.0 st
%Cpu(s): 20.0 us,  5.6 sy,  0.0 ni, 72.2 id,  0.0 wa,  0.0 hi,  2.2 si,  0.0 st
%Cpu(s): 11.1 us,  6.1 sy,  0.0 ni, 80.6 id,  0.6 wa,  0.0 hi,  1.6 si,  0.0 st
%Cpu(s):  7.7 us,  5.9 sy,  0.0 ni, 84.8 id,  0.0 wa,  0.0 hi,  1.7 si,  0.0 st
%Cpu(s):  7.3 us,  4.9 sy,  0.0 ni, 85.8 id,  0.0 wa,  0.0 hi,  1.9 si,  0.1 st
%Cpu(s): 12.7 us,  4.7 sy,  0.0 ni, 80.4 id,  0.0 wa,  0.0 hi,  2.2 si,  0.0 st
%Cpu(s): 19.4 us,  5.4 sy,  0.0 ni, 73.5 id,  0.0 wa,  0.0 hi,  1.8 si,  0.0 st
%Cpu(s):  9.1 us,  5.8 sy,  0.0 ni, 82.8 id,  0.0 wa,  0.0 hi,  2.2 si,  0.0 st
%Cpu(s):  9.4 us,  6.5 sy,  0.0 ni, 82.4 id,  0.0 wa,  0.0 hi,  1.8 si,  0.0 st
%Cpu(s):  8.1 us,  4.5 sy,  0.0 ni, 85.2 id,  0.0 wa,  0.0 hi,  2.1 si,  0.1 st
%Cpu(s): 16.7 us,  7.2 sy,  0.0 ni, 74.4 id,  0.0 wa,  0.0 hi,  1.6 si,  0.0 st
%Cpu(s): 14.0 us,  6.3 sy,  0.0 ni, 78.3 id,  0.0 wa,  0.0 hi,  1.4 si,  0.0 st
%Cpu(s):  7.9 us,  5.2 sy,  0.0 ni, 85.0 id,  0.0 wa,  0.0 hi,  1.9 si,  0.0 st
%Cpu(s): 10.0 us,  6.5 sy,  0.0 ni, 82.1 id,  0.0 wa,  0.0 hi,  1.4 si,  0.0 st
%Cpu(s): 12.7 us,  5.4 sy,  0.0 ni, 80.2 id,  0.0 wa,  0.0 hi,  1.5 si,  0.1 st
%Cpu(s): 20.1 us,  7.5 sy,  0.0 ni, 70.7 id,  0.0 wa,  0.0 hi,  1.6 si,  0.0 st
%Cpu(s):  8.0 us,  6.1 sy,  0.0 ni, 84.5 id,  0.0 wa,  0.0 hi,  1.4 si,  0.0 st
%Cpu(s): 23.1 us,  5.3 sy,  0.0 ni, 69.7 id,  0.0 wa,  0.0 hi,  1.9 si,  0.0 st
%Cpu(s):  8.1 us,  4.6 sy,  0.0 ni, 85.4 id,  0.0 wa,  0.0 hi,  1.8 si,  0.1 st
%Cpu(s): 12.6 us,  5.3 sy,  0.0 ni, 80.4 id,  0.0 wa,  0.0 hi,  1.8 si,  0.0 st
%Cpu(s): 16.9 us,  4.3 sy,  0.0 ni, 77.5 id,  0.0 wa,  0.0 hi,  1.1 si,  0.1 st
