%Cpu(s):  2.9 us,  1.8 sy,  0.0 ni, 95.1 id,  0.0 wa,  0.0 hi,  0.2 si,  0.0 st
%Cpu(s):  1.1 us,  0.1 sy,  0.0 ni, 98.8 id,  0.0 wa,  0.0 hi,  0.0 si,  0.0 st
%Cpu(s):  0.5 us,  0.2 sy,  0.0 ni, 99.3 id,  0.0 wa,  0.0 hi,  0.0 si,  0.0 st
%Cpu(s):  0.9 us,  0.0 sy,  0.0 ni, 99.1 id,  0.0 wa,  0.0 hi,  0.0 si,  0.0 st
%Cpu(s): 16.8 us,  2.0 sy,  0.0 ni, 80.8 id,  0.0 wa,  0.0 hi,  0.3 si,  0.1 st
%Cpu(s): 60.6 us, 10.2 sy,  0.0 ni, 27.8 id,  0.0 wa,  0.0 hi,  1.4 si,  0.0 st
%Cpu(s): 60.1 us, 13.7 sy,  0.0 ni, 24.6 id,  0.0 wa,  0.0 hi,  1.6 si,  0.0 st
%Cpu(s): 57.7 us, 13.3 sy,  0.0 ni, 27.3 id,  0.0 wa,  0.0 hi,  1.8 si,  0.0 st
%Cpu(s): 52.9 us, 12.7 sy,  0.0 ni, 31.8 id,  0.0 wa,  0.0 hi,  2.5 si,  0.0 st
%Cpu(s): 54.5 us, 14.0 sy,  0.0 ni, 29.3 id,  0.1 wa,  0.0 hi,  2.1 si,  0.0 st
%Cpu(s): 34.4 us, 12.7 sy,  0.0 ni, 49.5 id,  0.0 wa,  0.0 hi,  3.4 si,  0.0 st
%Cpu(s): 29.3 us, 14.3 sy,  0.0 ni, 54.5 id,  0.0 wa,  0.0 hi,  1.9 si,  0.0 st
%Cpu(s): 23.0 us, 14.2 sy,  0.0 ni, 60.5 id,  0.0 wa,  0.0 hi,  2.3 si,  0.0 st
%Cpu(s): 21.6 us, 14.6 sy,  0.0 ni, 61.4 id,  0.0 wa,  0.0 hi,  2.4 si,  0.0 st
%Cpu(s): 23.5 us, 14.2 sy,  0.0 ni, 59.1 id,  0.1 wa,  0.0 hi,  3.0 si,  0.0 st
%Cpu(s): 22.6 us, 14.8 sy,  0.0 ni, 59.1 id,  0.0 wa,  0.0 hi,  3.4 si,  0.0 st
%Cpu(s): 20.6 us, 15.7 sy,  0.0 ni, 60.8 id,  0.0 wa,  0.0 hi,  2.9 si,  0.0 st
%Cpu(s): 21.6 us, 15.4 sy,  0.0 ni, 60.0 id,  0.0 wa,  0.0 hi,  3.0 si,  0.0 st
%Cpu(s): 21.3 us, 15.6 sy,  0.0 ni, 60.4 id,  0.0 wa,  0.0 hi,  2.8 si,  0.0 st
%Cpu(s): 21.1 us, 16.5 sy,  0.0 ni, 59.3 id,  0.1 wa,  0.0 hi,  2.9 si,  0.0 st
%Cpu(s): 23.3 us, 15.8 sy,  0.0 ni, 58.0 id,  0.0 wa,  0.0 hi,  2.8 si,  0.0 st
%Cpu(s): 20.7 us, 16.3 sy,  0.0 ni, 59.8 id,  0.0 wa,  0.0 hi,  3.2 si,  0.0 st
%Cpu(s): 23.8 us, 14.6 sy,  0.0 ni, 58.5 id,  0.0 wa,  0.0 hi,  3.0 si,  0.0 st
%Cpu(s): 22.0 us, 17.0 sy,  0.0 ni, 57.9 id,  0.0 wa,  0.0 hi,  3.0 si,  0.0 st
%Cpu(s): 22.9 us, 15.9 sy,  0.0 ni, 57.8 id,  0.0 wa,  0.0 hi,  3.3 si,  0.0 st
%Cpu(s): 23.8 us, 15.6 sy,  0.0 ni, 57.9 id,  0.0 wa,  0.0 hi,  2.6 si,  0.0 st
%Cpu(s): 22.4 us, 16.3 sy,  0.0 ni, 58.4 id,  0.0 wa,  0.0 hi,  2.9 si,  0.0 st
%Cpu(s): 24.0 us, 16.9 sy,  0.0 ni, 56.4 id,  0.0 wa,  0.0 hi,  2.7 si,  0.0 st
%Cpu(s): 24.0 us, 15.1 sy,  0.0 ni, 57.9 id,  0.0 wa,  0.0 hi,  2.9 si,  0.0 st
%Cpu(s): 23.4 us, 15.8 sy,  0.0 ni, 57.7 id,  0.1 wa,  0.0 hi,  3.0 si,  0.0 st
%Cpu(s): 23.0 us, 15.2 sy,  0.0 ni, 59.0 id,  0.0 wa,  0.0 hi,  2.8 si,  0.0 st
%Cpu(s): 24.1 us, 14.3 sy,  0.0 ni, 58.7 id,  0.0 wa,  0.0 hi,  2.9 si,  0.0 st
%Cpu(s): 23.7 us, 15.5 sy,  0.0 ni, 57.4 id,  0.0 wa,  0.0 hi,  3.4 si,  0.0 st
%Cpu(s): 21.7 us, 16.3 sy,  0.0 ni, 58.9 id,  0.0 wa,  0.0 hi,  3.1 si,  0.0 st
%Cpu(s): 24.5 us, 15.2 sy,  0.0 ni, 57.4 id,  0.0 wa,  0.0 hi,  2.9 si,  0.0 st
%Cpu(s): 24.6 us, 14.8 sy,  0.0 ni, 57.4 id,  0.0 wa,  0.0 hi,  3.3 si,  0.0 st
%Cpu(s): 21.3 us, 15.4 sy,  0.0 ni, 60.4 id,  0.0 wa,  0.0 hi,  2.8 si,  0.1 st
%Cpu(s): 21.3 us, 15.4 sy,  0.0 ni, 60.8 id,  0.0 wa,  0.0 hi,  2.6 si,  0.0 st
%Cpu(s): 30.1 us, 13.8 sy,  0.0 ni, 49.5 id,  4.2 wa,  0.0 hi,  2.3 si,  0.0 st
%Cpu(s): 24.2 us, 14.2 sy,  0.0 ni, 58.9 id,  0.0 wa,  0.0 hi,  2.6 si,  0.0 st
%Cpu(s): 22.3 us, 14.7 sy,  0.0 ni, 59.3 id,  0.0 wa,  0.0 hi,  3.8 si,  0.0 st
%Cpu(s): 23.1 us, 13.9 sy,  0.0 ni, 59.8 id,  0.0 wa,  0.0 hi,  3.3 si,  0.0 st
%Cpu(s): 19.5 us, 15.9 sy,  0.0 ni, 61.0 id,  0.0 wa,  0.0 hi,  3.5 si,  0.0 st
%Cpu(s): 19.3 us, 14.8 sy,  0.0 ni, 62.5 id,  0.0 wa,  0.0 hi,  3.5 si,  0.0 st
%Cpu(s): 25.3 us, 14.5 sy,  0.0 ni, 57.4 id,  0.1 wa,  0.0 hi,  2.6 si,  0.0 st
%Cpu(s): 24.9 us, 12.9 sy,  0.0 ni, 59.7 id,  0.0 wa,  0.0 hi,  2.5 si,  0.0 st
%Cpu(s): 21.6 us, 13.2 sy,  0.0 ni, 62.1 id,  0.0 wa,  0.0 hi,  3.2 si,  0.0 st
%Cpu(s): 20.8 us, 14.6 sy,  0.0 ni, 61.6 id,  0.0 wa,  0.0 hi,  3.0 si,  0.0 st
%Cpu(s): 22.4 us, 14.3 sy,  0.0 ni, 60.3 id,  0.0 wa,  0.0 hi,  2.9 si,  0.0 st
%Cpu(s): 22.0 us, 15.6 sy,  0.0 ni, 59.1 id,  0.1 wa,  0.0 hi,  3.1 si,  0.0 st
%Cpu(s): 22.1 us, 14.8 sy,  0.0 ni, 60.8 id,  0.0 wa,  0.0 hi,  2.3 si,  0.0 st
%Cpu(s): 21.4 us, 15.9 sy,  0.0 ni, 59.5 id,  0.0 wa,  0.0 hi,  3.0 si,  0.1 st
%Cpu(s): 22.9 us, 13.7 sy,  0.0 ni, 60.8 id,  0.0 wa,  0.0 hi,  2.6 si,  0.0 st
%Cpu(s): 22.1 us, 14.1 sy,  0.0 ni, 61.4 id,  0.0 wa,  0.0 hi,  2.5 si,  0.0 st
%Cpu(s): 23.6 us, 14.5 sy,  0.0 ni, 59.1 id,  0.1 wa,  0.0 hi,  2.6 si,  0.0 st
%Cpu(s): 18.9 us, 15.1 sy,  0.0 ni, 62.5 id,  0.0 wa,  0.0 hi,  3.5 si,  0.0 st
%Cpu(s): 22.2 us, 16.4 sy,  0.0 ni, 58.5 id,  0.0 wa,  0.0 hi,  2.9 si,  0.0 st
%Cpu(s): 24.5 us, 16.0 sy,  0.0 ni, 56.6 id,  0.0 wa,  0.0 hi,  2.9 si,  0.0 st
%Cpu(s): 24.3 us, 15.7 sy,  0.0 ni, 57.5 id,  0.0 wa,  0.0 hi,  2.5 si,  0.0 st
%Cpu(s): 22.1 us, 14.5 sy,  0.0 ni, 60.4 id,  0.0 wa,  0.0 hi,  3.0 si,  0.0 st
%Cpu(s): 24.1 us, 16.0 sy,  0.0 ni, 57.1 id,  0.0 wa,  0.0 hi,  2.7 si,  0.0 st
%Cpu(s): 22.3 us, 15.5 sy,  0.0 ni, 59.8 id,  0.0 wa,  0.0 hi,  2.3 si,  0.0 st
%Cpu(s): 14.9 us, 10.3 sy,  0.0 ni, 73.5 id,  0.0 wa,  0.0 hi,  1.4 si,  0.0 st
%Cpu(s):  5.9 us,  6.2 sy,  0.0 ni, 87.1 id,  0.0 wa,  0.0 hi,  0.8 si,  0.0 st
%Cpu(s):  6.2 us,  6.6 sy,  0.0 ni, 85.8 id,  0.0 wa,  0.0 hi,  1.5 si,  0.0 st
%Cpu(s):  6.5 us,  5.9 sy,  0.0 ni, 86.6 id,  0.0 wa,  0.0 hi,  1.0 si,  0.0 st
%Cpu(s):  5.6 us,  6.6 sy,  0.0 ni, 86.6 id,  0.0 wa,  0.0 hi,  1.3 si,  0.0 st
%Cpu(s):  6.0 us,  6.7 sy,  0.0 ni, 85.6 id,  0.0 wa,  0.0 hi,  1.7 si,  0.0 st
%Cpu(s):  6.0 us,  5.9 sy,  0.0 ni, 85.3 id,  1.5 wa,  0.0 hi,  1.3 si,  0.0 st
%Cpu(s):  5.1 us,  6.5 sy,  0.0 ni, 84.8 id,  2.3 wa,  0.0 hi,  1.3 si,  0.0 st
%Cpu(s):  5.5 us,  5.1 sy,  0.0 ni, 88.6 id,  0.0 wa,  0.0 hi,  0.9 si,  0.0 st
%Cpu(s):  5.5 us,  5.2 sy,  0.0 ni, 88.3 id,  0.0 wa,  0.0 hi,  1.0 si,  0.0 st
%Cpu(s):  5.5 us,  4.7 sy,  0.0 ni, 88.4 id,  0.0 wa,  0.0 hi,  1.4 si,  0.0 st
%Cpu(s):  6.1 us,  5.2 sy,  0.0 ni, 87.5 id,  0.0 wa,  0.0 hi,  1.2 si,  0.0 st
%Cpu(s):  4.0 us,  2.9 sy,  0.0 ni, 92.4 id,  0.0 wa,  0.0 hi,  0.6 si,  0.0 st
%Cpu(s):  3.9 us,  2.9 sy,  0.0 ni, 92.5 id,  0.0 wa,  0.0 hi,  0.8 si,  0.0 st
%Cpu(s):  3.0 us,  2.6 sy,  0.0 ni, 94.0 id,  0.0 wa,  0.0 hi,  0.4 si,  0.0 st
%Cpu(s):  1.6 us,  1.1 sy,  0.0 ni, 97.0 id,  0.0 wa,  0.0 hi,  0.0 si,  0.3 st
%Cpu(s):  1.8 us,  0.8 sy,  0.0 ni, 97.4 id,  0.0 wa,  0.0 hi,  0.0 si,  0.1 st
%Cpu(s):  2.0 us,  1.0 sy,  0.0 ni, 96.9 id,  0.0 wa,  0.0 hi,  0.0 si,  0.1 st
%Cpu(s):  0.1 us,  0.1 sy,  0.0 ni, 99.6 id,  0.0 wa,  0.0 hi,  0.1 si,  0.0 st
%Cpu(s):  0.2 us,  0.2 sy,  0.0 ni, 99.5 id,  0.0 wa,  0.0 hi,  0.0 si,  0.0 st
%Cpu(s):  0.2 us,  0.1 sy,  0.0 ni, 99.5 id,  0.0 wa,  0.0 hi,  0.0 si,  0.1 st
%Cpu(s):  0.2 us,  0.4 sy,  0.0 ni, 99.4 id,  0.0 wa,  0.0 hi,  0.0 si,  0.0 st
