%Cpu(s):  1.6 us,  0.7 sy,  0.0 ni, 97.5 id,  0.0 wa,  0.0 hi,  0.1 si,  0.1 st
%Cpu(s): 15.5 us,  0.6 sy,  0.0 ni, 83.7 id,  0.0 wa,  0.0 hi,  0.0 si,  0.1 st
%Cpu(s):  0.5 us,  0.1 sy,  0.0 ni, 99.4 id,  0.0 wa,  0.0 hi,  0.0 si,  0.0 st
%Cpu(s):  0.1 us,  0.0 sy,  0.0 ni, 99.9 id,  0.0 wa,  0.0 hi,  0.0 si,  0.0 st
%Cpu(s): 35.7 us,  3.5 sy,  0.0 ni, 60.7 id,  0.0 wa,  0.0 hi,  0.1 si,  0.0 st
%Cpu(s): 52.2 us,  1.8 sy,  0.0 ni, 45.8 id,  0.0 wa,  0.0 hi,  0.0 si,  0.3 st
%Cpu(s): 75.8 us,  2.4 sy,  0.0 ni, 21.7 id,  0.0 wa,  0.0 hi,  0.0 si,  0.1 st
%Cpu(s): 40.2 us,  1.4 sy,  0.0 ni, 58.2 id,  0.0 wa,  0.0 hi,  0.1 si,  0.0 st
%Cpu(s): 24.9 us,  2.2 sy,  0.0 ni, 72.1 id,  0.0 wa,  0.0 hi,  0.6 si,  0.1 st
%Cpu(s): 35.1 us,  3.6 sy,  0.0 ni, 60.8 id,  0.0 wa,  0.0 hi,  0.5 si,  0.0 st
%Cpu(s): 28.7 us,  3.4 sy,  0.0 ni, 67.2 id,  0.0 wa,  0.0 hi,  0.8 si,  0.0 st
%Cpu(s):  5.2 us,  3.4 sy,  0.0 ni, 89.8 id,  0.0 wa,  0.0 hi,  1.3 si,  0.3 st
%Cpu(s):  8.3 us,  3.6 sy,  0.0 ni, 87.1 id,  0.0 wa,  0.0 hi,  1.0 si,  0.0 st
%Cpu(s):  7.8 us,  4.0 sy,  0.0 ni, 87.1 id,  0.0 wa,  0.0 hi,  1.0 si,  0.0 st
%Cpu(s):  9.0 us,  3.7 sy,  0.0 ni, 86.6 id,  0.0 wa,  0.0 hi,  0.8 si,  0.0 st
%Cpu(s):  8.3 us,  4.3 sy,  0.0 ni, 84.4 id,  1.5 wa,  0.0 hi,  1.4 si,  0.1 st
%Cpu(s): 11.2 us,  4.1 sy,  0.0 ni, 83.8 id,  0.0 wa,  0.0 hi,  0.9 si,  0.0 st
%Cpu(s):  7.4 us,  4.4 sy,  0.0 ni, 87.2 id,  0.0 wa,  0.0 hi,  1.0 si,  0.0 st
%Cpu(s): 40.4 us,  5.3 sy,  0.0 ni, 52.9 id,  0.0 wa,  0.0 hi,  1.4 si,  0.0 st
%Cpu(s): 14.6 us,  5.7 sy,  0.0 ni, 78.3 id,  0.0 wa,  0.0 hi,  1.4 si,  0.0 st
%Cpu(s): 11.1 us,  5.5 sy,  0.0 ni, 82.4 id,  0.0 wa,  0.0 hi,  1.0 si,  0.0 st
%Cpu(s):  9.6 us,  3.8 sy,  0.0 ni, 85.3 id,  0.0 wa,  0.0 hi,  1.1 si,  0.1 st
%Cpu(s):  8.7 us,  5.0 sy,  0.0 ni, 84.6 id,  0.0 wa,  0.0 hi,  1.5 si,  0.1 st
%Cpu(s):  8.4 us,  5.2 sy,  0.0 ni, 85.2 id,  0.0 wa,  0.0 hi,  1.1 si,  0.0 st
%Cpu(s): 10.3 us,  4.1 sy,  0.0 ni, 84.4 id,  0.0 wa,  0.0 hi,  1.1 si,  0.1 st
%Cpu(s): 18.8 us,  5.8 sy,  0.0 ni, 74.5 id,  0.0 wa,  0.0 hi,  0.9 si,  0.0 st
%Cpu(s):  8.4 us,  4.8 sy,  0.0 ni, 85.8 id,  0.0 wa,  0.0 hi,  1.0 si,  0.0 st
%Cpu(s):  7.0 us,  4.7 sy,  0.0 ni, 87.3 id,  0.0 wa,  0.0 hi,  1.0 si,  0.0 st
%Cpu(s):  6.5 us,  4.0 sy,  0.0 ni, 88.5 id,  0.0 wa,  0.0 hi,  0.9 si,  0.0 st
%Cpu(s):  6.9 us,  4.7 sy,  0.0 ni, 86.9 id,  0.1 wa,  0.0 hi,  1.4 si,  0.0 st
%Cpu(s):  6.3 us,  4.1 sy,  0.0 ni, 88.1 id,  0.0 wa,  0.0 hi,  1.5 si,  0.0 st
%Cpu(s): 13.1 us,  5.2 sy,  0.0 ni, 80.5 id,  0.0 wa,  0.0 hi,  1.1 si,  0.0 st
%Cpu(s): 17.3 us,  5.3 sy,  0.0 ni, 76.2 id,  0.0 wa,  0.0 hi,  1.1 si,  0.1 st
%Cpu(s):  6.2 us,  4.7 sy,  0.0 ni, 88.0 id,  0.0 wa,  0.0 hi,  1.0 si,  0.1 st
%Cpu(s):  4.6 us,  3.7 sy,  0.0 ni, 90.6 id,  0.0 wa,  0.0 hi,  1.0 si,  0.0 st
%Cpu(s):  6.5 us,  3.7 sy,  0.0 ni, 88.0 id,  0.0 wa,  0.0 hi,  1.8 si,  0.0 st
%Cpu(s):  6.9 us,  3.8 sy,  0.0 ni, 88.2 id,  0.0 wa,  0.0 hi,  1.1 si,  0.0 st
%Cpu(s):  7.2 us,  5.3 sy,  0.0 ni, 86.1 id,  0.0 wa,  0.0 hi,  1.4 si,  0.1 st
%Cpu(s): 13.7 us,  4.4 sy,  0.0 ni, 80.5 id,  0.0 wa,  0.0 hi,  1.4 si,  0.0 st
%Cpu(s): 13.6 us,  4.5 sy,  0.0 ni, 80.7 id,  0.0 wa,  0.0 hi,  1.1 si,  0.1 st
%Cpu(s):  8.1 us,  5.5 sy,  0.0 ni, 84.8 id,  0.0 wa,  0.0 hi,  1.6 si,  0.0 st
%Cpu(s):  6.5 us,  4.6 sy,  0.0 ni, 88.0 id,  0.0 wa,  0.0 hi,  0.9 si,  0.0 st
%Cpu(s):  7.3 us,  4.1 sy,  0.0 ni, 87.7 id,  0.0 wa,  0.0 hi,  1.0 si,  0.0 st
%Cpu(s):  6.7 us,  4.3 sy,  0.0 ni, 87.4 id,  0.0 wa,  0.0 hi,  1.5 si,  0.0 st
%Cpu(s):  5.0 us,  4.0 sy,  0.0 ni, 89.8 id,  0.0 wa,  0.0 hi,  1.0 si,  0.1 st
%Cpu(s): 10.5 us,  5.4 sy,  0.0 ni, 79.4 id,  2.5 wa,  0.0 hi,  1.6 si,  0.5 st
%Cpu(s): 18.8 us,  5.1 sy,  0.0 ni, 74.4 id,  0.0 wa,  0.0 hi,  1.7 si,  0.0 st
%Cpu(s):  7.6 us,  4.7 sy,  0.0 ni, 86.0 id,  0.0 wa,  0.0 hi,  1.6 si,  0.0 st
%Cpu(s):  8.8 us,  4.4 sy,  0.0 ni, 85.5 id,  0.0 wa,  0.0 hi,  1.3 si,  0.0 st
%Cpu(s):  7.3 us,  5.4 sy,  0.0 ni, 86.2 id,  0.0 wa,  0.0 hi,  0.9 si,  0.1 st
%Cpu(s):  6.8 us,  4.9 sy,  0.0 ni, 86.5 id,  0.0 wa,  0.0 hi,  1.5 si,  0.3 st
%Cpu(s):  7.4 us,  5.4 sy,  0.0 ni, 86.1 id,  0.0 wa,  0.0 hi,  1.1 si,  0.0 st
%Cpu(s): 13.1 us,  5.5 sy,  0.0 ni, 79.9 id,  0.0 wa,  0.0 hi,  1.5 si,  0.0 st
%Cpu(s): 15.1 us,  5.0 sy,  0.0 ni, 78.4 id,  0.0 wa,  0.0 hi,  1.5 si,  0.0 st
%Cpu(s):  6.4 us,  4.9 sy,  0.0 ni, 87.4 id,  0.1 wa,  0.0 hi,  1.3 si,  0.0 st
%Cpu(s):  6.8 us,  5.1 sy,  0.0 ni, 86.8 id,  0.0 wa,  0.0 hi,  1.1 si,  0.1 st
%Cpu(s):  7.0 us,  4.6 sy,  0.0 ni, 87.3 id,  0.0 wa,  0.0 hi,  1.0 si,  0.1 st
%Cpu(s):  6.9 us,  4.1 sy,  0.0 ni, 87.9 id,  0.0 wa,  0.0 hi,  1.1 si,  0.0 st
%Cpu(s):  7.0 us,  4.6 sy,  0.0 ni, 87.6 id,  0.0 wa,  0.0 hi,  0.9 si,  0.0 st
%Cpu(s): 14.5 us,  4.7 sy,  0.0 ni, 79.6 id,  0.0 wa,  0.0 hi,  1.3 si,  0.0 st
%Cpu(s): 12.5 us,  4.6 sy,  0.0 ni, 81.8 id,  0.0 wa,  0.0 hi,  1.0 si,  0.0 st
%Cpu(s):  6.5 us,  4.9 sy,  0.0 ni, 87.5 id,  0.0 wa,  0.0 hi,  1.1 si,  0.0 st
%Cpu(s):  8.8 us,  5.5 sy,  0.0 ni, 84.5 id,  0.0 wa,  0.0 hi,  1.1 si,  0.0 st
%Cpu(s):  9.1 us,  5.4 sy,  0.0 ni, 83.6 id,  0.0 wa,  0.0 hi,  1.9 si,  0.0 st
%Cpu(s): 13.2 us,  4.7 sy,  0.0 ni, 80.1 id,  0.0 wa,  0.0 hi,  2.0 si,  0.0 st
%Cpu(s): 20.0 us,  5.5 sy,  0.0 ni, 72.9 id,  0.0 wa,  0.0 hi,  1.4 si,  0.1 st
%Cpu(s):  9.0 us,  4.8 sy,  0.0 ni, 84.0 id,  0.0 wa,  0.0 hi,  2.2 si,  0.0 st
%Cpu(s): 17.2 us,  4.7 sy,  0.0 ni, 75.5 id,  0.0 wa,  0.0 hi,  2.6 si,  0.0 st
%Cpu(s): 20.4 us,  4.6 sy,  0.0 ni, 72.7 id,  0.0 wa,  0.0 hi,  2.2 si,  0.1 st
%Cpu(s): 20.8 us,  5.8 sy,  0.0 ni, 70.8 id,  0.0 wa,  0.0 hi,  2.5 si,  0.1 st
%Cpu(s): 12.7 us,  5.0 sy,  0.0 ni, 80.5 id,  0.0 wa,  0.0 hi,  1.8 si,  0.0 st
%Cpu(s):  7.7 us,  4.2 sy,  0.0 ni, 86.3 id,  0.0 wa,  0.0 hi,  1.8 si,  0.0 st
