%Cpu(s):  1.7 us,  0.7 sy,  0.0 ni, 97.4 id,  0.0 wa,  0.0 hi,  0.1 si,  0.1 st
%Cpu(s): 19.4 us,  0.7 sy,  0.0 ni, 79.9 id,  0.0 wa,  0.0 hi,  0.0 si,  0.0 st
%Cpu(s):  0.6 us,  0.1 sy,  0.0 ni, 99.1 id,  0.0 wa,  0.0 hi,  0.0 si,  0.1 st
%Cpu(s):  0.1 us,  0.0 sy,  0.0 ni, 99.9 id,  0.0 wa,  0.0 hi,  0.0 si,  0.0 st
%Cpu(s): 32.0 us,  2.9 sy,  0.0 ni, 64.9 id,  0.0 wa,  0.0 hi,  0.1 si,  0.1 st
%Cpu(s): 51.1 us,  1.9 sy,  0.0 ni, 46.9 id,  0.0 wa,  0.0 hi,  0.0 si,  0.1 st
%Cpu(s): 69.6 us,  1.8 sy,  0.0 ni, 28.7 id,  0.0 wa,  0.0 hi,  0.0 si,  0.0 st
%Cpu(s): 49.4 us,  1.9 sy,  0.0 ni, 48.5 id,  0.0 wa,  0.0 hi,  0.1 si,  0.1 st
%Cpu(s): 10.8 us,  1.0 sy,  0.0 ni, 87.9 id,  0.0 wa,  0.0 hi,  0.1 si,  0.1 st
%Cpu(s):  2.0 us,  0.9 sy,  0.0 ni, 97.0 id,  0.0 wa,  0.0 hi,  0.0 si,  0.1 st
%Cpu(s):  2.9 us,  1.1 sy,  0.0 ni, 95.5 id,  0.0 wa,  0.0 hi,  0.0 si,  0.5 st
%Cpu(s):  2.5 us,  1.2 sy,  0.0 ni, 96.1 id,  0.0 wa,  0.0 hi,  0.0 si,  0.1 st
%Cpu(s):  2.2 us,  1.1 sy,  0.0 ni, 96.6 id,  0.0 wa,  0.0 hi,  0.0 si,  0.0 st
%Cpu(s):  2.0 us,  1.5 sy,  0.0 ni, 96.4 id,  0.0 wa,  0.0 hi,  0.0 si,  0.1 st
%Cpu(s):  2.6 us,  1.5 sy,  0.0 ni, 95.7 id,  0.0 wa,  0.0 hi,  0.0 si,  0.2 st
%Cpu(s):  6.2 us,  1.2 sy,  0.0 ni, 92.2 id,  0.0 wa,  0.0 hi,  0.0 si,  0.2 st
%Cpu(s):  9.5 us,  1.6 sy,  0.0 ni, 88.6 id,  0.0 wa,  0.0 hi,  0.1 si,  0.1 st
%Cpu(s): 11.8 us,  1.9 sy,  0.0 ni, 86.1 id,  0.0 wa,  0.0 hi,  0.1 si,  0.1 st
%Cpu(s): 53.6 us,  4.4 sy,  0.0 ni, 41.0 id,  0.0 wa,  0.0 hi,  1.0 si,  0.0 st
%Cpu(s): 53.0 us,  6.2 sy,  0.0 ni, 38.2 id,  0.0 wa,  0.0 hi,  2.6 si,  0.0 st
%Cpu(s): 19.9 us,  4.9 sy,  0.0 ni, 73.8 id,  0.0 wa,  0.0 hi,  1.4 si,  0.0 st
%Cpu(s): 15.5 us,  6.3 sy,  0.0 ni, 76.8 id,  0.0 wa,  0.0 hi,  1.2 si,  0.1 st
%Cpu(s): 10.8 us,  4.6 sy,  0.0 ni, 83.1 id,  0.0 wa,  0.0 hi,  1.5 si,  0.0 st
%Cpu(s): 23.6 us,  5.9 sy,  0.0 ni, 62.9 id,  5.7 wa,  0.0 hi,  1.9 si,  0.0 st
%Cpu(s): 16.6 us,  5.4 sy,  0.0 ni, 75.9 id,  0.0 wa,  0.0 hi,  2.2 si,  0.0 st
%Cpu(s): 10.5 us,  6.0 sy,  0.0 ni, 81.9 id,  0.0 wa,  0.0 hi,  1.6 si,  0.0 st
%Cpu(s):  8.7 us,  5.9 sy,  0.0 ni, 83.9 id,  0.0 wa,  0.0 hi,  1.4 si,  0.1 st
%Cpu(s):  9.8 us,  6.1 sy,  0.0 ni, 82.7 id,  0.0 wa,  0.0 hi,  1.4 si,  0.0 st
%Cpu(s): 19.5 us,  6.6 sy,  0.0 ni, 72.1 id,  0.5 wa,  0.0 hi,  1.3 si,  0.0 st
%Cpu(s): 12.9 us,  5.3 sy,  0.0 ni, 80.2 id,  0.0 wa,  0.0 hi,  1.5 si,  0.0 st
%Cpu(s):  8.3 us,  5.8 sy,  0.0 ni, 83.8 id,  0.0 wa,  0.0 hi,  2.1 si,  0.0 st
%Cpu(s):  8.9 us,  5.3 sy,  0.0 ni, 83.9 id,  0.0 wa,  0.0 hi,  1.8 si,  0.1 st
%Cpu(s):  7.4 us,  4.4 sy,  0.0 ni, 87.2 id,  0.0 wa,  0.0 hi,  0.9 si,  0.0 st
%Cpu(s): 19.4 us,  4.6 sy,  0.0 ni, 73.9 id,  0.0 wa,  0.0 hi,  2.2 si,  0.0 st
%Cpu(s): 13.1 us,  4.0 sy,  0.0 ni, 81.5 id,  0.0 wa,  0.0 hi,  1.3 si,  0.1 st
%Cpu(s):  7.8 us,  5.8 sy,  0.0 ni, 83.9 id,  0.0 wa,  0.0 hi,  2.5 si,  0.0 st
%Cpu(s):  8.7 us,  5.0 sy,  0.0 ni, 84.5 id,  0.0 wa,  0.0 hi,  1.6 si,  0.1 st
%Cpu(s): 10.4 us,  5.8 sy,  0.0 ni, 81.8 id,  0.0 wa,  0.0 hi,  2.0 si,  0.0 st
%Cpu(s): 19.8 us,  7.0 sy,  0.0 ni, 71.3 id,  0.0 wa,  0.0 hi,  1.9 si,  0.0 st
%Cpu(s): 22.4 us,  6.8 sy,  0.0 ni, 68.9 id,  0.0 wa,  0.0 hi,  1.7 si,  0.1 st
%Cpu(s):  9.9 us,  5.6 sy,  0.0 ni, 82.6 id,  0.0 wa,  0.0 hi,  1.9 si,  0.0 st
%Cpu(s):  8.7 us,  5.6 sy,  0.0 ni, 84.2 id,  0.0 wa,  0.0 hi,  1.5 si,  0.0 st
%Cpu(s):  9.1 us,  4.7 sy,  0.0 ni, 84.5 id,  0.0 wa,  0.0 hi,  1.7 si,  0.0 st
%Cpu(s): 20.0 us,  5.7 sy,  0.0 ni, 72.1 id,  0.1 wa,  0.0 hi,  2.1 si,  0.0 st
%Cpu(s): 11.8 us,  6.1 sy,  0.0 ni, 80.4 id,  0.0 wa,  0.0 hi,  1.6 si,  0.0 st
%Cpu(s):  6.8 us,  4.0 sy,  0.0 ni, 87.7 id,  0.0 wa,  0.0 hi,  1.3 si,  0.1 st
%Cpu(s):  7.3 us,  5.2 sy,  0.0 ni, 86.1 id,  0.0 wa,  0.0 hi,  1.4 si,  0.0 st
%Cpu(s):  9.4 us,  5.4 sy,  0.0 ni, 83.2 id,  0.0 wa,  0.0 hi,  2.0 si,  0.0 st
%Cpu(s): 21.9 us,  5.1 sy,  0.0 ni, 70.6 id,  0.0 wa,  0.0 hi,  2.3 si,  0.1 st
%Cpu(s):  9.9 us,  6.2 sy,  0.0 ni, 81.9 id,  0.0 wa,  0.0 hi,  1.9 si,  0.1 st
%Cpu(s):  7.7 us,  5.4 sy,  0.0 ni, 85.4 id,  0.0 wa,  0.0 hi,  1.4 si,  0.0 st
%Cpu(s):  7.7 us,  5.5 sy,  0.0 ni, 85.5 id,  0.0 wa,  0.0 hi,  1.3 si,  0.0 st
%Cpu(s):  8.1 us,  5.3 sy,  0.0 ni, 85.5 id,  0.0 wa,  0.0 hi,  1.1 si,  0.0 st
%Cpu(s): 17.2 us,  5.5 sy,  0.0 ni, 74.5 id,  0.0 wa,  0.0 hi,  2.8 si,  0.0 st
%Cpu(s): 10.9 us,  5.0 sy,  0.0 ni, 81.9 id,  0.0 wa,  0.0 hi,  2.1 si,  0.1 st
%Cpu(s):  8.4 us,  5.9 sy,  0.0 ni, 83.8 id,  0.0 wa,  0.0 hi,  1.9 si,  0.0 st
%Cpu(s):  8.3 us,  6.0 sy,  0.0 ni, 84.1 id,  0.0 wa,  0.0 hi,  1.7 si,  0.0 st
%Cpu(s): 11.2 us,  5.2 sy,  0.0 ni, 82.3 id,  0.0 wa,  0.0 hi,  1.3 si,  0.1 st
%Cpu(s): 18.7 us,  5.9 sy,  0.0 ni, 73.8 id,  0.0 wa,  0.0 hi,  1.7 si,  0.0 st
%Cpu(s):  8.5 us,  5.8 sy,  0.0 ni, 84.0 id,  0.0 wa,  0.0 hi,  1.7 si,  0.0 st
%Cpu(s):  6.6 us,  4.6 sy,  0.0 ni, 86.7 id,  0.0 wa,  0.0 hi,  1.9 si,  0.1 st
%Cpu(s):  7.8 us,  5.1 sy,  0.0 ni, 85.6 id,  0.0 wa,  0.0 hi,  1.5 si,  0.0 st
%Cpu(s): 12.5 us,  5.9 sy,  0.0 ni, 79.9 id,  0.1 wa,  0.0 hi,  1.5 si,  0.0 st
%Cpu(s): 19.1 us,  6.2 sy,  0.0 ni, 72.7 id,  0.0 wa,  0.0 hi,  2.0 si,  0.0 st
%Cpu(s):  8.8 us,  5.1 sy,  0.0 ni, 84.6 id,  0.0 wa,  0.0 hi,  1.4 si,  0.1 st
%Cpu(s):  6.7 us,  5.2 sy,  0.0 ni, 86.6 id,  0.0 wa,  0.0 hi,  1.5 si,  0.0 st
%Cpu(s):  7.1 us,  5.3 sy,  0.0 ni, 85.8 id,  0.0 wa,  0.0 hi,  1.8 si,  0.0 st
%Cpu(s): 11.2 us,  5.2 sy,  0.0 ni, 81.5 id,  0.0 wa,  0.0 hi,  2.0 si,  0.0 st
%Cpu(s): 19.8 us,  5.6 sy,  0.0 ni, 72.8 id,  0.0 wa,  0.0 hi,  1.8 si,  0.0 st
%Cpu(s):  5.9 us,  4.5 sy,  0.0 ni, 87.5 id,  0.0 wa,  0.0 hi,  2.1 si,  0.0 st
%Cpu(s):  7.6 us,  5.3 sy,  0.0 ni, 84.9 id,  0.0 wa,  0.0 hi,  2.1 si,  0.3 st
%Cpu(s):  8.0 us,  6.1 sy,  0.0 ni, 84.1 id,  0.0 wa,  0.0 hi,  1.9 si,  0.0 st
%Cpu(s): 14.9 us,  5.9 sy,  0.0 ni, 77.5 id,  0.0 wa,  0.0 hi,  1.8 si,  0.0 st
%Cpu(s): 16.4 us,  5.5 sy,  0.0 ni, 76.2 id,  0.0 wa,  0.0 hi,  1.9 si,  0.0 st
%Cpu(s):  7.1 us,  5.0 sy,  0.0 ni, 86.6 id,  0.0 wa,  0.0 hi,  1.3 si,  0.0 st
%Cpu(s):  6.7 us,  5.7 sy,  0.0 ni, 85.9 id,  0.0 wa,  0.0 hi,  1.6 si,  0.0 st
%Cpu(s):  7.4 us,  4.5 sy,  0.0 ni, 86.8 id,  0.0 wa,  0.0 hi,  1.2 si,  0.1 st
%Cpu(s): 13.0 us,  3.0 sy,  0.0 ni, 83.3 id,  0.0 wa,  0.0 hi,  0.7 si,  0.0 st
%Cpu(s): 23.1 us,  4.3 sy,  0.0 ni, 71.2 id,  0.0 wa,  0.0 hi,  1.4 si,  0.0 st
