%Cpu(s):  1.8 us,  0.7 sy,  0.0 ni, 97.4 id,  0.0 wa,  0.0 hi,  0.1 si,  0.0 st
%Cpu(s): 26.2 us,  1.1 sy,  0.0 ni, 72.5 id,  0.0 wa,  0.0 hi,  0.1 si,  0.0 st
%Cpu(s): 11.8 us,  1.5 sy,  0.0 ni, 86.7 id,  0.0 wa,  0.0 hi,  0.0 si,  0.0 st
%Cpu(s): 30.4 us,  1.1 sy,  0.0 ni, 68.5 id,  0.0 wa,  0.0 hi,  0.0 si,  0.0 st
%Cpu(s): 49.2 us,  3.0 sy,  0.0 ni, 47.4 id,  0.0 wa,  0.0 hi,  0.3 si,  0.1 st
%Cpu(s): 84.7 us,  2.1 sy,  0.0 ni, 13.0 id,  0.0 wa,  0.0 hi,  0.1 si,  0.0 st
%Cpu(s): 66.7 us,  2.4 sy,  0.0 ni, 30.8 id,  0.0 wa,  0.0 hi,  0.0 si,  0.1 st
%Cpu(s): 74.8 us,  2.5 sy,  0.0 ni, 22.6 id,  0.0 wa,  0.0 hi,  0.0 si,  0.1 st
%Cpu(s): 23.9 us,  1.4 sy,  0.0 ni, 74.7 id,  0.0 wa,  0.0 hi,  0.0 si,  0.0 st
%Cpu(s): 39.1 us,  2.4 sy,  0.0 ni, 58.2 id,  0.0 wa,  0.0 hi,  0.2 si,  0.1 st
%Cpu(s): 49.6 us,  3.5 sy,  0.0 ni, 46.4 id,  0.0 wa,  0.0 hi,  0.5 si,  0.0 st
%Cpu(s): 59.6 us,  2.8 sy,  0.0 ni, 37.3 id,  0.0 wa,  0.0 hi,  0.4 si,  0.0 st
%Cpu(s): 39.5 us,  2.5 sy,  0.0 ni, 57.7 id,  0.0 wa,  0.0 hi,  0.1 si,  0.1 st
%Cpu(s): 31.7 us,  2.4 sy,  0.0 ni, 65.9 id,  0.0 wa,  0.0 hi,  0.0 si,  0.0 st
%Cpu(s): 36.8 us,  2.6 sy,  0.0 ni, 59.7 id,  0.0 wa,  0.0 hi,  0.9 si,  0.0 st
%Cpu(s): 15.3 us,  2.6 sy,  0.0 ni, 82.0 id,  0.0 wa,  0.0 hi,  0.1 si,  0.0 st
%Cpu(s): 45.6 us,  4.2 sy,  0.0 ni, 49.1 id,  0.0 wa,  0.0 hi,  1.0 si,  0.1 st
%Cpu(s): 64.3 us,  5.9 sy,  0.0 ni, 29.2 id,  0.0 wa,  0.0 hi,  0.6 si,  0.0 st
%Cpu(s): 34.5 us,  4.3 sy,  0.0 ni, 60.0 id,  0.1 wa,  0.0 hi,  0.9 si,  0.1 st
%Cpu(s): 28.8 us,  4.7 sy,  0.0 ni, 65.1 id,  0.0 wa,  0.0 hi,  1.4 si,  0.0 st
%Cpu(s): 18.2 us,  6.0 sy,  0.0 ni, 74.8 id,  0.0 wa,  0.0 hi,  1.0 si,  0.0 st
%Cpu(s): 11.9 us,  5.3 sy,  0.0 ni, 82.0 id,  0.0 wa,  0.0 hi,  0.8 si,  0.0 st
%Cpu(s):  9.8 us,  4.3 sy,  0.0 ni, 85.1 id,  0.0 wa,  0.0 hi,  0.8 si,  0.0 st
%Cpu(s): 11.5 us,  5.2 sy,  0.0 ni, 82.9 id,  0.0 wa,  0.0 hi,  0.4 si,  0.0 st
%Cpu(s):  8.2 us,  3.7 sy,  0.0 ni, 87.4 id,  0.0 wa,  0.0 hi,  0.8 si,  0.0 st
%Cpu(s):  6.2 us,  4.4 sy,  0.0 ni, 88.3 id,  0.0 wa,  0.0 hi,  1.0 si,  0.0 st
%Cpu(s):  6.8 us,  5.2 sy,  0.0 ni, 87.0 id,  0.0 wa,  0.0 hi,  1.0 si,  0.0 st
%Cpu(s):  7.5 us,  4.8 sy,  0.0 ni, 86.8 id,  0.0 wa,  0.0 hi,  0.8 si,  0.1 st
%Cpu(s):  7.0 us,  4.5 sy,  0.0 ni, 87.9 id,  0.0 wa,  0.0 hi,  0.6 si,  0.0 st
%Cpu(s):  6.9 us,  5.1 sy,  0.0 ni, 87.2 id,  0.0 wa,  0.0 hi,  0.8 si,  0.0 st
%Cpu(s):  5.9 us,  4.0 sy,  0.0 ni, 89.3 id,  0.0 wa,  0.0 hi,  0.8 si,  0.0 st
%Cpu(s):  7.7 us,  5.3 sy,  0.0 ni, 85.9 id,  0.0 wa,  0.0 hi,  1.1 si,  0.0 st
%Cpu(s):  6.2 us,  4.0 sy,  0.0 ni, 88.8 id,  0.0 wa,  0.0 hi,  0.9 si,  0.1 st
%Cpu(s):  8.2 us,  4.3 sy,  0.0 ni, 86.9 id,  0.1 wa,  0.0 hi,  0.5 si,  0.0 st
%Cpu(s): 19.1 us,  5.1 sy,  0.0 ni, 75.1 id,  0.0 wa,  0.0 hi,  0.8 si,  0.0 st
%Cpu(s): 19.3 us,  4.2 sy,  0.0 ni, 75.8 id,  0.0 wa,  0.0 hi,  0.6 si,  0.0 st
%Cpu(s): 13.3 us,  4.9 sy,  0.0 ni, 81.2 id,  0.0 wa,  0.0 hi,  0.5 si,  0.1 st
%Cpu(s):  6.7 us,  5.2 sy,  0.0 ni, 86.7 id,  0.0 wa,  0.0 hi,  1.4 si,  0.0 st
%Cpu(s):  6.7 us,  6.2 sy,  0.0 ni, 86.2 id,  0.0 wa,  0.0 hi,  1.0 si,  0.0 st
%Cpu(s): 12.4 us,  3.9 sy,  0.0 ni, 82.6 id,  0.0 wa,  0.0 hi,  1.1 si,  0.0 st
%Cpu(s):  9.0 us,  3.3 sy,  0.0 ni, 87.0 id,  0.0 wa,  0.0 hi,  0.6 si,  0.0 st
%Cpu(s):  8.2 us,  5.3 sy,  0.0 ni, 85.5 id,  0.0 wa,  0.0 hi,  0.9 si,  0.1 st
%Cpu(s):  7.1 us,  4.4 sy,  0.0 ni, 87.6 id,  0.0 wa,  0.0 hi,  0.9 si,  0.0 st
%Cpu(s):  6.7 us,  5.5 sy,  0.0 ni, 83.0 id,  3.9 wa,  0.0 hi,  0.9 si,  0.0 st
%Cpu(s):  6.2 us,  4.4 sy,  0.0 ni, 88.1 id,  0.0 wa,  0.0 hi,  1.1 si,  0.1 st
%Cpu(s):  7.3 us,  5.2 sy,  0.0 ni, 86.6 id,  0.0 wa,  0.0 hi,  0.9 si,  0.0 st
%Cpu(s):  6.2 us,  5.2 sy,  0.0 ni, 87.6 id,  0.0 wa,  0.0 hi,  0.9 si,  0.0 st
%Cpu(s):  6.3 us,  4.0 sy,  0.0 ni, 88.9 id,  0.0 wa,  0.0 hi,  0.9 si,  0.0 st
%Cpu(s):  6.2 us,  4.8 sy,  0.0 ni, 87.9 id,  0.0 wa,  0.0 hi,  1.1 si,  0.0 st
%Cpu(s):  6.0 us,  3.7 sy,  0.0 ni, 89.7 id,  0.0 wa,  0.0 hi,  0.7 si,  0.0 st
%Cpu(s):  7.0 us,  4.1 sy,  0.0 ni, 88.2 id,  0.0 wa,  0.0 hi,  0.8 si,  0.0 st
%Cpu(s):  7.8 us,  4.3 sy,  0.0 ni, 87.2 id,  0.0 wa,  0.0 hi,  0.8 si,  0.0 st
%Cpu(s):  6.2 us,  5.1 sy,  0.0 ni, 87.7 id,  0.0 wa,  0.0 hi,  1.0 si,  0.0 st
%Cpu(s):  7.0 us,  3.9 sy,  0.0 ni, 88.2 id,  0.0 wa,  0.0 hi,  0.9 si,  0.0 st
%Cpu(s):  5.6 us,  3.7 sy,  0.0 ni, 89.6 id,  0.0 wa,  0.0 hi,  0.9 si,  0.1 st
%Cpu(s):  6.5 us,  3.6 sy,  0.0 ni, 88.8 id,  0.0 wa,  0.0 hi,  1.0 si,  0.0 st
%Cpu(s):  7.2 us,  4.7 sy,  0.0 ni, 87.5 id,  0.0 wa,  0.0 hi,  0.5 si,  0.1 st
%Cpu(s):  8.6 us,  5.6 sy,  0.0 ni, 85.0 id,  0.0 wa,  0.0 hi,  0.7 si,  0.0 st
%Cpu(s):  7.4 us,  4.9 sy,  0.0 ni, 87.1 id,  0.1 wa,  0.0 hi,  0.5 si,  0.0 st
%Cpu(s):  6.2 us,  5.2 sy,  0.0 ni, 88.1 id,  0.0 wa,  0.0 hi,  0.4 si,  0.1 st
%Cpu(s):  3.2 us,  1.9 sy,  0.0 ni, 94.8 id,  0.0 wa,  0.0 hi,  0.1 si,  0.0 st
%Cpu(s):  1.4 us,  1.7 sy,  0.0 ni, 96.9 id,  0.0 wa,  0.0 hi,  0.0 si,  0.0 st
%Cpu(s):  1.4 us,  1.2 sy,  0.0 ni, 97.3 id,  0.0 wa,  0.0 hi,  0.1 si,  0.0 st
%Cpu(s):  1.2 us,  2.2 sy,  0.0 ni, 96.5 id,  0.0 wa,  0.0 hi,  0.0 si,  0.0 st
%Cpu(s):  1.2 us,  2.2 sy,  0.0 ni, 96.5 id,  0.0 wa,  0.0 hi,  0.0 si,  0.0 st
%Cpu(s):  1.7 us,  2.0 sy,  0.0 ni, 96.3 id,  0.0 wa,  0.0 hi,  0.0 si,  0.0 st
%Cpu(s):  7.3 us,  2.0 sy,  0.0 ni, 90.7 id,  0.0 wa,  0.0 hi,  0.0 si,  0.0 st
%Cpu(s):  2.0 us,  2.2 sy,  0.0 ni, 95.7 id,  0.0 wa,  0.0 hi,  0.1 si,  0.0 st
%Cpu(s):  2.5 us,  2.5 sy,  0.0 ni, 94.9 id,  0.0 wa,  0.0 hi,  0.1 si,  0.0 st
