%Cpu(s):  1.8 us,  0.7 sy,  0.0 ni, 97.3 id,  0.0 wa,  0.0 hi,  0.1 si,  0.1 st
%Cpu(s): 12.5 us,  0.5 sy,  0.0 ni, 87.0 id,  0.0 wa,  0.0 hi,  0.0 si,  0.0 st
%Cpu(s): 24.1 us,  1.6 sy,  0.0 ni, 74.2 id,  0.0 wa,  0.0 hi,  0.0 si,  0.1 st
%Cpu(s): 29.8 us,  1.4 sy,  0.0 ni, 68.6 id,  0.0 wa,  0.0 hi,  0.0 si,  0.2 st
%Cpu(s): 68.8 us,  4.5 sy,  0.0 ni, 26.5 id,  0.1 wa,  0.0 hi,  0.1 si,  0.0 st
%Cpu(s): 62.5 us,  2.0 sy,  0.0 ni, 35.3 id,  0.0 wa,  0.0 hi,  0.0 si,  0.1 st
%Cpu(s): 72.9 us,  2.5 sy,  0.0 ni, 24.6 id,  0.0 wa,  0.0 hi,  0.0 si,  0.0 st
%Cpu(s): 56.6 us,  1.9 sy,  0.0 ni, 41.3 id,  0.0 wa,  0.0 hi,  0.2 si,  0.0 st
%Cpu(s): 29.4 us,  2.6 sy,  0.0 ni, 67.7 id,  0.0 wa,  0.0 hi,  0.0 si,  0.3 st
%Cpu(s): 42.6 us,  2.8 sy,  0.0 ni, 54.1 id,  0.0 wa,  0.0 hi,  0.5 si,  0.0 st
%Cpu(s): 58.2 us,  3.7 sy,  0.0 ni, 37.7 id,  0.0 wa,  0.0 hi,  0.4 si,  0.0 st
%Cpu(s): 50.1 us,  3.0 sy,  0.0 ni, 46.2 id,  0.0 wa,  0.0 hi,  0.6 si,  0.0 st
%Cpu(s): 24.1 us,  3.4 sy,  0.0 ni, 72.0 id,  0.0 wa,  0.0 hi,  0.5 si,  0.0 st
%Cpu(s): 32.9 us,  2.8 sy,  0.0 ni, 64.0 id,  0.0 wa,  0.0 hi,  0.4 si,  0.0 st
%Cpu(s): 26.2 us,  2.5 sy,  0.0 ni, 70.8 id,  0.0 wa,  0.0 hi,  0.4 si,  0.1 st
%Cpu(s): 23.6 us,  3.5 sy,  0.0 ni, 72.6 id,  0.0 wa,  0.0 hi,  0.3 si,  0.0 st
%Cpu(s): 60.4 us,  6.9 sy,  0.0 ni, 29.5 id,  1.1 wa,  0.0 hi,  2.0 si,  0.0 st
%Cpu(s): 40.1 us,  8.1 sy,  0.0 ni, 49.0 id,  0.0 wa,  0.0 hi,  2.8 si,  0.0 st
%Cpu(s): 34.6 us,  7.0 sy,  0.0 ni, 55.5 id,  0.0 wa,  0.0 hi,  2.8 si,  0.1 st
%Cpu(s): 33.6 us,  6.9 sy,  0.0 ni, 56.9 id,  0.0 wa,  0.0 hi,  2.7 si,  0.0 st
%Cpu(s): 29.8 us,  8.6 sy,  0.0 ni, 59.4 id,  0.0 wa,  0.0 hi,  2.2 si,  0.0 st
%Cpu(s): 21.5 us,  7.9 sy,  0.0 ni, 67.2 id,  0.0 wa,  0.0 hi,  3.3 si,  0.0 st
%Cpu(s): 11.5 us,  5.8 sy,  0.0 ni, 81.0 id,  0.0 wa,  0.0 hi,  1.5 si,  0.1 st
%Cpu(s): 10.3 us,  5.3 sy,  0.0 ni, 83.1 id,  0.0 wa,  0.0 hi,  1.3 si,  0.0 st
%Cpu(s): 10.8 us,  5.8 sy,  0.0 ni, 81.6 id,  0.0 wa,  0.0 hi,  1.8 si,  0.0 st
%Cpu(s): 19.3 us,  5.3 sy,  0.0 ni, 72.9 id,  0.0 wa,  0.0 hi,  2.5 si,  0.0 st
%Cpu(s): 13.0 us,  6.1 sy,  0.0 ni, 78.8 id,  0.0 wa,  0.0 hi,  2.0 si,  0.0 st
%Cpu(s):  9.4 us,  6.4 sy,  0.0 ni, 82.6 id,  0.0 wa,  0.0 hi,  1.6 si,  0.0 st
%Cpu(s): 11.8 us,  5.3 sy,  0.0 ni, 81.6 id,  0.0 wa,  0.0 hi,  1.1 si,  0.1 st
%Cpu(s): 10.5 us,  4.7 sy,  0.0 ni, 83.5 id,  0.0 wa,  0.0 hi,  1.3 si,  0.0 st
%Cpu(s):  8.0 us,  5.9 sy,  0.0 ni, 85.0 id,  0.0 wa,  0.0 hi,  1.1 si,  0.0 st
%Cpu(s):  8.0 us,  4.4 sy,  0.0 ni, 86.1 id,  0.0 wa,  0.0 hi,  1.4 si,  0.1 st
%Cpu(s):  7.2 us,  5.7 sy,  0.0 ni, 86.0 id,  0.0 wa,  0.0 hi,  1.0 si,  0.0 st
%Cpu(s): 14.6 us,  5.9 sy,  0.0 ni, 78.8 id,  0.0 wa,  0.0 hi,  0.8 si,  0.0 st
%Cpu(s): 18.3 us,  6.2 sy,  0.0 ni, 73.7 id,  0.0 wa,  0.0 hi,  1.8 si,  0.0 st
%Cpu(s):  7.5 us,  5.3 sy,  0.0 ni, 86.3 id,  0.0 wa,  0.0 hi,  0.8 si,  0.1 st
%Cpu(s):  9.6 us,  4.7 sy,  0.0 ni, 82.4 id,  1.8 wa,  0.0 hi,  1.5 si,  0.0 st
%Cpu(s):  7.0 us,  5.7 sy,  0.0 ni, 86.0 id,  0.0 wa,  0.0 hi,  1.4 si,  0.0 st
%Cpu(s): 10.9 us,  4.2 sy,  0.0 ni, 83.0 id,  0.0 wa,  0.0 hi,  1.8 si,  0.1 st
%Cpu(s): 21.3 us,  5.4 sy,  0.0 ni, 72.1 id,  0.0 wa,  0.0 hi,  1.1 si,  0.0 st
%Cpu(s):  9.0 us,  5.4 sy,  0.0 ni, 84.1 id,  0.0 wa,  0.0 hi,  1.4 si,  0.1 st
%Cpu(s):  9.2 us,  5.6 sy,  0.0 ni, 83.7 id,  0.4 wa,  0.0 hi,  1.1 si,  0.0 st
%Cpu(s):  5.6 us,  4.9 sy,  0.0 ni, 88.5 id,  0.0 wa,  0.0 hi,  1.0 si,  0.0 st
%Cpu(s): 16.5 us,  5.5 sy,  0.0 ni, 77.0 id,  0.0 wa,  0.0 hi,  1.0 si,  0.0 st
%Cpu(s): 15.6 us,  4.9 sy,  0.0 ni, 77.9 id,  0.1 wa,  0.0 hi,  1.5 si,  0.0 st
%Cpu(s):  7.6 us,  6.5 sy,  0.0 ni, 84.4 id,  0.0 wa,  0.0 hi,  1.4 si,  0.1 st
%Cpu(s):  7.6 us,  6.5 sy,  0.0 ni, 84.5 id,  0.0 wa,  0.0 hi,  1.4 si,  0.0 st
%Cpu(s):  8.8 us,  5.1 sy,  0.0 ni, 84.9 id,  0.0 wa,  0.0 hi,  1.1 si,  0.0 st
%Cpu(s):  7.4 us,  5.9 sy,  0.0 ni, 85.9 id,  0.0 wa,  0.0 hi,  0.8 si,  0.0 st
%Cpu(s):  7.8 us,  5.7 sy,  0.0 ni, 85.4 id,  0.0 wa,  0.0 hi,  1.0 si,  0.0 st
%Cpu(s):  7.7 us,  4.1 sy,  0.0 ni, 86.8 id,  0.0 wa,  0.0 hi,  1.3 si,  0.1 st
%Cpu(s): 11.2 us,  6.1 sy,  0.0 ni, 81.9 id,  0.0 wa,  0.0 hi,  0.9 si,  0.0 st
%Cpu(s):  9.2 us,  6.1 sy,  0.0 ni, 83.1 id,  0.0 wa,  0.0 hi,  1.5 si,  0.1 st
%Cpu(s): 19.1 us,  6.6 sy,  0.0 ni, 73.5 id,  0.0 wa,  0.0 hi,  0.8 si,  0.0 st
%Cpu(s):  9.7 us,  5.7 sy,  0.0 ni, 83.7 id,  0.0 wa,  0.0 hi,  0.9 si,  0.0 st
%Cpu(s):  8.5 us,  5.1 sy,  0.0 ni, 85.1 id,  0.0 wa,  0.0 hi,  1.3 si,  0.0 st
%Cpu(s):  7.8 us,  5.4 sy,  0.0 ni, 85.8 id,  0.0 wa,  0.0 hi,  0.9 si,  0.0 st
%Cpu(s):  8.6 us,  5.4 sy,  0.0 ni, 84.8 id,  0.0 wa,  0.0 hi,  1.3 si,  0.0 st
%Cpu(s):  6.7 us,  4.7 sy,  0.0 ni, 87.3 id,  0.0 wa,  0.0 hi,  1.3 si,  0.0 st
%Cpu(s):  7.2 us,  4.5 sy,  0.0 ni, 87.3 id,  0.1 wa,  0.0 hi,  0.8 si,  0.1 st
%Cpu(s):  2.5 us,  2.8 sy,  0.0 ni, 94.1 id,  0.0 wa,  0.0 hi,  0.4 si,  0.2 st
%Cpu(s):  2.1 us,  1.4 sy,  0.0 ni, 96.2 id,  0.0 wa,  0.0 hi,  0.0 si,  0.3 st
%Cpu(s):  1.4 us,  1.4 sy,  0.0 ni, 97.0 id,  0.0 wa,  0.0 hi,  0.0 si,  0.3 st
%Cpu(s):  1.8 us,  1.1 sy,  0.0 ni, 96.6 id,  0.0 wa,  0.0 hi,  0.1 si,  0.4 st
%Cpu(s):  1.8 us,  1.9 sy,  0.0 ni, 96.1 id,  0.0 wa,  0.0 hi,  0.0 si,  0.3 st
%Cpu(s):  2.0 us,  1.8 sy,  0.0 ni, 96.0 id,  0.0 wa,  0.0 hi,  0.0 si,  0.2 st
%Cpu(s):  1.2 us,  2.7 sy,  0.0 ni, 95.9 id,  0.0 wa,  0.0 hi,  0.0 si,  0.1 st
%Cpu(s):  1.8 us,  1.4 sy,  0.0 ni, 96.5 id,  0.0 wa,  0.0 hi,  0.0 si,  0.4 st
%Cpu(s):  3.0 us,  1.7 sy,  0.0 ni, 95.0 id,  0.0 wa,  0.0 hi,  0.0 si,  0.2 st
%Cpu(s):  1.5 us,  1.3 sy,  0.0 ni, 97.1 id,  0.0 wa,  0.0 hi,  0.0 si,  0.1 st
