%Cpu(s):  1.4 us,  0.6 sy,  0.0 ni, 97.9 id,  0.0 wa,  0.0 hi,  0.0 si,  0.1 st
%Cpu(s): 24.3 us,  0.9 sy,  0.0 ni, 74.6 id,  0.1 wa,  0.0 hi,  0.0 si,  0.1 st
%Cpu(s): 24.0 us,  2.0 sy,  0.0 ni, 73.7 id,  0.0 wa,  0.0 hi,  0.2 si,  0.0 st
%Cpu(s): 55.1 us,  1.9 sy,  0.0 ni, 42.8 id,  0.0 wa,  0.0 hi,  0.0 si,  0.2 st
%Cpu(s): 72.1 us,  2.6 sy,  0.0 ni, 25.1 id,  0.0 wa,  0.0 hi,  0.0 si,  0.1 st
%Cpu(s): 85.6 us,  2.0 sy,  0.0 ni, 12.4 id,  0.0 wa,  0.0 hi,  0.0 si,  0.0 st
%Cpu(s): 42.9 us,  1.7 sy,  0.0 ni, 55.3 id,  0.0 wa,  0.0 hi,  0.0 si,  0.0 st
%Cpu(s): 40.9 us,  1.5 sy,  0.0 ni, 57.5 id,  0.0 wa,  0.0 hi,  0.0 si,  0.1 st
%Cpu(s):  8.1 us,  1.3 sy,  0.0 ni, 90.4 id,  0.0 wa,  0.0 hi,  0.0 si,  0.3 st
%Cpu(s): 11.0 us,  1.6 sy,  0.0 ni, 87.0 id,  0.0 wa,  0.0 hi,  0.1 si,  0.2 st
%Cpu(s): 14.2 us,  2.0 sy,  0.0 ni, 83.8 id,  0.0 wa,  0.0 hi,  0.0 si,  0.0 st
%Cpu(s): 20.4 us,  1.2 sy,  0.0 ni, 78.2 id,  0.0 wa,  0.0 hi,  0.0 si,  0.1 st
%Cpu(s):  5.6 us,  2.5 sy,  0.0 ni, 91.7 id,  0.0 wa,  0.0 hi,  0.1 si,  0.1 st
%Cpu(s):  4.6 us,  2.9 sy,  0.0 ni, 92.4 id,  0.0 wa,  0.0 hi,  0.0 si,  0.1 st
%Cpu(s):  5.4 us,  2.5 sy,  0.0 ni, 91.8 id,  0.1 wa,  0.0 hi,  0.0 si,  0.2 st
%Cpu(s):  4.0 us,  1.5 sy,  0.0 ni, 94.3 id,  0.0 wa,  0.0 hi,  0.0 si,  0.2 st
%Cpu(s): 37.5 us,  2.3 sy,  0.0 ni, 59.8 id,  0.0 wa,  0.0 hi,  0.3 si,  0.1 st
%Cpu(s): 55.9 us,  3.2 sy,  0.0 ni, 39.9 id,  0.0 wa,  0.0 hi,  1.0 si,  0.0 st
%Cpu(s): 54.1 us,  4.0 sy,  0.0 ni, 40.9 id,  0.0 wa,  0.0 hi,  1.0 si,  0.0 st
%Cpu(s): 73.1 us,  4.6 sy,  0.0 ni, 21.3 id,  0.0 wa,  0.0 hi,  0.9 si,  0.0 st
%Cpu(s): 42.4 us,  3.6 sy,  0.0 ni, 52.8 id,  0.0 wa,  0.0 hi,  1.2 si,  0.0 st
%Cpu(s): 20.4 us,  4.4 sy,  0.0 ni, 74.4 id,  0.0 wa,  0.0 hi,  0.8 si,  0.0 st
%Cpu(s): 13.8 us,  4.5 sy,  0.0 ni, 81.2 id,  0.0 wa,  0.0 hi,  0.4 si,  0.1 st
%Cpu(s): 29.0 us,  4.0 sy,  0.0 ni, 66.3 id,  0.0 wa,  0.0 hi,  0.6 si,  0.0 st
%Cpu(s): 31.0 us,  3.2 sy,  0.0 ni, 64.8 id,  0.0 wa,  0.0 hi,  1.0 si,  0.0 st
%Cpu(s): 12.5 us,  3.7 sy,  0.0 ni, 83.5 id,  0.0 wa,  0.0 hi,  0.4 si,  0.0 st
%Cpu(s):  5.7 us,  4.1 sy,  0.0 ni, 90.0 id,  0.0 wa,  0.0 hi,  0.1 si,  0.1 st
%Cpu(s):  8.5 us,  3.8 sy,  0.0 ni, 87.3 id,  0.0 wa,  0.0 hi,  0.4 si,  0.0 st
%Cpu(s): 11.1 us,  4.4 sy,  0.0 ni, 84.1 id,  0.0 wa,  0.0 hi,  0.4 si,  0.0 st
%Cpu(s): 10.9 us,  4.3 sy,  0.0 ni, 84.3 id,  0.0 wa,  0.0 hi,  0.4 si,  0.1 st
%Cpu(s): 15.2 us,  3.3 sy,  0.0 ni, 81.1 id,  0.0 wa,  0.0 hi,  0.4 si,  0.0 st
%Cpu(s):  7.6 us,  3.4 sy,  0.0 ni, 88.4 id,  0.0 wa,  0.0 hi,  0.5 si,  0.1 st
%Cpu(s):  6.4 us,  3.1 sy,  0.0 ni, 90.1 id,  0.0 wa,  0.0 hi,  0.4 si,  0.0 st
%Cpu(s): 22.4 us,  2.6 sy,  0.0 ni, 74.4 id,  0.0 wa,  0.0 hi,  0.5 si,  0.0 st
%Cpu(s): 11.6 us,  3.9 sy,  0.0 ni, 84.1 id,  0.0 wa,  0.0 hi,  0.4 si,  0.0 st
%Cpu(s):  5.1 us,  4.0 sy,  0.0 ni, 90.8 id,  0.0 wa,  0.0 hi,  0.1 si,  0.0 st
%Cpu(s):  4.5 us,  4.3 sy,  0.0 ni, 90.8 id,  0.0 wa,  0.0 hi,  0.4 si,  0.0 st
%Cpu(s):  5.8 us,  4.5 sy,  0.0 ni, 89.2 id,  0.0 wa,  0.0 hi,  0.4 si,  0.1 st
%Cpu(s):  6.8 us,  3.3 sy,  0.0 ni, 89.3 id,  0.0 wa,  0.0 hi,  0.5 si,  0.1 st
%Cpu(s):  6.6 us,  3.1 sy,  0.0 ni, 90.1 id,  0.1 wa,  0.0 hi,  0.0 si,  0.1 st
%Cpu(s):  4.4 us,  4.2 sy,  0.0 ni, 91.2 id,  0.0 wa,  0.0 hi,  0.3 si,  0.0 st
%Cpu(s):  4.8 us,  4.2 sy,  0.0 ni, 89.3 id,  1.4 wa,  0.0 hi,  0.4 si,  0.0 st
%Cpu(s):  5.1 us,  3.6 sy,  0.0 ni, 90.7 id,  0.0 wa,  0.0 hi,  0.6 si,  0.0 st
%Cpu(s):  4.2 us,  3.7 sy,  0.0 ni, 91.7 id,  0.0 wa,  0.0 hi,  0.4 si,  0.0 st
%Cpu(s):  3.7 us,  4.4 sy,  0.0 ni, 91.6 id,  0.1 wa,  0.0 hi,  0.1 si,  0.0 st
%Cpu(s):  5.5 us,  4.4 sy,  0.0 ni, 89.5 id,  0.0 wa,  0.0 hi,  0.6 si,  0.0 st
%Cpu(s):  5.2 us,  4.3 sy,  0.0 ni, 90.1 id,  0.0 wa,  0.0 hi,  0.4 si,  0.1 st
%Cpu(s):  9.2 us,  5.0 sy,  0.0 ni, 85.5 id,  0.0 wa,  0.0 hi,  0.3 si,  0.0 st
%Cpu(s):  6.3 us,  3.5 sy,  0.0 ni, 89.9 id,  0.0 wa,  0.0 hi,  0.3 si,  0.0 st
%Cpu(s):  7.7 us,  4.0 sy,  0.0 ni, 88.0 id,  0.0 wa,  0.0 hi,  0.3 si,  0.0 st
%Cpu(s):  3.6 us,  3.6 sy,  0.0 ni, 92.5 id,  0.0 wa,  0.0 hi,  0.3 si,  0.1 st
%Cpu(s):  5.5 us,  4.7 sy,  0.0 ni, 89.3 id,  0.0 wa,  0.0 hi,  0.5 si,  0.0 st
%Cpu(s):  4.3 us,  3.8 sy,  0.0 ni, 91.5 id,  0.0 wa,  0.0 hi,  0.3 si,  0.1 st
%Cpu(s):  6.2 us,  4.0 sy,  0.0 ni, 89.2 id,  0.0 wa,  0.0 hi,  0.6 si,  0.0 st
%Cpu(s):  4.5 us,  4.0 sy,  0.0 ni, 91.1 id,  0.1 wa,  0.0 hi,  0.4 si,  0.0 st
%Cpu(s):  4.8 us,  4.2 sy,  0.0 ni, 90.5 id,  0.0 wa,  0.0 hi,  0.4 si,  0.1 st
%Cpu(s):  5.5 us,  4.6 sy,  0.0 ni, 89.7 id,  0.0 wa,  0.0 hi,  0.2 si,  0.0 st
%Cpu(s):  4.9 us,  3.9 sy,  0.0 ni, 90.8 id,  0.0 wa,  0.0 hi,  0.3 si,  0.1 st
%Cpu(s):  4.0 us,  3.4 sy,  0.0 ni, 92.2 id,  0.0 wa,  0.0 hi,  0.4 si,  0.0 st
%Cpu(s):  5.0 us,  2.7 sy,  0.0 ni, 92.1 id,  0.0 wa,  0.0 hi,  0.3 si,  0.0 st
%Cpu(s):  2.0 us,  1.5 sy,  0.0 ni, 96.3 id,  0.0 wa,  0.0 hi,  0.0 si,  0.1 st
%Cpu(s):  1.5 us,  1.8 sy,  0.0 ni, 96.5 id,  0.0 wa,  0.0 hi,  0.0 si,  0.2 st
%Cpu(s):  1.9 us,  2.6 sy,  0.0 ni, 95.3 id,  0.0 wa,  0.0 hi,  0.1 si,  0.1 st
%Cpu(s):  1.6 us,  1.8 sy,  0.0 ni, 96.6 id,  0.0 wa,  0.0 hi,  0.0 si,  0.0 st
%Cpu(s):  1.1 us,  1.8 sy,  0.0 ni, 96.9 id,  0.0 wa,  0.0 hi,  0.0 si,  0.3 st
%Cpu(s):  1.9 us,  1.4 sy,  0.0 ni, 96.5 id,  0.0 wa,  0.0 hi,  0.0 si,  0.3 st
%Cpu(s):  1.3 us,  1.3 sy,  0.0 ni, 95.4 id,  1.8 wa,  0.0 hi,  0.0 si,  0.4 st
%Cpu(s):  1.6 us,  2.0 sy,  0.0 ni, 96.2 id,  0.0 wa,  0.0 hi,  0.0 si,  0.1 st
%Cpu(s):  2.1 us,  1.7 sy,  0.0 ni, 96.0 id,  0.0 wa,  0.0 hi,  0.0 si,  0.1 st
%Cpu(s):  2.5 us,  1.5 sy,  0.0 ni, 95.9 id,  0.0 wa,  0.0 hi,  0.0 si,  0.1 st
%Cpu(s):  1.7 us,  1.9 sy,  0.0 ni, 96.1 id,  0.0 wa,  0.0 hi,  0.0 si,  0.2 st
