%Cpu(s):  1.0 us,  0.7 sy,  0.0 ni, 98.1 id,  0.2 wa,  0.0 hi,  0.0 si,  0.0 st
%Cpu(s):  0.0 us,  0.1 sy,  0.0 ni, 99.9 id,  0.0 wa,  0.0 hi,  0.0 si,  0.0 st
%Cpu(s):  0.1 us,  0.1 sy,  0.0 ni, 99.8 id,  0.0 wa,  0.0 hi,  0.0 si,  0.0 st
%Cpu(s):  0.5 us,  0.0 sy,  0.0 ni, 99.5 id,  0.0 wa,  0.0 hi,  0.0 si,  0.0 st
%Cpu(s):  0.1 us,  0.1 sy,  0.0 ni, 99.6 id,  0.0 wa,  0.0 hi,  0.0 si,  0.1 st
%Cpu(s): 29.4 us,  2.0 sy,  0.0 ni, 68.0 id,  0.5 wa,  0.0 hi,  0.1 si,  0.0 st
%Cpu(s): 45.3 us,  4.4 sy,  0.0 ni, 49.9 id,  0.0 wa,  0.0 hi,  0.4 si,  0.0 st
%Cpu(s): 43.5 us,  3.9 sy,  0.0 ni, 52.1 id,  0.0 wa,  0.0 hi,  0.5 si,  0.0 st
%Cpu(s): 24.5 us,  5.9 sy,  0.0 ni, 68.2 id,  0.4 wa,  0.0 hi,  0.9 si,  0.1 st
%Cpu(s): 13.0 us,  5.6 sy,  0.0 ni, 79.9 id,  0.6 wa,  0.0 hi,  0.8 si,  0.0 st
%Cpu(s): 12.5 us,  6.3 sy,  0.0 ni, 80.5 id,  0.0 wa,  0.0 hi,  0.6 si,  0.0 st
%Cpu(s):  9.7 us,  6.1 sy,  0.0 ni, 83.4 id,  0.0 wa,  0.0 hi,  0.6 si,  0.1 st
%Cpu(s):  9.4 us,  4.9 sy,  0.0 ni, 84.6 id,  0.0 wa,  0.0 hi,  1.1 si,  0.0 st
%Cpu(s): 10.7 us,  6.8 sy,  0.0 ni, 81.5 id,  0.0 wa,  0.0 hi,  1.0 si,  0.0 st
%Cpu(s): 10.2 us,  5.4 sy,  0.0 ni, 83.7 id,  0.0 wa,  0.0 hi,  0.8 si,  0.0 st
%Cpu(s):  9.4 us,  5.0 sy,  0.0 ni, 84.6 id,  0.0 wa,  0.0 hi,  1.0 si,  0.0 st
%Cpu(s):  8.2 us,  5.5 sy,  0.0 ni, 85.3 id,  0.0 wa,  0.0 hi,  0.9 si,  0.1 st
%Cpu(s):  8.0 us,  6.4 sy,  0.0 ni, 85.0 id,  0.0 wa,  0.0 hi,  0.5 si,  0.0 st
%Cpu(s): 10.1 us,  5.7 sy,  0.0 ni, 83.4 id,  0.0 wa,  0.0 hi,  0.9 si,  0.0 st
%Cpu(s):  8.8 us,  4.9 sy,  0.0 ni, 85.2 id,  0.1 wa,  0.0 hi,  0.9 si,  0.1 st
%Cpu(s):  7.0 us,  5.7 sy,  0.0 ni, 86.7 id,  0.0 wa,  0.0 hi,  0.6 si,  0.0 st
%Cpu(s):  8.4 us,  5.7 sy,  0.0 ni, 85.2 id,  0.0 wa,  0.0 hi,  0.7 si,  0.0 st
%Cpu(s):  6.8 us,  6.6 sy,  0.0 ni, 85.8 id,  0.0 wa,  0.0 hi,  0.9 si,  0.0 st
%Cpu(s):  8.5 us,  5.5 sy,  0.0 ni, 84.4 id,  0.4 wa,  0.0 hi,  1.1 si,  0.0 st
%Cpu(s):  7.3 us,  4.5 sy,  0.0 ni, 87.2 id,  0.0 wa,  0.0 hi,  0.9 si,  0.0 st
%Cpu(s):  8.0 us,  4.7 sy,  0.0 ni, 86.4 id,  0.0 wa,  0.0 hi,  0.9 si,  0.0 st
%Cpu(s): 11.2 us,  6.3 sy,  0.0 ni, 81.4 id,  0.0 wa,  0.0 hi,  1.1 si,  0.0 st
%Cpu(s):  9.7 us,  6.5 sy,  0.0 ni, 82.6 id,  0.0 wa,  0.0 hi,  1.1 si,  0.1 st
%Cpu(s): 11.9 us,  5.8 sy,  0.0 ni, 80.6 id,  0.1 wa,  0.0 hi,  1.5 si,  0.0 st
%Cpu(s): 12.3 us,  5.4 sy,  0.0 ni, 81.1 id,  0.0 wa,  0.0 hi,  1.1 si,  0.1 st
%Cpu(s):  8.2 us,  5.1 sy,  0.0 ni, 85.9 id,  0.0 wa,  0.0 hi,  0.8 si,  0.0 st
%Cpu(s):  8.0 us,  6.5 sy,  0.0 ni, 84.6 id,  0.0 wa,  0.0 hi,  0.9 si,  0.0 st
%Cpu(s): 15.8 us,  4.6 sy,  0.0 ni, 78.5 id,  0.0 wa,  0.0 hi,  1.2 si,  0.0 st
%Cpu(s):  7.9 us,  5.7 sy,  0.0 ni, 85.2 id,  0.0 wa,  0.0 hi,  1.2 si,  0.0 st
%Cpu(s):  6.4 us,  3.6 sy,  0.0 ni, 89.2 id,  0.0 wa,  0.0 hi,  0.8 si,  0.0 st
%Cpu(s):  6.7 us,  4.7 sy,  0.0 ni, 88.5 id,  0.0 wa,  0.0 hi,  0.1 si,  0.0 st
%Cpu(s):  7.2 us,  5.0 sy,  0.0 ni, 87.5 id,  0.0 wa,  0.0 hi,  0.2 si,  0.0 st
%Cpu(s):  7.5 us,  5.0 sy,  0.0 ni, 87.5 id,  0.0 wa,  0.0 hi,  0.0 si,  0.0 st
%Cpu(s):  7.2 us,  5.0 sy,  0.0 ni, 85.4 id,  2.3 wa,  0.0 hi,  0.1 si,  0.0 st
%Cpu(s):  8.9 us,  5.0 sy,  0.0 ni, 84.1 id,  0.7 wa,  0.0 hi,  1.1 si,  0.1 st
%Cpu(s): 12.2 us,  5.6 sy,  0.0 ni, 81.1 id,  0.0 wa,  0.0 hi,  1.0 si,  0.1 st
%Cpu(s): 11.6 us,  5.9 sy,  0.0 ni, 81.1 id,  0.0 wa,  0.0 hi,  1.4 si,  0.0 st
%Cpu(s):  9.5 us,  6.6 sy,  0.0 ni, 82.5 id,  0.0 wa,  0.0 hi,  1.4 si,  0.0 st
%Cpu(s):  9.5 us,  5.5 sy,  0.0 ni, 83.7 id,  0.0 wa,  0.0 hi,  1.3 si,  0.0 st
%Cpu(s):  9.6 us,  6.3 sy,  0.0 ni, 82.8 id,  0.0 wa,  0.0 hi,  1.4 si,  0.0 st
%Cpu(s):  9.3 us,  6.8 sy,  0.0 ni, 82.4 id,  0.0 wa,  0.0 hi,  1.5 si,  0.0 st
%Cpu(s): 11.3 us,  6.9 sy,  0.0 ni, 80.5 id,  0.0 wa,  0.0 hi,  1.3 si,  0.0 st
%Cpu(s): 10.1 us,  7.0 sy,  0.0 ni, 81.7 id,  0.0 wa,  0.0 hi,  1.2 si,  0.0 st
%Cpu(s): 11.2 us,  7.8 sy,  0.0 ni, 79.4 id,  0.1 wa,  0.0 hi,  1.5 si,  0.0 st
%Cpu(s): 10.4 us,  7.6 sy,  0.0 ni, 80.7 id,  0.0 wa,  0.0 hi,  1.3 si,  0.0 st
%Cpu(s): 20.2 us,  7.3 sy,  0.0 ni, 70.9 id,  0.0 wa,  0.0 hi,  1.7 si,  0.0 st
%Cpu(s): 12.4 us,  7.3 sy,  0.0 ni, 78.7 id,  0.0 wa,  0.0 hi,  1.5 si,  0.0 st
%Cpu(s): 11.4 us,  8.7 sy,  0.0 ni, 78.5 id,  0.0 wa,  0.0 hi,  1.4 si,  0.0 st
%Cpu(s): 13.3 us,  9.5 sy,  0.0 ni, 75.6 id,  0.1 wa,  0.0 hi,  1.4 si,  0.0 st
%Cpu(s): 14.0 us,  9.1 sy,  0.0 ni, 75.4 id,  0.0 wa,  0.0 hi,  1.5 si,  0.0 st
%Cpu(s): 12.5 us,  8.3 sy,  0.0 ni, 77.7 id,  0.0 wa,  0.0 hi,  1.4 si,  0.0 st
%Cpu(s): 13.5 us, 10.4 sy,  0.0 ni, 74.1 id,  0.0 wa,  0.0 hi,  2.0 si,  0.0 st
%Cpu(s): 14.5 us,  8.2 sy,  0.0 ni, 75.2 id,  0.0 wa,  0.0 hi,  2.1 si,  0.0 st
%Cpu(s): 15.2 us,  9.1 sy,  0.0 ni, 73.4 id,  0.1 wa,  0.0 hi,  2.2 si,  0.0 st
%Cpu(s): 19.3 us,  8.8 sy,  0.0 ni, 70.0 id,  0.0 wa,  0.0 hi,  1.9 si,  0.0 st
%Cpu(s): 13.5 us,  8.8 sy,  0.0 ni, 75.9 id,  0.0 wa,  0.0 hi,  1.9 si,  0.0 st
%Cpu(s):  7.9 us,  6.4 sy,  0.0 ni, 84.4 id,  0.0 wa,  0.0 hi,  1.3 si,  0.0 st
%Cpu(s):  7.1 us,  5.2 sy,  0.0 ni, 86.6 id,  0.0 wa,  0.0 hi,  1.1 si,  0.0 st
%Cpu(s):  7.9 us,  6.3 sy,  0.0 ni, 85.3 id,  0.0 wa,  0.0 hi,  0.4 si,  0.1 st
%Cpu(s):  6.5 us,  5.0 sy,  0.0 ni, 88.0 id,  0.0 wa,  0.0 hi,  0.5 si,  0.0 st
%Cpu(s):  6.2 us,  6.1 sy,  0.0 ni, 86.8 id,  0.0 wa,  0.0 hi,  0.9 si,  0.0 st
%Cpu(s):  7.3 us,  5.8 sy,  0.0 ni, 86.4 id,  0.0 wa,  0.0 hi,  0.5 si,  0.0 st
%Cpu(s):  5.5 us,  4.7 sy,  0.0 ni, 89.8 id,  0.0 wa,  0.0 hi,  0.0 si,  0.0 st
%Cpu(s):  5.2 us,  4.2 sy,  0.0 ni, 89.4 id,  0.9 wa,  0.0 hi,  0.3 si,  0.0 st
%Cpu(s):  4.8 us,  3.8 sy,  0.0 ni, 91.2 id,  0.1 wa,  0.0 hi,  0.0 si,  0.0 st
%Cpu(s):  4.7 us,  4.1 sy,  0.0 ni, 91.2 id,  0.0 wa,  0.0 hi,  0.0 si,  0.0 st
%Cpu(s):  3.9 us,  3.5 sy,  0.0 ni, 92.4 id,  0.0 wa,  0.0 hi,  0.1 si,  0.0 st
%Cpu(s):  3.8 us,  3.5 sy,  0.0 ni, 92.7 id,  0.0 wa,  0.0 hi,  0.0 si,  0.0 st
%Cpu(s):  3.5 us,  2.8 sy,  0.0 ni, 93.4 id,  0.1 wa,  0.0 hi,  0.1 si,  0.0 st
%Cpu(s):  3.5 us,  3.1 sy,  0.0 ni, 93.3 id,  0.0 wa,  0.0 hi,  0.0 si,  0.0 st
%Cpu(s):  3.5 us,  2.5 sy,  0.0 ni, 93.9 id,  0.0 wa,  0.0 hi,  0.0 si,  0.0 st
%Cpu(s):  2.4 us,  1.9 sy,  0.0 ni, 95.8 id,  0.0 wa,  0.0 hi,  0.0 si,  0.0 st
%Cpu(s):  2.0 us,  1.6 sy,  0.0 ni, 96.3 id,  0.0 wa,  0.0 hi,  0.0 si,  0.1 st
%Cpu(s):  1.2 us,  1.1 sy,  0.0 ni, 97.6 id,  0.0 wa,  0.0 hi,  0.0 si,  0.0 st
%Cpu(s):  0.4 us,  0.1 sy,  0.0 ni, 99.4 id,  0.0 wa,  0.0 hi,  0.1 si,  0.0 st
%Cpu(s):  0.0 us,  0.1 sy,  0.0 ni, 99.9 id,  0.0 wa,  0.0 hi,  0.0 si,  0.0 st
%Cpu(s):  0.0 us,  0.1 sy,  0.0 ni, 99.8 id,  0.0 wa,  0.0 hi,  0.0 si,  0.1 st
%Cpu(s):  0.2 us,  0.1 sy,  0.0 ni, 99.6 id,  0.0 wa,  0.0 hi,  0.0 si,  0.0 st
%Cpu(s):  0.2 us,  0.1 sy,  0.0 ni, 99.6 id,  0.0 wa,  0.0 hi,  0.0 si,  0.0 st
%Cpu(s):  0.9 us,  0.4 sy,  0.0 ni, 98.8 id,  0.0 wa,  0.0 hi,  0.0 si,  0.0 st
