%Cpu(s):  2.9 us,  1.4 sy,  0.0 ni, 95.4 id,  0.0 wa,  0.0 hi,  0.2 si,  0.0 st
%Cpu(s):  2.0 us,  0.2 sy,  0.0 ni, 97.8 id,  0.0 wa,  0.0 hi,  0.0 si,  0.0 st
%Cpu(s):  0.4 us,  0.2 sy,  0.0 ni, 99.4 id,  0.0 wa,  0.0 hi,  0.0 si,  0.0 st
%Cpu(s):  0.4 us,  0.0 sy,  0.0 ni, 99.6 id,  0.0 wa,  0.0 hi,  0.0 si,  0.0 st
%Cpu(s): 17.7 us,  1.9 sy,  0.0 ni, 79.8 id,  0.4 wa,  0.0 hi,  0.1 si,  0.1 st
%Cpu(s): 57.5 us,  7.2 sy,  0.0 ni, 34.4 id,  0.0 wa,  0.0 hi,  0.9 si,  0.0 st
%Cpu(s): 50.5 us,  7.6 sy,  0.0 ni, 41.2 id,  0.0 wa,  0.0 hi,  0.7 si,  0.0 st
%Cpu(s): 50.5 us,  9.8 sy,  0.0 ni, 37.2 id,  0.1 wa,  0.0 hi,  2.5 si,  0.0 st
%Cpu(s): 23.1 us,  9.2 sy,  0.0 ni, 66.4 id,  0.0 wa,  0.0 hi,  1.3 si,  0.0 st
%Cpu(s): 19.5 us,  9.9 sy,  0.0 ni, 69.3 id,  0.0 wa,  0.0 hi,  1.3 si,  0.0 st
%Cpu(s): 18.7 us,  7.6 sy,  0.0 ni, 72.4 id,  0.0 wa,  0.0 hi,  1.2 si,  0.1 st
%Cpu(s): 17.2 us,  8.4 sy,  0.0 ni, 72.6 id,  0.0 wa,  0.0 hi,  1.8 si,  0.0 st
%Cpu(s): 17.0 us, 11.9 sy,  0.0 ni, 70.1 id,  0.0 wa,  0.0 hi,  1.0 si,  0.0 st
%Cpu(s): 16.9 us,  7.7 sy,  0.0 ni, 74.5 id,  0.0 wa,  0.0 hi,  0.9 si,  0.0 st
%Cpu(s): 16.9 us,  8.7 sy,  0.0 ni, 73.1 id,  0.0 wa,  0.0 hi,  1.2 si,  0.1 st
%Cpu(s): 19.9 us, 10.9 sy,  0.0 ni, 67.8 id,  0.0 wa,  0.0 hi,  1.4 si,  0.0 st
%Cpu(s): 19.5 us, 10.7 sy,  0.0 ni, 69.2 id,  0.0 wa,  0.0 hi,  0.6 si,  0.0 st
%Cpu(s): 17.1 us, 10.9 sy,  0.0 ni, 70.9 id,  0.0 wa,  0.0 hi,  0.9 si,  0.1 st
%Cpu(s): 15.9 us,  9.3 sy,  0.0 ni, 73.7 id,  0.0 wa,  0.0 hi,  1.1 si,  0.0 st
%Cpu(s): 13.1 us,  9.9 sy,  0.0 ni, 75.2 id,  0.0 wa,  0.0 hi,  1.8 si,  0.0 st
%Cpu(s): 16.6 us, 12.2 sy,  0.0 ni, 69.9 id,  0.0 wa,  0.0 hi,  1.3 si,  0.1 st
%Cpu(s): 21.3 us, 12.7 sy,  0.0 ni, 64.4 id,  0.0 wa,  0.0 hi,  1.5 si,  0.0 st
%Cpu(s): 18.1 us, 10.0 sy,  0.0 ni, 71.4 id,  0.0 wa,  0.0 hi,  0.5 si,  0.0 st
%Cpu(s): 19.2 us, 11.1 sy,  0.0 ni, 68.6 id,  0.0 wa,  0.0 hi,  1.1 si,  0.0 st
%Cpu(s): 17.4 us, 10.4 sy,  0.0 ni, 70.6 id,  0.0 wa,  0.0 hi,  1.5 si,  0.0 st
%Cpu(s): 18.6 us,  9.6 sy,  0.0 ni, 69.9 id,  0.0 wa,  0.0 hi,  1.9 si,  0.0 st
%Cpu(s): 16.7 us,  9.8 sy,  0.0 ni, 72.2 id,  0.1 wa,  0.0 hi,  1.2 si,  0.0 st
%Cpu(s): 18.7 us, 11.7 sy,  0.0 ni, 68.5 id,  0.0 wa,  0.0 hi,  1.0 si,  0.1 st
%Cpu(s): 16.5 us, 13.2 sy,  0.0 ni, 68.4 id,  0.0 wa,  0.0 hi,  1.7 si,  0.1 st
%Cpu(s): 19.5 us, 14.8 sy,  0.0 ni, 64.2 id,  0.0 wa,  0.0 hi,  1.5 si,  0.0 st
%Cpu(s): 30.4 us, 10.9 sy,  0.0 ni, 57.8 id,  0.0 wa,  0.0 hi,  0.9 si,  0.0 st
%Cpu(s): 18.2 us, 10.8 sy,  0.0 ni, 69.9 id,  0.1 wa,  0.0 hi,  0.8 si,  0.1 st
%Cpu(s): 16.4 us,  9.8 sy,  0.0 ni, 72.0 id,  0.0 wa,  0.0 hi,  1.9 si,  0.0 st
%Cpu(s): 16.5 us,  9.2 sy,  0.0 ni, 72.7 id,  0.0 wa,  0.0 hi,  1.5 si,  0.1 st
%Cpu(s): 17.5 us,  9.0 sy,  0.0 ni, 72.0 id,  0.0 wa,  0.0 hi,  1.5 si,  0.0 st
%Cpu(s): 18.8 us,  9.9 sy,  0.0 ni, 70.4 id,  0.0 wa,  0.0 hi,  0.9 si,  0.0 st
%Cpu(s): 19.1 us, 10.7 sy,  0.0 ni, 68.7 id,  0.1 wa,  0.0 hi,  1.4 si,  0.0 st
%Cpu(s): 19.0 us,  8.6 sy,  0.0 ni, 67.5 id,  3.1 wa,  0.0 hi,  1.6 si,  0.1 st
%Cpu(s): 17.3 us,  9.2 sy,  0.0 ni, 72.0 id,  0.0 wa,  0.0 hi,  1.5 si,  0.0 st
%Cpu(s): 19.0 us, 11.8 sy,  0.0 ni, 69.1 id,  0.0 wa,  0.0 hi,  0.0 si,  0.1 st
%Cpu(s): 17.7 us, 13.0 sy,  0.0 ni, 67.6 id,  0.0 wa,  0.0 hi,  1.8 si,  0.0 st
%Cpu(s): 18.7 us, 11.8 sy,  0.0 ni, 68.2 id,  0.0 wa,  0.0 hi,  1.2 si,  0.0 st
%Cpu(s): 18.7 us,  8.9 sy,  0.0 ni, 71.4 id,  0.0 wa,  0.0 hi,  1.0 si,  0.0 st
%Cpu(s): 16.3 us, 10.5 sy,  0.0 ni, 71.9 id,  0.0 wa,  0.0 hi,  1.2 si,  0.1 st
%Cpu(s): 17.5 us, 10.3 sy,  0.0 ni, 70.9 id,  0.0 wa,  0.0 hi,  1.4 si,  0.0 st
%Cpu(s): 16.6 us, 10.5 sy,  0.0 ni, 72.1 id,  0.0 wa,  0.0 hi,  0.9 si,  0.0 st
%Cpu(s): 17.9 us, 10.2 sy,  0.0 ni, 71.1 id,  0.0 wa,  0.0 hi,  0.6 si,  0.1 st
%Cpu(s): 18.6 us, 10.5 sy,  0.0 ni, 69.8 id,  0.0 wa,  0.0 hi,  1.0 si,  0.0 st
%Cpu(s): 19.5 us, 11.1 sy,  0.0 ni, 68.9 id,  0.0 wa,  0.0 hi,  0.5 si,  0.0 st
%Cpu(s): 19.4 us,  9.6 sy,  0.0 ni, 69.8 id,  0.0 wa,  0.0 hi,  1.3 si,  0.0 st
%Cpu(s): 18.4 us, 10.2 sy,  0.0 ni, 69.8 id,  0.0 wa,  0.0 hi,  1.4 si,  0.1 st
%Cpu(s): 19.8 us, 11.2 sy,  0.0 ni, 66.7 id,  0.2 wa,  0.0 hi,  2.0 si,  0.0 st
%Cpu(s): 25.8 us, 10.3 sy,  0.0 ni, 62.3 id,  0.0 wa,  0.0 hi,  1.5 si,  0.0 st
%Cpu(s): 24.9 us, 10.4 sy,  0.0 ni, 63.2 id,  0.0 wa,  0.0 hi,  1.5 si,  0.0 st
%Cpu(s): 19.0 us, 10.6 sy,  0.0 ni, 69.7 id,  0.0 wa,  0.0 hi,  0.7 si,  0.1 st
%Cpu(s): 17.3 us,  9.7 sy,  0.0 ni, 72.3 id,  0.0 wa,  0.0 hi,  0.7 si,  0.0 st
%Cpu(s): 18.1 us,  9.6 sy,  0.0 ni, 71.5 id,  0.0 wa,  0.0 hi,  0.6 si,  0.1 st
%Cpu(s): 18.3 us,  9.6 sy,  0.0 ni, 70.4 id,  0.0 wa,  0.0 hi,  1.7 si,  0.0 st
%Cpu(s): 17.3 us, 10.8 sy,  0.0 ni, 70.2 id,  0.0 wa,  0.0 hi,  1.7 si,  0.0 st
%Cpu(s): 19.5 us,  9.1 sy,  0.0 ni, 69.6 id,  0.0 wa,  0.0 hi,  1.8 si,  0.0 st
%Cpu(s): 17.2 us, 11.0 sy,  0.0 ni, 71.3 id,  0.0 wa,  0.0 hi,  0.5 si,  0.0 st
%Cpu(s): 15.8 us,  7.9 sy,  0.0 ni, 74.9 id,  0.0 wa,  0.0 hi,  1.4 si,  0.0 st
%Cpu(s): 16.6 us, 12.0 sy,  0.0 ni, 71.3 id,  0.0 wa,  0.0 hi,  0.1 si,  0.0 st
%Cpu(s): 16.0 us,  9.7 sy,  0.0 ni, 72.5 id,  0.0 wa,  0.0 hi,  1.7 si,  0.1 st
%Cpu(s): 18.0 us, 11.1 sy,  0.0 ni, 70.0 id,  0.0 wa,  0.0 hi,  1.0 si,  0.0 st
%Cpu(s): 16.9 us, 11.8 sy,  0.0 ni, 70.0 id,  0.0 wa,  0.0 hi,  1.3 si,  0.0 st
%Cpu(s): 18.4 us, 10.5 sy,  0.0 ni, 70.8 id,  0.0 wa,  0.0 hi,  0.4 si,  0.0 st
%Cpu(s): 15.5 us, 12.6 sy,  0.0 ni, 70.5 id,  0.8 wa,  0.0 hi,  0.6 si,  0.0 st
%Cpu(s):  7.8 us,  7.7 sy,  0.0 ni, 84.2 id,  0.0 wa,  0.0 hi,  0.4 si,  0.0 st
%Cpu(s):  6.6 us,  5.3 sy,  0.0 ni, 88.1 id,  0.0 wa,  0.0 hi,  0.0 si,  0.0 st
%Cpu(s):  6.1 us,  5.3 sy,  0.0 ni, 88.2 id,  0.0 wa,  0.0 hi,  0.4 si,  0.0 st
%Cpu(s):  6.1 us,  4.1 sy,  0.0 ni, 89.4 id,  0.1 wa,  0.0 hi,  0.1 si,  0.1 st
%Cpu(s):  6.0 us,  4.7 sy,  0.0 ni, 88.3 id,  0.0 wa,  0.0 hi,  0.9 si,  0.1 st
%Cpu(s):  6.4 us,  5.5 sy,  0.0 ni, 88.0 id,  0.0 wa,  0.0 hi,  0.1 si,  0.0 st
%Cpu(s):  0.9 us,  0.9 sy,  0.0 ni, 98.2 id,  0.0 wa,  0.0 hi,  0.0 si,  0.0 st
%Cpu(s):  0.7 us,  0.2 sy,  0.0 ni, 99.0 id,  0.0 wa,  0.0 hi,  0.0 si,  0.0 st
%Cpu(s):  0.5 us,  0.1 sy,  0.0 ni, 99.4 id,  0.0 wa,  0.0 hi,  0.0 si,  0.0 st
%Cpu(s):  0.2 us,  0.2 sy,  0.0 ni, 99.5 id,  0.0 wa,  0.0 hi,  0.0 si,  0.0 st
%Cpu(s):  0.6 us,  0.2 sy,  0.0 ni, 99.1 id,  0.0 wa,  0.0 hi,  0.0 si,  0.0 st
%Cpu(s):  0.9 us,  0.2 sy,  0.0 ni, 98.9 id,  0.0 wa,  0.0 hi,  0.0 si,  0.0 st
%Cpu(s):  0.4 us,  0.1 sy,  0.0 ni, 99.5 id,  0.0 wa,  0.0 hi,  0.0 si,  0.0 st
%Cpu(s):  1.1 us,  0.2 sy,  0.0 ni, 98.6 id,  0.0 wa,  0.0 hi,  0.0 si,  0.0 st
%Cpu(s):  0.5 us,  0.1 sy,  0.0 ni, 99.4 id,  0.0 wa,  0.0 hi,  0.0 si,  0.0 st
%Cpu(s):  0.1 us,  0.1 sy,  0.0 ni, 99.8 id,  0.0 wa,  0.0 hi,  0.0 si,  0.0 st
%Cpu(s):  0.5 us,  0.1 sy,  0.0 ni, 99.4 id,  0.0 wa,  0.0 hi,  0.0 si,  0.0 st
%Cpu(s):  0.2 us,  0.1 sy,  0.0 ni, 99.6 id,  0.0 wa,  0.0 hi,  0.0 si,  0.0 st
%Cpu(s):  0.1 us,  0.1 sy,  0.0 ni, 99.6 id,  0.1 wa,  0.0 hi,  0.0 si,  0.0 st
%Cpu(s):  0.4 us,  0.1 sy,  0.0 ni, 99.5 id,  0.0 wa,  0.0 hi,  0.0 si,  0.0 st
