%Cpu(s):  1.9 us,  0.7 sy,  0.0 ni, 97.2 id,  0.2 wa,  0.0 hi,  0.0 si,  0.0 st
%Cpu(s): 34.7 us,  1.9 sy,  0.0 ni, 62.0 id,  1.2 wa,  0.0 hi,  0.1 si,  0.1 st
%Cpu(s):  5.0 us,  0.6 sy,  0.0 ni, 94.2 id,  0.2 wa,  0.0 hi,  0.0 si,  0.0 st
%Cpu(s):  0.5 us,  0.2 sy,  0.0 ni, 99.1 id,  0.1 wa,  0.0 hi,  0.0 si,  0.0 st
%Cpu(s):  0.0 us,  0.0 sy,  0.0 ni,100.0 id,  0.0 wa,  0.0 hi,  0.0 si,  0.0 st
%Cpu(s): 64.2 us,  6.4 sy,  0.0 ni, 28.7 id,  0.2 wa,  0.0 hi,  0.4 si,  0.1 st
%Cpu(s): 78.6 us,  2.1 sy,  0.0 ni, 19.0 id,  0.1 wa,  0.0 hi,  0.0 si,  0.1 st
%Cpu(s): 90.3 us,  2.5 sy,  0.0 ni,  6.9 id,  0.1 wa,  0.0 hi,  0.0 si,  0.1 st
%Cpu(s): 94.4 us,  3.4 sy,  0.0 ni,  2.1 id,  0.1 wa,  0.0 hi,  0.0 si,  0.0 st
%Cpu(s): 96.6 us,  1.8 sy,  0.0 ni,  1.6 id,  0.0 wa,  0.0 hi,  0.0 si,  0.0 st
%Cpu(s): 32.6 us,  1.6 sy,  0.0 ni, 65.7 id,  0.0 wa,  0.0 hi,  0.0 si,  0.0 st
%Cpu(s):  4.9 us,  2.0 sy,  0.0 ni, 92.9 id,  0.0 wa,  0.0 hi,  0.0 si,  0.3 st
%Cpu(s):  8.1 us,  2.4 sy,  0.0 ni, 89.4 id,  0.0 wa,  0.0 hi,  0.1 si,  0.0 st
%Cpu(s):  5.9 us,  2.4 sy,  0.0 ni, 91.2 id,  0.0 wa,  0.0 hi,  0.1 si,  0.4 st
%Cpu(s):  4.4 us,  2.4 sy,  0.0 ni, 93.1 id,  0.0 wa,  0.0 hi,  0.0 si,  0.1 st
%Cpu(s):  5.3 us,  3.3 sy,  0.0 ni, 91.0 id,  0.0 wa,  0.0 hi,  0.0 si,  0.4 st
%Cpu(s):  4.3 us,  2.5 sy,  0.0 ni, 93.1 id,  0.0 wa,  0.0 hi,  0.0 si,  0.1 st
%Cpu(s):  3.9 us,  2.0 sy,  0.0 ni, 93.8 id,  0.0 wa,  0.0 hi,  0.0 si,  0.3 st
%Cpu(s): 10.2 us,  2.9 sy,  0.0 ni, 86.6 id,  0.1 wa,  0.0 hi,  0.2 si,  0.0 st
%Cpu(s):  2.9 us,  1.5 sy,  0.0 ni, 95.3 id,  0.0 wa,  0.0 hi,  0.0 si,  0.3 st
%Cpu(s):  5.8 us,  2.4 sy,  0.0 ni, 91.6 id,  0.0 wa,  0.0 hi,  0.0 si,  0.2 st
%Cpu(s):  1.8 us,  1.4 sy,  0.0 ni, 96.4 id,  0.0 wa,  0.0 hi,  0.1 si,  0.3 st
%Cpu(s):  3.3 us,  1.6 sy,  0.0 ni, 94.9 id,  0.0 wa,  0.0 hi,  0.0 si,  0.3 st
%Cpu(s):  2.0 us,  2.4 sy,  0.0 ni, 95.5 id,  0.0 wa,  0.0 hi,  0.0 si,  0.1 st
%Cpu(s):  1.9 us,  2.3 sy,  0.0 ni, 95.7 id,  0.0 wa,  0.0 hi,  0.0 si,  0.1 st
%Cpu(s):  3.0 us,  1.9 sy,  0.0 ni, 95.1 id,  0.0 wa,  0.0 hi,  0.0 si,  0.0 st
%Cpu(s):  3.1 us,  1.9 sy,  0.0 ni, 94.6 id,  0.0 wa,  0.0 hi,  0.0 si,  0.4 st
%Cpu(s):  1.6 us,  2.3 sy,  0.0 ni, 96.0 id,  0.0 wa,  0.0 hi,  0.0 si,  0.1 st
%Cpu(s):  2.0 us,  1.9 sy,  0.0 ni, 95.7 id,  0.1 wa,  0.0 hi,  0.0 si,  0.3 st
%Cpu(s):  8.5 us,  2.0 sy,  0.0 ni, 89.3 id,  0.0 wa,  0.0 hi,  0.0 si,  0.3 st
%Cpu(s):  5.5 us,  1.5 sy,  0.0 ni, 92.6 id,  0.0 wa,  0.0 hi,  0.1 si,  0.3 st
%Cpu(s):  5.5 us,  2.6 sy,  0.0 ni, 91.6 id,  0.0 wa,  0.0 hi,  0.0 si,  0.3 st
%Cpu(s):  5.3 us,  2.6 sy,  0.0 ni, 91.7 id,  0.0 wa,  0.0 hi,  0.0 si,  0.4 st
%Cpu(s):  5.8 us,  2.6 sy,  0.0 ni, 91.3 id,  0.0 wa,  0.0 hi,  0.0 si,  0.2 st
%Cpu(s): 11.1 us,  3.1 sy,  0.0 ni, 85.5 id,  0.0 wa,  0.0 hi,  0.0 si,  0.3 st
%Cpu(s):  3.8 us,  2.3 sy,  0.0 ni, 93.7 id,  0.0 wa,  0.0 hi,  0.0 si,  0.3 st
%Cpu(s):  4.3 us,  2.9 sy,  0.0 ni, 92.6 id,  0.0 wa,  0.0 hi,  0.0 si,  0.3 st
%Cpu(s):  6.1 us,  2.0 sy,  0.0 ni, 91.7 id,  0.0 wa,  0.0 hi,  0.0 si,  0.3 st
%Cpu(s):  5.9 us,  2.6 sy,  0.0 ni, 91.1 id,  0.0 wa,  0.0 hi,  0.0 si,  0.4 st
%Cpu(s):  3.9 us,  2.6 sy,  0.0 ni, 93.2 id,  0.0 wa,  0.0 hi,  0.0 si,  0.3 st
%Cpu(s): 20.2 us,  3.4 sy,  0.0 ni, 75.7 id,  0.0 wa,  0.0 hi,  0.5 si,  0.3 st
%Cpu(s): 52.2 us,  4.4 sy,  0.0 ni, 42.4 id,  0.0 wa,  0.0 hi,  1.0 si,  0.0 st
%Cpu(s): 51.6 us,  4.0 sy,  0.0 ni, 43.0 id,  0.0 wa,  0.0 hi,  1.4 si,  0.0 st
%Cpu(s): 30.9 us,  4.2 sy,  0.0 ni, 64.1 id,  0.0 wa,  0.0 hi,  0.8 si,  0.1 st
%Cpu(s): 31.7 us,  4.3 sy,  0.0 ni, 63.3 id,  0.0 wa,  0.0 hi,  0.8 si,  0.0 st
%Cpu(s): 13.8 us,  4.3 sy,  0.0 ni, 81.1 id,  0.0 wa,  0.0 hi,  0.6 si,  0.1 st
%Cpu(s): 11.7 us,  4.5 sy,  0.0 ni, 82.7 id,  0.0 wa,  0.0 hi,  1.1 si,  0.0 st
%Cpu(s): 10.9 us,  4.0 sy,  0.0 ni, 84.4 id,  0.0 wa,  0.0 hi,  0.6 si,  0.0 st
%Cpu(s):  6.6 us,  4.1 sy,  0.0 ni, 88.5 id,  0.0 wa,  0.0 hi,  0.8 si,  0.0 st
%Cpu(s):  9.8 us,  4.4 sy,  0.0 ni, 84.6 id,  0.0 wa,  0.0 hi,  0.9 si,  0.3 st
%Cpu(s): 14.9 us,  4.3 sy,  0.0 ni, 79.9 id,  0.0 wa,  0.0 hi,  0.8 si,  0.1 st
%Cpu(s): 11.6 us,  4.4 sy,  0.0 ni, 83.4 id,  0.0 wa,  0.0 hi,  0.6 si,  0.0 st
%Cpu(s):  9.7 us,  3.6 sy,  0.0 ni, 85.6 id,  0.0 wa,  0.0 hi,  1.1 si,  0.0 st
%Cpu(s): 11.9 us,  4.8 sy,  0.0 ni, 82.8 id,  0.0 wa,  0.0 hi,  0.5 si,  0.0 st
%Cpu(s): 16.9 us,  3.8 sy,  0.0 ni, 78.5 id,  0.0 wa,  0.0 hi,  0.6 si,  0.1 st
%Cpu(s): 13.5 us,  4.7 sy,  0.0 ni, 80.9 id,  0.0 wa,  0.0 hi,  0.8 si,  0.1 st
%Cpu(s): 13.7 us,  5.1 sy,  0.0 ni, 80.7 id,  0.0 wa,  0.0 hi,  0.5 si,  0.0 st
%Cpu(s):  9.2 us,  4.1 sy,  0.0 ni, 85.8 id,  0.0 wa,  0.0 hi,  0.8 si,  0.1 st
%Cpu(s): 19.0 us,  4.7 sy,  0.0 ni, 75.4 id,  0.1 wa,  0.0 hi,  0.8 si,  0.0 st
%Cpu(s):  8.8 us,  5.1 sy,  0.0 ni, 85.5 id,  0.0 wa,  0.0 hi,  0.6 si,  0.0 st
%Cpu(s):  9.5 us,  4.2 sy,  0.0 ni, 85.3 id,  0.0 wa,  0.0 hi,  0.9 si,  0.1 st
%Cpu(s): 16.9 us,  5.3 sy,  0.0 ni, 76.7 id,  0.0 wa,  0.0 hi,  1.0 si,  0.0 st
%Cpu(s): 19.5 us,  3.6 sy,  0.0 ni, 76.3 id,  0.0 wa,  0.0 hi,  0.6 si,  0.0 st
%Cpu(s): 16.9 us,  5.3 sy,  0.0 ni, 76.4 id,  0.0 wa,  0.0 hi,  1.4 si,  0.0 st
%Cpu(s): 10.5 us,  6.0 sy,  0.0 ni, 82.2 id,  0.0 wa,  0.0 hi,  1.2 si,  0.1 st
%Cpu(s):  8.0 us,  4.1 sy,  0.0 ni, 86.9 id,  0.0 wa,  0.0 hi,  1.0 si,  0.0 st
%Cpu(s):  8.5 us,  4.6 sy,  0.0 ni, 85.9 id,  0.0 wa,  0.0 hi,  1.0 si,  0.0 st
%Cpu(s): 12.5 us,  4.9 sy,  0.0 ni, 81.9 id,  0.0 wa,  0.0 hi,  0.5 si,  0.1 st
%Cpu(s): 13.0 us,  4.4 sy,  0.0 ni, 81.6 id,  0.0 wa,  0.0 hi,  0.9 si,  0.1 st
%Cpu(s): 12.5 us,  4.2 sy,  0.0 ni, 82.4 id,  0.0 wa,  0.0 hi,  0.9 si,  0.0 st
%Cpu(s):  9.2 us,  4.2 sy,  0.0 ni, 85.2 id,  0.0 wa,  0.0 hi,  1.3 si,  0.1 st
%Cpu(s):  7.8 us,  3.9 sy,  0.0 ni, 87.4 id,  0.0 wa,  0.0 hi,  0.6 si,  0.3 st
