%Cpu(s):  6.1 us,  1.1 sy,  0.0 ni, 92.7 id,  0.0 wa,  0.0 hi,  0.1 si,  0.0 st
%Cpu(s):  2.5 us,  2.4 sy,  0.0 ni, 94.6 id,  0.0 wa,  0.0 hi,  0.0 si,  0.5 st
%Cpu(s):  3.5 us,  1.5 sy,  0.0 ni, 94.8 id,  0.0 wa,  0.0 hi,  0.0 si,  0.2 st
%Cpu(s):  3.1 us,  1.8 sy,  0.0 ni, 94.8 id,  0.0 wa,  0.0 hi,  0.0 si,  0.3 st
%Cpu(s):  3.6 us,  2.8 sy,  0.0 ni, 93.4 id,  0.0 wa,  0.0 hi,  0.1 si,  0.1 st
%Cpu(s): 17.9 us,  2.3 sy,  0.0 ni, 79.5 id,  0.0 wa,  0.0 hi,  0.0 si,  0.4 st
%Cpu(s): 79.0 us,  6.6 sy,  0.0 ni, 13.3 id,  0.0 wa,  0.0 hi,  1.1 si,  0.0 st
%Cpu(s): 88.7 us,  7.6 sy,  0.0 ni,  1.2 id,  0.0 wa,  0.0 hi,  2.5 si,  0.0 st
%Cpu(s): 90.8 us,  7.4 sy,  0.0 ni,  0.4 id,  0.0 wa,  0.0 hi,  1.5 si,  0.0 st
%Cpu(s): 91.5 us,  6.8 sy,  0.0 ni,  0.4 id,  0.0 wa,  0.0 hi,  1.2 si,  0.0 st
%Cpu(s): 90.1 us,  8.0 sy,  0.0 ni,  0.4 id,  0.0 wa,  0.0 hi,  1.5 si,  0.0 st
%Cpu(s): 89.0 us,  9.0 sy,  0.0 ni,  0.5 id,  0.0 wa,  0.0 hi,  1.5 si,  0.0 st
%Cpu(s): 88.6 us,  7.4 sy,  0.0 ni,  2.4 id,  0.0 wa,  0.0 hi,  1.6 si,  0.0 st
%Cpu(s): 80.9 us,  7.2 sy,  0.0 ni,  9.6 id,  0.0 wa,  0.0 hi,  2.2 si,  0.0 st
%Cpu(s): 40.5 us,  7.8 sy,  0.0 ni, 50.1 id,  0.0 wa,  0.0 hi,  1.6 si,  0.0 st
%Cpu(s): 24.3 us,  7.5 sy,  0.0 ni, 67.5 id,  0.1 wa,  0.0 hi,  0.5 si,  0.0 st
%Cpu(s): 17.4 us,  6.1 sy,  0.0 ni, 76.0 id,  0.0 wa,  0.0 hi,  0.5 si,  0.0 st
%Cpu(s): 14.6 us,  6.9 sy,  0.0 ni, 77.9 id,  0.0 wa,  0.0 hi,  0.6 si,  0.0 st
%Cpu(s): 11.8 us,  5.6 sy,  0.0 ni, 82.1 id,  0.0 wa,  0.0 hi,  0.5 si,  0.0 st
%Cpu(s): 25.3 us,  6.5 sy,  0.0 ni, 66.1 id,  0.0 wa,  0.0 hi,  1.9 si,  0.1 st
%Cpu(s): 45.4 us,  5.6 sy,  0.0 ni, 47.5 id,  0.0 wa,  0.0 hi,  1.5 si,  0.0 st
%Cpu(s): 46.6 us,  6.0 sy,  0.0 ni, 46.9 id,  0.0 wa,  0.0 hi,  0.5 si,  0.0 st
%Cpu(s): 13.2 us,  6.3 sy,  0.0 ni, 79.8 id,  0.0 wa,  0.0 hi,  0.5 si,  0.1 st
%Cpu(s): 14.9 us,  6.3 sy,  0.0 ni, 78.3 id,  0.0 wa,  0.0 hi,  0.5 si,  0.0 st
%Cpu(s): 19.1 us,  7.6 sy,  0.0 ni, 72.4 id,  0.0 wa,  0.0 hi,  0.9 si,  0.0 st
%Cpu(s): 13.6 us,  6.5 sy,  0.0 ni, 79.7 id,  0.0 wa,  0.0 hi,  0.1 si,  0.0 st
%Cpu(s): 10.8 us,  6.3 sy,  0.0 ni, 82.3 id,  0.0 wa,  0.0 hi,  0.5 si,  0.0 st
%Cpu(s): 13.0 us,  6.3 sy,  0.0 ni, 80.2 id,  0.0 wa,  0.0 hi,  0.5 si,  0.0 st
%Cpu(s): 13.4 us,  6.1 sy,  0.0 ni, 80.1 id,  0.0 wa,  0.0 hi,  0.3 si,  0.1 st
%Cpu(s): 10.3 us,  7.0 sy,  0.0 ni, 81.9 id,  0.0 wa,  0.0 hi,  0.8 si,  0.0 st
%Cpu(s): 10.8 us,  6.0 sy,  0.0 ni, 82.2 id,  0.0 wa,  0.0 hi,  0.9 si,  0.1 st
%Cpu(s): 13.5 us,  6.7 sy,  0.0 ni, 79.2 id,  0.0 wa,  0.0 hi,  0.6 si,  0.0 st
%Cpu(s): 10.8 us,  6.6 sy,  0.0 ni, 81.9 id,  0.0 wa,  0.0 hi,  0.6 si,  0.0 st
%Cpu(s): 12.4 us,  6.3 sy,  0.0 ni, 80.7 id,  0.0 wa,  0.0 hi,  0.5 si,  0.0 st
%Cpu(s): 15.1 us,  6.1 sy,  0.0 ni, 77.9 id,  0.0 wa,  0.0 hi,  0.9 si,  0.0 st
%Cpu(s): 14.3 us,  6.1 sy,  0.0 ni, 78.4 id,  0.0 wa,  0.0 hi,  1.1 si,  0.0 st
%Cpu(s): 21.2 us,  4.9 sy,  0.0 ni, 72.6 id,  0.1 wa,  0.0 hi,  1.0 si,  0.1 st
%Cpu(s): 12.8 us,  6.0 sy,  0.0 ni, 80.5 id,  0.0 wa,  0.0 hi,  0.6 si,  0.0 st
%Cpu(s): 13.6 us,  6.5 sy,  0.0 ni, 79.2 id,  0.0 wa,  0.0 hi,  0.6 si,  0.0 st
%Cpu(s): 44.7 us,  6.4 sy,  0.0 ni, 47.6 id,  0.0 wa,  0.0 hi,  1.3 si,  0.0 st
%Cpu(s): 19.6 us,  6.3 sy,  0.0 ni, 73.3 id,  0.0 wa,  0.0 hi,  0.8 si,  0.0 st
%Cpu(s): 16.1 us,  5.4 sy,  0.0 ni, 77.2 id,  0.0 wa,  0.0 hi,  1.3 si,  0.0 st
%Cpu(s): 10.1 us,  7.1 sy,  0.0 ni, 82.0 id,  0.0 wa,  0.0 hi,  0.6 si,  0.1 st
%Cpu(s): 12.4 us,  6.8 sy,  0.0 ni, 80.0 id,  0.0 wa,  0.0 hi,  0.8 si,  0.1 st
%Cpu(s): 12.9 us,  7.6 sy,  0.0 ni, 78.9 id,  0.0 wa,  0.0 hi,  0.6 si,  0.0 st
%Cpu(s):  9.4 us,  7.0 sy,  0.0 ni, 82.7 id,  0.0 wa,  0.0 hi,  0.9 si,  0.0 st
%Cpu(s): 10.5 us,  7.1 sy,  0.0 ni, 81.9 id,  0.0 wa,  0.0 hi,  0.5 si,  0.0 st
%Cpu(s): 10.1 us,  5.9 sy,  0.0 ni, 83.3 id,  0.0 wa,  0.0 hi,  0.8 si,  0.0 st
%Cpu(s): 12.1 us,  7.2 sy,  0.0 ni, 79.8 id,  0.0 wa,  0.0 hi,  0.8 si,  0.1 st
%Cpu(s): 10.7 us,  5.4 sy,  0.0 ni, 83.1 id,  0.0 wa,  0.0 hi,  0.8 si,  0.0 st
%Cpu(s): 11.8 us,  6.5 sy,  0.0 ni, 80.8 id,  0.0 wa,  0.0 hi,  0.9 si,  0.0 st
%Cpu(s): 10.4 us,  5.4 sy,  0.0 ni, 83.7 id,  0.1 wa,  0.0 hi,  0.4 si,  0.0 st
%Cpu(s): 11.3 us,  6.2 sy,  0.0 ni, 82.0 id,  0.0 wa,  0.0 hi,  0.5 si,  0.0 st
%Cpu(s): 10.3 us,  5.0 sy,  0.0 ni, 84.3 id,  0.0 wa,  0.0 hi,  0.4 si,  0.0 st
%Cpu(s): 10.8 us,  6.2 sy,  0.0 ni, 82.4 id,  0.0 wa,  0.0 hi,  0.6 si,  0.0 st
%Cpu(s): 10.7 us,  6.8 sy,  0.0 ni, 81.8 id,  0.0 wa,  0.0 hi,  0.5 si,  0.1 st
%Cpu(s): 11.7 us,  6.1 sy,  0.0 ni, 81.5 id,  0.0 wa,  0.0 hi,  0.5 si,  0.1 st
%Cpu(s): 11.9 us,  7.1 sy,  0.0 ni, 80.2 id,  0.0 wa,  0.0 hi,  0.8 si,  0.0 st
%Cpu(s): 11.2 us,  5.7 sy,  0.0 ni, 82.5 id,  0.0 wa,  0.0 hi,  0.6 si,  0.0 st
%Cpu(s): 11.3 us,  6.9 sy,  0.0 ni, 81.2 id,  0.0 wa,  0.0 hi,  0.6 si,  0.0 st
%Cpu(s): 11.1 us,  5.7 sy,  0.0 ni, 82.2 id,  0.0 wa,  0.0 hi,  0.9 si,  0.0 st
%Cpu(s):  8.5 us,  7.3 sy,  0.0 ni, 83.5 id,  0.0 wa,  0.0 hi,  0.6 si,  0.0 st
%Cpu(s):  5.5 us,  2.7 sy,  0.0 ni, 91.6 id,  0.0 wa,  0.0 hi,  0.2 si,  0.0 st
%Cpu(s):  5.8 us,  3.0 sy,  0.0 ni, 90.9 id,  0.0 wa,  0.0 hi,  0.2 si,  0.0 st
%Cpu(s):  2.5 us,  2.8 sy,  0.0 ni, 94.3 id,  0.0 wa,  0.0 hi,  0.1 si,  0.3 st
%Cpu(s):  5.0 us,  2.8 sy,  0.0 ni, 91.9 id,  0.0 wa,  0.0 hi,  0.1 si,  0.2 st
%Cpu(s):  6.8 us,  2.8 sy,  0.0 ni, 90.4 id,  0.0 wa,  0.0 hi,  0.0 si,  0.0 st
%Cpu(s):  8.7 us,  1.7 sy,  0.0 ni, 89.2 id,  0.0 wa,  0.0 hi,  0.1 si,  0.2 st
%Cpu(s):  2.2 us,  1.1 sy,  0.0 ni, 96.6 id,  0.0 wa,  0.0 hi,  0.0 si,  0.1 st
%Cpu(s):  7.4 us,  3.8 sy,  0.0 ni, 88.5 id,  0.0 wa,  0.0 hi,  0.1 si,  0.1 st
%Cpu(s):  3.9 us,  2.5 sy,  0.0 ni, 93.4 id,  0.0 wa,  0.0 hi,  0.1 si,  0.1 st
