%Cpu(s):  1.8 us,  0.3 sy,  0.0 ni, 97.8 id,  0.0 wa,  0.0 hi,  0.0 si,  0.0 st
%Cpu(s): 68.6 us,  4.2 sy,  0.0 ni, 27.1 id,  0.0 wa,  0.0 hi,  0.1 si,  0.0 st
%Cpu(s): 81.1 us,  2.8 sy,  0.0 ni, 16.0 id,  0.0 wa,  0.0 hi,  0.0 si,  0.1 st
%Cpu(s): 91.7 us,  1.9 sy,  0.0 ni,  6.3 id,  0.0 wa,  0.0 hi,  0.0 si,  0.1 st
%Cpu(s): 95.5 us,  2.6 sy,  0.0 ni,  1.9 id,  0.0 wa,  0.0 hi,  0.0 si,  0.0 st
%Cpu(s): 95.1 us,  2.2 sy,  0.0 ni,  2.6 id,  0.0 wa,  0.0 hi,  0.0 si,  0.0 st
%Cpu(s): 31.7 us,  1.5 sy,  0.0 ni, 66.5 id,  0.0 wa,  0.0 hi,  0.3 si,  0.1 st
%Cpu(s):  9.9 us,  3.4 sy,  0.0 ni, 86.6 id,  0.0 wa,  0.0 hi,  0.0 si,  0.1 st
%Cpu(s):  7.8 us,  2.9 sy,  0.0 ni, 89.2 id,  0.0 wa,  0.0 hi,  0.0 si,  0.1 st
%Cpu(s):  6.2 us,  1.4 sy,  0.0 ni, 92.1 id,  0.0 wa,  0.0 hi,  0.0 si,  0.4 st
%Cpu(s):  4.0 us,  2.5 sy,  0.0 ni, 93.2 id,  0.0 wa,  0.0 hi,  0.1 si,  0.1 st
%Cpu(s): 15.3 us,  2.5 sy,  0.0 ni, 81.8 id,  0.0 wa,  0.0 hi,  0.0 si,  0.4 st
%Cpu(s): 11.6 us,  2.8 sy,  0.0 ni, 85.5 id,  0.0 wa,  0.0 hi,  0.1 si,  0.0 st
%Cpu(s): 10.1 us,  2.9 sy,  0.0 ni, 86.8 id,  0.0 wa,  0.0 hi,  0.0 si,  0.3 st
%Cpu(s): 10.5 us,  3.5 sy,  0.0 ni, 85.8 id,  0.0 wa,  0.0 hi,  0.3 si,  0.0 st
%Cpu(s):  9.8 us,  4.0 sy,  0.0 ni, 86.2 id,  0.0 wa,  0.0 hi,  0.0 si,  0.0 st
%Cpu(s): 72.5 us,  6.7 sy,  0.0 ni, 20.2 id,  0.0 wa,  0.0 hi,  0.6 si,  0.0 st
%Cpu(s): 88.1 us,  9.3 sy,  0.0 ni,  0.7 id,  0.0 wa,  0.0 hi,  1.9 si,  0.0 st
%Cpu(s): 88.3 us,  9.0 sy,  0.0 ni,  1.1 id,  0.0 wa,  0.0 hi,  1.6 si,  0.0 st
%Cpu(s): 85.2 us,  8.1 sy,  0.0 ni,  4.6 id,  0.0 wa,  0.0 hi,  2.0 si,  0.0 st
%Cpu(s): 88.2 us,  7.8 sy,  0.0 ni,  2.5 id,  0.0 wa,  0.0 hi,  1.5 si,  0.0 st
%Cpu(s): 62.7 us,  7.1 sy,  0.0 ni, 29.0 id,  0.0 wa,  0.0 hi,  1.3 si,  0.0 st
%Cpu(s): 65.8 us,  8.3 sy,  0.0 ni, 24.7 id,  0.0 wa,  0.0 hi,  1.1 si,  0.0 st
%Cpu(s): 59.2 us,  8.0 sy,  0.0 ni, 30.9 id,  0.0 wa,  0.0 hi,  1.9 si,  0.0 st
%Cpu(s): 32.9 us,  6.8 sy,  0.0 ni, 58.9 id,  0.0 wa,  0.0 hi,  1.4 si,  0.0 st
%Cpu(s): 20.2 us,  6.4 sy,  0.0 ni, 71.7 id,  0.1 wa,  0.0 hi,  1.5 si,  0.0 st
%Cpu(s): 21.1 us,  6.7 sy,  0.0 ni, 70.7 id,  0.0 wa,  0.0 hi,  1.5 si,  0.0 st
%Cpu(s): 17.3 us,  8.1 sy,  0.0 ni, 73.5 id,  0.0 wa,  0.0 hi,  1.0 si,  0.1 st
%Cpu(s): 19.3 us,  6.3 sy,  0.0 ni, 72.6 id,  0.0 wa,  0.0 hi,  1.8 si,  0.0 st
%Cpu(s): 16.8 us,  7.5 sy,  0.0 ni, 74.4 id,  0.0 wa,  0.0 hi,  1.4 si,  0.0 st
%Cpu(s): 37.8 us,  6.2 sy,  0.0 ni, 54.4 id,  0.1 wa,  0.0 hi,  1.4 si,  0.0 st
%Cpu(s): 42.3 us,  6.4 sy,  0.0 ni, 50.2 id,  0.0 wa,  0.0 hi,  1.1 si,  0.0 st
%Cpu(s): 42.9 us,  7.6 sy,  0.0 ni, 47.9 id,  0.0 wa,  0.0 hi,  1.6 si,  0.0 st
%Cpu(s): 22.3 us,  6.3 sy,  0.0 ni, 69.7 id,  0.0 wa,  0.0 hi,  1.5 si,  0.1 st
%Cpu(s): 13.1 us,  5.5 sy,  0.0 ni, 80.2 id,  0.0 wa,  0.0 hi,  1.3 si,  0.0 st
%Cpu(s): 13.9 us,  6.8 sy,  0.0 ni, 77.8 id,  0.0 wa,  0.0 hi,  1.5 si,  0.0 st
%Cpu(s): 10.5 us,  5.5 sy,  0.0 ni, 82.4 id,  0.0 wa,  0.0 hi,  1.5 si,  0.0 st
%Cpu(s): 11.2 us,  7.2 sy,  0.0 ni, 80.2 id,  0.0 wa,  0.0 hi,  1.4 si,  0.0 st
%Cpu(s): 10.6 us,  6.6 sy,  0.0 ni, 81.0 id,  0.0 wa,  0.0 hi,  1.9 si,  0.0 st
%Cpu(s): 10.4 us,  6.6 sy,  0.0 ni, 81.4 id,  0.0 wa,  0.0 hi,  1.5 si,  0.0 st
%Cpu(s): 11.3 us,  6.4 sy,  0.0 ni, 80.4 id,  0.0 wa,  0.0 hi,  1.8 si,  0.1 st
%Cpu(s):  9.5 us,  5.3 sy,  0.0 ni, 83.7 id,  0.0 wa,  0.0 hi,  1.5 si,  0.0 st
%Cpu(s): 10.3 us,  6.6 sy,  0.0 ni, 81.4 id,  0.0 wa,  0.0 hi,  1.7 si,  0.0 st
%Cpu(s):  9.4 us,  5.1 sy,  0.0 ni, 83.7 id,  0.0 wa,  0.0 hi,  1.7 si,  0.1 st
%Cpu(s): 11.2 us,  7.9 sy,  0.0 ni, 79.7 id,  0.0 wa,  0.0 hi,  1.2 si,  0.0 st
%Cpu(s): 10.7 us,  7.3 sy,  0.0 ni, 80.6 id,  0.0 wa,  0.0 hi,  1.4 si,  0.0 st
%Cpu(s): 17.8 us,  7.1 sy,  0.0 ni, 73.5 id,  0.0 wa,  0.0 hi,  1.5 si,  0.0 st
%Cpu(s): 27.0 us,  6.9 sy,  0.0 ni, 64.2 id,  0.0 wa,  0.0 hi,  1.9 si,  0.0 st
%Cpu(s): 13.2 us,  6.1 sy,  0.0 ni, 78.5 id,  0.1 wa,  0.0 hi,  2.0 si,  0.1 st
%Cpu(s): 12.5 us,  7.2 sy,  0.0 ni, 78.5 id,  0.0 wa,  0.0 hi,  1.8 si,  0.0 st
%Cpu(s): 20.0 us,  7.5 sy,  0.0 ni, 71.0 id,  0.0 wa,  0.0 hi,  1.5 si,  0.0 st
%Cpu(s): 15.8 us,  6.2 sy,  0.0 ni, 76.4 id,  0.0 wa,  0.0 hi,  1.6 si,  0.0 st
%Cpu(s): 12.1 us,  6.3 sy,  0.0 ni, 79.8 id,  0.0 wa,  0.0 hi,  1.8 si,  0.0 st
%Cpu(s): 12.8 us,  8.1 sy,  0.0 ni, 77.8 id,  0.0 wa,  0.0 hi,  1.3 si,  0.0 st
%Cpu(s): 10.2 us,  6.4 sy,  0.0 ni, 81.9 id,  0.0 wa,  0.0 hi,  1.4 si,  0.1 st
%Cpu(s):  8.9 us,  6.0 sy,  0.0 ni, 83.3 id,  0.0 wa,  0.0 hi,  1.8 si,  0.0 st
%Cpu(s): 10.1 us,  6.4 sy,  0.0 ni, 81.9 id,  0.0 wa,  0.0 hi,  1.6 si,  0.0 st
%Cpu(s):  7.9 us,  6.1 sy,  0.0 ni, 83.9 id,  0.0 wa,  0.0 hi,  2.0 si,  0.0 st
%Cpu(s): 10.4 us,  6.6 sy,  0.0 ni, 81.4 id,  0.0 wa,  0.0 hi,  1.5 si,  0.1 st
%Cpu(s): 11.0 us,  6.8 sy,  0.0 ni, 81.1 id,  0.0 wa,  0.0 hi,  1.1 si,  0.0 st
%Cpu(s): 12.3 us,  8.0 sy,  0.0 ni, 78.1 id,  0.0 wa,  0.0 hi,  1.6 si,  0.0 st
%Cpu(s): 12.7 us,  6.9 sy,  0.0 ni, 79.2 id,  0.0 wa,  0.0 hi,  1.3 si,  0.0 st
%Cpu(s): 11.8 us,  7.1 sy,  0.0 ni, 79.5 id,  0.0 wa,  0.0 hi,  1.4 si,  0.1 st
%Cpu(s): 11.4 us,  7.1 sy,  0.0 ni, 79.6 id,  0.0 wa,  0.0 hi,  1.9 si,  0.0 st
%Cpu(s): 10.6 us,  7.4 sy,  0.0 ni, 80.8 id,  0.0 wa,  0.0 hi,  1.3 si,  0.0 st
%Cpu(s): 10.8 us,  6.8 sy,  0.0 ni, 80.9 id,  0.0 wa,  0.0 hi,  1.5 si,  0.0 st
%Cpu(s): 10.8 us,  6.1 sy,  0.0 ni, 81.2 id,  0.0 wa,  0.0 hi,  1.8 si,  0.1 st
%Cpu(s): 11.8 us,  6.7 sy,  0.0 ni, 80.0 id,  0.0 wa,  0.0 hi,  1.5 si,  0.0 st
%Cpu(s): 10.9 us,  7.5 sy,  0.0 ni, 80.3 id,  0.0 wa,  0.0 hi,  1.3 si,  0.0 st
%Cpu(s): 10.3 us,  5.9 sy,  0.0 ni, 82.5 id,  0.0 wa,  0.0 hi,  1.3 si,  0.0 st
%Cpu(s): 12.7 us,  8.5 sy,  0.0 ni, 78.0 id,  0.1 wa,  0.0 hi,  0.8 si,  0.0 st
%Cpu(s): 14.0 us,  7.6 sy,  0.0 ni, 77.6 id,  0.0 wa,  0.0 hi,  0.8 si,  0.0 st
%Cpu(s): 22.6 us,  7.5 sy,  0.0 ni, 68.9 id,  0.0 wa,  0.0 hi,  1.0 si,  0.0 st
%Cpu(s): 21.2 us,  7.4 sy,  0.0 ni, 69.7 id,  0.0 wa,  0.0 hi,  1.7 si,  0.0 st
%Cpu(s): 19.6 us,  6.5 sy,  0.0 ni, 72.2 id,  0.0 wa,  0.0 hi,  1.8 si,  0.0 st
%Cpu(s): 17.9 us,  7.1 sy,  0.0 ni, 73.7 id,  0.0 wa,  0.0 hi,  1.4 si,  0.0 st
%Cpu(s): 46.3 us,  7.2 sy,  0.0 ni, 45.1 id,  0.0 wa,  0.0 hi,  1.3 si,  0.1 st
%Cpu(s): 49.6 us,  7.2 sy,  0.0 ni, 41.2 id,  0.0 wa,  0.0 hi,  1.9 si,  0.0 st
