%Cpu(s): 10.5 us,  1.6 sy,  0.0 ni, 87.6 id,  0.0 wa,  0.0 hi,  0.2 si,  0.0 st
%Cpu(s): 10.7 us,  2.1 sy,  0.0 ni, 87.2 id,  0.0 wa,  0.0 hi,  0.0 si,  0.0 st
%Cpu(s):  2.9 us,  2.4 sy,  0.0 ni, 94.7 id,  0.0 wa,  0.0 hi,  0.0 si,  0.0 st
%Cpu(s):  2.3 us,  1.9 sy,  0.0 ni, 95.8 id,  0.0 wa,  0.0 hi,  0.0 si,  0.0 st
%Cpu(s):  4.8 us,  2.1 sy,  0.0 ni, 93.0 id,  0.0 wa,  0.0 hi,  0.0 si,  0.0 st
%Cpu(s): 14.1 us,  1.8 sy,  0.0 ni, 84.1 id,  0.0 wa,  0.0 hi,  0.1 si,  0.0 st
%Cpu(s): 11.5 us,  2.4 sy,  0.0 ni, 86.0 id,  0.0 wa,  0.0 hi,  0.1 si,  0.0 st
%Cpu(s): 66.2 us,  6.5 sy,  0.0 ni, 25.8 id,  0.0 wa,  0.0 hi,  1.4 si,  0.0 st
%Cpu(s): 87.8 us,  9.1 sy,  0.0 ni,  1.4 id,  0.0 wa,  0.0 hi,  1.6 si,  0.1 st
%Cpu(s): 88.0 us,  8.6 sy,  0.0 ni,  1.0 id,  0.0 wa,  0.0 hi,  2.4 si,  0.0 st
%Cpu(s): 90.8 us,  7.4 sy,  0.0 ni,  0.6 id,  0.0 wa,  0.0 hi,  1.2 si,  0.0 st
%Cpu(s): 85.9 us,  7.3 sy,  0.0 ni,  5.7 id,  0.0 wa,  0.0 hi,  1.1 si,  0.0 st
%Cpu(s): 77.5 us,  6.2 sy,  0.0 ni, 15.0 id,  0.0 wa,  0.0 hi,  1.2 si,  0.0 st
%Cpu(s): 62.1 us,  7.3 sy,  0.0 ni, 29.3 id,  0.0 wa,  0.0 hi,  1.1 si,  0.1 st
%Cpu(s): 42.0 us,  5.9 sy,  0.0 ni, 50.8 id,  0.0 wa,  0.0 hi,  1.1 si,  0.1 st
%Cpu(s): 27.6 us,  6.5 sy,  0.0 ni, 64.5 id,  0.1 wa,  0.0 hi,  1.1 si,  0.1 st
%Cpu(s): 25.5 us,  6.2 sy,  0.0 ni, 66.9 id,  0.0 wa,  0.0 hi,  1.4 si,  0.0 st
%Cpu(s): 38.5 us,  4.9 sy,  0.0 ni, 54.6 id,  0.0 wa,  0.0 hi,  2.0 si,  0.0 st
%Cpu(s): 18.2 us,  6.7 sy,  0.0 ni, 73.9 id,  0.0 wa,  0.0 hi,  1.0 si,  0.1 st
%Cpu(s): 23.2 us,  7.3 sy,  0.0 ni, 68.2 id,  0.0 wa,  0.0 hi,  1.4 si,  0.0 st
%Cpu(s): 24.2 us,  6.5 sy,  0.0 ni, 68.4 id,  0.0 wa,  0.0 hi,  0.8 si,  0.1 st
%Cpu(s): 44.4 us,  6.5 sy,  0.0 ni, 47.1 id,  0.0 wa,  0.0 hi,  2.0 si,  0.0 st
%Cpu(s): 17.2 us,  7.6 sy,  0.0 ni, 74.5 id,  0.0 wa,  0.0 hi,  0.8 si,  0.0 st
%Cpu(s): 14.9 us,  6.1 sy,  0.0 ni, 77.9 id,  0.0 wa,  0.0 hi,  1.0 si,  0.0 st
%Cpu(s): 17.1 us,  5.7 sy,  0.0 ni, 76.3 id,  0.0 wa,  0.0 hi,  0.9 si,  0.0 st
%Cpu(s): 15.0 us,  6.3 sy,  0.0 ni, 77.6 id,  0.1 wa,  0.0 hi,  0.9 si,  0.1 st
%Cpu(s): 17.6 us,  7.6 sy,  0.0 ni, 73.4 id,  0.0 wa,  0.0 hi,  1.3 si,  0.1 st
%Cpu(s): 18.2 us,  7.3 sy,  0.0 ni, 73.3 id,  0.0 wa,  0.0 hi,  1.1 si,  0.1 st
%Cpu(s): 16.8 us,  7.6 sy,  0.0 ni, 74.5 id,  0.0 wa,  0.0 hi,  1.1 si,  0.0 st
%Cpu(s): 16.6 us,  6.4 sy,  0.0 ni, 75.5 id,  0.0 wa,  0.0 hi,  1.4 si,  0.1 st
%Cpu(s): 15.7 us,  6.5 sy,  0.0 ni, 76.8 id,  0.0 wa,  0.0 hi,  1.0 si,  0.0 st
%Cpu(s): 15.8 us,  7.5 sy,  0.0 ni, 75.6 id,  0.0 wa,  0.0 hi,  1.1 si,  0.0 st
%Cpu(s): 16.1 us,  6.6 sy,  0.0 ni, 75.8 id,  0.0 wa,  0.0 hi,  1.5 si,  0.0 st
%Cpu(s): 16.5 us,  6.6 sy,  0.0 ni, 75.6 id,  0.0 wa,  0.0 hi,  1.2 si,  0.1 st
%Cpu(s): 16.1 us,  5.8 sy,  0.0 ni, 77.1 id,  0.0 wa,  0.0 hi,  1.0 si,  0.0 st
%Cpu(s): 15.0 us,  6.0 sy,  0.0 ni, 77.5 id,  0.0 wa,  0.0 hi,  1.4 si,  0.1 st
%Cpu(s): 15.2 us,  8.1 sy,  0.0 ni, 75.3 id,  0.0 wa,  0.0 hi,  1.4 si,  0.0 st
%Cpu(s): 24.8 us,  4.6 sy,  0.0 ni, 69.3 id,  0.0 wa,  0.0 hi,  1.1 si,  0.1 st
%Cpu(s): 30.1 us,  7.1 sy,  0.0 ni, 61.7 id,  0.0 wa,  0.0 hi,  1.0 si,  0.1 st
%Cpu(s): 15.8 us,  6.8 sy,  0.0 ni, 76.6 id,  0.0 wa,  0.0 hi,  0.8 si,  0.0 st
%Cpu(s): 15.3 us,  6.0 sy,  0.0 ni, 77.7 id,  0.0 wa,  0.0 hi,  1.0 si,  0.0 st
%Cpu(s): 17.8 us,  6.3 sy,  0.0 ni, 75.1 id,  0.0 wa,  0.0 hi,  0.8 si,  0.0 st
%Cpu(s): 27.8 us,  7.4 sy,  0.0 ni, 62.6 id,  0.0 wa,  0.0 hi,  1.9 si,  0.3 st
%Cpu(s): 16.9 us,  5.6 sy,  0.0 ni, 76.4 id,  0.0 wa,  0.0 hi,  1.2 si,  0.0 st
%Cpu(s): 15.8 us,  6.4 sy,  0.0 ni, 76.6 id,  0.0 wa,  0.0 hi,  1.0 si,  0.1 st
%Cpu(s): 17.8 us,  6.6 sy,  0.0 ni, 74.3 id,  0.0 wa,  0.0 hi,  1.2 si,  0.1 st
%Cpu(s): 16.3 us,  6.1 sy,  0.0 ni, 76.6 id,  0.0 wa,  0.0 hi,  1.0 si,  0.0 st
%Cpu(s): 15.7 us,  6.7 sy,  0.0 ni, 75.7 id,  0.0 wa,  0.0 hi,  1.8 si,  0.1 st
%Cpu(s): 14.8 us,  6.9 sy,  0.0 ni, 76.3 id,  0.0 wa,  0.0 hi,  1.8 si,  0.1 st
%Cpu(s): 16.5 us,  6.7 sy,  0.0 ni, 75.9 id,  0.0 wa,  0.0 hi,  0.9 si,  0.0 st
%Cpu(s): 14.1 us,  6.2 sy,  0.0 ni, 78.4 id,  0.1 wa,  0.0 hi,  1.0 si,  0.1 st
%Cpu(s): 16.0 us,  6.5 sy,  0.0 ni, 76.7 id,  0.0 wa,  0.0 hi,  0.8 si,  0.0 st
%Cpu(s): 18.2 us,  7.1 sy,  0.0 ni, 73.3 id,  0.0 wa,  0.0 hi,  1.3 si,  0.1 st
%Cpu(s): 17.7 us,  6.6 sy,  0.0 ni, 74.7 id,  0.0 wa,  0.0 hi,  1.0 si,  0.0 st
%Cpu(s): 17.4 us,  5.9 sy,  0.0 ni, 75.1 id,  0.0 wa,  0.0 hi,  1.5 si,  0.1 st
%Cpu(s): 17.5 us,  6.5 sy,  0.0 ni, 74.6 id,  0.0 wa,  0.0 hi,  1.4 si,  0.0 st
%Cpu(s): 15.8 us,  6.9 sy,  0.0 ni, 76.2 id,  0.0 wa,  0.0 hi,  0.9 si,  0.1 st
%Cpu(s): 16.9 us,  5.9 sy,  0.0 ni, 76.0 id,  0.0 wa,  0.0 hi,  1.0 si,  0.1 st
%Cpu(s): 15.0 us,  5.1 sy,  0.0 ni, 78.5 id,  0.0 wa,  0.0 hi,  1.4 si,  0.0 st
%Cpu(s): 15.7 us,  6.4 sy,  0.0 ni, 76.3 id,  0.0 wa,  0.0 hi,  1.4 si,  0.1 st
%Cpu(s): 15.9 us,  7.6 sy,  0.0 ni, 75.5 id,  0.0 wa,  0.0 hi,  1.0 si,  0.0 st
%Cpu(s): 15.7 us,  6.9 sy,  0.0 ni, 76.2 id,  0.0 wa,  0.0 hi,  1.2 si,  0.1 st
%Cpu(s): 17.3 us,  6.7 sy,  0.0 ni, 75.1 id,  0.0 wa,  0.0 hi,  0.8 si,  0.1 st
%Cpu(s): 18.2 us,  7.0 sy,  0.0 ni, 73.8 id,  0.0 wa,  0.0 hi,  1.0 si,  0.0 st
%Cpu(s): 17.7 us,  7.0 sy,  0.0 ni, 73.7 id,  0.0 wa,  0.0 hi,  1.4 si,  0.1 st
%Cpu(s): 17.2 us,  6.8 sy,  0.0 ni, 75.1 id,  0.0 wa,  0.0 hi,  0.9 si,  0.0 st
%Cpu(s): 19.6 us,  7.0 sy,  0.0 ni, 72.1 id,  0.0 wa,  0.0 hi,  1.1 si,  0.1 st
%Cpu(s): 70.9 us,  7.7 sy,  0.0 ni, 19.9 id,  0.0 wa,  0.0 hi,  1.5 si,  0.0 st
%Cpu(s): 74.5 us,  8.1 sy,  0.0 ni, 15.4 id,  0.0 wa,  0.0 hi,  2.0 si,  0.0 st
%Cpu(s): 31.2 us,  7.3 sy,  0.0 ni, 60.8 id,  0.0 wa,  0.0 hi,  0.8 si,  0.0 st
%Cpu(s): 16.4 us,  7.7 sy,  0.0 ni, 75.1 id,  0.0 wa,  0.0 hi,  0.6 si,  0.1 st
%Cpu(s): 17.9 us,  7.9 sy,  0.0 ni, 73.3 id,  0.0 wa,  0.0 hi,  0.9 si,  0.0 st
%Cpu(s): 27.4 us,  7.8 sy,  0.0 ni, 63.7 id,  0.0 wa,  0.0 hi,  1.0 si,  0.1 st
%Cpu(s): 25.4 us,  8.4 sy,  0.0 ni, 65.0 id,  0.0 wa,  0.0 hi,  1.2 si,  0.0 st
%Cpu(s):  8.7 us,  2.7 sy,  0.0 ni, 88.4 id,  0.0 wa,  0.0 hi,  0.3 si,  0.0 st
