%Cpu(s):  2.9 us,  0.3 sy,  0.0 ni, 96.7 id,  0.0 wa,  0.0 hi,  0.1 si,  0.0 st
%Cpu(s): 13.0 us,  2.0 sy,  0.0 ni, 85.0 id,  0.0 wa,  0.0 hi,  0.0 si,  0.0 st
%Cpu(s): 88.5 us,  5.2 sy,  0.0 ni,  6.1 id,  0.0 wa,  0.0 hi,  0.1 si,  0.0 st
%Cpu(s): 86.5 us,  1.8 sy,  0.0 ni, 11.8 id,  0.0 wa,  0.0 hi,  0.0 si,  0.0 st
%Cpu(s): 74.2 us,  3.3 sy,  0.0 ni, 22.4 id,  0.0 wa,  0.0 hi,  0.1 si,  0.0 st
%Cpu(s): 93.1 us,  1.6 sy,  0.0 ni,  5.3 id,  0.0 wa,  0.0 hi,  0.0 si,  0.0 st
%Cpu(s): 96.8 us,  2.1 sy,  0.0 ni,  0.9 id,  0.0 wa,  0.0 hi,  0.2 si,  0.0 st
%Cpu(s): 96.5 us,  2.6 sy,  0.0 ni,  0.7 id,  0.0 wa,  0.0 hi,  0.1 si,  0.0 st
%Cpu(s): 95.5 us,  3.1 sy,  0.0 ni,  1.2 id,  0.0 wa,  0.0 hi,  0.1 si,  0.0 st
%Cpu(s): 95.6 us,  3.1 sy,  0.0 ni,  1.0 id,  0.0 wa,  0.0 hi,  0.2 si,  0.0 st
%Cpu(s): 95.4 us,  2.9 sy,  0.0 ni,  1.6 id,  0.0 wa,  0.0 hi,  0.1 si,  0.0 st
%Cpu(s): 92.1 us,  6.6 sy,  0.0 ni,  0.4 id,  0.0 wa,  0.0 hi,  1.0 si,  0.0 st
%Cpu(s): 88.7 us,  9.3 sy,  0.0 ni,  0.6 id,  0.0 wa,  0.0 hi,  1.4 si,  0.0 st
%Cpu(s): 85.5 us, 12.0 sy,  0.0 ni,  0.1 id,  0.0 wa,  0.0 hi,  2.4 si,  0.0 st
%Cpu(s): 85.0 us, 12.1 sy,  0.0 ni,  0.2 id,  0.0 wa,  0.0 hi,  2.5 si,  0.1 st
%Cpu(s): 87.2 us, 10.4 sy,  0.0 ni,  0.0 id,  0.0 wa,  0.0 hi,  2.2 si,  0.1 st
%Cpu(s): 85.1 us, 12.5 sy,  0.0 ni,  0.1 id,  0.0 wa,  0.0 hi,  2.2 si,  0.0 st
%Cpu(s): 86.9 us, 10.1 sy,  0.0 ni,  0.1 id,  0.0 wa,  0.0 hi,  2.9 si,  0.0 st
%Cpu(s): 86.7 us, 10.2 sy,  0.0 ni,  0.1 id,  0.0 wa,  0.0 hi,  2.9 si,  0.1 st
%Cpu(s): 84.7 us, 12.5 sy,  0.0 ni,  0.0 id,  0.0 wa,  0.0 hi,  2.7 si,  0.0 st
%Cpu(s): 87.9 us,  9.5 sy,  0.0 ni,  0.1 id,  0.0 wa,  0.0 hi,  2.4 si,  0.1 st
%Cpu(s): 85.9 us, 11.3 sy,  0.0 ni,  0.1 id,  0.0 wa,  0.0 hi,  2.7 si,  0.0 st
%Cpu(s): 84.0 us, 12.2 sy,  0.0 ni,  0.6 id,  0.0 wa,  0.0 hi,  3.2 si,  0.0 st
%Cpu(s): 85.8 us, 10.2 sy,  0.0 ni,  1.2 id,  0.0 wa,  0.0 hi,  2.7 si,  0.0 st
%Cpu(s): 85.0 us, 11.5 sy,  0.0 ni,  0.6 id,  0.0 wa,  0.0 hi,  2.7 si,  0.1 st
%Cpu(s): 71.4 us,  8.2 sy,  0.0 ni, 18.1 id,  0.0 wa,  0.0 hi,  2.3 si,  0.0 st
%Cpu(s): 21.0 us,  6.7 sy,  0.0 ni, 70.4 id,  0.0 wa,  0.0 hi,  1.8 si,  0.1 st
%Cpu(s): 32.2 us,  8.3 sy,  0.0 ni, 57.6 id,  0.0 wa,  0.0 hi,  2.0 si,  0.0 st
%Cpu(s): 54.1 us,  9.4 sy,  0.0 ni, 34.0 id,  0.0 wa,  0.0 hi,  2.3 si,  0.1 st
%Cpu(s): 57.6 us,  9.4 sy,  0.0 ni, 30.6 id,  0.0 wa,  0.0 hi,  2.2 si,  0.1 st
%Cpu(s): 37.3 us,  9.0 sy,  0.0 ni, 51.3 id,  0.0 wa,  0.0 hi,  2.4 si,  0.0 st
%Cpu(s): 28.0 us,  7.0 sy,  0.0 ni, 62.8 id,  0.0 wa,  0.0 hi,  1.9 si,  0.3 st
%Cpu(s): 26.2 us,  9.2 sy,  0.0 ni, 62.5 id,  0.0 wa,  0.0 hi,  2.1 si,  0.0 st
%Cpu(s): 21.7 us,  8.8 sy,  0.0 ni, 67.2 id,  0.1 wa,  0.0 hi,  1.9 si,  0.3 st
%Cpu(s): 21.1 us,  8.8 sy,  0.0 ni, 67.6 id,  0.0 wa,  0.0 hi,  2.5 si,  0.0 st
%Cpu(s): 22.3 us,  7.7 sy,  0.0 ni, 67.5 id,  0.0 wa,  0.0 hi,  2.5 si,  0.0 st
%Cpu(s): 20.8 us,  8.6 sy,  0.0 ni, 67.8 id,  0.0 wa,  0.0 hi,  2.5 si,  0.3 st
%Cpu(s): 19.8 us,  8.7 sy,  0.0 ni, 69.5 id,  0.0 wa,  0.0 hi,  1.8 si,  0.1 st
%Cpu(s): 20.4 us,  8.9 sy,  0.0 ni, 68.3 id,  0.0 wa,  0.0 hi,  2.3 si,  0.1 st
%Cpu(s): 22.3 us,  8.6 sy,  0.0 ni, 66.9 id,  0.0 wa,  0.0 hi,  2.0 si,  0.1 st
%Cpu(s): 25.8 us,  8.5 sy,  0.0 ni, 63.3 id,  0.0 wa,  0.0 hi,  2.4 si,  0.1 st
%Cpu(s): 36.4 us,  8.2 sy,  0.0 ni, 52.5 id,  0.0 wa,  0.0 hi,  2.7 si,  0.1 st
%Cpu(s): 29.1 us,  9.0 sy,  0.0 ni, 58.9 id,  0.0 wa,  0.0 hi,  3.0 si,  0.0 st
%Cpu(s): 20.0 us,  8.9 sy,  0.0 ni, 68.7 id,  0.0 wa,  0.0 hi,  2.2 si,  0.1 st
%Cpu(s): 21.2 us,  8.2 sy,  0.0 ni, 67.8 id,  0.0 wa,  0.0 hi,  2.6 si,  0.3 st
%Cpu(s): 35.3 us,  9.5 sy,  0.0 ni, 52.5 id,  0.0 wa,  0.0 hi,  2.6 si,  0.1 st
%Cpu(s): 32.2 us,  9.4 sy,  0.0 ni, 56.4 id,  0.0 wa,  0.0 hi,  1.9 si,  0.1 st
%Cpu(s): 27.9 us,  8.9 sy,  0.0 ni, 60.8 id,  0.0 wa,  0.0 hi,  2.3 si,  0.1 st
%Cpu(s): 26.6 us,  9.1 sy,  0.0 ni, 62.1 id,  0.0 wa,  0.0 hi,  2.1 si,  0.1 st
%Cpu(s): 19.8 us,  8.5 sy,  0.0 ni, 69.1 id,  0.0 wa,  0.0 hi,  2.3 si,  0.3 st
%Cpu(s): 23.4 us,  8.7 sy,  0.0 ni, 65.3 id,  0.0 wa,  0.0 hi,  2.6 si,  0.0 st
%Cpu(s): 22.5 us,  7.9 sy,  0.0 ni, 67.4 id,  0.0 wa,  0.0 hi,  1.9 si,  0.3 st
%Cpu(s): 21.2 us,  8.8 sy,  0.0 ni, 67.5 id,  0.0 wa,  0.0 hi,  2.4 si,  0.1 st
%Cpu(s): 22.9 us,  9.3 sy,  0.0 ni, 64.9 id,  0.0 wa,  0.0 hi,  2.8 si,  0.1 st
%Cpu(s): 20.1 us,  8.3 sy,  0.0 ni, 69.0 id,  0.0 wa,  0.0 hi,  2.5 si,  0.1 st
%Cpu(s): 17.5 us,  8.9 sy,  0.0 ni, 70.5 id,  0.0 wa,  0.0 hi,  2.8 si,  0.3 st
%Cpu(s): 20.1 us,  8.9 sy,  0.0 ni, 68.6 id,  0.0 wa,  0.0 hi,  2.1 si,  0.3 st
%Cpu(s): 21.9 us,  9.1 sy,  0.0 ni, 66.8 id,  0.0 wa,  0.0 hi,  2.0 si,  0.1 st
%Cpu(s): 21.8 us,  7.9 sy,  0.0 ni, 68.3 id,  0.0 wa,  0.0 hi,  1.9 si,  0.1 st
%Cpu(s): 20.6 us,  8.6 sy,  0.0 ni, 68.3 id,  0.0 wa,  0.0 hi,  2.3 si,  0.1 st
%Cpu(s): 23.3 us,  7.8 sy,  0.0 ni, 65.9 id,  0.0 wa,  0.0 hi,  2.8 si,  0.3 st
%Cpu(s): 25.0 us,  9.7 sy,  0.0 ni, 63.0 id,  0.0 wa,  0.0 hi,  2.1 si,  0.1 st
%Cpu(s): 22.0 us,  8.8 sy,  0.0 ni, 66.6 id,  0.0 wa,  0.0 hi,  2.2 si,  0.4 st
%Cpu(s): 23.4 us, 10.3 sy,  0.0 ni, 63.9 id,  0.0 wa,  0.0 hi,  2.3 si,  0.1 st
%Cpu(s): 21.4 us,  8.6 sy,  0.0 ni, 67.9 id,  0.0 wa,  0.0 hi,  2.0 si,  0.1 st
%Cpu(s): 22.2 us,  9.3 sy,  0.0 ni, 65.8 id,  0.0 wa,  0.0 hi,  2.5 si,  0.1 st
%Cpu(s): 21.7 us,  9.0 sy,  0.0 ni, 67.0 id,  0.0 wa,  0.0 hi,  2.0 si,  0.3 st
%Cpu(s): 22.0 us, 10.1 sy,  0.0 ni, 66.0 id,  0.0 wa,  0.0 hi,  1.8 si,  0.1 st
%Cpu(s): 23.3 us,  8.7 sy,  0.0 ni, 65.9 id,  0.1 wa,  0.0 hi,  1.7 si,  0.3 st
%Cpu(s): 32.7 us, 10.1 sy,  0.0 ni, 55.0 id,  0.0 wa,  0.0 hi,  2.3 si,  0.0 st
%Cpu(s): 52.7 us, 11.3 sy,  0.0 ni, 33.1 id,  0.0 wa,  0.0 hi,  2.7 si,  0.3 st
%Cpu(s): 57.3 us,  9.3 sy,  0.0 ni, 30.3 id,  0.0 wa,  0.0 hi,  3.0 si,  0.1 st
%Cpu(s): 70.8 us,  9.9 sy,  0.0 ni, 16.0 id,  0.0 wa,  0.0 hi,  3.2 si,  0.1 st
%Cpu(s): 55.4 us,  9.5 sy,  0.0 ni, 32.8 id,  0.0 wa,  0.0 hi,  2.2 si,  0.1 st
%Cpu(s): 38.6 us,  9.7 sy,  0.0 ni, 49.1 id,  0.0 wa,  0.0 hi,  2.6 si,  0.0 st
%Cpu(s): 40.2 us,  9.5 sy,  0.0 ni, 47.8 id,  0.0 wa,  0.0 hi,  2.4 si,  0.1 st
%Cpu(s): 33.8 us,  8.1 sy,  0.0 ni, 55.2 id,  0.0 wa,  0.0 hi,  2.7 si,  0.1 st
%Cpu(s): 27.6 us,  9.3 sy,  0.0 ni, 61.3 id,  0.0 wa,  0.0 hi,  1.7 si,  0.1 st
%Cpu(s): 32.9 us,  7.7 sy,  0.0 ni, 57.1 id,  0.0 wa,  0.0 hi,  2.3 si,  0.0 st
