%Cpu(s):  1.7 us,  0.5 sy,  0.0 ni, 97.6 id,  0.0 wa,  0.0 hi,  0.1 si,  0.0 st
%Cpu(s): 61.2 us,  2.9 sy,  0.0 ni, 35.8 id,  0.0 wa,  0.0 hi,  0.0 si,  0.1 st
%Cpu(s): 60.2 us,  1.5 sy,  0.0 ni, 38.3 id,  0.0 wa,  0.0 hi,  0.0 si,  0.0 st
%Cpu(s): 74.6 us,  2.0 sy,  0.0 ni, 23.3 id,  0.0 wa,  0.0 hi,  0.0 si,  0.1 st
%Cpu(s): 12.0 us,  0.6 sy,  0.0 ni, 87.3 id,  0.0 wa,  0.0 hi,  0.1 si,  0.0 st
%Cpu(s): 37.5 us,  2.9 sy,  0.0 ni, 58.6 id,  0.5 wa,  0.0 hi,  0.4 si,  0.1 st
%Cpu(s): 44.5 us,  3.1 sy,  0.0 ni, 51.3 id,  0.0 wa,  0.0 hi,  1.0 si,  0.1 st
%Cpu(s): 20.4 us,  2.4 sy,  0.0 ni, 76.9 id,  0.0 wa,  0.0 hi,  0.4 si,  0.0 st
%Cpu(s): 13.0 us,  4.1 sy,  0.0 ni, 82.3 id,  0.0 wa,  0.0 hi,  0.6 si,  0.0 st
%Cpu(s):  9.0 us,  2.9 sy,  0.0 ni, 87.7 id,  0.0 wa,  0.0 hi,  0.5 si,  0.0 st
%Cpu(s): 12.7 us,  3.7 sy,  0.0 ni, 83.0 id,  0.0 wa,  0.0 hi,  0.5 si,  0.0 st
%Cpu(s):  8.2 us,  3.1 sy,  0.0 ni, 88.2 id,  0.0 wa,  0.0 hi,  0.5 si,  0.0 st
%Cpu(s):  8.5 us,  3.3 sy,  0.0 ni, 87.7 id,  0.0 wa,  0.0 hi,  0.4 si,  0.1 st
%Cpu(s):  7.0 us,  2.9 sy,  0.0 ni, 89.6 id,  0.0 wa,  0.0 hi,  0.4 si,  0.1 st
%Cpu(s):  4.8 us,  3.3 sy,  0.0 ni, 91.3 id,  0.0 wa,  0.0 hi,  0.6 si,  0.0 st
%Cpu(s):  6.1 us,  3.1 sy,  0.0 ni, 90.1 id,  0.0 wa,  0.0 hi,  0.6 si,  0.0 st
%Cpu(s):  7.3 us,  3.7 sy,  0.0 ni, 88.1 id,  0.0 wa,  0.0 hi,  0.9 si,  0.0 st
%Cpu(s):  5.8 us,  3.5 sy,  0.0 ni, 89.9 id,  0.0 wa,  0.0 hi,  0.8 si,  0.0 st
%Cpu(s):  6.7 us,  3.0 sy,  0.0 ni, 89.4 id,  0.0 wa,  0.0 hi,  0.9 si,  0.0 st
%Cpu(s):  5.8 us,  3.9 sy,  0.0 ni, 89.2 id,  0.0 wa,  0.0 hi,  1.1 si,  0.0 st
%Cpu(s):  6.2 us,  3.9 sy,  0.0 ni, 89.2 id,  0.1 wa,  0.0 hi,  0.4 si,  0.1 st
%Cpu(s):  6.3 us,  3.5 sy,  0.0 ni, 89.5 id,  0.0 wa,  0.0 hi,  0.7 si,  0.0 st
%Cpu(s):  5.6 us,  3.6 sy,  0.0 ni, 90.0 id,  0.0 wa,  0.0 hi,  0.6 si,  0.1 st
%Cpu(s):  6.1 us,  3.7 sy,  0.0 ni, 89.4 id,  0.0 wa,  0.0 hi,  0.7 si,  0.0 st
%Cpu(s):  5.8 us,  2.8 sy,  0.0 ni, 90.6 id,  0.0 wa,  0.0 hi,  0.8 si,  0.0 st
%Cpu(s):  6.9 us,  3.5 sy,  0.0 ni, 84.4 id,  4.5 wa,  0.0 hi,  0.6 si,  0.0 st
%Cpu(s):  7.5 us,  3.9 sy,  0.0 ni, 88.1 id,  0.0 wa,  0.0 hi,  0.6 si,  0.0 st
%Cpu(s):  6.7 us,  4.2 sy,  0.0 ni, 88.1 id,  0.0 wa,  0.0 hi,  0.9 si,  0.1 st
%Cpu(s):  8.4 us,  3.7 sy,  0.0 ni, 87.1 id,  0.0 wa,  0.0 hi,  0.7 si,  0.0 st
%Cpu(s): 18.7 us,  3.9 sy,  0.0 ni, 77.0 id,  0.0 wa,  0.0 hi,  0.4 si,  0.0 st
%Cpu(s): 16.1 us,  3.4 sy,  0.0 ni, 79.2 id,  0.0 wa,  0.0 hi,  1.3 si,  0.0 st
%Cpu(s): 14.9 us,  4.1 sy,  0.0 ni, 79.7 id,  0.0 wa,  0.0 hi,  1.2 si,  0.1 st
%Cpu(s):  3.1 us,  3.3 sy,  0.0 ni, 93.1 id,  0.0 wa,  0.0 hi,  0.5 si,  0.0 st
%Cpu(s):  6.6 us,  3.3 sy,  0.0 ni, 89.5 id,  0.0 wa,  0.0 hi,  0.6 si,  0.0 st
%Cpu(s):  7.1 us,  3.9 sy,  0.0 ni, 88.1 id,  0.0 wa,  0.0 hi,  0.9 si,  0.0 st
%Cpu(s):  7.2 us,  3.4 sy,  0.0 ni, 88.8 id,  0.0 wa,  0.0 hi,  0.6 si,  0.0 st
%Cpu(s):  5.0 us,  3.5 sy,  0.0 ni, 90.8 id,  0.0 wa,  0.0 hi,  0.6 si,  0.1 st
%Cpu(s):  4.8 us,  3.2 sy,  0.0 ni, 91.0 id,  0.0 wa,  0.0 hi,  1.0 si,  0.0 st
%Cpu(s):  4.0 us,  3.2 sy,  0.0 ni, 92.1 id,  0.0 wa,  0.0 hi,  0.5 si,  0.1 st
%Cpu(s):  5.5 us,  2.9 sy,  0.0 ni, 90.9 id,  0.0 wa,  0.0 hi,  0.7 si,  0.0 st
%Cpu(s):  5.5 us,  3.1 sy,  0.0 ni, 90.4 id,  0.0 wa,  0.0 hi,  1.0 si,  0.0 st
%Cpu(s):  3.7 us,  2.9 sy,  0.0 ni, 92.5 id,  0.0 wa,  0.0 hi,  0.9 si,  0.0 st
%Cpu(s):  5.0 us,  3.9 sy,  0.0 ni, 90.2 id,  0.0 wa,  0.0 hi,  0.9 si,  0.0 st
%Cpu(s):  5.2 us,  2.7 sy,  0.0 ni, 91.3 id,  0.0 wa,  0.0 hi,  0.8 si,  0.0 st
%Cpu(s):  4.9 us,  3.2 sy,  0.0 ni, 91.5 id,  0.0 wa,  0.0 hi,  0.4 si,  0.0 st
%Cpu(s):  5.4 us,  2.5 sy,  0.0 ni, 91.3 id,  0.1 wa,  0.0 hi,  0.6 si,  0.0 st
%Cpu(s):  5.0 us,  2.3 sy,  0.0 ni, 92.4 id,  0.0 wa,  0.0 hi,  0.3 si,  0.1 st
%Cpu(s):  5.8 us,  4.2 sy,  0.0 ni, 89.3 id,  0.0 wa,  0.0 hi,  0.6 si,  0.0 st
%Cpu(s):  6.5 us,  4.0 sy,  0.0 ni, 88.9 id,  0.0 wa,  0.0 hi,  0.6 si,  0.0 st
%Cpu(s):  5.3 us,  3.4 sy,  0.0 ni, 90.1 id,  0.0 wa,  0.0 hi,  1.0 si,  0.1 st
%Cpu(s):  9.7 us,  3.3 sy,  0.0 ni, 86.5 id,  0.0 wa,  0.0 hi,  0.5 si,  0.0 st
%Cpu(s): 17.2 us,  3.0 sy,  0.0 ni, 79.1 id,  0.0 wa,  0.0 hi,  0.8 si,  0.0 st
%Cpu(s): 17.8 us,  3.8 sy,  0.0 ni, 77.7 id,  0.0 wa,  0.0 hi,  0.8 si,  0.0 st
%Cpu(s):  8.8 us,  3.4 sy,  0.0 ni, 87.3 id,  0.0 wa,  0.0 hi,  0.5 si,  0.0 st
%Cpu(s):  5.5 us,  4.2 sy,  0.0 ni, 89.1 id,  0.0 wa,  0.0 hi,  1.0 si,  0.1 st
%Cpu(s):  5.2 us,  3.4 sy,  0.0 ni, 85.4 id,  5.3 wa,  0.0 hi,  0.6 si,  0.0 st
%Cpu(s):  5.4 us,  2.9 sy,  0.0 ni, 90.9 id,  0.0 wa,  0.0 hi,  0.8 si,  0.0 st
%Cpu(s):  6.7 us,  3.3 sy,  0.0 ni, 89.4 id,  0.0 wa,  0.0 hi,  0.6 si,  0.0 st
%Cpu(s):  4.6 us,  4.0 sy,  0.0 ni, 90.0 id,  0.0 wa,  0.0 hi,  1.3 si,  0.1 st
%Cpu(s):  5.3 us,  3.8 sy,  0.0 ni, 89.9 id,  0.1 wa,  0.0 hi,  0.8 si,  0.1 st
%Cpu(s):  5.5 us,  3.7 sy,  0.0 ni, 90.3 id,  0.0 wa,  0.0 hi,  0.5 si,  0.0 st
%Cpu(s):  6.2 us,  3.0 sy,  0.0 ni, 90.3 id,  0.0 wa,  0.0 hi,  0.5 si,  0.0 st
%Cpu(s):  6.3 us,  3.8 sy,  0.0 ni, 89.5 id,  0.0 wa,  0.0 hi,  0.5 si,  0.0 st
%Cpu(s):  6.0 us,  3.6 sy,  0.0 ni, 89.6 id,  0.0 wa,  0.0 hi,  0.6 si,  0.1 st
%Cpu(s): 12.1 us,  3.5 sy,  0.0 ni, 83.5 id,  0.0 wa,  0.0 hi,  0.9 si,  0.0 st
%Cpu(s):  7.1 us,  3.5 sy,  0.0 ni, 88.7 id,  0.0 wa,  0.0 hi,  0.6 si,  0.0 st
%Cpu(s):  6.1 us,  4.0 sy,  0.0 ni, 89.3 id,  0.0 wa,  0.0 hi,  0.5 si,  0.0 st
%Cpu(s):  6.9 us,  3.4 sy,  0.0 ni, 88.8 id,  0.0 wa,  0.0 hi,  0.9 si,  0.0 st
%Cpu(s):  4.3 us,  3.7 sy,  0.0 ni, 90.7 id,  0.0 wa,  0.0 hi,  1.1 si,  0.1 st
%Cpu(s): 10.4 us,  4.7 sy,  0.0 ni, 83.9 id,  0.0 wa,  0.0 hi,  0.9 si,  0.1 st
%Cpu(s): 16.4 us,  3.2 sy,  0.0 ni, 79.8 id,  0.0 wa,  0.0 hi,  0.6 si,  0.0 st
%Cpu(s): 20.2 us,  2.6 sy,  0.0 ni, 76.5 id,  0.0 wa,  0.0 hi,  0.6 si,  0.0 st
%Cpu(s): 14.8 us,  4.3 sy,  0.0 ni, 80.3 id,  0.0 wa,  0.0 hi,  0.6 si,  0.0 st
%Cpu(s):  7.3 us,  3.2 sy,  0.0 ni, 89.0 id,  0.0 wa,  0.0 hi,  0.4 si,  0.1 st
