%Cpu(s):  1.9 us,  0.3 sy,  0.0 ni, 97.8 id,  0.0 wa,  0.0 hi,  0.0 si,  0.0 st
%Cpu(s): 55.8 us,  5.6 sy,  0.0 ni, 38.5 id,  0.0 wa,  0.0 hi,  0.0 si,  0.0 st
%Cpu(s): 74.5 us,  2.8 sy,  0.0 ni, 22.6 id,  0.0 wa,  0.0 hi,  0.1 si,  0.0 st
%Cpu(s): 76.6 us,  3.1 sy,  0.0 ni, 20.1 id,  0.0 wa,  0.0 hi,  0.0 si,  0.1 st
%Cpu(s): 95.1 us,  3.0 sy,  0.0 ni,  1.9 id,  0.0 wa,  0.0 hi,  0.0 si,  0.0 st
%Cpu(s): 94.9 us,  2.7 sy,  0.0 ni,  2.2 id,  0.0 wa,  0.0 hi,  0.1 si,  0.0 st
%Cpu(s): 94.8 us,  3.2 sy,  0.0 ni,  1.9 id,  0.0 wa,  0.0 hi,  0.1 si,  0.0 st
%Cpu(s): 44.2 us,  1.6 sy,  0.0 ni, 54.1 id,  0.0 wa,  0.0 hi,  0.1 si,  0.0 st
%Cpu(s):  5.3 us,  0.9 sy,  0.0 ni, 93.7 id,  0.0 wa,  0.0 hi,  0.1 si,  0.0 st
%Cpu(s):  3.6 us,  1.5 sy,  0.0 ni, 94.9 id,  0.0 wa,  0.0 hi,  0.0 si,  0.0 st
%Cpu(s):  2.6 us,  2.0 sy,  0.0 ni, 95.4 id,  0.0 wa,  0.0 hi,  0.0 si,  0.0 st
%Cpu(s):  8.8 us,  1.1 sy,  0.0 ni, 90.1 id,  0.0 wa,  0.0 hi,  0.0 si,  0.0 st
%Cpu(s):  6.6 us,  1.5 sy,  0.0 ni, 91.8 id,  0.0 wa,  0.0 hi,  0.0 si,  0.0 st
%Cpu(s):  8.2 us,  1.5 sy,  0.0 ni, 90.1 id,  0.0 wa,  0.0 hi,  0.1 si,  0.0 st
%Cpu(s): 11.2 us,  2.9 sy,  0.0 ni, 86.0 id,  0.0 wa,  0.0 hi,  0.0 si,  0.0 st
%Cpu(s):  3.4 us,  3.8 sy,  0.0 ni, 92.4 id,  0.1 wa,  0.0 hi,  0.0 si,  0.3 st
%Cpu(s):  6.9 us,  3.7 sy,  0.0 ni, 89.4 id,  0.0 wa,  0.0 hi,  0.0 si,  0.0 st
%Cpu(s): 67.1 us,  8.0 sy,  0.0 ni, 23.2 id,  0.0 wa,  0.0 hi,  1.5 si,  0.1 st
%Cpu(s): 88.5 us,  9.7 sy,  0.0 ni,  0.5 id,  0.0 wa,  0.0 hi,  1.2 si,  0.0 st
%Cpu(s): 86.2 us, 10.4 sy,  0.0 ni,  1.9 id,  0.0 wa,  0.0 hi,  1.5 si,  0.0 st
%Cpu(s): 81.7 us, 11.4 sy,  0.0 ni,  4.1 id,  0.0 wa,  0.0 hi,  2.8 si,  0.0 st
%Cpu(s): 84.8 us, 11.0 sy,  0.0 ni,  2.0 id,  0.0 wa,  0.0 hi,  2.1 si,  0.1 st
%Cpu(s): 86.8 us, 11.2 sy,  0.0 ni,  0.1 id,  0.0 wa,  0.0 hi,  1.9 si,  0.0 st
%Cpu(s): 83.7 us, 13.0 sy,  0.0 ni,  0.1 id,  0.0 wa,  0.0 hi,  3.2 si,  0.0 st
%Cpu(s): 85.7 us, 11.7 sy,  0.0 ni,  0.1 id,  0.0 wa,  0.0 hi,  2.5 si,  0.0 st
%Cpu(s): 71.9 us, 10.6 sy,  0.0 ni, 15.4 id,  0.0 wa,  0.0 hi,  2.1 si,  0.0 st
%Cpu(s): 54.2 us,  8.2 sy,  0.0 ni, 35.3 id,  0.0 wa,  0.0 hi,  2.2 si,  0.1 st
%Cpu(s): 32.4 us,  7.6 sy,  0.0 ni, 58.3 id,  0.0 wa,  0.0 hi,  1.6 si,  0.0 st
%Cpu(s): 22.0 us,  7.5 sy,  0.0 ni, 68.3 id,  0.0 wa,  0.0 hi,  2.0 si,  0.1 st
%Cpu(s): 17.1 us,  7.9 sy,  0.0 ni, 73.0 id,  0.0 wa,  0.0 hi,  2.1 si,  0.0 st
%Cpu(s): 14.4 us,  7.8 sy,  0.0 ni, 76.0 id,  0.0 wa,  0.0 hi,  1.7 si,  0.1 st
%Cpu(s): 16.0 us,  7.8 sy,  0.0 ni, 74.6 id,  0.0 wa,  0.0 hi,  1.6 si,  0.0 st
%Cpu(s): 14.9 us,  8.3 sy,  0.0 ni, 75.5 id,  0.0 wa,  0.0 hi,  1.3 si,  0.0 st
%Cpu(s): 15.0 us,  7.3 sy,  0.0 ni, 76.0 id,  0.0 wa,  0.0 hi,  1.7 si,  0.0 st
%Cpu(s): 23.2 us,  7.5 sy,  0.0 ni, 67.6 id,  0.0 wa,  0.0 hi,  1.5 si,  0.1 st
%Cpu(s): 27.1 us,  7.5 sy,  0.0 ni, 63.6 id,  0.0 wa,  0.0 hi,  1.8 si,  0.0 st
%Cpu(s): 23.2 us,  7.4 sy,  0.0 ni, 67.9 id,  0.0 wa,  0.0 hi,  1.4 si,  0.1 st
%Cpu(s): 14.3 us,  7.3 sy,  0.0 ni, 76.9 id,  0.0 wa,  0.0 hi,  1.5 si,  0.0 st
%Cpu(s): 12.8 us,  6.9 sy,  0.0 ni, 78.1 id,  0.0 wa,  0.0 hi,  2.0 si,  0.1 st
%Cpu(s): 12.0 us,  7.6 sy,  0.0 ni, 79.0 id,  0.0 wa,  0.0 hi,  1.3 si,  0.1 st
%Cpu(s): 11.6 us,  6.2 sy,  0.0 ni, 80.5 id,  0.0 wa,  0.0 hi,  1.5 si,  0.1 st
%Cpu(s): 10.8 us,  7.4 sy,  0.0 ni, 80.3 id,  0.0 wa,  0.0 hi,  1.5 si,  0.0 st
%Cpu(s): 13.4 us,  7.5 sy,  0.0 ni, 77.6 id,  0.0 wa,  0.0 hi,  1.5 si,  0.0 st
%Cpu(s): 22.4 us,  8.8 sy,  0.0 ni, 67.2 id,  0.0 wa,  0.0 hi,  1.5 si,  0.1 st
%Cpu(s): 12.2 us,  9.5 sy,  0.0 ni, 77.1 id,  0.0 wa,  0.0 hi,  1.1 si,  0.0 st
%Cpu(s): 13.4 us,  9.0 sy,  0.0 ni, 75.4 id,  0.0 wa,  0.0 hi,  2.0 si,  0.1 st
%Cpu(s): 12.9 us,  8.6 sy,  0.0 ni, 76.3 id,  0.0 wa,  0.0 hi,  2.0 si,  0.1 st
%Cpu(s): 22.5 us,  8.1 sy,  0.0 ni, 67.9 id,  0.0 wa,  0.0 hi,  1.6 si,  0.0 st
%Cpu(s): 38.6 us,  8.6 sy,  0.0 ni, 51.3 id,  0.0 wa,  0.0 hi,  1.5 si,  0.0 st
%Cpu(s): 14.4 us,  8.6 sy,  0.0 ni, 75.2 id,  0.0 wa,  0.0 hi,  1.9 si,  0.0 st
%Cpu(s): 15.4 us,  7.8 sy,  0.0 ni, 75.2 id,  0.0 wa,  0.0 hi,  1.6 si,  0.0 st
%Cpu(s): 15.1 us,  8.2 sy,  0.0 ni, 74.2 id,  0.0 wa,  0.0 hi,  2.4 si,  0.1 st
%Cpu(s): 29.9 us,  8.3 sy,  0.0 ni, 59.2 id,  0.0 wa,  0.0 hi,  2.5 si,  0.1 st
%Cpu(s): 15.9 us,  8.6 sy,  0.0 ni, 74.2 id,  0.0 wa,  0.0 hi,  1.3 si,  0.0 st
%Cpu(s): 17.2 us,  7.8 sy,  0.0 ni, 73.3 id,  0.0 wa,  0.0 hi,  1.6 si,  0.0 st
%Cpu(s): 13.2 us,  8.6 sy,  0.0 ni, 76.3 id,  0.0 wa,  0.0 hi,  1.9 si,  0.0 st
%Cpu(s): 12.9 us,  8.5 sy,  0.0 ni, 76.9 id,  0.0 wa,  0.0 hi,  1.5 si,  0.1 st
%Cpu(s): 12.2 us,  7.6 sy,  0.0 ni, 78.7 id,  0.0 wa,  0.0 hi,  1.5 si,  0.0 st
%Cpu(s): 13.8 us,  7.3 sy,  0.0 ni, 76.9 id,  0.0 wa,  0.0 hi,  1.9 si,  0.1 st
%Cpu(s): 13.2 us,  8.4 sy,  0.0 ni, 76.4 id,  0.0 wa,  0.0 hi,  2.0 si,  0.0 st
%Cpu(s): 15.1 us,  8.5 sy,  0.0 ni, 74.7 id,  0.1 wa,  0.0 hi,  1.4 si,  0.1 st
%Cpu(s): 16.3 us,  7.9 sy,  0.0 ni, 73.6 id,  0.0 wa,  0.0 hi,  2.0 si,  0.1 st
%Cpu(s): 13.3 us,  8.0 sy,  0.0 ni, 77.2 id,  0.0 wa,  0.0 hi,  1.5 si,  0.0 st
%Cpu(s): 12.6 us,  8.4 sy,  0.0 ni, 77.4 id,  0.0 wa,  0.0 hi,  1.7 si,  0.0 st
%Cpu(s): 13.7 us,  8.0 sy,  0.0 ni, 76.5 id,  0.0 wa,  0.0 hi,  1.8 si,  0.0 st
%Cpu(s): 13.9 us,  7.8 sy,  0.0 ni, 76.7 id,  0.0 wa,  0.0 hi,  1.5 si,  0.0 st
%Cpu(s): 14.0 us,  6.4 sy,  0.0 ni, 77.8 id,  0.0 wa,  0.0 hi,  1.6 si,  0.1 st
%Cpu(s): 13.8 us,  7.4 sy,  0.0 ni, 77.2 id,  0.0 wa,  0.0 hi,  1.5 si,  0.0 st
%Cpu(s): 12.2 us,  7.7 sy,  0.0 ni, 78.6 id,  0.0 wa,  0.0 hi,  1.4 si,  0.1 st
%Cpu(s): 14.5 us,  8.5 sy,  0.0 ni, 75.1 id,  0.0 wa,  0.0 hi,  2.0 si,  0.0 st
%Cpu(s): 15.1 us,  7.2 sy,  0.0 ni, 76.2 id,  0.0 wa,  0.0 hi,  1.5 si,  0.0 st
%Cpu(s): 12.8 us,  8.2 sy,  0.0 ni, 77.6 id,  0.0 wa,  0.0 hi,  1.4 si,  0.0 st
%Cpu(s): 24.7 us,  8.8 sy,  0.0 ni, 64.9 id,  0.0 wa,  0.0 hi,  1.5 si,  0.0 st
%Cpu(s): 23.3 us,  7.2 sy,  0.0 ni, 67.9 id,  0.0 wa,  0.0 hi,  1.4 si,  0.3 st
%Cpu(s): 19.4 us,  8.3 sy,  0.0 ni, 70.8 id,  0.0 wa,  0.0 hi,  1.5 si,  0.0 st
%Cpu(s): 16.0 us,  7.5 sy,  0.0 ni, 75.2 id,  0.0 wa,  0.0 hi,  1.3 si,  0.0 st
%Cpu(s): 16.8 us,  8.8 sy,  0.0 ni, 73.6 id,  0.0 wa,  0.0 hi,  0.8 si,  0.0 st
%Cpu(s): 50.8 us,  9.0 sy,  0.0 ni, 38.4 id,  0.0 wa,  0.0 hi,  1.8 si,  0.0 st
%Cpu(s): 88.8 us,  9.1 sy,  0.0 ni,  0.5 id,  0.0 wa,  0.0 hi,  1.6 si,  0.0 st
%Cpu(s): 85.7 us, 11.9 sy,  0.0 ni,  0.7 id,  0.0 wa,  0.0 hi,  1.6 si,  0.0 st
%Cpu(s): 64.1 us,  9.2 sy,  0.0 ni, 24.4 id,  0.0 wa,  0.0 hi,  2.2 si,  0.0 st
%Cpu(s): 20.0 us,  9.1 sy,  0.0 ni, 69.6 id,  0.0 wa,  0.0 hi,  1.3 si,  0.0 st
%Cpu(s): 12.0 us,  5.9 sy,  0.0 ni, 81.4 id,  0.0 wa,  0.0 hi,  0.5 si,  0.3 st
