%Cpu(s):  1.8 us,  0.3 sy,  0.0 ni, 97.8 id,  0.0 wa,  0.0 hi,  0.0 si,  0.0 st
%Cpu(s): 79.3 us,  3.8 sy,  0.0 ni, 16.8 id,  0.0 wa,  0.0 hi,  0.0 si,  0.1 st
%Cpu(s): 78.1 us,  2.9 sy,  0.0 ni, 19.0 id,  0.0 wa,  0.0 hi,  0.0 si,  0.0 st
%Cpu(s): 93.7 us,  2.3 sy,  0.0 ni,  4.0 id,  0.0 wa,  0.0 hi,  0.0 si,  0.0 st
%Cpu(s): 95.1 us,  2.6 sy,  0.0 ni,  2.2 id,  0.0 wa,  0.0 hi,  0.0 si,  0.0 st
%Cpu(s): 94.0 us,  2.9 sy,  0.0 ni,  2.9 id,  0.0 wa,  0.0 hi,  0.3 si,  0.0 st
%Cpu(s): 25.4 us,  1.9 sy,  0.0 ni, 72.3 id,  0.0 wa,  0.0 hi,  0.1 si,  0.3 st
%Cpu(s):  8.0 us,  1.9 sy,  0.0 ni, 89.7 id,  0.0 wa,  0.0 hi,  0.1 si,  0.3 st
%Cpu(s):  8.1 us,  2.8 sy,  0.0 ni, 88.9 id,  0.0 wa,  0.0 hi,  0.0 si,  0.3 st
%Cpu(s):  5.0 us,  1.8 sy,  0.0 ni, 92.9 id,  0.0 wa,  0.0 hi,  0.3 si,  0.1 st
%Cpu(s):  3.8 us,  1.5 sy,  0.0 ni, 94.3 id,  0.1 wa,  0.0 hi,  0.0 si,  0.3 st
%Cpu(s): 14.0 us,  2.1 sy,  0.0 ni, 83.6 id,  0.0 wa,  0.0 hi,  0.0 si,  0.2 st
%Cpu(s):  9.6 us,  3.2 sy,  0.0 ni, 86.7 id,  0.0 wa,  0.0 hi,  0.1 si,  0.4 st
%Cpu(s): 14.6 us,  4.5 sy,  0.0 ni, 80.4 id,  0.0 wa,  0.0 hi,  0.5 si,  0.0 st
%Cpu(s): 13.9 us,  5.0 sy,  0.0 ni, 80.7 id,  0.0 wa,  0.0 hi,  0.3 si,  0.1 st
%Cpu(s): 15.3 us,  4.0 sy,  0.0 ni, 80.6 id,  0.0 wa,  0.0 hi,  0.1 si,  0.0 st
%Cpu(s): 76.0 us,  8.4 sy,  0.0 ni, 14.3 id,  0.0 wa,  0.0 hi,  1.3 si,  0.0 st
%Cpu(s): 87.5 us,  9.8 sy,  0.0 ni,  1.0 id,  0.0 wa,  0.0 hi,  1.6 si,  0.0 st
%Cpu(s): 89.4 us,  8.3 sy,  0.0 ni,  0.5 id,  0.0 wa,  0.0 hi,  1.7 si,  0.0 st
%Cpu(s): 89.8 us,  7.2 sy,  0.0 ni,  1.2 id,  0.0 wa,  0.0 hi,  1.7 si,  0.0 st
%Cpu(s): 87.5 us,  8.1 sy,  0.0 ni,  2.5 id,  0.0 wa,  0.0 hi,  1.9 si,  0.0 st
%Cpu(s): 72.0 us,  6.5 sy,  0.0 ni, 18.6 id,  0.0 wa,  0.0 hi,  2.9 si,  0.0 st
%Cpu(s): 45.3 us,  7.4 sy,  0.0 ni, 45.8 id,  0.0 wa,  0.0 hi,  1.3 si,  0.1 st
%Cpu(s): 54.5 us,  7.5 sy,  0.0 ni, 35.4 id,  0.0 wa,  0.0 hi,  2.7 si,  0.0 st
%Cpu(s): 32.9 us,  8.6 sy,  0.0 ni, 56.4 id,  0.0 wa,  0.0 hi,  2.1 si,  0.0 st
%Cpu(s): 28.2 us,  8.4 sy,  0.0 ni, 60.7 id,  0.0 wa,  0.0 hi,  2.7 si,  0.0 st
%Cpu(s): 23.0 us,  5.2 sy,  0.0 ni, 70.1 id,  0.0 wa,  0.0 hi,  1.7 si,  0.0 st
%Cpu(s): 33.1 us,  7.8 sy,  0.0 ni, 57.2 id,  0.0 wa,  0.0 hi,  1.9 si,  0.0 st
%Cpu(s): 43.4 us,  8.9 sy,  0.0 ni, 46.2 id,  0.0 wa,  0.0 hi,  1.5 si,  0.0 st
%Cpu(s): 27.9 us,  8.1 sy,  0.0 ni, 62.1 id,  0.0 wa,  0.0 hi,  1.8 si,  0.1 st
%Cpu(s): 14.5 us,  8.4 sy,  0.0 ni, 75.8 id,  0.1 wa,  0.0 hi,  1.1 si,  0.0 st
%Cpu(s): 21.0 us,  7.3 sy,  0.0 ni, 70.3 id,  0.0 wa,  0.0 hi,  1.4 si,  0.0 st
%Cpu(s): 39.4 us,  8.2 sy,  0.0 ni, 50.5 id,  0.0 wa,  0.0 hi,  2.0 si,  0.0 st
%Cpu(s): 26.2 us,  8.8 sy,  0.0 ni, 63.3 id,  0.0 wa,  0.0 hi,  1.7 si,  0.0 st
%Cpu(s): 21.6 us,  7.5 sy,  0.0 ni, 69.4 id,  0.0 wa,  0.0 hi,  1.5 si,  0.0 st
%Cpu(s): 14.3 us,  7.9 sy,  0.0 ni, 77.0 id,  0.0 wa,  0.0 hi,  0.8 si,  0.0 st
%Cpu(s): 13.9 us,  7.0 sy,  0.0 ni, 77.5 id,  0.0 wa,  0.0 hi,  1.5 si,  0.1 st
%Cpu(s): 12.4 us,  7.8 sy,  0.0 ni, 78.5 id,  0.0 wa,  0.0 hi,  1.3 si,  0.0 st
%Cpu(s): 15.1 us,  6.4 sy,  0.0 ni, 76.7 id,  0.0 wa,  0.0 hi,  1.8 si,  0.0 st
%Cpu(s): 11.9 us,  7.4 sy,  0.0 ni, 79.4 id,  0.0 wa,  0.0 hi,  1.3 si,  0.0 st
%Cpu(s): 10.1 us,  7.1 sy,  0.0 ni, 81.3 id,  0.0 wa,  0.0 hi,  1.4 si,  0.1 st
%Cpu(s): 12.2 us,  6.5 sy,  0.0 ni, 79.6 id,  0.0 wa,  0.0 hi,  1.7 si,  0.0 st
%Cpu(s): 10.1 us,  6.5 sy,  0.0 ni, 82.2 id,  0.0 wa,  0.0 hi,  1.3 si,  0.0 st
%Cpu(s): 12.3 us,  6.7 sy,  0.0 ni, 79.8 id,  0.0 wa,  0.0 hi,  1.1 si,  0.0 st
%Cpu(s): 10.5 us,  6.7 sy,  0.0 ni, 81.0 id,  0.0 wa,  0.0 hi,  1.8 si,  0.0 st
%Cpu(s): 13.5 us,  7.1 sy,  0.0 ni, 77.8 id,  0.1 wa,  0.0 hi,  1.5 si,  0.0 st
%Cpu(s): 21.5 us,  7.1 sy,  0.0 ni, 69.7 id,  0.0 wa,  0.0 hi,  1.7 si,  0.0 st
%Cpu(s): 25.5 us,  8.4 sy,  0.0 ni, 64.8 id,  0.0 wa,  0.0 hi,  1.3 si,  0.0 st
%Cpu(s): 14.0 us,  9.1 sy,  0.0 ni, 75.1 id,  0.0 wa,  0.0 hi,  1.7 si,  0.1 st
%Cpu(s): 14.1 us,  8.2 sy,  0.0 ni, 75.8 id,  0.0 wa,  0.0 hi,  1.9 si,  0.0 st
%Cpu(s): 19.7 us,  7.3 sy,  0.0 ni, 71.7 id,  0.0 wa,  0.0 hi,  1.3 si,  0.0 st
%Cpu(s): 19.7 us,  7.8 sy,  0.0 ni, 70.6 id,  0.0 wa,  0.0 hi,  1.8 si,  0.0 st
%Cpu(s): 13.7 us,  7.9 sy,  0.0 ni, 76.9 id,  0.0 wa,  0.0 hi,  1.4 si,  0.1 st
%Cpu(s): 15.1 us,  8.9 sy,  0.0 ni, 74.6 id,  0.0 wa,  0.0 hi,  1.4 si,  0.0 st
%Cpu(s): 13.9 us,  8.3 sy,  0.0 ni, 76.2 id,  0.0 wa,  0.0 hi,  1.4 si,  0.1 st
%Cpu(s): 12.8 us,  8.9 sy,  0.0 ni, 77.0 id,  0.0 wa,  0.0 hi,  1.3 si,  0.0 st
%Cpu(s): 12.0 us,  6.6 sy,  0.0 ni, 79.8 id,  0.0 wa,  0.0 hi,  1.6 si,  0.0 st
%Cpu(s): 12.0 us,  7.6 sy,  0.0 ni, 78.2 id,  0.0 wa,  0.0 hi,  2.2 si,  0.0 st
%Cpu(s): 12.9 us,  8.0 sy,  0.0 ni, 77.4 id,  0.0 wa,  0.0 hi,  1.8 si,  0.0 st
%Cpu(s): 13.1 us,  7.8 sy,  0.0 ni, 77.8 id,  0.0 wa,  0.0 hi,  1.3 si,  0.0 st
%Cpu(s): 15.0 us,  6.4 sy,  0.0 ni, 76.5 id,  0.0 wa,  0.0 hi,  2.2 si,  0.0 st
%Cpu(s): 14.2 us,  8.4 sy,  0.0 ni, 75.5 id,  0.0 wa,  0.0 hi,  1.9 si,  0.0 st
%Cpu(s): 16.2 us,  7.3 sy,  0.0 ni, 74.3 id,  0.0 wa,  0.0 hi,  2.3 si,  0.0 st
%Cpu(s): 14.4 us,  6.7 sy,  0.0 ni, 76.9 id,  0.0 wa,  0.0 hi,  2.1 si,  0.0 st
%Cpu(s): 15.2 us,  7.3 sy,  0.0 ni, 76.0 id,  0.0 wa,  0.0 hi,  1.5 si,  0.0 st
%Cpu(s): 12.5 us,  7.8 sy,  0.0 ni, 77.4 id,  0.0 wa,  0.0 hi,  2.2 si,  0.1 st
%Cpu(s): 13.3 us,  7.6 sy,  0.0 ni, 77.6 id,  0.0 wa,  0.0 hi,  1.4 si,  0.0 st
%Cpu(s): 12.0 us,  7.2 sy,  0.0 ni, 78.5 id,  0.0 wa,  0.0 hi,  2.3 si,  0.0 st
%Cpu(s): 13.7 us,  7.8 sy,  0.0 ni, 76.5 id,  0.0 wa,  0.0 hi,  1.9 si,  0.1 st
%Cpu(s): 12.2 us,  7.0 sy,  0.0 ni, 79.1 id,  0.0 wa,  0.0 hi,  1.7 si,  0.0 st
%Cpu(s): 14.2 us,  7.4 sy,  0.0 ni, 76.2 id,  0.1 wa,  0.0 hi,  2.0 si,  0.0 st
%Cpu(s): 13.1 us,  7.0 sy,  0.0 ni, 78.2 id,  0.0 wa,  0.0 hi,  1.7 si,  0.0 st
%Cpu(s): 24.8 us,  7.4 sy,  0.0 ni, 66.3 id,  0.0 wa,  0.0 hi,  1.5 si,  0.0 st
