%Cpu(s): 10.5 us,  1.4 sy,  0.0 ni, 87.9 id,  0.0 wa,  0.0 hi,  0.2 si,  0.0 st
%Cpu(s):  1.3 us,  0.9 sy,  0.0 ni, 97.9 id,  0.0 wa,  0.0 hi,  0.0 si,  0.0 st
%Cpu(s):  1.5 us,  1.3 sy,  0.0 ni, 97.2 id,  0.0 wa,  0.0 hi,  0.0 si,  0.0 st
%Cpu(s):  1.5 us,  2.0 sy,  0.0 ni, 96.4 id,  0.1 wa,  0.0 hi,  0.0 si,  0.0 st
%Cpu(s):  1.0 us,  1.9 sy,  0.0 ni, 97.1 id,  0.0 wa,  0.0 hi,  0.0 si,  0.0 st
%Cpu(s):  4.0 us,  2.0 sy,  0.0 ni, 93.8 id,  0.0 wa,  0.0 hi,  0.1 si,  0.1 st
%Cpu(s): 10.9 us,  1.9 sy,  0.0 ni, 87.3 id,  0.0 wa,  0.0 hi,  0.0 si,  0.0 st
%Cpu(s): 80.9 us,  6.4 sy,  0.0 ni, 11.6 id,  0.0 wa,  0.0 hi,  1.0 si,  0.0 st
%Cpu(s): 87.7 us,  9.1 sy,  0.0 ni,  1.1 id,  0.0 wa,  0.0 hi,  2.0 si,  0.0 st
%Cpu(s): 89.6 us,  8.1 sy,  0.0 ni,  0.1 id,  0.0 wa,  0.0 hi,  2.1 si,  0.0 st
%Cpu(s): 87.4 us,  9.6 sy,  0.0 ni,  0.4 id,  0.0 wa,  0.0 hi,  2.6 si,  0.0 st
%Cpu(s): 87.4 us, 10.1 sy,  0.0 ni,  0.2 id,  0.0 wa,  0.0 hi,  2.2 si,  0.0 st
%Cpu(s): 88.1 us,  9.2 sy,  0.0 ni,  0.2 id,  0.0 wa,  0.0 hi,  2.5 si,  0.0 st
%Cpu(s): 87.9 us,  8.6 sy,  0.0 ni,  1.5 id,  0.0 wa,  0.0 hi,  2.0 si,  0.0 st
%Cpu(s): 65.3 us,  7.4 sy,  0.0 ni, 26.1 id,  0.0 wa,  0.0 hi,  1.1 si,  0.0 st
%Cpu(s): 25.9 us,  5.4 sy,  0.0 ni, 67.6 id,  0.0 wa,  0.0 hi,  1.1 si,  0.0 st
%Cpu(s): 18.5 us,  6.1 sy,  0.0 ni, 74.5 id,  0.0 wa,  0.0 hi,  0.9 si,  0.0 st
%Cpu(s): 10.1 us,  6.4 sy,  0.0 ni, 82.5 id,  0.0 wa,  0.0 hi,  0.9 si,  0.1 st
%Cpu(s):  9.0 us,  4.5 sy,  0.0 ni, 85.5 id,  0.0 wa,  0.0 hi,  1.0 si,  0.0 st
%Cpu(s):  9.6 us,  6.1 sy,  0.0 ni, 83.1 id,  0.0 wa,  0.0 hi,  1.1 si,  0.1 st
%Cpu(s):  8.5 us,  5.5 sy,  0.0 ni, 85.2 id,  0.0 wa,  0.0 hi,  0.8 si,  0.0 st
%Cpu(s):  9.5 us,  5.1 sy,  0.0 ni, 84.4 id,  0.0 wa,  0.0 hi,  0.9 si,  0.0 st
%Cpu(s):  9.9 us,  5.9 sy,  0.0 ni, 83.0 id,  0.0 wa,  0.0 hi,  1.3 si,  0.0 st
%Cpu(s): 10.6 us,  5.6 sy,  0.0 ni, 82.7 id,  0.0 wa,  0.0 hi,  1.1 si,  0.0 st
%Cpu(s):  9.2 us,  5.0 sy,  0.0 ni, 84.1 id,  0.0 wa,  0.0 hi,  1.5 si,  0.1 st
%Cpu(s): 12.3 us,  6.5 sy,  0.0 ni, 80.0 id,  0.0 wa,  0.0 hi,  1.3 si,  0.0 st
%Cpu(s):  9.9 us,  5.5 sy,  0.0 ni, 83.7 id,  0.0 wa,  0.0 hi,  0.9 si,  0.0 st
%Cpu(s):  9.9 us,  5.1 sy,  0.0 ni, 83.8 id,  0.0 wa,  0.0 hi,  1.3 si,  0.0 st
%Cpu(s):  9.3 us,  5.4 sy,  0.0 ni, 84.4 id,  0.0 wa,  0.0 hi,  0.9 si,  0.0 st
%Cpu(s):  8.1 us,  5.5 sy,  0.0 ni, 84.6 id,  0.0 wa,  0.0 hi,  1.8 si,  0.0 st
%Cpu(s):  7.9 us,  5.3 sy,  0.0 ni, 85.6 id,  0.0 wa,  0.0 hi,  1.1 si,  0.0 st
%Cpu(s):  9.8 us,  5.7 sy,  0.0 ni, 83.2 id,  0.0 wa,  0.0 hi,  1.2 si,  0.1 st
%Cpu(s):  9.5 us,  6.3 sy,  0.0 ni, 83.1 id,  0.0 wa,  0.0 hi,  1.1 si,  0.0 st
%Cpu(s):  8.5 us,  6.6 sy,  0.0 ni, 83.8 id,  0.0 wa,  0.0 hi,  1.1 si,  0.0 st
%Cpu(s):  7.8 us,  6.0 sy,  0.0 ni, 84.6 id,  0.0 wa,  0.0 hi,  1.5 si,  0.0 st
%Cpu(s): 10.0 us,  5.0 sy,  0.0 ni, 84.0 id,  0.0 wa,  0.0 hi,  1.0 si,  0.0 st
%Cpu(s):  8.9 us,  6.8 sy,  0.0 ni, 83.4 id,  0.0 wa,  0.0 hi,  0.9 si,  0.0 st
%Cpu(s): 25.5 us,  5.4 sy,  0.0 ni, 67.6 id,  0.0 wa,  0.0 hi,  1.4 si,  0.1 st
%Cpu(s): 15.9 us,  6.3 sy,  0.0 ni, 76.9 id,  0.0 wa,  0.0 hi,  0.9 si,  0.0 st
%Cpu(s): 11.5 us,  6.1 sy,  0.0 ni, 81.6 id,  0.0 wa,  0.0 hi,  0.8 si,  0.0 st
%Cpu(s): 17.3 us,  6.1 sy,  0.0 ni, 75.3 id,  0.0 wa,  0.0 hi,  1.3 si,  0.0 st
%Cpu(s): 24.8 us,  7.2 sy,  0.0 ni, 67.0 id,  0.0 wa,  0.0 hi,  1.0 si,  0.0 st
%Cpu(s):  8.5 us,  5.5 sy,  0.0 ni, 84.7 id,  0.0 wa,  0.0 hi,  1.3 si,  0.0 st
%Cpu(s):  8.9 us,  5.3 sy,  0.0 ni, 84.4 id,  0.0 wa,  0.0 hi,  1.3 si,  0.1 st
%Cpu(s):  9.4 us,  6.9 sy,  0.0 ni, 83.1 id,  0.0 wa,  0.0 hi,  0.6 si,  0.0 st
%Cpu(s):  8.1 us,  5.8 sy,  0.0 ni, 85.3 id,  0.0 wa,  0.0 hi,  0.8 si,  0.0 st
%Cpu(s):  8.0 us,  5.8 sy,  0.0 ni, 84.5 id,  0.0 wa,  0.0 hi,  1.6 si,  0.1 st
%Cpu(s):  9.4 us,  5.9 sy,  0.0 ni, 83.6 id,  0.0 wa,  0.0 hi,  1.2 si,  0.0 st
%Cpu(s): 10.3 us,  5.2 sy,  0.0 ni, 83.6 id,  0.0 wa,  0.0 hi,  0.9 si,  0.0 st
%Cpu(s): 10.1 us,  5.3 sy,  0.0 ni, 83.5 id,  0.0 wa,  0.0 hi,  1.2 si,  0.0 st
%Cpu(s):  9.1 us,  5.4 sy,  0.0 ni, 84.7 id,  0.0 wa,  0.0 hi,  0.8 si,  0.0 st
%Cpu(s):  9.2 us,  6.2 sy,  0.0 ni, 83.7 id,  0.0 wa,  0.0 hi,  0.9 si,  0.0 st
%Cpu(s):  9.2 us,  6.9 sy,  0.0 ni, 82.6 id,  0.0 wa,  0.0 hi,  1.3 si,  0.0 st
%Cpu(s):  9.5 us,  7.6 sy,  0.0 ni, 81.8 id,  0.0 wa,  0.0 hi,  1.1 si,  0.0 st
%Cpu(s): 12.0 us,  6.4 sy,  0.0 ni, 80.3 id,  0.0 wa,  0.0 hi,  1.3 si,  0.0 st
%Cpu(s):  9.8 us,  5.9 sy,  0.0 ni, 83.0 id,  0.0 wa,  0.0 hi,  1.2 si,  0.1 st
%Cpu(s):  9.6 us,  6.3 sy,  0.0 ni, 83.3 id,  0.0 wa,  0.0 hi,  0.8 si,  0.0 st
%Cpu(s):  9.8 us,  5.5 sy,  0.0 ni, 83.7 id,  0.1 wa,  0.0 hi,  0.9 si,  0.0 st
%Cpu(s):  9.1 us,  7.2 sy,  0.0 ni, 82.5 id,  0.0 wa,  0.0 hi,  1.3 si,  0.0 st
%Cpu(s):  9.1 us,  6.2 sy,  0.0 ni, 83.4 id,  0.0 wa,  0.0 hi,  1.2 si,  0.1 st
%Cpu(s):  9.6 us,  5.6 sy,  0.0 ni, 83.7 id,  0.0 wa,  0.0 hi,  1.1 si,  0.0 st
%Cpu(s): 11.5 us,  6.9 sy,  0.0 ni, 80.4 id,  0.0 wa,  0.0 hi,  1.3 si,  0.0 st
%Cpu(s): 11.5 us,  6.3 sy,  0.0 ni, 80.3 id,  0.0 wa,  0.0 hi,  1.8 si,  0.1 st
%Cpu(s): 10.7 us,  7.2 sy,  0.0 ni, 81.4 id,  0.0 wa,  0.0 hi,  0.8 si,  0.0 st
%Cpu(s): 11.8 us,  6.5 sy,  0.0 ni, 80.6 id,  0.0 wa,  0.0 hi,  1.0 si,  0.0 st
%Cpu(s): 12.3 us,  6.9 sy,  0.0 ni, 79.5 id,  0.0 wa,  0.0 hi,  1.3 si,  0.0 st
%Cpu(s): 24.8 us,  8.0 sy,  0.0 ni, 65.6 id,  0.0 wa,  0.0 hi,  1.5 si,  0.0 st
%Cpu(s): 81.4 us, 10.5 sy,  0.0 ni,  5.9 id,  0.0 wa,  0.0 hi,  2.2 si,  0.0 st
%Cpu(s): 79.3 us,  8.6 sy,  0.0 ni,  9.5 id,  0.0 wa,  0.0 hi,  2.5 si,  0.0 st
%Cpu(s): 22.4 us,  1.9 sy,  0.0 ni, 75.6 id,  0.0 wa,  0.0 hi,  0.0 si,  0.1 st
%Cpu(s):  2.8 us,  0.9 sy,  0.0 ni, 96.3 id,  0.0 wa,  0.0 hi,  0.0 si,  0.0 st
%Cpu(s):  2.3 us,  1.8 sy,  0.0 ni, 95.8 id,  0.0 wa,  0.0 hi,  0.1 si,  0.0 st
%Cpu(s):  3.4 us,  1.5 sy,  0.0 ni, 95.1 id,  0.0 wa,  0.0 hi,  0.0 si,  0.0 st
%Cpu(s):  3.3 us,  1.8 sy,  0.0 ni, 94.9 id,  0.0 wa,  0.0 hi,  0.1 si,  0.0 st
%Cpu(s):  3.5 us,  0.9 sy,  0.0 ni, 95.6 id,  0.0 wa,  0.0 hi,  0.0 si,  0.0 st
%Cpu(s):  1.9 us,  0.7 sy,  0.0 ni, 97.3 id,  0.0 wa,  0.0 hi,  0.0 si,  0.1 st
%Cpu(s):  1.2 us,  0.4 sy,  0.0 ni, 98.2 id,  0.0 wa,  0.0 hi,  0.0 si,  0.1 st
%Cpu(s):  0.9 us,  1.4 sy,  0.0 ni, 97.7 id,  0.0 wa,  0.0 hi,  0.0 si,  0.0 st
%Cpu(s):  0.9 us,  0.9 sy,  0.0 ni, 98.2 id,  0.0 wa,  0.0 hi,  0.0 si,  0.0 st
%Cpu(s):  1.4 us,  1.5 sy,  0.0 ni, 97.1 id,  0.0 wa,  0.0 hi,  0.0 si,  0.0 st
%Cpu(s):  1.1 us,  1.9 sy,  0.0 ni, 96.9 id,  0.0 wa,  0.0 hi,  0.1 si,  0.0 st
%Cpu(s):  1.9 us,  1.0 sy,  0.0 ni, 97.0 id,  0.0 wa,  0.0 hi,  0.1 si,  0.0 st
