%Cpu(s):  2.0 us,  0.7 sy,  0.0 ni, 97.2 id,  0.2 wa,  0.0 hi,  0.0 si,  0.0 st
%Cpu(s): 33.1 us,  1.7 sy,  0.0 ni, 63.7 id,  1.5 wa,  0.0 hi,  0.0 si,  0.0 st
%Cpu(s):  2.2 us,  0.7 sy,  0.0 ni, 96.8 id,  0.1 wa,  0.0 hi,  0.0 si,  0.1 st
%Cpu(s):  0.1 us,  0.1 sy,  0.0 ni, 99.8 id,  0.0 wa,  0.0 hi,  0.0 si,  0.0 st
%Cpu(s):  0.0 us,  0.1 sy,  0.0 ni, 99.9 id,  0.0 wa,  0.0 hi,  0.0 si,  0.0 st
%Cpu(s): 74.4 us,  5.5 sy,  0.0 ni, 19.8 id,  0.1 wa,  0.0 hi,  0.1 si,  0.0 st
%Cpu(s): 75.8 us,  3.1 sy,  0.0 ni, 21.0 id,  0.0 wa,  0.0 hi,  0.0 si,  0.1 st
%Cpu(s): 92.1 us,  2.1 sy,  0.0 ni,  5.5 id,  0.3 wa,  0.0 hi,  0.0 si,  0.0 st
%Cpu(s): 96.5 us,  2.1 sy,  0.0 ni,  1.4 id,  0.0 wa,  0.0 hi,  0.0 si,  0.0 st
%Cpu(s): 91.0 us,  2.7 sy,  0.0 ni,  6.1 id,  0.0 wa,  0.0 hi,  0.1 si,  0.0 st
%Cpu(s): 25.5 us,  1.5 sy,  0.0 ni, 72.6 id,  0.0 wa,  0.0 hi,  0.1 si,  0.2 st
%Cpu(s):  5.6 us,  2.1 sy,  0.0 ni, 92.2 id,  0.0 wa,  0.0 hi,  0.0 si,  0.0 st
%Cpu(s):  8.3 us,  3.0 sy,  0.0 ni, 88.5 id,  0.0 wa,  0.0 hi,  0.1 si,  0.1 st
%Cpu(s):  7.3 us,  1.9 sy,  0.0 ni, 90.9 id,  0.0 wa,  0.0 hi,  0.0 si,  0.0 st
%Cpu(s):  5.0 us,  2.8 sy,  0.0 ni, 92.0 id,  0.0 wa,  0.0 hi,  0.1 si,  0.1 st
%Cpu(s):  5.2 us,  3.3 sy,  0.0 ni, 91.3 id,  0.0 wa,  0.0 hi,  0.0 si,  0.1 st
%Cpu(s):  5.0 us,  1.9 sy,  0.0 ni, 93.0 id,  0.0 wa,  0.0 hi,  0.0 si,  0.1 st
%Cpu(s):  3.8 us,  3.2 sy,  0.0 ni, 92.8 id,  0.0 wa,  0.0 hi,  0.1 si,  0.0 st
%Cpu(s):  2.5 us,  4.3 sy,  0.0 ni, 93.1 id,  0.0 wa,  0.0 hi,  0.1 si,  0.0 st
%Cpu(s):  3.5 us,  2.8 sy,  0.0 ni, 93.6 id,  0.0 wa,  0.0 hi,  0.0 si,  0.1 st
%Cpu(s):  4.9 us,  2.7 sy,  0.0 ni, 92.4 id,  0.0 wa,  0.0 hi,  0.0 si,  0.0 st
%Cpu(s):  2.3 us,  4.6 sy,  0.0 ni, 93.0 id,  0.0 wa,  0.0 hi,  0.0 si,  0.1 st
%Cpu(s): 11.5 us,  5.3 sy,  0.0 ni, 82.9 id,  0.0 wa,  0.0 hi,  0.0 si,  0.2 st
%Cpu(s):  3.2 us,  2.6 sy,  0.0 ni, 94.0 id,  0.0 wa,  0.0 hi,  0.0 si,  0.1 st
%Cpu(s):  4.3 us,  3.2 sy,  0.0 ni, 92.3 id,  0.0 wa,  0.0 hi,  0.0 si,  0.2 st
%Cpu(s):  2.6 us,  2.4 sy,  0.0 ni, 94.9 id,  0.0 wa,  0.0 hi,  0.0 si,  0.1 st
%Cpu(s):  1.4 us,  1.8 sy,  0.0 ni, 96.9 id,  0.0 wa,  0.0 hi,  0.0 si,  0.0 st
%Cpu(s):  1.6 us,  1.2 sy,  0.0 ni, 97.0 id,  0.0 wa,  0.0 hi,  0.0 si,  0.1 st
%Cpu(s):  3.1 us,  3.4 sy,  0.0 ni, 93.5 id,  0.0 wa,  0.0 hi,  0.0 si,  0.0 st
%Cpu(s): 16.8 us,  2.1 sy,  0.0 ni, 80.9 id,  0.0 wa,  0.0 hi,  0.1 si,  0.1 st
%Cpu(s):  5.7 us,  1.8 sy,  0.0 ni, 92.4 id,  0.0 wa,  0.0 hi,  0.0 si,  0.1 st
%Cpu(s): 10.0 us,  2.1 sy,  0.0 ni, 87.7 id,  0.0 wa,  0.0 hi,  0.0 si,  0.1 st
%Cpu(s):  4.9 us,  3.2 sy,  0.0 ni, 91.9 id,  0.0 wa,  0.0 hi,  0.0 si,  0.0 st
%Cpu(s):  7.9 us,  1.9 sy,  0.0 ni, 90.0 id,  0.0 wa,  0.0 hi,  0.1 si,  0.1 st
%Cpu(s):  8.0 us,  2.9 sy,  0.0 ni, 89.0 id,  0.0 wa,  0.0 hi,  0.0 si,  0.1 st
%Cpu(s):  4.8 us,  3.1 sy,  0.0 ni, 91.8 id,  0.0 wa,  0.0 hi,  0.0 si,  0.3 st
%Cpu(s):  3.4 us,  1.9 sy,  0.0 ni, 94.5 id,  0.0 wa,  0.0 hi,  0.0 si,  0.1 st
%Cpu(s): 10.3 us,  2.4 sy,  0.0 ni, 87.3 id,  0.0 wa,  0.0 hi,  0.0 si,  0.0 st
%Cpu(s):  4.7 us,  3.0 sy,  0.0 ni, 91.9 id,  0.1 wa,  0.0 hi,  0.1 si,  0.1 st
%Cpu(s):  3.9 us,  2.7 sy,  0.0 ni, 93.3 id,  0.0 wa,  0.0 hi,  0.1 si,  0.0 st
%Cpu(s): 27.9 us,  4.1 sy,  0.0 ni, 67.3 id,  0.0 wa,  0.0 hi,  0.6 si,  0.1 st
%Cpu(s): 62.7 us,  6.5 sy,  0.0 ni, 28.2 id,  0.0 wa,  0.0 hi,  2.7 si,  0.0 st
%Cpu(s): 50.8 us,  8.1 sy,  0.0 ni, 38.5 id,  0.0 wa,  0.0 hi,  2.5 si,  0.0 st
%Cpu(s): 19.0 us,  5.4 sy,  0.0 ni, 74.1 id,  0.3 wa,  0.0 hi,  1.2 si,  0.1 st
%Cpu(s): 19.0 us,  5.1 sy,  0.0 ni, 74.9 id,  0.0 wa,  0.0 hi,  1.0 si,  0.0 st
%Cpu(s): 14.4 us,  5.7 sy,  0.0 ni, 78.6 id,  0.0 wa,  0.0 hi,  1.3 si,  0.0 st
%Cpu(s): 13.4 us,  6.7 sy,  0.0 ni, 78.4 id,  0.0 wa,  0.0 hi,  1.4 si,  0.1 st
%Cpu(s): 11.3 us,  6.2 sy,  0.0 ni, 81.8 id,  0.0 wa,  0.0 hi,  0.8 si,  0.0 st
%Cpu(s): 17.9 us,  6.5 sy,  0.0 ni, 74.7 id,  0.0 wa,  0.0 hi,  0.8 si,  0.1 st
%Cpu(s): 21.9 us,  6.0 sy,  0.0 ni, 70.7 id,  0.1 wa,  0.0 hi,  1.3 si,  0.0 st
%Cpu(s): 43.1 us,  7.3 sy,  0.0 ni, 47.4 id,  0.3 wa,  0.0 hi,  1.9 si,  0.0 st
%Cpu(s): 47.1 us,  7.2 sy,  0.0 ni, 43.2 id,  0.0 wa,  0.0 hi,  2.5 si,  0.0 st
%Cpu(s): 47.0 us,  7.4 sy,  0.0 ni, 42.7 id,  0.0 wa,  0.0 hi,  2.9 si,  0.0 st
%Cpu(s): 39.5 us,  7.4 sy,  0.0 ni, 49.6 id,  0.0 wa,  0.0 hi,  3.5 si,  0.0 st
%Cpu(s): 23.9 us,  7.8 sy,  0.0 ni, 66.4 id,  0.0 wa,  0.0 hi,  1.9 si,  0.0 st
%Cpu(s): 34.1 us,  8.4 sy,  0.0 ni, 55.1 id,  0.0 wa,  0.0 hi,  2.3 si,  0.1 st
%Cpu(s): 17.2 us,  7.3 sy,  0.0 ni, 73.8 id,  0.0 wa,  0.0 hi,  1.7 si,  0.0 st
%Cpu(s): 15.1 us,  7.3 sy,  0.0 ni, 75.5 id,  0.0 wa,  0.0 hi,  2.1 si,  0.0 st
%Cpu(s): 16.9 us,  7.4 sy,  0.0 ni, 72.7 id,  0.0 wa,  0.0 hi,  2.9 si,  0.0 st
%Cpu(s): 12.8 us,  8.2 sy,  0.0 ni, 76.3 id,  0.0 wa,  0.0 hi,  2.8 si,  0.0 st
%Cpu(s): 21.1 us,  9.1 sy,  0.0 ni, 68.3 id,  0.0 wa,  0.0 hi,  1.5 si,  0.0 st
%Cpu(s): 19.1 us, 10.6 sy,  0.0 ni, 67.2 id,  0.0 wa,  0.0 hi,  2.9 si,  0.1 st
%Cpu(s): 13.2 us,  8.3 sy,  0.0 ni, 76.5 id,  0.0 wa,  0.0 hi,  2.0 si,  0.0 st
%Cpu(s): 13.1 us,  8.0 sy,  0.0 ni, 76.6 id,  0.0 wa,  0.0 hi,  2.3 si,  0.0 st
%Cpu(s): 16.0 us,  7.4 sy,  0.0 ni, 74.6 id,  0.0 wa,  0.0 hi,  2.0 si,  0.0 st
%Cpu(s): 25.8 us,  8.9 sy,  0.0 ni, 63.8 id,  0.0 wa,  0.0 hi,  1.5 si,  0.0 st
%Cpu(s): 17.5 us,  8.2 sy,  0.0 ni, 71.3 id,  0.0 wa,  0.0 hi,  3.0 si,  0.0 st
%Cpu(s): 14.0 us,  6.5 sy,  0.0 ni, 77.5 id,  0.0 wa,  0.0 hi,  1.9 si,  0.1 st
%Cpu(s): 13.1 us,  7.8 sy,  0.0 ni, 77.1 id,  0.0 wa,  0.0 hi,  2.0 si,  0.0 st
%Cpu(s): 14.9 us,  7.4 sy,  0.0 ni, 75.6 id,  0.0 wa,  0.0 hi,  2.0 si,  0.0 st
%Cpu(s): 23.7 us,  7.7 sy,  0.0 ni, 67.1 id,  0.0 wa,  0.0 hi,  1.4 si,  0.1 st
%Cpu(s): 22.1 us,  6.9 sy,  0.0 ni, 69.1 id,  0.0 wa,  0.0 hi,  1.9 si,  0.0 st
%Cpu(s): 15.3 us,  6.3 sy,  0.0 ni, 76.9 id,  0.0 wa,  0.0 hi,  1.5 si,  0.0 st
%Cpu(s):  9.8 us,  5.1 sy,  0.0 ni, 82.2 id,  1.1 wa,  0.0 hi,  1.8 si,  0.0 st
%Cpu(s): 10.6 us,  4.9 sy,  0.0 ni, 82.8 id,  0.0 wa,  0.0 hi,  1.8 si,  0.0 st
