%Cpu(s):  1.4 us,  0.5 sy,  0.0 ni, 98.0 id,  0.0 wa,  0.0 hi,  0.1 si,  0.1 st
%Cpu(s): 53.8 us,  4.1 sy,  0.0 ni, 42.0 id,  0.0 wa,  0.0 hi,  0.0 si,  0.1 st
%Cpu(s): 51.7 us,  1.9 sy,  0.0 ni, 46.2 id,  0.0 wa,  0.0 hi,  0.0 si,  0.3 st
%Cpu(s): 73.5 us,  2.8 sy,  0.0 ni, 23.7 id,  0.0 wa,  0.0 hi,  0.0 si,  0.0 st
%Cpu(s): 23.8 us,  0.8 sy,  0.0 ni, 75.3 id,  0.0 wa,  0.0 hi,  0.0 si,  0.1 st
%Cpu(s): 54.0 us,  2.6 sy,  0.0 ni, 42.5 id,  0.0 wa,  0.0 hi,  0.8 si,  0.1 st
%Cpu(s): 50.2 us,  3.2 sy,  0.0 ni, 45.0 id,  0.0 wa,  0.0 hi,  1.5 si,  0.1 st
%Cpu(s): 19.0 us,  3.1 sy,  0.0 ni, 76.9 id,  0.0 wa,  0.0 hi,  1.0 si,  0.0 st
%Cpu(s): 14.4 us,  3.8 sy,  0.0 ni, 80.5 id,  0.0 wa,  0.0 hi,  1.2 si,  0.1 st
%Cpu(s):  9.3 us,  3.9 sy,  0.0 ni, 85.2 id,  0.0 wa,  0.0 hi,  1.6 si,  0.0 st
%Cpu(s): 11.9 us,  4.3 sy,  0.0 ni, 81.4 id,  1.3 wa,  0.0 hi,  1.0 si,  0.1 st
%Cpu(s): 11.3 us,  3.4 sy,  0.0 ni, 83.9 id,  0.0 wa,  0.0 hi,  1.4 si,  0.0 st
%Cpu(s):  8.7 us,  3.1 sy,  0.0 ni, 87.2 id,  0.0 wa,  0.0 hi,  1.0 si,  0.0 st
%Cpu(s):  7.3 us,  3.8 sy,  0.0 ni, 88.2 id,  0.0 wa,  0.0 hi,  0.8 si,  0.0 st
%Cpu(s): 12.1 us,  4.7 sy,  0.0 ni, 81.9 id,  0.0 wa,  0.0 hi,  1.1 si,  0.1 st
%Cpu(s): 17.7 us,  4.0 sy,  0.0 ni, 77.2 id,  0.0 wa,  0.0 hi,  1.0 si,  0.1 st
%Cpu(s):  4.8 us,  3.2 sy,  0.0 ni, 90.9 id,  0.0 wa,  0.0 hi,  1.2 si,  0.0 st
%Cpu(s):  5.6 us,  3.6 sy,  0.0 ni, 89.4 id,  0.0 wa,  0.0 hi,  1.4 si,  0.0 st
%Cpu(s):  8.4 us,  4.0 sy,  0.0 ni, 86.4 id,  0.0 wa,  0.0 hi,  1.2 si,  0.0 st
%Cpu(s):  6.3 us,  3.9 sy,  0.0 ni, 88.4 id,  0.0 wa,  0.0 hi,  1.3 si,  0.1 st
%Cpu(s):  6.9 us,  3.1 sy,  0.0 ni, 88.6 id,  0.0 wa,  0.0 hi,  1.4 si,  0.0 st
%Cpu(s):  4.7 us,  4.2 sy,  0.0 ni, 89.4 id,  0.0 wa,  0.0 hi,  1.8 si,  0.0 st
%Cpu(s): 17.6 us,  4.6 sy,  0.0 ni, 75.8 id,  0.0 wa,  0.0 hi,  2.0 si,  0.0 st
%Cpu(s): 11.7 us,  4.4 sy,  0.0 ni, 82.6 id,  0.0 wa,  0.0 hi,  1.1 si,  0.1 st
%Cpu(s):  6.6 us,  4.7 sy,  0.0 ni, 86.8 id,  0.0 wa,  0.0 hi,  1.9 si,  0.0 st
%Cpu(s): 13.5 us,  4.7 sy,  0.0 ni, 80.3 id,  0.0 wa,  0.0 hi,  1.5 si,  0.0 st
%Cpu(s):  5.3 us,  4.4 sy,  0.0 ni, 88.7 id,  0.0 wa,  0.0 hi,  1.5 si,  0.0 st
%Cpu(s):  5.0 us,  4.8 sy,  0.0 ni, 88.2 id,  0.0 wa,  0.0 hi,  1.9 si,  0.1 st
%Cpu(s):  6.3 us,  4.3 sy,  0.0 ni, 87.8 id,  0.0 wa,  0.0 hi,  1.6 si,  0.0 st
%Cpu(s): 16.2 us,  4.0 sy,  0.0 ni, 78.6 id,  0.0 wa,  0.0 hi,  1.1 si,  0.0 st
%Cpu(s): 11.9 us,  4.8 sy,  0.0 ni, 82.1 id,  0.1 wa,  0.0 hi,  1.1 si,  0.0 st
%Cpu(s):  6.8 us,  5.2 sy,  0.0 ni, 86.2 id,  0.0 wa,  0.0 hi,  1.6 si,  0.1 st
%Cpu(s):  5.8 us,  3.9 sy,  0.0 ni, 88.8 id,  0.0 wa,  0.0 hi,  1.5 si,  0.0 st
%Cpu(s):  5.5 us,  4.5 sy,  0.0 ni, 88.7 id,  0.0 wa,  0.0 hi,  1.3 si,  0.0 st
%Cpu(s):  5.7 us,  3.9 sy,  0.0 ni, 89.0 id,  0.0 wa,  0.0 hi,  1.4 si,  0.0 st
%Cpu(s): 14.9 us,  3.3 sy,  0.0 ni, 79.7 id,  0.0 wa,  0.0 hi,  2.0 si,  0.1 st
%Cpu(s): 13.3 us,  4.1 sy,  0.0 ni, 81.2 id,  0.0 wa,  0.0 hi,  1.3 si,  0.1 st
%Cpu(s): 16.0 us,  4.5 sy,  0.0 ni, 77.9 id,  0.0 wa,  0.0 hi,  1.6 si,  0.0 st
%Cpu(s):  6.5 us,  4.9 sy,  0.0 ni, 87.3 id,  0.0 wa,  0.0 hi,  1.3 si,  0.0 st
%Cpu(s):  5.3 us,  4.5 sy,  0.0 ni, 88.9 id,  0.0 wa,  0.0 hi,  1.3 si,  0.0 st
%Cpu(s):  6.5 us,  4.3 sy,  0.0 ni, 83.4 id,  4.1 wa,  0.0 hi,  1.6 si,  0.0 st
%Cpu(s):  4.9 us,  4.5 sy,  0.0 ni, 89.3 id,  0.0 wa,  0.0 hi,  1.3 si,  0.0 st
%Cpu(s):  7.0 us,  3.7 sy,  0.0 ni, 87.3 id,  0.0 wa,  0.0 hi,  1.9 si,  0.1 st
%Cpu(s): 15.1 us,  5.2 sy,  0.0 ni, 77.7 id,  0.0 wa,  0.0 hi,  2.0 si,  0.0 st
%Cpu(s): 14.2 us,  5.0 sy,  0.0 ni, 79.1 id,  0.0 wa,  0.0 hi,  1.7 si,  0.0 st
%Cpu(s):  7.4 us,  4.2 sy,  0.0 ni, 87.3 id,  0.0 wa,  0.0 hi,  1.0 si,  0.1 st
%Cpu(s):  7.2 us,  3.7 sy,  0.0 ni, 87.8 id,  0.0 wa,  0.0 hi,  1.4 si,  0.0 st
%Cpu(s):  6.0 us,  3.2 sy,  0.0 ni, 89.8 id,  0.0 wa,  0.0 hi,  1.0 si,  0.0 st
%Cpu(s):  5.4 us,  4.3 sy,  0.0 ni, 89.4 id,  0.0 wa,  0.0 hi,  0.9 si,  0.0 st
%Cpu(s):  6.0 us,  3.9 sy,  0.0 ni, 89.1 id,  0.0 wa,  0.0 hi,  1.0 si,  0.0 st
%Cpu(s): 11.9 us,  3.5 sy,  0.0 ni, 83.8 id,  0.0 wa,  0.0 hi,  0.9 si,  0.0 st
%Cpu(s): 15.0 us,  3.7 sy,  0.0 ni, 80.0 id,  0.0 wa,  0.0 hi,  1.3 si,  0.0 st
%Cpu(s):  6.8 us,  4.1 sy,  0.0 ni, 87.6 id,  0.0 wa,  0.0 hi,  1.4 si,  0.1 st
%Cpu(s):  5.9 us,  4.4 sy,  0.0 ni, 88.5 id,  0.0 wa,  0.0 hi,  1.1 si,  0.1 st
%Cpu(s):  5.2 us,  3.8 sy,  0.0 ni, 89.8 id,  0.0 wa,  0.0 hi,  1.3 si,  0.0 st
%Cpu(s):  4.7 us,  4.0 sy,  0.0 ni, 90.4 id,  0.0 wa,  0.0 hi,  0.8 si,  0.1 st
%Cpu(s):  4.7 us,  4.3 sy,  0.0 ni, 89.8 id,  0.0 wa,  0.0 hi,  1.1 si,  0.0 st
%Cpu(s):  7.5 us,  4.0 sy,  0.0 ni, 87.7 id,  0.0 wa,  0.0 hi,  0.8 si,  0.0 st
%Cpu(s): 18.9 us,  3.9 sy,  0.0 ni, 75.7 id,  0.0 wa,  0.0 hi,  1.5 si,  0.0 st
%Cpu(s):  8.1 us,  4.4 sy,  0.0 ni, 86.1 id,  0.0 wa,  0.0 hi,  1.4 si,  0.0 st
%Cpu(s):  6.7 us,  4.3 sy,  0.0 ni, 88.3 id,  0.0 wa,  0.0 hi,  0.8 si,  0.0 st
%Cpu(s):  6.9 us,  4.5 sy,  0.0 ni, 86.9 id,  0.0 wa,  0.0 hi,  1.6 si,  0.0 st
%Cpu(s):  8.4 us,  4.9 sy,  0.0 ni, 84.6 id,  0.0 wa,  0.0 hi,  2.0 si,  0.1 st
%Cpu(s):  7.0 us,  4.9 sy,  0.0 ni, 86.3 id,  0.0 wa,  0.0 hi,  1.8 si,  0.0 st
%Cpu(s): 26.8 us,  5.0 sy,  0.0 ni, 65.9 id,  0.1 wa,  0.0 hi,  2.1 si,  0.0 st
%Cpu(s): 18.6 us,  4.4 sy,  0.0 ni, 75.3 id,  0.0 wa,  0.0 hi,  1.8 si,  0.0 st
%Cpu(s):  7.5 us,  4.1 sy,  0.0 ni, 86.6 id,  0.0 wa,  0.0 hi,  1.8 si,  0.0 st
%Cpu(s):  8.2 us,  3.6 sy,  0.0 ni, 86.4 id,  0.0 wa,  0.0 hi,  1.6 si,  0.1 st
%Cpu(s):  6.3 us,  4.9 sy,  0.0 ni, 86.6 id,  0.0 wa,  0.0 hi,  2.0 si,  0.1 st
%Cpu(s): 12.8 us,  5.6 sy,  0.0 ni, 80.4 id,  0.0 wa,  0.0 hi,  1.3 si,  0.0 st
%Cpu(s): 18.8 us,  4.8 sy,  0.0 ni, 73.7 id,  0.9 wa,  0.0 hi,  1.8 si,  0.0 st
%Cpu(s):  8.8 us,  4.0 sy,  0.0 ni, 85.7 id,  0.0 wa,  0.0 hi,  1.5 si,  0.0 st
%Cpu(s): 19.5 us,  4.7 sy,  0.0 ni, 74.2 id,  0.0 wa,  0.0 hi,  1.6 si,  0.0 st
%Cpu(s):  7.2 us,  4.2 sy,  0.0 ni, 87.4 id,  0.0 wa,  0.0 hi,  1.1 si,  0.0 st
%Cpu(s):  9.6 us,  3.5 sy,  0.0 ni, 85.3 id,  0.0 wa,  0.0 hi,  1.5 si,  0.1 st
%Cpu(s): 18.3 us,  4.5 sy,  0.0 ni, 75.8 id,  0.0 wa,  0.0 hi,  1.3 si,  0.1 st
