%Cpu(s):  1.0 us,  0.2 sy,  0.0 ni, 98.8 id,  0.0 wa,  0.0 hi,  0.0 si,  0.0 st
%Cpu(s):  2.0 us,  1.0 sy,  0.0 ni, 96.9 id,  0.0 wa,  0.0 hi,  0.1 si,  0.0 st
%Cpu(s):  1.6 us,  1.0 sy,  0.0 ni, 97.2 id,  0.1 wa,  0.0 hi,  0.0 si,  0.0 st
%Cpu(s):  1.6 us,  1.0 sy,  0.0 ni, 97.2 id,  0.0 wa,  0.0 hi,  0.0 si,  0.1 st
%Cpu(s):  7.7 us,  2.0 sy,  0.0 ni, 90.3 id,  0.0 wa,  0.0 hi,  0.0 si,  0.0 st
%Cpu(s): 11.0 us,  0.8 sy,  0.0 ni, 88.3 id,  0.0 wa,  0.0 hi,  0.0 si,  0.0 st
%Cpu(s): 19.1 us,  2.2 sy,  0.0 ni, 78.6 id,  0.0 wa,  0.0 hi,  0.1 si,  0.0 st
%Cpu(s): 74.8 us,  5.8 sy,  0.0 ni, 18.4 id,  0.0 wa,  0.0 hi,  1.1 si,  0.0 st
%Cpu(s): 85.3 us,  8.8 sy,  0.0 ni,  4.3 id,  0.0 wa,  0.0 hi,  1.6 si,  0.0 st
%Cpu(s): 86.5 us, 11.0 sy,  0.0 ni,  0.0 id,  0.0 wa,  0.0 hi,  2.5 si,  0.0 st
%Cpu(s): 87.9 us,  9.8 sy,  0.0 ni,  0.4 id,  0.0 wa,  0.0 hi,  1.9 si,  0.0 st
%Cpu(s): 88.0 us, 10.4 sy,  0.0 ni,  0.0 id,  0.0 wa,  0.0 hi,  1.6 si,  0.0 st
%Cpu(s): 88.6 us, 10.0 sy,  0.0 ni,  0.0 id,  0.0 wa,  0.0 hi,  1.4 si,  0.1 st
%Cpu(s): 84.8 us, 11.0 sy,  0.0 ni,  2.4 id,  0.0 wa,  0.0 hi,  1.9 si,  0.0 st
%Cpu(s): 87.4 us,  9.1 sy,  0.0 ni,  1.7 id,  0.0 wa,  0.0 hi,  1.7 si,  0.0 st
%Cpu(s): 63.1 us,  7.4 sy,  0.0 ni, 28.0 id,  0.0 wa,  0.0 hi,  1.5 si,  0.0 st
%Cpu(s): 30.3 us,  7.2 sy,  0.0 ni, 61.1 id,  0.0 wa,  0.0 hi,  1.4 si,  0.0 st
%Cpu(s): 14.5 us,  6.3 sy,  0.0 ni, 78.4 id,  0.0 wa,  0.0 hi,  0.6 si,  0.1 st
%Cpu(s): 22.9 us,  6.6 sy,  0.0 ni, 69.2 id,  0.0 wa,  0.0 hi,  1.2 si,  0.1 st
%Cpu(s): 11.4 us,  6.1 sy,  0.0 ni, 81.8 id,  0.0 wa,  0.0 hi,  0.6 si,  0.0 st
%Cpu(s): 21.5 us,  6.1 sy,  0.0 ni, 71.5 id,  0.0 wa,  0.0 hi,  0.8 si,  0.3 st
%Cpu(s): 28.6 us,  7.4 sy,  0.0 ni, 62.8 id,  0.0 wa,  0.0 hi,  1.3 si,  0.0 st
%Cpu(s): 13.5 us,  6.8 sy,  0.0 ni, 78.4 id,  0.1 wa,  0.0 hi,  1.1 si,  0.0 st
%Cpu(s): 13.4 us,  5.8 sy,  0.0 ni, 80.2 id,  0.0 wa,  0.0 hi,  0.6 si,  0.0 st
%Cpu(s): 12.8 us,  6.5 sy,  0.0 ni, 80.2 id,  0.0 wa,  0.0 hi,  0.4 si,  0.1 st
%Cpu(s): 13.8 us,  6.4 sy,  0.0 ni, 78.9 id,  0.0 wa,  0.0 hi,  0.8 si,  0.1 st
%Cpu(s): 13.4 us,  7.2 sy,  0.0 ni, 78.6 id,  0.0 wa,  0.0 hi,  0.8 si,  0.0 st
%Cpu(s): 22.0 us,  6.4 sy,  0.0 ni, 70.6 id,  0.0 wa,  0.0 hi,  1.0 si,  0.0 st
%Cpu(s): 11.7 us,  6.5 sy,  0.0 ni, 81.5 id,  0.0 wa,  0.0 hi,  0.3 si,  0.1 st
%Cpu(s): 12.9 us,  6.0 sy,  0.0 ni, 80.4 id,  0.0 wa,  0.0 hi,  0.6 si,  0.0 st
%Cpu(s): 10.8 us,  6.6 sy,  0.0 ni, 82.0 id,  0.0 wa,  0.0 hi,  0.6 si,  0.0 st
%Cpu(s): 11.2 us,  7.0 sy,  0.0 ni, 81.1 id,  0.0 wa,  0.0 hi,  0.6 si,  0.0 st
%Cpu(s): 12.2 us,  6.7 sy,  0.0 ni, 80.6 id,  0.0 wa,  0.0 hi,  0.4 si,  0.1 st
%Cpu(s): 12.7 us,  6.5 sy,  0.0 ni, 80.5 id,  0.0 wa,  0.0 hi,  0.3 si,  0.0 st
%Cpu(s): 11.9 us,  5.8 sy,  0.0 ni, 81.4 id,  0.0 wa,  0.0 hi,  0.8 si,  0.0 st
%Cpu(s): 12.8 us,  6.8 sy,  0.0 ni, 79.7 id,  0.0 wa,  0.0 hi,  0.6 si,  0.1 st
%Cpu(s): 15.4 us,  5.7 sy,  0.0 ni, 77.7 id,  0.0 wa,  0.0 hi,  1.2 si,  0.0 st
%Cpu(s): 24.9 us,  7.5 sy,  0.0 ni, 66.3 id,  0.0 wa,  0.0 hi,  1.1 si,  0.1 st
%Cpu(s): 16.0 us,  6.9 sy,  0.0 ni, 76.2 id,  0.0 wa,  0.0 hi,  0.9 si,  0.0 st
%Cpu(s): 13.6 us,  7.7 sy,  0.0 ni, 77.8 id,  0.0 wa,  0.0 hi,  0.9 si,  0.0 st
%Cpu(s): 30.8 us,  8.4 sy,  0.0 ni, 59.5 id,  0.0 wa,  0.0 hi,  1.3 si,  0.0 st
%Cpu(s): 18.4 us,  7.4 sy,  0.0 ni, 72.9 id,  0.0 wa,  0.0 hi,  1.4 si,  0.0 st
%Cpu(s): 20.5 us,  6.2 sy,  0.0 ni, 71.9 id,  0.0 wa,  0.0 hi,  1.0 si,  0.4 st
%Cpu(s): 44.2 us,  8.2 sy,  0.0 ni, 46.1 id,  0.0 wa,  0.0 hi,  1.4 si,  0.1 st
%Cpu(s): 32.7 us,  6.8 sy,  0.0 ni, 59.5 id,  0.0 wa,  0.0 hi,  1.0 si,  0.0 st
%Cpu(s): 22.5 us,  7.4 sy,  0.0 ni, 69.2 id,  0.0 wa,  0.0 hi,  0.9 si,  0.0 st
%Cpu(s): 13.9 us,  6.4 sy,  0.0 ni, 78.4 id,  0.0 wa,  0.0 hi,  1.2 si,  0.1 st
%Cpu(s): 14.5 us,  7.3 sy,  0.0 ni, 77.5 id,  0.0 wa,  0.0 hi,  0.8 si,  0.0 st
%Cpu(s): 15.3 us,  7.9 sy,  0.0 ni, 76.1 id,  0.0 wa,  0.0 hi,  0.8 si,  0.0 st
%Cpu(s): 18.4 us,  7.4 sy,  0.0 ni, 72.8 id,  0.0 wa,  0.0 hi,  1.3 si,  0.1 st
%Cpu(s): 29.7 us,  7.3 sy,  0.0 ni, 62.2 id,  0.0 wa,  0.0 hi,  0.9 si,  0.0 st
%Cpu(s): 12.0 us,  7.2 sy,  0.0 ni, 79.9 id,  0.0 wa,  0.0 hi,  0.8 si,  0.1 st
%Cpu(s): 22.3 us,  6.7 sy,  0.0 ni, 70.4 id,  0.0 wa,  0.0 hi,  0.6 si,  0.0 st
%Cpu(s): 14.7 us,  6.7 sy,  0.0 ni, 77.6 id,  0.0 wa,  0.0 hi,  0.8 si,  0.1 st
%Cpu(s): 12.2 us,  6.8 sy,  0.0 ni, 80.2 id,  0.0 wa,  0.0 hi,  0.8 si,  0.0 st
%Cpu(s): 16.9 us,  7.2 sy,  0.0 ni, 75.2 id,  0.0 wa,  0.0 hi,  0.6 si,  0.0 st
%Cpu(s): 19.0 us,  6.8 sy,  0.0 ni, 73.7 id,  0.0 wa,  0.0 hi,  0.4 si,  0.0 st
%Cpu(s): 14.6 us,  7.2 sy,  0.0 ni, 77.6 id,  0.0 wa,  0.0 hi,  0.6 si,  0.0 st
%Cpu(s): 13.7 us,  8.1 sy,  0.0 ni, 77.4 id,  0.0 wa,  0.0 hi,  0.6 si,  0.1 st
%Cpu(s): 14.6 us,  7.6 sy,  0.0 ni, 77.2 id,  0.0 wa,  0.0 hi,  0.6 si,  0.0 st
%Cpu(s): 11.8 us,  6.9 sy,  0.0 ni, 80.7 id,  0.0 wa,  0.0 hi,  0.5 si,  0.1 st
%Cpu(s): 16.0 us,  8.0 sy,  0.0 ni, 74.8 id,  0.0 wa,  0.0 hi,  1.2 si,  0.0 st
%Cpu(s):  8.1 us,  4.3 sy,  0.0 ni, 87.4 id,  0.0 wa,  0.0 hi,  0.3 si,  0.0 st
%Cpu(s):  2.1 us,  2.0 sy,  0.0 ni, 95.9 id,  0.0 wa,  0.0 hi,  0.0 si,  0.0 st
%Cpu(s):  1.2 us,  2.1 sy,  0.0 ni, 96.5 id,  0.0 wa,  0.0 hi,  0.1 si,  0.0 st
%Cpu(s):  1.5 us,  1.4 sy,  0.0 ni, 97.0 id,  0.0 wa,  0.0 hi,  0.0 si,  0.1 st
%Cpu(s):  2.4 us,  1.2 sy,  0.0 ni, 96.1 id,  0.1 wa,  0.0 hi,  0.1 si,  0.0 st
%Cpu(s):  6.7 us,  1.4 sy,  0.0 ni, 91.8 id,  0.0 wa,  0.0 hi,  0.0 si,  0.1 st
%Cpu(s):  9.1 us,  1.4 sy,  0.0 ni, 89.6 id,  0.0 wa,  0.0 hi,  0.0 si,  0.0 st
%Cpu(s):  1.7 us,  1.4 sy,  0.0 ni, 96.8 id,  0.0 wa,  0.0 hi,  0.1 si,  0.0 st
%Cpu(s):  1.5 us,  0.9 sy,  0.0 ni, 97.6 id,  0.0 wa,  0.0 hi,  0.0 si,  0.0 st
%Cpu(s):  1.6 us,  1.0 sy,  0.0 ni, 97.2 id,  0.0 wa,  0.0 hi,  0.0 si,  0.1 st
%Cpu(s):  1.1 us,  1.0 sy,  0.0 ni, 97.8 id,  0.0 wa,  0.0 hi,  0.0 si,  0.1 st
%Cpu(s):  1.2 us,  1.1 sy,  0.0 ni, 97.5 id,  0.0 wa,  0.0 hi,  0.1 si,  0.0 st
%Cpu(s):  1.4 us,  1.5 sy,  0.0 ni, 97.1 id,  0.0 wa,  0.0 hi,  0.0 si,  0.0 st
%Cpu(s):  1.4 us,  1.1 sy,  0.0 ni, 97.5 id,  0.0 wa,  0.0 hi,  0.0 si,  0.0 st
%Cpu(s):  1.2 us,  1.5 sy,  0.0 ni, 97.3 id,  0.0 wa,  0.0 hi,  0.0 si,  0.0 st
%Cpu(s):  1.2 us,  1.1 sy,  0.0 ni, 97.4 id,  0.1 wa,  0.0 hi,  0.0 si,  0.1 st
%Cpu(s):  1.5 us,  1.1 sy,  0.0 ni, 97.4 id,  0.0 wa,  0.0 hi,  0.0 si,  0.0 st
%Cpu(s):  1.5 us,  1.9 sy,  0.0 ni, 96.7 id,  0.0 wa,  0.0 hi,  0.0 si,  0.0 st
%Cpu(s):  1.6 us,  1.5 sy,  0.0 ni, 96.9 id,  0.0 wa,  0.0 hi,  0.0 si,  0.0 st
%Cpu(s):  1.1 us,  1.1 sy,  0.0 ni, 97.7 id,  0.0 wa,  0.0 hi,  0.0 si,  0.0 st
%Cpu(s):  1.0 us,  1.5 sy,  0.0 ni, 97.4 id,  0.0 wa,  0.0 hi,  0.0 si,  0.1 st
%Cpu(s):  1.9 us,  2.1 sy,  0.0 ni, 96.0 id,  0.0 wa,  0.0 hi,  0.0 si,  0.0 st
%Cpu(s):  1.6 us,  1.9 sy,  0.0 ni, 96.5 id,  0.0 wa,  0.0 hi,  0.0 si,  0.0 st
