%Cpu(s):  1.4 us,  0.7 sy,  0.0 ni, 97.7 id,  0.0 wa,  0.0 hi,  0.1 si,  0.1 st
%Cpu(s): 13.4 us,  0.5 sy,  0.0 ni, 86.1 id,  0.0 wa,  0.0 hi,  0.0 si,  0.0 st
%Cpu(s):  0.5 us,  0.1 sy,  0.0 ni, 99.4 id,  0.0 wa,  0.0 hi,  0.0 si,  0.0 st
%Cpu(s):  0.1 us,  0.0 sy,  0.0 ni, 99.8 id,  0.0 wa,  0.0 hi,  0.0 si,  0.1 st
%Cpu(s): 37.4 us,  2.9 sy,  0.0 ni, 59.6 id,  0.0 wa,  0.0 hi,  0.1 si,  0.0 st
%Cpu(s): 56.5 us,  2.1 sy,  0.0 ni, 41.1 id,  0.0 wa,  0.0 hi,  0.0 si,  0.2 st
%Cpu(s): 78.8 us,  2.8 sy,  0.0 ni, 18.4 id,  0.0 wa,  0.0 hi,  0.0 si,  0.0 st
%Cpu(s): 30.3 us,  1.0 sy,  0.0 ni, 68.3 id,  0.0 wa,  0.0 hi,  0.1 si,  0.3 st
%Cpu(s): 58.4 us,  4.5 sy,  0.0 ni, 35.6 id,  0.0 wa,  0.0 hi,  1.5 si,  0.0 st
%Cpu(s): 51.1 us,  4.3 sy,  0.0 ni, 42.5 id,  0.0 wa,  0.0 hi,  2.0 si,  0.1 st
%Cpu(s): 22.9 us,  6.0 sy,  0.0 ni, 69.5 id,  0.0 wa,  0.0 hi,  1.6 si,  0.0 st
%Cpu(s): 12.8 us,  5.6 sy,  0.0 ni, 80.1 id,  0.0 wa,  0.0 hi,  1.5 si,  0.0 st
%Cpu(s): 19.6 us,  4.9 sy,  0.0 ni, 73.3 id,  0.0 wa,  0.0 hi,  2.3 si,  0.0 st
%Cpu(s): 17.2 us,  5.7 sy,  0.0 ni, 75.8 id,  0.0 wa,  0.0 hi,  1.3 si,  0.1 st
%Cpu(s):  9.8 us,  5.0 sy,  0.0 ni, 83.0 id,  0.8 wa,  0.0 hi,  1.3 si,  0.1 st
%Cpu(s):  9.7 us,  4.5 sy,  0.0 ni, 84.5 id,  0.0 wa,  0.0 hi,  1.3 si,  0.0 st
%Cpu(s):  7.6 us,  4.7 sy,  0.0 ni, 86.1 id,  0.0 wa,  0.0 hi,  1.6 si,  0.0 st
%Cpu(s): 19.4 us,  5.7 sy,  0.0 ni, 73.3 id,  0.0 wa,  0.0 hi,  1.6 si,  0.0 st
%Cpu(s): 13.4 us,  5.5 sy,  0.0 ni, 79.2 id,  0.0 wa,  0.0 hi,  1.8 si,  0.1 st
%Cpu(s):  8.7 us,  5.9 sy,  0.0 ni, 83.4 id,  0.0 wa,  0.0 hi,  2.0 si,  0.0 st
%Cpu(s):  6.9 us,  5.7 sy,  0.0 ni, 85.6 id,  0.0 wa,  0.0 hi,  1.8 si,  0.0 st
%Cpu(s): 12.1 us,  5.8 sy,  0.0 ni, 79.9 id,  0.0 wa,  0.0 hi,  2.2 si,  0.0 st
%Cpu(s): 22.5 us,  6.0 sy,  0.0 ni, 69.2 id,  0.0 wa,  0.0 hi,  2.2 si,  0.0 st
%Cpu(s):  8.0 us,  5.5 sy,  0.0 ni, 84.2 id,  0.0 wa,  0.0 hi,  2.3 si,  0.0 st
%Cpu(s):  9.0 us,  5.0 sy,  0.0 ni, 83.8 id,  0.0 wa,  0.0 hi,  2.1 si,  0.0 st
%Cpu(s):  9.8 us,  5.1 sy,  0.0 ni, 83.3 id,  0.0 wa,  0.0 hi,  1.6 si,  0.1 st
%Cpu(s): 21.1 us,  5.5 sy,  0.0 ni, 71.9 id,  0.0 wa,  0.0 hi,  1.5 si,  0.0 st
%Cpu(s): 16.1 us,  5.1 sy,  0.0 ni, 77.3 id,  0.0 wa,  0.0 hi,  1.4 si,  0.1 st
%Cpu(s):  8.4 us,  5.6 sy,  0.0 ni, 84.1 id,  0.0 wa,  0.0 hi,  1.8 si,  0.1 st
%Cpu(s):  9.3 us,  5.0 sy,  0.0 ni, 83.5 id,  0.0 wa,  0.0 hi,  2.1 si,  0.0 st
%Cpu(s): 11.9 us,  5.6 sy,  0.0 ni, 80.1 id,  0.1 wa,  0.0 hi,  2.3 si,  0.0 st
%Cpu(s): 19.7 us,  6.4 sy,  0.0 ni, 71.5 id,  0.0 wa,  0.0 hi,  2.4 si,  0.0 st
%Cpu(s): 10.2 us,  4.9 sy,  0.0 ni, 83.0 id,  0.0 wa,  0.0 hi,  1.9 si,  0.0 st
%Cpu(s):  9.8 us,  5.4 sy,  0.0 ni, 83.0 id,  0.0 wa,  0.0 hi,  1.8 si,  0.0 st
%Cpu(s):  8.9 us,  6.4 sy,  0.0 ni, 83.0 id,  0.0 wa,  0.0 hi,  1.6 si,  0.0 st
%Cpu(s): 16.1 us,  6.4 sy,  0.0 ni, 75.6 id,  0.0 wa,  0.0 hi,  1.9 si,  0.0 st
%Cpu(s): 16.4 us,  5.4 sy,  0.0 ni, 76.1 id,  0.0 wa,  0.0 hi,  2.0 si,  0.1 st
%Cpu(s):  7.9 us,  4.1 sy,  0.0 ni, 86.1 id,  0.0 wa,  0.0 hi,  1.8 si,  0.1 st
%Cpu(s):  9.0 us,  5.4 sy,  0.0 ni, 83.6 id,  0.0 wa,  0.0 hi,  2.0 si,  0.0 st
%Cpu(s): 10.3 us,  4.9 sy,  0.0 ni, 83.2 id,  0.0 wa,  0.0 hi,  1.6 si,  0.0 st
%Cpu(s): 19.8 us,  4.9 sy,  0.0 ni, 73.8 id,  0.0 wa,  0.0 hi,  1.5 si,  0.0 st
%Cpu(s): 11.2 us,  4.8 sy,  0.0 ni, 82.6 id,  0.0 wa,  0.0 hi,  1.4 si,  0.0 st
%Cpu(s):  8.0 us,  5.1 sy,  0.0 ni, 84.9 id,  0.0 wa,  0.0 hi,  1.8 si,  0.1 st
%Cpu(s):  8.1 us,  5.4 sy,  0.0 ni, 83.9 id,  0.0 wa,  0.0 hi,  2.6 si,  0.0 st
%Cpu(s): 12.4 us,  4.6 sy,  0.0 ni, 81.5 id,  0.0 wa,  0.0 hi,  1.5 si,  0.0 st
%Cpu(s): 18.6 us,  6.2 sy,  0.0 ni, 73.2 id,  0.0 wa,  0.0 hi,  2.0 si,  0.0 st
%Cpu(s):  9.9 us,  5.0 sy,  0.0 ni, 82.7 id,  0.0 wa,  0.0 hi,  2.5 si,  0.0 st
%Cpu(s):  8.1 us,  5.2 sy,  0.0 ni, 85.0 id,  0.0 wa,  0.0 hi,  1.6 si,  0.1 st
%Cpu(s): 10.1 us,  3.9 sy,  0.0 ni, 83.9 id,  0.0 wa,  0.0 hi,  2.1 si,  0.0 st
%Cpu(s): 20.4 us,  4.3 sy,  0.0 ni, 73.8 id,  0.0 wa,  0.0 hi,  1.5 si,  0.0 st
%Cpu(s): 11.9 us,  5.1 sy,  0.0 ni, 81.3 id,  0.1 wa,  0.0 hi,  1.6 si,  0.0 st
%Cpu(s):  8.1 us,  5.6 sy,  0.0 ni, 84.2 id,  0.0 wa,  0.0 hi,  2.0 si,  0.0 st
%Cpu(s): 10.1 us,  4.1 sy,  0.0 ni, 84.1 id,  0.0 wa,  0.0 hi,  1.6 si,  0.0 st
%Cpu(s): 16.4 us,  4.5 sy,  0.0 ni, 76.5 id,  0.0 wa,  0.0 hi,  2.5 si,  0.1 st
%Cpu(s): 16.4 us,  5.5 sy,  0.0 ni, 76.2 id,  0.0 wa,  0.0 hi,  1.8 si,  0.1 st
%Cpu(s):  9.1 us,  4.7 sy,  0.0 ni, 83.3 id,  0.0 wa,  0.0 hi,  2.9 si,  0.0 st
%Cpu(s):  8.7 us,  4.4 sy,  0.0 ni, 83.8 id,  0.0 wa,  0.0 hi,  3.1 si,  0.0 st
%Cpu(s): 13.2 us,  4.6 sy,  0.0 ni, 80.5 id,  0.0 wa,  0.0 hi,  1.7 si,  0.0 st
%Cpu(s): 20.4 us,  6.2 sy,  0.0 ni, 71.4 id,  0.0 wa,  0.0 hi,  1.9 si,  0.1 st
%Cpu(s):  9.6 us,  5.7 sy,  0.0 ni, 82.8 id,  0.0 wa,  0.0 hi,  1.7 si,  0.1 st
%Cpu(s):  8.9 us,  5.0 sy,  0.0 ni, 83.9 id,  0.0 wa,  0.0 hi,  2.3 si,  0.0 st
%Cpu(s):  8.9 us,  6.5 sy,  0.0 ni, 82.5 id,  0.0 wa,  0.0 hi,  2.1 si,  0.0 st
%Cpu(s): 18.7 us,  5.8 sy,  0.0 ni, 73.2 id,  0.0 wa,  0.0 hi,  2.3 si,  0.0 st
%Cpu(s): 14.2 us,  6.3 sy,  0.0 ni, 78.2 id,  0.0 wa,  0.0 hi,  1.4 si,  0.0 st
%Cpu(s):  9.5 us,  5.3 sy,  0.0 ni, 83.2 id,  0.0 wa,  0.0 hi,  2.0 si,  0.0 st
%Cpu(s):  8.1 us,  4.8 sy,  0.0 ni, 84.8 id,  0.0 wa,  0.0 hi,  2.3 si,  0.0 st
%Cpu(s): 17.6 us,  5.5 sy,  0.0 ni, 76.1 id,  0.0 wa,  0.0 hi,  0.9 si,  0.0 st
%Cpu(s): 34.6 us,  5.9 sy,  0.0 ni, 57.6 id,  0.0 wa,  0.0 hi,  1.9 si,  0.0 st
%Cpu(s): 10.7 us,  4.7 sy,  0.0 ni, 82.8 id,  0.0 wa,  0.0 hi,  1.6 si,  0.1 st
%Cpu(s):  8.4 us,  3.9 sy,  0.0 ni, 85.8 id,  0.1 wa,  0.0 hi,  1.7 si,  0.1 st
%Cpu(s):  8.0 us,  4.4 sy,  0.0 ni, 86.1 id,  0.0 wa,  0.0 hi,  1.5 si,  0.0 st
