%Cpu(s):  1.8 us,  0.3 sy,  0.0 ni, 97.8 id,  0.0 wa,  0.0 hi,  0.0 si,  0.0 st
%Cpu(s):  8.7 us,  1.7 sy,  0.0 ni, 89.4 id,  0.0 wa,  0.0 hi,  0.0 si,  0.1 st
%Cpu(s): 82.6 us,  5.1 sy,  0.0 ni, 12.2 id,  0.0 wa,  0.0 hi,  0.0 si,  0.0 st
%Cpu(s): 79.0 us,  2.8 sy,  0.0 ni, 17.8 id,  0.4 wa,  0.0 hi,  0.0 si,  0.0 st
%Cpu(s): 95.4 us,  2.4 sy,  0.0 ni,  2.2 id,  0.0 wa,  0.0 hi,  0.0 si,  0.0 st
%Cpu(s): 94.7 us,  2.3 sy,  0.0 ni,  2.8 id,  0.0 wa,  0.0 hi,  0.3 si,  0.0 st
%Cpu(s): 88.1 us,  2.5 sy,  0.0 ni,  9.2 id,  0.0 wa,  0.0 hi,  0.1 si,  0.1 st
%Cpu(s): 16.3 us,  1.6 sy,  0.0 ni, 81.7 id,  0.0 wa,  0.0 hi,  0.1 si,  0.3 st
%Cpu(s):  7.1 us,  2.9 sy,  0.0 ni, 89.7 id,  0.1 wa,  0.0 hi,  0.0 si,  0.1 st
%Cpu(s):  5.3 us,  1.8 sy,  0.0 ni, 92.3 id,  0.0 wa,  0.0 hi,  0.3 si,  0.4 st
%Cpu(s):  4.8 us,  3.0 sy,  0.0 ni, 92.0 id,  0.0 wa,  0.0 hi,  0.0 si,  0.1 st
%Cpu(s): 11.7 us,  2.3 sy,  0.0 ni, 85.4 id,  0.0 wa,  0.0 hi,  0.3 si,  0.4 st
%Cpu(s): 11.5 us,  3.0 sy,  0.0 ni, 85.1 id,  0.0 wa,  0.0 hi,  0.1 si,  0.3 st
%Cpu(s):  6.4 us,  2.3 sy,  0.0 ni, 91.0 id,  0.0 wa,  0.0 hi,  0.0 si,  0.3 st
%Cpu(s): 12.5 us,  2.3 sy,  0.0 ni, 85.0 id,  0.0 wa,  0.0 hi,  0.0 si,  0.1 st
%Cpu(s):  4.7 us,  2.9 sy,  0.0 ni, 92.3 id,  0.0 wa,  0.0 hi,  0.1 si,  0.0 st
%Cpu(s):  9.2 us,  3.4 sy,  0.0 ni, 87.3 id,  0.0 wa,  0.0 hi,  0.1 si,  0.0 st
%Cpu(s): 85.6 us,  7.9 sy,  0.0 ni,  5.1 id,  0.0 wa,  0.0 hi,  1.4 si,  0.0 st
%Cpu(s): 86.4 us, 10.1 sy,  0.0 ni,  1.0 id,  0.0 wa,  0.0 hi,  2.5 si,  0.0 st
%Cpu(s): 84.5 us, 10.5 sy,  0.0 ni,  2.4 id,  0.0 wa,  0.0 hi,  2.6 si,  0.0 st
%Cpu(s): 88.3 us,  8.5 sy,  0.0 ni,  1.2 id,  0.0 wa,  0.0 hi,  2.0 si,  0.0 st
%Cpu(s): 88.3 us,  8.7 sy,  0.0 ni,  1.0 id,  0.0 wa,  0.0 hi,  2.0 si,  0.0 st
%Cpu(s): 85.2 us,  6.9 sy,  0.0 ni,  5.9 id,  0.0 wa,  0.0 hi,  2.0 si,  0.0 st
%Cpu(s): 69.3 us,  8.2 sy,  0.0 ni, 20.1 id,  0.0 wa,  0.0 hi,  2.4 si,  0.0 st
%Cpu(s): 37.8 us,  7.8 sy,  0.0 ni, 52.6 id,  0.0 wa,  0.0 hi,  1.8 si,  0.0 st
%Cpu(s): 21.7 us,  6.5 sy,  0.0 ni, 69.9 id,  0.0 wa,  0.0 hi,  1.9 si,  0.0 st
%Cpu(s): 33.3 us,  6.5 sy,  0.0 ni, 58.7 id,  0.0 wa,  0.0 hi,  1.5 si,  0.0 st
%Cpu(s): 24.5 us,  6.5 sy,  0.0 ni, 67.6 id,  0.0 wa,  0.0 hi,  1.3 si,  0.1 st
%Cpu(s): 11.1 us,  6.7 sy,  0.0 ni, 81.0 id,  0.0 wa,  0.0 hi,  1.2 si,  0.1 st
%Cpu(s): 12.8 us,  7.7 sy,  0.0 ni, 77.9 id,  0.0 wa,  0.0 hi,  1.5 si,  0.0 st
%Cpu(s): 13.2 us,  7.6 sy,  0.0 ni, 76.6 id,  0.0 wa,  0.0 hi,  2.5 si,  0.0 st
%Cpu(s): 12.2 us,  7.4 sy,  0.0 ni, 78.8 id,  0.0 wa,  0.0 hi,  1.5 si,  0.0 st
%Cpu(s): 35.0 us,  7.2 sy,  0.0 ni, 56.9 id,  0.0 wa,  0.0 hi,  0.9 si,  0.0 st
%Cpu(s): 23.2 us,  7.7 sy,  0.0 ni, 67.7 id,  0.1 wa,  0.0 hi,  1.2 si,  0.0 st
%Cpu(s):  9.5 us,  5.5 sy,  0.0 ni, 82.8 id,  0.0 wa,  0.0 hi,  2.2 si,  0.0 st
%Cpu(s): 11.3 us,  6.7 sy,  0.0 ni, 80.1 id,  0.0 wa,  0.0 hi,  1.9 si,  0.0 st
%Cpu(s): 11.8 us,  5.6 sy,  0.0 ni, 81.3 id,  0.0 wa,  0.0 hi,  1.3 si,  0.0 st
%Cpu(s): 11.6 us,  5.3 sy,  0.0 ni, 81.9 id,  0.0 wa,  0.0 hi,  1.3 si,  0.0 st
%Cpu(s):  8.3 us,  6.4 sy,  0.0 ni, 84.1 id,  0.0 wa,  0.0 hi,  1.2 si,  0.0 st
%Cpu(s): 11.0 us,  5.9 sy,  0.0 ni, 81.9 id,  0.0 wa,  0.0 hi,  1.2 si,  0.0 st
%Cpu(s): 10.8 us,  6.2 sy,  0.0 ni, 81.7 id,  0.0 wa,  0.0 hi,  1.2 si,  0.1 st
%Cpu(s): 10.2 us,  6.4 sy,  0.0 ni, 82.1 id,  0.0 wa,  0.0 hi,  1.1 si,  0.1 st
%Cpu(s): 10.6 us,  7.2 sy,  0.0 ni, 80.2 id,  0.0 wa,  0.0 hi,  1.9 si,  0.0 st
%Cpu(s): 11.5 us,  7.8 sy,  0.0 ni, 79.2 id,  0.0 wa,  0.0 hi,  1.5 si,  0.0 st
%Cpu(s): 10.4 us,  7.4 sy,  0.0 ni, 80.9 id,  0.0 wa,  0.0 hi,  1.3 si,  0.0 st
%Cpu(s): 11.1 us,  6.1 sy,  0.0 ni, 81.2 id,  0.0 wa,  0.0 hi,  1.5 si,  0.0 st
%Cpu(s): 11.0 us,  6.9 sy,  0.0 ni, 80.9 id,  0.0 wa,  0.0 hi,  1.2 si,  0.0 st
%Cpu(s): 20.7 us,  5.5 sy,  0.0 ni, 72.1 id,  0.0 wa,  0.0 hi,  1.7 si,  0.0 st
%Cpu(s): 23.4 us,  8.0 sy,  0.0 ni, 67.1 id,  0.0 wa,  0.0 hi,  1.5 si,  0.0 st
%Cpu(s): 12.2 us,  6.9 sy,  0.0 ni, 79.4 id,  0.0 wa,  0.0 hi,  1.5 si,  0.0 st
%Cpu(s): 12.2 us,  7.1 sy,  0.0 ni, 79.5 id,  0.0 wa,  0.0 hi,  1.3 si,  0.0 st
%Cpu(s): 21.8 us,  7.7 sy,  0.0 ni, 68.7 id,  0.0 wa,  0.0 hi,  1.8 si,  0.0 st
%Cpu(s): 13.3 us,  6.9 sy,  0.0 ni, 78.3 id,  0.0 wa,  0.0 hi,  1.4 si,  0.1 st
%Cpu(s): 14.1 us,  7.9 sy,  0.0 ni, 76.8 id,  0.0 wa,  0.0 hi,  1.1 si,  0.0 st
%Cpu(s): 13.9 us,  7.5 sy,  0.0 ni, 77.0 id,  0.0 wa,  0.0 hi,  1.4 si,  0.1 st
%Cpu(s): 11.3 us,  7.5 sy,  0.0 ni, 79.9 id,  0.0 wa,  0.0 hi,  1.3 si,  0.0 st
%Cpu(s): 11.3 us,  7.0 sy,  0.0 ni, 80.8 id,  0.0 wa,  0.0 hi,  0.9 si,  0.0 st
%Cpu(s):  9.1 us,  6.7 sy,  0.0 ni, 83.2 id,  0.0 wa,  0.0 hi,  1.0 si,  0.0 st
%Cpu(s): 10.4 us,  6.4 sy,  0.0 ni, 81.5 id,  0.0 wa,  0.0 hi,  1.7 si,  0.0 st
%Cpu(s):  8.5 us,  6.3 sy,  0.0 ni, 83.6 id,  0.0 wa,  0.0 hi,  1.7 si,  0.0 st
%Cpu(s): 10.7 us,  6.2 sy,  0.0 ni, 81.3 id,  0.0 wa,  0.0 hi,  1.8 si,  0.0 st
%Cpu(s): 11.5 us,  7.6 sy,  0.0 ni, 79.8 id,  0.0 wa,  0.0 hi,  1.0 si,  0.1 st
%Cpu(s): 13.7 us,  7.3 sy,  0.0 ni, 77.4 id,  0.0 wa,  0.0 hi,  1.6 si,  0.0 st
%Cpu(s): 14.1 us,  7.0 sy,  0.0 ni, 77.1 id,  0.1 wa,  0.0 hi,  1.6 si,  0.0 st
%Cpu(s): 11.7 us,  8.1 sy,  0.0 ni, 79.1 id,  0.0 wa,  0.0 hi,  1.1 si,  0.0 st
%Cpu(s): 11.2 us,  6.0 sy,  0.0 ni, 80.9 id,  0.0 wa,  0.0 hi,  1.8 si,  0.1 st
%Cpu(s): 12.0 us,  6.0 sy,  0.0 ni, 80.5 id,  0.0 wa,  0.0 hi,  1.5 si,  0.0 st
%Cpu(s): 11.5 us,  6.1 sy,  0.0 ni, 80.9 id,  0.0 wa,  0.0 hi,  1.4 si,  0.0 st
%Cpu(s): 10.9 us,  7.6 sy,  0.0 ni, 79.8 id,  0.0 wa,  0.0 hi,  1.8 si,  0.0 st
%Cpu(s): 10.0 us,  7.4 sy,  0.0 ni, 80.8 id,  0.0 wa,  0.0 hi,  1.8 si,  0.0 st
%Cpu(s): 14.4 us,  8.3 sy,  0.0 ni, 75.4 id,  0.0 wa,  0.0 hi,  1.9 si,  0.0 st
%Cpu(s): 13.2 us,  7.7 sy,  0.0 ni, 77.6 id,  0.0 wa,  0.0 hi,  1.5 si,  0.0 st
%Cpu(s): 21.7 us,  6.9 sy,  0.0 ni, 70.0 id,  0.0 wa,  0.0 hi,  1.4 si,  0.0 st
%Cpu(s): 17.8 us,  8.3 sy,  0.0 ni, 72.2 id,  0.0 wa,  0.0 hi,  1.6 si,  0.0 st
%Cpu(s): 18.3 us,  7.0 sy,  0.0 ni, 73.4 id,  0.0 wa,  0.0 hi,  1.4 si,  0.0 st
%Cpu(s): 18.0 us,  6.2 sy,  0.0 ni, 75.0 id,  0.0 wa,  0.0 hi,  0.6 si,  0.1 st
