%Cpu(s):  6.5 us,  1.2 sy,  0.0 ni, 92.1 id,  0.0 wa,  0.0 hi,  0.1 si,  0.0 st
%Cpu(s):  2.8 us,  1.8 sy,  0.0 ni, 95.3 id,  0.0 wa,  0.0 hi,  0.0 si,  0.1 st
%Cpu(s):  3.4 us,  2.9 sy,  0.0 ni, 93.7 id,  0.0 wa,  0.0 hi,  0.0 si,  0.0 st
%Cpu(s):  2.2 us,  2.5 sy,  0.0 ni, 95.1 id,  0.0 wa,  0.0 hi,  0.1 si,  0.0 st
%Cpu(s):  4.5 us,  2.3 sy,  0.0 ni, 93.2 id,  0.0 wa,  0.0 hi,  0.0 si,  0.0 st
%Cpu(s): 11.6 us,  2.2 sy,  0.0 ni, 86.2 id,  0.0 wa,  0.0 hi,  0.0 si,  0.0 st
%Cpu(s): 61.8 us,  4.0 sy,  0.0 ni, 33.4 id,  0.0 wa,  0.0 hi,  0.8 si,  0.0 st
%Cpu(s): 89.5 us,  7.9 sy,  0.0 ni,  0.6 id,  0.0 wa,  0.0 hi,  1.9 si,  0.1 st
%Cpu(s): 90.1 us,  8.1 sy,  0.0 ni,  0.1 id,  0.0 wa,  0.0 hi,  1.6 si,  0.0 st
%Cpu(s): 86.2 us,  9.4 sy,  0.0 ni,  1.6 id,  0.0 wa,  0.0 hi,  2.8 si,  0.0 st
%Cpu(s): 88.7 us,  9.1 sy,  0.0 ni,  0.2 id,  0.0 wa,  0.0 hi,  2.0 si,  0.0 st
%Cpu(s): 87.7 us,  8.4 sy,  0.0 ni,  1.8 id,  0.0 wa,  0.0 hi,  2.1 si,  0.0 st
%Cpu(s): 88.8 us,  7.5 sy,  0.0 ni,  1.4 id,  0.0 wa,  0.0 hi,  2.2 si,  0.1 st
%Cpu(s): 84.1 us,  9.9 sy,  0.0 ni,  4.0 id,  0.0 wa,  0.0 hi,  2.0 si,  0.0 st
%Cpu(s): 35.0 us,  7.3 sy,  0.0 ni, 56.0 id,  0.0 wa,  0.0 hi,  1.7 si,  0.0 st
%Cpu(s): 26.3 us,  7.7 sy,  0.0 ni, 64.3 id,  0.1 wa,  0.0 hi,  1.5 si,  0.1 st
%Cpu(s): 26.7 us,  5.8 sy,  0.0 ni, 66.5 id,  0.0 wa,  0.0 hi,  0.9 si,  0.1 st
%Cpu(s): 25.5 us,  6.4 sy,  0.0 ni, 67.6 id,  0.0 wa,  0.0 hi,  0.5 si,  0.0 st
%Cpu(s): 32.3 us,  7.5 sy,  0.0 ni, 58.3 id,  0.0 wa,  0.0 hi,  2.0 si,  0.0 st
%Cpu(s): 18.1 us,  6.5 sy,  0.0 ni, 74.2 id,  0.0 wa,  0.0 hi,  1.0 si,  0.1 st
%Cpu(s): 18.1 us,  7.7 sy,  0.0 ni, 73.2 id,  0.0 wa,  0.0 hi,  0.9 si,  0.1 st
%Cpu(s): 19.4 us,  7.5 sy,  0.0 ni, 72.4 id,  0.0 wa,  0.0 hi,  0.6 si,  0.0 st
%Cpu(s): 18.4 us,  7.1 sy,  0.0 ni, 73.6 id,  0.0 wa,  0.0 hi,  0.9 si,  0.0 st
%Cpu(s): 17.7 us,  5.7 sy,  0.0 ni, 75.9 id,  0.0 wa,  0.0 hi,  0.5 si,  0.1 st
%Cpu(s): 16.8 us,  6.8 sy,  0.0 ni, 75.8 id,  0.0 wa,  0.0 hi,  0.7 si,  0.0 st
%Cpu(s): 18.1 us,  7.1 sy,  0.0 ni, 74.2 id,  0.0 wa,  0.0 hi,  0.4 si,  0.1 st
%Cpu(s): 17.8 us,  6.3 sy,  0.0 ni, 75.5 id,  0.0 wa,  0.0 hi,  0.4 si,  0.0 st
%Cpu(s): 18.8 us,  7.1 sy,  0.0 ni, 73.5 id,  0.0 wa,  0.0 hi,  0.4 si,  0.3 st
%Cpu(s): 18.3 us,  7.4 sy,  0.0 ni, 73.6 id,  0.0 wa,  0.0 hi,  0.6 si,  0.0 st
%Cpu(s): 19.0 us,  7.0 sy,  0.0 ni, 73.2 id,  0.0 wa,  0.0 hi,  0.9 si,  0.0 st
%Cpu(s): 15.9 us,  7.2 sy,  0.0 ni, 76.5 id,  0.0 wa,  0.0 hi,  0.4 si,  0.0 st
%Cpu(s): 15.6 us,  6.5 sy,  0.0 ni, 77.0 id,  0.1 wa,  0.0 hi,  0.8 si,  0.0 st
%Cpu(s): 16.5 us,  6.4 sy,  0.0 ni, 75.8 id,  0.0 wa,  0.0 hi,  1.0 si,  0.3 st
%Cpu(s): 17.6 us,  6.2 sy,  0.0 ni, 75.3 id,  0.0 wa,  0.0 hi,  1.0 si,  0.0 st
%Cpu(s): 15.3 us,  7.0 sy,  0.0 ni, 76.9 id,  0.0 wa,  0.0 hi,  0.8 si,  0.0 st
%Cpu(s): 16.5 us,  6.3 sy,  0.0 ni, 76.0 id,  0.0 wa,  0.0 hi,  1.2 si,  0.1 st
%Cpu(s): 27.9 us,  4.7 sy,  0.0 ni, 66.2 id,  0.0 wa,  0.0 hi,  1.2 si,  0.0 st
%Cpu(s): 27.3 us,  6.5 sy,  0.0 ni, 64.4 id,  0.0 wa,  0.0 hi,  1.5 si,  0.1 st
%Cpu(s): 17.6 us,  6.8 sy,  0.0 ni, 74.6 id,  0.0 wa,  0.0 hi,  0.9 si,  0.1 st
%Cpu(s): 27.4 us,  6.6 sy,  0.0 ni, 65.1 id,  0.0 wa,  0.0 hi,  0.8 si,  0.1 st
%Cpu(s): 25.3 us,  6.9 sy,  0.0 ni, 66.9 id,  0.0 wa,  0.0 hi,  0.9 si,  0.0 st
%Cpu(s): 20.1 us,  5.7 sy,  0.0 ni, 73.0 id,  0.0 wa,  0.0 hi,  1.0 si,  0.3 st
%Cpu(s): 16.8 us,  7.7 sy,  0.0 ni, 74.8 id,  0.0 wa,  0.0 hi,  0.6 si,  0.0 st
%Cpu(s): 16.5 us,  7.2 sy,  0.0 ni, 76.0 id,  0.0 wa,  0.0 hi,  0.4 si,  0.0 st
%Cpu(s): 17.5 us,  7.1 sy,  0.0 ni, 74.9 id,  0.0 wa,  0.0 hi,  0.5 si,  0.0 st
%Cpu(s): 17.6 us,  6.4 sy,  0.0 ni, 75.5 id,  0.0 wa,  0.0 hi,  0.5 si,  0.0 st
%Cpu(s): 16.9 us,  7.2 sy,  0.0 ni, 74.7 id,  0.0 wa,  0.0 hi,  1.0 si,  0.3 st
%Cpu(s): 17.3 us,  8.3 sy,  0.0 ni, 73.7 id,  0.0 wa,  0.0 hi,  0.5 si,  0.1 st
%Cpu(s): 18.6 us,  7.6 sy,  0.0 ni, 72.8 id,  0.0 wa,  0.0 hi,  0.9 si,  0.1 st
%Cpu(s): 18.1 us,  7.0 sy,  0.0 ni, 73.7 id,  0.0 wa,  0.0 hi,  1.2 si,  0.0 st
%Cpu(s): 16.5 us,  7.7 sy,  0.0 ni, 75.0 id,  0.0 wa,  0.0 hi,  0.6 si,  0.1 st
%Cpu(s): 16.1 us,  6.3 sy,  0.0 ni, 76.5 id,  0.0 wa,  0.0 hi,  0.9 si,  0.1 st
%Cpu(s): 15.4 us,  6.1 sy,  0.0 ni, 77.8 id,  0.0 wa,  0.0 hi,  0.8 si,  0.0 st
%Cpu(s): 16.5 us,  6.9 sy,  0.0 ni, 75.9 id,  0.0 wa,  0.0 hi,  0.6 si,  0.1 st
%Cpu(s): 17.7 us,  5.8 sy,  0.0 ni, 75.5 id,  0.0 wa,  0.0 hi,  0.8 si,  0.1 st
%Cpu(s): 17.0 us,  6.3 sy,  0.0 ni, 76.1 id,  0.0 wa,  0.0 hi,  0.6 si,  0.0 st
%Cpu(s): 18.5 us,  6.9 sy,  0.0 ni, 73.7 id,  0.0 wa,  0.0 hi,  0.8 si,  0.1 st
%Cpu(s): 15.4 us,  6.8 sy,  0.0 ni, 77.1 id,  0.0 wa,  0.0 hi,  0.6 si,  0.1 st
%Cpu(s): 16.5 us,  6.0 sy,  0.0 ni, 77.5 id,  0.0 wa,  0.0 hi,  0.1 si,  0.0 st
%Cpu(s): 16.6 us,  6.9 sy,  0.0 ni, 75.5 id,  0.0 wa,  0.0 hi,  0.8 si,  0.3 st
%Cpu(s): 16.0 us,  7.1 sy,  0.0 ni, 75.8 id,  0.0 wa,  0.0 hi,  1.0 si,  0.0 st
%Cpu(s): 16.9 us,  5.4 sy,  0.0 ni, 77.0 id,  0.0 wa,  0.0 hi,  0.6 si,  0.0 st
%Cpu(s): 21.2 us,  7.1 sy,  0.0 ni, 70.8 id,  0.0 wa,  0.0 hi,  0.9 si,  0.0 st
%Cpu(s): 19.9 us,  8.2 sy,  0.0 ni, 70.7 id,  0.0 wa,  0.0 hi,  1.0 si,  0.1 st
%Cpu(s): 13.4 us,  5.7 sy,  0.0 ni, 80.5 id,  0.0 wa,  0.0 hi,  0.4 si,  0.0 st
%Cpu(s):  3.0 us,  2.3 sy,  0.0 ni, 94.6 id,  0.0 wa,  0.0 hi,  0.0 si,  0.1 st
%Cpu(s):  7.2 us,  1.7 sy,  0.0 ni, 91.0 id,  0.0 wa,  0.0 hi,  0.0 si,  0.0 st
%Cpu(s):  5.8 us,  3.1 sy,  0.0 ni, 91.1 id,  0.0 wa,  0.0 hi,  0.0 si,  0.0 st
%Cpu(s):  3.8 us,  2.1 sy,  0.0 ni, 94.1 id,  0.0 wa,  0.0 hi,  0.0 si,  0.0 st
%Cpu(s):  2.5 us,  1.5 sy,  0.0 ni, 95.9 id,  0.0 wa,  0.0 hi,  0.0 si,  0.1 st
%Cpu(s):  1.6 us,  2.3 sy,  0.0 ni, 96.0 id,  0.0 wa,  0.0 hi,  0.1 si,  0.0 st
%Cpu(s):  3.1 us,  2.7 sy,  0.0 ni, 94.0 id,  0.0 wa,  0.0 hi,  0.0 si,  0.1 st
%Cpu(s):  2.1 us,  2.1 sy,  0.0 ni, 95.7 id,  0.0 wa,  0.0 hi,  0.0 si,  0.0 st
%Cpu(s):  2.6 us,  1.6 sy,  0.0 ni, 95.7 id,  0.0 wa,  0.0 hi,  0.0 si,  0.0 st
%Cpu(s): 10.6 us,  2.9 sy,  0.0 ni, 86.6 id,  0.0 wa,  0.0 hi,  0.0 si,  0.0 st
