%Cpu(s):  1.5 us,  0.7 sy,  0.0 ni, 97.7 id,  0.0 wa,  0.0 hi,  0.1 si,  0.0 st
%Cpu(s): 23.6 us,  0.6 sy,  0.0 ni, 75.8 id,  0.0 wa,  0.0 hi,  0.0 si,  0.0 st
%Cpu(s):  0.5 us,  0.0 sy,  0.0 ni, 99.5 id,  0.0 wa,  0.0 hi,  0.0 si,  0.0 st
%Cpu(s):  0.1 us,  0.1 sy,  0.0 ni, 99.8 id,  0.0 wa,  0.0 hi,  0.0 si,  0.0 st
%Cpu(s): 28.4 us,  2.6 sy,  0.0 ni, 69.0 id,  0.0 wa,  0.0 hi,  0.0 si,  0.0 st
%Cpu(s): 49.1 us,  1.8 sy,  0.0 ni, 48.9 id,  0.0 wa,  0.0 hi,  0.1 si,  0.1 st
%Cpu(s): 70.0 us,  2.0 sy,  0.0 ni, 27.8 id,  0.0 wa,  0.0 hi,  0.1 si,  0.1 st
%Cpu(s): 50.6 us,  1.2 sy,  0.0 ni, 47.9 id,  0.0 wa,  0.0 hi,  0.2 si,  0.0 st
%Cpu(s): 43.7 us,  2.4 sy,  0.0 ni, 53.3 id,  0.0 wa,  0.0 hi,  0.5 si,  0.1 st
%Cpu(s): 47.7 us,  4.6 sy,  0.0 ni, 46.1 id,  0.0 wa,  0.0 hi,  1.6 si,  0.0 st
%Cpu(s): 26.3 us,  3.3 sy,  0.0 ni, 69.4 id,  0.1 wa,  0.0 hi,  0.8 si,  0.1 st
%Cpu(s):  9.4 us,  3.8 sy,  0.0 ni, 86.1 id,  0.0 wa,  0.0 hi,  0.6 si,  0.0 st
%Cpu(s): 25.1 us,  3.7 sy,  0.0 ni, 70.4 id,  0.0 wa,  0.0 hi,  0.7 si,  0.0 st
%Cpu(s): 21.4 us,  3.2 sy,  0.0 ni, 74.3 id,  0.0 wa,  0.0 hi,  1.1 si,  0.0 st
%Cpu(s): 17.1 us,  3.2 sy,  0.0 ni, 78.7 id,  0.0 wa,  0.0 hi,  0.9 si,  0.1 st
%Cpu(s):  7.6 us,  3.9 sy,  0.0 ni, 87.8 id,  0.0 wa,  0.0 hi,  0.8 si,  0.0 st
%Cpu(s):  6.6 us,  3.6 sy,  0.0 ni, 89.2 id,  0.0 wa,  0.0 hi,  0.5 si,  0.0 st
%Cpu(s):  5.9 us,  4.2 sy,  0.0 ni, 88.8 id,  0.0 wa,  0.0 hi,  1.1 si,  0.0 st
%Cpu(s):  5.7 us,  3.3 sy,  0.0 ni, 90.1 id,  0.0 wa,  0.0 hi,  0.9 si,  0.0 st
%Cpu(s):  6.8 us,  3.3 sy,  0.0 ni, 89.0 id,  0.0 wa,  0.0 hi,  0.8 si,  0.1 st
%Cpu(s):  9.0 us,  3.0 sy,  0.0 ni, 87.1 id,  0.0 wa,  0.0 hi,  0.9 si,  0.0 st
%Cpu(s):  5.5 us,  3.6 sy,  0.0 ni, 90.3 id,  0.0 wa,  0.0 hi,  0.6 si,  0.0 st
%Cpu(s):  5.5 us,  3.0 sy,  0.0 ni, 90.4 id,  0.0 wa,  0.0 hi,  1.0 si,  0.0 st
%Cpu(s):  6.9 us,  3.5 sy,  0.0 ni, 88.5 id,  0.0 wa,  0.0 hi,  1.0 si,  0.1 st
%Cpu(s):  7.3 us,  3.7 sy,  0.0 ni, 88.4 id,  0.0 wa,  0.0 hi,  0.5 si,  0.0 st
%Cpu(s):  6.1 us,  3.7 sy,  0.0 ni, 89.5 id,  0.0 wa,  0.0 hi,  0.8 si,  0.0 st
%Cpu(s): 16.4 us,  3.5 sy,  0.0 ni, 79.5 id,  0.0 wa,  0.0 hi,  0.6 si,  0.0 st
%Cpu(s): 17.3 us,  2.8 sy,  0.0 ni, 79.0 id,  0.0 wa,  0.0 hi,  0.9 si,  0.0 st
%Cpu(s): 11.8 us,  3.3 sy,  0.0 ni, 84.2 id,  0.0 wa,  0.0 hi,  0.8 si,  0.0 st
%Cpu(s):  5.2 us,  4.0 sy,  0.0 ni, 89.8 id,  0.0 wa,  0.0 hi,  1.0 si,  0.0 st
%Cpu(s):  6.9 us,  3.5 sy,  0.0 ni, 89.0 id,  0.0 wa,  0.0 hi,  0.5 si,  0.0 st
%Cpu(s):  7.0 us,  3.4 sy,  0.0 ni, 88.9 id,  0.0 wa,  0.0 hi,  0.6 si,  0.1 st
%Cpu(s):  6.4 us,  3.2 sy,  0.0 ni, 89.4 id,  0.0 wa,  0.0 hi,  1.0 si,  0.0 st
%Cpu(s):  4.4 us,  3.5 sy,  0.0 ni, 91.4 id,  0.0 wa,  0.0 hi,  0.6 si,  0.0 st
%Cpu(s):  5.1 us,  3.2 sy,  0.0 ni, 90.7 id,  0.0 wa,  0.0 hi,  1.0 si,  0.0 st
%Cpu(s):  6.6 us,  3.6 sy,  0.0 ni, 88.7 id,  0.1 wa,  0.0 hi,  0.8 si,  0.1 st
%Cpu(s):  7.3 us,  2.9 sy,  0.0 ni, 88.9 id,  0.0 wa,  0.0 hi,  0.9 si,  0.0 st
%Cpu(s):  7.9 us,  3.2 sy,  0.0 ni, 88.3 id,  0.0 wa,  0.0 hi,  0.6 si,  0.0 st
%Cpu(s):  8.1 us,  2.9 sy,  0.0 ni, 88.5 id,  0.0 wa,  0.0 hi,  0.5 si,  0.0 st
%Cpu(s):  9.0 us,  3.8 sy,  0.0 ni, 86.6 id,  0.0 wa,  0.0 hi,  0.6 si,  0.0 st
%Cpu(s): 24.1 us,  3.3 sy,  0.0 ni, 71.8 id,  0.0 wa,  0.0 hi,  0.9 si,  0.0 st
%Cpu(s): 19.0 us,  4.0 sy,  0.0 ni, 76.4 id,  0.0 wa,  0.0 hi,  0.5 si,  0.0 st
%Cpu(s): 10.7 us,  4.6 sy,  0.0 ni, 83.7 id,  0.0 wa,  0.0 hi,  1.0 si,  0.0 st
%Cpu(s):  6.5 us,  4.7 sy,  0.0 ni, 88.2 id,  0.0 wa,  0.0 hi,  0.6 si,  0.0 st
%Cpu(s):  5.8 us,  3.4 sy,  0.0 ni, 89.6 id,  0.0 wa,  0.0 hi,  1.3 si,  0.0 st
%Cpu(s):  6.1 us,  4.0 sy,  0.0 ni, 89.1 id,  0.1 wa,  0.0 hi,  0.5 si,  0.1 st
%Cpu(s):  6.4 us,  3.4 sy,  0.0 ni, 89.5 id,  0.0 wa,  0.0 hi,  0.7 si,  0.0 st
%Cpu(s):  6.2 us,  3.7 sy,  0.0 ni, 89.8 id,  0.0 wa,  0.0 hi,  0.4 si,  0.0 st
%Cpu(s):  5.6 us,  2.2 sy,  0.0 ni, 91.8 id,  0.0 wa,  0.0 hi,  0.4 si,  0.0 st
%Cpu(s):  7.2 us,  3.9 sy,  0.0 ni, 88.2 id,  0.0 wa,  0.0 hi,  0.7 si,  0.0 st
%Cpu(s):  5.5 us,  3.1 sy,  0.0 ni, 90.0 id,  0.0 wa,  0.0 hi,  1.4 si,  0.0 st
%Cpu(s):  5.4 us,  3.1 sy,  0.0 ni, 90.7 id,  0.0 wa,  0.0 hi,  0.8 si,  0.1 st
%Cpu(s):  6.3 us,  2.6 sy,  0.0 ni, 90.1 id,  0.0 wa,  0.0 hi,  1.0 si,  0.0 st
%Cpu(s): 13.9 us,  4.0 sy,  0.0 ni, 81.3 id,  0.0 wa,  0.0 hi,  0.8 si,  0.0 st
%Cpu(s): 16.7 us,  4.0 sy,  0.0 ni, 78.5 id,  0.0 wa,  0.0 hi,  0.8 si,  0.0 st
%Cpu(s): 14.0 us,  3.8 sy,  0.0 ni, 81.3 id,  0.0 wa,  0.0 hi,  0.9 si,  0.0 st
%Cpu(s):  6.0 us,  3.9 sy,  0.0 ni, 89.3 id,  0.0 wa,  0.0 hi,  0.8 si,  0.0 st
%Cpu(s):  7.2 us,  3.2 sy,  0.0 ni, 88.6 id,  0.0 wa,  0.0 hi,  0.9 si,  0.1 st
%Cpu(s):  6.3 us,  4.4 sy,  0.0 ni, 88.3 id,  0.0 wa,  0.0 hi,  1.0 si,  0.0 st
%Cpu(s):  6.3 us,  4.0 sy,  0.0 ni, 89.2 id,  0.0 wa,  0.0 hi,  0.5 si,  0.0 st
%Cpu(s):  5.1 us,  3.0 sy,  0.0 ni, 91.0 id,  0.0 wa,  0.0 hi,  0.9 si,  0.0 st
%Cpu(s):  5.7 us,  2.9 sy,  0.0 ni, 90.5 id,  0.0 wa,  0.0 hi,  0.9 si,  0.0 st
%Cpu(s):  6.5 us,  3.2 sy,  0.0 ni, 88.9 id,  0.0 wa,  0.0 hi,  1.2 si,  0.1 st
%Cpu(s):  6.4 us,  3.8 sy,  0.0 ni, 88.8 id,  0.0 wa,  0.0 hi,  1.0 si,  0.0 st
%Cpu(s):  6.8 us,  3.8 sy,  0.0 ni, 88.7 id,  0.0 wa,  0.0 hi,  0.8 si,  0.0 st
%Cpu(s):  6.4 us,  3.3 sy,  0.0 ni, 89.4 id,  0.0 wa,  0.0 hi,  0.9 si,  0.0 st
%Cpu(s): 16.3 us,  4.6 sy,  0.0 ni, 78.5 id,  0.0 wa,  0.0 hi,  0.6 si,  0.0 st
%Cpu(s): 31.4 us,  4.1 sy,  0.0 ni, 63.2 id,  0.0 wa,  0.0 hi,  1.2 si,  0.0 st
%Cpu(s): 27.3 us,  3.0 sy,  0.0 ni, 68.8 id,  0.0 wa,  0.0 hi,  0.9 si,  0.0 st
