%Cpu(s):  1.8 us,  0.3 sy,  0.0 ni, 97.9 id,  0.0 wa,  0.0 hi,  0.0 si,  0.0 st
%Cpu(s): 79.2 us,  5.3 sy,  0.0 ni, 15.5 id,  0.0 wa,  0.0 hi,  0.0 si,  0.0 st
%Cpu(s): 79.9 us,  3.4 sy,  0.0 ni, 16.5 id,  0.0 wa,  0.0 hi,  0.0 si,  0.1 st
%Cpu(s): 92.9 us,  2.9 sy,  0.0 ni,  4.2 id,  0.0 wa,  0.0 hi,  0.0 si,  0.0 st
%Cpu(s): 96.8 us,  2.6 sy,  0.0 ni,  0.6 id,  0.0 wa,  0.0 hi,  0.0 si,  0.0 st
%Cpu(s): 95.9 us,  2.7 sy,  0.0 ni,  1.2 id,  0.0 wa,  0.0 hi,  0.1 si,  0.0 st
%Cpu(s): 25.5 us,  1.5 sy,  0.0 ni, 72.7 id,  0.0 wa,  0.0 hi,  0.1 si,  0.1 st
%Cpu(s):  8.3 us,  1.3 sy,  0.0 ni, 90.5 id,  0.0 wa,  0.0 hi,  0.0 si,  0.0 st
%Cpu(s):  8.5 us,  2.1 sy,  0.0 ni, 89.2 id,  0.0 wa,  0.0 hi,  0.0 si,  0.2 st
%Cpu(s):  3.5 us,  1.8 sy,  0.0 ni, 94.6 id,  0.0 wa,  0.0 hi,  0.0 si,  0.1 st
%Cpu(s):  3.6 us,  0.9 sy,  0.0 ni, 95.5 id,  0.0 wa,  0.0 hi,  0.0 si,  0.0 st
%Cpu(s): 10.2 us,  1.5 sy,  0.0 ni, 88.0 id,  0.0 wa,  0.0 hi,  0.0 si,  0.3 st
%Cpu(s): 10.0 us,  2.6 sy,  0.0 ni, 87.1 id,  0.0 wa,  0.0 hi,  0.1 si,  0.2 st
%Cpu(s):  4.6 us,  1.8 sy,  0.0 ni, 93.2 id,  0.0 wa,  0.0 hi,  0.3 si,  0.1 st
%Cpu(s): 11.9 us,  3.5 sy,  0.0 ni, 84.6 id,  0.0 wa,  0.0 hi,  0.0 si,  0.0 st
%Cpu(s): 14.7 us,  2.7 sy,  0.0 ni, 82.4 id,  0.0 wa,  0.0 hi,  0.3 si,  0.0 st
%Cpu(s): 69.7 us,  6.6 sy,  0.0 ni, 23.0 id,  0.0 wa,  0.0 hi,  0.8 si,  0.0 st
%Cpu(s): 88.0 us,  8.7 sy,  0.0 ni,  1.6 id,  0.0 wa,  0.0 hi,  1.6 si,  0.0 st
%Cpu(s): 89.3 us,  8.7 sy,  0.0 ni,  0.1 id,  0.0 wa,  0.0 hi,  1.9 si,  0.0 st
%Cpu(s): 89.5 us,  8.7 sy,  0.0 ni,  0.6 id,  0.0 wa,  0.0 hi,  1.1 si,  0.0 st
%Cpu(s): 88.6 us,  7.9 sy,  0.0 ni,  1.4 id,  0.0 wa,  0.0 hi,  2.1 si,  0.0 st
%Cpu(s): 86.6 us,  7.9 sy,  0.0 ni,  4.0 id,  0.0 wa,  0.0 hi,  1.5 si,  0.0 st
%Cpu(s): 62.5 us,  7.3 sy,  0.0 ni, 28.5 id,  0.0 wa,  0.0 hi,  1.8 si,  0.0 st
%Cpu(s): 36.9 us,  7.6 sy,  0.0 ni, 54.1 id,  0.0 wa,  0.0 hi,  1.4 si,  0.0 st
%Cpu(s): 25.6 us,  6.2 sy,  0.0 ni, 66.8 id,  0.0 wa,  0.0 hi,  1.4 si,  0.0 st
%Cpu(s): 19.5 us,  5.2 sy,  0.0 ni, 74.0 id,  0.0 wa,  0.0 hi,  1.1 si,  0.1 st
%Cpu(s):  9.6 us,  4.5 sy,  0.0 ni, 84.9 id,  0.0 wa,  0.0 hi,  1.0 si,  0.0 st
%Cpu(s): 11.8 us,  6.4 sy,  0.0 ni, 80.3 id,  0.0 wa,  0.0 hi,  1.4 si,  0.1 st
%Cpu(s): 10.9 us,  6.5 sy,  0.0 ni, 81.2 id,  0.0 wa,  0.0 hi,  1.4 si,  0.0 st
%Cpu(s): 11.5 us,  6.4 sy,  0.0 ni, 80.4 id,  0.0 wa,  0.0 hi,  1.8 si,  0.0 st
%Cpu(s): 12.6 us,  7.1 sy,  0.0 ni, 78.6 id,  0.0 wa,  0.0 hi,  1.6 si,  0.0 st
%Cpu(s): 38.6 us,  6.9 sy,  0.0 ni, 52.6 id,  0.0 wa,  0.0 hi,  1.9 si,  0.0 st
%Cpu(s): 39.7 us,  8.4 sy,  0.0 ni, 50.8 id,  0.0 wa,  0.0 hi,  1.0 si,  0.0 st
%Cpu(s): 16.6 us,  6.4 sy,  0.0 ni, 75.5 id,  0.0 wa,  0.0 hi,  1.4 si,  0.1 st
%Cpu(s): 16.6 us,  5.7 sy,  0.0 ni, 76.4 id,  0.0 wa,  0.0 hi,  1.4 si,  0.0 st
%Cpu(s): 15.9 us,  6.6 sy,  0.0 ni, 75.4 id,  0.5 wa,  0.0 hi,  1.5 si,  0.0 st
%Cpu(s): 13.6 us,  6.3 sy,  0.0 ni, 78.5 id,  0.0 wa,  0.0 hi,  1.6 si,  0.0 st
%Cpu(s):  9.3 us,  5.9 sy,  0.0 ni, 83.3 id,  0.0 wa,  0.0 hi,  1.5 si,  0.0 st
%Cpu(s):  8.0 us,  5.4 sy,  0.0 ni, 84.9 id,  0.0 wa,  0.0 hi,  1.8 si,  0.0 st
%Cpu(s):  9.1 us,  5.8 sy,  0.0 ni, 83.7 id,  0.0 wa,  0.0 hi,  1.4 si,  0.0 st
%Cpu(s):  8.5 us,  6.7 sy,  0.0 ni, 83.3 id,  0.0 wa,  0.0 hi,  1.5 si,  0.0 st
%Cpu(s):  8.9 us,  6.1 sy,  0.0 ni, 83.8 id,  0.0 wa,  0.0 hi,  1.1 si,  0.0 st
%Cpu(s): 10.4 us,  6.3 sy,  0.0 ni, 82.5 id,  0.0 wa,  0.0 hi,  0.8 si,  0.1 st
%Cpu(s): 10.5 us,  6.4 sy,  0.0 ni, 81.4 id,  0.0 wa,  0.0 hi,  1.5 si,  0.1 st
%Cpu(s): 11.9 us,  7.0 sy,  0.0 ni, 79.2 id,  0.0 wa,  0.0 hi,  1.8 si,  0.0 st
%Cpu(s):  9.1 us,  6.1 sy,  0.0 ni, 83.7 id,  0.0 wa,  0.0 hi,  1.2 si,  0.0 st
%Cpu(s): 19.3 us,  6.0 sy,  0.0 ni, 73.3 id,  0.0 wa,  0.0 hi,  1.4 si,  0.0 st
%Cpu(s): 26.7 us,  7.6 sy,  0.0 ni, 64.2 id,  0.0 wa,  0.0 hi,  1.5 si,  0.0 st
%Cpu(s): 13.1 us,  6.3 sy,  0.0 ni, 79.2 id,  0.0 wa,  0.0 hi,  1.4 si,  0.0 st
%Cpu(s): 10.1 us,  6.5 sy,  0.0 ni, 81.9 id,  0.0 wa,  0.0 hi,  1.4 si,  0.1 st
%Cpu(s): 21.7 us,  6.0 sy,  0.0 ni, 71.3 id,  0.0 wa,  0.0 hi,  1.0 si,  0.0 st
%Cpu(s): 15.6 us,  7.1 sy,  0.0 ni, 76.1 id,  0.0 wa,  0.0 hi,  1.3 si,  0.0 st
%Cpu(s): 14.4 us,  7.7 sy,  0.0 ni, 76.7 id,  0.0 wa,  0.0 hi,  1.2 si,  0.0 st
%Cpu(s): 10.4 us,  6.4 sy,  0.0 ni, 81.8 id,  0.0 wa,  0.0 hi,  1.4 si,  0.0 st
%Cpu(s): 10.2 us,  7.7 sy,  0.0 ni, 80.7 id,  0.0 wa,  0.0 hi,  1.4 si,  0.0 st
%Cpu(s): 10.4 us,  7.1 sy,  0.0 ni, 81.0 id,  0.0 wa,  0.0 hi,  1.5 si,  0.0 st
%Cpu(s):  9.0 us,  5.5 sy,  0.0 ni, 84.1 id,  0.0 wa,  0.0 hi,  1.3 si,  0.0 st
%Cpu(s):  9.6 us,  6.1 sy,  0.0 ni, 82.7 id,  0.0 wa,  0.0 hi,  1.4 si,  0.1 st
%Cpu(s):  7.2 us,  5.9 sy,  0.0 ni, 85.4 id,  0.0 wa,  0.0 hi,  1.4 si,  0.0 st
%Cpu(s):  8.4 us,  5.0 sy,  0.0 ni, 84.8 id,  0.0 wa,  0.0 hi,  1.8 si,  0.0 st
%Cpu(s): 10.6 us,  5.9 sy,  0.0 ni, 82.1 id,  0.0 wa,  0.0 hi,  1.3 si,  0.1 st
%Cpu(s):  9.9 us,  6.7 sy,  0.0 ni, 82.1 id,  0.0 wa,  0.0 hi,  1.4 si,  0.0 st
%Cpu(s): 10.5 us,  6.5 sy,  0.0 ni, 82.0 id,  0.0 wa,  0.0 hi,  1.0 si,  0.0 st
%Cpu(s):  8.4 us,  6.4 sy,  0.0 ni, 83.1 id,  0.0 wa,  0.0 hi,  2.0 si,  0.0 st
%Cpu(s): 10.0 us,  5.7 sy,  0.0 ni, 83.1 id,  0.0 wa,  0.0 hi,  1.0 si,  0.1 st
%Cpu(s): 10.9 us,  6.3 sy,  0.0 ni, 81.7 id,  0.0 wa,  0.0 hi,  1.1 si,  0.0 st
%Cpu(s):  9.9 us,  5.8 sy,  0.0 ni, 83.1 id,  0.0 wa,  0.0 hi,  1.1 si,  0.0 st
%Cpu(s):  8.4 us,  6.6 sy,  0.0 ni, 83.4 id,  0.0 wa,  0.0 hi,  1.6 si,  0.0 st
%Cpu(s):  9.4 us,  6.1 sy,  0.0 ni, 82.9 id,  0.0 wa,  0.0 hi,  1.6 si,  0.0 st
%Cpu(s): 11.1 us,  7.0 sy,  0.0 ni, 80.0 id,  0.0 wa,  0.0 hi,  1.9 si,  0.0 st
%Cpu(s):  9.3 us,  8.1 sy,  0.0 ni, 80.9 id,  0.0 wa,  0.0 hi,  1.7 si,  0.0 st
%Cpu(s): 10.8 us,  6.5 sy,  0.0 ni, 81.5 id,  0.0 wa,  0.0 hi,  1.2 si,  0.0 st
%Cpu(s): 18.5 us,  7.7 sy,  0.0 ni, 72.3 id,  0.0 wa,  0.0 hi,  1.4 si,  0.1 st
%Cpu(s): 17.6 us,  6.6 sy,  0.0 ni, 74.4 id,  0.0 wa,  0.0 hi,  1.4 si,  0.0 st
%Cpu(s): 16.7 us,  7.7 sy,  0.0 ni, 74.7 id,  0.0 wa,  0.0 hi,  0.9 si,  0.0 st
%Cpu(s): 19.4 us,  6.1 sy,  0.0 ni, 73.4 id,  0.0 wa,  0.0 hi,  1.0 si,  0.1 st
%Cpu(s): 66.4 us,  7.2 sy,  0.0 ni, 25.0 id,  0.0 wa,  0.0 hi,  1.4 si,  0.0 st
%Cpu(s): 68.0 us,  6.7 sy,  0.0 ni, 23.6 id,  0.0 wa,  0.0 hi,  1.8 si,  0.0 st
%Cpu(s): 15.5 us,  7.1 sy,  0.0 ni, 76.3 id,  0.0 wa,  0.0 hi,  1.1 si,  0.0 st
%Cpu(s): 13.7 us,  6.4 sy,  0.0 ni, 79.3 id,  0.0 wa,  0.0 hi,  0.6 si,  0.0 st
