%Cpu(s): 10.0 us,  1.5 sy,  0.0 ni, 88.2 id,  0.0 wa,  0.0 hi,  0.2 si,  0.0 st
%Cpu(s):  3.3 us,  1.9 sy,  0.0 ni, 94.6 id,  0.0 wa,  0.0 hi,  0.0 si,  0.3 st
%Cpu(s):  3.5 us,  2.0 sy,  0.0 ni, 94.2 id,  0.0 wa,  0.0 hi,  0.0 si,  0.3 st
%Cpu(s):  2.9 us,  2.6 sy,  0.0 ni, 94.3 id,  0.0 wa,  0.0 hi,  0.0 si,  0.1 st
%Cpu(s):  4.5 us,  2.3 sy,  0.0 ni, 93.1 id,  0.0 wa,  0.0 hi,  0.0 si,  0.1 st
%Cpu(s):  6.8 us,  2.3 sy,  0.0 ni, 90.5 id,  0.0 wa,  0.0 hi,  0.0 si,  0.4 st
%Cpu(s): 18.1 us,  2.7 sy,  0.0 ni, 79.0 id,  0.0 wa,  0.0 hi,  0.0 si,  0.3 st
%Cpu(s): 82.6 us,  6.1 sy,  0.0 ni, 10.8 id,  0.0 wa,  0.0 hi,  0.5 si,  0.0 st
%Cpu(s): 89.5 us,  7.0 sy,  0.0 ni,  1.4 id,  0.0 wa,  0.0 hi,  2.1 si,  0.0 st
%Cpu(s): 88.2 us,  9.2 sy,  0.0 ni,  0.4 id,  0.0 wa,  0.0 hi,  2.2 si,  0.0 st
%Cpu(s): 89.4 us,  8.1 sy,  0.0 ni,  0.5 id,  0.0 wa,  0.0 hi,  2.0 si,  0.0 st
%Cpu(s): 88.1 us,  9.0 sy,  0.0 ni,  0.9 id,  0.0 wa,  0.0 hi,  2.0 si,  0.0 st
%Cpu(s): 77.3 us,  6.9 sy,  0.0 ni, 14.1 id,  0.0 wa,  0.0 hi,  1.8 si,  0.0 st
%Cpu(s): 44.0 us,  6.6 sy,  0.0 ni, 47.8 id,  0.0 wa,  0.0 hi,  1.6 si,  0.0 st
%Cpu(s): 17.6 us,  5.6 sy,  0.0 ni, 75.8 id,  0.0 wa,  0.0 hi,  1.1 si,  0.0 st
%Cpu(s): 14.4 us,  6.2 sy,  0.0 ni, 78.4 id,  0.0 wa,  0.0 hi,  1.0 si,  0.0 st
%Cpu(s): 31.6 us,  6.3 sy,  0.0 ni, 61.2 id,  0.0 wa,  0.0 hi,  0.9 si,  0.0 st
%Cpu(s): 42.4 us,  5.3 sy,  0.0 ni, 50.9 id,  0.1 wa,  0.0 hi,  1.3 si,  0.0 st
%Cpu(s): 28.0 us,  7.4 sy,  0.0 ni, 63.9 id,  0.0 wa,  0.0 hi,  0.7 si,  0.0 st
%Cpu(s): 22.5 us,  6.1 sy,  0.0 ni, 70.2 id,  0.0 wa,  0.0 hi,  1.0 si,  0.1 st
%Cpu(s): 11.9 us,  6.3 sy,  0.0 ni, 80.3 id,  0.0 wa,  0.0 hi,  1.4 si,  0.1 st
%Cpu(s): 13.3 us,  6.2 sy,  0.0 ni, 79.6 id,  0.0 wa,  0.0 hi,  0.9 si,  0.0 st
%Cpu(s): 11.3 us,  5.3 sy,  0.0 ni, 82.7 id,  0.0 wa,  0.0 hi,  0.7 si,  0.0 st
%Cpu(s): 14.8 us,  6.1 sy,  0.0 ni, 78.3 id,  0.0 wa,  0.0 hi,  0.8 si,  0.0 st
%Cpu(s): 11.6 us,  6.4 sy,  0.0 ni, 81.5 id,  0.0 wa,  0.0 hi,  0.5 si,  0.0 st
%Cpu(s): 10.7 us,  5.3 sy,  0.0 ni, 83.1 id,  0.0 wa,  0.0 hi,  0.9 si,  0.0 st
%Cpu(s): 11.3 us,  6.0 sy,  0.0 ni, 81.5 id,  0.0 wa,  0.0 hi,  1.2 si,  0.0 st
%Cpu(s): 11.7 us,  7.1 sy,  0.0 ni, 80.6 id,  0.0 wa,  0.0 hi,  0.5 si,  0.0 st
%Cpu(s): 11.4 us,  7.3 sy,  0.0 ni, 80.4 id,  0.0 wa,  0.0 hi,  0.8 si,  0.1 st
%Cpu(s): 11.0 us,  6.3 sy,  0.0 ni, 81.7 id,  0.0 wa,  0.0 hi,  1.0 si,  0.0 st
%Cpu(s): 10.6 us,  7.2 sy,  0.0 ni, 80.9 id,  0.0 wa,  0.0 hi,  1.3 si,  0.0 st
%Cpu(s): 12.8 us,  7.0 sy,  0.0 ni, 78.9 id,  0.0 wa,  0.0 hi,  1.3 si,  0.0 st
%Cpu(s): 13.7 us,  6.0 sy,  0.0 ni, 79.1 id,  0.0 wa,  0.0 hi,  1.3 si,  0.0 st
%Cpu(s): 12.5 us,  6.8 sy,  0.0 ni, 79.0 id,  0.0 wa,  0.0 hi,  1.6 si,  0.1 st
%Cpu(s): 11.5 us,  6.9 sy,  0.0 ni, 80.4 id,  0.0 wa,  0.0 hi,  1.1 si,  0.0 st
%Cpu(s): 14.8 us,  6.3 sy,  0.0 ni, 78.2 id,  0.0 wa,  0.0 hi,  0.7 si,  0.0 st
%Cpu(s): 13.0 us,  6.5 sy,  0.0 ni, 79.6 id,  0.0 wa,  0.0 hi,  0.8 si,  0.1 st
%Cpu(s): 27.5 us,  5.2 sy,  0.0 ni, 66.3 id,  0.0 wa,  0.0 hi,  1.0 si,  0.0 st
%Cpu(s): 15.4 us,  6.9 sy,  0.0 ni, 76.9 id,  0.0 wa,  0.0 hi,  0.9 si,  0.0 st
%Cpu(s): 13.1 us,  6.2 sy,  0.0 ni, 79.8 id,  0.0 wa,  0.0 hi,  0.9 si,  0.0 st
%Cpu(s): 23.3 us,  6.1 sy,  0.0 ni, 69.4 id,  0.0 wa,  0.0 hi,  1.0 si,  0.1 st
%Cpu(s): 13.2 us,  6.3 sy,  0.0 ni, 79.7 id,  0.0 wa,  0.0 hi,  0.8 si,  0.0 st
%Cpu(s): 12.7 us,  6.1 sy,  0.0 ni, 79.6 id,  0.0 wa,  0.0 hi,  1.5 si,  0.0 st
%Cpu(s): 14.8 us,  5.8 sy,  0.0 ni, 78.2 id,  0.0 wa,  0.0 hi,  1.1 si,  0.0 st
%Cpu(s): 11.1 us,  7.5 sy,  0.0 ni, 80.6 id,  0.0 wa,  0.0 hi,  0.8 si,  0.0 st
%Cpu(s): 10.8 us,  6.9 sy,  0.0 ni, 81.6 id,  0.0 wa,  0.0 hi,  0.6 si,  0.1 st
%Cpu(s): 13.0 us,  6.2 sy,  0.0 ni, 79.8 id,  0.0 wa,  0.0 hi,  1.0 si,  0.0 st
%Cpu(s): 12.2 us,  6.2 sy,  0.0 ni, 80.8 id,  0.0 wa,  0.0 hi,  0.8 si,  0.0 st
%Cpu(s): 12.1 us,  6.7 sy,  0.0 ni, 80.3 id,  0.0 wa,  0.0 hi,  0.9 si,  0.0 st
%Cpu(s): 12.1 us,  6.6 sy,  0.0 ni, 80.1 id,  0.0 wa,  0.0 hi,  1.0 si,  0.1 st
%Cpu(s): 10.4 us,  7.6 sy,  0.0 ni, 81.2 id,  0.0 wa,  0.0 hi,  0.9 si,  0.0 st
%Cpu(s): 11.4 us,  5.8 sy,  0.0 ni, 82.3 id,  0.1 wa,  0.0 hi,  0.4 si,  0.0 st
%Cpu(s): 11.1 us,  6.8 sy,  0.0 ni, 81.2 id,  0.0 wa,  0.0 hi,  0.9 si,  0.0 st
%Cpu(s): 11.8 us,  6.1 sy,  0.0 ni, 81.4 id,  0.0 wa,  0.0 hi,  0.6 si,  0.0 st
%Cpu(s): 10.6 us,  5.8 sy,  0.0 ni, 82.7 id,  0.0 wa,  0.0 hi,  0.9 si,  0.0 st
%Cpu(s): 11.5 us,  7.0 sy,  0.0 ni, 80.7 id,  0.0 wa,  0.0 hi,  0.8 si,  0.0 st
%Cpu(s): 11.5 us,  7.0 sy,  0.0 ni, 80.7 id,  0.0 wa,  0.0 hi,  0.8 si,  0.0 st
%Cpu(s): 12.4 us,  6.3 sy,  0.0 ni, 80.1 id,  0.0 wa,  0.0 hi,  1.0 si,  0.1 st
%Cpu(s): 12.2 us,  7.2 sy,  0.0 ni, 79.2 id,  0.0 wa,  0.0 hi,  1.4 si,  0.0 st
%Cpu(s): 12.3 us,  6.4 sy,  0.0 ni, 79.8 id,  0.0 wa,  0.0 hi,  1.5 si,  0.0 st
%Cpu(s): 13.2 us,  7.6 sy,  0.0 ni, 78.0 id,  0.0 wa,  0.0 hi,  1.1 si,  0.1 st
%Cpu(s): 12.8 us,  7.0 sy,  0.0 ni, 79.4 id,  0.0 wa,  0.0 hi,  0.8 si,  0.0 st
%Cpu(s): 12.0 us,  7.7 sy,  0.0 ni, 79.4 id,  0.0 wa,  0.0 hi,  0.9 si,  0.0 st
%Cpu(s): 13.4 us,  6.4 sy,  0.0 ni, 79.2 id,  0.0 wa,  0.0 hi,  0.9 si,  0.1 st
%Cpu(s): 12.0 us,  6.7 sy,  0.0 ni, 80.3 id,  0.0 wa,  0.0 hi,  1.0 si,  0.0 st
%Cpu(s): 19.1 us,  6.8 sy,  0.0 ni, 72.7 id,  0.0 wa,  0.0 hi,  1.4 si,  0.0 st
%Cpu(s): 13.6 us,  5.7 sy,  0.0 ni, 79.9 id,  0.0 wa,  0.0 hi,  0.8 si,  0.0 st
%Cpu(s): 15.7 us,  4.2 sy,  0.0 ni, 79.7 id,  0.0 wa,  0.0 hi,  0.4 si,  0.0 st
%Cpu(s): 10.8 us,  5.2 sy,  0.0 ni, 83.6 id,  0.0 wa,  0.0 hi,  0.3 si,  0.1 st
%Cpu(s):  9.9 us,  4.1 sy,  0.0 ni, 86.1 id,  0.0 wa,  0.0 hi,  0.0 si,  0.0 st
%Cpu(s):  4.4 us,  3.9 sy,  0.0 ni, 91.4 id,  0.0 wa,  0.0 hi,  0.3 si,  0.0 st
%Cpu(s):  5.7 us,  4.0 sy,  0.0 ni, 90.2 id,  0.0 wa,  0.0 hi,  0.0 si,  0.1 st
%Cpu(s):  8.7 us,  4.4 sy,  0.0 ni, 86.6 id,  0.0 wa,  0.0 hi,  0.1 si,  0.1 st
