%Cpu(s):  1.8 us,  0.3 sy,  0.0 ni, 97.9 id,  0.0 wa,  0.0 hi,  0.0 si,  0.0 st
%Cpu(s): 28.6 us,  3.1 sy,  0.0 ni, 68.0 id,  0.0 wa,  0.0 hi,  0.3 si,  0.0 st
%Cpu(s): 84.3 us,  3.2 sy,  0.0 ni, 12.4 id,  0.0 wa,  0.0 hi,  0.0 si,  0.0 st
%Cpu(s): 74.5 us,  3.3 sy,  0.0 ni, 22.1 id,  0.0 wa,  0.0 hi,  0.0 si,  0.1 st
%Cpu(s): 94.5 us,  3.0 sy,  0.0 ni,  2.5 id,  0.0 wa,  0.0 hi,  0.0 si,  0.0 st
%Cpu(s): 95.2 us,  3.1 sy,  0.0 ni,  1.6 id,  0.0 wa,  0.0 hi,  0.0 si,  0.0 st
%Cpu(s): 93.8 us,  4.0 sy,  0.0 ni,  2.1 id,  0.0 wa,  0.0 hi,  0.1 si,  0.0 st
%Cpu(s): 43.7 us,  1.5 sy,  0.0 ni, 54.7 id,  0.0 wa,  0.0 hi,  0.1 si,  0.0 st
%Cpu(s): 10.7 us,  1.0 sy,  0.0 ni, 88.2 id,  0.0 wa,  0.0 hi,  0.0 si,  0.1 st
%Cpu(s):  2.1 us,  0.8 sy,  0.0 ni, 97.0 id,  0.0 wa,  0.0 hi,  0.0 si,  0.1 st
%Cpu(s):  1.9 us,  1.5 sy,  0.0 ni, 96.6 id,  0.0 wa,  0.0 hi,  0.0 si,  0.0 st
%Cpu(s):  5.8 us,  0.5 sy,  0.0 ni, 93.7 id,  0.0 wa,  0.0 hi,  0.0 si,  0.0 st
%Cpu(s):  5.5 us,  1.3 sy,  0.0 ni, 93.2 id,  0.0 wa,  0.0 hi,  0.0 si,  0.0 st
%Cpu(s):  2.8 us,  1.5 sy,  0.0 ni, 95.6 id,  0.0 wa,  0.0 hi,  0.1 si,  0.0 st
%Cpu(s): 10.1 us,  3.2 sy,  0.0 ni, 86.6 id,  0.0 wa,  0.0 hi,  0.1 si,  0.0 st
%Cpu(s):  5.8 us,  2.8 sy,  0.0 ni, 91.1 id,  0.0 wa,  0.0 hi,  0.1 si,  0.1 st
%Cpu(s): 15.6 us,  3.9 sy,  0.0 ni, 80.2 id,  0.0 wa,  0.0 hi,  0.3 si,  0.0 st
%Cpu(s): 71.1 us,  7.4 sy,  0.0 ni, 20.5 id,  0.0 wa,  0.0 hi,  1.0 si,  0.0 st
%Cpu(s): 86.8 us, 10.8 sy,  0.0 ni,  0.5 id,  0.0 wa,  0.0 hi,  1.9 si,  0.0 st
%Cpu(s): 87.0 us,  9.9 sy,  0.0 ni,  1.4 id,  0.0 wa,  0.0 hi,  1.7 si,  0.0 st
%Cpu(s): 82.9 us,  8.7 sy,  0.0 ni,  6.2 id,  0.0 wa,  0.0 hi,  2.1 si,  0.0 st
%Cpu(s): 79.5 us,  7.7 sy,  0.0 ni, 11.6 id,  0.0 wa,  0.0 hi,  1.3 si,  0.0 st
%Cpu(s): 86.9 us,  8.6 sy,  0.0 ni,  3.4 id,  0.0 wa,  0.0 hi,  1.1 si,  0.0 st
%Cpu(s): 73.5 us,  9.3 sy,  0.0 ni, 14.8 id,  0.0 wa,  0.0 hi,  2.4 si,  0.0 st
%Cpu(s): 57.4 us,  8.7 sy,  0.0 ni, 31.6 id,  0.0 wa,  0.0 hi,  2.3 si,  0.0 st
%Cpu(s): 31.5 us,  7.0 sy,  0.0 ni, 60.5 id,  0.0 wa,  0.0 hi,  0.9 si,  0.0 st
%Cpu(s): 23.7 us,  6.7 sy,  0.0 ni, 68.4 id,  0.1 wa,  0.0 hi,  0.9 si,  0.1 st
%Cpu(s): 18.3 us,  7.2 sy,  0.0 ni, 72.8 id,  0.0 wa,  0.0 hi,  1.7 si,  0.0 st
%Cpu(s): 16.1 us,  6.8 sy,  0.0 ni, 75.7 id,  0.0 wa,  0.0 hi,  1.3 si,  0.0 st
%Cpu(s): 10.9 us,  8.4 sy,  0.0 ni, 78.9 id,  0.0 wa,  0.0 hi,  1.8 si,  0.0 st
%Cpu(s): 12.5 us,  8.0 sy,  0.0 ni, 77.8 id,  0.0 wa,  0.0 hi,  1.5 si,  0.1 st
%Cpu(s): 13.7 us,  6.3 sy,  0.0 ni, 78.3 id,  0.0 wa,  0.0 hi,  1.6 si,  0.0 st
%Cpu(s): 20.2 us,  6.7 sy,  0.0 ni, 72.0 id,  0.0 wa,  0.0 hi,  1.0 si,  0.1 st
%Cpu(s): 32.5 us,  8.0 sy,  0.0 ni, 58.6 id,  0.0 wa,  0.0 hi,  0.9 si,  0.0 st
%Cpu(s): 41.8 us,  8.8 sy,  0.0 ni, 47.9 id,  0.0 wa,  0.0 hi,  1.4 si,  0.0 st
%Cpu(s): 21.8 us,  7.7 sy,  0.0 ni, 69.1 id,  0.0 wa,  0.0 hi,  1.4 si,  0.0 st
%Cpu(s): 11.3 us,  5.4 sy,  0.0 ni, 81.5 id,  0.0 wa,  0.0 hi,  1.8 si,  0.0 st
%Cpu(s): 11.3 us,  7.5 sy,  0.0 ni, 80.1 id,  0.0 wa,  0.0 hi,  1.0 si,  0.0 st
%Cpu(s): 10.4 us,  6.6 sy,  0.0 ni, 81.2 id,  0.0 wa,  0.0 hi,  1.8 si,  0.0 st
%Cpu(s): 10.6 us,  6.9 sy,  0.0 ni, 81.3 id,  0.0 wa,  0.0 hi,  1.3 si,  0.0 st
%Cpu(s):  8.7 us,  6.0 sy,  0.0 ni, 83.9 id,  0.0 wa,  0.0 hi,  1.4 si,  0.0 st
%Cpu(s):  7.9 us,  6.7 sy,  0.0 ni, 83.2 id,  0.0 wa,  0.0 hi,  2.1 si,  0.1 st
%Cpu(s): 11.0 us,  6.6 sy,  0.0 ni, 80.4 id,  0.0 wa,  0.0 hi,  2.0 si,  0.0 st
%Cpu(s):  9.4 us,  7.3 sy,  0.0 ni, 81.9 id,  0.0 wa,  0.0 hi,  1.4 si,  0.0 st
%Cpu(s): 11.2 us,  6.0 sy,  0.0 ni, 80.7 id,  0.0 wa,  0.0 hi,  2.0 si,  0.0 st
%Cpu(s):  8.9 us,  6.2 sy,  0.0 ni, 83.2 id,  0.0 wa,  0.0 hi,  1.7 si,  0.0 st
%Cpu(s): 13.0 us,  6.6 sy,  0.0 ni, 78.1 id,  0.0 wa,  0.0 hi,  2.1 si,  0.1 st
%Cpu(s): 18.0 us,  6.6 sy,  0.0 ni, 74.1 id,  0.0 wa,  0.0 hi,  1.3 si,  0.0 st
%Cpu(s): 33.3 us,  7.0 sy,  0.0 ni, 57.8 id,  0.1 wa,  0.0 hi,  1.8 si,  0.0 st
%Cpu(s): 11.7 us,  7.3 sy,  0.0 ni, 79.2 id,  0.0 wa,  0.0 hi,  1.8 si,  0.0 st
%Cpu(s): 14.2 us,  7.0 sy,  0.0 ni, 77.9 id,  0.0 wa,  0.0 hi,  1.0 si,  0.0 st
%Cpu(s): 17.4 us,  7.9 sy,  0.0 ni, 72.9 id,  0.0 wa,  0.0 hi,  1.8 si,  0.0 st
%Cpu(s): 22.7 us,  7.3 sy,  0.0 ni, 68.5 id,  0.0 wa,  0.0 hi,  1.5 si,  0.0 st
%Cpu(s): 11.8 us,  8.6 sy,  0.0 ni, 78.3 id,  0.0 wa,  0.0 hi,  1.3 si,  0.1 st
%Cpu(s): 10.1 us,  8.5 sy,  0.0 ni, 80.2 id,  0.0 wa,  0.0 hi,  1.3 si,  0.0 st
%Cpu(s): 10.8 us,  7.9 sy,  0.0 ni, 80.0 id,  0.0 wa,  0.0 hi,  1.1 si,  0.1 st
%Cpu(s):  8.5 us,  6.8 sy,  0.0 ni, 82.7 id,  0.0 wa,  0.0 hi,  1.9 si,  0.0 st
%Cpu(s): 10.0 us,  7.1 sy,  0.0 ni, 81.9 id,  0.0 wa,  0.0 hi,  1.0 si,  0.0 st
%Cpu(s): 11.8 us,  6.8 sy,  0.0 ni, 79.9 id,  0.0 wa,  0.0 hi,  1.5 si,  0.0 st
%Cpu(s): 10.4 us,  6.9 sy,  0.0 ni, 81.1 id,  0.0 wa,  0.0 hi,  1.7 si,  0.0 st
%Cpu(s): 12.0 us,  6.8 sy,  0.0 ni, 79.8 id,  0.0 wa,  0.0 hi,  1.3 si,  0.1 st
%Cpu(s): 12.0 us,  8.3 sy,  0.0 ni, 78.8 id,  0.0 wa,  0.0 hi,  0.9 si,  0.0 st
%Cpu(s): 11.9 us,  8.2 sy,  0.0 ni, 78.1 id,  0.0 wa,  0.0 hi,  1.8 si,  0.0 st
%Cpu(s): 11.6 us,  8.1 sy,  0.0 ni, 78.4 id,  0.0 wa,  0.0 hi,  1.9 si,  0.0 st
%Cpu(s): 12.1 us,  7.9 sy,  0.0 ni, 79.0 id,  0.0 wa,  0.0 hi,  1.0 si,  0.0 st
%Cpu(s): 11.6 us,  7.7 sy,  0.0 ni, 79.5 id,  0.0 wa,  0.0 hi,  1.2 si,  0.0 st
%Cpu(s):  9.9 us,  7.7 sy,  0.0 ni, 81.2 id,  0.0 wa,  0.0 hi,  1.3 si,  0.0 st
%Cpu(s): 11.8 us,  6.3 sy,  0.0 ni, 80.2 id,  0.0 wa,  0.0 hi,  1.5 si,  0.1 st
%Cpu(s): 12.4 us,  7.9 sy,  0.0 ni, 78.2 id,  0.0 wa,  0.0 hi,  1.5 si,  0.0 st
%Cpu(s): 11.9 us,  9.4 sy,  0.0 ni, 76.9 id,  0.0 wa,  0.0 hi,  1.8 si,  0.0 st
%Cpu(s): 13.3 us,  7.2 sy,  0.0 ni, 78.2 id,  0.0 wa,  0.0 hi,  1.3 si,  0.0 st
%Cpu(s): 12.9 us,  8.1 sy,  0.0 ni, 77.0 id,  0.0 wa,  0.0 hi,  1.9 si,  0.0 st
%Cpu(s): 29.6 us,  6.8 sy,  0.0 ni, 62.2 id,  0.0 wa,  0.0 hi,  1.4 si,  0.0 st
%Cpu(s): 20.7 us,  7.2 sy,  0.0 ni, 70.6 id,  0.0 wa,  0.0 hi,  1.5 si,  0.0 st
%Cpu(s): 19.2 us,  7.4 sy,  0.0 ni, 71.7 id,  0.0 wa,  0.0 hi,  1.6 si,  0.0 st
%Cpu(s): 15.7 us,  8.0 sy,  0.0 ni, 74.9 id,  0.0 wa,  0.0 hi,  1.4 si,  0.0 st
%Cpu(s): 19.7 us,  7.4 sy,  0.0 ni, 71.0 id,  0.0 wa,  0.0 hi,  1.9 si,  0.0 st
%Cpu(s): 41.1 us,  9.2 sy,  0.0 ni, 48.1 id,  0.0 wa,  0.0 hi,  1.6 si,  0.0 st
%Cpu(s): 52.7 us,  7.9 sy,  0.0 ni, 37.7 id,  0.0 wa,  0.0 hi,  1.6 si,  0.0 st
%Cpu(s): 22.9 us,  8.4 sy,  0.0 ni, 67.3 id,  0.0 wa,  0.0 hi,  1.3 si,  0.1 st
%Cpu(s): 19.7 us,  7.9 sy,  0.0 ni, 71.0 id,  0.1 wa,  0.0 hi,  1.3 si,  0.0 st
%Cpu(s): 18.0 us,  7.9 sy,  0.0 ni, 72.7 id,  0.0 wa,  0.0 hi,  1.3 si,  0.1 st
