%Cpu(s):  6.3 us,  1.1 sy,  0.0 ni, 92.4 id,  0.0 wa,  0.0 hi,  0.1 si,  0.0 st
%Cpu(s):  2.3 us,  0.9 sy,  0.0 ni, 96.7 id,  0.0 wa,  0.0 hi,  0.0 si,  0.1 st
%Cpu(s):  2.7 us,  2.0 sy,  0.0 ni, 95.0 id,  0.0 wa,  0.0 hi,  0.1 si,  0.1 st
%Cpu(s):  3.5 us,  2.1 sy,  0.0 ni, 94.3 id,  0.0 wa,  0.0 hi,  0.0 si,  0.1 st
%Cpu(s):  8.8 us,  4.1 sy,  0.0 ni, 87.0 id,  0.0 wa,  0.0 hi,  0.1 si,  0.0 st
%Cpu(s): 12.6 us,  2.1 sy,  0.0 ni, 85.1 id,  0.0 wa,  0.0 hi,  0.0 si,  0.1 st
%Cpu(s): 76.7 us,  4.9 sy,  0.0 ni, 18.1 id,  0.0 wa,  0.0 hi,  0.4 si,  0.0 st
%Cpu(s): 89.7 us,  8.8 sy,  0.0 ni,  0.5 id,  0.0 wa,  0.0 hi,  1.0 si,  0.0 st
%Cpu(s): 89.9 us,  8.2 sy,  0.0 ni,  0.0 id,  0.0 wa,  0.0 hi,  1.9 si,  0.0 st
%Cpu(s): 90.6 us,  7.5 sy,  0.0 ni,  0.5 id,  0.0 wa,  0.0 hi,  1.4 si,  0.0 st
%Cpu(s): 86.3 us,  6.8 sy,  0.0 ni,  5.1 id,  0.0 wa,  0.0 hi,  1.7 si,  0.0 st
%Cpu(s): 88.0 us,  7.0 sy,  0.0 ni,  3.5 id,  0.0 wa,  0.0 hi,  1.5 si,  0.0 st
%Cpu(s): 73.5 us,  6.7 sy,  0.0 ni, 18.0 id,  0.0 wa,  0.0 hi,  1.7 si,  0.0 st
%Cpu(s): 38.8 us,  6.7 sy,  0.0 ni, 53.4 id,  0.0 wa,  0.0 hi,  1.1 si,  0.0 st
%Cpu(s): 40.2 us,  5.7 sy,  0.0 ni, 53.3 id,  0.0 wa,  0.0 hi,  0.8 si,  0.0 st
%Cpu(s): 34.6 us,  6.3 sy,  0.0 ni, 58.2 id,  0.0 wa,  0.0 hi,  0.8 si,  0.1 st
%Cpu(s): 19.5 us,  6.3 sy,  0.0 ni, 73.9 id,  0.0 wa,  0.0 hi,  0.3 si,  0.0 st
%Cpu(s): 15.4 us,  7.8 sy,  0.0 ni, 76.0 id,  0.0 wa,  0.0 hi,  0.6 si,  0.1 st
%Cpu(s): 14.6 us,  7.8 sy,  0.0 ni, 77.0 id,  0.0 wa,  0.0 hi,  0.6 si,  0.0 st
%Cpu(s): 16.1 us,  7.2 sy,  0.0 ni, 76.5 id,  0.0 wa,  0.0 hi,  0.3 si,  0.0 st
%Cpu(s): 19.7 us,  6.2 sy,  0.0 ni, 73.7 id,  0.0 wa,  0.0 hi,  0.4 si,  0.0 st
%Cpu(s): 15.8 us,  5.8 sy,  0.0 ni, 77.6 id,  0.0 wa,  0.0 hi,  0.8 si,  0.0 st
%Cpu(s): 14.8 us,  6.1 sy,  0.0 ni, 78.1 id,  0.0 wa,  0.0 hi,  1.0 si,  0.0 st
%Cpu(s): 16.9 us,  5.8 sy,  0.0 ni, 76.4 id,  0.0 wa,  0.0 hi,  0.8 si,  0.1 st
%Cpu(s): 25.1 us,  6.6 sy,  0.0 ni, 67.2 id,  0.0 wa,  0.0 hi,  1.0 si,  0.0 st
%Cpu(s): 47.2 us,  6.4 sy,  0.0 ni, 45.0 id,  0.0 wa,  0.0 hi,  1.4 si,  0.0 st
%Cpu(s): 17.7 us,  6.2 sy,  0.0 ni, 75.3 id,  0.0 wa,  0.0 hi,  0.8 si,  0.0 st
%Cpu(s): 15.4 us,  6.8 sy,  0.0 ni, 77.0 id,  0.0 wa,  0.0 hi,  0.6 si,  0.1 st
%Cpu(s): 14.8 us,  5.7 sy,  0.0 ni, 79.0 id,  0.0 wa,  0.0 hi,  0.5 si,  0.0 st
%Cpu(s): 14.4 us,  7.2 sy,  0.0 ni, 77.6 id,  0.0 wa,  0.0 hi,  0.6 si,  0.1 st
%Cpu(s): 15.1 us,  5.5 sy,  0.0 ni, 78.8 id,  0.0 wa,  0.0 hi,  0.6 si,  0.0 st
%Cpu(s): 19.8 us,  5.2 sy,  0.0 ni, 74.3 id,  0.0 wa,  0.0 hi,  0.6 si,  0.0 st
%Cpu(s): 12.9 us,  5.4 sy,  0.0 ni, 80.7 id,  0.0 wa,  0.0 hi,  0.9 si,  0.0 st
%Cpu(s): 13.1 us,  5.5 sy,  0.0 ni, 80.8 id,  0.0 wa,  0.0 hi,  0.5 si,  0.0 st
%Cpu(s): 12.9 us,  7.1 sy,  0.0 ni, 79.3 id,  0.0 wa,  0.0 hi,  0.6 si,  0.0 st
%Cpu(s): 13.3 us,  5.9 sy,  0.0 ni, 79.9 id,  0.0 wa,  0.0 hi,  0.9 si,  0.0 st
%Cpu(s): 24.1 us,  7.3 sy,  0.0 ni, 67.6 id,  0.0 wa,  0.0 hi,  1.0 si,  0.0 st
%Cpu(s): 20.4 us,  6.1 sy,  0.0 ni, 72.6 id,  0.0 wa,  0.0 hi,  0.8 si,  0.1 st
%Cpu(s): 16.9 us,  6.8 sy,  0.0 ni, 75.9 id,  0.0 wa,  0.0 hi,  0.5 si,  0.0 st
%Cpu(s): 49.0 us,  5.6 sy,  0.0 ni, 44.1 id,  0.0 wa,  0.0 hi,  1.2 si,  0.1 st
%Cpu(s): 28.2 us,  6.8 sy,  0.0 ni, 64.1 id,  0.0 wa,  0.0 hi,  0.9 si,  0.0 st
%Cpu(s): 16.4 us,  6.5 sy,  0.0 ni, 76.0 id,  0.0 wa,  0.0 hi,  0.9 si,  0.1 st
%Cpu(s): 11.8 us,  6.0 sy,  0.0 ni, 81.6 id,  0.0 wa,  0.0 hi,  0.5 si,  0.0 st
%Cpu(s): 11.7 us,  6.3 sy,  0.0 ni, 81.4 id,  0.0 wa,  0.0 hi,  0.5 si,  0.0 st
%Cpu(s): 11.2 us,  5.4 sy,  0.0 ni, 82.4 id,  0.0 wa,  0.0 hi,  1.0 si,  0.0 st
%Cpu(s): 12.9 us,  5.9 sy,  0.0 ni, 80.4 id,  0.1 wa,  0.0 hi,  0.7 si,  0.0 st
%Cpu(s): 13.7 us,  6.7 sy,  0.0 ni, 78.9 id,  0.0 wa,  0.0 hi,  0.8 si,  0.0 st
%Cpu(s): 13.7 us,  5.6 sy,  0.0 ni, 80.1 id,  0.0 wa,  0.0 hi,  0.5 si,  0.1 st
%Cpu(s): 11.9 us,  5.4 sy,  0.0 ni, 81.6 id,  0.0 wa,  0.0 hi,  1.0 si,  0.0 st
%Cpu(s): 14.7 us,  6.0 sy,  0.0 ni, 78.1 id,  0.0 wa,  0.0 hi,  1.2 si,  0.0 st
%Cpu(s): 13.5 us,  7.5 sy,  0.0 ni, 78.3 id,  0.1 wa,  0.0 hi,  0.5 si,  0.0 st
%Cpu(s): 13.9 us,  5.7 sy,  0.0 ni, 79.4 id,  0.0 wa,  0.0 hi,  0.9 si,  0.1 st
%Cpu(s): 13.4 us,  6.0 sy,  0.0 ni, 79.9 id,  0.0 wa,  0.0 hi,  0.5 si,  0.1 st
%Cpu(s): 14.9 us,  6.4 sy,  0.0 ni, 78.1 id,  0.0 wa,  0.0 hi,  0.6 si,  0.0 st
%Cpu(s): 14.5 us,  6.0 sy,  0.0 ni, 79.1 id,  0.0 wa,  0.0 hi,  0.4 si,  0.0 st
%Cpu(s): 14.7 us,  5.7 sy,  0.0 ni, 78.8 id,  0.0 wa,  0.0 hi,  0.8 si,  0.0 st
%Cpu(s): 14.1 us,  6.5 sy,  0.0 ni, 78.5 id,  0.0 wa,  0.0 hi,  0.9 si,  0.0 st
%Cpu(s): 12.6 us,  6.2 sy,  0.0 ni, 80.3 id,  0.0 wa,  0.0 hi,  0.9 si,  0.0 st
%Cpu(s): 13.2 us,  7.2 sy,  0.0 ni, 79.0 id,  0.0 wa,  0.0 hi,  0.6 si,  0.0 st
%Cpu(s): 14.3 us,  6.2 sy,  0.0 ni, 79.0 id,  0.0 wa,  0.0 hi,  0.5 si,  0.0 st
%Cpu(s): 14.8 us,  7.0 sy,  0.0 ni, 77.4 id,  0.0 wa,  0.0 hi,  0.6 si,  0.1 st
%Cpu(s): 12.5 us,  6.4 sy,  0.0 ni, 80.2 id,  0.0 wa,  0.0 hi,  0.9 si,  0.0 st
%Cpu(s): 10.7 us,  3.6 sy,  0.0 ni, 85.3 id,  0.0 wa,  0.0 hi,  0.3 si,  0.1 st
%Cpu(s):  8.8 us,  3.0 sy,  0.0 ni, 88.0 id,  0.0 wa,  0.0 hi,  0.1 si,  0.1 st
%Cpu(s):  6.2 us,  2.0 sy,  0.0 ni, 91.8 id,  0.0 wa,  0.0 hi,  0.0 si,  0.0 st
%Cpu(s):  5.2 us,  2.6 sy,  0.0 ni, 91.9 id,  0.1 wa,  0.0 hi,  0.1 si,  0.0 st
%Cpu(s):  6.8 us,  2.4 sy,  0.0 ni, 90.5 id,  0.0 wa,  0.0 hi,  0.1 si,  0.1 st
%Cpu(s):  2.6 us,  3.1 sy,  0.0 ni, 94.0 id,  0.0 wa,  0.0 hi,  0.0 si,  0.2 st
%Cpu(s):  2.7 us,  2.6 sy,  0.0 ni, 94.6 id,  0.0 wa,  0.0 hi,  0.0 si,  0.0 st
%Cpu(s):  2.5 us,  2.4 sy,  0.0 ni, 95.0 id,  0.0 wa,  0.0 hi,  0.0 si,  0.1 st
%Cpu(s):  3.4 us,  2.4 sy,  0.0 ni, 94.3 id,  0.0 wa,  0.0 hi,  0.0 si,  0.0 st
%Cpu(s):  1.9 us,  1.1 sy,  0.0 ni, 96.9 id,  0.0 wa,  0.0 hi,  0.0 si,  0.1 st
%Cpu(s):  2.3 us,  0.8 sy,  0.0 ni, 96.9 id,  0.0 wa,  0.0 hi,  0.0 si,  0.1 st
%Cpu(s):  2.1 us,  1.3 sy,  0.0 ni, 96.4 id,  0.0 wa,  0.0 hi,  0.1 si,  0.1 st
%Cpu(s):  2.0 us,  1.0 sy,  0.0 ni, 96.8 id,  0.0 wa,  0.0 hi,  0.0 si,  0.1 st
%Cpu(s):  3.7 us,  2.0 sy,  0.0 ni, 94.3 id,  0.0 wa,  0.0 hi,  0.0 si,  0.0 st
%Cpu(s):  2.0 us,  2.7 sy,  0.0 ni, 95.0 id,  0.0 wa,  0.0 hi,  0.1 si,  0.1 st
%Cpu(s):  1.6 us,  1.6 sy,  0.0 ni, 96.8 id,  0.0 wa,  0.0 hi,  0.0 si,  0.0 st
%Cpu(s):  1.5 us,  3.4 sy,  0.0 ni, 95.1 id,  0.0 wa,  0.0 hi,  0.0 si,  0.0 st
%Cpu(s):  2.4 us,  2.7 sy,  0.0 ni, 94.7 id,  0.0 wa,  0.0 hi,  0.1 si,  0.1 st
%Cpu(s):  2.8 us,  2.8 sy,  0.0 ni, 94.2 id,  0.0 wa,  0.0 hi,  0.1 si,  0.1 st
