%Cpu(s):  2.0 us,  0.7 sy,  0.0 ni, 97.1 id,  0.2 wa,  0.0 hi,  0.0 si,  0.0 st
%Cpu(s): 26.1 us,  1.1 sy,  0.0 ni, 72.8 id,  0.0 wa,  0.0 hi,  0.0 si,  0.0 st
%Cpu(s): 26.8 us,  0.6 sy,  0.0 ni, 72.5 id,  0.0 wa,  0.0 hi,  0.0 si,  0.0 st
%Cpu(s): 28.2 us,  1.1 sy,  0.0 ni, 70.7 id,  0.0 wa,  0.0 hi,  0.0 si,  0.0 st
%Cpu(s): 22.5 us,  0.7 sy,  0.0 ni, 76.5 id,  0.2 wa,  0.0 hi,  0.0 si,  0.0 st
%Cpu(s): 29.6 us,  1.0 sy,  0.0 ni, 69.3 id,  0.1 wa,  0.0 hi,  0.0 si,  0.0 st
%Cpu(s): 35.5 us,  1.4 sy,  0.0 ni, 61.9 id,  1.1 wa,  0.0 hi,  0.0 si,  0.1 st
%Cpu(s):  9.7 us,  0.2 sy,  0.0 ni, 89.7 id,  0.4 wa,  0.0 hi,  0.0 si,  0.0 st
%Cpu(s):  0.4 us,  0.1 sy,  0.0 ni, 99.5 id,  0.0 wa,  0.0 hi,  0.0 si,  0.0 st
%Cpu(s):  0.0 us,  0.0 sy,  0.0 ni,100.0 id,  0.0 wa,  0.0 hi,  0.0 si,  0.0 st
%Cpu(s): 71.2 us,  5.0 sy,  0.0 ni, 23.4 id,  0.1 wa,  0.0 hi,  0.2 si,  0.0 st
%Cpu(s): 82.3 us,  2.8 sy,  0.0 ni, 14.8 id,  0.0 wa,  0.0 hi,  0.1 si,  0.0 st
%Cpu(s): 74.7 us,  2.5 sy,  0.0 ni, 22.8 id,  0.0 wa,  0.0 hi,  0.0 si,  0.0 st
%Cpu(s): 85.5 us,  2.1 sy,  0.0 ni, 12.3 id,  0.0 wa,  0.0 hi,  0.1 si,  0.0 st
%Cpu(s): 97.6 us,  1.9 sy,  0.0 ni,  0.5 id,  0.0 wa,  0.0 hi,  0.0 si,  0.0 st
%Cpu(s): 95.9 us,  2.7 sy,  0.0 ni,  1.4 id,  0.0 wa,  0.0 hi,  0.0 si,  0.0 st
%Cpu(s): 96.6 us,  2.5 sy,  0.0 ni,  0.7 id,  0.0 wa,  0.0 hi,  0.1 si,  0.0 st
%Cpu(s): 96.4 us,  2.7 sy,  0.0 ni,  0.7 id,  0.0 wa,  0.0 hi,  0.1 si,  0.0 st
%Cpu(s): 73.1 us,  2.2 sy,  0.0 ni, 24.3 id,  0.0 wa,  0.0 hi,  0.4 si,  0.0 st
%Cpu(s): 36.8 us,  1.2 sy,  0.0 ni, 61.8 id,  0.1 wa,  0.0 hi,  0.0 si,  0.0 st
%Cpu(s): 49.9 us,  1.5 sy,  0.0 ni, 48.6 id,  0.0 wa,  0.0 hi,  0.0 si,  0.0 st
%Cpu(s): 17.9 us,  1.9 sy,  0.0 ni, 80.1 id,  0.0 wa,  0.0 hi,  0.1 si,  0.0 st
%Cpu(s):  4.7 us,  0.7 sy,  0.0 ni, 94.5 id,  0.0 wa,  0.0 hi,  0.0 si,  0.0 st
%Cpu(s):  1.5 us,  2.0 sy,  0.0 ni, 96.5 id,  0.0 wa,  0.0 hi,  0.0 si,  0.0 st
%Cpu(s):  2.4 us,  1.6 sy,  0.0 ni, 95.9 id,  0.0 wa,  0.0 hi,  0.0 si,  0.1 st
%Cpu(s):  1.6 us,  1.4 sy,  0.0 ni, 97.0 id,  0.0 wa,  0.0 hi,  0.0 si,  0.0 st
%Cpu(s):  1.5 us,  1.4 sy,  0.0 ni, 97.1 id,  0.0 wa,  0.0 hi,  0.0 si,  0.0 st
%Cpu(s):  1.5 us,  0.9 sy,  0.0 ni, 97.6 id,  0.0 wa,  0.0 hi,  0.0 si,  0.0 st
%Cpu(s): 15.0 us,  1.6 sy,  0.0 ni, 82.9 id,  0.4 wa,  0.0 hi,  0.0 si,  0.1 st
%Cpu(s): 30.0 us,  1.9 sy,  0.0 ni, 67.7 id,  0.1 wa,  0.0 hi,  0.3 si,  0.0 st
%Cpu(s): 39.4 us,  3.1 sy,  0.0 ni, 57.2 id,  0.0 wa,  0.0 hi,  0.2 si,  0.0 st
%Cpu(s): 40.8 us,  1.8 sy,  0.0 ni, 57.1 id,  0.0 wa,  0.0 hi,  0.4 si,  0.0 st
%Cpu(s): 41.0 us,  2.3 sy,  0.0 ni, 56.6 id,  0.0 wa,  0.0 hi,  0.1 si,  0.0 st
%Cpu(s): 22.0 us,  1.9 sy,  0.0 ni, 76.1 id,  0.0 wa,  0.0 hi,  0.0 si,  0.0 st
%Cpu(s):  8.8 us,  1.9 sy,  0.0 ni, 89.3 id,  0.0 wa,  0.0 hi,  0.0 si,  0.0 st
%Cpu(s):  8.3 us,  2.1 sy,  0.0 ni, 89.4 id,  0.0 wa,  0.0 hi,  0.1 si,  0.0 st
%Cpu(s):  4.2 us,  2.3 sy,  0.0 ni, 93.4 id,  0.0 wa,  0.0 hi,  0.1 si,  0.0 st
%Cpu(s):  7.2 us,  2.0 sy,  0.0 ni, 90.7 id,  0.0 wa,  0.0 hi,  0.1 si,  0.0 st
%Cpu(s): 10.7 us,  2.1 sy,  0.0 ni, 87.1 id,  0.0 wa,  0.0 hi,  0.0 si,  0.0 st
%Cpu(s): 14.0 us,  2.4 sy,  0.0 ni, 83.5 id,  0.0 wa,  0.0 hi,  0.1 si,  0.0 st
%Cpu(s): 18.7 us,  2.1 sy,  0.0 ni, 79.2 id,  0.0 wa,  0.0 hi,  0.0 si,  0.0 st
%Cpu(s): 49.2 us,  3.6 sy,  0.0 ni, 46.6 id,  0.0 wa,  0.0 hi,  0.6 si,  0.0 st
%Cpu(s): 40.6 us,  5.6 sy,  0.0 ni, 52.9 id,  0.0 wa,  0.0 hi,  0.9 si,  0.0 st
%Cpu(s): 28.5 us,  3.4 sy,  0.0 ni, 67.8 id,  0.0 wa,  0.0 hi,  0.3 si,  0.0 st
%Cpu(s): 50.3 us,  3.9 sy,  0.0 ni, 44.9 id,  0.0 wa,  0.0 hi,  0.9 si,  0.0 st
%Cpu(s): 52.4 us,  5.3 sy,  0.0 ni, 40.9 id,  0.0 wa,  0.0 hi,  1.4 si,  0.0 st
%Cpu(s): 28.4 us,  4.9 sy,  0.0 ni, 66.0 id,  0.0 wa,  0.0 hi,  0.6 si,  0.0 st
%Cpu(s):  9.5 us,  3.4 sy,  0.0 ni, 86.6 id,  0.0 wa,  0.0 hi,  0.5 si,  0.0 st
%Cpu(s): 11.9 us,  3.8 sy,  0.0 ni, 83.7 id,  0.0 wa,  0.0 hi,  0.6 si,  0.0 st
%Cpu(s):  7.4 us,  4.1 sy,  0.0 ni, 87.8 id,  0.0 wa,  0.0 hi,  0.8 si,  0.0 st
%Cpu(s):  8.7 us,  4.3 sy,  0.0 ni, 86.6 id,  0.0 wa,  0.0 hi,  0.4 si,  0.0 st
%Cpu(s): 17.8 us,  4.1 sy,  0.0 ni, 77.5 id,  0.0 wa,  0.0 hi,  0.6 si,  0.0 st
%Cpu(s): 13.7 us,  4.0 sy,  0.0 ni, 81.6 id,  0.0 wa,  0.0 hi,  0.5 si,  0.1 st
%Cpu(s):  8.7 us,  3.5 sy,  0.0 ni, 86.9 id,  0.0 wa,  0.0 hi,  0.9 si,  0.0 st
%Cpu(s): 16.3 us,  3.8 sy,  0.0 ni, 78.7 id,  0.1 wa,  0.0 hi,  1.1 si,  0.0 st
%Cpu(s): 12.6 us,  5.5 sy,  0.0 ni, 81.2 id,  0.0 wa,  0.0 hi,  0.7 si,  0.0 st
%Cpu(s): 13.4 us,  4.0 sy,  0.0 ni, 81.8 id,  0.0 wa,  0.0 hi,  0.6 si,  0.1 st
%Cpu(s): 11.0 us,  4.4 sy,  0.0 ni, 84.2 id,  0.0 wa,  0.0 hi,  0.4 si,  0.0 st
%Cpu(s): 21.0 us,  4.4 sy,  0.0 ni, 73.5 id,  0.0 wa,  0.0 hi,  1.0 si,  0.1 st
%Cpu(s): 16.0 us,  3.9 sy,  0.0 ni, 79.3 id,  0.0 wa,  0.0 hi,  0.8 si,  0.0 st
%Cpu(s): 12.7 us,  3.6 sy,  0.0 ni, 81.6 id,  1.4 wa,  0.0 hi,  0.8 si,  0.0 st
%Cpu(s):  9.5 us,  3.7 sy,  0.0 ni, 86.3 id,  0.0 wa,  0.0 hi,  0.5 si,  0.0 st
%Cpu(s):  7.1 us,  4.7 sy,  0.0 ni, 87.6 id,  0.0 wa,  0.0 hi,  0.6 si,  0.0 st
%Cpu(s):  8.6 us,  3.7 sy,  0.0 ni, 87.2 id,  0.0 wa,  0.0 hi,  0.6 si,  0.0 st
%Cpu(s): 13.1 us,  4.0 sy,  0.0 ni, 82.3 id,  0.0 wa,  0.0 hi,  0.5 si,  0.0 st
%Cpu(s):  8.6 us,  4.0 sy,  0.0 ni, 86.5 id,  0.0 wa,  0.0 hi,  0.9 si,  0.0 st
%Cpu(s):  7.8 us,  4.0 sy,  0.0 ni, 87.6 id,  0.0 wa,  0.0 hi,  0.5 si,  0.0 st
%Cpu(s): 21.9 us,  4.4 sy,  0.0 ni, 72.9 id,  0.0 wa,  0.0 hi,  0.9 si,  0.0 st
%Cpu(s): 10.7 us,  4.0 sy,  0.0 ni, 84.1 id,  0.0 wa,  0.0 hi,  1.1 si,  0.0 st
%Cpu(s): 16.1 us,  3.7 sy,  0.0 ni, 79.2 id,  0.0 wa,  0.0 hi,  1.0 si,  0.0 st
%Cpu(s): 16.8 us,  3.1 sy,  0.0 ni, 79.7 id,  0.0 wa,  0.0 hi,  0.4 si,  0.0 st
%Cpu(s): 12.4 us,  3.4 sy,  0.0 ni, 83.7 id,  0.0 wa,  0.0 hi,  0.5 si,  0.0 st
%Cpu(s):  9.4 us,  3.3 sy,  0.0 ni, 86.6 id,  0.0 wa,  0.0 hi,  0.6 si,  0.0 st
%Cpu(s):  4.8 us,  2.8 sy,  0.0 ni, 92.3 id,  0.0 wa,  0.0 hi,  0.1 si,  0.0 st
%Cpu(s):  6.0 us,  2.8 sy,  0.0 ni, 91.0 id,  0.0 wa,  0.0 hi,  0.2 si,  0.0 st
%Cpu(s):  6.0 us,  1.5 sy,  0.0 ni, 92.2 id,  0.0 wa,  0.0 hi,  0.1 si,  0.1 st
%Cpu(s):  3.5 us,  2.3 sy,  0.0 ni, 94.0 id,  0.0 wa,  0.0 hi,  0.3 si,  0.0 st
%Cpu(s): 14.1 us,  2.6 sy,  0.0 ni, 83.0 id,  0.0 wa,  0.0 hi,  0.3 si,  0.0 st
