%Cpu(s):  1.0 us,  0.2 sy,  0.0 ni, 98.8 id,  0.0 wa,  0.0 hi,  0.0 si,  0.0 st
%Cpu(s):  3.9 us,  2.7 sy,  0.0 ni, 93.2 id,  0.0 wa,  0.0 hi,  0.0 si,  0.3 st
%Cpu(s):  2.8 us,  1.4 sy,  0.0 ni, 95.6 id,  0.0 wa,  0.0 hi,  0.0 si,  0.3 st
%Cpu(s):  1.9 us,  1.8 sy,  0.0 ni, 96.2 id,  0.0 wa,  0.0 hi,  0.1 si,  0.0 st
%Cpu(s):  2.3 us,  1.5 sy,  0.0 ni, 95.9 id,  0.0 wa,  0.0 hi,  0.0 si,  0.3 st
%Cpu(s): 11.2 us,  1.9 sy,  0.0 ni, 86.5 id,  0.1 wa,  0.0 hi,  0.0 si,  0.3 st
%Cpu(s): 71.3 us,  4.8 sy,  0.0 ni, 23.3 id,  0.0 wa,  0.0 hi,  0.6 si,  0.0 st
%Cpu(s): 88.3 us,  8.6 sy,  0.0 ni,  1.5 id,  0.0 wa,  0.0 hi,  1.6 si,  0.0 st
%Cpu(s): 90.3 us,  7.5 sy,  0.0 ni,  0.5 id,  0.0 wa,  0.0 hi,  1.7 si,  0.0 st
%Cpu(s): 89.4 us,  8.6 sy,  0.0 ni,  0.8 id,  0.0 wa,  0.0 hi,  1.2 si,  0.0 st
%Cpu(s): 90.9 us,  7.7 sy,  0.0 ni,  0.0 id,  0.0 wa,  0.0 hi,  1.4 si,  0.0 st
%Cpu(s): 90.4 us,  7.2 sy,  0.0 ni,  1.1 id,  0.0 wa,  0.0 hi,  1.2 si,  0.0 st
%Cpu(s): 80.8 us,  8.5 sy,  0.0 ni,  9.0 id,  0.0 wa,  0.0 hi,  1.7 si,  0.0 st
%Cpu(s): 51.9 us,  7.6 sy,  0.0 ni, 39.0 id,  0.0 wa,  0.0 hi,  1.5 si,  0.0 st
%Cpu(s): 39.6 us,  5.7 sy,  0.0 ni, 53.6 id,  0.0 wa,  0.0 hi,  1.1 si,  0.0 st
%Cpu(s): 42.7 us,  7.2 sy,  0.0 ni, 48.7 id,  0.0 wa,  0.0 hi,  1.4 si,  0.0 st
%Cpu(s): 41.0 us,  7.1 sy,  0.0 ni, 50.5 id,  0.0 wa,  0.0 hi,  1.3 si,  0.1 st
%Cpu(s): 26.7 us,  7.8 sy,  0.0 ni, 64.9 id,  0.0 wa,  0.0 hi,  0.5 si,  0.0 st
%Cpu(s): 38.8 us,  7.5 sy,  0.0 ni, 53.0 id,  0.0 wa,  0.0 hi,  0.7 si,  0.0 st
%Cpu(s): 26.1 us,  7.0 sy,  0.0 ni, 66.4 id,  0.0 wa,  0.0 hi,  0.5 si,  0.0 st
%Cpu(s): 20.6 us,  7.1 sy,  0.0 ni, 71.6 id,  0.0 wa,  0.0 hi,  0.6 si,  0.0 st
%Cpu(s): 11.3 us,  7.0 sy,  0.0 ni, 81.1 id,  0.0 wa,  0.0 hi,  0.4 si,  0.1 st
%Cpu(s): 20.3 us,  6.4 sy,  0.0 ni, 72.8 id,  0.0 wa,  0.0 hi,  0.5 si,  0.0 st
%Cpu(s): 15.9 us,  6.9 sy,  0.0 ni, 76.3 id,  0.0 wa,  0.0 hi,  1.0 si,  0.0 st
%Cpu(s): 17.6 us,  6.7 sy,  0.0 ni, 75.2 id,  0.0 wa,  0.0 hi,  0.5 si,  0.0 st
%Cpu(s): 24.6 us,  7.4 sy,  0.0 ni, 66.8 id,  0.1 wa,  0.0 hi,  0.9 si,  0.1 st
%Cpu(s): 17.4 us,  6.9 sy,  0.0 ni, 75.1 id,  0.0 wa,  0.0 hi,  0.6 si,  0.0 st
%Cpu(s): 17.9 us,  7.0 sy,  0.0 ni, 73.3 id,  0.0 wa,  0.0 hi,  1.8 si,  0.0 st
%Cpu(s): 14.0 us,  6.9 sy,  0.0 ni, 78.3 id,  0.0 wa,  0.0 hi,  0.9 si,  0.0 st
%Cpu(s): 12.6 us,  6.4 sy,  0.0 ni, 80.3 id,  0.0 wa,  0.0 hi,  0.8 si,  0.0 st
%Cpu(s): 13.7 us,  6.5 sy,  0.0 ni, 79.2 id,  0.0 wa,  0.0 hi,  0.6 si,  0.0 st
%Cpu(s): 12.8 us,  7.3 sy,  0.0 ni, 79.6 id,  0.0 wa,  0.0 hi,  0.4 si,  0.0 st
%Cpu(s): 16.1 us,  6.6 sy,  0.0 ni, 75.9 id,  0.0 wa,  0.0 hi,  1.3 si,  0.1 st
%Cpu(s): 13.1 us,  8.2 sy,  0.0 ni, 77.8 id,  0.0 wa,  0.0 hi,  0.9 si,  0.0 st
%Cpu(s): 15.7 us,  7.3 sy,  0.0 ni, 76.3 id,  0.0 wa,  0.0 hi,  0.6 si,  0.0 st
%Cpu(s): 12.3 us,  7.5 sy,  0.0 ni, 79.4 id,  0.0 wa,  0.0 hi,  0.8 si,  0.0 st
%Cpu(s): 24.3 us,  5.4 sy,  0.0 ni, 69.6 id,  0.0 wa,  0.0 hi,  0.6 si,  0.0 st
%Cpu(s): 20.9 us,  8.0 sy,  0.0 ni, 69.8 id,  0.0 wa,  0.0 hi,  1.4 si,  0.0 st
%Cpu(s): 19.2 us,  7.8 sy,  0.0 ni, 72.3 id,  0.0 wa,  0.0 hi,  0.6 si,  0.1 st
%Cpu(s): 36.3 us,  7.4 sy,  0.0 ni, 55.6 id,  0.0 wa,  0.0 hi,  0.6 si,  0.0 st
%Cpu(s): 45.3 us,  7.6 sy,  0.0 ni, 45.6 id,  0.0 wa,  0.0 hi,  1.4 si,  0.1 st
%Cpu(s): 30.0 us,  9.1 sy,  0.0 ni, 60.3 id,  0.0 wa,  0.0 hi,  0.6 si,  0.0 st
%Cpu(s): 12.1 us,  6.8 sy,  0.0 ni, 79.9 id,  0.0 wa,  0.0 hi,  1.2 si,  0.0 st
%Cpu(s): 15.5 us,  8.0 sy,  0.0 ni, 76.0 id,  0.0 wa,  0.0 hi,  0.5 si,  0.0 st
%Cpu(s): 10.8 us,  7.0 sy,  0.0 ni, 81.8 id,  0.0 wa,  0.0 hi,  0.4 si,  0.0 st
%Cpu(s): 12.7 us,  8.0 sy,  0.0 ni, 78.8 id,  0.0 wa,  0.0 hi,  0.5 si,  0.0 st
%Cpu(s): 12.8 us,  7.4 sy,  0.0 ni, 79.2 id,  0.0 wa,  0.0 hi,  0.5 si,  0.0 st
%Cpu(s): 12.9 us,  6.7 sy,  0.0 ni, 79.5 id,  0.0 wa,  0.0 hi,  0.9 si,  0.0 st
%Cpu(s): 13.3 us,  7.4 sy,  0.0 ni, 78.1 id,  0.0 wa,  0.0 hi,  1.0 si,  0.1 st
%Cpu(s): 13.7 us,  6.4 sy,  0.0 ni, 79.0 id,  0.0 wa,  0.0 hi,  0.9 si,  0.0 st
%Cpu(s): 14.5 us,  7.4 sy,  0.0 ni, 77.1 id,  0.0 wa,  0.0 hi,  1.0 si,  0.0 st
%Cpu(s): 12.5 us,  6.6 sy,  0.0 ni, 80.2 id,  0.0 wa,  0.0 hi,  0.8 si,  0.0 st
%Cpu(s): 12.9 us,  7.3 sy,  0.0 ni, 78.8 id,  0.0 wa,  0.0 hi,  1.0 si,  0.0 st
%Cpu(s): 13.0 us,  6.2 sy,  0.0 ni, 80.4 id,  0.0 wa,  0.0 hi,  0.4 si,  0.0 st
%Cpu(s): 12.3 us,  7.5 sy,  0.0 ni, 79.2 id,  0.0 wa,  0.0 hi,  0.8 si,  0.1 st
%Cpu(s): 15.0 us,  6.8 sy,  0.0 ni, 77.8 id,  0.0 wa,  0.0 hi,  0.5 si,  0.0 st
%Cpu(s): 15.3 us,  6.9 sy,  0.0 ni, 77.1 id,  0.0 wa,  0.0 hi,  0.8 si,  0.0 st
%Cpu(s): 15.1 us,  5.8 sy,  0.0 ni, 78.8 id,  0.0 wa,  0.0 hi,  0.4 si,  0.0 st
%Cpu(s): 13.8 us,  8.5 sy,  0.0 ni, 77.0 id,  0.0 wa,  0.0 hi,  0.6 si,  0.1 st
%Cpu(s): 15.5 us,  6.9 sy,  0.0 ni, 76.7 id,  0.0 wa,  0.0 hi,  0.9 si,  0.0 st
%Cpu(s): 12.0 us,  6.5 sy,  0.0 ni, 80.4 id,  0.0 wa,  0.0 hi,  0.9 si,  0.1 st
%Cpu(s):  8.3 us,  5.7 sy,  0.0 ni, 85.1 id,  0.0 wa,  0.0 hi,  0.9 si,  0.0 st
%Cpu(s):  4.3 us,  3.3 sy,  0.0 ni, 92.2 id,  0.0 wa,  0.0 hi,  0.1 si,  0.0 st
%Cpu(s):  2.7 us,  2.4 sy,  0.0 ni, 94.9 id,  0.0 wa,  0.0 hi,  0.0 si,  0.0 st
%Cpu(s):  2.9 us,  2.9 sy,  0.0 ni, 94.0 id,  0.0 wa,  0.0 hi,  0.0 si,  0.3 st
%Cpu(s):  3.3 us,  2.5 sy,  0.0 ni, 93.9 id,  0.0 wa,  0.0 hi,  0.0 si,  0.3 st
%Cpu(s):  8.1 us,  2.1 sy,  0.0 ni, 89.6 id,  0.0 wa,  0.0 hi,  0.0 si,  0.1 st
%Cpu(s):  4.6 us,  3.2 sy,  0.0 ni, 92.0 id,  0.0 wa,  0.0 hi,  0.1 si,  0.1 st
%Cpu(s):  5.3 us,  2.5 sy,  0.0 ni, 92.1 id,  0.0 wa,  0.0 hi,  0.0 si,  0.1 st
%Cpu(s):  2.5 us,  2.3 sy,  0.0 ni, 94.9 id,  0.0 wa,  0.0 hi,  0.0 si,  0.3 st
%Cpu(s):  3.9 us,  3.0 sy,  0.0 ni, 92.8 id,  0.0 wa,  0.0 hi,  0.1 si,  0.1 st
%Cpu(s):  2.9 us,  3.0 sy,  0.0 ni, 93.9 id,  0.0 wa,  0.0 hi,  0.0 si,  0.2 st
%Cpu(s):  4.2 us,  3.5 sy,  0.0 ni, 92.0 id,  0.0 wa,  0.0 hi,  0.1 si,  0.1 st
