%Cpu(s):  1.7 us,  0.2 sy,  0.0 ni, 98.1 id,  0.0 wa,  0.0 hi,  0.0 si,  0.0 st
%Cpu(s): 14.7 us,  0.7 sy,  0.0 ni, 84.3 id,  0.0 wa,  0.0 hi,  0.2 si,  0.0 st
%Cpu(s):  3.5 us,  1.4 sy,  0.0 ni, 95.1 id,  0.0 wa,  0.0 hi,  0.0 si,  0.0 st
%Cpu(s):  3.8 us,  1.1 sy,  0.0 ni, 95.1 id,  0.0 wa,  0.0 hi,  0.0 si,  0.0 st
%Cpu(s):  9.2 us,  1.5 sy,  0.0 ni, 88.7 id,  0.0 wa,  0.0 hi,  0.1 si,  0.4 st
%Cpu(s): 91.4 us,  6.1 sy,  0.0 ni,  1.6 id,  0.0 wa,  0.0 hi,  0.9 si,  0.0 st
%Cpu(s): 88.7 us,  9.2 sy,  0.0 ni,  0.0 id,  0.0 wa,  0.0 hi,  2.1 si,  0.0 st
%Cpu(s): 86.7 us,  9.7 sy,  0.0 ni,  0.4 id,  0.0 wa,  0.0 hi,  3.1 si,  0.1 st
%Cpu(s): 87.1 us, 10.2 sy,  0.0 ni,  0.1 id,  0.0 wa,  0.0 hi,  2.6 si,  0.0 st
%Cpu(s): 86.2 us, 10.2 sy,  0.0 ni,  0.2 id,  0.0 wa,  0.0 hi,  3.4 si,  0.0 st
%Cpu(s): 86.4 us, 11.0 sy,  0.0 ni,  0.0 id,  0.0 wa,  0.0 hi,  2.5 si,  0.1 st
%Cpu(s): 89.5 us,  7.8 sy,  0.0 ni,  0.4 id,  0.0 wa,  0.0 hi,  2.4 si,  0.0 st
%Cpu(s): 85.9 us, 11.0 sy,  0.0 ni,  0.1 id,  0.0 wa,  0.0 hi,  3.0 si,  0.0 st
%Cpu(s): 87.1 us, 10.5 sy,  0.0 ni,  0.0 id,  0.0 wa,  0.0 hi,  2.4 si,  0.0 st
%Cpu(s): 89.6 us,  7.7 sy,  0.0 ni,  0.5 id,  0.0 wa,  0.0 hi,  2.0 si,  0.2 st
%Cpu(s): 86.2 us, 10.3 sy,  0.0 ni,  0.6 id,  0.0 wa,  0.0 hi,  2.9 si,  0.0 st
%Cpu(s): 85.3 us, 11.7 sy,  0.0 ni,  0.5 id,  0.0 wa,  0.0 hi,  2.5 si,  0.0 st
%Cpu(s): 85.6 us, 10.7 sy,  0.0 ni,  1.4 id,  0.0 wa,  0.0 hi,  2.4 si,  0.0 st
%Cpu(s): 87.7 us,  9.5 sy,  0.0 ni,  0.0 id,  0.0 wa,  0.0 hi,  2.9 si,  0.0 st
%Cpu(s): 88.1 us,  7.7 sy,  0.0 ni,  2.0 id,  0.0 wa,  0.0 hi,  2.2 si,  0.0 st
%Cpu(s): 87.5 us,  8.0 sy,  0.0 ni,  2.8 id,  0.0 wa,  0.0 hi,  1.6 si,  0.1 st
%Cpu(s): 87.7 us,  9.2 sy,  0.0 ni,  1.1 id,  0.0 wa,  0.0 hi,  2.0 si,  0.0 st
%Cpu(s): 79.9 us, 10.2 sy,  0.0 ni,  7.6 id,  0.0 wa,  0.0 hi,  2.2 si,  0.0 st
%Cpu(s): 66.5 us,  8.6 sy,  0.0 ni, 22.2 id,  0.0 wa,  0.0 hi,  2.5 si,  0.1 st
%Cpu(s): 52.2 us,  8.0 sy,  0.0 ni, 37.8 id,  0.0 wa,  0.0 hi,  2.0 si,  0.0 st
%Cpu(s): 39.1 us,  7.3 sy,  0.0 ni, 51.4 id,  0.0 wa,  0.0 hi,  1.9 si,  0.3 st
%Cpu(s): 44.9 us,  7.8 sy,  0.0 ni, 45.8 id,  0.0 wa,  0.0 hi,  1.6 si,  0.0 st
%Cpu(s): 61.3 us,  9.0 sy,  0.0 ni, 27.8 id,  0.1 wa,  0.0 hi,  1.8 si,  0.0 st
%Cpu(s): 59.3 us,  8.3 sy,  0.0 ni, 29.2 id,  0.0 wa,  0.0 hi,  2.9 si,  0.3 st
%Cpu(s): 64.3 us,  7.5 sy,  0.0 ni, 26.1 id,  0.0 wa,  0.0 hi,  2.2 si,  0.0 st
%Cpu(s): 73.4 us,  7.4 sy,  0.0 ni, 16.2 id,  0.0 wa,  0.0 hi,  3.0 si,  0.0 st
%Cpu(s): 70.7 us,  6.8 sy,  0.0 ni, 20.3 id,  0.0 wa,  0.0 hi,  2.1 si,  0.1 st
%Cpu(s): 41.8 us,  8.6 sy,  0.0 ni, 48.2 id,  0.0 wa,  0.0 hi,  1.3 si,  0.1 st
%Cpu(s): 67.0 us, 10.2 sy,  0.0 ni, 20.6 id,  0.0 wa,  0.0 hi,  2.3 si,  0.0 st
%Cpu(s): 76.8 us, 10.3 sy,  0.0 ni,  9.4 id,  0.0 wa,  0.0 hi,  3.4 si,  0.1 st
%Cpu(s): 79.5 us,  8.4 sy,  0.0 ni,  9.8 id,  0.0 wa,  0.0 hi,  2.3 si,  0.0 st
%Cpu(s): 69.6 us,  8.8 sy,  0.0 ni, 19.1 id,  0.0 wa,  0.0 hi,  2.4 si,  0.1 st
%Cpu(s): 53.5 us,  7.1 sy,  0.0 ni, 37.5 id,  0.0 wa,  0.0 hi,  1.9 si,  0.0 st
%Cpu(s): 49.7 us,  8.3 sy,  0.0 ni, 39.5 id,  0.0 wa,  0.0 hi,  2.6 si,  0.0 st
%Cpu(s): 33.0 us,  8.6 sy,  0.0 ni, 55.3 id,  0.0 wa,  0.0 hi,  3.0 si,  0.1 st
%Cpu(s): 34.4 us,  8.0 sy,  0.0 ni, 54.7 id,  0.0 wa,  0.0 hi,  2.7 si,  0.3 st
%Cpu(s): 40.3 us,  8.4 sy,  0.0 ni, 50.3 id,  0.0 wa,  0.0 hi,  1.0 si,  0.0 st
%Cpu(s): 47.9 us,  8.3 sy,  0.0 ni, 42.7 id,  0.0 wa,  0.0 hi,  1.0 si,  0.1 st
%Cpu(s): 40.1 us,  8.4 sy,  0.0 ni, 50.6 id,  0.0 wa,  0.0 hi,  0.8 si,  0.1 st
%Cpu(s): 62.3 us,  6.4 sy,  0.0 ni, 28.8 id,  0.0 wa,  0.0 hi,  2.4 si,  0.1 st
%Cpu(s): 43.5 us,  8.7 sy,  0.0 ni, 46.4 id,  0.0 wa,  0.0 hi,  1.4 si,  0.0 st
%Cpu(s): 42.9 us,  9.2 sy,  0.0 ni, 46.3 id,  0.0 wa,  0.0 hi,  1.5 si,  0.1 st
%Cpu(s): 39.6 us,  9.3 sy,  0.0 ni, 49.2 id,  0.0 wa,  0.0 hi,  1.9 si,  0.0 st
%Cpu(s): 57.1 us,  8.5 sy,  0.0 ni, 32.8 id,  0.0 wa,  0.0 hi,  1.5 si,  0.1 st
%Cpu(s): 37.3 us,  8.9 sy,  0.0 ni, 51.4 id,  0.0 wa,  0.0 hi,  2.4 si,  0.0 st
%Cpu(s): 35.2 us,  9.2 sy,  0.0 ni, 54.3 id,  0.0 wa,  0.0 hi,  1.3 si,  0.0 st
%Cpu(s): 37.0 us,  7.4 sy,  0.0 ni, 54.0 id,  0.0 wa,  0.0 hi,  1.3 si,  0.3 st
%Cpu(s): 37.0 us,  7.8 sy,  0.0 ni, 53.3 id,  0.0 wa,  0.0 hi,  2.0 si,  0.0 st
%Cpu(s): 47.2 us,  8.5 sy,  0.0 ni, 42.4 id,  0.0 wa,  0.0 hi,  1.9 si,  0.0 st
%Cpu(s): 31.6 us,  9.1 sy,  0.0 ni, 56.3 id,  0.0 wa,  0.0 hi,  2.7 si,  0.3 st
%Cpu(s): 39.2 us,  8.9 sy,  0.0 ni, 50.3 id,  0.0 wa,  0.0 hi,  1.6 si,  0.0 st
%Cpu(s): 35.4 us,  7.9 sy,  0.0 ni, 55.4 id,  0.0 wa,  0.0 hi,  1.2 si,  0.1 st
%Cpu(s): 36.7 us,  8.9 sy,  0.0 ni, 53.1 id,  0.0 wa,  0.0 hi,  1.3 si,  0.0 st
%Cpu(s): 34.8 us,  8.3 sy,  0.0 ni, 56.1 id,  0.0 wa,  0.0 hi,  0.5 si,  0.3 st
%Cpu(s): 62.2 us,  7.8 sy,  0.0 ni, 27.8 id,  0.0 wa,  0.0 hi,  2.3 si,  0.0 st
%Cpu(s): 73.6 us,  9.6 sy,  0.0 ni, 14.0 id,  0.0 wa,  0.0 hi,  2.8 si,  0.0 st
%Cpu(s): 85.7 us, 10.7 sy,  0.0 ni,  0.1 id,  0.0 wa,  0.0 hi,  3.4 si,  0.1 st
%Cpu(s): 69.2 us,  8.5 sy,  0.0 ni, 20.2 id,  0.0 wa,  0.0 hi,  2.1 si,  0.0 st
%Cpu(s): 18.1 us,  3.3 sy,  0.0 ni, 76.7 id,  0.0 wa,  0.0 hi,  1.5 si,  0.4 st
%Cpu(s):  1.4 us,  0.9 sy,  0.0 ni, 97.7 id,  0.0 wa,  0.0 hi,  0.0 si,  0.0 st
%Cpu(s):  1.9 us,  1.0 sy,  0.0 ni, 97.0 id,  0.0 wa,  0.0 hi,  0.0 si,  0.1 st
%Cpu(s):  2.4 us,  1.2 sy,  0.0 ni, 96.4 id,  0.0 wa,  0.0 hi,  0.0 si,  0.0 st
%Cpu(s):  1.9 us,  1.1 sy,  0.0 ni, 97.0 id,  0.0 wa,  0.0 hi,  0.0 si,  0.0 st
%Cpu(s):  2.6 us,  1.1 sy,  0.0 ni, 96.2 id,  0.0 wa,  0.0 hi,  0.0 si,  0.0 st
%Cpu(s):  2.8 us,  0.9 sy,  0.0 ni, 96.4 id,  0.0 wa,  0.0 hi,  0.0 si,  0.0 st
%Cpu(s):  2.4 us,  1.1 sy,  0.0 ni, 96.5 id,  0.0 wa,  0.0 hi,  0.0 si,  0.0 st
%Cpu(s):  0.6 us,  0.6 sy,  0.0 ni, 98.6 id,  0.1 wa,  0.0 hi,  0.0 si,  0.0 st
%Cpu(s):  2.2 us,  0.9 sy,  0.0 ni, 96.6 id,  0.0 wa,  0.0 hi,  0.1 si,  0.1 st
%Cpu(s):  2.0 us,  1.2 sy,  0.0 ni, 96.8 id,  0.0 wa,  0.0 hi,  0.0 si,  0.0 st
%Cpu(s):  2.5 us,  1.6 sy,  0.0 ni, 95.9 id,  0.0 wa,  0.0 hi,  0.0 si,  0.0 st
