%Cpu(s):  1.7 us,  0.3 sy,  0.0 ni, 97.9 id,  0.0 wa,  0.0 hi,  0.0 si,  0.0 st
%Cpu(s): 17.6 us,  3.3 sy,  0.0 ni, 78.8 id,  0.0 wa,  0.0 hi,  0.1 si,  0.1 st
%Cpu(s): 85.5 us,  4.8 sy,  0.0 ni,  9.7 id,  0.0 wa,  0.0 hi,  0.0 si,  0.0 st
%Cpu(s): 74.1 us,  3.1 sy,  0.0 ni, 22.7 id,  0.0 wa,  0.0 hi,  0.0 si,  0.0 st
%Cpu(s): 96.1 us,  2.5 sy,  0.0 ni,  1.4 id,  0.0 wa,  0.0 hi,  0.0 si,  0.0 st
%Cpu(s): 96.1 us,  2.7 sy,  0.0 ni,  1.1 id,  0.0 wa,  0.0 hi,  0.0 si,  0.0 st
%Cpu(s): 93.4 us,  2.1 sy,  0.0 ni,  4.4 id,  0.0 wa,  0.0 hi,  0.1 si,  0.0 st
%Cpu(s): 17.8 us,  1.6 sy,  0.0 ni, 80.2 id,  0.0 wa,  0.0 hi,  0.1 si,  0.3 st
%Cpu(s):  8.2 us,  2.8 sy,  0.0 ni, 88.9 id,  0.0 wa,  0.0 hi,  0.0 si,  0.1 st
%Cpu(s):  6.1 us,  3.0 sy,  0.0 ni, 90.3 id,  0.1 wa,  0.0 hi,  0.2 si,  0.2 st
%Cpu(s):  4.2 us,  2.3 sy,  0.0 ni, 93.5 id,  0.0 wa,  0.0 hi,  0.0 si,  0.1 st
%Cpu(s): 17.6 us,  2.9 sy,  0.0 ni, 79.0 id,  0.0 wa,  0.0 hi,  0.3 si,  0.3 st
%Cpu(s): 12.5 us,  2.4 sy,  0.0 ni, 84.9 id,  0.0 wa,  0.0 hi,  0.0 si,  0.3 st
%Cpu(s):  6.2 us,  3.3 sy,  0.0 ni, 90.1 id,  0.0 wa,  0.0 hi,  0.1 si,  0.3 st
%Cpu(s): 13.6 us,  3.9 sy,  0.0 ni, 82.1 id,  0.1 wa,  0.0 hi,  0.1 si,  0.1 st
%Cpu(s):  5.3 us,  4.1 sy,  0.0 ni, 90.5 id,  0.0 wa,  0.0 hi,  0.0 si,  0.1 st
%Cpu(s): 18.4 us,  4.2 sy,  0.0 ni, 77.0 id,  0.0 wa,  0.0 hi,  0.4 si,  0.0 st
%Cpu(s): 87.5 us,  6.6 sy,  0.0 ni,  4.4 id,  0.0 wa,  0.0 hi,  1.5 si,  0.0 st
%Cpu(s): 88.1 us,  8.3 sy,  0.0 ni,  2.4 id,  0.0 wa,  0.0 hi,  1.3 si,  0.0 st
%Cpu(s): 78.6 us,  8.1 sy,  0.0 ni, 11.7 id,  0.0 wa,  0.0 hi,  1.6 si,  0.0 st
%Cpu(s): 80.0 us,  7.2 sy,  0.0 ni, 10.7 id,  0.0 wa,  0.0 hi,  2.0 si,  0.0 st
%Cpu(s): 88.6 us,  8.6 sy,  0.0 ni,  1.4 id,  0.0 wa,  0.0 hi,  1.4 si,  0.0 st
%Cpu(s): 83.3 us,  6.1 sy,  0.0 ni,  8.6 id,  0.0 wa,  0.0 hi,  1.9 si,  0.0 st
%Cpu(s): 53.6 us,  6.9 sy,  0.0 ni, 37.7 id,  0.0 wa,  0.0 hi,  1.8 si,  0.0 st
%Cpu(s): 48.2 us,  7.6 sy,  0.0 ni, 41.8 id,  0.0 wa,  0.0 hi,  2.4 si,  0.0 st
%Cpu(s): 26.1 us,  5.9 sy,  0.0 ni, 66.8 id,  0.0 wa,  0.0 hi,  1.3 si,  0.0 st
%Cpu(s): 30.2 us,  6.3 sy,  0.0 ni, 61.8 id,  0.0 wa,  0.0 hi,  1.6 si,  0.0 st
%Cpu(s): 16.6 us,  6.2 sy,  0.0 ni, 75.9 id,  0.0 wa,  0.0 hi,  1.3 si,  0.0 st
%Cpu(s): 11.1 us,  7.1 sy,  0.0 ni, 80.2 id,  0.0 wa,  0.0 hi,  1.5 si,  0.1 st
%Cpu(s): 12.3 us,  6.7 sy,  0.0 ni, 79.3 id,  0.0 wa,  0.0 hi,  1.7 si,  0.0 st
%Cpu(s): 18.4 us,  7.3 sy,  0.0 ni, 73.0 id,  0.0 wa,  0.0 hi,  1.3 si,  0.0 st
%Cpu(s): 11.9 us,  7.0 sy,  0.0 ni, 79.4 id,  0.0 wa,  0.0 hi,  1.6 si,  0.0 st
%Cpu(s): 37.1 us,  6.2 sy,  0.0 ni, 54.6 id,  0.0 wa,  0.0 hi,  2.0 si,  0.0 st
%Cpu(s): 57.0 us,  7.9 sy,  0.0 ni, 33.1 id,  0.0 wa,  0.0 hi,  2.0 si,  0.0 st
%Cpu(s): 14.4 us,  6.1 sy,  0.0 ni, 77.9 id,  0.0 wa,  0.0 hi,  1.4 si,  0.1 st
%Cpu(s): 13.2 us,  7.8 sy,  0.0 ni, 76.8 id,  0.0 wa,  0.0 hi,  2.1 si,  0.0 st
%Cpu(s): 10.1 us,  7.3 sy,  0.0 ni, 80.9 id,  0.0 wa,  0.0 hi,  1.8 si,  0.0 st
%Cpu(s): 10.1 us,  7.0 sy,  0.0 ni, 81.5 id,  0.0 wa,  0.0 hi,  1.4 si,  0.0 st
%Cpu(s):  9.5 us,  6.7 sy,  0.0 ni, 82.4 id,  0.0 wa,  0.0 hi,  1.4 si,  0.0 st
%Cpu(s):  9.5 us,  6.9 sy,  0.0 ni, 81.9 id,  0.0 wa,  0.0 hi,  1.7 si,  0.1 st
%Cpu(s): 10.5 us,  6.1 sy,  0.0 ni, 81.9 id,  0.0 wa,  0.0 hi,  1.5 si,  0.0 st
%Cpu(s): 11.2 us,  6.6 sy,  0.0 ni, 80.3 id,  0.0 wa,  0.0 hi,  1.9 si,  0.0 st
%Cpu(s):  8.5 us,  7.4 sy,  0.0 ni, 82.4 id,  0.0 wa,  0.0 hi,  1.8 si,  0.0 st
%Cpu(s):  8.4 us,  5.7 sy,  0.0 ni, 83.7 id,  0.0 wa,  0.0 hi,  2.2 si,  0.0 st
%Cpu(s): 10.6 us,  6.9 sy,  0.0 ni, 81.2 id,  0.0 wa,  0.0 hi,  1.3 si,  0.0 st
%Cpu(s): 10.4 us,  6.2 sy,  0.0 ni, 82.0 id,  0.0 wa,  0.0 hi,  1.4 si,  0.0 st
%Cpu(s): 10.6 us,  7.2 sy,  0.0 ni, 80.3 id,  0.0 wa,  0.0 hi,  1.8 si,  0.1 st
%Cpu(s): 26.0 us,  6.2 sy,  0.0 ni, 66.4 id,  0.0 wa,  0.0 hi,  1.4 si,  0.0 st
%Cpu(s): 21.6 us,  7.7 sy,  0.0 ni, 69.0 id,  0.0 wa,  0.0 hi,  1.6 si,  0.0 st
%Cpu(s): 12.8 us,  7.6 sy,  0.0 ni, 77.7 id,  0.1 wa,  0.0 hi,  1.6 si,  0.1 st
%Cpu(s): 11.7 us,  6.6 sy,  0.0 ni, 79.8 id,  0.0 wa,  0.0 hi,  1.8 si,  0.0 st
%Cpu(s): 18.7 us,  5.9 sy,  0.0 ni, 73.6 id,  0.0 wa,  0.0 hi,  1.8 si,  0.0 st
%Cpu(s): 16.8 us,  7.8 sy,  0.0 ni, 74.2 id,  0.0 wa,  0.0 hi,  1.2 si,  0.0 st
%Cpu(s): 10.9 us,  7.2 sy,  0.0 ni, 80.4 id,  0.0 wa,  0.0 hi,  1.5 si,  0.0 st
%Cpu(s):  9.3 us,  6.3 sy,  0.0 ni, 83.0 id,  0.0 wa,  0.0 hi,  1.4 si,  0.0 st
%Cpu(s): 11.5 us,  6.9 sy,  0.0 ni, 79.7 id,  0.0 wa,  0.0 hi,  1.8 si,  0.1 st
%Cpu(s): 10.5 us,  6.6 sy,  0.0 ni, 81.6 id,  0.0 wa,  0.0 hi,  1.3 si,  0.0 st
%Cpu(s):  9.6 us,  6.9 sy,  0.0 ni, 81.7 id,  0.0 wa,  0.0 hi,  1.8 si,  0.0 st
%Cpu(s): 10.9 us,  6.8 sy,  0.0 ni, 80.6 id,  0.0 wa,  0.0 hi,  1.6 si,  0.0 st
%Cpu(s): 10.1 us,  7.5 sy,  0.0 ni, 80.9 id,  0.0 wa,  0.0 hi,  1.4 si,  0.0 st
%Cpu(s): 11.5 us,  6.8 sy,  0.0 ni, 80.3 id,  0.0 wa,  0.0 hi,  1.4 si,  0.0 st
%Cpu(s): 10.1 us,  7.4 sy,  0.0 ni, 80.9 id,  0.0 wa,  0.0 hi,  1.5 si,  0.0 st
%Cpu(s): 11.1 us,  6.9 sy,  0.0 ni, 80.3 id,  0.0 wa,  0.0 hi,  1.5 si,  0.1 st
%Cpu(s): 11.4 us,  7.1 sy,  0.0 ni, 80.3 id,  0.0 wa,  0.0 hi,  1.3 si,  0.0 st
%Cpu(s): 11.1 us,  7.1 sy,  0.0 ni, 79.7 id,  0.0 wa,  0.0 hi,  2.1 si,  0.0 st
%Cpu(s): 11.8 us,  7.0 sy,  0.0 ni, 79.6 id,  0.0 wa,  0.0 hi,  1.5 si,  0.0 st
%Cpu(s): 12.7 us,  6.7 sy,  0.0 ni, 79.2 id,  0.0 wa,  0.0 hi,  1.4 si,  0.0 st
%Cpu(s): 11.3 us,  6.7 sy,  0.0 ni, 80.2 id,  0.0 wa,  0.0 hi,  1.6 si,  0.1 st
%Cpu(s): 10.2 us,  6.6 sy,  0.0 ni, 81.5 id,  0.0 wa,  0.0 hi,  1.7 si,  0.0 st
%Cpu(s): 11.5 us,  7.5 sy,  0.0 ni, 78.7 id,  0.1 wa,  0.0 hi,  2.2 si,  0.0 st
%Cpu(s): 11.0 us,  6.9 sy,  0.0 ni, 80.9 id,  0.0 wa,  0.0 hi,  1.2 si,  0.0 st
%Cpu(s): 11.8 us,  7.4 sy,  0.0 ni, 79.3 id,  0.0 wa,  0.0 hi,  1.5 si,  0.0 st
