%Cpu(s):  1.0 us,  0.2 sy,  0.0 ni, 98.8 id,  0.0 wa,  0.0 hi,  0.0 si,  0.0 st
%Cpu(s):  3.6 us,  2.5 sy,  0.0 ni, 93.5 id,  0.0 wa,  0.0 hi,  0.1 si,  0.2 st
%Cpu(s):  3.3 us,  2.6 sy,  0.0 ni, 93.8 id,  0.0 wa,  0.0 hi,  0.0 si,  0.3 st
%Cpu(s):  2.0 us,  3.4 sy,  0.0 ni, 94.6 id,  0.0 wa,  0.0 hi,  0.0 si,  0.0 st
%Cpu(s):  2.5 us,  2.8 sy,  0.0 ni, 94.4 id,  0.0 wa,  0.0 hi,  0.0 si,  0.3 st
%Cpu(s): 11.5 us,  2.1 sy,  0.0 ni, 86.0 id,  0.0 wa,  0.0 hi,  0.1 si,  0.3 st
%Cpu(s): 64.9 us,  4.6 sy,  0.0 ni, 29.6 id,  0.0 wa,  0.0 hi,  0.8 si,  0.0 st
%Cpu(s): 88.5 us,  8.7 sy,  0.0 ni,  1.0 id,  0.0 wa,  0.0 hi,  1.7 si,  0.0 st
%Cpu(s): 89.9 us,  8.0 sy,  0.0 ni,  0.1 id,  0.0 wa,  0.0 hi,  2.0 si,  0.0 st
%Cpu(s): 89.0 us,  9.0 sy,  0.0 ni,  0.1 id,  0.0 wa,  0.0 hi,  1.9 si,  0.0 st
%Cpu(s): 90.7 us,  7.7 sy,  0.0 ni,  0.0 id,  0.0 wa,  0.0 hi,  1.6 si,  0.0 st
%Cpu(s): 91.8 us,  6.6 sy,  0.0 ni,  0.2 id,  0.0 wa,  0.0 hi,  1.4 si,  0.0 st
%Cpu(s): 88.8 us,  8.0 sy,  0.0 ni,  1.0 id,  0.0 wa,  0.0 hi,  2.2 si,  0.0 st
%Cpu(s): 89.9 us,  7.7 sy,  0.0 ni,  0.6 id,  0.0 wa,  0.0 hi,  1.7 si,  0.0 st
%Cpu(s): 89.4 us,  7.7 sy,  0.0 ni,  1.5 id,  0.0 wa,  0.0 hi,  1.4 si,  0.0 st
%Cpu(s): 48.7 us,  7.4 sy,  0.0 ni, 41.7 id,  0.0 wa,  0.0 hi,  2.1 si,  0.0 st
%Cpu(s): 31.4 us,  7.1 sy,  0.0 ni, 60.2 id,  0.0 wa,  0.0 hi,  1.3 si,  0.0 st
%Cpu(s): 37.6 us,  6.4 sy,  0.0 ni, 55.2 id,  0.0 wa,  0.0 hi,  0.8 si,  0.0 st
%Cpu(s): 22.7 us,  6.0 sy,  0.0 ni, 70.4 id,  0.0 wa,  0.0 hi,  0.9 si,  0.0 st
%Cpu(s): 15.3 us,  6.2 sy,  0.0 ni, 77.4 id,  0.0 wa,  0.0 hi,  0.9 si,  0.1 st
%Cpu(s): 12.9 us,  6.0 sy,  0.0 ni, 80.3 id,  0.0 wa,  0.0 hi,  0.8 si,  0.0 st
%Cpu(s): 12.4 us,  7.3 sy,  0.0 ni, 79.3 id,  0.0 wa,  0.0 hi,  1.0 si,  0.0 st
%Cpu(s): 13.5 us,  6.0 sy,  0.0 ni, 79.6 id,  0.0 wa,  0.0 hi,  0.9 si,  0.0 st
%Cpu(s): 12.6 us,  7.2 sy,  0.0 ni, 79.5 id,  0.0 wa,  0.0 hi,  0.6 si,  0.0 st
%Cpu(s): 12.3 us,  7.0 sy,  0.0 ni, 79.9 id,  0.0 wa,  0.0 hi,  0.8 si,  0.0 st
%Cpu(s): 13.4 us,  6.6 sy,  0.0 ni, 78.9 id,  0.0 wa,  0.0 hi,  0.9 si,  0.1 st
%Cpu(s): 10.7 us,  6.3 sy,  0.0 ni, 82.1 id,  0.0 wa,  0.0 hi,  0.9 si,  0.0 st
%Cpu(s): 15.1 us,  6.0 sy,  0.0 ni, 78.1 id,  0.0 wa,  0.0 hi,  0.9 si,  0.0 st
%Cpu(s): 13.1 us,  6.1 sy,  0.0 ni, 79.9 id,  0.0 wa,  0.0 hi,  0.8 si,  0.1 st
%Cpu(s): 13.0 us,  6.1 sy,  0.0 ni, 80.4 id,  0.0 wa,  0.0 hi,  0.5 si,  0.0 st
%Cpu(s):  8.8 us,  5.2 sy,  0.0 ni, 85.2 id,  0.0 wa,  0.0 hi,  0.8 si,  0.0 st
%Cpu(s): 10.9 us,  6.8 sy,  0.0 ni, 81.6 id,  0.0 wa,  0.0 hi,  0.6 si,  0.0 st
%Cpu(s): 13.6 us,  7.4 sy,  0.0 ni, 78.5 id,  0.0 wa,  0.0 hi,  0.5 si,  0.0 st
%Cpu(s): 12.0 us,  7.1 sy,  0.0 ni, 80.3 id,  0.0 wa,  0.0 hi,  0.6 si,  0.0 st
%Cpu(s): 14.0 us,  7.1 sy,  0.0 ni, 78.3 id,  0.0 wa,  0.0 hi,  0.6 si,  0.0 st
%Cpu(s): 11.5 us,  7.1 sy,  0.0 ni, 80.4 id,  0.1 wa,  0.0 hi,  0.8 si,  0.1 st
%Cpu(s): 24.3 us,  6.0 sy,  0.0 ni, 69.0 id,  0.0 wa,  0.0 hi,  0.8 si,  0.0 st
%Cpu(s): 24.5 us,  6.4 sy,  0.0 ni, 68.2 id,  0.0 wa,  0.0 hi,  0.9 si,  0.0 st
%Cpu(s): 20.1 us,  5.6 sy,  0.0 ni, 73.7 id,  0.0 wa,  0.0 hi,  0.7 si,  0.0 st
%Cpu(s): 24.2 us,  5.5 sy,  0.0 ni, 69.5 id,  0.0 wa,  0.0 hi,  0.8 si,  0.0 st
%Cpu(s): 26.5 us,  7.0 sy,  0.0 ni, 65.3 id,  0.0 wa,  0.0 hi,  1.0 si,  0.1 st
%Cpu(s): 23.0 us,  6.3 sy,  0.0 ni, 69.8 id,  0.0 wa,  0.0 hi,  0.8 si,  0.1 st
%Cpu(s): 12.4 us,  5.8 sy,  0.0 ni, 81.2 id,  0.0 wa,  0.0 hi,  0.7 si,  0.0 st
%Cpu(s): 11.9 us,  6.1 sy,  0.0 ni, 81.2 id,  0.0 wa,  0.0 hi,  0.8 si,  0.0 st
%Cpu(s): 11.5 us,  7.2 sy,  0.0 ni, 80.6 id,  0.0 wa,  0.0 hi,  0.6 si,  0.0 st
%Cpu(s): 13.0 us,  6.6 sy,  0.0 ni, 79.7 id,  0.0 wa,  0.0 hi,  0.6 si,  0.0 st
%Cpu(s): 10.7 us,  6.7 sy,  0.0 ni, 82.0 id,  0.0 wa,  0.0 hi,  0.5 si,  0.0 st
%Cpu(s): 12.1 us,  7.1 sy,  0.0 ni, 80.1 id,  0.0 wa,  0.0 hi,  0.6 si,  0.0 st
%Cpu(s): 12.8 us,  8.4 sy,  0.0 ni, 78.2 id,  0.0 wa,  0.0 hi,  0.6 si,  0.0 st
%Cpu(s): 13.0 us,  7.1 sy,  0.0 ni, 79.2 id,  0.0 wa,  0.0 hi,  0.6 si,  0.0 st
%Cpu(s):  9.3 us,  6.3 sy,  0.0 ni, 83.2 id,  0.1 wa,  0.0 hi,  0.9 si,  0.1 st
%Cpu(s): 12.0 us,  6.6 sy,  0.0 ni, 80.7 id,  0.0 wa,  0.0 hi,  0.6 si,  0.0 st
%Cpu(s): 10.5 us,  7.6 sy,  0.0 ni, 81.1 id,  0.0 wa,  0.0 hi,  0.8 si,  0.0 st
%Cpu(s): 10.3 us,  7.4 sy,  0.0 ni, 81.3 id,  0.0 wa,  0.0 hi,  1.0 si,  0.0 st
%Cpu(s): 11.3 us,  6.3 sy,  0.0 ni, 81.4 id,  0.0 wa,  0.0 hi,  0.9 si,  0.1 st
%Cpu(s): 12.9 us,  7.3 sy,  0.0 ni, 79.2 id,  0.0 wa,  0.0 hi,  0.6 si,  0.0 st
%Cpu(s): 11.6 us,  7.4 sy,  0.0 ni, 80.6 id,  0.0 wa,  0.0 hi,  0.4 si,  0.0 st
%Cpu(s): 14.1 us,  7.6 sy,  0.0 ni, 77.8 id,  0.0 wa,  0.0 hi,  0.5 si,  0.0 st
%Cpu(s): 11.6 us,  6.8 sy,  0.0 ni, 81.0 id,  0.0 wa,  0.0 hi,  0.7 si,  0.0 st
%Cpu(s): 12.1 us,  6.7 sy,  0.0 ni, 80.5 id,  0.0 wa,  0.0 hi,  0.8 si,  0.0 st
%Cpu(s): 10.8 us,  5.8 sy,  0.0 ni, 82.2 id,  0.0 wa,  0.0 hi,  1.0 si,  0.1 st
%Cpu(s):  9.3 us,  6.1 sy,  0.0 ni, 83.9 id,  0.0 wa,  0.0 hi,  0.8 si,  0.0 st
%Cpu(s):  3.6 us,  2.4 sy,  0.0 ni, 93.6 id,  0.0 wa,  0.0 hi,  0.4 si,  0.0 st
%Cpu(s):  2.8 us,  3.3 sy,  0.0 ni, 93.9 id,  0.0 wa,  0.0 hi,  0.0 si,  0.1 st
%Cpu(s):  2.0 us,  2.4 sy,  0.0 ni, 95.6 id,  0.0 wa,  0.0 hi,  0.0 si,  0.0 st
%Cpu(s):  4.1 us,  3.0 sy,  0.0 ni, 92.8 id,  0.0 wa,  0.0 hi,  0.0 si,  0.1 st
%Cpu(s): 10.6 us,  1.9 sy,  0.0 ni, 87.3 id,  0.0 wa,  0.0 hi,  0.0 si,  0.2 st
%Cpu(s): 15.8 us,  0.9 sy,  0.0 ni, 83.2 id,  0.0 wa,  0.0 hi,  0.1 si,  0.0 st
%Cpu(s): 15.2 us,  1.5 sy,  0.0 ni, 83.1 id,  0.0 wa,  0.0 hi,  0.0 si,  0.1 st
%Cpu(s):  5.9 us,  1.6 sy,  0.0 ni, 92.5 id,  0.0 wa,  0.0 hi,  0.0 si,  0.0 st
%Cpu(s):  3.7 us,  2.1 sy,  0.0 ni, 93.8 id,  0.1 wa,  0.0 hi,  0.0 si,  0.2 st
%Cpu(s):  3.9 us,  2.6 sy,  0.0 ni, 93.2 id,  0.0 wa,  0.0 hi,  0.0 si,  0.3 st
