%Cpu(s):  2.8 us,  1.8 sy,  0.0 ni, 95.1 id,  0.0 wa,  0.0 hi,  0.2 si,  0.0 st
%Cpu(s):  0.9 us,  0.2 sy,  0.0 ni, 98.9 id,  0.0 wa,  0.0 hi,  0.0 si,  0.0 st
%Cpu(s):  0.6 us,  0.2 sy,  0.0 ni, 99.1 id,  0.0 wa,  0.0 hi,  0.0 si,  0.0 st
%Cpu(s):  0.7 us,  0.1 sy,  0.0 ni, 99.1 id,  0.0 wa,  0.0 hi,  0.0 si,  0.0 st
%Cpu(s): 24.6 us,  2.7 sy,  0.0 ni, 72.1 id,  0.1 wa,  0.0 hi,  0.5 si,  0.0 st
%Cpu(s): 60.6 us,  8.7 sy,  0.0 ni, 29.2 id,  0.0 wa,  0.0 hi,  1.5 si,  0.0 st
%Cpu(s): 65.1 us, 11.6 sy,  0.0 ni, 21.1 id,  0.0 wa,  0.0 hi,  2.3 si,  0.0 st
%Cpu(s): 55.8 us, 12.4 sy,  0.0 ni, 29.8 id,  0.0 wa,  0.0 hi,  2.0 si,  0.0 st
%Cpu(s): 52.4 us, 11.2 sy,  0.0 ni, 34.8 id,  0.0 wa,  0.0 hi,  1.6 si,  0.0 st
%Cpu(s): 39.4 us, 12.8 sy,  0.0 ni, 45.1 id,  0.0 wa,  0.0 hi,  2.6 si,  0.0 st
%Cpu(s): 30.1 us, 13.0 sy,  0.0 ni, 55.0 id,  0.0 wa,  0.0 hi,  1.9 si,  0.0 st
%Cpu(s): 25.7 us, 12.2 sy,  0.0 ni, 61.2 id,  0.0 wa,  0.0 hi,  0.9 si,  0.0 st
%Cpu(s): 20.3 us, 15.5 sy,  0.0 ni, 63.1 id,  0.0 wa,  0.0 hi,  1.1 si,  0.0 st
%Cpu(s): 21.3 us, 14.0 sy,  0.0 ni, 63.8 id,  0.0 wa,  0.0 hi,  0.9 si,  0.0 st
%Cpu(s): 21.5 us, 12.0 sy,  0.0 ni, 66.0 id,  0.0 wa,  0.0 hi,  0.5 si,  0.0 st
%Cpu(s): 21.4 us, 12.8 sy,  0.0 ni, 65.0 id,  0.0 wa,  0.0 hi,  0.8 si,  0.0 st
%Cpu(s): 20.7 us, 12.5 sy,  0.0 ni, 65.9 id,  0.0 wa,  0.0 hi,  0.9 si,  0.0 st
%Cpu(s): 20.8 us, 13.5 sy,  0.0 ni, 65.0 id,  0.0 wa,  0.0 hi,  0.7 si,  0.0 st
%Cpu(s): 20.5 us, 14.2 sy,  0.0 ni, 64.3 id,  0.0 wa,  0.0 hi,  0.8 si,  0.1 st
%Cpu(s): 21.1 us, 14.1 sy,  0.0 ni, 64.0 id,  0.0 wa,  0.0 hi,  0.8 si,  0.0 st
%Cpu(s): 22.2 us, 14.4 sy,  0.0 ni, 61.7 id,  0.3 wa,  0.0 hi,  1.4 si,  0.0 st
%Cpu(s): 21.9 us, 14.9 sy,  0.0 ni, 62.4 id,  0.0 wa,  0.0 hi,  0.9 si,  0.0 st
%Cpu(s): 19.8 us, 15.1 sy,  0.0 ni, 64.0 id,  0.0 wa,  0.0 hi,  1.2 si,  0.0 st
%Cpu(s): 20.4 us, 14.7 sy,  0.0 ni, 64.3 id,  0.0 wa,  0.0 hi,  0.7 si,  0.0 st
%Cpu(s): 22.4 us, 13.7 sy,  0.0 ni, 62.7 id,  0.0 wa,  0.0 hi,  1.3 si,  0.0 st
%Cpu(s): 23.1 us, 14.3 sy,  0.0 ni, 61.6 id,  0.0 wa,  0.0 hi,  1.0 si,  0.0 st
%Cpu(s): 20.8 us, 13.1 sy,  0.0 ni, 65.0 id,  0.0 wa,  0.0 hi,  1.1 si,  0.0 st
%Cpu(s): 21.5 us, 14.2 sy,  0.0 ni, 63.6 id,  0.0 wa,  0.0 hi,  0.7 si,  0.0 st
%Cpu(s): 21.3 us, 14.7 sy,  0.0 ni, 63.0 id,  0.0 wa,  0.0 hi,  0.9 si,  0.0 st
%Cpu(s): 21.5 us, 14.2 sy,  0.0 ni, 63.1 id,  0.0 wa,  0.0 hi,  1.2 si,  0.0 st
%Cpu(s): 23.5 us, 15.1 sy,  0.0 ni, 60.4 id,  0.1 wa,  0.0 hi,  0.9 si,  0.0 st
%Cpu(s): 22.3 us, 15.9 sy,  0.0 ni, 60.8 id,  0.0 wa,  0.0 hi,  0.9 si,  0.0 st
%Cpu(s): 22.6 us, 14.0 sy,  0.0 ni, 62.6 id,  0.0 wa,  0.0 hi,  0.8 si,  0.0 st
%Cpu(s): 20.5 us, 14.6 sy,  0.0 ni, 63.8 id,  0.0 wa,  0.0 hi,  1.1 si,  0.0 st
%Cpu(s): 22.7 us, 15.4 sy,  0.0 ni, 60.6 id,  0.0 wa,  0.0 hi,  1.3 si,  0.0 st
%Cpu(s): 21.7 us, 14.4 sy,  0.0 ni, 59.3 id,  3.8 wa,  0.0 hi,  0.7 si,  0.0 st
%Cpu(s): 23.6 us, 14.5 sy,  0.0 ni, 60.4 id,  0.0 wa,  0.0 hi,  1.5 si,  0.0 st
%Cpu(s): 21.2 us, 13.9 sy,  0.0 ni, 62.3 id,  0.0 wa,  0.0 hi,  2.5 si,  0.0 st
%Cpu(s): 26.0 us, 13.4 sy,  0.0 ni, 58.5 id,  0.0 wa,  0.0 hi,  2.1 si,  0.0 st
%Cpu(s): 25.9 us, 13.8 sy,  0.0 ni, 57.9 id,  0.0 wa,  0.0 hi,  2.4 si,  0.0 st
%Cpu(s): 21.6 us, 13.0 sy,  0.0 ni, 62.1 id,  0.1 wa,  0.0 hi,  3.1 si,  0.0 st
%Cpu(s): 21.7 us, 12.7 sy,  0.0 ni, 63.1 id,  0.0 wa,  0.0 hi,  2.5 si,  0.0 st
%Cpu(s): 22.3 us, 13.6 sy,  0.0 ni, 61.7 id,  0.0 wa,  0.0 hi,  2.4 si,  0.0 st
%Cpu(s): 20.0 us, 15.5 sy,  0.0 ni, 61.4 id,  0.0 wa,  0.0 hi,  3.1 si,  0.0 st
%Cpu(s): 21.1 us, 14.8 sy,  0.0 ni, 60.9 id,  0.1 wa,  0.0 hi,  3.0 si,  0.0 st
%Cpu(s): 28.2 us, 13.6 sy,  0.0 ni, 56.7 id,  0.0 wa,  0.0 hi,  1.5 si,  0.0 st
%Cpu(s): 21.0 us, 12.8 sy,  0.0 ni, 63.8 id,  0.0 wa,  0.0 hi,  2.4 si,  0.0 st
%Cpu(s): 19.2 us, 13.5 sy,  0.0 ni, 66.2 id,  0.0 wa,  0.0 hi,  1.0 si,  0.0 st
%Cpu(s): 20.0 us, 14.1 sy,  0.0 ni, 64.4 id,  0.0 wa,  0.0 hi,  1.5 si,  0.0 st
%Cpu(s): 20.6 us, 15.4 sy,  0.0 ni, 63.1 id,  0.0 wa,  0.0 hi,  0.9 si,  0.0 st
%Cpu(s): 19.7 us, 14.9 sy,  0.0 ni, 62.9 id,  0.0 wa,  0.0 hi,  2.5 si,  0.0 st
%Cpu(s): 21.2 us, 14.4 sy,  0.0 ni, 61.6 id,  0.0 wa,  0.0 hi,  2.8 si,  0.0 st
%Cpu(s): 22.1 us, 13.6 sy,  0.0 ni, 61.8 id,  0.0 wa,  0.0 hi,  2.5 si,  0.0 st
%Cpu(s): 22.5 us, 12.8 sy,  0.0 ni, 62.3 id,  0.0 wa,  0.0 hi,  2.3 si,  0.0 st
%Cpu(s): 22.2 us, 13.7 sy,  0.0 ni, 61.0 id,  0.2 wa,  0.0 hi,  2.9 si,  0.0 st
%Cpu(s): 21.7 us, 13.8 sy,  0.0 ni, 61.1 id,  0.0 wa,  0.0 hi,  3.4 si,  0.0 st
%Cpu(s): 21.7 us, 13.0 sy,  0.0 ni, 62.5 id,  0.0 wa,  0.0 hi,  2.7 si,  0.0 st
%Cpu(s): 19.9 us, 14.5 sy,  0.0 ni, 63.3 id,  0.0 wa,  0.0 hi,  2.3 si,  0.0 st
%Cpu(s): 20.1 us, 14.6 sy,  0.0 ni, 62.7 id,  0.0 wa,  0.0 hi,  2.7 si,  0.0 st
%Cpu(s): 21.8 us, 14.1 sy,  0.0 ni, 61.4 id,  0.0 wa,  0.0 hi,  2.8 si,  0.0 st
%Cpu(s): 21.0 us, 14.7 sy,  0.0 ni, 61.0 id,  0.0 wa,  0.0 hi,  3.4 si,  0.0 st
%Cpu(s): 20.2 us, 13.9 sy,  0.0 ni, 62.5 id,  0.0 wa,  0.0 hi,  3.4 si,  0.0 st
%Cpu(s): 11.9 us,  7.8 sy,  0.0 ni, 78.9 id,  0.0 wa,  0.0 hi,  1.4 si,  0.0 st
%Cpu(s):  6.2 us,  5.6 sy,  0.0 ni, 87.0 id,  0.0 wa,  0.0 hi,  1.1 si,  0.0 st
%Cpu(s):  6.6 us,  5.9 sy,  0.0 ni, 87.4 id,  0.0 wa,  0.0 hi,  0.1 si,  0.0 st
%Cpu(s):  6.1 us,  6.2 sy,  0.0 ni, 85.6 id,  1.7 wa,  0.0 hi,  0.3 si,  0.1 st
%Cpu(s):  6.1 us,  6.5 sy,  0.0 ni, 84.4 id,  2.8 wa,  0.0 hi,  0.1 si,  0.0 st
%Cpu(s):  6.1 us,  6.4 sy,  0.0 ni, 87.4 id,  0.0 wa,  0.0 hi,  0.1 si,  0.0 st
%Cpu(s):  6.8 us,  5.2 sy,  0.0 ni, 87.8 id,  0.0 wa,  0.0 hi,  0.1 si,  0.0 st
%Cpu(s):  4.7 us,  5.9 sy,  0.0 ni, 89.0 id,  0.0 wa,  0.0 hi,  0.4 si,  0.0 st
%Cpu(s):  5.3 us,  4.2 sy,  0.0 ni, 90.4 id,  0.0 wa,  0.0 hi,  0.1 si,  0.0 st
%Cpu(s):  5.4 us,  4.9 sy,  0.0 ni, 89.4 id,  0.0 wa,  0.0 hi,  0.3 si,  0.0 st
%Cpu(s):  5.2 us,  4.3 sy,  0.0 ni, 90.5 id,  0.0 wa,  0.0 hi,  0.0 si,  0.0 st
%Cpu(s):  3.4 us,  5.6 sy,  0.0 ni, 90.7 id,  0.0 wa,  0.0 hi,  0.3 si,  0.0 st
%Cpu(s):  4.3 us,  4.3 sy,  0.0 ni, 91.2 id,  0.1 wa,  0.0 hi,  0.1 si,  0.0 st
%Cpu(s):  3.5 us,  2.7 sy,  0.0 ni, 93.7 id,  0.0 wa,  0.0 hi,  0.1 si,  0.0 st
%Cpu(s):  3.3 us,  2.4 sy,  0.0 ni, 94.4 id,  0.0 wa,  0.0 hi,  0.0 si,  0.0 st
%Cpu(s):  2.4 us,  0.9 sy,  0.0 ni, 96.6 id,  0.0 wa,  0.0 hi,  0.0 si,  0.1 st
%Cpu(s):  1.4 us,  1.0 sy,  0.0 ni, 97.6 id,  0.0 wa,  0.0 hi,  0.0 si,  0.0 st
%Cpu(s):  1.8 us,  0.8 sy,  0.0 ni, 97.4 id,  0.0 wa,  0.0 hi,  0.1 si,  0.0 st
%Cpu(s):  0.2 us,  0.2 sy,  0.0 ni, 99.5 id,  0.0 wa,  0.0 hi,  0.0 si,  0.0 st
%Cpu(s):  0.1 us,  0.1 sy,  0.0 ni, 99.8 id,  0.0 wa,  0.0 hi,  0.0 si,  0.0 st
%Cpu(s):  0.2 us,  0.2 sy,  0.0 ni, 99.5 id,  0.0 wa,  0.0 hi,  0.0 si,  0.0 st
%Cpu(s):  0.2 us,  0.2 sy,  0.0 ni, 99.5 id,  0.0 wa,  0.0 hi,  0.0 si,  0.0 st
