%Cpu(s):  1.6 us,  0.7 sy,  0.0 ni, 97.6 id,  0.0 wa,  0.0 hi,  0.1 si,  0.0 st
%Cpu(s): 23.4 us,  1.0 sy,  0.0 ni, 75.6 id,  0.0 wa,  0.0 hi,  0.0 si,  0.0 st
%Cpu(s):  0.4 us,  0.2 sy,  0.0 ni, 99.4 id,  0.0 wa,  0.0 hi,  0.0 si,  0.0 st
%Cpu(s):  0.2 us,  0.1 sy,  0.0 ni, 99.6 id,  0.0 wa,  0.0 hi,  0.0 si,  0.0 st
%Cpu(s): 27.6 us,  2.3 sy,  0.0 ni, 70.2 id,  0.0 wa,  0.0 hi,  0.0 si,  0.0 st
%Cpu(s): 47.8 us,  1.6 sy,  0.0 ni, 50.2 id,  0.0 wa,  0.0 hi,  0.1 si,  0.3 st
%Cpu(s): 66.2 us,  1.9 sy,  0.0 ni, 31.8 id,  0.0 wa,  0.0 hi,  0.0 si,  0.1 st
%Cpu(s): 65.8 us,  2.1 sy,  0.0 ni, 32.0 id,  0.0 wa,  0.0 hi,  0.0 si,  0.0 st
%Cpu(s): 23.2 us,  2.2 sy,  0.0 ni, 74.2 id,  0.1 wa,  0.0 hi,  0.2 si,  0.0 st
%Cpu(s): 36.8 us,  2.8 sy,  0.0 ni, 60.3 id,  0.0 wa,  0.0 hi,  0.1 si,  0.0 st
%Cpu(s): 29.0 us,  2.8 sy,  0.0 ni, 67.6 id,  0.0 wa,  0.0 hi,  0.5 si,  0.1 st
%Cpu(s):  9.4 us,  2.5 sy,  0.0 ni, 87.0 id,  0.0 wa,  0.0 hi,  0.9 si,  0.1 st
%Cpu(s):  7.5 us,  2.9 sy,  0.0 ni, 89.1 id,  0.0 wa,  0.0 hi,  0.5 si,  0.0 st
%Cpu(s):  6.2 us,  3.2 sy,  0.0 ni, 89.9 id,  0.0 wa,  0.0 hi,  0.8 si,  0.0 st
%Cpu(s):  5.7 us,  2.5 sy,  0.0 ni, 91.3 id,  0.0 wa,  0.0 hi,  0.5 si,  0.0 st
%Cpu(s):  6.9 us,  2.5 sy,  0.0 ni, 90.2 id,  0.0 wa,  0.0 hi,  0.3 si,  0.1 st
%Cpu(s):  5.4 us,  4.3 sy,  0.0 ni, 89.7 id,  0.0 wa,  0.0 hi,  0.6 si,  0.0 st
%Cpu(s):  3.3 us,  3.2 sy,  0.0 ni, 92.9 id,  0.0 wa,  0.0 hi,  0.6 si,  0.0 st
%Cpu(s): 26.5 us,  4.5 sy,  0.0 ni, 67.9 id,  0.1 wa,  0.0 hi,  1.0 si,  0.0 st
%Cpu(s):  9.0 us,  4.1 sy,  0.0 ni, 86.2 id,  0.0 wa,  0.0 hi,  0.7 si,  0.0 st
%Cpu(s):  7.1 us,  3.2 sy,  0.0 ni, 89.1 id,  0.0 wa,  0.0 hi,  0.5 si,  0.1 st
%Cpu(s):  6.9 us,  4.6 sy,  0.0 ni, 88.0 id,  0.0 wa,  0.0 hi,  0.5 si,  0.0 st
%Cpu(s):  6.2 us,  3.3 sy,  0.0 ni, 89.5 id,  0.0 wa,  0.0 hi,  1.0 si,  0.0 st
%Cpu(s):  9.1 us,  4.1 sy,  0.0 ni, 86.2 id,  0.0 wa,  0.0 hi,  0.5 si,  0.0 st
%Cpu(s):  6.3 us,  3.8 sy,  0.0 ni, 89.0 id,  0.0 wa,  0.0 hi,  0.9 si,  0.1 st
%Cpu(s):  6.8 us,  4.1 sy,  0.0 ni, 88.2 id,  0.0 wa,  0.0 hi,  0.9 si,  0.0 st
%Cpu(s):  5.7 us,  3.5 sy,  0.0 ni, 90.0 id,  0.0 wa,  0.0 hi,  0.7 si,  0.0 st
%Cpu(s):  4.9 us,  3.5 sy,  0.0 ni, 90.4 id,  0.0 wa,  0.0 hi,  1.1 si,  0.0 st
%Cpu(s):  5.0 us,  4.4 sy,  0.0 ni, 89.8 id,  0.0 wa,  0.0 hi,  0.6 si,  0.1 st
%Cpu(s):  7.0 us,  4.3 sy,  0.0 ni, 87.9 id,  0.0 wa,  0.0 hi,  0.7 si,  0.0 st
%Cpu(s):  6.8 us,  3.7 sy,  0.0 ni, 88.7 id,  0.0 wa,  0.0 hi,  0.7 si,  0.0 st
%Cpu(s): 15.3 us,  3.5 sy,  0.0 ni, 80.5 id,  0.0 wa,  0.0 hi,  0.8 si,  0.0 st
%Cpu(s): 18.0 us,  3.5 sy,  0.0 ni, 77.3 id,  0.0 wa,  0.0 hi,  1.1 si,  0.0 st
%Cpu(s): 16.4 us,  4.0 sy,  0.0 ni, 78.8 id,  0.1 wa,  0.0 hi,  0.6 si,  0.0 st
%Cpu(s):  4.6 us,  3.3 sy,  0.0 ni, 91.2 id,  0.0 wa,  0.0 hi,  0.8 si,  0.1 st
%Cpu(s):  5.3 us,  3.3 sy,  0.0 ni, 90.6 id,  0.0 wa,  0.0 hi,  0.9 si,  0.0 st
%Cpu(s):  5.8 us,  3.4 sy,  0.0 ni, 90.1 id,  0.0 wa,  0.0 hi,  0.6 si,  0.0 st
%Cpu(s):  5.1 us,  3.5 sy,  0.0 ni, 90.4 id,  0.0 wa,  0.0 hi,  0.9 si,  0.1 st
%Cpu(s):  5.9 us,  3.5 sy,  0.0 ni, 89.7 id,  0.0 wa,  0.0 hi,  0.9 si,  0.0 st
%Cpu(s):  5.8 us,  2.9 sy,  0.0 ni, 90.5 id,  0.0 wa,  0.0 hi,  0.8 si,  0.0 st
%Cpu(s):  6.2 us,  3.7 sy,  0.0 ni, 89.6 id,  0.0 wa,  0.0 hi,  0.5 si,  0.0 st
%Cpu(s):  5.9 us,  3.9 sy,  0.0 ni, 89.7 id,  0.0 wa,  0.0 hi,  0.5 si,  0.0 st
%Cpu(s):  4.4 us,  3.9 sy,  0.0 ni, 91.4 id,  0.0 wa,  0.0 hi,  0.4 si,  0.0 st
%Cpu(s):  5.3 us,  3.5 sy,  0.0 ni, 90.6 id,  0.0 wa,  0.0 hi,  0.5 si,  0.1 st
%Cpu(s):  5.9 us,  4.7 sy,  0.0 ni, 88.4 id,  0.0 wa,  0.0 hi,  0.9 si,  0.1 st
%Cpu(s):  4.8 us,  4.2 sy,  0.0 ni, 89.8 id,  0.0 wa,  0.0 hi,  1.1 si,  0.0 st
%Cpu(s):  4.5 us,  2.5 sy,  0.0 ni, 92.4 id,  0.0 wa,  0.0 hi,  0.6 si,  0.0 st
%Cpu(s):  5.8 us,  4.0 sy,  0.0 ni, 89.3 id,  0.0 wa,  0.0 hi,  0.9 si,  0.0 st
%Cpu(s):  5.7 us,  3.5 sy,  0.0 ni, 89.8 id,  0.1 wa,  0.0 hi,  0.9 si,  0.0 st
%Cpu(s):  7.7 us,  4.2 sy,  0.0 ni, 87.5 id,  0.0 wa,  0.0 hi,  0.5 si,  0.0 st
%Cpu(s):  4.9 us,  3.7 sy,  0.0 ni, 90.9 id,  0.0 wa,  0.0 hi,  0.5 si,  0.0 st
%Cpu(s):  4.4 us,  3.7 sy,  0.0 ni, 90.9 id,  0.0 wa,  0.0 hi,  1.0 si,  0.0 st
%Cpu(s):  7.0 us,  2.7 sy,  0.0 ni, 89.2 id,  0.0 wa,  0.0 hi,  1.0 si,  0.1 st
%Cpu(s): 16.3 us,  2.9 sy,  0.0 ni, 80.2 id,  0.0 wa,  0.0 hi,  0.6 si,  0.0 st
%Cpu(s): 17.2 us,  2.9 sy,  0.0 ni, 79.6 id,  0.0 wa,  0.0 hi,  0.4 si,  0.0 st
%Cpu(s):  9.6 us,  3.8 sy,  0.0 ni, 85.9 id,  0.0 wa,  0.0 hi,  0.8 si,  0.0 st
%Cpu(s):  5.1 us,  3.2 sy,  0.0 ni, 91.0 id,  0.0 wa,  0.0 hi,  0.8 si,  0.0 st
%Cpu(s):  5.0 us,  4.3 sy,  0.0 ni, 89.6 id,  0.0 wa,  0.0 hi,  1.0 si,  0.1 st
%Cpu(s):  6.2 us,  3.8 sy,  0.0 ni, 85.1 id,  4.0 wa,  0.0 hi,  0.9 si,  0.0 st
%Cpu(s):  6.1 us,  4.0 sy,  0.0 ni, 89.2 id,  0.0 wa,  0.0 hi,  0.6 si,  0.1 st
%Cpu(s):  6.5 us,  3.8 sy,  0.0 ni, 88.9 id,  0.0 wa,  0.0 hi,  0.6 si,  0.1 st
%Cpu(s):  5.3 us,  3.7 sy,  0.0 ni, 90.4 id,  0.0 wa,  0.0 hi,  0.6 si,  0.0 st
%Cpu(s):  6.3 us,  3.3 sy,  0.0 ni, 89.9 id,  0.0 wa,  0.0 hi,  0.6 si,  0.0 st
%Cpu(s):  6.8 us,  2.9 sy,  0.0 ni, 89.7 id,  0.0 wa,  0.0 hi,  0.6 si,  0.0 st
%Cpu(s):  6.5 us,  3.9 sy,  0.0 ni, 88.9 id,  0.0 wa,  0.0 hi,  0.6 si,  0.0 st
%Cpu(s):  6.0 us,  4.1 sy,  0.0 ni, 88.7 id,  0.0 wa,  0.0 hi,  1.1 si,  0.0 st
%Cpu(s):  5.5 us,  4.2 sy,  0.0 ni, 89.5 id,  0.0 wa,  0.0 hi,  0.9 si,  0.0 st
%Cpu(s):  9.3 us,  3.4 sy,  0.0 ni, 86.4 id,  0.0 wa,  0.0 hi,  0.8 si,  0.1 st
%Cpu(s): 21.3 us,  3.5 sy,  0.0 ni, 73.9 id,  0.0 wa,  0.0 hi,  1.2 si,  0.0 st
%Cpu(s): 13.6 us,  4.0 sy,  0.0 ni, 81.5 id,  0.0 wa,  0.0 hi,  0.9 si,  0.0 st
