%Cpu(s):  1.9 us,  0.4 sy,  0.0 ni, 97.7 id,  0.1 wa,  0.0 hi,  0.0 si,  0.0 st
%Cpu(s): 26.1 us,  1.2 sy,  0.0 ni, 72.7 id,  0.0 wa,  0.0 hi,  0.0 si,  0.0 st
%Cpu(s): 27.3 us,  1.5 sy,  0.0 ni, 71.1 id,  0.0 wa,  0.0 hi,  0.1 si,  0.0 st
%Cpu(s): 30.6 us,  1.5 sy,  0.0 ni, 67.9 id,  0.0 wa,  0.0 hi,  0.0 si,  0.0 st
%Cpu(s): 23.6 us,  0.9 sy,  0.0 ni, 75.4 id,  0.1 wa,  0.0 hi,  0.0 si,  0.0 st
%Cpu(s): 31.2 us,  0.9 sy,  0.0 ni, 67.4 id,  0.2 wa,  0.0 hi,  0.1 si,  0.1 st
%Cpu(s): 38.5 us,  1.2 sy,  0.0 ni, 59.0 id,  1.1 wa,  0.0 hi,  0.1 si,  0.0 st
%Cpu(s):  9.8 us,  0.2 sy,  0.0 ni, 89.8 id,  0.1 wa,  0.0 hi,  0.0 si,  0.0 st
%Cpu(s):  4.6 us,  0.5 sy,  0.0 ni, 94.8 id,  0.0 wa,  0.0 hi,  0.1 si,  0.0 st
%Cpu(s):  1.0 us,  0.2 sy,  0.0 ni, 98.8 id,  0.0 wa,  0.0 hi,  0.0 si,  0.0 st
%Cpu(s):  2.0 us,  0.5 sy,  0.0 ni, 97.5 id,  0.0 wa,  0.0 hi,  0.0 si,  0.0 st
%Cpu(s):  8.5 us,  0.4 sy,  0.0 ni, 90.9 id,  0.1 wa,  0.0 hi,  0.1 si,  0.0 st
%Cpu(s): 50.1 us,  5.2 sy,  0.0 ni, 44.7 id,  0.0 wa,  0.0 hi,  0.0 si,  0.0 st
%Cpu(s): 85.4 us,  2.6 sy,  0.0 ni, 11.7 id,  0.0 wa,  0.0 hi,  0.2 si,  0.0 st
%Cpu(s): 80.6 us,  2.4 sy,  0.0 ni, 17.0 id,  0.0 wa,  0.0 hi,  0.0 si,  0.0 st
%Cpu(s): 78.9 us,  2.9 sy,  0.0 ni, 18.1 id,  0.0 wa,  0.0 hi,  0.1 si,  0.0 st
%Cpu(s): 97.0 us,  1.9 sy,  0.0 ni,  0.7 id,  0.0 wa,  0.0 hi,  0.4 si,  0.0 st
%Cpu(s): 97.9 us,  1.9 sy,  0.0 ni,  0.2 id,  0.0 wa,  0.0 hi,  0.0 si,  0.0 st
%Cpu(s): 95.4 us,  3.6 sy,  0.0 ni,  0.7 id,  0.0 wa,  0.0 hi,  0.2 si,  0.0 st
%Cpu(s): 96.3 us,  2.7 sy,  0.0 ni,  1.0 id,  0.0 wa,  0.0 hi,  0.0 si,  0.0 st
%Cpu(s): 96.4 us,  2.7 sy,  0.0 ni,  0.4 id,  0.0 wa,  0.0 hi,  0.5 si,  0.0 st
%Cpu(s): 75.4 us,  2.2 sy,  0.0 ni, 21.8 id,  0.1 wa,  0.0 hi,  0.2 si,  0.1 st
%Cpu(s): 46.4 us,  3.1 sy,  0.0 ni, 49.9 id,  0.0 wa,  0.0 hi,  0.5 si,  0.0 st
%Cpu(s): 48.0 us,  3.0 sy,  0.0 ni, 48.7 id,  0.0 wa,  0.0 hi,  0.3 si,  0.0 st
%Cpu(s): 46.0 us,  3.0 sy,  0.0 ni, 50.6 id,  0.0 wa,  0.0 hi,  0.4 si,  0.0 st
%Cpu(s): 59.4 us,  2.5 sy,  0.0 ni, 37.6 id,  0.0 wa,  0.0 hi,  0.5 si,  0.0 st
%Cpu(s): 39.3 us,  3.1 sy,  0.0 ni, 57.1 id,  0.0 wa,  0.0 hi,  0.4 si,  0.0 st
%Cpu(s): 27.5 us,  3.1 sy,  0.0 ni, 68.7 id,  0.0 wa,  0.0 hi,  0.5 si,  0.1 st
%Cpu(s): 56.5 us,  5.0 sy,  0.0 ni, 37.5 id,  0.0 wa,  0.0 hi,  1.0 si,  0.0 st
%Cpu(s): 55.6 us,  4.3 sy,  0.0 ni, 39.2 id,  0.0 wa,  0.0 hi,  0.9 si,  0.0 st
%Cpu(s): 52.3 us,  4.0 sy,  0.0 ni, 42.6 id,  0.0 wa,  0.0 hi,  1.1 si,  0.0 st
%Cpu(s): 60.0 us,  3.8 sy,  0.0 ni, 36.0 id,  0.0 wa,  0.0 hi,  0.3 si,  0.0 st
%Cpu(s): 70.9 us,  4.0 sy,  0.0 ni, 24.0 id,  0.0 wa,  0.0 hi,  1.1 si,  0.0 st
%Cpu(s): 53.0 us,  3.2 sy,  0.0 ni, 42.9 id,  0.0 wa,  0.0 hi,  0.9 si,  0.0 st
%Cpu(s): 31.2 us,  3.4 sy,  0.0 ni, 64.4 id,  0.0 wa,  0.0 hi,  1.0 si,  0.0 st
%Cpu(s): 24.8 us,  4.5 sy,  0.0 ni, 70.3 id,  0.0 wa,  0.0 hi,  0.3 si,  0.1 st
%Cpu(s): 24.0 us,  3.3 sy,  0.0 ni, 71.8 id,  0.0 wa,  0.0 hi,  0.9 si,  0.0 st
%Cpu(s): 28.4 us,  3.7 sy,  0.0 ni, 67.5 id,  0.0 wa,  0.0 hi,  0.4 si,  0.0 st
%Cpu(s): 10.5 us,  3.0 sy,  0.0 ni, 85.8 id,  0.0 wa,  0.0 hi,  0.5 si,  0.1 st
%Cpu(s): 10.2 us,  2.9 sy,  0.0 ni, 86.6 id,  0.0 wa,  0.0 hi,  0.4 si,  0.0 st
%Cpu(s):  9.3 us,  2.7 sy,  0.0 ni, 87.5 id,  0.0 wa,  0.0 hi,  0.6 si,  0.0 st
%Cpu(s): 20.6 us,  2.7 sy,  0.0 ni, 76.3 id,  0.1 wa,  0.0 hi,  0.4 si,  0.0 st
%Cpu(s): 13.5 us,  3.3 sy,  0.0 ni, 82.8 id,  0.0 wa,  0.0 hi,  0.4 si,  0.0 st
%Cpu(s):  6.3 us,  2.9 sy,  0.0 ni, 90.3 id,  0.0 wa,  0.0 hi,  0.5 si,  0.0 st
%Cpu(s):  7.8 us,  2.9 sy,  0.0 ni, 88.2 id,  0.0 wa,  0.0 hi,  1.0 si,  0.1 st
%Cpu(s):  7.0 us,  3.0 sy,  0.0 ni, 89.2 id,  0.0 wa,  0.0 hi,  0.8 si,  0.0 st
%Cpu(s):  7.8 us,  3.4 sy,  0.0 ni, 88.2 id,  0.0 wa,  0.0 hi,  0.5 si,  0.1 st
%Cpu(s):  7.5 us,  2.0 sy,  0.0 ni, 90.1 id,  0.0 wa,  0.0 hi,  0.4 si,  0.0 st
%Cpu(s):  6.9 us,  3.2 sy,  0.0 ni, 89.4 id,  0.0 wa,  0.0 hi,  0.5 si,  0.0 st
%Cpu(s): 11.9 us,  3.5 sy,  0.0 ni, 84.2 id,  0.0 wa,  0.0 hi,  0.3 si,  0.1 st
%Cpu(s): 16.2 us,  3.8 sy,  0.0 ni, 79.2 id,  0.0 wa,  0.0 hi,  0.9 si,  0.0 st
%Cpu(s): 14.5 us,  3.9 sy,  0.0 ni, 80.9 id,  0.1 wa,  0.0 hi,  0.5 si,  0.0 st
%Cpu(s): 32.3 us,  3.5 sy,  0.0 ni, 63.1 id,  0.0 wa,  0.0 hi,  1.0 si,  0.1 st
%Cpu(s): 24.6 us,  4.3 sy,  0.0 ni, 70.8 id,  0.0 wa,  0.0 hi,  0.4 si,  0.0 st
%Cpu(s): 25.5 us,  3.5 sy,  0.0 ni, 70.2 id,  0.0 wa,  0.0 hi,  0.8 si,  0.0 st
%Cpu(s): 24.2 us,  3.6 sy,  0.0 ni, 71.8 id,  0.0 wa,  0.0 hi,  0.5 si,  0.0 st
%Cpu(s): 10.8 us,  2.8 sy,  0.0 ni, 85.8 id,  0.0 wa,  0.0 hi,  0.5 si,  0.1 st
%Cpu(s):  9.0 us,  2.8 sy,  0.0 ni, 87.9 id,  0.0 wa,  0.0 hi,  0.4 si,  0.0 st
%Cpu(s): 13.0 us,  2.8 sy,  0.0 ni, 83.7 id,  0.0 wa,  0.0 hi,  0.5 si,  0.0 st
%Cpu(s): 19.9 us,  3.2 sy,  0.0 ni, 76.3 id,  0.1 wa,  0.0 hi,  0.5 si,  0.0 st
%Cpu(s): 10.9 us,  2.9 sy,  0.0 ni, 85.9 id,  0.0 wa,  0.0 hi,  0.3 si,  0.0 st
%Cpu(s):  6.1 us,  2.9 sy,  0.0 ni, 90.2 id,  0.0 wa,  0.0 hi,  0.8 si,  0.0 st
%Cpu(s):  8.0 us,  2.9 sy,  0.0 ni, 87.9 id,  0.0 wa,  0.0 hi,  1.0 si,  0.1 st
%Cpu(s):  7.0 us,  3.4 sy,  0.0 ni, 88.8 id,  0.0 wa,  0.0 hi,  0.6 si,  0.1 st
%Cpu(s):  8.9 us,  2.9 sy,  0.0 ni, 87.8 id,  0.0 wa,  0.0 hi,  0.4 si,  0.0 st
%Cpu(s):  7.3 us,  2.4 sy,  0.0 ni, 89.8 id,  0.0 wa,  0.0 hi,  0.5 si,  0.0 st
%Cpu(s):  5.6 us,  2.8 sy,  0.0 ni, 91.2 id,  0.0 wa,  0.0 hi,  0.4 si,  0.0 st
%Cpu(s): 14.0 us,  3.8 sy,  0.0 ni, 81.8 id,  0.0 wa,  0.0 hi,  0.4 si,  0.1 st
%Cpu(s): 16.2 us,  3.9 sy,  0.0 ni, 78.9 id,  0.0 wa,  0.0 hi,  1.0 si,  0.0 st
