%Cpu(s):  1.5 us,  0.4 sy,  0.0 ni, 98.0 id,  0.1 wa,  0.0 hi,  0.0 si,  0.0 st
%Cpu(s): 34.1 us,  1.9 sy,  0.0 ni, 63.0 id,  0.9 wa,  0.0 hi,  0.1 si,  0.0 st
%Cpu(s):  7.8 us,  0.6 sy,  0.0 ni, 91.2 id,  0.2 wa,  0.0 hi,  0.0 si,  0.1 st
%Cpu(s):  2.2 us,  0.5 sy,  0.0 ni, 96.9 id,  0.1 wa,  0.0 hi,  0.1 si,  0.1 st
%Cpu(s):  2.6 us,  1.0 sy,  0.0 ni, 96.3 id,  0.1 wa,  0.0 hi,  0.0 si,  0.0 st
%Cpu(s):  2.7 us,  0.6 sy,  0.0 ni, 96.4 id,  0.1 wa,  0.0 hi,  0.1 si,  0.0 st
%Cpu(s):  1.6 us,  0.5 sy,  0.0 ni, 97.8 id,  0.0 wa,  0.0 hi,  0.0 si,  0.1 st
%Cpu(s):  1.7 us,  0.4 sy,  0.0 ni, 97.9 id,  0.0 wa,  0.0 hi,  0.0 si,  0.0 st
%Cpu(s):  3.1 us,  0.4 sy,  0.0 ni, 96.4 id,  0.1 wa,  0.0 hi,  0.0 si,  0.0 st
%Cpu(s):  1.0 us,  0.2 sy,  0.0 ni, 98.6 id,  0.0 wa,  0.0 hi,  0.0 si,  0.1 st
%Cpu(s):  1.1 us,  0.1 sy,  0.0 ni, 98.8 id,  0.0 wa,  0.0 hi,  0.0 si,  0.0 st
%Cpu(s):  1.7 us,  0.4 sy,  0.0 ni, 97.9 id,  0.0 wa,  0.0 hi,  0.0 si,  0.0 st
%Cpu(s): 38.1 us,  3.7 sy,  0.0 ni, 58.1 id,  0.0 wa,  0.0 hi,  0.0 si,  0.1 st
%Cpu(s): 84.2 us,  3.6 sy,  0.0 ni, 12.1 id,  0.0 wa,  0.0 hi,  0.0 si,  0.1 st
%Cpu(s): 77.2 us,  2.6 sy,  0.0 ni, 19.8 id,  0.1 wa,  0.0 hi,  0.1 si,  0.1 st
%Cpu(s): 95.5 us,  2.4 sy,  0.0 ni,  2.1 id,  0.0 wa,  0.0 hi,  0.0 si,  0.0 st
%Cpu(s): 95.8 us,  2.4 sy,  0.0 ni,  1.6 id,  0.1 wa,  0.0 hi,  0.1 si,  0.0 st
%Cpu(s): 68.4 us,  2.0 sy,  0.0 ni, 29.6 id,  0.0 wa,  0.0 hi,  0.0 si,  0.0 st
%Cpu(s): 15.7 us,  2.7 sy,  0.0 ni, 81.3 id,  0.0 wa,  0.0 hi,  0.0 si,  0.2 st
%Cpu(s):  6.1 us,  2.2 sy,  0.0 ni, 91.5 id,  0.0 wa,  0.0 hi,  0.0 si,  0.1 st
%Cpu(s):  6.0 us,  2.9 sy,  0.0 ni, 90.9 id,  0.0 wa,  0.0 hi,  0.1 si,  0.1 st
%Cpu(s):  9.4 us,  1.6 sy,  0.0 ni, 88.7 id,  0.0 wa,  0.0 hi,  0.0 si,  0.3 st
%Cpu(s): 12.9 us,  2.4 sy,  0.0 ni, 84.4 id,  0.0 wa,  0.0 hi,  0.1 si,  0.1 st
%Cpu(s): 11.4 us,  2.1 sy,  0.0 ni, 86.0 id,  0.3 wa,  0.0 hi,  0.0 si,  0.3 st
%Cpu(s):  8.1 us,  3.0 sy,  0.0 ni, 88.6 id,  0.1 wa,  0.0 hi,  0.1 si,  0.0 st
%Cpu(s):  6.7 us,  2.3 sy,  0.0 ni, 90.8 id,  0.0 wa,  0.0 hi,  0.1 si,  0.1 st
%Cpu(s):  7.1 us,  2.0 sy,  0.0 ni, 90.6 id,  0.0 wa,  0.0 hi,  0.0 si,  0.3 st
%Cpu(s): 23.1 us,  2.8 sy,  0.0 ni, 73.6 id,  0.0 wa,  0.0 hi,  0.5 si,  0.0 st
%Cpu(s): 56.3 us,  3.6 sy,  0.0 ni, 38.0 id,  0.1 wa,  0.0 hi,  2.0 si,  0.0 st
%Cpu(s): 27.0 us,  3.8 sy,  0.0 ni, 68.0 id,  0.0 wa,  0.0 hi,  1.0 si,  0.1 st
%Cpu(s): 17.6 us,  3.4 sy,  0.0 ni, 78.5 id,  0.0 wa,  0.0 hi,  0.5 si,  0.0 st
%Cpu(s): 23.8 us,  4.3 sy,  0.0 ni, 71.4 id,  0.0 wa,  0.0 hi,  0.5 si,  0.0 st
%Cpu(s): 25.7 us,  3.6 sy,  0.0 ni, 69.9 id,  0.0 wa,  0.0 hi,  0.6 si,  0.1 st
%Cpu(s): 15.2 us,  4.1 sy,  0.0 ni, 80.2 id,  0.0 wa,  0.0 hi,  0.4 si,  0.1 st
%Cpu(s):  7.4 us,  4.3 sy,  0.0 ni, 87.7 id,  0.0 wa,  0.0 hi,  0.5 si,  0.1 st
%Cpu(s):  8.8 us,  5.1 sy,  0.0 ni, 85.5 id,  0.0 wa,  0.0 hi,  0.6 si,  0.0 st
%Cpu(s): 11.0 us,  4.0 sy,  0.0 ni, 84.2 id,  0.0 wa,  0.0 hi,  0.8 si,  0.0 st
%Cpu(s):  7.5 us,  4.1 sy,  0.0 ni, 88.0 id,  0.0 wa,  0.0 hi,  0.4 si,  0.0 st
%Cpu(s): 15.8 us,  4.1 sy,  0.0 ni, 79.0 id,  0.0 wa,  0.0 hi,  0.8 si,  0.3 st
%Cpu(s):  8.2 us,  4.1 sy,  0.0 ni, 86.9 id,  0.0 wa,  0.0 hi,  0.6 si,  0.1 st
%Cpu(s):  7.9 us,  4.1 sy,  0.0 ni, 87.5 id,  0.0 wa,  0.0 hi,  0.5 si,  0.0 st
%Cpu(s):  8.8 us,  4.2 sy,  0.0 ni, 86.6 id,  0.0 wa,  0.0 hi,  0.3 si,  0.1 st
%Cpu(s):  8.9 us,  3.4 sy,  0.0 ni, 86.5 id,  0.0 wa,  0.0 hi,  1.0 si,  0.1 st
%Cpu(s):  6.7 us,  4.3 sy,  0.0 ni, 88.5 id,  0.0 wa,  0.0 hi,  0.5 si,  0.0 st
%Cpu(s):  7.7 us,  4.5 sy,  0.0 ni, 86.8 id,  0.0 wa,  0.0 hi,  0.9 si,  0.1 st
%Cpu(s):  8.4 us,  4.4 sy,  0.0 ni, 86.7 id,  0.0 wa,  0.0 hi,  0.5 si,  0.0 st
%Cpu(s):  7.3 us,  4.3 sy,  0.0 ni, 87.5 id,  0.0 wa,  0.0 hi,  0.8 si,  0.1 st
%Cpu(s):  8.0 us,  4.2 sy,  0.0 ni, 87.0 id,  0.0 wa,  0.0 hi,  0.8 si,  0.0 st
%Cpu(s):  6.8 us,  4.9 sy,  0.0 ni, 85.6 id,  2.0 wa,  0.0 hi,  0.5 si,  0.1 st
%Cpu(s): 12.5 us,  4.1 sy,  0.0 ni, 81.9 id,  0.0 wa,  0.0 hi,  1.4 si,  0.1 st
%Cpu(s): 22.3 us,  4.9 sy,  0.0 ni, 71.5 id,  0.0 wa,  0.0 hi,  1.4 si,  0.0 st
%Cpu(s): 13.6 us,  4.6 sy,  0.0 ni, 81.1 id,  0.0 wa,  0.0 hi,  0.5 si,  0.1 st
%Cpu(s): 11.9 us,  4.0 sy,  0.0 ni, 83.7 id,  0.0 wa,  0.0 hi,  0.4 si,  0.0 st
%Cpu(s): 16.8 us,  3.1 sy,  0.0 ni, 79.2 id,  0.1 wa,  0.0 hi,  0.6 si,  0.1 st
%Cpu(s):  8.7 us,  4.6 sy,  0.0 ni, 86.3 id,  0.0 wa,  0.0 hi,  0.4 si,  0.0 st
%Cpu(s):  7.5 us,  4.3 sy,  0.0 ni, 87.6 id,  0.0 wa,  0.0 hi,  0.5 si,  0.1 st
%Cpu(s): 15.8 us,  3.8 sy,  0.0 ni, 79.5 id,  0.0 wa,  0.0 hi,  0.8 si,  0.1 st
%Cpu(s):  7.4 us,  4.4 sy,  0.0 ni, 87.5 id,  0.0 wa,  0.0 hi,  0.5 si,  0.1 st
%Cpu(s):  8.3 us,  3.8 sy,  0.0 ni, 87.6 id,  0.0 wa,  0.0 hi,  0.4 si,  0.0 st
%Cpu(s):  9.4 us,  4.6 sy,  0.0 ni, 85.4 id,  0.0 wa,  0.0 hi,  0.5 si,  0.1 st
%Cpu(s):  8.8 us,  3.4 sy,  0.0 ni, 86.8 id,  0.0 wa,  0.0 hi,  0.9 si,  0.1 st
%Cpu(s):  6.6 us,  4.4 sy,  0.0 ni, 88.4 id,  0.0 wa,  0.0 hi,  0.5 si,  0.1 st
%Cpu(s):  8.2 us,  4.7 sy,  0.0 ni, 86.0 id,  0.0 wa,  0.0 hi,  1.0 si,  0.0 st
%Cpu(s):  7.7 us,  3.8 sy,  0.0 ni, 88.1 id,  0.0 wa,  0.0 hi,  0.4 si,  0.0 st
%Cpu(s):  8.2 us,  4.3 sy,  0.0 ni, 86.4 id,  0.0 wa,  0.0 hi,  1.0 si,  0.1 st
%Cpu(s):  7.0 us,  4.8 sy,  0.0 ni, 87.8 id,  0.0 wa,  0.0 hi,  0.4 si,  0.0 st
%Cpu(s):  6.7 us,  4.5 sy,  0.0 ni, 85.6 id,  2.0 wa,  0.0 hi,  1.0 si,  0.1 st
%Cpu(s): 18.4 us,  4.1 sy,  0.0 ni, 76.1 id,  0.0 wa,  0.0 hi,  1.3 si,  0.1 st
%Cpu(s): 19.3 us,  4.9 sy,  0.0 ni, 74.7 id,  0.0 wa,  0.0 hi,  1.0 si,  0.1 st
%Cpu(s): 11.1 us,  4.8 sy,  0.0 ni, 83.5 id,  0.0 wa,  0.0 hi,  0.5 si,  0.0 st
%Cpu(s): 18.1 us,  3.4 sy,  0.0 ni, 77.9 id,  0.0 wa,  0.0 hi,  0.6 si,  0.0 st
%Cpu(s): 10.7 us,  3.1 sy,  0.0 ni, 85.6 id,  0.1 wa,  0.0 hi,  0.4 si,  0.1 st
