%Cpu(s):  1.3 us,  0.4 sy,  0.0 ni, 98.2 id,  0.1 wa,  0.0 hi,  0.0 si,  0.0 st
%Cpu(s): 29.2 us,  1.0 sy,  0.0 ni, 68.7 id,  1.0 wa,  0.0 hi,  0.1 si,  0.0 st
%Cpu(s):  0.4 us,  0.2 sy,  0.0 ni, 99.3 id,  0.0 wa,  0.0 hi,  0.0 si,  0.1 st
%Cpu(s):  0.7 us,  0.4 sy,  0.0 ni, 98.9 id,  0.0 wa,  0.0 hi,  0.0 si,  0.0 st
%Cpu(s):  1.1 us,  0.9 sy,  0.0 ni, 98.0 id,  0.0 wa,  0.0 hi,  0.0 si,  0.0 st
%Cpu(s):  0.5 us,  0.2 sy,  0.0 ni, 99.3 id,  0.0 wa,  0.0 hi,  0.0 si,  0.0 st
%Cpu(s):  0.7 us,  0.1 sy,  0.0 ni, 99.0 id,  0.0 wa,  0.0 hi,  0.0 si,  0.1 st
%Cpu(s):  0.4 us,  0.2 sy,  0.0 ni, 99.4 id,  0.0 wa,  0.0 hi,  0.0 si,  0.0 st
%Cpu(s):  2.4 us,  0.4 sy,  0.0 ni, 97.3 id,  0.0 wa,  0.0 hi,  0.0 si,  0.0 st
%Cpu(s):  0.6 us,  0.2 sy,  0.0 ni, 99.0 id,  0.1 wa,  0.0 hi,  0.0 si,  0.0 st
%Cpu(s):  0.6 us,  0.2 sy,  0.0 ni, 99.0 id,  0.0 wa,  0.0 hi,  0.0 si,  0.1 st
%Cpu(s):  2.7 us,  1.1 sy,  0.0 ni, 95.9 id,  0.1 wa,  0.0 hi,  0.0 si,  0.1 st
%Cpu(s): 52.8 us,  5.2 sy,  0.0 ni, 41.8 id,  0.0 wa,  0.0 hi,  0.0 si,  0.1 st
%Cpu(s): 77.1 us,  3.0 sy,  0.0 ni, 19.6 id,  0.3 wa,  0.0 hi,  0.0 si,  0.0 st
%Cpu(s): 86.1 us,  3.0 sy,  0.0 ni, 10.6 id,  0.1 wa,  0.0 hi,  0.1 si,  0.1 st
%Cpu(s): 96.0 us,  2.8 sy,  0.0 ni,  1.1 id,  0.0 wa,  0.0 hi,  0.1 si,  0.0 st
%Cpu(s): 94.9 us,  3.0 sy,  0.0 ni,  1.9 id,  0.0 wa,  0.0 hi,  0.2 si,  0.0 st
%Cpu(s): 56.5 us,  1.7 sy,  0.0 ni, 41.4 id,  0.0 wa,  0.0 hi,  0.2 si,  0.1 st
%Cpu(s):  8.0 us,  1.9 sy,  0.0 ni, 89.7 id,  0.0 wa,  0.0 hi,  0.3 si,  0.1 st
%Cpu(s):  7.3 us,  1.8 sy,  0.0 ni, 90.7 id,  0.0 wa,  0.0 hi,  0.0 si,  0.3 st
%Cpu(s):  5.1 us,  1.8 sy,  0.0 ni, 92.9 id,  0.0 wa,  0.0 hi,  0.0 si,  0.3 st
%Cpu(s):  9.0 us,  2.0 sy,  0.0 ni, 88.7 id,  0.0 wa,  0.0 hi,  0.0 si,  0.3 st
%Cpu(s): 11.8 us,  1.6 sy,  0.0 ni, 86.2 id,  0.0 wa,  0.0 hi,  0.1 si,  0.3 st
%Cpu(s):  9.8 us,  1.6 sy,  0.0 ni, 88.2 id,  0.0 wa,  0.0 hi,  0.1 si,  0.3 st
%Cpu(s):  7.1 us,  2.1 sy,  0.0 ni, 90.2 id,  0.1 wa,  0.0 hi,  0.1 si,  0.4 st
%Cpu(s):  4.3 us,  2.5 sy,  0.0 ni, 92.8 id,  0.0 wa,  0.0 hi,  0.1 si,  0.3 st
%Cpu(s):  5.1 us,  2.0 sy,  0.0 ni, 92.7 id,  0.0 wa,  0.0 hi,  0.0 si,  0.3 st
%Cpu(s): 25.8 us,  2.5 sy,  0.0 ni, 71.2 id,  0.0 wa,  0.0 hi,  0.3 si,  0.3 st
%Cpu(s): 49.2 us,  4.8 sy,  0.0 ni, 45.1 id,  0.0 wa,  0.0 hi,  0.8 si,  0.1 st
%Cpu(s): 69.2 us,  5.0 sy,  0.0 ni, 24.2 id,  0.0 wa,  0.0 hi,  1.6 si,  0.0 st
%Cpu(s): 73.9 us,  4.1 sy,  0.0 ni, 20.8 id,  0.0 wa,  0.0 hi,  1.1 si,  0.0 st
%Cpu(s): 60.0 us,  4.4 sy,  0.0 ni, 34.5 id,  0.0 wa,  0.0 hi,  1.1 si,  0.0 st
%Cpu(s): 51.1 us,  4.4 sy,  0.0 ni, 43.0 id,  0.0 wa,  0.0 hi,  1.4 si,  0.0 st
%Cpu(s): 36.8 us,  4.6 sy,  0.0 ni, 57.8 id,  0.0 wa,  0.0 hi,  0.8 si,  0.0 st
%Cpu(s): 18.3 us,  4.1 sy,  0.0 ni, 77.0 id,  0.0 wa,  0.0 hi,  0.5 si,  0.0 st
%Cpu(s): 10.6 us,  5.4 sy,  0.0 ni, 82.9 id,  0.0 wa,  0.0 hi,  1.0 si,  0.0 st
%Cpu(s):  7.6 us,  4.2 sy,  0.0 ni, 87.4 id,  0.0 wa,  0.0 hi,  0.8 si,  0.0 st
%Cpu(s):  8.2 us,  5.6 sy,  0.0 ni, 85.7 id,  0.0 wa,  0.0 hi,  0.4 si,  0.1 st
%Cpu(s):  8.0 us,  4.2 sy,  0.0 ni, 87.0 id,  0.0 wa,  0.0 hi,  0.8 si,  0.0 st
%Cpu(s): 10.8 us,  3.8 sy,  0.0 ni, 84.5 id,  0.1 wa,  0.0 hi,  0.6 si,  0.1 st
%Cpu(s):  7.2 us,  4.6 sy,  0.0 ni, 87.5 id,  0.0 wa,  0.0 hi,  0.6 si,  0.1 st
%Cpu(s): 10.0 us,  5.6 sy,  0.0 ni, 83.7 id,  0.0 wa,  0.0 hi,  0.8 si,  0.0 st
%Cpu(s):  8.4 us,  5.5 sy,  0.0 ni, 85.5 id,  0.0 wa,  0.0 hi,  0.6 si,  0.0 st
%Cpu(s):  8.1 us,  5.3 sy,  0.0 ni, 86.0 id,  0.0 wa,  0.0 hi,  0.6 si,  0.0 st
%Cpu(s):  6.3 us,  3.9 sy,  0.0 ni, 88.7 id,  0.0 wa,  0.0 hi,  1.2 si,  0.0 st
%Cpu(s):  8.5 us,  5.2 sy,  0.0 ni, 85.4 id,  0.0 wa,  0.0 hi,  0.8 si,  0.1 st
%Cpu(s): 11.1 us,  5.3 sy,  0.0 ni, 82.6 id,  0.0 wa,  0.0 hi,  1.0 si,  0.0 st
%Cpu(s):  8.4 us,  5.3 sy,  0.0 ni, 85.4 id,  0.0 wa,  0.0 hi,  0.9 si,  0.0 st
%Cpu(s):  7.9 us,  5.4 sy,  0.0 ni, 85.7 id,  0.0 wa,  0.0 hi,  0.9 si,  0.1 st
%Cpu(s): 55.4 us,  4.3 sy,  0.0 ni, 38.8 id,  0.0 wa,  0.0 hi,  1.5 si,  0.0 st
%Cpu(s): 51.3 us,  4.9 sy,  0.0 ni, 42.9 id,  0.0 wa,  0.0 hi,  0.9 si,  0.0 st
%Cpu(s): 30.7 us,  3.9 sy,  0.0 ni, 64.9 id,  0.0 wa,  0.0 hi,  0.5 si,  0.0 st
%Cpu(s): 14.0 us,  4.7 sy,  0.0 ni, 80.5 id,  0.0 wa,  0.0 hi,  0.8 si,  0.0 st
%Cpu(s):  9.1 us,  5.2 sy,  0.0 ni, 84.8 id,  0.0 wa,  0.0 hi,  1.0 si,  0.0 st
%Cpu(s):  8.2 us,  4.3 sy,  0.0 ni, 86.6 id,  0.0 wa,  0.0 hi,  0.8 si,  0.1 st
%Cpu(s):  7.3 us,  5.9 sy,  0.0 ni, 86.4 id,  0.0 wa,  0.0 hi,  0.5 si,  0.0 st
%Cpu(s): 10.0 us,  3.7 sy,  0.0 ni, 85.5 id,  0.1 wa,  0.0 hi,  0.5 si,  0.1 st
%Cpu(s):  9.1 us,  4.1 sy,  0.0 ni, 86.0 id,  0.0 wa,  0.0 hi,  0.6 si,  0.1 st
%Cpu(s): 10.4 us,  5.5 sy,  0.0 ni, 83.5 id,  0.0 wa,  0.0 hi,  0.6 si,  0.0 st
%Cpu(s):  7.4 us,  5.0 sy,  0.0 ni, 86.9 id,  0.0 wa,  0.0 hi,  0.8 si,  0.0 st
%Cpu(s):  7.9 us,  5.4 sy,  0.0 ni, 85.9 id,  0.0 wa,  0.0 hi,  0.8 si,  0.0 st
%Cpu(s):  7.4 us,  5.1 sy,  0.0 ni, 86.7 id,  0.0 wa,  0.0 hi,  0.8 si,  0.0 st
%Cpu(s):  8.0 us,  4.0 sy,  0.0 ni, 86.9 id,  0.0 wa,  0.0 hi,  1.0 si,  0.1 st
%Cpu(s):  8.1 us,  5.4 sy,  0.0 ni, 85.7 id,  0.0 wa,  0.0 hi,  0.9 si,  0.0 st
%Cpu(s): 10.9 us,  5.6 sy,  0.0 ni, 82.7 id,  0.0 wa,  0.0 hi,  0.9 si,  0.0 st
%Cpu(s):  8.2 us,  5.0 sy,  0.0 ni, 85.9 id,  0.0 wa,  0.0 hi,  0.9 si,  0.0 st
