%Cpu(s):  2.0 us,  0.4 sy,  0.0 ni, 97.6 id,  0.1 wa,  0.0 hi,  0.0 si,  0.0 st
%Cpu(s): 24.4 us,  1.4 sy,  0.0 ni, 74.1 id,  0.0 wa,  0.0 hi,  0.1 si,  0.0 st
%Cpu(s): 27.6 us,  1.5 sy,  0.0 ni, 70.6 id,  0.0 wa,  0.0 hi,  0.1 si,  0.1 st
%Cpu(s): 28.5 us,  0.7 sy,  0.0 ni, 70.6 id,  0.0 wa,  0.0 hi,  0.1 si,  0.0 st
%Cpu(s): 21.8 us,  1.1 sy,  0.0 ni, 76.9 id,  0.1 wa,  0.0 hi,  0.1 si,  0.0 st
%Cpu(s): 30.4 us,  1.0 sy,  0.0 ni, 68.2 id,  0.2 wa,  0.0 hi,  0.1 si,  0.0 st
%Cpu(s): 41.0 us,  1.6 sy,  0.0 ni, 56.3 id,  1.1 wa,  0.0 hi,  0.0 si,  0.0 st
%Cpu(s):  8.1 us,  0.2 sy,  0.0 ni, 91.7 id,  0.0 wa,  0.0 hi,  0.0 si,  0.0 st
%Cpu(s):  2.6 us,  0.5 sy,  0.0 ni, 96.8 id,  0.0 wa,  0.0 hi,  0.1 si,  0.0 st
%Cpu(s):  1.0 us,  0.4 sy,  0.0 ni, 98.6 id,  0.0 wa,  0.0 hi,  0.0 si,  0.0 st
%Cpu(s):  3.5 us,  0.6 sy,  0.0 ni, 95.9 id,  0.0 wa,  0.0 hi,  0.0 si,  0.0 st
%Cpu(s):  4.2 us,  0.5 sy,  0.0 ni, 95.2 id,  0.1 wa,  0.0 hi,  0.0 si,  0.0 st
%Cpu(s): 50.2 us,  5.0 sy,  0.0 ni, 44.7 id,  0.0 wa,  0.0 hi,  0.1 si,  0.0 st
%Cpu(s): 84.7 us,  3.4 sy,  0.0 ni, 11.9 id,  0.0 wa,  0.0 hi,  0.0 si,  0.0 st
%Cpu(s): 88.1 us,  2.2 sy,  0.0 ni,  9.6 id,  0.0 wa,  0.0 hi,  0.0 si,  0.0 st
%Cpu(s): 75.5 us,  2.6 sy,  0.0 ni, 21.7 id,  0.0 wa,  0.0 hi,  0.1 si,  0.0 st
%Cpu(s): 93.9 us,  2.5 sy,  0.0 ni,  3.2 id,  0.2 wa,  0.0 hi,  0.1 si,  0.0 st
%Cpu(s): 96.3 us,  2.7 sy,  0.0 ni,  0.6 id,  0.0 wa,  0.0 hi,  0.4 si,  0.0 st
%Cpu(s): 95.5 us,  3.6 sy,  0.0 ni,  0.9 id,  0.0 wa,  0.0 hi,  0.0 si,  0.0 st
%Cpu(s): 96.9 us,  2.6 sy,  0.0 ni,  0.4 id,  0.0 wa,  0.0 hi,  0.1 si,  0.0 st
%Cpu(s): 91.8 us,  2.1 sy,  0.0 ni,  5.7 id,  0.0 wa,  0.0 hi,  0.4 si,  0.0 st
%Cpu(s): 59.4 us,  2.1 sy,  0.0 ni, 38.4 id,  0.0 wa,  0.0 hi,  0.1 si,  0.0 st
%Cpu(s): 40.5 us,  3.1 sy,  0.0 ni, 55.8 id,  0.1 wa,  0.0 hi,  0.4 si,  0.1 st
%Cpu(s): 37.3 us,  2.6 sy,  0.0 ni, 59.3 id,  0.0 wa,  0.0 hi,  0.7 si,  0.0 st
%Cpu(s): 44.6 us,  2.6 sy,  0.0 ni, 51.8 id,  0.0 wa,  0.0 hi,  1.0 si,  0.0 st
%Cpu(s): 22.5 us,  2.0 sy,  0.0 ni, 75.0 id,  0.0 wa,  0.0 hi,  0.5 si,  0.0 st
%Cpu(s): 17.1 us,  3.1 sy,  0.0 ni, 79.2 id,  0.0 wa,  0.0 hi,  0.6 si,  0.0 st
%Cpu(s): 15.2 us,  2.5 sy,  0.0 ni, 81.2 id,  0.0 wa,  0.0 hi,  1.0 si,  0.0 st
%Cpu(s): 39.3 us,  4.8 sy,  0.0 ni, 53.8 id,  0.0 wa,  0.0 hi,  2.0 si,  0.0 st
%Cpu(s): 23.5 us,  6.6 sy,  0.0 ni, 67.6 id,  0.0 wa,  0.0 hi,  2.3 si,  0.0 st
%Cpu(s): 22.0 us,  4.0 sy,  0.0 ni, 71.6 id,  0.0 wa,  0.0 hi,  2.4 si,  0.0 st
%Cpu(s): 46.9 us,  3.8 sy,  0.0 ni, 47.2 id,  0.0 wa,  0.0 hi,  2.0 si,  0.1 st
%Cpu(s): 41.5 us,  5.7 sy,  0.0 ni, 51.3 id,  0.0 wa,  0.0 hi,  1.5 si,  0.0 st
%Cpu(s):  8.4 us,  3.6 sy,  0.0 ni, 87.0 id,  0.0 wa,  0.0 hi,  0.9 si,  0.0 st
%Cpu(s): 13.2 us,  4.8 sy,  0.0 ni, 80.7 id,  0.0 wa,  0.0 hi,  1.4 si,  0.0 st
%Cpu(s): 13.2 us,  3.7 sy,  0.0 ni, 81.6 id,  0.0 wa,  0.0 hi,  1.5 si,  0.0 st
%Cpu(s):  9.5 us,  4.0 sy,  0.0 ni, 85.1 id,  0.1 wa,  0.0 hi,  1.3 si,  0.0 st
%Cpu(s): 10.1 us,  4.6 sy,  0.0 ni, 83.7 id,  0.0 wa,  0.0 hi,  1.5 si,  0.1 st
%Cpu(s): 26.2 us,  5.1 sy,  0.0 ni, 67.5 id,  0.0 wa,  0.0 hi,  1.3 si,  0.0 st
%Cpu(s): 20.3 us,  3.9 sy,  0.0 ni, 74.5 id,  0.0 wa,  0.0 hi,  1.3 si,  0.0 st
%Cpu(s): 17.4 us,  4.0 sy,  0.0 ni, 77.2 id,  0.0 wa,  0.0 hi,  1.3 si,  0.1 st
%Cpu(s): 21.1 us,  4.7 sy,  0.0 ni, 73.2 id,  0.0 wa,  0.0 hi,  1.0 si,  0.0 st
%Cpu(s): 12.9 us,  4.8 sy,  0.0 ni, 80.6 id,  0.0 wa,  0.0 hi,  1.8 si,  0.0 st
%Cpu(s):  8.2 us,  3.5 sy,  0.0 ni, 87.2 id,  0.0 wa,  0.0 hi,  1.1 si,  0.0 st
%Cpu(s):  9.2 us,  3.9 sy,  0.0 ni, 85.8 id,  0.0 wa,  0.0 hi,  1.0 si,  0.0 st
%Cpu(s):  7.2 us,  4.8 sy,  0.0 ni, 86.5 id,  0.0 wa,  0.0 hi,  1.4 si,  0.1 st
%Cpu(s):  9.5 us,  4.6 sy,  0.0 ni, 84.4 id,  0.0 wa,  0.0 hi,  1.5 si,  0.0 st
%Cpu(s):  7.6 us,  4.3 sy,  0.0 ni, 86.9 id,  0.0 wa,  0.0 hi,  1.3 si,  0.0 st
%Cpu(s):  8.2 us,  4.1 sy,  0.0 ni, 86.7 id,  0.0 wa,  0.0 hi,  1.0 si,  0.0 st
%Cpu(s): 38.2 us,  5.4 sy,  0.0 ni, 53.4 id,  0.0 wa,  0.0 hi,  3.0 si,  0.0 st
%Cpu(s): 43.9 us,  5.6 sy,  0.0 ni, 48.0 id,  0.0 wa,  0.0 hi,  2.5 si,  0.0 st
%Cpu(s): 31.8 us,  7.1 sy,  0.0 ni, 57.9 id,  0.0 wa,  0.0 hi,  3.1 si,  0.0 st
%Cpu(s): 31.1 us,  5.8 sy,  0.0 ni, 61.3 id,  0.0 wa,  0.0 hi,  1.8 si,  0.0 st
%Cpu(s): 20.3 us,  4.5 sy,  0.0 ni, 74.1 id,  0.0 wa,  0.0 hi,  1.1 si,  0.0 st
%Cpu(s): 15.5 us,  3.8 sy,  0.0 ni, 79.5 id,  0.0 wa,  0.0 hi,  1.3 si,  0.0 st
%Cpu(s): 12.0 us,  3.9 sy,  0.0 ni, 83.2 id,  0.0 wa,  0.0 hi,  0.9 si,  0.0 st
%Cpu(s):  9.1 us,  2.8 sy,  0.0 ni, 86.8 id,  0.0 wa,  0.0 hi,  1.3 si,  0.0 st
%Cpu(s): 17.0 us,  2.6 sy,  0.0 ni, 79.8 id,  0.0 wa,  0.0 hi,  0.6 si,  0.0 st
%Cpu(s): 17.8 us,  2.1 sy,  0.0 ni, 79.3 id,  0.0 wa,  0.0 hi,  0.8 si,  0.0 st
%Cpu(s):  5.9 us,  1.5 sy,  0.0 ni, 92.3 id,  0.0 wa,  0.0 hi,  0.3 si,  0.0 st
%Cpu(s):  2.5 us,  1.4 sy,  0.0 ni, 96.0 id,  0.0 wa,  0.0 hi,  0.1 si,  0.0 st
%Cpu(s):  7.8 us,  3.9 sy,  0.0 ni, 87.3 id,  0.0 wa,  0.0 hi,  1.0 si,  0.0 st
%Cpu(s):  8.9 us,  4.0 sy,  0.0 ni, 85.8 id,  0.0 wa,  0.0 hi,  1.3 si,  0.0 st
%Cpu(s):  8.1 us,  4.9 sy,  0.0 ni, 85.4 id,  0.0 wa,  0.0 hi,  1.5 si,  0.1 st
%Cpu(s):  9.1 us,  4.6 sy,  0.0 ni, 85.0 id,  0.0 wa,  0.0 hi,  1.3 si,  0.0 st
%Cpu(s):  7.3 us,  4.2 sy,  0.0 ni, 87.2 id,  0.0 wa,  0.0 hi,  1.4 si,  0.0 st
%Cpu(s):  8.2 us,  4.1 sy,  0.0 ni, 86.4 id,  0.0 wa,  0.0 hi,  1.2 si,  0.0 st
%Cpu(s): 42.7 us,  5.5 sy,  0.0 ni, 48.8 id,  0.0 wa,  0.0 hi,  3.0 si,  0.0 st
%Cpu(s): 44.5 us,  6.1 sy,  0.0 ni, 46.8 id,  0.0 wa,  0.0 hi,  2.5 si,  0.0 st
%Cpu(s): 30.3 us,  7.2 sy,  0.0 ni, 59.7 id,  0.0 wa,  0.0 hi,  2.7 si,  0.0 st
%Cpu(s): 31.9 us,  5.0 sy,  0.0 ni, 61.0 id,  0.0 wa,  0.0 hi,  2.0 si,  0.0 st
%Cpu(s): 17.5 us,  4.5 sy,  0.0 ni, 77.0 id,  0.0 wa,  0.0 hi,  1.0 si,  0.0 st
%Cpu(s): 15.4 us,  3.5 sy,  0.0 ni, 80.1 id,  0.0 wa,  0.0 hi,  1.0 si,  0.0 st
%Cpu(s): 11.1 us,  4.0 sy,  0.0 ni, 83.7 id,  0.0 wa,  0.0 hi,  1.1 si,  0.0 st
%Cpu(s): 11.0 us,  2.8 sy,  0.0 ni, 85.1 id,  0.0 wa,  0.0 hi,  1.1 si,  0.0 st
%Cpu(s): 18.1 us,  2.8 sy,  0.0 ni, 78.4 id,  0.0 wa,  0.0 hi,  0.8 si,  0.0 st
%Cpu(s): 15.3 us,  1.8 sy,  0.0 ni, 82.4 id,  0.0 wa,  0.0 hi,  0.5 si,  0.0 st
%Cpu(s):  3.9 us,  1.3 sy,  0.0 ni, 94.6 id,  0.0 wa,  0.0 hi,  0.3 si,  0.0 st
