%Cpu(s):  1.7 us,  0.8 sy,  0.0 ni, 97.3 id,  0.0 wa,  0.0 hi,  0.1 si,  0.0 st
%Cpu(s):  0.1 us,  0.1 sy,  0.0 ni, 99.8 id,  0.0 wa,  0.0 hi,  0.0 si,  0.0 st
%Cpu(s):  0.1 us,  0.2 sy,  0.0 ni, 99.6 id,  0.0 wa,  0.0 hi,  0.0 si,  0.0 st
%Cpu(s):  0.0 us,  0.1 sy,  0.0 ni, 99.9 id,  0.0 wa,  0.0 hi,  0.0 si,  0.0 st
%Cpu(s):  6.7 us,  0.5 sy,  0.0 ni, 92.7 id,  0.1 wa,  0.0 hi,  0.0 si,  0.0 st
%Cpu(s): 34.2 us,  2.8 sy,  0.0 ni, 62.9 id,  0.0 wa,  0.0 hi,  0.0 si,  0.1 st
%Cpu(s): 20.2 us,  2.9 sy,  0.0 ni, 76.8 id,  0.0 wa,  0.0 hi,  0.1 si,  0.0 st
%Cpu(s): 27.0 us,  3.5 sy,  0.0 ni, 69.4 id,  0.0 wa,  0.0 hi,  0.0 si,  0.1 st
%Cpu(s): 41.8 us,  3.2 sy,  0.0 ni, 54.9 id,  0.0 wa,  0.0 hi,  0.0 si,  0.1 st
%Cpu(s): 35.2 us,  3.0 sy,  0.0 ni, 61.8 id,  0.0 wa,  0.0 hi,  0.0 si,  0.0 st
%Cpu(s):  8.7 us,  3.5 sy,  0.0 ni, 87.6 id,  0.0 wa,  0.0 hi,  0.1 si,  0.0 st
%Cpu(s):  4.6 us,  2.5 sy,  0.0 ni, 92.6 id,  0.0 wa,  0.0 hi,  0.3 si,  0.0 st
%Cpu(s):  7.6 us,  3.2 sy,  0.0 ni, 88.9 id,  0.0 wa,  0.0 hi,  0.3 si,  0.1 st
%Cpu(s):  4.7 us,  2.9 sy,  0.0 ni, 92.0 id,  0.0 wa,  0.0 hi,  0.4 si,  0.0 st
%Cpu(s):  4.9 us,  2.7 sy,  0.0 ni, 91.8 id,  0.1 wa,  0.0 hi,  0.4 si,  0.1 st
%Cpu(s):  6.5 us,  2.3 sy,  0.0 ni, 91.2 id,  0.0 wa,  0.0 hi,  0.0 si,  0.0 st
%Cpu(s): 24.8 us,  2.4 sy,  0.0 ni, 72.1 id,  0.0 wa,  0.0 hi,  0.5 si,  0.1 st
%Cpu(s): 25.6 us,  4.1 sy,  0.0 ni, 69.6 id,  0.0 wa,  0.0 hi,  0.8 si,  0.0 st
%Cpu(s):  7.5 us,  6.2 sy,  0.0 ni, 84.9 id,  0.0 wa,  0.0 hi,  1.4 si,  0.0 st
%Cpu(s):  8.6 us,  6.0 sy,  0.0 ni, 83.9 id,  0.0 wa,  0.0 hi,  1.5 si,  0.0 st
%Cpu(s):  7.0 us,  5.6 sy,  0.0 ni, 86.1 id,  0.0 wa,  0.0 hi,  1.3 si,  0.0 st
%Cpu(s): 11.0 us,  6.6 sy,  0.0 ni, 81.2 id,  0.0 wa,  0.0 hi,  1.1 si,  0.0 st
%Cpu(s): 10.4 us,  5.5 sy,  0.0 ni, 82.7 id,  0.0 wa,  0.0 hi,  1.4 si,  0.0 st
%Cpu(s):  8.2 us,  6.1 sy,  0.0 ni, 83.9 id,  0.0 wa,  0.0 hi,  1.8 si,  0.0 st
%Cpu(s):  6.8 us,  6.4 sy,  0.0 ni, 85.2 id,  0.0 wa,  0.0 hi,  1.7 si,  0.0 st
%Cpu(s):  8.9 us,  6.2 sy,  0.0 ni, 83.8 id,  0.0 wa,  0.0 hi,  1.1 si,  0.0 st
%Cpu(s):  8.7 us,  5.0 sy,  0.0 ni, 84.6 id,  0.0 wa,  0.0 hi,  1.5 si,  0.1 st
%Cpu(s):  8.8 us,  6.7 sy,  0.0 ni, 82.6 id,  0.0 wa,  0.0 hi,  1.9 si,  0.0 st
%Cpu(s):  9.5 us,  6.1 sy,  0.0 ni, 82.3 id,  0.0 wa,  0.0 hi,  2.1 si,  0.0 st
%Cpu(s):  7.8 us,  6.7 sy,  0.0 ni, 83.9 id,  0.1 wa,  0.0 hi,  1.4 si,  0.0 st
%Cpu(s):  8.8 us,  6.4 sy,  0.0 ni, 83.1 id,  0.0 wa,  0.0 hi,  1.6 si,  0.0 st
%Cpu(s):  8.1 us,  6.5 sy,  0.0 ni, 84.0 id,  0.0 wa,  0.0 hi,  1.4 si,  0.0 st
%Cpu(s):  9.3 us,  6.0 sy,  0.0 ni, 83.5 id,  0.0 wa,  0.0 hi,  1.3 si,  0.0 st
%Cpu(s):  8.5 us,  7.4 sy,  0.0 ni, 82.8 id,  0.0 wa,  0.0 hi,  1.3 si,  0.0 st
%Cpu(s):  8.4 us,  7.1 sy,  0.0 ni, 83.3 id,  0.0 wa,  0.0 hi,  1.1 si,  0.0 st
%Cpu(s):  8.4 us,  8.4 sy,  0.0 ni, 81.7 id,  0.0 wa,  0.0 hi,  1.4 si,  0.0 st
%Cpu(s):  8.0 us,  7.8 sy,  0.0 ni, 83.8 id,  0.0 wa,  0.0 hi,  0.4 si,  0.0 st
%Cpu(s):  9.4 us,  7.5 sy,  0.0 ni, 83.0 id,  0.0 wa,  0.0 hi,  0.1 si,  0.0 st
%Cpu(s):  8.4 us,  8.4 sy,  0.0 ni, 83.2 id,  0.0 wa,  0.0 hi,  0.0 si,  0.0 st
%Cpu(s):  7.8 us,  6.3 sy,  0.0 ni, 85.9 id,  0.0 wa,  0.0 hi,  0.0 si,  0.0 st
%Cpu(s):  8.3 us,  7.4 sy,  0.0 ni, 84.4 id,  0.0 wa,  0.0 hi,  0.0 si,  0.0 st
%Cpu(s):  8.4 us,  6.6 sy,  0.0 ni, 84.9 id,  0.0 wa,  0.0 hi,  0.0 si,  0.0 st
%Cpu(s):  8.3 us,  6.3 sy,  0.0 ni, 85.4 id,  0.0 wa,  0.0 hi,  0.0 si,  0.0 st
%Cpu(s):  7.3 us,  6.6 sy,  0.0 ni, 86.1 id,  0.0 wa,  0.0 hi,  0.0 si,  0.0 st
%Cpu(s):  8.6 us,  8.6 sy,  0.0 ni, 82.7 id,  0.0 wa,  0.0 hi,  0.1 si,  0.0 st
%Cpu(s):  8.1 us,  7.6 sy,  0.0 ni, 84.3 id,  0.0 wa,  0.0 hi,  0.0 si,  0.0 st
%Cpu(s): 24.1 us,  7.4 sy,  0.0 ni, 68.1 id,  0.0 wa,  0.0 hi,  0.4 si,  0.0 st
%Cpu(s): 13.2 us,  7.4 sy,  0.0 ni, 78.7 id,  0.0 wa,  0.0 hi,  0.8 si,  0.0 st
%Cpu(s): 10.2 us,  7.5 sy,  0.0 ni, 82.2 id,  0.0 wa,  0.0 hi,  0.1 si,  0.0 st
%Cpu(s):  8.3 us,  5.7 sy,  0.0 ni, 85.9 id,  0.1 wa,  0.0 hi,  0.0 si,  0.0 st
%Cpu(s):  9.0 us,  6.3 sy,  0.0 ni, 84.6 id,  0.0 wa,  0.0 hi,  0.1 si,  0.0 st
%Cpu(s):  8.1 us,  7.5 sy,  0.0 ni, 84.4 id,  0.0 wa,  0.0 hi,  0.0 si,  0.0 st
%Cpu(s):  7.7 us,  6.1 sy,  0.0 ni, 86.1 id,  0.0 wa,  0.0 hi,  0.0 si,  0.0 st
%Cpu(s):  8.5 us,  6.7 sy,  0.0 ni, 84.9 id,  0.0 wa,  0.0 hi,  0.0 si,  0.0 st
%Cpu(s):  9.1 us,  6.2 sy,  0.0 ni, 84.7 id,  0.0 wa,  0.0 hi,  0.0 si,  0.0 st
%Cpu(s): 11.9 us,  5.5 sy,  0.0 ni, 82.6 id,  0.0 wa,  0.0 hi,  0.0 si,  0.0 st
%Cpu(s):  8.1 us,  7.5 sy,  0.0 ni, 84.4 id,  0.0 wa,  0.0 hi,  0.0 si,  0.0 st
%Cpu(s):  9.1 us,  6.0 sy,  0.0 ni, 84.7 id,  0.0 wa,  0.0 hi,  0.1 si,  0.0 st
%Cpu(s):  7.5 us,  7.3 sy,  0.0 ni, 85.2 id,  0.0 wa,  0.0 hi,  0.0 si,  0.0 st
%Cpu(s):  9.1 us,  7.4 sy,  0.0 ni, 82.1 id,  0.0 wa,  0.0 hi,  1.4 si,  0.0 st
%Cpu(s): 10.4 us,  7.7 sy,  0.0 ni, 80.9 id,  0.0 wa,  0.0 hi,  1.0 si,  0.0 st
%Cpu(s):  8.2 us,  6.3 sy,  0.0 ni, 85.4 id,  0.0 wa,  0.0 hi,  0.1 si,  0.0 st
%Cpu(s):  6.5 us,  7.5 sy,  0.0 ni, 86.1 id,  0.0 wa,  0.0 hi,  0.0 si,  0.0 st
%Cpu(s):  6.4 us,  6.7 sy,  0.0 ni, 86.5 id,  0.0 wa,  0.0 hi,  0.4 si,  0.0 st
%Cpu(s):  6.9 us,  6.0 sy,  0.0 ni, 85.9 id,  0.0 wa,  0.0 hi,  1.1 si,  0.0 st
%Cpu(s):  5.4 us,  5.3 sy,  0.0 ni, 88.0 id,  0.0 wa,  0.0 hi,  1.3 si,  0.0 st
%Cpu(s):  4.8 us,  4.4 sy,  0.0 ni, 89.6 id,  0.0 wa,  0.0 hi,  1.1 si,  0.0 st
%Cpu(s):  4.2 us,  3.8 sy,  0.0 ni, 91.6 id,  0.0 wa,  0.0 hi,  0.5 si,  0.0 st
%Cpu(s):  3.7 us,  2.3 sy,  0.0 ni, 93.6 id,  0.1 wa,  0.0 hi,  0.2 si,  0.0 st
%Cpu(s):  3.0 us,  2.4 sy,  0.0 ni, 94.5 id,  0.0 wa,  0.0 hi,  0.0 si,  0.1 st
%Cpu(s):  2.5 us,  2.0 sy,  0.0 ni, 95.5 id,  0.0 wa,  0.0 hi,  0.0 si,  0.0 st
%Cpu(s):  3.3 us,  1.4 sy,  0.0 ni, 95.3 id,  0.0 wa,  0.0 hi,  0.0 si,  0.0 st
%Cpu(s):  2.1 us,  2.5 sy,  0.0 ni, 95.4 id,  0.0 wa,  0.0 hi,  0.0 si,  0.0 st
%Cpu(s):  3.1 us,  1.5 sy,  0.0 ni, 95.1 id,  0.1 wa,  0.0 hi,  0.0 si,  0.1 st
%Cpu(s):  2.9 us,  2.1 sy,  0.0 ni, 95.0 id,  0.0 wa,  0.0 hi,  0.0 si,  0.0 st
%Cpu(s):  2.1 us,  1.9 sy,  0.0 ni, 96.0 id,  0.0 wa,  0.0 hi,  0.0 si,  0.0 st
%Cpu(s):  1.5 us,  0.6 sy,  0.0 ni, 97.9 id,  0.0 wa,  0.0 hi,  0.0 si,  0.0 st
%Cpu(s):  1.4 us,  1.1 sy,  0.0 ni, 97.5 id,  0.0 wa,  0.0 hi,  0.0 si,  0.0 st
%Cpu(s):  1.5 us,  0.6 sy,  0.0 ni, 97.7 id,  0.0 wa,  0.0 hi,  0.0 si,  0.1 st
%Cpu(s):  1.4 us,  0.9 sy,  0.0 ni, 97.4 id,  0.0 wa,  0.0 hi,  0.3 si,  0.1 st
%Cpu(s):  2.5 us,  1.5 sy,  0.0 ni, 96.0 id,  0.0 wa,  0.0 hi,  0.0 si,  0.0 st
%Cpu(s):  2.5 us,  0.7 sy,  0.0 ni, 96.4 id,  0.0 wa,  0.0 hi,  0.1 si,  0.2 st
%Cpu(s):  1.5 us,  1.2 sy,  0.0 ni, 97.0 id,  0.0 wa,  0.0 hi,  0.1 si,  0.1 st
%Cpu(s):  1.4 us,  0.5 sy,  0.0 ni, 97.9 id,  0.0 wa,  0.0 hi,  0.2 si,  0.0 st
%Cpu(s):  0.1 us,  0.0 sy,  0.0 ni, 99.9 id,  0.0 wa,  0.0 hi,  0.0 si,  0.0 st
%Cpu(s):  0.1 us,  0.1 sy,  0.0 ni, 99.8 id,  0.0 wa,  0.0 hi,  0.0 si,  0.0 st
%Cpu(s):  0.1 us,  0.1 sy,  0.0 ni, 99.8 id,  0.0 wa,  0.0 hi,  0.0 si,  0.0 st
%Cpu(s):  0.2 us,  0.2 sy,  0.0 ni, 99.5 id,  0.0 wa,  0.0 hi,  0.0 si,  0.0 st
