%Cpu(s):  1.4 us,  0.2 sy,  0.0 ni, 98.4 id,  0.0 wa,  0.0 hi,  0.0 si,  0.0 st
%Cpu(s):  3.5 us,  1.7 sy,  0.0 ni, 94.8 id,  0.0 wa,  0.0 hi,  0.0 si,  0.0 st
%Cpu(s): 78.6 us,  5.9 sy,  0.0 ni, 15.5 id,  0.0 wa,  0.0 hi,  0.0 si,  0.0 st
%Cpu(s): 86.0 us,  2.3 sy,  0.0 ni, 11.8 id,  0.0 wa,  0.0 hi,  0.0 si,  0.0 st
%Cpu(s): 77.0 us,  2.3 sy,  0.0 ni, 20.8 id,  0.0 wa,  0.0 hi,  0.0 si,  0.0 st
%Cpu(s): 87.8 us,  2.6 sy,  0.0 ni,  9.5 id,  0.0 wa,  0.0 hi,  0.1 si,  0.0 st
%Cpu(s): 97.3 us,  1.5 sy,  0.0 ni,  1.1 id,  0.0 wa,  0.0 hi,  0.1 si,  0.0 st
%Cpu(s): 95.4 us,  2.1 sy,  0.0 ni,  2.3 id,  0.0 wa,  0.0 hi,  0.3 si,  0.0 st
%Cpu(s): 96.5 us,  2.7 sy,  0.0 ni,  0.6 id,  0.0 wa,  0.0 hi,  0.1 si,  0.0 st
%Cpu(s): 93.8 us,  2.2 sy,  0.0 ni,  4.0 id,  0.0 wa,  0.0 hi,  0.0 si,  0.0 st
%Cpu(s): 28.8 us,  1.5 sy,  0.0 ni, 69.6 id,  0.0 wa,  0.0 hi,  0.0 si,  0.1 st
%Cpu(s):  4.6 us,  1.1 sy,  0.0 ni, 94.1 id,  0.0 wa,  0.0 hi,  0.1 si,  0.0 st
%Cpu(s):  2.5 us,  1.0 sy,  0.0 ni, 96.5 id,  0.0 wa,  0.0 hi,  0.0 si,  0.0 st
%Cpu(s):  1.7 us,  1.2 sy,  0.0 ni, 97.0 id,  0.0 wa,  0.0 hi,  0.0 si,  0.0 st
%Cpu(s):  1.9 us,  1.1 sy,  0.0 ni, 97.0 id,  0.0 wa,  0.0 hi,  0.0 si,  0.0 st
%Cpu(s):  1.5 us,  1.2 sy,  0.0 ni, 97.3 id,  0.0 wa,  0.0 hi,  0.0 si,  0.0 st
%Cpu(s):  4.8 us,  1.0 sy,  0.0 ni, 94.2 id,  0.0 wa,  0.0 hi,  0.0 si,  0.0 st
%Cpu(s): 60.7 us,  4.3 sy,  0.0 ni, 34.3 id,  0.0 wa,  0.0 hi,  0.8 si,  0.0 st
%Cpu(s): 67.6 us,  6.7 sy,  0.0 ni, 23.4 id,  0.0 wa,  0.0 hi,  2.2 si,  0.1 st
%Cpu(s): 59.7 us,  7.6 sy,  0.0 ni, 29.4 id,  0.0 wa,  0.0 hi,  3.3 si,  0.0 st
%Cpu(s): 74.2 us,  8.4 sy,  0.0 ni, 14.0 id,  0.0 wa,  0.0 hi,  3.5 si,  0.0 st
%Cpu(s): 59.2 us,  7.4 sy,  0.0 ni, 29.9 id,  0.0 wa,  0.0 hi,  3.5 si,  0.0 st
%Cpu(s): 19.9 us,  6.9 sy,  0.0 ni, 70.4 id,  0.0 wa,  0.0 hi,  2.8 si,  0.0 st
%Cpu(s): 18.9 us,  6.3 sy,  0.0 ni, 71.6 id,  0.0 wa,  0.0 hi,  3.2 si,  0.0 st
%Cpu(s): 27.3 us,  8.8 sy,  0.0 ni, 61.9 id,  0.0 wa,  0.0 hi,  1.9 si,  0.0 st
%Cpu(s): 25.2 us,  8.9 sy,  0.0 ni, 62.1 id,  0.0 wa,  0.0 hi,  3.7 si,  0.1 st
%Cpu(s): 26.1 us,  7.6 sy,  0.0 ni, 63.5 id,  0.0 wa,  0.0 hi,  2.8 si,  0.0 st
%Cpu(s): 32.4 us,  7.2 sy,  0.0 ni, 57.7 id,  0.0 wa,  0.0 hi,  2.7 si,  0.0 st
%Cpu(s): 30.8 us,  8.1 sy,  0.0 ni, 58.8 id,  0.0 wa,  0.0 hi,  2.4 si,  0.0 st
%Cpu(s): 30.0 us,  7.5 sy,  0.0 ni, 59.4 id,  0.0 wa,  0.0 hi,  3.1 si,  0.0 st
%Cpu(s): 28.0 us,  7.4 sy,  0.0 ni, 56.5 id,  4.9 wa,  0.0 hi,  3.0 si,  0.1 st
%Cpu(s): 30.2 us,  8.7 sy,  0.0 ni, 58.6 id,  0.0 wa,  0.0 hi,  2.5 si,  0.0 st
%Cpu(s): 32.6 us,  7.2 sy,  0.0 ni, 57.3 id,  0.0 wa,  0.0 hi,  2.9 si,  0.0 st
%Cpu(s): 15.0 us,  7.0 sy,  0.0 ni, 74.6 id,  0.0 wa,  0.0 hi,  3.3 si,  0.0 st
%Cpu(s): 15.8 us,  7.5 sy,  0.0 ni, 74.3 id,  0.0 wa,  0.0 hi,  2.4 si,  0.0 st
%Cpu(s): 23.1 us,  8.4 sy,  0.0 ni, 63.4 id,  2.8 wa,  0.0 hi,  2.3 si,  0.0 st
%Cpu(s): 27.7 us,  7.1 sy,  0.0 ni, 62.3 id,  0.0 wa,  0.0 hi,  2.9 si,  0.0 st
%Cpu(s): 23.4 us,  8.1 sy,  0.0 ni, 65.3 id,  0.0 wa,  0.0 hi,  3.2 si,  0.0 st
%Cpu(s): 15.3 us,  6.8 sy,  0.0 ni, 74.7 id,  0.1 wa,  0.0 hi,  3.1 si,  0.0 st
%Cpu(s): 17.8 us,  7.1 sy,  0.0 ni, 72.5 id,  0.0 wa,  0.0 hi,  2.7 si,  0.0 st
%Cpu(s): 22.2 us,  7.2 sy,  0.0 ni, 67.0 id,  0.0 wa,  0.0 hi,  3.6 si,  0.0 st
%Cpu(s): 33.8 us,  6.5 sy,  0.0 ni, 57.5 id,  0.0 wa,  0.0 hi,  2.0 si,  0.1 st
%Cpu(s): 37.6 us,  7.2 sy,  0.0 ni, 52.8 id,  0.0 wa,  0.0 hi,  2.3 si,  0.1 st
%Cpu(s): 13.4 us,  8.7 sy,  0.0 ni, 75.8 id,  0.0 wa,  0.0 hi,  2.0 si,  0.0 st
%Cpu(s): 15.0 us,  7.4 sy,  0.0 ni, 74.7 id,  0.0 wa,  0.0 hi,  2.8 si,  0.0 st
%Cpu(s): 15.2 us,  7.6 sy,  0.0 ni, 74.6 id,  0.0 wa,  0.0 hi,  2.7 si,  0.0 st
%Cpu(s): 27.4 us,  7.2 sy,  0.0 ni, 62.7 id,  0.0 wa,  0.0 hi,  2.7 si,  0.0 st
%Cpu(s): 25.0 us,  7.6 sy,  0.0 ni, 64.9 id,  0.0 wa,  0.0 hi,  2.4 si,  0.0 st
%Cpu(s): 21.1 us,  7.8 sy,  0.0 ni, 68.6 id,  0.0 wa,  0.0 hi,  2.4 si,  0.0 st
%Cpu(s): 14.4 us,  6.7 sy,  0.0 ni, 75.9 id,  0.0 wa,  0.0 hi,  3.1 si,  0.0 st
%Cpu(s): 17.1 us,  7.3 sy,  0.0 ni, 73.4 id,  0.0 wa,  0.0 hi,  2.3 si,  0.0 st
%Cpu(s): 22.7 us,  7.9 sy,  0.0 ni, 66.5 id,  0.0 wa,  0.0 hi,  2.8 si,  0.0 st
%Cpu(s): 26.3 us,  7.1 sy,  0.0 ni, 63.8 id,  0.0 wa,  0.0 hi,  2.8 si,  0.0 st
%Cpu(s): 23.9 us,  7.5 sy,  0.0 ni, 65.6 id,  0.0 wa,  0.0 hi,  3.0 si,  0.0 st
%Cpu(s): 16.8 us,  7.1 sy,  0.0 ni, 73.2 id,  0.0 wa,  0.0 hi,  2.8 si,  0.0 st
%Cpu(s): 12.1 us,  7.5 sy,  0.0 ni, 77.8 id,  0.0 wa,  0.0 hi,  2.7 si,  0.0 st
%Cpu(s): 17.5 us,  6.5 sy,  0.0 ni, 73.5 id,  0.0 wa,  0.0 hi,  2.4 si,  0.0 st
%Cpu(s): 23.7 us,  7.9 sy,  0.0 ni, 65.1 id,  0.0 wa,  0.0 hi,  3.3 si,  0.0 st
%Cpu(s): 27.0 us,  7.4 sy,  0.0 ni, 62.8 id,  0.1 wa,  0.0 hi,  2.7 si,  0.0 st
%Cpu(s): 21.1 us,  7.4 sy,  0.0 ni, 68.9 id,  0.0 wa,  0.0 hi,  2.6 si,  0.0 st
%Cpu(s): 16.0 us,  6.7 sy,  0.0 ni, 74.9 id,  0.0 wa,  0.0 hi,  2.4 si,  0.0 st
%Cpu(s): 13.3 us,  7.2 sy,  0.0 ni, 76.7 id,  0.0 wa,  0.0 hi,  2.8 si,  0.0 st
%Cpu(s): 26.9 us,  6.8 sy,  0.0 ni, 63.5 id,  0.0 wa,  0.0 hi,  2.8 si,  0.0 st
%Cpu(s): 28.2 us,  8.0 sy,  0.0 ni, 60.7 id,  0.0 wa,  0.0 hi,  2.9 si,  0.1 st
%Cpu(s): 25.6 us,  6.4 sy,  0.0 ni, 65.4 id,  0.0 wa,  0.0 hi,  2.6 si,  0.0 st
%Cpu(s): 14.8 us,  6.5 sy,  0.0 ni, 75.5 id,  0.0 wa,  0.0 hi,  3.2 si,  0.0 st
%Cpu(s): 13.9 us,  7.4 sy,  0.0 ni, 75.9 id,  0.0 wa,  0.0 hi,  2.7 si,  0.1 st
%Cpu(s): 26.2 us,  7.6 sy,  0.0 ni, 62.8 id,  0.0 wa,  0.0 hi,  3.4 si,  0.0 st
%Cpu(s): 26.8 us,  8.2 sy,  0.0 ni, 62.4 id,  0.0 wa,  0.0 hi,  2.6 si,  0.0 st
%Cpu(s): 31.4 us,  7.7 sy,  0.0 ni, 58.0 id,  0.0 wa,  0.0 hi,  2.9 si,  0.0 st
%Cpu(s): 17.5 us,  7.3 sy,  0.0 ni, 72.1 id,  0.0 wa,  0.0 hi,  3.2 si,  0.0 st
%Cpu(s): 16.3 us,  7.6 sy,  0.0 ni, 74.1 id,  0.0 wa,  0.0 hi,  2.0 si,  0.0 st
%Cpu(s): 52.0 us,  6.3 sy,  0.0 ni, 38.8 id,  0.0 wa,  0.0 hi,  2.8 si,  0.1 st
%Cpu(s): 25.8 us,  8.1 sy,  0.0 ni, 64.3 id,  0.0 wa,  0.0 hi,  1.9 si,  0.0 st
%Cpu(s): 25.4 us,  6.2 sy,  0.0 ni, 66.1 id,  0.0 wa,  0.0 hi,  2.3 si,  0.0 st
%Cpu(s): 20.8 us,  6.1 sy,  0.0 ni, 71.0 id,  0.0 wa,  0.0 hi,  2.0 si,  0.0 st
%Cpu(s): 16.1 us,  5.6 sy,  0.0 ni, 76.0 id,  0.0 wa,  0.0 hi,  2.3 si,  0.0 st
%Cpu(s): 18.6 us,  5.0 sy,  0.0 ni, 73.9 id,  0.0 wa,  0.0 hi,  2.4 si,  0.0 st
%Cpu(s): 11.7 us,  3.5 sy,  0.0 ni, 83.7 id,  0.0 wa,  0.0 hi,  1.0 si,  0.1 st
%Cpu(s):  5.9 us,  3.0 sy,  0.0 ni, 90.5 id,  0.0 wa,  0.0 hi,  0.6 si,  0.0 st
%Cpu(s): 19.1 us,  2.5 sy,  0.0 ni, 78.0 id,  0.0 wa,  0.0 hi,  0.4 si,  0.0 st
%Cpu(s): 16.7 us,  2.6 sy,  0.0 ni, 80.3 id,  0.0 wa,  0.0 hi,  0.4 si,  0.0 st
%Cpu(s):  9.0 us,  2.1 sy,  0.0 ni, 88.6 id,  0.0 wa,  0.0 hi,  0.2 si,  0.0 st
