%Cpu(s):  0.7 us,  0.1 sy,  0.0 ni, 99.3 id,  0.0 wa,  0.0 hi,  0.0 si,  0.0 st
%Cpu(s): 24.3 us,  3.7 sy,  0.0 ni, 71.8 id,  0.0 wa,  0.0 hi,  0.1 si,  0.0 st
%Cpu(s): 89.3 us,  3.6 sy,  0.0 ni,  7.0 id,  0.0 wa,  0.0 hi,  0.0 si,  0.0 st
%Cpu(s): 87.7 us,  2.3 sy,  0.0 ni, 10.0 id,  0.0 wa,  0.0 hi,  0.0 si,  0.0 st
%Cpu(s): 73.0 us,  2.5 sy,  0.0 ni, 24.3 id,  0.0 wa,  0.0 hi,  0.1 si,  0.0 st
%Cpu(s): 95.2 us,  2.1 sy,  0.0 ni,  2.6 id,  0.0 wa,  0.0 hi,  0.0 si,  0.0 st
%Cpu(s): 97.6 us,  1.9 sy,  0.0 ni,  0.4 id,  0.0 wa,  0.0 hi,  0.1 si,  0.0 st
%Cpu(s): 96.0 us,  2.2 sy,  0.0 ni,  1.2 id,  0.1 wa,  0.0 hi,  0.4 si,  0.0 st
%Cpu(s): 97.1 us,  2.4 sy,  0.0 ni,  0.5 id,  0.0 wa,  0.0 hi,  0.0 si,  0.0 st
%Cpu(s): 96.4 us,  2.4 sy,  0.0 ni,  1.1 id,  0.0 wa,  0.0 hi,  0.0 si,  0.1 st
%Cpu(s): 94.5 us,  3.5 sy,  0.0 ni,  1.6 id,  0.0 wa,  0.0 hi,  0.4 si,  0.0 st
%Cpu(s): 89.2 us,  8.6 sy,  0.0 ni,  0.5 id,  0.0 wa,  0.0 hi,  1.7 si,  0.0 st
%Cpu(s): 90.5 us,  7.3 sy,  0.0 ni,  1.1 id,  0.0 wa,  0.0 hi,  1.1 si,  0.0 st
%Cpu(s): 90.9 us,  4.7 sy,  0.0 ni,  3.5 id,  0.0 wa,  0.0 hi,  0.7 si,  0.1 st
%Cpu(s): 92.6 us,  3.7 sy,  0.0 ni,  2.6 id,  0.0 wa,  0.0 hi,  1.0 si,  0.0 st
%Cpu(s): 59.3 us,  3.9 sy,  0.0 ni, 36.1 id,  0.0 wa,  0.0 hi,  0.8 si,  0.0 st
%Cpu(s): 79.0 us,  5.9 sy,  0.0 ni, 13.5 id,  0.0 wa,  0.0 hi,  1.6 si,  0.0 st
%Cpu(s): 88.7 us,  6.5 sy,  0.0 ni,  3.3 id,  0.0 wa,  0.0 hi,  1.4 si,  0.1 st
%Cpu(s): 84.0 us,  8.3 sy,  0.0 ni,  5.9 id,  0.0 wa,  0.0 hi,  1.7 si,  0.0 st
%Cpu(s): 66.5 us,  6.7 sy,  0.0 ni, 24.9 id,  0.0 wa,  0.0 hi,  1.8 si,  0.1 st
%Cpu(s): 43.5 us,  6.3 sy,  0.0 ni, 48.9 id,  0.0 wa,  0.0 hi,  1.4 si,  0.0 st
%Cpu(s): 51.2 us,  6.8 sy,  0.0 ni, 39.7 id,  0.0 wa,  0.0 hi,  2.1 si,  0.1 st
%Cpu(s): 51.6 us,  7.0 sy,  0.0 ni, 38.6 id,  0.0 wa,  0.0 hi,  2.5 si,  0.2 st
%Cpu(s): 52.6 us,  6.4 sy,  0.0 ni, 39.5 id,  0.0 wa,  0.0 hi,  1.4 si,  0.1 st
%Cpu(s): 75.5 us,  7.7 sy,  0.0 ni, 14.7 id,  0.0 wa,  0.0 hi,  2.1 si,  0.0 st
%Cpu(s): 66.7 us,  8.5 sy,  0.0 ni, 22.2 id,  0.0 wa,  0.0 hi,  2.5 si,  0.1 st
%Cpu(s): 64.7 us,  7.1 sy,  0.0 ni, 25.5 id,  0.0 wa,  0.0 hi,  2.6 si,  0.0 st
%Cpu(s): 54.9 us,  7.4 sy,  0.0 ni, 35.8 id,  0.0 wa,  0.0 hi,  1.9 si,  0.1 st
%Cpu(s): 74.3 us,  6.5 sy,  0.0 ni, 17.4 id,  0.0 wa,  0.0 hi,  1.7 si,  0.1 st
%Cpu(s): 55.6 us,  6.9 sy,  0.0 ni, 36.0 id,  0.0 wa,  0.0 hi,  1.6 si,  0.0 st
%Cpu(s): 35.1 us,  6.7 sy,  0.0 ni, 56.8 id,  0.0 wa,  0.0 hi,  1.3 si,  0.1 st
%Cpu(s): 30.5 us,  6.5 sy,  0.0 ni, 61.3 id,  0.0 wa,  0.0 hi,  1.5 si,  0.1 st
%Cpu(s): 43.5 us,  7.1 sy,  0.0 ni, 47.5 id,  0.0 wa,  0.0 hi,  1.9 si,  0.0 st
%Cpu(s): 32.0 us,  5.4 sy,  0.0 ni, 60.3 id,  0.0 wa,  0.0 hi,  2.1 si,  0.1 st
%Cpu(s): 26.5 us,  6.0 sy,  0.0 ni, 65.8 id,  0.0 wa,  0.0 hi,  1.6 si,  0.1 st
%Cpu(s): 24.0 us,  6.6 sy,  0.0 ni, 67.7 id,  0.0 wa,  0.0 hi,  1.5 si,  0.1 st
%Cpu(s): 26.6 us,  5.9 sy,  0.0 ni, 65.6 id,  0.0 wa,  0.0 hi,  1.8 si,  0.1 st
%Cpu(s): 36.9 us,  7.6 sy,  0.0 ni, 53.4 id,  0.0 wa,  0.0 hi,  2.1 si,  0.0 st
%Cpu(s): 25.9 us,  5.8 sy,  0.0 ni, 66.8 id,  0.0 wa,  0.0 hi,  1.3 si,  0.1 st
%Cpu(s): 18.8 us,  7.3 sy,  0.0 ni, 72.1 id,  0.0 wa,  0.0 hi,  1.6 si,  0.1 st
%Cpu(s): 22.5 us,  6.4 sy,  0.0 ni, 69.4 id,  0.0 wa,  0.0 hi,  1.7 si,  0.0 st
%Cpu(s): 38.7 us,  6.8 sy,  0.0 ni, 52.7 id,  0.0 wa,  0.0 hi,  1.6 si,  0.1 st
%Cpu(s): 38.6 us,  6.3 sy,  0.0 ni, 53.6 id,  0.0 wa,  0.0 hi,  1.5 si,  0.0 st
%Cpu(s): 18.8 us,  7.1 sy,  0.0 ni, 72.5 id,  0.0 wa,  0.0 hi,  1.6 si,  0.0 st
%Cpu(s): 20.2 us,  5.8 sy,  0.0 ni, 72.2 id,  0.0 wa,  0.0 hi,  1.6 si,  0.3 st
%Cpu(s): 19.1 us,  6.2 sy,  0.0 ni, 72.6 id,  0.0 wa,  0.0 hi,  2.1 si,  0.0 st
%Cpu(s): 17.4 us,  6.6 sy,  0.0 ni, 74.0 id,  0.0 wa,  0.0 hi,  1.8 si,  0.1 st
%Cpu(s): 18.9 us,  6.3 sy,  0.0 ni, 72.9 id,  0.0 wa,  0.0 hi,  1.8 si,  0.1 st
%Cpu(s): 31.7 us,  5.8 sy,  0.0 ni, 61.1 id,  0.0 wa,  0.0 hi,  1.4 si,  0.0 st
%Cpu(s): 20.4 us,  6.1 sy,  0.0 ni, 71.4 id,  0.0 wa,  0.0 hi,  2.0 si,  0.1 st
%Cpu(s): 35.1 us,  6.4 sy,  0.0 ni, 57.6 id,  0.0 wa,  0.0 hi,  0.9 si,  0.0 st
%Cpu(s): 22.5 us,  5.9 sy,  0.0 ni, 70.0 id,  0.0 wa,  0.0 hi,  1.5 si,  0.1 st
%Cpu(s): 21.0 us,  6.4 sy,  0.0 ni, 70.5 id,  0.0 wa,  0.0 hi,  2.0 si,  0.1 st
%Cpu(s): 13.3 us,  5.8 sy,  0.0 ni, 79.5 id,  0.0 wa,  0.0 hi,  1.4 si,  0.0 st
%Cpu(s): 16.3 us,  5.6 sy,  0.0 ni, 76.4 id,  0.0 wa,  0.0 hi,  1.6 si,  0.1 st
%Cpu(s): 14.6 us,  5.7 sy,  0.0 ni, 77.8 id,  0.0 wa,  0.0 hi,  1.7 si,  0.1 st
%Cpu(s): 13.4 us,  5.6 sy,  0.0 ni, 79.3 id,  0.0 wa,  0.0 hi,  1.5 si,  0.1 st
%Cpu(s): 16.4 us,  6.3 sy,  0.0 ni, 75.8 id,  0.0 wa,  0.0 hi,  1.4 si,  0.1 st
%Cpu(s): 16.6 us,  6.1 sy,  0.0 ni, 75.9 id,  0.0 wa,  0.0 hi,  1.4 si,  0.1 st
%Cpu(s): 14.4 us,  6.3 sy,  0.0 ni, 77.8 id,  0.0 wa,  0.0 hi,  1.4 si,  0.1 st
%Cpu(s): 13.6 us,  5.9 sy,  0.0 ni, 78.8 id,  0.0 wa,  0.0 hi,  1.6 si,  0.1 st
%Cpu(s):  7.4 us,  3.8 sy,  0.0 ni, 88.1 id,  0.0 wa,  0.0 hi,  0.8 si,  0.0 st
%Cpu(s):  2.9 us,  1.1 sy,  0.0 ni, 95.8 id,  0.0 wa,  0.0 hi,  0.2 si,  0.0 st
%Cpu(s):  2.9 us,  0.5 sy,  0.0 ni, 96.6 id,  0.0 wa,  0.0 hi,  0.0 si,  0.0 st
%Cpu(s):  2.4 us,  0.9 sy,  0.0 ni, 96.6 id,  0.0 wa,  0.0 hi,  0.1 si,  0.0 st
%Cpu(s):  2.1 us,  0.7 sy,  0.0 ni, 97.1 id,  0.0 wa,  0.0 hi,  0.0 si,  0.0 st
%Cpu(s):  2.4 us,  0.9 sy,  0.0 ni, 96.7 id,  0.0 wa,  0.0 hi,  0.0 si,  0.0 st
%Cpu(s):  1.9 us,  1.2 sy,  0.0 ni, 96.8 id,  0.0 wa,  0.0 hi,  0.1 si,  0.0 st
%Cpu(s):  2.8 us,  1.1 sy,  0.0 ni, 96.0 id,  0.0 wa,  0.0 hi,  0.0 si,  0.1 st
%Cpu(s):  4.5 us,  1.0 sy,  0.0 ni, 94.5 id,  0.0 wa,  0.0 hi,  0.0 si,  0.0 st
%Cpu(s):  2.5 us,  0.9 sy,  0.0 ni, 96.6 id,  0.0 wa,  0.0 hi,  0.0 si,  0.0 st
%Cpu(s):  4.0 us,  0.9 sy,  0.0 ni, 95.0 id,  0.0 wa,  0.0 hi,  0.0 si,  0.1 st
%Cpu(s):  8.7 us,  0.6 sy,  0.0 ni, 90.6 id,  0.1 wa,  0.0 hi,  0.0 si,  0.0 st
%Cpu(s):  6.7 us,  1.4 sy,  0.0 ni, 91.9 id,  0.0 wa,  0.0 hi,  0.0 si,  0.0 st
%Cpu(s):  3.2 us,  1.6 sy,  0.0 ni, 95.0 id,  0.0 wa,  0.0 hi,  0.1 si,  0.0 st
%Cpu(s):  1.8 us,  1.6 sy,  0.0 ni, 96.6 id,  0.0 wa,  0.0 hi,  0.0 si,  0.0 st
%Cpu(s):  2.1 us,  1.2 sy,  0.0 ni, 96.6 id,  0.0 wa,  0.0 hi,  0.0 si,  0.0 st
%Cpu(s):  1.3 us,  0.9 sy,  0.0 ni, 97.7 id,  0.0 wa,  0.0 hi,  0.0 si,  0.1 st
%Cpu(s):  2.0 us,  0.8 sy,  0.0 ni, 97.2 id,  0.0 wa,  0.0 hi,  0.0 si,  0.0 st
