%Cpu(s):  0.2 us,  0.0 sy,  0.0 ni, 99.7 id,  0.0 wa,  0.0 hi,  0.0 si,  0.0 st
%Cpu(s):  1.1 us,  0.6 sy,  0.0 ni, 98.2 id,  0.0 wa,  0.0 hi,  0.0 si,  0.0 st
%Cpu(s):  3.8 us,  1.2 sy,  0.0 ni, 94.9 id,  0.0 wa,  0.0 hi,  0.0 si,  0.1 st
%Cpu(s):  5.8 us,  1.4 sy,  0.0 ni, 92.8 id,  0.0 wa,  0.0 hi,  0.0 si,  0.0 st
%Cpu(s):  1.6 us,  0.6 sy,  0.0 ni, 97.8 id,  0.0 wa,  0.0 hi,  0.0 si,  0.0 st
%Cpu(s):  7.7 us,  1.2 sy,  0.0 ni, 91.0 id,  0.0 wa,  0.0 hi,  0.0 si,  0.0 st
%Cpu(s): 59.6 us,  2.6 sy,  0.0 ni, 37.7 id,  0.0 wa,  0.0 hi,  0.1 si,  0.0 st
%Cpu(s): 86.3 us,  7.5 sy,  0.0 ni,  5.0 id,  0.0 wa,  0.0 hi,  1.1 si,  0.0 st
%Cpu(s): 91.4 us,  7.1 sy,  0.0 ni,  0.5 id,  0.0 wa,  0.0 hi,  1.0 si,  0.0 st
%Cpu(s): 90.9 us,  6.9 sy,  0.0 ni,  0.2 id,  0.0 wa,  0.0 hi,  2.0 si,  0.0 st
%Cpu(s): 89.2 us,  6.6 sy,  0.0 ni,  2.7 id,  0.0 wa,  0.0 hi,  1.5 si,  0.0 st
%Cpu(s): 90.7 us,  6.4 sy,  0.0 ni,  1.7 id,  0.0 wa,  0.0 hi,  1.2 si,  0.0 st
%Cpu(s): 68.2 us,  6.0 sy,  0.0 ni, 24.8 id,  0.0 wa,  0.0 hi,  1.0 si,  0.0 st
%Cpu(s): 27.4 us,  5.3 sy,  0.0 ni, 65.9 id,  0.1 wa,  0.0 hi,  1.1 si,  0.1 st
%Cpu(s): 15.7 us,  4.5 sy,  0.0 ni, 79.2 id,  0.0 wa,  0.0 hi,  0.6 si,  0.0 st
%Cpu(s): 36.8 us,  4.5 sy,  0.0 ni, 57.6 id,  0.0 wa,  0.0 hi,  1.0 si,  0.0 st
%Cpu(s): 50.9 us,  5.1 sy,  0.0 ni, 43.3 id,  0.0 wa,  0.0 hi,  0.6 si,  0.1 st
%Cpu(s): 48.0 us,  5.5 sy,  0.0 ni, 45.6 id,  0.0 wa,  0.0 hi,  0.9 si,  0.0 st
%Cpu(s): 52.5 us,  5.9 sy,  0.0 ni, 40.6 id,  0.0 wa,  0.0 hi,  1.0 si,  0.0 st
%Cpu(s): 52.8 us,  5.1 sy,  0.0 ni, 41.5 id,  0.0 wa,  0.0 hi,  0.6 si,  0.0 st
%Cpu(s): 54.9 us,  4.5 sy,  0.0 ni, 39.3 id,  0.0 wa,  0.0 hi,  1.1 si,  0.1 st
%Cpu(s): 19.4 us,  3.8 sy,  0.0 ni, 76.3 id,  0.0 wa,  0.0 hi,  0.5 si,  0.0 st
%Cpu(s): 11.3 us,  4.0 sy,  0.0 ni, 83.9 id,  0.0 wa,  0.0 hi,  0.8 si,  0.0 st
%Cpu(s):  9.6 us,  3.0 sy,  0.0 ni, 86.7 id,  0.1 wa,  0.0 hi,  0.5 si,  0.0 st
%Cpu(s):  6.9 us,  3.9 sy,  0.0 ni, 88.6 id,  0.0 wa,  0.0 hi,  0.6 si,  0.0 st
%Cpu(s):  6.6 us,  4.2 sy,  0.0 ni, 88.6 id,  0.0 wa,  0.0 hi,  0.5 si,  0.0 st
%Cpu(s):  6.6 us,  4.2 sy,  0.0 ni, 88.4 id,  0.0 wa,  0.0 hi,  0.9 si,  0.0 st
%Cpu(s):  6.7 us,  4.0 sy,  0.0 ni, 88.7 id,  0.0 wa,  0.0 hi,  0.5 si,  0.0 st
%Cpu(s):  7.4 us,  4.5 sy,  0.0 ni, 87.5 id,  0.0 wa,  0.0 hi,  0.5 si,  0.1 st
%Cpu(s):  8.1 us,  4.7 sy,  0.0 ni, 86.3 id,  0.0 wa,  0.0 hi,  0.9 si,  0.0 st
%Cpu(s):  6.4 us,  3.4 sy,  0.0 ni, 89.4 id,  0.0 wa,  0.0 hi,  0.6 si,  0.1 st
%Cpu(s):  5.6 us,  3.9 sy,  0.0 ni, 89.5 id,  0.0 wa,  0.0 hi,  1.0 si,  0.0 st
%Cpu(s):  7.3 us,  4.0 sy,  0.0 ni, 87.9 id,  0.0 wa,  0.0 hi,  0.9 si,  0.0 st
%Cpu(s):  6.1 us,  3.8 sy,  0.0 ni, 89.5 id,  0.0 wa,  0.0 hi,  0.6 si,  0.0 st
%Cpu(s):  6.0 us,  3.9 sy,  0.0 ni, 89.2 id,  0.0 wa,  0.0 hi,  0.9 si,  0.0 st
%Cpu(s):  6.3 us,  3.7 sy,  0.0 ni, 89.1 id,  0.0 wa,  0.0 hi,  0.9 si,  0.0 st
%Cpu(s): 13.3 us,  3.9 sy,  0.0 ni, 82.3 id,  0.0 wa,  0.0 hi,  0.5 si,  0.0 st
%Cpu(s): 15.1 us,  4.3 sy,  0.0 ni, 79.6 id,  0.0 wa,  0.0 hi,  1.0 si,  0.0 st
%Cpu(s): 19.8 us,  3.8 sy,  0.0 ni, 75.5 id,  0.1 wa,  0.0 hi,  0.6 si,  0.1 st
%Cpu(s):  9.4 us,  3.4 sy,  0.0 ni, 86.4 id,  0.0 wa,  0.0 hi,  0.8 si,  0.0 st
%Cpu(s):  6.8 us,  4.3 sy,  0.0 ni, 88.1 id,  0.0 wa,  0.0 hi,  0.8 si,  0.0 st
%Cpu(s): 11.4 us,  3.8 sy,  0.0 ni, 84.0 id,  0.0 wa,  0.0 hi,  0.9 si,  0.0 st
%Cpu(s):  6.4 us,  4.1 sy,  0.0 ni, 88.9 id,  0.0 wa,  0.0 hi,  0.5 si,  0.0 st
%Cpu(s):  5.6 us,  4.1 sy,  0.0 ni, 89.3 id,  0.1 wa,  0.0 hi,  0.9 si,  0.0 st
%Cpu(s):  6.1 us,  4.2 sy,  0.0 ni, 88.7 id,  0.0 wa,  0.0 hi,  0.9 si,  0.1 st
%Cpu(s): 13.8 us,  3.4 sy,  0.0 ni, 82.3 id,  0.0 wa,  0.0 hi,  0.5 si,  0.0 st
%Cpu(s): 11.6 us,  4.3 sy,  0.0 ni, 83.2 id,  0.0 wa,  0.0 hi,  0.9 si,  0.0 st
%Cpu(s):  7.7 us,  4.5 sy,  0.0 ni, 87.2 id,  0.0 wa,  0.0 hi,  0.6 si,  0.0 st
%Cpu(s):  6.4 us,  3.7 sy,  0.0 ni, 88.7 id,  0.6 wa,  0.0 hi,  0.5 si,  0.1 st
%Cpu(s):  7.2 us,  4.2 sy,  0.0 ni, 88.0 id,  0.0 wa,  0.0 hi,  0.6 si,  0.0 st
%Cpu(s):  4.9 us,  4.2 sy,  0.0 ni, 90.2 id,  0.0 wa,  0.0 hi,  0.6 si,  0.0 st
%Cpu(s):  4.1 us,  3.7 sy,  0.0 ni, 91.5 id,  0.0 wa,  0.0 hi,  0.6 si,  0.0 st
%Cpu(s):  4.2 us,  3.5 sy,  0.0 ni, 91.9 id,  0.0 wa,  0.0 hi,  0.4 si,  0.0 st
%Cpu(s):  4.9 us,  4.2 sy,  0.0 ni, 89.9 id,  0.1 wa,  0.0 hi,  0.9 si,  0.0 st
%Cpu(s):  5.9 us,  3.2 sy,  0.0 ni, 90.3 id,  0.0 wa,  0.0 hi,  0.6 si,  0.0 st
%Cpu(s):  6.3 us,  3.9 sy,  0.0 ni, 89.0 id,  0.0 wa,  0.0 hi,  0.6 si,  0.1 st
%Cpu(s):  6.4 us,  3.7 sy,  0.0 ni, 88.7 id,  0.0 wa,  0.0 hi,  1.1 si,  0.0 st
%Cpu(s):  4.7 us,  4.1 sy,  0.0 ni, 90.4 id,  0.0 wa,  0.0 hi,  0.9 si,  0.0 st
%Cpu(s):  5.7 us,  3.5 sy,  0.0 ni, 89.7 id,  0.0 wa,  0.0 hi,  0.9 si,  0.1 st
%Cpu(s):  5.5 us,  3.9 sy,  0.0 ni, 89.7 id,  0.0 wa,  0.0 hi,  0.9 si,  0.0 st
%Cpu(s):  5.3 us,  4.3 sy,  0.0 ni, 89.9 id,  0.0 wa,  0.0 hi,  0.6 si,  0.0 st
%Cpu(s):  2.1 us,  1.9 sy,  0.0 ni, 95.8 id,  0.0 wa,  0.0 hi,  0.1 si,  0.1 st
%Cpu(s):  0.9 us,  1.0 sy,  0.0 ni, 98.0 id,  0.0 wa,  0.0 hi,  0.0 si,  0.1 st
%Cpu(s):  1.1 us,  0.9 sy,  0.0 ni, 98.0 id,  0.0 wa,  0.0 hi,  0.0 si,  0.0 st
%Cpu(s):  1.1 us,  1.1 sy,  0.0 ni, 97.5 id,  0.0 wa,  0.0 hi,  0.2 si,  0.0 st
%Cpu(s):  1.5 us,  1.9 sy,  0.0 ni, 96.6 id,  0.0 wa,  0.0 hi,  0.0 si,  0.0 st
%Cpu(s):  3.0 us,  1.2 sy,  0.0 ni, 95.8 id,  0.0 wa,  0.0 hi,  0.0 si,  0.0 st
%Cpu(s):  1.4 us,  1.3 sy,  0.0 ni, 97.4 id,  0.0 wa,  0.0 hi,  0.0 si,  0.0 st
%Cpu(s):  3.3 us,  0.5 sy,  0.0 ni, 96.1 id,  0.1 wa,  0.0 hi,  0.0 si,  0.0 st
%Cpu(s):  1.9 us,  1.4 sy,  0.0 ni, 96.8 id,  0.0 wa,  0.0 hi,  0.0 si,  0.0 st
%Cpu(s):  1.5 us,  1.5 sy,  0.0 ni, 96.9 id,  0.0 wa,  0.0 hi,  0.0 si,  0.1 st
%Cpu(s):  1.2 us,  0.8 sy,  0.0 ni, 98.0 id,  0.0 wa,  0.0 hi,  0.0 si,  0.0 st
%Cpu(s):  0.6 us,  0.5 sy,  0.0 ni, 98.7 id,  0.0 wa,  0.0 hi,  0.0 si,  0.1 st
%Cpu(s):  0.9 us,  0.9 sy,  0.0 ni, 98.1 id,  0.0 wa,  0.0 hi,  0.1 si,  0.0 st
%Cpu(s):  1.0 us,  1.2 sy,  0.0 ni, 97.8 id,  0.0 wa,  0.0 hi,  0.0 si,  0.0 st
%Cpu(s):  1.1 us,  1.0 sy,  0.0 ni, 97.9 id,  0.0 wa,  0.0 hi,  0.0 si,  0.0 st
%Cpu(s):  0.6 us,  1.0 sy,  0.0 ni, 98.4 id,  0.0 wa,  0.0 hi,  0.0 si,  0.0 st
%Cpu(s):  1.0 us,  1.9 sy,  0.0 ni, 97.0 id,  0.1 wa,  0.0 hi,  0.0 si,  0.0 st
%Cpu(s):  1.0 us,  0.9 sy,  0.0 ni, 98.0 id,  0.0 wa,  0.0 hi,  0.0 si,  0.1 st
%Cpu(s):  0.6 us,  0.5 sy,  0.0 ni, 98.7 id,  0.0 wa,  0.0 hi,  0.0 si,  0.1 st
%Cpu(s):  0.6 us,  0.9 sy,  0.0 ni, 98.5 id,  0.0 wa,  0.0 hi,  0.0 si,  0.0 st
%Cpu(s):  1.0 us,  0.9 sy,  0.0 ni, 98.1 id,  0.0 wa,  0.0 hi,  0.0 si,  0.0 st
%Cpu(s):  1.3 us,  0.9 sy,  0.0 ni, 97.9 id,  0.0 wa,  0.0 hi,  0.0 si,  0.0 st
