%Cpu(s):  5.1 us,  0.7 sy,  0.0 ni, 94.0 id,  0.0 wa,  0.0 hi,  0.2 si,  0.0 st
%Cpu(s): 19.8 us,  3.2 sy,  0.0 ni, 76.8 id,  0.0 wa,  0.0 hi,  0.1 si,  0.0 st
%Cpu(s): 87.6 us,  4.5 sy,  0.0 ni,  7.9 id,  0.0 wa,  0.0 hi,  0.0 si,  0.0 st
%Cpu(s): 83.0 us,  2.9 sy,  0.0 ni, 14.1 id,  0.0 wa,  0.0 hi,  0.0 si,  0.0 st
%Cpu(s): 70.1 us,  2.8 sy,  0.0 ni, 27.1 id,  0.0 wa,  0.0 hi,  0.0 si,  0.0 st
%Cpu(s): 94.1 us,  1.7 sy,  0.0 ni,  4.1 id,  0.0 wa,  0.0 hi,  0.0 si,  0.0 st
%Cpu(s): 97.1 us,  2.4 sy,  0.0 ni,  0.5 id,  0.0 wa,  0.0 hi,  0.0 si,  0.0 st
%Cpu(s): 95.8 us,  3.0 sy,  0.0 ni,  1.1 id,  0.0 wa,  0.0 hi,  0.1 si,  0.0 st
%Cpu(s): 96.3 us,  3.0 sy,  0.0 ni,  0.7 id,  0.0 wa,  0.0 hi,  0.0 si,  0.0 st
%Cpu(s): 98.1 us,  1.7 sy,  0.0 ni,  0.1 id,  0.0 wa,  0.0 hi,  0.0 si,  0.0 st
%Cpu(s): 25.7 us,  1.0 sy,  0.0 ni, 73.3 id,  0.0 wa,  0.0 hi,  0.0 si,  0.0 st
%Cpu(s):  1.6 us,  0.9 sy,  0.0 ni, 97.4 id,  0.0 wa,  0.0 hi,  0.0 si,  0.1 st
%Cpu(s):  2.6 us,  1.5 sy,  0.0 ni, 95.9 id,  0.0 wa,  0.0 hi,  0.0 si,  0.0 st
%Cpu(s):  2.0 us,  0.6 sy,  0.0 ni, 97.4 id,  0.0 wa,  0.0 hi,  0.0 si,  0.0 st
%Cpu(s):  2.4 us,  1.1 sy,  0.0 ni, 96.5 id,  0.0 wa,  0.0 hi,  0.0 si,  0.0 st
%Cpu(s):  2.1 us,  1.5 sy,  0.0 ni, 96.3 id,  0.0 wa,  0.0 hi,  0.1 si,  0.0 st
%Cpu(s): 26.0 us,  1.9 sy,  0.0 ni, 71.7 id,  0.0 wa,  0.0 hi,  0.4 si,  0.0 st
%Cpu(s): 73.3 us,  5.6 sy,  0.0 ni, 18.9 id,  0.0 wa,  0.0 hi,  2.1 si,  0.0 st
%Cpu(s): 62.2 us,  6.4 sy,  0.0 ni, 28.6 id,  0.0 wa,  0.0 hi,  2.8 si,  0.0 st
%Cpu(s): 69.2 us,  7.0 sy,  0.0 ni, 20.8 id,  0.0 wa,  0.0 hi,  3.0 si,  0.0 st
%Cpu(s): 86.6 us,  7.9 sy,  0.0 ni,  2.5 id,  0.0 wa,  0.0 hi,  3.0 si,  0.0 st
%Cpu(s): 57.8 us,  7.6 sy,  0.0 ni, 31.5 id,  0.0 wa,  0.0 hi,  3.0 si,  0.0 st
%Cpu(s): 32.0 us,  7.1 sy,  0.0 ni, 58.6 id,  0.0 wa,  0.0 hi,  2.3 si,  0.0 st
%Cpu(s): 34.5 us,  7.3 sy,  0.0 ni, 55.5 id,  0.0 wa,  0.0 hi,  2.7 si,  0.0 st
%Cpu(s): 41.4 us,  7.4 sy,  0.0 ni, 48.3 id,  0.0 wa,  0.0 hi,  2.9 si,  0.0 st
%Cpu(s): 24.6 us,  8.2 sy,  0.0 ni, 63.2 id,  0.9 wa,  0.0 hi,  3.1 si,  0.0 st
%Cpu(s): 19.9 us,  8.0 sy,  0.0 ni, 68.6 id,  0.0 wa,  0.0 hi,  3.3 si,  0.1 st
%Cpu(s): 27.1 us,  7.7 sy,  0.0 ni, 61.5 id,  0.0 wa,  0.0 hi,  3.7 si,  0.0 st
%Cpu(s): 27.9 us,  8.1 sy,  0.0 ni, 61.3 id,  0.0 wa,  0.0 hi,  2.7 si,  0.0 st
%Cpu(s): 23.1 us,  7.5 sy,  0.0 ni, 67.1 id,  0.0 wa,  0.0 hi,  2.3 si,  0.0 st
%Cpu(s): 28.2 us,  7.2 sy,  0.0 ni, 62.0 id,  0.0 wa,  0.0 hi,  2.5 si,  0.0 st
%Cpu(s): 28.0 us,  7.5 sy,  0.0 ni, 62.3 id,  0.0 wa,  0.0 hi,  2.2 si,  0.0 st
%Cpu(s): 32.9 us,  8.2 sy,  0.0 ni, 55.4 id,  0.0 wa,  0.0 hi,  3.5 si,  0.0 st
%Cpu(s): 13.5 us,  6.7 sy,  0.0 ni, 75.8 id,  0.0 wa,  0.0 hi,  4.0 si,  0.0 st
%Cpu(s): 14.1 us,  6.7 sy,  0.0 ni, 75.5 id,  0.0 wa,  0.0 hi,  3.7 si,  0.0 st
%Cpu(s): 13.8 us,  7.7 sy,  0.0 ni, 74.6 id,  0.0 wa,  0.0 hi,  3.9 si,  0.0 st
%Cpu(s): 26.6 us,  6.4 sy,  0.0 ni, 63.9 id,  0.0 wa,  0.0 hi,  3.1 si,  0.0 st
%Cpu(s): 25.3 us,  7.2 sy,  0.0 ni, 64.3 id,  0.0 wa,  0.0 hi,  3.2 si,  0.0 st
%Cpu(s): 21.6 us,  8.0 sy,  0.0 ni, 68.0 id,  0.0 wa,  0.0 hi,  2.2 si,  0.3 st
%Cpu(s): 18.1 us,  7.4 sy,  0.0 ni, 72.4 id,  0.0 wa,  0.0 hi,  1.9 si,  0.1 st
%Cpu(s): 14.2 us,  7.6 sy,  0.0 ni, 75.7 id,  0.0 wa,  0.0 hi,  2.5 si,  0.0 st
%Cpu(s): 27.8 us,  7.8 sy,  0.0 ni, 60.7 id,  0.0 wa,  0.0 hi,  3.7 si,  0.0 st
%Cpu(s): 51.1 us,  6.5 sy,  0.0 ni, 38.7 id,  0.0 wa,  0.0 hi,  3.7 si,  0.0 st
%Cpu(s): 43.0 us,  7.7 sy,  0.0 ni, 46.3 id,  0.0 wa,  0.0 hi,  3.0 si,  0.0 st
%Cpu(s): 18.5 us,  7.6 sy,  0.0 ni, 71.5 id,  0.0 wa,  0.0 hi,  2.4 si,  0.0 st
%Cpu(s): 12.7 us,  8.0 sy,  0.0 ni, 76.8 id,  0.1 wa,  0.0 hi,  2.2 si,  0.1 st
%Cpu(s): 15.9 us,  6.8 sy,  0.0 ni, 74.8 id,  0.0 wa,  0.0 hi,  2.5 si,  0.0 st
%Cpu(s): 17.9 us,  7.4 sy,  0.0 ni, 70.7 id,  0.0 wa,  0.0 hi,  3.9 si,  0.0 st
%Cpu(s): 27.3 us,  6.1 sy,  0.0 ni, 62.8 id,  0.0 wa,  0.0 hi,  3.7 si,  0.0 st
%Cpu(s): 24.1 us,  7.7 sy,  0.0 ni, 64.9 id,  0.0 wa,  0.0 hi,  3.3 si,  0.0 st
%Cpu(s): 16.5 us,  7.5 sy,  0.0 ni, 73.2 id,  0.0 wa,  0.0 hi,  2.8 si,  0.0 st
%Cpu(s): 14.7 us,  7.3 sy,  0.0 ni, 75.4 id,  0.0 wa,  0.0 hi,  2.6 si,  0.0 st
%Cpu(s): 15.2 us,  7.8 sy,  0.0 ni, 74.7 id,  0.0 wa,  0.0 hi,  2.3 si,  0.0 st
%Cpu(s): 21.7 us,  7.8 sy,  0.0 ni, 67.5 id,  0.0 wa,  0.0 hi,  3.1 si,  0.0 st
%Cpu(s): 29.1 us,  7.8 sy,  0.0 ni, 60.9 id,  0.0 wa,  0.0 hi,  2.3 si,  0.0 st
%Cpu(s): 25.6 us,  7.6 sy,  0.0 ni, 63.1 id,  0.0 wa,  0.0 hi,  3.6 si,  0.1 st
%Cpu(s): 12.4 us,  5.7 sy,  0.0 ni, 78.2 id,  0.0 wa,  0.0 hi,  3.7 si,  0.0 st
%Cpu(s): 18.6 us,  6.9 sy,  0.0 ni, 71.7 id,  0.0 wa,  0.0 hi,  2.9 si,  0.0 st
%Cpu(s): 13.8 us,  6.9 sy,  0.0 ni, 76.2 id,  0.0 wa,  0.0 hi,  3.1 si,  0.0 st
%Cpu(s): 28.3 us,  7.7 sy,  0.0 ni, 61.2 id,  0.0 wa,  0.0 hi,  2.8 si,  0.0 st
%Cpu(s): 29.4 us,  7.6 sy,  0.0 ni, 60.9 id,  0.0 wa,  0.0 hi,  2.2 si,  0.0 st
%Cpu(s): 22.8 us,  8.1 sy,  0.0 ni, 66.2 id,  0.0 wa,  0.0 hi,  2.9 si,  0.0 st
%Cpu(s): 15.9 us,  7.3 sy,  0.0 ni, 74.4 id,  0.0 wa,  0.0 hi,  2.4 si,  0.0 st
%Cpu(s): 16.6 us,  7.3 sy,  0.0 ni, 73.2 id,  0.0 wa,  0.0 hi,  2.9 si,  0.0 st
%Cpu(s): 17.7 us,  6.9 sy,  0.0 ni, 71.7 id,  0.0 wa,  0.0 hi,  3.8 si,  0.0 st
%Cpu(s): 25.4 us,  6.8 sy,  0.0 ni, 65.1 id,  0.0 wa,  0.0 hi,  2.8 si,  0.0 st
%Cpu(s): 28.8 us,  7.4 sy,  0.0 ni, 61.4 id,  0.0 wa,  0.0 hi,  2.3 si,  0.0 st
%Cpu(s): 19.5 us,  6.9 sy,  0.0 ni, 71.2 id,  0.0 wa,  0.0 hi,  2.3 si,  0.1 st
%Cpu(s): 15.9 us,  7.6 sy,  0.0 ni, 74.4 id,  0.0 wa,  0.0 hi,  2.2 si,  0.0 st
%Cpu(s): 25.7 us,  5.9 sy,  0.0 ni, 65.7 id,  0.0 wa,  0.0 hi,  2.7 si,  0.0 st
%Cpu(s): 21.9 us,  7.5 sy,  0.0 ni, 67.7 id,  0.0 wa,  0.0 hi,  2.8 si,  0.1 st
%Cpu(s): 28.3 us,  6.4 sy,  0.0 ni, 63.1 id,  0.0 wa,  0.0 hi,  2.2 si,  0.0 st
%Cpu(s): 59.3 us,  5.3 sy,  0.0 ni, 33.1 id,  0.0 wa,  0.0 hi,  2.1 si,  0.1 st
%Cpu(s): 18.0 us,  7.4 sy,  0.0 ni, 72.3 id,  0.0 wa,  0.0 hi,  2.3 si,  0.0 st
%Cpu(s): 16.5 us,  5.8 sy,  0.0 ni, 74.9 id,  0.0 wa,  0.0 hi,  2.8 si,  0.0 st
%Cpu(s): 16.4 us,  6.1 sy,  0.0 ni, 75.0 id,  0.0 wa,  0.0 hi,  2.5 si,  0.0 st
%Cpu(s): 27.0 us,  6.7 sy,  0.0 ni, 63.8 id,  0.0 wa,  0.0 hi,  2.5 si,  0.0 st
%Cpu(s): 31.8 us,  6.8 sy,  0.0 ni, 59.1 id,  0.0 wa,  0.0 hi,  2.4 si,  0.0 st
%Cpu(s): 26.8 us,  6.2 sy,  0.0 ni, 64.7 id,  0.0 wa,  0.0 hi,  2.3 si,  0.0 st
%Cpu(s): 17.4 us,  5.3 sy,  0.0 ni, 75.0 id,  0.0 wa,  0.0 hi,  2.4 si,  0.0 st
%Cpu(s): 13.5 us,  5.3 sy,  0.0 ni, 79.0 id,  0.0 wa,  0.0 hi,  2.3 si,  0.0 st
%Cpu(s): 15.3 us,  5.0 sy,  0.0 ni, 76.8 id,  0.0 wa,  0.0 hi,  2.9 si,  0.0 st
%Cpu(s): 20.7 us,  3.5 sy,  0.0 ni, 74.9 id,  0.0 wa,  0.0 hi,  0.9 si,  0.0 st
