%Cpu(s):  1.4 us,  0.7 sy,  0.0 ni, 97.7 id,  0.0 wa,  0.0 hi,  0.1 si,  0.0 st
%Cpu(s): 29.9 us,  0.6 sy,  0.0 ni, 69.4 id,  0.0 wa,  0.0 hi,  0.1 si,  0.0 st
%Cpu(s):  0.5 us,  0.0 sy,  0.0 ni, 99.5 id,  0.0 wa,  0.0 hi,  0.0 si,  0.0 st
%Cpu(s):  0.1 us,  0.1 sy,  0.0 ni, 99.8 id,  0.0 wa,  0.0 hi,  0.0 si,  0.0 st
%Cpu(s):  6.0 us,  1.4 sy,  0.0 ni, 92.5 id,  0.0 wa,  0.0 hi,  0.0 si,  0.1 st
%Cpu(s): 60.8 us,  2.7 sy,  0.0 ni, 36.4 id,  0.0 wa,  0.0 hi,  0.0 si,  0.1 st
%Cpu(s): 62.7 us,  1.7 sy,  0.0 ni, 35.5 id,  0.0 wa,  0.0 hi,  0.1 si,  0.0 st
%Cpu(s): 71.3 us,  1.9 sy,  0.0 ni, 26.8 id,  0.0 wa,  0.0 hi,  0.0 si,  0.0 st
%Cpu(s): 25.2 us,  1.8 sy,  0.0 ni, 72.7 id,  0.3 wa,  0.0 hi,  0.0 si,  0.1 st
%Cpu(s): 60.7 us,  3.4 sy,  0.0 ni, 34.9 id,  0.0 wa,  0.0 hi,  1.0 si,  0.0 st
%Cpu(s): 34.2 us,  4.1 sy,  0.0 ni, 60.8 id,  0.0 wa,  0.0 hi,  0.8 si,  0.1 st
%Cpu(s): 25.9 us,  4.1 sy,  0.0 ni, 68.7 id,  0.0 wa,  0.0 hi,  1.3 si,  0.0 st
%Cpu(s): 16.9 us,  4.2 sy,  0.0 ni, 77.4 id,  0.0 wa,  0.0 hi,  1.6 si,  0.0 st
%Cpu(s): 10.0 us,  2.3 sy,  0.0 ni, 86.6 id,  0.3 wa,  0.0 hi,  0.8 si,  0.1 st
%Cpu(s): 11.1 us,  3.3 sy,  0.0 ni, 84.8 id,  0.0 wa,  0.0 hi,  0.8 si,  0.0 st
%Cpu(s):  7.7 us,  3.6 sy,  0.0 ni, 87.9 id,  0.0 wa,  0.0 hi,  0.6 si,  0.1 st
%Cpu(s):  6.9 us,  3.1 sy,  0.0 ni, 89.1 id,  0.0 wa,  0.0 hi,  0.9 si,  0.0 st
%Cpu(s):  5.9 us,  3.6 sy,  0.0 ni, 89.6 id,  0.0 wa,  0.0 hi,  0.9 si,  0.0 st
%Cpu(s):  7.9 us,  4.0 sy,  0.0 ni, 86.8 id,  0.0 wa,  0.0 hi,  1.4 si,  0.0 st
%Cpu(s):  7.6 us,  3.9 sy,  0.0 ni, 87.7 id,  0.0 wa,  0.0 hi,  0.9 si,  0.0 st
%Cpu(s):  7.7 us,  3.4 sy,  0.0 ni, 88.2 id,  0.0 wa,  0.0 hi,  0.6 si,  0.0 st
%Cpu(s):  6.8 us,  3.2 sy,  0.0 ni, 89.1 id,  0.0 wa,  0.0 hi,  0.8 si,  0.1 st
%Cpu(s):  5.6 us,  3.6 sy,  0.0 ni, 90.0 id,  0.0 wa,  0.0 hi,  0.8 si,  0.0 st
%Cpu(s):  6.3 us,  4.0 sy,  0.0 ni, 89.0 id,  0.0 wa,  0.0 hi,  0.8 si,  0.0 st
%Cpu(s):  9.1 us,  3.8 sy,  0.0 ni, 86.4 id,  0.0 wa,  0.0 hi,  0.6 si,  0.1 st
%Cpu(s): 17.4 us,  4.4 sy,  0.0 ni, 77.5 id,  0.0 wa,  0.0 hi,  0.8 si,  0.0 st
%Cpu(s): 17.9 us,  3.2 sy,  0.0 ni, 78.2 id,  0.0 wa,  0.0 hi,  0.8 si,  0.0 st
%Cpu(s): 13.0 us,  4.3 sy,  0.0 ni, 81.9 id,  0.0 wa,  0.0 hi,  0.8 si,  0.0 st
%Cpu(s):  5.2 us,  3.2 sy,  0.0 ni, 90.7 id,  0.0 wa,  0.0 hi,  1.0 si,  0.0 st
%Cpu(s):  6.1 us,  2.9 sy,  0.0 ni, 89.8 id,  0.0 wa,  0.0 hi,  1.1 si,  0.0 st
%Cpu(s):  7.1 us,  4.0 sy,  0.0 ni, 88.2 id,  0.0 wa,  0.0 hi,  0.5 si,  0.1 st
%Cpu(s):  6.8 us,  3.3 sy,  0.0 ni, 89.2 id,  0.0 wa,  0.0 hi,  0.8 si,  0.0 st
%Cpu(s):  6.2 us,  3.2 sy,  0.0 ni, 89.9 id,  0.0 wa,  0.0 hi,  0.8 si,  0.0 st
%Cpu(s):  5.1 us,  3.1 sy,  0.0 ni, 90.3 id,  0.1 wa,  0.0 hi,  1.2 si,  0.1 st
%Cpu(s):  5.9 us,  3.3 sy,  0.0 ni, 90.0 id,  0.0 wa,  0.0 hi,  0.8 si,  0.0 st
%Cpu(s):  7.3 us,  4.2 sy,  0.0 ni, 87.9 id,  0.0 wa,  0.0 hi,  0.6 si,  0.0 st
%Cpu(s):  7.2 us,  4.2 sy,  0.0 ni, 88.0 id,  0.0 wa,  0.0 hi,  0.6 si,  0.0 st
%Cpu(s):  7.0 us,  2.6 sy,  0.0 ni, 89.5 id,  0.0 wa,  0.0 hi,  0.9 si,  0.0 st
%Cpu(s): 16.4 us,  3.5 sy,  0.0 ni, 79.5 id,  0.0 wa,  0.0 hi,  0.6 si,  0.0 st
%Cpu(s): 18.5 us,  3.9 sy,  0.0 ni, 77.4 id,  0.0 wa,  0.0 hi,  0.2 si,  0.0 st
%Cpu(s): 17.3 us,  4.6 sy,  0.0 ni, 77.1 id,  0.0 wa,  0.0 hi,  0.9 si,  0.1 st
%Cpu(s):  8.6 us,  4.1 sy,  0.0 ni, 86.5 id,  0.0 wa,  0.0 hi,  0.7 si,  0.0 st
%Cpu(s):  6.4 us,  3.5 sy,  0.0 ni, 88.7 id,  0.0 wa,  0.0 hi,  1.1 si,  0.1 st
%Cpu(s):  5.4 us,  3.9 sy,  0.0 ni, 90.0 id,  0.0 wa,  0.0 hi,  0.6 si,  0.0 st
%Cpu(s):  5.5 us,  3.3 sy,  0.0 ni, 90.4 id,  0.0 wa,  0.0 hi,  0.9 si,  0.0 st
%Cpu(s):  5.1 us,  2.9 sy,  0.0 ni, 91.5 id,  0.0 wa,  0.0 hi,  0.5 si,  0.0 st
%Cpu(s):  5.7 us,  3.7 sy,  0.0 ni, 90.1 id,  0.0 wa,  0.0 hi,  0.5 si,  0.0 st
%Cpu(s):  7.9 us,  3.8 sy,  0.0 ni, 87.5 id,  0.0 wa,  0.0 hi,  0.6 si,  0.1 st
%Cpu(s):  5.9 us,  2.9 sy,  0.0 ni, 90.3 id,  0.0 wa,  0.0 hi,  0.9 si,  0.0 st
%Cpu(s):  7.3 us,  3.3 sy,  0.0 ni, 88.6 id,  0.0 wa,  0.0 hi,  0.6 si,  0.1 st
%Cpu(s):  5.2 us,  2.8 sy,  0.0 ni, 91.2 id,  0.0 wa,  0.0 hi,  0.9 si,  0.0 st
%Cpu(s):  5.9 us,  3.4 sy,  0.0 ni, 89.8 id,  0.0 wa,  0.0 hi,  1.0 si,  0.0 st
%Cpu(s):  5.7 us,  2.7 sy,  0.0 ni, 90.8 id,  0.0 wa,  0.0 hi,  0.8 si,  0.0 st
%Cpu(s): 13.9 us,  3.9 sy,  0.0 ni, 81.4 id,  0.1 wa,  0.0 hi,  0.8 si,  0.0 st
%Cpu(s): 16.8 us,  4.6 sy,  0.0 ni, 77.9 id,  0.0 wa,  0.0 hi,  0.7 si,  0.0 st
%Cpu(s): 17.1 us,  3.3 sy,  0.0 ni, 78.7 id,  0.0 wa,  0.0 hi,  1.0 si,  0.0 st
%Cpu(s):  6.8 us,  3.3 sy,  0.0 ni, 89.3 id,  0.0 wa,  0.0 hi,  0.6 si,  0.0 st
%Cpu(s):  5.8 us,  3.4 sy,  0.0 ni, 89.8 id,  0.0 wa,  0.0 hi,  0.9 si,  0.1 st
%Cpu(s):  7.0 us,  3.6 sy,  0.0 ni, 88.4 id,  0.0 wa,  0.0 hi,  1.0 si,  0.0 st
%Cpu(s):  6.2 us,  3.6 sy,  0.0 ni, 89.1 id,  0.0 wa,  0.0 hi,  1.1 si,  0.0 st
%Cpu(s):  6.2 us,  3.5 sy,  0.0 ni, 89.4 id,  0.0 wa,  0.0 hi,  0.9 si,  0.0 st
%Cpu(s):  4.7 us,  3.0 sy,  0.0 ni, 91.8 id,  0.0 wa,  0.0 hi,  0.4 si,  0.1 st
%Cpu(s):  3.5 us,  2.6 sy,  0.0 ni, 93.3 id,  0.1 wa,  0.0 hi,  0.5 si,  0.0 st
%Cpu(s):  2.4 us,  2.9 sy,  0.0 ni, 94.6 id,  0.0 wa,  0.0 hi,  0.1 si,  0.0 st
%Cpu(s):  2.6 us,  2.6 sy,  0.0 ni, 94.5 id,  0.0 wa,  0.0 hi,  0.3 si,  0.0 st
%Cpu(s):  3.5 us,  2.7 sy,  0.0 ni, 93.5 id,  0.0 wa,  0.0 hi,  0.2 si,  0.0 st
%Cpu(s):  2.1 us,  2.1 sy,  0.0 ni, 95.4 id,  0.0 wa,  0.0 hi,  0.3 si,  0.0 st
%Cpu(s):  9.9 us,  2.0 sy,  0.0 ni, 87.8 id,  0.0 wa,  0.0 hi,  0.1 si,  0.1 st
%Cpu(s):  5.2 us,  2.0 sy,  0.0 ni, 92.7 id,  0.0 wa,  0.0 hi,  0.0 si,  0.1 st
%Cpu(s):  9.0 us,  2.8 sy,  0.0 ni, 87.8 id,  0.0 wa,  0.0 hi,  0.4 si,  0.0 st
