%Cpu(s):  2.6 us,  0.4 sy,  0.0 ni, 96.9 id,  0.0 wa,  0.0 hi,  0.0 si,  0.0 st
%Cpu(s):  2.5 us,  1.8 sy,  0.0 ni, 95.6 id,  0.0 wa,  0.0 hi,  0.1 si,  0.0 st
%Cpu(s):  3.8 us,  3.1 sy,  0.0 ni, 92.7 id,  0.0 wa,  0.0 hi,  0.1 si,  0.3 st
%Cpu(s):  2.9 us,  2.1 sy,  0.0 ni, 94.7 id,  0.0 wa,  0.0 hi,  0.0 si,  0.3 st
%Cpu(s):  3.4 us,  2.8 sy,  0.0 ni, 93.5 id,  0.0 wa,  0.0 hi,  0.1 si,  0.1 st
%Cpu(s):  4.1 us,  3.5 sy,  0.0 ni, 92.2 id,  0.0 wa,  0.0 hi,  0.0 si,  0.1 st
%Cpu(s):  6.1 us,  1.5 sy,  0.0 ni, 92.1 id,  0.0 wa,  0.0 hi,  0.0 si,  0.3 st
%Cpu(s): 76.5 us,  4.5 sy,  0.0 ni, 18.1 id,  0.0 wa,  0.0 hi,  0.9 si,  0.0 st
%Cpu(s): 89.6 us,  7.9 sy,  0.0 ni,  0.9 id,  0.0 wa,  0.0 hi,  1.6 si,  0.0 st
%Cpu(s): 92.5 us,  5.4 sy,  0.0 ni,  0.7 id,  0.0 wa,  0.0 hi,  1.4 si,  0.0 st
%Cpu(s): 91.7 us,  5.5 sy,  0.0 ni,  1.7 id,  0.0 wa,  0.0 hi,  1.1 si,  0.0 st
%Cpu(s): 89.9 us,  4.0 sy,  0.0 ni,  5.1 id,  0.0 wa,  0.0 hi,  1.0 si,  0.0 st
%Cpu(s): 60.6 us,  5.5 sy,  0.0 ni, 32.5 id,  0.0 wa,  0.0 hi,  1.4 si,  0.1 st
%Cpu(s): 20.3 us,  3.9 sy,  0.0 ni, 75.3 id,  0.0 wa,  0.0 hi,  0.5 si,  0.0 st
%Cpu(s): 28.9 us,  4.2 sy,  0.0 ni, 66.0 id,  0.0 wa,  0.0 hi,  0.9 si,  0.0 st
%Cpu(s): 37.4 us,  5.6 sy,  0.0 ni, 56.1 id,  0.0 wa,  0.0 hi,  0.8 si,  0.1 st
%Cpu(s): 46.1 us,  4.4 sy,  0.0 ni, 48.4 id,  0.0 wa,  0.0 hi,  1.1 si,  0.0 st
%Cpu(s): 60.1 us,  4.8 sy,  0.0 ni, 34.1 id,  0.0 wa,  0.0 hi,  1.0 si,  0.0 st
%Cpu(s): 35.0 us,  5.2 sy,  0.0 ni, 59.1 id,  0.0 wa,  0.0 hi,  0.5 si,  0.1 st
%Cpu(s): 27.4 us,  4.8 sy,  0.0 ni, 66.9 id,  0.0 wa,  0.0 hi,  0.9 si,  0.0 st
%Cpu(s): 27.1 us,  4.7 sy,  0.0 ni, 67.6 id,  0.0 wa,  0.0 hi,  0.6 si,  0.0 st
%Cpu(s):  9.2 us,  5.5 sy,  0.0 ni, 84.1 id,  0.1 wa,  0.0 hi,  0.9 si,  0.1 st
%Cpu(s): 13.1 us,  5.8 sy,  0.0 ni, 80.0 id,  0.0 wa,  0.0 hi,  1.0 si,  0.1 st
%Cpu(s): 22.2 us,  4.6 sy,  0.0 ni, 72.5 id,  0.0 wa,  0.0 hi,  0.8 si,  0.0 st
%Cpu(s): 13.0 us,  6.4 sy,  0.0 ni, 79.9 id,  0.0 wa,  0.0 hi,  0.7 si,  0.0 st
%Cpu(s): 12.1 us,  5.1 sy,  0.0 ni, 82.0 id,  0.0 wa,  0.0 hi,  0.8 si,  0.0 st
%Cpu(s): 13.5 us,  5.9 sy,  0.0 ni, 80.1 id,  0.0 wa,  0.0 hi,  0.4 si,  0.1 st
%Cpu(s): 10.8 us,  5.3 sy,  0.0 ni, 83.0 id,  0.0 wa,  0.0 hi,  0.8 si,  0.1 st
%Cpu(s): 11.3 us,  5.8 sy,  0.0 ni, 82.1 id,  0.0 wa,  0.0 hi,  0.8 si,  0.0 st
%Cpu(s):  9.9 us,  5.8 sy,  0.0 ni, 83.4 id,  0.0 wa,  0.0 hi,  0.8 si,  0.1 st
%Cpu(s): 10.1 us,  6.1 sy,  0.0 ni, 82.9 id,  0.0 wa,  0.0 hi,  0.8 si,  0.1 st
%Cpu(s):  8.8 us,  6.1 sy,  0.0 ni, 84.4 id,  0.0 wa,  0.0 hi,  0.6 si,  0.0 st
%Cpu(s):  9.9 us,  5.0 sy,  0.0 ni, 84.0 id,  0.0 wa,  0.0 hi,  1.0 si,  0.0 st
%Cpu(s):  9.5 us,  5.5 sy,  0.0 ni, 84.5 id,  0.0 wa,  0.0 hi,  0.5 si,  0.0 st
%Cpu(s):  8.5 us,  5.4 sy,  0.0 ni, 85.2 id,  0.0 wa,  0.0 hi,  0.8 si,  0.1 st
%Cpu(s): 10.1 us,  5.4 sy,  0.0 ni, 83.9 id,  0.0 wa,  0.0 hi,  0.5 si,  0.0 st
%Cpu(s):  8.8 us,  5.6 sy,  0.0 ni, 85.0 id,  0.0 wa,  0.0 hi,  0.6 si,  0.0 st
%Cpu(s): 18.3 us,  3.9 sy,  0.0 ni, 76.7 id,  0.0 wa,  0.0 hi,  0.9 si,  0.1 st
%Cpu(s): 16.2 us,  5.3 sy,  0.0 ni, 77.7 id,  0.0 wa,  0.0 hi,  0.9 si,  0.0 st
%Cpu(s): 12.4 us,  5.4 sy,  0.0 ni, 81.6 id,  0.0 wa,  0.0 hi,  0.6 si,  0.0 st
%Cpu(s): 13.1 us,  5.0 sy,  0.0 ni, 81.5 id,  0.0 wa,  0.0 hi,  0.3 si,  0.1 st
%Cpu(s):  9.7 us,  5.6 sy,  0.0 ni, 83.8 id,  0.0 wa,  0.0 hi,  0.8 si,  0.1 st
%Cpu(s): 13.9 us,  4.3 sy,  0.0 ni, 81.3 id,  0.0 wa,  0.0 hi,  0.5 si,  0.0 st
%Cpu(s):  9.2 us,  5.1 sy,  0.0 ni, 85.0 id,  0.0 wa,  0.0 hi,  0.6 si,  0.1 st
%Cpu(s):  8.1 us,  6.1 sy,  0.0 ni, 85.1 id,  0.0 wa,  0.0 hi,  0.6 si,  0.0 st
%Cpu(s): 17.6 us,  5.0 sy,  0.0 ni, 76.7 id,  0.0 wa,  0.0 hi,  0.8 si,  0.0 st
%Cpu(s): 11.9 us,  5.2 sy,  0.0 ni, 82.2 id,  0.0 wa,  0.0 hi,  0.6 si,  0.0 st
%Cpu(s):  9.6 us,  4.7 sy,  0.0 ni, 84.8 id,  0.0 wa,  0.0 hi,  0.8 si,  0.1 st
%Cpu(s):  8.1 us,  5.2 sy,  0.0 ni, 85.7 id,  0.0 wa,  0.0 hi,  0.9 si,  0.1 st
%Cpu(s):  8.7 us,  6.0 sy,  0.0 ni, 84.7 id,  0.0 wa,  0.0 hi,  0.5 si,  0.1 st
%Cpu(s): 11.5 us,  5.8 sy,  0.0 ni, 82.1 id,  0.0 wa,  0.0 hi,  0.5 si,  0.0 st
%Cpu(s):  9.9 us,  5.4 sy,  0.0 ni, 84.3 id,  0.0 wa,  0.0 hi,  0.4 si,  0.0 st
%Cpu(s): 10.0 us,  6.1 sy,  0.0 ni, 83.0 id,  0.0 wa,  0.0 hi,  0.9 si,  0.0 st
%Cpu(s):  8.3 us,  4.7 sy,  0.0 ni, 86.5 id,  0.0 wa,  0.0 hi,  0.5 si,  0.0 st
%Cpu(s):  9.0 us,  5.4 sy,  0.0 ni, 84.7 id,  0.0 wa,  0.0 hi,  0.8 si,  0.1 st
%Cpu(s):  7.6 us,  5.3 sy,  0.0 ni, 86.3 id,  0.0 wa,  0.0 hi,  0.8 si,  0.0 st
%Cpu(s):  9.8 us,  6.4 sy,  0.0 ni, 83.0 id,  0.0 wa,  0.0 hi,  0.8 si,  0.1 st
%Cpu(s): 11.1 us,  4.8 sy,  0.0 ni, 83.6 id,  0.0 wa,  0.0 hi,  0.5 si,  0.0 st
%Cpu(s):  9.9 us,  5.2 sy,  0.0 ni, 84.4 id,  0.0 wa,  0.0 hi,  0.4 si,  0.1 st
%Cpu(s):  9.4 us,  4.8 sy,  0.0 ni, 85.1 id,  0.0 wa,  0.0 hi,  0.8 si,  0.0 st
%Cpu(s):  7.9 us,  4.4 sy,  0.0 ni, 87.1 id,  0.0 wa,  0.0 hi,  0.6 si,  0.0 st
%Cpu(s):  2.2 us,  2.4 sy,  0.0 ni, 94.9 id,  0.0 wa,  0.0 hi,  0.3 si,  0.3 st
%Cpu(s):  3.1 us,  1.8 sy,  0.0 ni, 94.8 id,  0.0 wa,  0.0 hi,  0.0 si,  0.3 st
%Cpu(s):  3.0 us,  1.6 sy,  0.0 ni, 95.2 id,  0.0 wa,  0.0 hi,  0.0 si,  0.1 st
%Cpu(s):  2.4 us,  1.1 sy,  0.0 ni, 96.1 id,  0.0 wa,  0.0 hi,  0.0 si,  0.4 st
%Cpu(s):  2.6 us,  2.1 sy,  0.0 ni, 95.0 id,  0.0 wa,  0.0 hi,  0.1 si,  0.1 st
%Cpu(s):  3.1 us,  1.9 sy,  0.0 ni, 94.8 id,  0.0 wa,  0.0 hi,  0.0 si,  0.3 st
%Cpu(s):  3.8 us,  2.0 sy,  0.0 ni, 93.8 id,  0.0 wa,  0.0 hi,  0.1 si,  0.3 st
%Cpu(s):  3.9 us,  3.4 sy,  0.0 ni, 92.5 id,  0.0 wa,  0.0 hi,  0.1 si,  0.1 st
%Cpu(s):  4.4 us,  1.5 sy,  0.0 ni, 93.9 id,  0.0 wa,  0.0 hi,  0.0 si,  0.3 st
%Cpu(s):  3.1 us,  3.5 sy,  0.0 ni, 93.2 id,  0.0 wa,  0.0 hi,  0.0 si,  0.1 st
%Cpu(s):  3.2 us,  2.2 sy,  0.0 ni, 94.3 id,  0.1 wa,  0.0 hi,  0.0 si,  0.1 st
