%Cpu(s):  2.8 us,  0.6 sy,  0.0 ni, 96.4 id,  0.0 wa,  0.0 hi,  0.1 si,  0.1 st
%Cpu(s): 13.2 us,  0.6 sy,  0.0 ni, 86.1 id,  0.0 wa,  0.0 hi,  0.1 si,  0.0 st
%Cpu(s):  0.6 us,  0.1 sy,  0.0 ni, 99.3 id,  0.0 wa,  0.0 hi,  0.0 si,  0.0 st
%Cpu(s):  0.0 us,  0.1 sy,  0.0 ni, 99.9 id,  0.0 wa,  0.0 hi,  0.0 si,  0.0 st
%Cpu(s): 58.5 us,  6.0 sy,  0.0 ni, 35.2 id,  0.0 wa,  0.0 hi,  0.3 si,  0.0 st
%Cpu(s): 76.7 us,  3.8 sy,  0.0 ni, 19.4 id,  0.0 wa,  0.0 hi,  0.0 si,  0.1 st
%Cpu(s): 89.2 us,  1.5 sy,  0.0 ni,  9.3 id,  0.0 wa,  0.0 hi,  0.0 si,  0.0 st
%Cpu(s): 95.6 us,  2.0 sy,  0.0 ni,  2.4 id,  0.0 wa,  0.0 hi,  0.0 si,  0.0 st
%Cpu(s): 96.8 us,  2.5 sy,  0.0 ni,  0.6 id,  0.0 wa,  0.0 hi,  0.1 si,  0.0 st
%Cpu(s): 40.8 us,  1.6 sy,  0.0 ni, 57.1 id,  0.0 wa,  0.0 hi,  0.2 si,  0.2 st
%Cpu(s):  8.3 us,  2.4 sy,  0.0 ni, 89.1 id,  0.0 wa,  0.0 hi,  0.1 si,  0.1 st
%Cpu(s):  5.9 us,  1.9 sy,  0.0 ni, 91.9 id,  0.0 wa,  0.0 hi,  0.0 si,  0.3 st
%Cpu(s):  6.9 us,  2.3 sy,  0.0 ni, 90.7 id,  0.0 wa,  0.0 hi,  0.0 si,  0.1 st
%Cpu(s):  9.1 us,  2.1 sy,  0.0 ni, 88.4 id,  0.0 wa,  0.0 hi,  0.0 si,  0.4 st
%Cpu(s):  5.4 us,  2.6 sy,  0.0 ni, 91.8 id,  0.0 wa,  0.0 hi,  0.0 si,  0.2 st
%Cpu(s):  6.8 us,  1.4 sy,  0.0 ni, 91.6 id,  0.0 wa,  0.0 hi,  0.1 si,  0.1 st
%Cpu(s):  3.6 us,  2.0 sy,  0.0 ni, 94.0 id,  0.1 wa,  0.0 hi,  0.0 si,  0.2 st
%Cpu(s):  2.8 us,  1.6 sy,  0.0 ni, 95.4 id,  0.0 wa,  0.0 hi,  0.0 si,  0.3 st
%Cpu(s):  2.6 us,  2.6 sy,  0.0 ni, 94.5 id,  0.0 wa,  0.0 hi,  0.0 si,  0.3 st
%Cpu(s): 15.9 us,  3.5 sy,  0.0 ni, 80.2 id,  0.1 wa,  0.0 hi,  0.0 si,  0.2 st
%Cpu(s): 43.5 us,  4.2 sy,  0.0 ni, 52.1 id,  0.0 wa,  0.0 hi,  0.1 si,  0.0 st
%Cpu(s): 57.6 us,  4.4 sy,  0.0 ni, 37.2 id,  0.0 wa,  0.0 hi,  0.9 si,  0.0 st
%Cpu(s): 73.4 us,  5.4 sy,  0.0 ni, 20.4 id,  0.0 wa,  0.0 hi,  0.9 si,  0.0 st
%Cpu(s): 68.5 us,  4.8 sy,  0.0 ni, 25.2 id,  0.0 wa,  0.0 hi,  1.5 si,  0.0 st
%Cpu(s): 39.5 us,  4.7 sy,  0.0 ni, 55.4 id,  0.0 wa,  0.0 hi,  0.4 si,  0.0 st
%Cpu(s): 30.7 us,  4.7 sy,  0.0 ni, 63.6 id,  0.0 wa,  0.0 hi,  0.9 si,  0.1 st
%Cpu(s): 12.2 us,  4.8 sy,  0.0 ni, 82.2 id,  0.0 wa,  0.0 hi,  0.8 si,  0.0 st
%Cpu(s): 11.7 us,  5.2 sy,  0.0 ni, 81.8 id,  0.0 wa,  0.0 hi,  1.1 si,  0.2 st
%Cpu(s): 10.6 us,  4.9 sy,  0.0 ni, 83.8 id,  0.0 wa,  0.0 hi,  0.8 si,  0.0 st
%Cpu(s):  8.7 us,  4.8 sy,  0.0 ni, 85.9 id,  0.0 wa,  0.0 hi,  0.6 si,  0.0 st
%Cpu(s): 25.9 us,  5.8 sy,  0.0 ni, 67.7 id,  0.0 wa,  0.0 hi,  0.6 si,  0.0 st
%Cpu(s): 19.3 us,  5.4 sy,  0.0 ni, 72.9 id,  0.8 wa,  0.0 hi,  1.6 si,  0.0 st
%Cpu(s): 13.0 us,  5.7 sy,  0.0 ni, 80.1 id,  0.0 wa,  0.0 hi,  1.1 si,  0.1 st
%Cpu(s): 18.2 us,  4.7 sy,  0.0 ni, 76.6 id,  0.0 wa,  0.0 hi,  0.5 si,  0.0 st
%Cpu(s): 11.6 us,  5.4 sy,  0.0 ni, 82.4 id,  0.0 wa,  0.0 hi,  0.4 si,  0.1 st
%Cpu(s): 13.4 us,  5.3 sy,  0.0 ni, 80.6 id,  0.0 wa,  0.0 hi,  0.6 si,  0.0 st
%Cpu(s): 10.6 us,  4.6 sy,  0.0 ni, 84.1 id,  0.0 wa,  0.0 hi,  0.6 si,  0.1 st
%Cpu(s):  9.0 us,  5.6 sy,  0.0 ni, 84.8 id,  0.0 wa,  0.0 hi,  0.6 si,  0.0 st
%Cpu(s): 16.0 us,  4.5 sy,  0.0 ni, 78.7 id,  0.0 wa,  0.0 hi,  0.9 si,  0.0 st
%Cpu(s): 12.1 us,  4.3 sy,  0.0 ni, 82.6 id,  0.0 wa,  0.0 hi,  1.0 si,  0.0 st
%Cpu(s):  6.7 us,  6.2 sy,  0.0 ni, 86.5 id,  0.0 wa,  0.0 hi,  0.5 si,  0.0 st
%Cpu(s):  6.0 us,  5.1 sy,  0.0 ni, 88.1 id,  0.0 wa,  0.0 hi,  0.7 si,  0.1 st
%Cpu(s):  6.7 us,  5.2 sy,  0.0 ni, 87.3 id,  0.0 wa,  0.0 hi,  0.8 si,  0.0 st
%Cpu(s):  6.0 us,  4.2 sy,  0.0 ni, 88.8 id,  0.0 wa,  0.0 hi,  1.0 si,  0.0 st
%Cpu(s):  6.6 us,  5.1 sy,  0.0 ni, 87.5 id,  0.1 wa,  0.0 hi,  0.8 si,  0.0 st
%Cpu(s):  7.0 us,  3.3 sy,  0.0 ni, 88.4 id,  0.0 wa,  0.0 hi,  1.1 si,  0.1 st
%Cpu(s):  7.3 us,  5.0 sy,  0.0 ni, 87.3 id,  0.0 wa,  0.0 hi,  0.4 si,  0.0 st
%Cpu(s):  6.4 us,  5.2 sy,  0.0 ni, 87.4 id,  0.0 wa,  0.0 hi,  1.0 si,  0.0 st
%Cpu(s):  5.5 us,  5.7 sy,  0.0 ni, 88.1 id,  0.0 wa,  0.0 hi,  0.6 si,  0.0 st
%Cpu(s): 13.1 us,  5.2 sy,  0.0 ni, 80.8 id,  0.0 wa,  0.0 hi,  0.8 si,  0.1 st
%Cpu(s): 12.3 us,  4.7 sy,  0.0 ni, 82.4 id,  0.0 wa,  0.0 hi,  0.6 si,  0.0 st
%Cpu(s): 10.4 us,  5.0 sy,  0.0 ni, 83.9 id,  0.0 wa,  0.0 hi,  0.6 si,  0.0 st
%Cpu(s): 10.3 us,  4.8 sy,  0.0 ni, 84.0 id,  0.0 wa,  0.0 hi,  0.8 si,  0.1 st
%Cpu(s):  6.1 us,  5.2 sy,  0.0 ni, 87.9 id,  0.0 wa,  0.0 hi,  0.8 si,  0.0 st
%Cpu(s):  8.6 us,  5.3 sy,  0.0 ni, 85.1 id,  0.1 wa,  0.0 hi,  0.8 si,  0.0 st
%Cpu(s):  5.9 us,  4.8 sy,  0.0 ni, 88.4 id,  0.0 wa,  0.0 hi,  0.9 si,  0.0 st
%Cpu(s):  6.9 us,  6.3 sy,  0.0 ni, 84.9 id,  1.0 wa,  0.0 hi,  0.8 si,  0.1 st
%Cpu(s):  9.2 us,  4.9 sy,  0.0 ni, 85.2 id,  0.0 wa,  0.0 hi,  0.6 si,  0.0 st
%Cpu(s):  6.7 us,  4.4 sy,  0.0 ni, 88.3 id,  0.0 wa,  0.0 hi,  0.6 si,  0.0 st
%Cpu(s):  7.5 us,  5.3 sy,  0.0 ni, 86.2 id,  0.0 wa,  0.0 hi,  0.9 si,  0.1 st
%Cpu(s):  5.4 us,  4.2 sy,  0.0 ni, 89.7 id,  0.0 wa,  0.0 hi,  0.6 si,  0.0 st
%Cpu(s):  7.4 us,  5.1 sy,  0.0 ni, 86.7 id,  0.0 wa,  0.0 hi,  0.9 si,  0.0 st
%Cpu(s):  6.7 us,  5.2 sy,  0.0 ni, 87.4 id,  0.0 wa,  0.0 hi,  0.6 si,  0.0 st
%Cpu(s):  8.7 us,  4.2 sy,  0.0 ni, 85.9 id,  0.0 wa,  0.0 hi,  1.0 si,  0.1 st
%Cpu(s):  6.7 us,  6.0 sy,  0.0 ni, 86.3 id,  0.0 wa,  0.0 hi,  1.0 si,  0.0 st
%Cpu(s):  7.0 us,  4.6 sy,  0.0 ni, 87.5 id,  0.0 wa,  0.0 hi,  0.9 si,  0.1 st
