%Cpu(s):  0.4 us,  0.1 sy,  0.0 ni, 99.5 id,  0.0 wa,  0.0 hi,  0.0 si,  0.0 st
%Cpu(s): 68.1 us,  5.0 sy,  0.0 ni, 26.8 id,  0.0 wa,  0.0 hi,  0.0 si,  0.1 st
%Cpu(s): 75.5 us,  3.0 sy,  0.0 ni, 21.5 id,  0.0 wa,  0.0 hi,  0.0 si,  0.0 st
%Cpu(s): 90.2 us,  2.3 sy,  0.0 ni,  7.5 id,  0.0 wa,  0.0 hi,  0.0 si,  0.0 st
%Cpu(s): 96.3 us,  2.4 sy,  0.0 ni,  1.2 id,  0.0 wa,  0.0 hi,  0.1 si,  0.0 st
%Cpu(s): 95.9 us,  3.1 sy,  0.0 ni,  1.0 id,  0.0 wa,  0.0 hi,  0.0 si,  0.0 st
%Cpu(s): 44.1 us,  2.0 sy,  0.0 ni, 53.5 id,  0.0 wa,  0.0 hi,  0.3 si,  0.1 st
%Cpu(s):  8.0 us,  2.4 sy,  0.0 ni, 89.0 id,  0.0 wa,  0.0 hi,  0.2 si,  0.4 st
%Cpu(s):  7.2 us,  2.4 sy,  0.0 ni, 90.0 id,  0.0 wa,  0.0 hi,  0.2 si,  0.1 st
%Cpu(s):  4.8 us,  2.5 sy,  0.0 ni, 92.4 id,  0.0 wa,  0.0 hi,  0.1 si,  0.3 st
%Cpu(s):  5.2 us,  2.2 sy,  0.0 ni, 92.3 id,  0.1 wa,  0.0 hi,  0.0 si,  0.1 st
%Cpu(s): 11.5 us,  2.5 sy,  0.0 ni, 85.4 id,  0.0 wa,  0.0 hi,  0.1 si,  0.4 st
%Cpu(s): 10.6 us,  2.5 sy,  0.0 ni, 86.4 id,  0.0 wa,  0.0 hi,  0.2 si,  0.2 st
%Cpu(s):  4.3 us,  2.1 sy,  0.0 ni, 93.2 id,  0.0 wa,  0.0 hi,  0.1 si,  0.3 st
%Cpu(s):  5.3 us,  2.8 sy,  0.0 ni, 91.6 id,  0.0 wa,  0.0 hi,  0.1 si,  0.3 st
%Cpu(s):  5.8 us,  4.0 sy,  0.0 ni, 89.9 id,  0.1 wa,  0.0 hi,  0.0 si,  0.1 st
%Cpu(s): 61.1 us,  5.3 sy,  0.0 ni, 32.9 id,  0.0 wa,  0.0 hi,  0.5 si,  0.3 st
%Cpu(s): 87.9 us,  9.0 sy,  0.0 ni,  0.6 id,  0.0 wa,  0.0 hi,  2.5 si,  0.0 st
%Cpu(s): 88.3 us,  9.1 sy,  0.0 ni,  0.6 id,  0.0 wa,  0.0 hi,  2.0 si,  0.0 st
%Cpu(s): 88.9 us,  8.5 sy,  0.0 ni,  0.6 id,  0.0 wa,  0.0 hi,  2.0 si,  0.0 st
%Cpu(s): 88.2 us,  9.2 sy,  0.0 ni,  1.0 id,  0.0 wa,  0.0 hi,  1.6 si,  0.0 st
%Cpu(s): 90.0 us,  7.5 sy,  0.0 ni,  0.5 id,  0.0 wa,  0.0 hi,  2.0 si,  0.0 st
%Cpu(s): 89.5 us,  7.4 sy,  0.0 ni,  0.5 id,  0.0 wa,  0.0 hi,  2.6 si,  0.0 st
%Cpu(s): 86.5 us,  7.1 sy,  0.0 ni,  4.9 id,  0.0 wa,  0.0 hi,  1.5 si,  0.0 st
%Cpu(s): 65.5 us,  6.3 sy,  0.0 ni, 26.2 id,  0.0 wa,  0.0 hi,  1.9 si,  0.0 st
%Cpu(s): 58.6 us,  5.6 sy,  0.0 ni, 34.4 id,  0.0 wa,  0.0 hi,  1.4 si,  0.0 st
%Cpu(s): 34.5 us,  5.5 sy,  0.0 ni, 58.7 id,  0.0 wa,  0.0 hi,  1.3 si,  0.0 st
%Cpu(s): 24.3 us,  5.9 sy,  0.0 ni, 68.5 id,  0.0 wa,  0.0 hi,  1.3 si,  0.0 st
%Cpu(s): 20.6 us,  5.2 sy,  0.0 ni, 73.0 id,  0.0 wa,  0.0 hi,  1.1 si,  0.0 st
%Cpu(s): 10.1 us,  5.4 sy,  0.0 ni, 83.5 id,  0.0 wa,  0.0 hi,  1.0 si,  0.0 st
%Cpu(s): 27.2 us,  5.8 sy,  0.0 ni, 65.3 id,  0.0 wa,  0.0 hi,  1.5 si,  0.1 st
%Cpu(s): 32.2 us,  4.4 sy,  0.0 ni, 62.1 id,  0.0 wa,  0.0 hi,  1.3 si,  0.0 st
%Cpu(s): 18.0 us,  6.1 sy,  0.0 ni, 74.8 id,  0.0 wa,  0.0 hi,  0.9 si,  0.1 st
%Cpu(s): 10.6 us,  5.3 sy,  0.0 ni, 82.6 id,  0.0 wa,  0.0 hi,  1.4 si,  0.0 st
%Cpu(s): 10.5 us,  5.5 sy,  0.0 ni, 82.7 id,  0.0 wa,  0.0 hi,  1.3 si,  0.0 st
%Cpu(s): 11.2 us,  6.5 sy,  0.0 ni, 80.8 id,  0.0 wa,  0.0 hi,  1.5 si,  0.0 st
%Cpu(s): 15.4 us,  6.3 sy,  0.0 ni, 76.9 id,  0.0 wa,  0.0 hi,  1.2 si,  0.1 st
%Cpu(s):  9.9 us,  6.0 sy,  0.0 ni, 82.4 id,  0.0 wa,  0.0 hi,  1.6 si,  0.0 st
%Cpu(s):  8.6 us,  6.2 sy,  0.0 ni, 83.9 id,  0.0 wa,  0.0 hi,  1.3 si,  0.0 st
%Cpu(s): 12.9 us,  5.4 sy,  0.0 ni, 80.3 id,  0.0 wa,  0.0 hi,  1.5 si,  0.0 st
%Cpu(s): 20.2 us,  5.3 sy,  0.0 ni, 73.2 id,  0.0 wa,  0.0 hi,  1.4 si,  0.0 st
%Cpu(s): 10.7 us,  5.1 sy,  0.0 ni, 83.0 id,  0.0 wa,  0.0 hi,  1.3 si,  0.0 st
%Cpu(s):  9.5 us,  5.7 sy,  0.0 ni, 83.2 id,  0.0 wa,  0.0 hi,  1.5 si,  0.1 st
%Cpu(s):  6.7 us,  5.5 sy,  0.0 ni, 86.4 id,  0.0 wa,  0.0 hi,  1.4 si,  0.0 st
%Cpu(s):  8.5 us,  4.1 sy,  0.0 ni, 86.1 id,  0.0 wa,  0.0 hi,  1.1 si,  0.1 st
%Cpu(s): 10.3 us,  5.5 sy,  0.0 ni, 82.6 id,  0.0 wa,  0.0 hi,  1.5 si,  0.0 st
%Cpu(s): 15.3 us,  4.3 sy,  0.0 ni, 78.8 id,  0.0 wa,  0.0 hi,  1.5 si,  0.0 st
%Cpu(s): 20.3 us,  5.4 sy,  0.0 ni, 73.0 id,  0.0 wa,  0.0 hi,  1.3 si,  0.0 st
%Cpu(s): 19.7 us,  5.1 sy,  0.0 ni, 73.5 id,  0.0 wa,  0.0 hi,  1.6 si,  0.0 st
%Cpu(s): 12.7 us,  4.3 sy,  0.0 ni, 81.8 id,  0.0 wa,  0.0 hi,  1.1 si,  0.0 st
%Cpu(s):  8.5 us,  5.4 sy,  0.0 ni, 84.4 id,  0.1 wa,  0.0 hi,  1.5 si,  0.0 st
%Cpu(s): 14.3 us,  6.6 sy,  0.0 ni, 77.6 id,  0.0 wa,  0.0 hi,  1.4 si,  0.1 st
%Cpu(s): 10.1 us,  6.0 sy,  0.0 ni, 82.9 id,  0.0 wa,  0.0 hi,  1.0 si,  0.0 st
%Cpu(s): 10.9 us,  5.6 sy,  0.0 ni, 82.2 id,  0.0 wa,  0.0 hi,  1.3 si,  0.0 st
%Cpu(s): 11.3 us,  6.1 sy,  0.0 ni, 81.1 id,  0.0 wa,  0.0 hi,  1.5 si,  0.0 st
%Cpu(s): 14.2 us,  4.3 sy,  0.0 ni, 79.8 id,  0.0 wa,  0.0 hi,  1.5 si,  0.1 st
%Cpu(s): 12.5 us,  4.6 sy,  0.0 ni, 81.7 id,  0.0 wa,  0.0 hi,  1.2 si,  0.0 st
%Cpu(s):  8.1 us,  4.8 sy,  0.0 ni, 85.4 id,  0.0 wa,  0.0 hi,  1.7 si,  0.0 st
%Cpu(s): 11.4 us,  4.5 sy,  0.0 ni, 82.5 id,  0.0 wa,  0.0 hi,  1.5 si,  0.0 st
%Cpu(s):  9.1 us,  4.5 sy,  0.0 ni, 85.0 id,  0.0 wa,  0.0 hi,  1.3 si,  0.1 st
%Cpu(s):  9.6 us,  5.3 sy,  0.0 ni, 83.5 id,  0.0 wa,  0.0 hi,  1.6 si,  0.0 st
%Cpu(s):  6.5 us,  4.2 sy,  0.0 ni, 88.5 id,  0.0 wa,  0.0 hi,  0.9 si,  0.0 st
%Cpu(s):  2.9 us,  2.2 sy,  0.0 ni, 94.4 id,  0.0 wa,  0.0 hi,  0.1 si,  0.4 st
%Cpu(s):  4.3 us,  1.9 sy,  0.0 ni, 93.7 id,  0.0 wa,  0.0 hi,  0.0 si,  0.1 st
%Cpu(s):  3.3 us,  1.9 sy,  0.0 ni, 94.7 id,  0.0 wa,  0.0 hi,  0.0 si,  0.1 st
%Cpu(s):  3.5 us,  2.5 sy,  0.0 ni, 93.5 id,  0.1 wa,  0.0 hi,  0.1 si,  0.2 st
%Cpu(s):  3.4 us,  1.8 sy,  0.0 ni, 94.6 id,  0.0 wa,  0.0 hi,  0.0 si,  0.3 st
%Cpu(s):  2.3 us,  1.4 sy,  0.0 ni, 95.9 id,  0.0 wa,  0.0 hi,  0.0 si,  0.4 st
%Cpu(s):  2.9 us,  1.6 sy,  0.0 ni, 95.2 id,  0.0 wa,  0.0 hi,  0.0 si,  0.3 st
%Cpu(s):  4.4 us,  2.1 sy,  0.0 ni, 93.2 id,  0.0 wa,  0.0 hi,  0.0 si,  0.3 st
%Cpu(s):  3.5 us,  1.1 sy,  0.0 ni, 95.1 id,  0.0 wa,  0.0 hi,  0.0 si,  0.3 st
%Cpu(s):  3.1 us,  3.0 sy,  0.0 ni, 93.6 id,  0.0 wa,  0.0 hi,  0.0 si,  0.2 st
