%Cpu(s):  4.1 us,  0.4 sy,  0.0 ni, 95.4 id,  0.0 wa,  0.0 hi,  0.0 si,  0.0 st
%Cpu(s): 17.0 us,  0.9 sy,  0.0 ni, 82.2 id,  0.0 wa,  0.0 hi,  0.0 si,  0.0 st
%Cpu(s):  3.0 us,  0.9 sy,  0.0 ni, 96.1 id,  0.0 wa,  0.0 hi,  0.0 si,  0.0 st
%Cpu(s):  4.0 us,  1.5 sy,  0.0 ni, 94.4 id,  0.0 wa,  0.0 hi,  0.1 si,  0.0 st
%Cpu(s): 17.6 us,  1.6 sy,  0.0 ni, 80.7 id,  0.0 wa,  0.0 hi,  0.0 si,  0.0 st
%Cpu(s): 80.1 us,  4.7 sy,  0.0 ni, 14.5 id,  0.0 wa,  0.0 hi,  0.8 si,  0.0 st
%Cpu(s): 75.4 us,  2.9 sy,  0.0 ni, 21.2 id,  0.0 wa,  0.0 hi,  0.5 si,  0.0 st
%Cpu(s): 84.6 us,  4.8 sy,  0.0 ni,  8.3 id,  0.0 wa,  0.0 hi,  2.2 si,  0.0 st
%Cpu(s): 91.0 us,  6.6 sy,  0.0 ni,  0.2 id,  0.0 wa,  0.0 hi,  2.0 si,  0.1 st
%Cpu(s): 90.3 us,  7.3 sy,  0.0 ni,  0.0 id,  0.0 wa,  0.0 hi,  2.4 si,  0.0 st
%Cpu(s): 88.1 us,  9.4 sy,  0.0 ni,  0.0 id,  0.0 wa,  0.0 hi,  2.5 si,  0.0 st
%Cpu(s): 89.9 us,  7.7 sy,  0.0 ni,  0.1 id,  0.0 wa,  0.0 hi,  2.2 si,  0.0 st
%Cpu(s): 92.4 us,  6.0 sy,  0.0 ni,  0.1 id,  0.0 wa,  0.0 hi,  1.4 si,  0.1 st
%Cpu(s): 91.5 us,  5.9 sy,  0.0 ni,  0.6 id,  0.0 wa,  0.0 hi,  2.0 si,  0.0 st
%Cpu(s): 91.7 us,  6.4 sy,  0.0 ni,  0.1 id,  0.0 wa,  0.0 hi,  1.7 si,  0.0 st
%Cpu(s): 92.9 us,  4.9 sy,  0.0 ni,  0.5 id,  0.0 wa,  0.0 hi,  1.7 si,  0.0 st
%Cpu(s): 90.6 us,  7.2 sy,  0.0 ni,  0.6 id,  0.0 wa,  0.0 hi,  1.6 si,  0.0 st
%Cpu(s): 90.9 us,  7.1 sy,  0.0 ni,  0.5 id,  0.0 wa,  0.0 hi,  1.4 si,  0.1 st
%Cpu(s): 91.6 us,  6.1 sy,  0.0 ni,  0.6 id,  0.0 wa,  0.0 hi,  1.7 si,  0.0 st
%Cpu(s): 85.9 us,  6.2 sy,  0.0 ni,  5.8 id,  0.0 wa,  0.0 hi,  2.0 si,  0.0 st
%Cpu(s): 91.4 us,  6.3 sy,  0.0 ni,  0.9 id,  0.0 wa,  0.0 hi,  1.4 si,  0.0 st
%Cpu(s): 67.9 us,  5.7 sy,  0.0 ni, 25.0 id,  0.0 wa,  0.0 hi,  1.4 si,  0.0 st
%Cpu(s): 73.1 us,  5.8 sy,  0.0 ni, 19.7 id,  0.0 wa,  0.0 hi,  1.4 si,  0.0 st
%Cpu(s): 46.0 us,  5.4 sy,  0.0 ni, 47.3 id,  0.0 wa,  0.0 hi,  1.4 si,  0.0 st
%Cpu(s): 35.5 us,  5.9 sy,  0.0 ni, 57.7 id,  0.0 wa,  0.0 hi,  0.8 si,  0.1 st
%Cpu(s): 20.5 us,  4.8 sy,  0.0 ni, 73.4 id,  0.0 wa,  0.0 hi,  1.3 si,  0.1 st
%Cpu(s): 14.0 us,  4.7 sy,  0.0 ni, 80.2 id,  0.0 wa,  0.0 hi,  1.0 si,  0.1 st
%Cpu(s): 23.0 us,  5.8 sy,  0.0 ni, 70.6 id,  0.0 wa,  0.0 hi,  0.5 si,  0.1 st
%Cpu(s): 16.7 us,  5.8 sy,  0.0 ni, 76.0 id,  0.0 wa,  0.0 hi,  1.5 si,  0.0 st
%Cpu(s): 27.7 us,  5.1 sy,  0.0 ni, 65.9 id,  0.0 wa,  0.0 hi,  1.1 si,  0.3 st
%Cpu(s): 33.1 us,  5.1 sy,  0.0 ni, 60.7 id,  0.0 wa,  0.0 hi,  1.1 si,  0.0 st
%Cpu(s): 32.4 us,  5.8 sy,  0.0 ni, 60.7 id,  0.0 wa,  0.0 hi,  1.0 si,  0.1 st
%Cpu(s): 18.3 us,  4.6 sy,  0.0 ni, 76.0 id,  0.0 wa,  0.0 hi,  0.9 si,  0.1 st
%Cpu(s): 14.0 us,  5.1 sy,  0.0 ni, 79.8 id,  0.0 wa,  0.0 hi,  0.9 si,  0.1 st
%Cpu(s): 12.4 us,  4.9 sy,  0.0 ni, 81.3 id,  0.0 wa,  0.0 hi,  1.3 si,  0.1 st
%Cpu(s): 16.4 us,  4.9 sy,  0.0 ni, 78.1 id,  0.0 wa,  0.0 hi,  0.5 si,  0.1 st
%Cpu(s): 13.0 us,  4.9 sy,  0.0 ni, 81.0 id,  0.0 wa,  0.0 hi,  1.0 si,  0.1 st
%Cpu(s): 12.1 us,  6.1 sy,  0.0 ni, 81.0 id,  0.0 wa,  0.0 hi,  0.8 si,  0.1 st
%Cpu(s): 18.6 us,  4.6 sy,  0.0 ni, 75.7 id,  0.0 wa,  0.0 hi,  1.0 si,  0.0 st
%Cpu(s): 17.1 us,  5.1 sy,  0.0 ni, 76.9 id,  0.0 wa,  0.0 hi,  0.8 si,  0.1 st
%Cpu(s): 24.3 us,  4.6 sy,  0.0 ni, 70.1 id,  0.0 wa,  0.0 hi,  0.8 si,  0.1 st
%Cpu(s): 12.2 us,  5.2 sy,  0.0 ni, 82.0 id,  0.0 wa,  0.0 hi,  0.6 si,  0.0 st
%Cpu(s): 14.7 us,  4.8 sy,  0.0 ni, 79.2 id,  0.0 wa,  0.0 hi,  1.2 si,  0.3 st
%Cpu(s): 13.0 us,  4.7 sy,  0.0 ni, 81.4 id,  0.0 wa,  0.0 hi,  0.9 si,  0.0 st
%Cpu(s): 15.4 us,  5.3 sy,  0.0 ni, 78.1 id,  0.0 wa,  0.0 hi,  1.1 si,  0.0 st
%Cpu(s): 11.0 us,  5.0 sy,  0.0 ni, 83.2 id,  0.0 wa,  0.0 hi,  0.8 si,  0.1 st
%Cpu(s): 13.6 us,  5.7 sy,  0.0 ni, 79.6 id,  0.0 wa,  0.0 hi,  1.1 si,  0.0 st
%Cpu(s): 11.8 us,  5.3 sy,  0.0 ni, 81.9 id,  0.0 wa,  0.0 hi,  1.0 si,  0.0 st
%Cpu(s): 11.6 us,  4.6 sy,  0.0 ni, 82.8 id,  0.0 wa,  0.0 hi,  0.8 si,  0.1 st
%Cpu(s): 13.0 us,  5.2 sy,  0.0 ni, 80.7 id,  0.0 wa,  0.0 hi,  1.0 si,  0.1 st
%Cpu(s): 13.9 us,  5.7 sy,  0.0 ni, 79.7 id,  0.0 wa,  0.0 hi,  0.8 si,  0.0 st
%Cpu(s): 11.5 us,  4.6 sy,  0.0 ni, 82.9 id,  0.0 wa,  0.0 hi,  0.8 si,  0.1 st
%Cpu(s): 12.6 us,  5.0 sy,  0.0 ni, 80.9 id,  0.0 wa,  0.0 hi,  1.4 si,  0.1 st
%Cpu(s): 12.1 us,  5.5 sy,  0.0 ni, 81.4 id,  0.0 wa,  0.0 hi,  0.9 si,  0.1 st
%Cpu(s): 11.2 us,  5.3 sy,  0.0 ni, 82.9 id,  0.0 wa,  0.0 hi,  0.6 si,  0.0 st
%Cpu(s): 13.2 us,  4.4 sy,  0.0 ni, 81.7 id,  0.0 wa,  0.0 hi,  0.6 si,  0.1 st
%Cpu(s): 12.1 us,  4.7 sy,  0.0 ni, 81.9 id,  0.0 wa,  0.0 hi,  1.1 si,  0.1 st
%Cpu(s): 11.6 us,  4.9 sy,  0.0 ni, 81.7 id,  0.0 wa,  0.0 hi,  1.8 si,  0.1 st
%Cpu(s): 15.0 us,  5.3 sy,  0.0 ni, 78.8 id,  0.0 wa,  0.0 hi,  0.9 si,  0.0 st
%Cpu(s): 35.8 us,  4.6 sy,  0.0 ni, 57.9 id,  0.0 wa,  0.0 hi,  0.9 si,  0.8 st
%Cpu(s): 43.8 us,  5.4 sy,  0.0 ni, 49.7 id,  0.0 wa,  0.0 hi,  1.0 si,  0.0 st
%Cpu(s):  9.1 us,  1.8 sy,  0.0 ni, 88.7 id,  0.0 wa,  0.0 hi,  0.3 si,  0.1 st
%Cpu(s):  2.3 us,  0.9 sy,  0.0 ni, 96.7 id,  0.0 wa,  0.0 hi,  0.0 si,  0.1 st
%Cpu(s):  1.5 us,  0.9 sy,  0.0 ni, 97.6 id,  0.0 wa,  0.0 hi,  0.0 si,  0.0 st
%Cpu(s):  2.0 us,  1.5 sy,  0.0 ni, 96.5 id,  0.0 wa,  0.0 hi,  0.0 si,  0.0 st
%Cpu(s):  5.7 us,  1.1 sy,  0.0 ni, 93.2 id,  0.0 wa,  0.0 hi,  0.0 si,  0.0 st
%Cpu(s):  1.1 us,  1.4 sy,  0.0 ni, 97.5 id,  0.0 wa,  0.0 hi,  0.0 si,  0.0 st
%Cpu(s):  1.4 us,  1.1 sy,  0.0 ni, 97.5 id,  0.0 wa,  0.0 hi,  0.0 si,  0.0 st
%Cpu(s):  2.8 us,  1.4 sy,  0.0 ni, 95.9 id,  0.0 wa,  0.0 hi,  0.0 si,  0.0 st
%Cpu(s):  1.8 us,  1.0 sy,  0.0 ni, 97.2 id,  0.0 wa,  0.0 hi,  0.0 si,  0.0 st
%Cpu(s):  1.5 us,  1.0 sy,  0.0 ni, 97.4 id,  0.0 wa,  0.0 hi,  0.0 si,  0.1 st
%Cpu(s):  2.3 us,  0.8 sy,  0.0 ni, 97.0 id,  0.0 wa,  0.0 hi,  0.0 si,  0.0 st
%Cpu(s):  1.9 us,  0.9 sy,  0.0 ni, 97.2 id,  0.0 wa,  0.0 hi,  0.0 si,  0.0 st
%Cpu(s):  6.3 us,  0.8 sy,  0.0 ni, 92.8 id,  0.0 wa,  0.0 hi,  0.0 si,  0.1 st
%Cpu(s): 13.9 us,  1.4 sy,  0.0 ni, 84.8 id,  0.0 wa,  0.0 hi,  0.0 si,  0.0 st
%Cpu(s):  1.5 us,  1.3 sy,  0.0 ni, 97.2 id,  0.0 wa,  0.0 hi,  0.0 si,  0.0 st
%Cpu(s):  1.6 us,  1.0 sy,  0.0 ni, 97.2 id,  0.0 wa,  0.0 hi,  0.0 si,  0.1 st
%Cpu(s):  1.4 us,  1.4 sy,  0.0 ni, 97.2 id,  0.0 wa,  0.0 hi,  0.0 si,  0.0 st
%Cpu(s):  1.8 us,  1.1 sy,  0.0 ni, 97.1 id,  0.0 wa,  0.0 hi,  0.0 si,  0.0 st
