%Cpu(s):  3.4 us,  0.7 sy,  0.0 ni, 95.8 id,  0.0 wa,  0.0 hi,  0.1 si,  0.0 st
%Cpu(s): 75.7 us,  4.4 sy,  0.0 ni, 19.8 id,  0.0 wa,  0.0 hi,  0.1 si,  0.0 st
%Cpu(s): 79.6 us,  2.8 sy,  0.0 ni, 17.5 id,  0.0 wa,  0.0 hi,  0.0 si,  0.1 st
%Cpu(s): 92.2 us,  2.4 sy,  0.0 ni,  5.4 id,  0.0 wa,  0.0 hi,  0.0 si,  0.0 st
%Cpu(s): 95.1 us,  1.9 sy,  0.0 ni,  2.9 id,  0.0 wa,  0.0 hi,  0.1 si,  0.0 st
%Cpu(s): 87.9 us,  2.6 sy,  0.0 ni,  9.4 id,  0.0 wa,  0.0 hi,  0.1 si,  0.0 st
%Cpu(s): 19.8 us,  1.2 sy,  0.0 ni, 78.7 id,  0.0 wa,  0.0 hi,  0.0 si,  0.2 st
%Cpu(s):  4.8 us,  2.0 sy,  0.0 ni, 93.0 id,  0.0 wa,  0.0 hi,  0.0 si,  0.2 st
%Cpu(s):  9.8 us,  1.5 sy,  0.0 ni, 88.4 id,  0.0 wa,  0.0 hi,  0.0 si,  0.3 st
%Cpu(s):  3.8 us,  2.0 sy,  0.0 ni, 94.1 id,  0.0 wa,  0.0 hi,  0.0 si,  0.1 st
%Cpu(s):  3.3 us,  2.0 sy,  0.0 ni, 94.5 id,  0.0 wa,  0.0 hi,  0.0 si,  0.3 st
%Cpu(s):  3.0 us,  2.0 sy,  0.0 ni, 94.7 id,  0.0 wa,  0.0 hi,  0.0 si,  0.3 st
%Cpu(s):  2.9 us,  1.9 sy,  0.0 ni, 95.1 id,  0.0 wa,  0.0 hi,  0.0 si,  0.1 st
%Cpu(s):  2.6 us,  2.9 sy,  0.0 ni, 94.3 id,  0.0 wa,  0.0 hi,  0.0 si,  0.2 st
%Cpu(s):  3.1 us,  2.7 sy,  0.0 ni, 94.0 id,  0.0 wa,  0.0 hi,  0.0 si,  0.1 st
%Cpu(s):  5.2 us,  2.2 sy,  0.0 ni, 92.3 id,  0.0 wa,  0.0 hi,  0.0 si,  0.2 st
%Cpu(s): 19.1 us,  2.1 sy,  0.0 ni, 78.5 id,  0.0 wa,  0.0 hi,  0.1 si,  0.1 st
%Cpu(s): 48.6 us,  3.4 sy,  0.0 ni, 47.5 id,  0.0 wa,  0.0 hi,  0.5 si,  0.0 st
%Cpu(s): 30.1 us,  4.2 sy,  0.0 ni, 65.2 id,  0.0 wa,  0.0 hi,  0.5 si,  0.0 st
%Cpu(s): 19.7 us,  4.6 sy,  0.0 ni, 74.8 id,  0.0 wa,  0.0 hi,  0.6 si,  0.2 st
%Cpu(s): 33.1 us,  3.6 sy,  0.0 ni, 62.3 id,  0.1 wa,  0.0 hi,  0.9 si,  0.0 st
%Cpu(s): 26.5 us,  3.6 sy,  0.0 ni, 68.7 id,  0.0 wa,  0.0 hi,  1.1 si,  0.0 st
%Cpu(s): 10.2 us,  5.3 sy,  0.0 ni, 83.5 id,  0.0 wa,  0.0 hi,  0.9 si,  0.3 st
%Cpu(s): 13.6 us,  3.8 sy,  0.0 ni, 82.1 id,  0.0 wa,  0.0 hi,  0.5 si,  0.0 st
%Cpu(s): 14.6 us,  5.0 sy,  0.0 ni, 79.6 id,  0.0 wa,  0.0 hi,  0.8 si,  0.0 st
%Cpu(s):  8.2 us,  5.0 sy,  0.0 ni, 81.5 id,  4.2 wa,  0.0 hi,  0.9 si,  0.3 st
%Cpu(s):  8.3 us,  4.6 sy,  0.0 ni, 86.4 id,  0.0 wa,  0.0 hi,  0.6 si,  0.0 st
%Cpu(s): 14.7 us,  4.1 sy,  0.0 ni, 80.1 id,  0.0 wa,  0.0 hi,  1.0 si,  0.1 st
%Cpu(s): 16.1 us,  3.9 sy,  0.0 ni, 79.4 id,  0.0 wa,  0.0 hi,  0.6 si,  0.0 st
%Cpu(s): 11.3 us,  4.1 sy,  0.0 ni, 83.5 id,  0.0 wa,  0.0 hi,  1.0 si,  0.1 st
%Cpu(s):  8.8 us,  4.8 sy,  0.0 ni, 85.8 id,  0.0 wa,  0.0 hi,  0.6 si,  0.0 st
%Cpu(s):  7.8 us,  4.8 sy,  0.0 ni, 86.5 id,  0.0 wa,  0.0 hi,  0.8 si,  0.1 st
%Cpu(s): 15.1 us,  4.0 sy,  0.0 ni, 80.4 id,  0.0 wa,  0.0 hi,  0.5 si,  0.0 st
%Cpu(s):  8.0 us,  4.8 sy,  0.0 ni, 86.3 id,  0.0 wa,  0.0 hi,  0.9 si,  0.0 st
%Cpu(s):  8.2 us,  4.2 sy,  0.0 ni, 86.7 id,  0.0 wa,  0.0 hi,  0.9 si,  0.0 st
%Cpu(s):  7.8 us,  4.6 sy,  0.0 ni, 86.5 id,  0.0 wa,  0.0 hi,  1.0 si,  0.1 st
%Cpu(s): 16.4 us,  5.0 sy,  0.0 ni, 77.9 id,  0.0 wa,  0.0 hi,  0.5 si,  0.1 st
%Cpu(s): 18.8 us,  4.9 sy,  0.0 ni, 75.5 id,  0.0 wa,  0.0 hi,  0.8 si,  0.0 st
%Cpu(s): 18.1 us,  4.3 sy,  0.0 ni, 76.9 id,  0.0 wa,  0.0 hi,  0.8 si,  0.0 st
%Cpu(s):  8.7 us,  6.0 sy,  0.0 ni, 84.7 id,  0.0 wa,  0.0 hi,  0.6 si,  0.0 st
%Cpu(s):  7.6 us,  3.8 sy,  0.0 ni, 87.8 id,  0.0 wa,  0.0 hi,  0.8 si,  0.1 st
%Cpu(s):  8.0 us,  4.6 sy,  0.0 ni, 87.0 id,  0.0 wa,  0.0 hi,  0.4 si,  0.0 st
%Cpu(s):  7.2 us,  4.4 sy,  0.0 ni, 87.5 id,  0.0 wa,  0.0 hi,  0.9 si,  0.1 st
%Cpu(s):  7.2 us,  4.6 sy,  0.0 ni, 87.2 id,  0.0 wa,  0.0 hi,  0.9 si,  0.1 st
%Cpu(s):  6.6 us,  4.3 sy,  0.0 ni, 88.1 id,  0.0 wa,  0.0 hi,  1.0 si,  0.0 st
%Cpu(s):  8.5 us,  4.1 sy,  0.0 ni, 86.3 id,  0.1 wa,  0.0 hi,  1.0 si,  0.0 st
%Cpu(s):  8.5 us,  4.1 sy,  0.0 ni, 86.7 id,  0.0 wa,  0.0 hi,  0.8 si,  0.0 st
%Cpu(s):  9.1 us,  4.9 sy,  0.0 ni, 85.3 id,  0.0 wa,  0.0 hi,  0.6 si,  0.1 st
%Cpu(s): 10.7 us,  4.1 sy,  0.0 ni, 84.4 id,  0.0 wa,  0.0 hi,  0.8 si,  0.0 st
%Cpu(s):  6.1 us,  4.5 sy,  0.0 ni, 88.1 id,  0.0 wa,  0.0 hi,  1.1 si,  0.1 st
%Cpu(s):  7.2 us,  4.6 sy,  0.0 ni, 84.5 id,  3.1 wa,  0.0 hi,  0.4 si,  0.3 st
%Cpu(s):  7.1 us,  4.1 sy,  0.0 ni, 88.4 id,  0.0 wa,  0.0 hi,  0.5 si,  0.0 st
%Cpu(s):  6.0 us,  3.8 sy,  0.0 ni, 89.4 id,  0.0 wa,  0.0 hi,  0.8 si,  0.0 st
%Cpu(s): 11.7 us,  5.4 sy,  0.0 ni, 82.3 id,  0.0 wa,  0.0 hi,  0.6 si,  0.0 st
%Cpu(s): 18.2 us,  3.8 sy,  0.0 ni, 77.3 id,  0.0 wa,  0.0 hi,  0.6 si,  0.1 st
%Cpu(s): 17.0 us,  5.0 sy,  0.0 ni, 77.4 id,  0.1 wa,  0.0 hi,  0.5 si,  0.0 st
%Cpu(s): 11.6 us,  4.6 sy,  0.0 ni, 82.4 id,  0.0 wa,  0.0 hi,  1.4 si,  0.0 st
%Cpu(s):  6.2 us,  3.7 sy,  0.0 ni, 89.6 id,  0.0 wa,  0.0 hi,  0.5 si,  0.0 st
%Cpu(s):  6.2 us,  3.8 sy,  0.0 ni, 89.2 id,  0.0 wa,  0.0 hi,  0.6 si,  0.1 st
%Cpu(s):  7.2 us,  5.3 sy,  0.0 ni, 86.9 id,  0.0 wa,  0.0 hi,  0.6 si,  0.0 st
%Cpu(s):  5.6 us,  5.1 sy,  0.0 ni, 88.6 id,  0.0 wa,  0.0 hi,  0.8 si,  0.0 st
%Cpu(s):  7.2 us,  5.0 sy,  0.0 ni, 86.3 id,  0.0 wa,  0.0 hi,  1.3 si,  0.3 st
%Cpu(s):  7.0 us,  3.8 sy,  0.0 ni, 88.4 id,  0.0 wa,  0.0 hi,  0.8 si,  0.0 st
%Cpu(s):  7.1 us,  3.5 sy,  0.0 ni, 88.4 id,  0.0 wa,  0.0 hi,  1.0 si,  0.0 st
%Cpu(s):  6.1 us,  5.1 sy,  0.0 ni, 88.1 id,  0.0 wa,  0.0 hi,  0.8 si,  0.0 st
%Cpu(s):  7.7 us,  4.9 sy,  0.0 ni, 86.5 id,  0.0 wa,  0.0 hi,  0.6 si,  0.3 st
%Cpu(s):  7.5 us,  4.5 sy,  0.0 ni, 87.3 id,  0.0 wa,  0.0 hi,  0.6 si,  0.0 st
%Cpu(s):  7.7 us,  3.7 sy,  0.0 ni, 87.9 id,  0.0 wa,  0.0 hi,  0.8 si,  0.0 st
%Cpu(s):  5.6 us,  5.1 sy,  0.0 ni, 88.6 id,  0.0 wa,  0.0 hi,  0.6 si,  0.0 st
%Cpu(s):  7.5 us,  4.0 sy,  0.0 ni, 87.9 id,  0.0 wa,  0.0 hi,  0.4 si,  0.3 st
%Cpu(s):  7.1 us,  4.5 sy,  0.0 ni, 87.2 id,  0.1 wa,  0.0 hi,  1.0 si,  0.0 st
%Cpu(s): 16.3 us,  5.3 sy,  0.0 ni, 77.7 id,  0.0 wa,  0.0 hi,  0.8 si,  0.0 st
%Cpu(s): 26.9 us,  4.6 sy,  0.0 ni, 67.3 id,  0.0 wa,  0.0 hi,  1.0 si,  0.1 st
%Cpu(s): 23.4 us,  4.3 sy,  0.0 ni, 71.4 id,  0.0 wa,  0.0 hi,  0.9 si,  0.0 st
%Cpu(s): 10.3 us,  4.1 sy,  0.0 ni, 84.5 id,  0.0 wa,  0.0 hi,  1.1 si,  0.0 st
%Cpu(s): 18.2 us,  4.2 sy,  0.0 ni, 75.9 id,  0.0 wa,  0.0 hi,  1.5 si,  0.1 st
%Cpu(s): 11.6 us,  3.9 sy,  0.0 ni, 83.2 id,  0.0 wa,  0.0 hi,  1.1 si,  0.1 st
