%Cpu(s):  8.8 us,  1.1 sy,  0.0 ni, 89.9 id,  0.0 wa,  0.0 hi,  0.1 si,  0.0 st
%Cpu(s): 11.4 us,  3.8 sy,  0.0 ni, 84.8 id,  0.0 wa,  0.0 hi,  0.0 si,  0.0 st
%Cpu(s): 11.6 us,  4.1 sy,  0.0 ni, 84.2 id,  0.0 wa,  0.0 hi,  0.0 si,  0.0 st
%Cpu(s): 11.2 us,  5.8 sy,  0.0 ni, 82.8 id,  0.0 wa,  0.0 hi,  0.0 si,  0.1 st
%Cpu(s):  9.7 us,  3.8 sy,  0.0 ni, 86.4 id,  0.0 wa,  0.0 hi,  0.1 si,  0.0 st
%Cpu(s):  5.6 us,  4.8 sy,  0.0 ni, 89.5 id,  0.0 wa,  0.0 hi,  0.1 si,  0.0 st
%Cpu(s):  4.6 us,  4.1 sy,  0.0 ni, 91.2 id,  0.0 wa,  0.0 hi,  0.0 si,  0.1 st
%Cpu(s):  6.0 us,  3.5 sy,  0.0 ni, 90.3 id,  0.0 wa,  0.0 hi,  0.1 si,  0.0 st
%Cpu(s): 16.9 us,  3.8 sy,  0.0 ni, 79.0 id,  0.0 wa,  0.0 hi,  0.3 si,  0.0 st
%Cpu(s): 83.1 us,  6.0 sy,  0.0 ni,  9.8 id,  0.0 wa,  0.0 hi,  1.1 si,  0.0 st
%Cpu(s): 90.4 us,  7.0 sy,  0.0 ni,  0.7 id,  0.0 wa,  0.0 hi,  1.7 si,  0.1 st
%Cpu(s): 90.3 us,  8.0 sy,  0.0 ni,  0.0 id,  0.0 wa,  0.0 hi,  1.7 si,  0.0 st
%Cpu(s): 87.0 us, 10.6 sy,  0.0 ni,  0.0 id,  0.0 wa,  0.0 hi,  2.2 si,  0.1 st
%Cpu(s): 87.6 us, 10.2 sy,  0.0 ni,  0.0 id,  0.0 wa,  0.0 hi,  2.2 si,  0.0 st
%Cpu(s): 88.0 us,  9.2 sy,  0.0 ni,  0.0 id,  0.0 wa,  0.0 hi,  2.7 si,  0.0 st
%Cpu(s): 87.4 us, 10.6 sy,  0.0 ni,  0.0 id,  0.0 wa,  0.0 hi,  1.7 si,  0.2 st
%Cpu(s): 89.0 us,  9.2 sy,  0.0 ni,  0.0 id,  0.0 wa,  0.0 hi,  1.9 si,  0.0 st
%Cpu(s): 88.0 us,  9.6 sy,  0.0 ni,  0.0 id,  0.0 wa,  0.0 hi,  2.4 si,  0.0 st
%Cpu(s): 90.5 us,  7.6 sy,  0.0 ni,  0.0 id,  0.0 wa,  0.0 hi,  1.9 si,  0.0 st
%Cpu(s): 89.0 us,  8.5 sy,  0.0 ni,  0.2 id,  0.0 wa,  0.0 hi,  2.1 si,  0.1 st
%Cpu(s): 88.5 us,  9.1 sy,  0.0 ni,  0.4 id,  0.0 wa,  0.0 hi,  1.9 si,  0.1 st
%Cpu(s): 87.2 us,  9.0 sy,  0.0 ni,  1.6 id,  0.0 wa,  0.0 hi,  2.2 si,  0.0 st
%Cpu(s): 89.9 us,  7.6 sy,  0.0 ni,  0.4 id,  0.0 wa,  0.0 hi,  2.1 si,  0.0 st
%Cpu(s): 82.4 us,  7.5 sy,  0.0 ni,  8.1 id,  0.0 wa,  0.0 hi,  2.1 si,  0.0 st
%Cpu(s): 73.6 us,  6.8 sy,  0.0 ni, 17.1 id,  0.0 wa,  0.0 hi,  2.4 si,  0.1 st
%Cpu(s): 65.7 us,  6.7 sy,  0.0 ni, 25.9 id,  0.0 wa,  0.0 hi,  1.6 si,  0.0 st
%Cpu(s): 20.5 us,  5.0 sy,  0.0 ni, 72.4 id,  0.0 wa,  0.0 hi,  1.9 si,  0.1 st
%Cpu(s): 50.6 us,  6.5 sy,  0.0 ni, 41.1 id,  0.0 wa,  0.0 hi,  1.7 si,  0.1 st
%Cpu(s): 46.8 us,  6.7 sy,  0.0 ni, 44.4 id,  0.0 wa,  0.0 hi,  2.0 si,  0.0 st
%Cpu(s): 21.6 us,  5.7 sy,  0.0 ni, 70.8 id,  0.0 wa,  0.0 hi,  1.9 si,  0.0 st
%Cpu(s): 19.2 us,  6.3 sy,  0.0 ni, 72.9 id,  0.0 wa,  0.0 hi,  1.5 si,  0.1 st
%Cpu(s): 42.5 us,  7.0 sy,  0.0 ni, 48.2 id,  0.0 wa,  0.0 hi,  2.2 si,  0.0 st
%Cpu(s): 38.5 us,  6.4 sy,  0.0 ni, 53.5 id,  0.0 wa,  0.0 hi,  1.5 si,  0.1 st
%Cpu(s): 58.5 us,  6.3 sy,  0.0 ni, 33.2 id,  0.0 wa,  0.0 hi,  1.9 si,  0.1 st
%Cpu(s): 65.8 us,  8.0 sy,  0.0 ni, 24.0 id,  0.0 wa,  0.0 hi,  2.1 si,  0.0 st
%Cpu(s): 37.2 us,  7.2 sy,  0.0 ni, 53.5 id,  0.0 wa,  0.0 hi,  1.9 si,  0.1 st
%Cpu(s): 17.4 us,  6.6 sy,  0.0 ni, 74.1 id,  0.0 wa,  0.0 hi,  1.8 si,  0.1 st
%Cpu(s): 16.1 us,  5.2 sy,  0.0 ni, 76.9 id,  0.0 wa,  0.0 hi,  1.8 si,  0.0 st
%Cpu(s): 27.2 us,  6.0 sy,  0.0 ni, 65.2 id,  0.0 wa,  0.0 hi,  1.5 si,  0.1 st
%Cpu(s): 22.6 us,  6.8 sy,  0.0 ni, 68.9 id,  0.0 wa,  0.0 hi,  1.8 si,  0.0 st
%Cpu(s): 34.2 us,  7.1 sy,  0.0 ni, 56.8 id,  0.0 wa,  0.0 hi,  1.8 si,  0.1 st
%Cpu(s): 29.7 us,  5.3 sy,  0.0 ni, 62.6 id,  0.0 wa,  0.0 hi,  2.3 si,  0.1 st
%Cpu(s): 27.3 us,  6.9 sy,  0.0 ni, 64.2 id,  0.0 wa,  0.0 hi,  1.5 si,  0.1 st
%Cpu(s): 30.9 us,  6.4 sy,  0.0 ni, 60.7 id,  0.0 wa,  0.0 hi,  2.0 si,  0.0 st
%Cpu(s): 34.5 us,  6.6 sy,  0.0 ni, 56.5 id,  0.0 wa,  0.0 hi,  2.4 si,  0.0 st
%Cpu(s): 17.3 us,  6.4 sy,  0.0 ni, 73.9 id,  0.1 wa,  0.0 hi,  2.1 si,  0.1 st
%Cpu(s): 16.8 us,  6.6 sy,  0.0 ni, 74.8 id,  0.0 wa,  0.0 hi,  1.8 si,  0.0 st
%Cpu(s): 25.7 us,  5.9 sy,  0.0 ni, 66.5 id,  0.0 wa,  0.0 hi,  1.9 si,  0.0 st
%Cpu(s): 18.7 us,  7.8 sy,  0.0 ni, 71.3 id,  0.0 wa,  0.0 hi,  2.1 si,  0.1 st
%Cpu(s): 18.3 us,  7.5 sy,  0.0 ni, 72.3 id,  0.0 wa,  0.0 hi,  1.8 si,  0.1 st
%Cpu(s): 15.5 us,  6.9 sy,  0.0 ni, 75.7 id,  0.0 wa,  0.0 hi,  1.8 si,  0.1 st
%Cpu(s): 22.2 us,  6.7 sy,  0.0 ni, 69.4 id,  0.0 wa,  0.0 hi,  1.6 si,  0.1 st
%Cpu(s): 20.4 us,  6.8 sy,  0.0 ni, 71.2 id,  0.0 wa,  0.0 hi,  1.5 si,  0.0 st
%Cpu(s): 19.0 us,  7.0 sy,  0.0 ni, 72.2 id,  0.0 wa,  0.0 hi,  1.6 si,  0.1 st
%Cpu(s): 15.8 us,  5.7 sy,  0.0 ni, 76.5 id,  0.0 wa,  0.0 hi,  1.9 si,  0.0 st
%Cpu(s): 14.8 us,  6.0 sy,  0.0 ni, 77.1 id,  0.0 wa,  0.0 hi,  1.9 si,  0.1 st
%Cpu(s): 18.4 us,  6.9 sy,  0.0 ni, 72.9 id,  0.0 wa,  0.0 hi,  1.8 si,  0.0 st
%Cpu(s): 14.2 us,  5.6 sy,  0.0 ni, 78.4 id,  0.0 wa,  0.0 hi,  1.7 si,  0.1 st
%Cpu(s): 14.7 us,  5.8 sy,  0.0 ni, 77.4 id,  0.0 wa,  0.0 hi,  2.1 si,  0.0 st
%Cpu(s): 12.3 us,  5.2 sy,  0.0 ni, 80.7 id,  0.0 wa,  0.0 hi,  1.8 si,  0.0 st
%Cpu(s): 14.3 us,  5.2 sy,  0.0 ni, 78.5 id,  0.0 wa,  0.0 hi,  1.9 si,  0.1 st
%Cpu(s):  7.4 us,  4.8 sy,  0.0 ni, 86.5 id,  0.0 wa,  0.0 hi,  1.1 si,  0.1 st
%Cpu(s):  5.2 us,  3.1 sy,  0.0 ni, 91.2 id,  0.0 wa,  0.0 hi,  0.4 si,  0.1 st
%Cpu(s):  4.2 us,  2.9 sy,  0.0 ni, 92.9 id,  0.0 wa,  0.0 hi,  0.0 si,  0.0 st
%Cpu(s):  4.1 us,  4.9 sy,  0.0 ni, 90.9 id,  0.0 wa,  0.0 hi,  0.1 si,  0.0 st
%Cpu(s):  5.5 us,  3.5 sy,  0.0 ni, 91.0 id,  0.0 wa,  0.0 hi,  0.0 si,  0.0 st
%Cpu(s):  4.2 us,  3.7 sy,  0.0 ni, 92.1 id,  0.0 wa,  0.0 hi,  0.0 si,  0.0 st
%Cpu(s): 11.6 us,  4.8 sy,  0.0 ni, 83.7 id,  0.0 wa,  0.0 hi,  0.0 si,  0.0 st
%Cpu(s):  5.3 us,  4.5 sy,  0.0 ni, 90.2 id,  0.0 wa,  0.0 hi,  0.0 si,  0.0 st
%Cpu(s):  6.9 us,  4.2 sy,  0.0 ni, 88.8 id,  0.0 wa,  0.0 hi,  0.0 si,  0.1 st
%Cpu(s):  9.4 us,  5.5 sy,  0.0 ni, 85.0 id,  0.0 wa,  0.0 hi,  0.1 si,  0.0 st
%Cpu(s):  4.8 us,  3.9 sy,  0.0 ni, 91.3 id,  0.0 wa,  0.0 hi,  0.0 si,  0.0 st
%Cpu(s):  4.2 us,  3.3 sy,  0.0 ni, 92.4 id,  0.0 wa,  0.0 hi,  0.0 si,  0.1 st
%Cpu(s):  5.7 us,  3.5 sy,  0.0 ni, 90.7 id,  0.0 wa,  0.0 hi,  0.1 si,  0.0 st
%Cpu(s):  6.6 us,  3.8 sy,  0.0 ni, 89.6 id,  0.0 wa,  0.0 hi,  0.0 si,  0.0 st
