%Cpu(s):  0.2 us,  0.0 sy,  0.0 ni, 99.7 id,  0.0 wa,  0.0 hi,  0.0 si,  0.0 st
%Cpu(s):  3.3 us,  2.6 sy,  0.0 ni, 93.8 id,  0.0 wa,  0.0 hi,  0.0 si,  0.3 st
%Cpu(s):  3.2 us,  1.8 sy,  0.0 ni, 94.8 id,  0.0 wa,  0.0 hi,  0.0 si,  0.3 st
%Cpu(s):  2.9 us,  1.8 sy,  0.0 ni, 95.0 id,  0.0 wa,  0.0 hi,  0.0 si,  0.4 st
%Cpu(s):  2.3 us,  3.1 sy,  0.0 ni, 94.5 id,  0.0 wa,  0.0 hi,  0.0 si,  0.1 st
%Cpu(s):  7.1 us,  1.6 sy,  0.0 ni, 90.9 id,  0.0 wa,  0.0 hi,  0.1 si,  0.3 st
%Cpu(s): 60.5 us,  4.2 sy,  0.0 ni, 34.5 id,  0.0 wa,  0.0 hi,  0.6 si,  0.1 st
%Cpu(s): 85.0 us,  5.0 sy,  0.0 ni,  8.9 id,  0.0 wa,  0.0 hi,  1.1 si,  0.0 st
%Cpu(s): 74.7 us,  5.1 sy,  0.0 ni, 19.3 id,  0.0 wa,  0.0 hi,  0.9 si,  0.0 st
%Cpu(s): 85.8 us,  4.4 sy,  0.0 ni,  8.9 id,  0.0 wa,  0.0 hi,  1.0 si,  0.0 st
%Cpu(s): 90.4 us,  4.1 sy,  0.0 ni,  4.5 id,  0.0 wa,  0.0 hi,  1.0 si,  0.0 st
%Cpu(s): 71.8 us,  4.1 sy,  0.0 ni, 23.2 id,  0.0 wa,  0.0 hi,  0.7 si,  0.1 st
%Cpu(s): 36.3 us,  3.9 sy,  0.0 ni, 58.9 id,  0.0 wa,  0.0 hi,  0.9 si,  0.0 st
%Cpu(s): 20.1 us,  4.5 sy,  0.0 ni, 74.8 id,  0.0 wa,  0.0 hi,  0.5 si,  0.1 st
%Cpu(s): 17.0 us,  4.8 sy,  0.0 ni, 77.8 id,  0.0 wa,  0.0 hi,  0.4 si,  0.0 st
%Cpu(s): 35.5 us,  4.4 sy,  0.0 ni, 59.5 id,  0.0 wa,  0.0 hi,  0.6 si,  0.0 st
%Cpu(s): 59.6 us,  4.4 sy,  0.0 ni, 34.9 id,  0.0 wa,  0.0 hi,  1.0 si,  0.1 st
%Cpu(s): 46.4 us,  4.3 sy,  0.0 ni, 48.0 id,  0.0 wa,  0.0 hi,  1.4 si,  0.0 st
%Cpu(s): 40.7 us,  5.6 sy,  0.0 ni, 52.7 id,  0.0 wa,  0.0 hi,  1.0 si,  0.0 st
%Cpu(s): 23.7 us,  4.7 sy,  0.0 ni, 70.9 id,  0.0 wa,  0.0 hi,  0.8 si,  0.0 st
%Cpu(s): 30.3 us,  4.3 sy,  0.0 ni, 64.2 id,  0.1 wa,  0.0 hi,  0.9 si,  0.1 st
%Cpu(s): 19.2 us,  4.5 sy,  0.0 ni, 75.8 id,  0.0 wa,  0.0 hi,  0.4 si,  0.1 st
%Cpu(s): 15.6 us,  5.0 sy,  0.0 ni, 78.6 id,  0.0 wa,  0.0 hi,  0.8 si,  0.0 st
%Cpu(s):  9.5 us,  4.0 sy,  0.0 ni, 85.8 id,  0.0 wa,  0.0 hi,  0.8 si,  0.0 st
%Cpu(s): 18.9 us,  4.0 sy,  0.0 ni, 76.4 id,  0.0 wa,  0.0 hi,  0.8 si,  0.0 st
%Cpu(s):  8.8 us,  5.7 sy,  0.0 ni, 84.6 id,  0.0 wa,  0.0 hi,  0.6 si,  0.3 st
%Cpu(s): 10.7 us,  3.7 sy,  0.0 ni, 84.9 id,  0.0 wa,  0.0 hi,  0.6 si,  0.0 st
%Cpu(s):  9.5 us,  4.7 sy,  0.0 ni, 85.2 id,  0.0 wa,  0.0 hi,  0.5 si,  0.0 st
%Cpu(s):  9.3 us,  5.5 sy,  0.0 ni, 84.4 id,  0.0 wa,  0.0 hi,  0.6 si,  0.1 st
%Cpu(s): 10.4 us,  4.9 sy,  0.0 ni, 83.9 id,  0.0 wa,  0.0 hi,  0.6 si,  0.1 st
%Cpu(s):  8.6 us,  5.3 sy,  0.0 ni, 85.3 id,  0.0 wa,  0.0 hi,  0.8 si,  0.1 st
%Cpu(s):  8.7 us,  5.2 sy,  0.0 ni, 85.4 id,  0.0 wa,  0.0 hi,  0.8 si,  0.0 st
%Cpu(s):  8.0 us,  5.0 sy,  0.0 ni, 86.1 id,  0.0 wa,  0.0 hi,  0.8 si,  0.1 st
%Cpu(s):  8.2 us,  5.8 sy,  0.0 ni, 85.5 id,  0.0 wa,  0.0 hi,  0.5 si,  0.0 st
%Cpu(s):  7.8 us,  4.5 sy,  0.0 ni, 86.9 id,  0.0 wa,  0.0 hi,  0.8 si,  0.0 st
%Cpu(s):  7.6 us,  4.2 sy,  0.0 ni, 87.4 id,  0.1 wa,  0.0 hi,  0.5 si,  0.1 st
%Cpu(s): 15.1 us,  4.3 sy,  0.0 ni, 80.0 id,  0.0 wa,  0.0 hi,  0.6 si,  0.0 st
%Cpu(s): 20.2 us,  3.4 sy,  0.0 ni, 75.1 id,  0.0 wa,  0.0 hi,  1.0 si,  0.3 st
%Cpu(s): 12.8 us,  5.0 sy,  0.0 ni, 81.4 id,  0.0 wa,  0.0 hi,  0.8 si,  0.0 st
%Cpu(s): 15.0 us,  4.9 sy,  0.0 ni, 79.5 id,  0.0 wa,  0.0 hi,  0.5 si,  0.0 st
%Cpu(s): 14.1 us,  5.0 sy,  0.0 ni, 80.6 id,  0.0 wa,  0.0 hi,  0.3 si,  0.0 st
%Cpu(s): 10.8 us,  5.3 sy,  0.0 ni, 83.2 id,  0.0 wa,  0.0 hi,  0.5 si,  0.1 st
%Cpu(s): 12.6 us,  5.1 sy,  0.0 ni, 81.5 id,  0.0 wa,  0.0 hi,  0.6 si,  0.1 st
%Cpu(s):  8.9 us,  6.0 sy,  0.0 ni, 84.4 id,  0.0 wa,  0.0 hi,  0.7 si,  0.0 st
%Cpu(s): 13.0 us,  4.2 sy,  0.0 ni, 82.2 id,  0.0 wa,  0.0 hi,  0.6 si,  0.0 st
%Cpu(s): 14.8 us,  4.1 sy,  0.0 ni, 79.9 id,  0.0 wa,  0.0 hi,  1.0 si,  0.1 st
%Cpu(s): 11.0 us,  4.7 sy,  0.0 ni, 83.7 id,  0.0 wa,  0.0 hi,  0.6 si,  0.0 st
%Cpu(s):  7.4 us,  4.6 sy,  0.0 ni, 87.1 id,  0.0 wa,  0.0 hi,  0.8 si,  0.1 st
%Cpu(s):  8.5 us,  5.5 sy,  0.0 ni, 85.1 id,  0.0 wa,  0.0 hi,  0.9 si,  0.0 st
%Cpu(s): 11.4 us,  5.4 sy,  0.0 ni, 82.5 id,  0.0 wa,  0.0 hi,  0.6 si,  0.1 st
%Cpu(s):  8.7 us,  4.9 sy,  0.0 ni, 85.6 id,  0.0 wa,  0.0 hi,  0.8 si,  0.0 st
%Cpu(s):  8.2 us,  3.9 sy,  0.0 ni, 87.4 id,  0.0 wa,  0.0 hi,  0.5 si,  0.0 st
%Cpu(s):  7.9 us,  4.2 sy,  0.0 ni, 87.3 id,  0.0 wa,  0.0 hi,  0.5 si,  0.1 st
%Cpu(s):  6.6 us,  4.6 sy,  0.0 ni, 88.1 id,  0.0 wa,  0.0 hi,  0.8 si,  0.0 st
%Cpu(s):  7.3 us,  5.2 sy,  0.0 ni, 86.6 id,  0.0 wa,  0.0 hi,  0.8 si,  0.1 st
%Cpu(s):  8.5 us,  5.7 sy,  0.0 ni, 85.1 id,  0.0 wa,  0.0 hi,  0.8 si,  0.0 st
%Cpu(s):  9.0 us,  4.4 sy,  0.0 ni, 85.7 id,  0.0 wa,  0.0 hi,  0.8 si,  0.1 st
%Cpu(s):  6.9 us,  5.1 sy,  0.0 ni, 87.0 id,  0.0 wa,  0.0 hi,  1.0 si,  0.0 st
%Cpu(s):  7.9 us,  5.6 sy,  0.0 ni, 85.6 id,  0.0 wa,  0.0 hi,  0.8 si,  0.1 st
%Cpu(s):  9.6 us,  5.4 sy,  0.0 ni, 83.8 id,  0.0 wa,  0.0 hi,  1.0 si,  0.1 st
%Cpu(s):  7.2 us,  4.1 sy,  0.0 ni, 87.7 id,  0.1 wa,  0.0 hi,  0.9 si,  0.0 st
%Cpu(s):  3.5 us,  1.8 sy,  0.0 ni, 94.4 id,  0.0 wa,  0.0 hi,  0.1 si,  0.3 st
%Cpu(s):  2.0 us,  1.9 sy,  0.0 ni, 95.9 id,  0.0 wa,  0.0 hi,  0.0 si,  0.3 st
%Cpu(s):  2.4 us,  2.5 sy,  0.0 ni, 94.9 id,  0.0 wa,  0.0 hi,  0.0 si,  0.2 st
%Cpu(s):  2.8 us,  2.5 sy,  0.0 ni, 94.5 id,  0.0 wa,  0.0 hi,  0.0 si,  0.3 st
%Cpu(s):  4.0 us,  1.6 sy,  0.0 ni, 94.2 id,  0.0 wa,  0.0 hi,  0.0 si,  0.1 st
%Cpu(s):  5.0 us,  3.1 sy,  0.0 ni, 91.7 id,  0.0 wa,  0.0 hi,  0.0 si,  0.1 st
%Cpu(s):  3.4 us,  2.2 sy,  0.0 ni, 94.0 id,  0.0 wa,  0.0 hi,  0.1 si,  0.2 st
%Cpu(s):  3.7 us,  2.9 sy,  0.0 ni, 93.1 id,  0.0 wa,  0.0 hi,  0.0 si,  0.2 st
%Cpu(s):  3.3 us,  1.8 sy,  0.0 ni, 94.7 id,  0.0 wa,  0.0 hi,  0.1 si,  0.1 st
%Cpu(s):  2.8 us,  2.3 sy,  0.0 ni, 94.7 id,  0.0 wa,  0.0 hi,  0.0 si,  0.3 st
%Cpu(s):  3.4 us,  2.3 sy,  0.0 ni, 94.1 id,  0.0 wa,  0.0 hi,  0.0 si,  0.3 st
%Cpu(s):  2.4 us,  2.4 sy,  0.0 ni, 95.0 id,  0.0 wa,  0.0 hi,  0.0 si,  0.1 st
%Cpu(s):  3.4 us,  2.4 sy,  0.0 ni, 94.1 id,  0.0 wa,  0.0 hi,  0.0 si,  0.1 st
%Cpu(s):  3.2 us,  2.8 sy,  0.0 ni, 94.1 id,  0.0 wa,  0.0 hi,  0.0 si,  0.0 st
%Cpu(s):  1.9 us,  1.7 sy,  0.0 ni, 96.1 id,  0.0 wa,  0.0 hi,  0.0 si,  0.4 st
%Cpu(s):  2.8 us,  2.0 sy,  0.0 ni, 94.7 id,  0.1 wa,  0.0 hi,  0.1 si,  0.3 st
%Cpu(s):  3.0 us,  3.1 sy,  0.0 ni, 93.6 id,  0.0 wa,  0.0 hi,  0.1 si,  0.1 st
