%Cpu(s):  4.0 us,  0.6 sy,  0.0 ni, 95.3 id,  0.0 wa,  0.0 hi,  0.1 si,  0.0 st
%Cpu(s): 21.4 us,  0.7 sy,  0.0 ni, 77.8 id,  0.0 wa,  0.0 hi,  0.0 si,  0.0 st
%Cpu(s): 28.6 us,  1.0 sy,  0.0 ni, 70.4 id,  0.0 wa,  0.0 hi,  0.0 si,  0.0 st
%Cpu(s): 26.4 us,  1.4 sy,  0.0 ni, 72.2 id,  0.0 wa,  0.0 hi,  0.0 si,  0.0 st
%Cpu(s): 20.9 us,  0.7 sy,  0.0 ni, 78.3 id,  0.0 wa,  0.0 hi,  0.0 si,  0.0 st
%Cpu(s): 32.8 us,  0.9 sy,  0.0 ni, 66.3 id,  0.0 wa,  0.0 hi,  0.0 si,  0.0 st
%Cpu(s): 27.0 us,  1.2 sy,  0.0 ni, 71.8 id,  0.0 wa,  0.0 hi,  0.0 si,  0.0 st
%Cpu(s):  0.5 us,  0.1 sy,  0.0 ni, 99.4 id,  0.0 wa,  0.0 hi,  0.0 si,  0.0 st
%Cpu(s):  0.1 us,  0.1 sy,  0.0 ni, 99.8 id,  0.0 wa,  0.0 hi,  0.0 si,  0.0 st
%Cpu(s): 42.1 us,  4.6 sy,  0.0 ni, 53.1 id,  0.0 wa,  0.0 hi,  0.2 si,  0.0 st
%Cpu(s): 84.3 us,  2.9 sy,  0.0 ni, 12.9 id,  0.0 wa,  0.0 hi,  0.0 si,  0.0 st
%Cpu(s): 85.2 us,  3.2 sy,  0.0 ni, 11.6 id,  0.0 wa,  0.0 hi,  0.0 si,  0.0 st
%Cpu(s): 83.1 us,  2.0 sy,  0.0 ni, 14.9 id,  0.0 wa,  0.0 hi,  0.0 si,  0.0 st
%Cpu(s): 97.5 us,  1.7 sy,  0.0 ni,  0.6 id,  0.0 wa,  0.0 hi,  0.1 si,  0.0 st
%Cpu(s): 96.4 us,  2.5 sy,  0.0 ni,  1.1 id,  0.0 wa,  0.0 hi,  0.0 si,  0.0 st
%Cpu(s): 96.3 us,  3.0 sy,  0.0 ni,  0.6 id,  0.0 wa,  0.0 hi,  0.1 si,  0.0 st
%Cpu(s): 97.0 us,  2.7 sy,  0.0 ni,  0.1 id,  0.0 wa,  0.0 hi,  0.1 si,  0.0 st
%Cpu(s): 59.4 us,  1.4 sy,  0.0 ni, 39.2 id,  0.0 wa,  0.0 hi,  0.0 si,  0.0 st
%Cpu(s):  3.0 us,  1.1 sy,  0.0 ni, 95.9 id,  0.0 wa,  0.0 hi,  0.0 si,  0.0 st
%Cpu(s):  6.8 us,  1.5 sy,  0.0 ni, 91.6 id,  0.0 wa,  0.0 hi,  0.1 si,  0.0 st
%Cpu(s): 59.1 us,  5.5 sy,  0.0 ni, 33.5 id,  0.0 wa,  0.0 hi,  1.6 si,  0.1 st
%Cpu(s): 70.8 us,  4.0 sy,  0.0 ni, 23.7 id,  0.0 wa,  0.0 hi,  1.5 si,  0.0 st
%Cpu(s): 67.8 us,  6.4 sy,  0.0 ni, 23.3 id,  0.0 wa,  0.0 hi,  2.5 si,  0.0 st
%Cpu(s): 62.2 us,  6.1 sy,  0.0 ni, 29.0 id,  0.1 wa,  0.0 hi,  2.5 si,  0.0 st
%Cpu(s): 61.4 us,  8.8 sy,  0.0 ni, 27.0 id,  0.1 wa,  0.0 hi,  2.6 si,  0.0 st
%Cpu(s): 64.7 us,  7.3 sy,  0.0 ni, 24.7 id,  0.0 wa,  0.0 hi,  3.3 si,  0.0 st
%Cpu(s): 28.5 us,  8.7 sy,  0.0 ni, 60.0 id,  0.0 wa,  0.0 hi,  2.8 si,  0.0 st
%Cpu(s): 15.7 us,  8.0 sy,  0.0 ni, 73.7 id,  0.0 wa,  0.0 hi,  2.6 si,  0.0 st
%Cpu(s): 21.1 us,  8.1 sy,  0.0 ni, 68.0 id,  0.0 wa,  0.0 hi,  2.8 si,  0.0 st
%Cpu(s): 27.6 us,  7.5 sy,  0.0 ni, 62.1 id,  0.0 wa,  0.0 hi,  2.8 si,  0.0 st
%Cpu(s): 27.8 us,  6.7 sy,  0.0 ni, 63.5 id,  0.0 wa,  0.0 hi,  2.0 si,  0.0 st
%Cpu(s): 17.4 us,  7.3 sy,  0.0 ni, 71.5 id,  0.0 wa,  0.0 hi,  3.8 si,  0.0 st
%Cpu(s): 18.1 us,  8.6 sy,  0.0 ni, 70.9 id,  0.0 wa,  0.0 hi,  2.4 si,  0.0 st
%Cpu(s): 16.2 us,  8.1 sy,  0.0 ni, 72.4 id,  0.0 wa,  0.0 hi,  3.1 si,  0.1 st
%Cpu(s): 27.0 us,  6.8 sy,  0.0 ni, 62.2 id,  0.0 wa,  0.0 hi,  4.0 si,  0.0 st
%Cpu(s): 38.9 us,  7.7 sy,  0.0 ni, 49.7 id,  0.0 wa,  0.0 hi,  3.8 si,  0.0 st
%Cpu(s): 29.9 us,  7.7 sy,  0.0 ni, 59.1 id,  0.0 wa,  0.0 hi,  3.3 si,  0.0 st
%Cpu(s): 23.9 us,  7.5 sy,  0.0 ni, 65.9 id,  0.0 wa,  0.0 hi,  2.7 si,  0.0 st
%Cpu(s): 33.0 us,  8.8 sy,  0.0 ni, 55.3 id,  0.0 wa,  0.0 hi,  2.9 si,  0.0 st
%Cpu(s): 36.3 us,  7.9 sy,  0.0 ni, 52.2 id,  0.0 wa,  0.0 hi,  3.6 si,  0.0 st
%Cpu(s): 25.3 us,  7.4 sy,  0.0 ni, 64.6 id,  0.0 wa,  0.0 hi,  2.7 si,  0.0 st
%Cpu(s): 25.7 us,  7.6 sy,  0.0 ni, 63.1 id,  0.0 wa,  0.0 hi,  3.4 si,  0.1 st
%Cpu(s): 24.6 us,  8.1 sy,  0.0 ni, 64.9 id,  0.0 wa,  0.0 hi,  2.4 si,  0.0 st
%Cpu(s): 14.8 us,  8.0 sy,  0.0 ni, 74.5 id,  0.0 wa,  0.0 hi,  2.7 si,  0.0 st
%Cpu(s): 13.7 us,  6.0 sy,  0.0 ni, 76.6 id,  0.0 wa,  0.0 hi,  3.6 si,  0.0 st
%Cpu(s): 27.5 us,  7.3 sy,  0.0 ni, 62.6 id,  0.0 wa,  0.0 hi,  2.5 si,  0.0 st
%Cpu(s): 21.4 us,  7.4 sy,  0.0 ni, 68.3 id,  0.0 wa,  0.0 hi,  2.9 si,  0.0 st
%Cpu(s): 32.4 us,  7.8 sy,  0.0 ni, 57.1 id,  0.0 wa,  0.0 hi,  2.7 si,  0.0 st
%Cpu(s): 26.6 us,  7.9 sy,  0.0 ni, 63.1 id,  0.0 wa,  0.0 hi,  2.5 si,  0.0 st
%Cpu(s): 23.1 us,  7.0 sy,  0.0 ni, 67.0 id,  0.0 wa,  0.0 hi,  2.8 si,  0.0 st
%Cpu(s): 32.0 us,  6.6 sy,  0.0 ni, 58.0 id,  0.0 wa,  0.0 hi,  3.4 si,  0.0 st
%Cpu(s): 12.9 us,  6.9 sy,  0.0 ni, 77.3 id,  0.0 wa,  0.0 hi,  2.9 si,  0.0 st
%Cpu(s): 24.5 us,  6.9 sy,  0.0 ni, 64.9 id,  0.0 wa,  0.0 hi,  3.7 si,  0.0 st
%Cpu(s): 23.5 us,  8.5 sy,  0.0 ni, 65.1 id,  0.0 wa,  0.0 hi,  2.9 si,  0.0 st
%Cpu(s): 25.9 us,  7.7 sy,  0.0 ni, 60.9 id,  2.0 wa,  0.0 hi,  3.4 si,  0.0 st
%Cpu(s): 12.9 us,  7.4 sy,  0.0 ni, 76.7 id,  0.0 wa,  0.0 hi,  2.8 si,  0.1 st
%Cpu(s): 18.0 us,  7.2 sy,  0.0 ni, 72.5 id,  0.0 wa,  0.0 hi,  2.3 si,  0.0 st
%Cpu(s): 15.6 us,  7.8 sy,  0.0 ni, 73.6 id,  0.0 wa,  0.0 hi,  3.1 si,  0.0 st
%Cpu(s): 28.4 us,  8.2 sy,  0.0 ni, 60.3 id,  0.1 wa,  0.0 hi,  2.9 si,  0.0 st
%Cpu(s): 24.4 us,  7.3 sy,  0.0 ni, 64.6 id,  0.0 wa,  0.0 hi,  3.7 si,  0.0 st
%Cpu(s): 33.2 us,  6.0 sy,  0.0 ni, 57.5 id,  0.0 wa,  0.0 hi,  3.3 si,  0.0 st
%Cpu(s): 12.6 us,  7.5 sy,  0.0 ni, 77.0 id,  0.0 wa,  0.0 hi,  3.0 si,  0.0 st
%Cpu(s): 16.7 us,  6.7 sy,  0.0 ni, 73.9 id,  0.0 wa,  0.0 hi,  2.7 si,  0.0 st
%Cpu(s): 17.2 us,  8.2 sy,  0.0 ni, 72.0 id,  0.0 wa,  0.0 hi,  2.6 si,  0.0 st
%Cpu(s): 26.6 us,  7.6 sy,  0.0 ni, 62.6 id,  0.0 wa,  0.0 hi,  3.0 si,  0.1 st
%Cpu(s): 27.1 us,  7.1 sy,  0.0 ni, 63.0 id,  0.0 wa,  0.0 hi,  2.8 si,  0.0 st
%Cpu(s): 18.8 us,  7.3 sy,  0.0 ni, 71.4 id,  0.0 wa,  0.0 hi,  2.5 si,  0.0 st
%Cpu(s): 41.5 us,  6.1 sy,  0.0 ni, 50.4 id,  0.0 wa,  0.0 hi,  2.0 si,  0.0 st
%Cpu(s): 32.0 us,  6.7 sy,  0.0 ni, 59.2 id,  0.1 wa,  0.0 hi,  1.9 si,  0.0 st
%Cpu(s): 20.9 us,  5.9 sy,  0.0 ni, 70.0 id,  0.0 wa,  0.0 hi,  3.2 si,  0.0 st
%Cpu(s): 27.1 us,  7.1 sy,  0.0 ni, 63.4 id,  0.0 wa,  0.0 hi,  2.4 si,  0.0 st
%Cpu(s): 43.4 us,  6.5 sy,  0.0 ni, 47.6 id,  0.0 wa,  0.0 hi,  2.5 si,  0.0 st
%Cpu(s): 24.7 us,  6.1 sy,  0.0 ni, 66.7 id,  0.0 wa,  0.0 hi,  2.5 si,  0.0 st
%Cpu(s): 21.4 us,  5.0 sy,  0.0 ni, 71.7 id,  0.0 wa,  0.0 hi,  1.9 si,  0.0 st
%Cpu(s): 13.2 us,  4.6 sy,  0.0 ni, 79.2 id,  0.0 wa,  0.0 hi,  3.0 si,  0.0 st
%Cpu(s): 19.4 us,  4.9 sy,  0.0 ni, 72.9 id,  0.0 wa,  0.0 hi,  2.8 si,  0.0 st
%Cpu(s): 25.0 us,  6.6 sy,  0.0 ni, 66.4 id,  0.0 wa,  0.0 hi,  2.0 si,  0.0 st
%Cpu(s): 28.3 us,  6.8 sy,  0.0 ni, 62.9 id,  0.0 wa,  0.0 hi,  2.0 si,  0.0 st
%Cpu(s): 15.5 us,  5.5 sy,  0.0 ni, 77.2 id,  0.0 wa,  0.0 hi,  1.8 si,  0.0 st
