%Cpu(s):  8.4 us,  1.1 sy,  0.0 ni, 90.4 id,  0.0 wa,  0.0 hi,  0.1 si,  0.0 st
%Cpu(s): 12.4 us,  3.8 sy,  0.0 ni, 83.5 id,  0.0 wa,  0.0 hi,  0.0 si,  0.3 st
%Cpu(s): 10.5 us,  4.9 sy,  0.0 ni, 83.6 id,  0.6 wa,  0.0 hi,  0.0 si,  0.4 st
%Cpu(s): 11.1 us,  5.1 sy,  0.0 ni, 83.5 id,  0.0 wa,  0.0 hi,  0.3 si,  0.0 st
%Cpu(s): 15.6 us,  5.2 sy,  0.0 ni, 78.8 id,  0.0 wa,  0.0 hi,  0.0 si,  0.4 st
%Cpu(s):  8.6 us,  6.7 sy,  0.0 ni, 84.5 id,  0.0 wa,  0.0 hi,  0.1 si,  0.1 st
%Cpu(s):  7.7 us,  4.8 sy,  0.0 ni, 87.4 id,  0.0 wa,  0.0 hi,  0.0 si,  0.1 st
%Cpu(s):  6.6 us,  5.9 sy,  0.0 ni, 87.1 id,  0.0 wa,  0.0 hi,  0.1 si,  0.2 st
%Cpu(s): 19.6 us,  4.5 sy,  0.0 ni, 75.8 id,  0.0 wa,  0.0 hi,  0.0 si,  0.1 st
%Cpu(s): 63.1 us,  4.4 sy,  0.0 ni, 31.7 id,  0.0 wa,  0.0 hi,  0.8 si,  0.0 st
%Cpu(s): 92.9 us,  5.2 sy,  0.0 ni,  0.9 id,  0.0 wa,  0.0 hi,  1.0 si,  0.0 st
%Cpu(s): 91.8 us,  6.5 sy,  0.0 ni,  0.1 id,  0.0 wa,  0.0 hi,  1.6 si,  0.0 st
%Cpu(s): 89.2 us,  9.0 sy,  0.0 ni,  0.0 id,  0.0 wa,  0.0 hi,  1.9 si,  0.0 st
%Cpu(s): 91.5 us,  6.7 sy,  0.0 ni,  0.1 id,  0.0 wa,  0.0 hi,  1.6 si,  0.0 st
%Cpu(s): 92.8 us,  5.9 sy,  0.0 ni,  0.0 id,  0.0 wa,  0.0 hi,  1.4 si,  0.0 st
%Cpu(s): 92.6 us,  5.9 sy,  0.0 ni,  0.0 id,  0.0 wa,  0.0 hi,  1.5 si,  0.0 st
%Cpu(s): 91.0 us,  7.6 sy,  0.0 ni,  0.0 id,  0.0 wa,  0.0 hi,  1.4 si,  0.0 st
%Cpu(s): 91.8 us,  6.8 sy,  0.0 ni,  0.0 id,  0.0 wa,  0.0 hi,  1.4 si,  0.0 st
%Cpu(s): 92.8 us,  5.5 sy,  0.0 ni,  0.0 id,  0.0 wa,  0.0 hi,  1.7 si,  0.0 st
%Cpu(s): 91.9 us,  6.4 sy,  0.0 ni,  0.0 id,  0.0 wa,  0.0 hi,  1.7 si,  0.0 st
%Cpu(s): 90.8 us,  7.5 sy,  0.0 ni,  0.0 id,  0.0 wa,  0.0 hi,  1.7 si,  0.0 st
%Cpu(s): 90.9 us,  6.4 sy,  0.0 ni,  1.2 id,  0.0 wa,  0.0 hi,  1.5 si,  0.0 st
%Cpu(s): 90.8 us,  6.0 sy,  0.0 ni,  1.7 id,  0.0 wa,  0.0 hi,  1.5 si,  0.0 st
%Cpu(s): 59.1 us,  6.1 sy,  0.0 ni, 33.3 id,  0.0 wa,  0.0 hi,  1.5 si,  0.0 st
%Cpu(s): 61.8 us,  5.1 sy,  0.0 ni, 31.6 id,  0.0 wa,  0.0 hi,  1.4 si,  0.1 st
%Cpu(s): 75.7 us,  5.2 sy,  0.0 ni, 17.7 id,  0.0 wa,  0.0 hi,  1.4 si,  0.0 st
%Cpu(s): 35.6 us,  4.5 sy,  0.0 ni, 58.6 id,  0.1 wa,  0.0 hi,  1.1 si,  0.0 st
%Cpu(s): 24.3 us,  5.2 sy,  0.0 ni, 69.0 id,  0.0 wa,  0.0 hi,  1.5 si,  0.0 st
%Cpu(s): 17.7 us,  6.1 sy,  0.0 ni, 74.8 id,  0.0 wa,  0.0 hi,  1.3 si,  0.1 st
%Cpu(s): 13.3 us,  4.5 sy,  0.0 ni, 81.0 id,  0.0 wa,  0.0 hi,  1.1 si,  0.0 st
%Cpu(s): 12.4 us,  5.7 sy,  0.0 ni, 80.2 id,  0.0 wa,  0.0 hi,  1.6 si,  0.0 st
%Cpu(s): 16.1 us,  5.5 sy,  0.0 ni, 77.0 id,  0.0 wa,  0.0 hi,  1.3 si,  0.1 st
%Cpu(s): 22.5 us,  4.8 sy,  0.0 ni, 71.1 id,  0.0 wa,  0.0 hi,  1.6 si,  0.0 st
%Cpu(s): 29.4 us,  5.2 sy,  0.0 ni, 64.1 id,  0.0 wa,  0.0 hi,  1.3 si,  0.0 st
%Cpu(s): 32.7 us,  5.4 sy,  0.0 ni, 60.2 id,  0.0 wa,  0.0 hi,  1.6 si,  0.0 st
%Cpu(s): 18.5 us,  6.2 sy,  0.0 ni, 74.2 id,  0.0 wa,  0.0 hi,  1.1 si,  0.0 st
%Cpu(s): 18.2 us,  4.8 sy,  0.0 ni, 75.5 id,  0.0 wa,  0.0 hi,  1.4 si,  0.1 st
%Cpu(s):  9.4 us,  5.6 sy,  0.0 ni, 83.2 id,  0.0 wa,  0.0 hi,  1.7 si,  0.1 st
%Cpu(s): 40.8 us,  5.0 sy,  0.0 ni, 52.8 id,  0.0 wa,  0.0 hi,  1.4 si,  0.0 st
%Cpu(s): 59.2 us,  5.8 sy,  0.0 ni, 33.6 id,  0.0 wa,  0.0 hi,  1.4 si,  0.0 st
%Cpu(s): 35.3 us,  5.3 sy,  0.0 ni, 58.5 id,  0.0 wa,  0.0 hi,  0.9 si,  0.0 st
%Cpu(s): 27.4 us,  5.6 sy,  0.0 ni, 65.4 id,  0.0 wa,  0.0 hi,  1.6 si,  0.0 st
%Cpu(s): 15.6 us,  5.9 sy,  0.0 ni, 77.2 id,  0.0 wa,  0.0 hi,  1.1 si,  0.1 st
%Cpu(s): 29.6 us,  5.0 sy,  0.0 ni, 64.3 id,  0.0 wa,  0.0 hi,  1.1 si,  0.0 st
%Cpu(s): 63.1 us,  5.9 sy,  0.0 ni, 29.6 id,  0.0 wa,  0.0 hi,  1.5 si,  0.0 st
%Cpu(s): 34.6 us,  4.6 sy,  0.0 ni, 59.4 id,  0.0 wa,  0.0 hi,  1.4 si,  0.0 st
%Cpu(s): 24.1 us,  4.6 sy,  0.0 ni, 69.7 id,  0.1 wa,  0.0 hi,  1.4 si,  0.1 st
%Cpu(s): 13.6 us,  5.7 sy,  0.0 ni, 79.4 id,  0.0 wa,  0.0 hi,  1.3 si,  0.0 st
%Cpu(s): 17.3 us,  5.8 sy,  0.0 ni, 75.7 id,  0.0 wa,  0.0 hi,  1.3 si,  0.0 st
%Cpu(s): 11.2 us,  6.1 sy,  0.0 ni, 81.2 id,  0.0 wa,  0.0 hi,  1.5 si,  0.0 st
%Cpu(s): 17.3 us,  5.7 sy,  0.0 ni, 75.8 id,  0.0 wa,  0.0 hi,  1.3 si,  0.0 st
%Cpu(s): 13.6 us,  5.6 sy,  0.0 ni, 79.4 id,  0.0 wa,  0.0 hi,  1.2 si,  0.1 st
%Cpu(s): 11.0 us,  5.0 sy,  0.0 ni, 82.8 id,  0.0 wa,  0.0 hi,  1.2 si,  0.0 st
%Cpu(s): 16.6 us,  4.9 sy,  0.0 ni, 76.9 id,  0.0 wa,  0.0 hi,  1.5 si,  0.0 st
%Cpu(s): 12.5 us,  5.7 sy,  0.0 ni, 80.5 id,  0.0 wa,  0.0 hi,  1.1 si,  0.1 st
%Cpu(s): 12.3 us,  5.0 sy,  0.0 ni, 81.1 id,  0.0 wa,  0.0 hi,  1.5 si,  0.0 st
%Cpu(s):  8.7 us,  5.0 sy,  0.0 ni, 85.0 id,  0.0 wa,  0.0 hi,  1.2 si,  0.1 st
%Cpu(s):  8.1 us,  5.6 sy,  0.0 ni, 84.7 id,  0.0 wa,  0.0 hi,  1.6 si,  0.0 st
%Cpu(s):  8.1 us,  5.3 sy,  0.0 ni, 85.5 id,  0.0 wa,  0.0 hi,  1.0 si,  0.0 st
%Cpu(s):  9.8 us,  5.5 sy,  0.0 ni, 82.7 id,  0.0 wa,  0.0 hi,  2.0 si,  0.0 st
%Cpu(s):  8.6 us,  5.6 sy,  0.0 ni, 85.0 id,  0.0 wa,  0.0 hi,  0.9 si,  0.0 st
%Cpu(s):  5.5 us,  6.0 sy,  0.0 ni, 87.8 id,  0.0 wa,  0.0 hi,  0.5 si,  0.1 st
%Cpu(s):  4.8 us,  4.0 sy,  0.0 ni, 90.7 id,  0.0 wa,  0.0 hi,  0.3 si,  0.3 st
%Cpu(s):  4.2 us,  3.4 sy,  0.0 ni, 92.4 id,  0.0 wa,  0.0 hi,  0.0 si,  0.0 st
%Cpu(s):  3.3 us,  6.7 sy,  0.0 ni, 89.7 id,  0.0 wa,  0.0 hi,  0.0 si,  0.2 st
%Cpu(s):  3.7 us,  4.4 sy,  0.0 ni, 91.8 id,  0.0 wa,  0.0 hi,  0.0 si,  0.1 st
%Cpu(s):  4.3 us,  3.3 sy,  0.0 ni, 92.2 id,  0.1 wa,  0.0 hi,  0.0 si,  0.1 st
%Cpu(s):  3.9 us,  3.9 sy,  0.0 ni, 91.8 id,  0.0 wa,  0.0 hi,  0.1 si,  0.3 st
%Cpu(s):  5.4 us,  5.1 sy,  0.0 ni, 89.4 id,  0.0 wa,  0.0 hi,  0.1 si,  0.0 st
%Cpu(s):  7.2 us,  5.0 sy,  0.0 ni, 87.4 id,  0.0 wa,  0.0 hi,  0.1 si,  0.3 st
%Cpu(s):  4.3 us,  4.3 sy,  0.0 ni, 91.3 id,  0.0 wa,  0.0 hi,  0.0 si,  0.1 st
%Cpu(s): 11.7 us,  4.1 sy,  0.0 ni, 84.0 id,  0.0 wa,  0.0 hi,  0.0 si,  0.1 st
%Cpu(s):  7.8 us,  5.0 sy,  0.0 ni, 86.8 id,  0.1 wa,  0.0 hi,  0.1 si,  0.1 st
%Cpu(s):  6.4 us,  5.1 sy,  0.0 ni, 88.4 id,  0.0 wa,  0.0 hi,  0.0 si,  0.1 st
%Cpu(s):  5.1 us,  5.0 sy,  0.0 ni, 89.4 id,  0.0 wa,  0.0 hi,  0.1 si,  0.4 st
%Cpu(s):  5.6 us,  2.7 sy,  0.0 ni, 91.8 id,  0.0 wa,  0.0 hi,  0.0 si,  0.0 st
