%Cpu(s):  0.4 us,  0.1 sy,  0.0 ni, 99.5 id,  0.0 wa,  0.0 hi,  0.0 si,  0.0 st
%Cpu(s): 86.2 us,  3.8 sy,  0.0 ni, 10.0 id,  0.0 wa,  0.0 hi,  0.0 si,  0.0 st
%Cpu(s): 73.9 us,  2.8 sy,  0.0 ni, 23.2 id,  0.0 wa,  0.0 hi,  0.0 si,  0.1 st
%Cpu(s): 96.1 us,  1.9 sy,  0.0 ni,  1.9 id,  0.0 wa,  0.0 hi,  0.0 si,  0.1 st
%Cpu(s): 94.6 us,  3.5 sy,  0.0 ni,  1.9 id,  0.0 wa,  0.0 hi,  0.0 si,  0.0 st
%Cpu(s): 81.8 us,  2.2 sy,  0.0 ni, 15.6 id,  0.0 wa,  0.0 hi,  0.4 si,  0.0 st
%Cpu(s): 13.5 us,  2.3 sy,  0.0 ni, 84.1 id,  0.0 wa,  0.0 hi,  0.0 si,  0.1 st
%Cpu(s):  9.6 us,  2.6 sy,  0.0 ni, 87.2 id,  0.0 wa,  0.0 hi,  0.3 si,  0.3 st
%Cpu(s):  6.3 us,  2.9 sy,  0.0 ni, 90.5 id,  0.0 wa,  0.0 hi,  0.1 si,  0.1 st
%Cpu(s):  7.1 us,  4.6 sy,  0.0 ni, 88.0 id,  0.0 wa,  0.0 hi,  0.0 si,  0.2 st
%Cpu(s): 10.6 us,  2.7 sy,  0.0 ni, 86.4 id,  0.0 wa,  0.0 hi,  0.1 si,  0.1 st
%Cpu(s): 13.4 us,  1.5 sy,  0.0 ni, 84.9 id,  0.0 wa,  0.0 hi,  0.0 si,  0.3 st
%Cpu(s):  7.7 us,  2.9 sy,  0.0 ni, 89.0 id,  0.0 wa,  0.0 hi,  0.1 si,  0.3 st
%Cpu(s):  4.8 us,  1.9 sy,  0.0 ni, 92.9 id,  0.0 wa,  0.0 hi,  0.0 si,  0.4 st
%Cpu(s):  7.1 us,  2.4 sy,  0.0 ni, 90.3 id,  0.0 wa,  0.0 hi,  0.0 si,  0.1 st
%Cpu(s): 16.7 us,  3.5 sy,  0.0 ni, 79.4 id,  0.0 wa,  0.0 hi,  0.3 si,  0.1 st
%Cpu(s): 82.5 us,  6.9 sy,  0.0 ni,  8.9 id,  0.0 wa,  0.0 hi,  1.8 si,  0.0 st
%Cpu(s): 87.5 us,  9.7 sy,  0.0 ni,  0.2 id,  0.0 wa,  0.0 hi,  2.5 si,  0.0 st
%Cpu(s): 86.2 us, 10.4 sy,  0.0 ni,  0.1 id,  0.0 wa,  0.0 hi,  3.2 si,  0.0 st
%Cpu(s): 85.8 us, 10.7 sy,  0.0 ni,  0.7 id,  0.0 wa,  0.0 hi,  2.7 si,  0.0 st
%Cpu(s): 86.9 us,  9.8 sy,  0.0 ni,  0.2 id,  0.0 wa,  0.0 hi,  3.0 si,  0.0 st
%Cpu(s): 85.6 us, 11.3 sy,  0.0 ni,  0.5 id,  0.0 wa,  0.0 hi,  2.6 si,  0.0 st
%Cpu(s): 89.7 us,  8.2 sy,  0.0 ni,  0.2 id,  0.0 wa,  0.0 hi,  1.9 si,  0.0 st
%Cpu(s): 88.3 us,  9.1 sy,  0.0 ni,  0.6 id,  0.0 wa,  0.0 hi,  2.0 si,  0.0 st
%Cpu(s): 62.5 us,  6.1 sy,  0.0 ni, 29.5 id,  0.0 wa,  0.0 hi,  1.8 si,  0.1 st
%Cpu(s): 61.0 us,  7.1 sy,  0.0 ni, 30.1 id,  0.0 wa,  0.0 hi,  1.8 si,  0.0 st
%Cpu(s): 33.7 us,  7.2 sy,  0.0 ni, 57.4 id,  0.0 wa,  0.0 hi,  1.6 si,  0.0 st
%Cpu(s): 15.1 us,  6.1 sy,  0.0 ni, 77.6 id,  0.0 wa,  0.0 hi,  1.2 si,  0.0 st
%Cpu(s): 28.4 us,  5.6 sy,  0.0 ni, 64.6 id,  0.0 wa,  0.0 hi,  1.4 si,  0.0 st
%Cpu(s): 22.7 us,  5.2 sy,  0.0 ni, 70.3 id,  0.0 wa,  0.0 hi,  1.7 si,  0.0 st
%Cpu(s): 27.7 us,  6.4 sy,  0.0 ni, 64.8 id,  0.0 wa,  0.0 hi,  1.0 si,  0.1 st
%Cpu(s): 16.5 us,  5.5 sy,  0.0 ni, 77.1 id,  0.0 wa,  0.0 hi,  0.9 si,  0.0 st
%Cpu(s): 13.9 us,  6.9 sy,  0.0 ni, 77.9 id,  0.0 wa,  0.0 hi,  1.3 si,  0.0 st
%Cpu(s): 24.0 us,  5.2 sy,  0.0 ni, 69.2 id,  0.0 wa,  0.0 hi,  1.6 si,  0.0 st
%Cpu(s): 21.6 us,  6.1 sy,  0.0 ni, 70.6 id,  0.0 wa,  0.0 hi,  1.6 si,  0.0 st
%Cpu(s): 14.1 us,  6.0 sy,  0.0 ni, 78.1 id,  0.1 wa,  0.0 hi,  1.5 si,  0.1 st
%Cpu(s): 16.5 us,  6.3 sy,  0.0 ni, 76.0 id,  0.0 wa,  0.0 hi,  1.1 si,  0.0 st
%Cpu(s): 19.6 us,  6.4 sy,  0.0 ni, 73.4 id,  0.0 wa,  0.0 hi,  0.6 si,  0.0 st
%Cpu(s): 18.2 us,  6.4 sy,  0.0 ni, 74.4 id,  0.0 wa,  0.0 hi,  1.0 si,  0.0 st
%Cpu(s): 10.0 us,  6.1 sy,  0.0 ni, 82.3 id,  0.0 wa,  0.0 hi,  1.5 si,  0.0 st
%Cpu(s): 10.6 us,  5.6 sy,  0.0 ni, 82.4 id,  0.0 wa,  0.0 hi,  1.3 si,  0.1 st
%Cpu(s):  8.2 us,  5.4 sy,  0.0 ni, 85.2 id,  0.0 wa,  0.0 hi,  1.2 si,  0.0 st
%Cpu(s):  8.6 us,  6.2 sy,  0.0 ni, 83.4 id,  0.0 wa,  0.0 hi,  1.7 si,  0.1 st
%Cpu(s):  8.9 us,  6.1 sy,  0.0 ni, 83.9 id,  0.0 wa,  0.0 hi,  1.1 si,  0.0 st
%Cpu(s): 11.0 us,  5.7 sy,  0.0 ni, 81.7 id,  0.0 wa,  0.0 hi,  1.7 si,  0.0 st
%Cpu(s): 12.3 us,  7.2 sy,  0.0 ni, 78.9 id,  0.0 wa,  0.0 hi,  1.6 si,  0.0 st
%Cpu(s): 19.3 us,  5.3 sy,  0.0 ni, 73.8 id,  0.0 wa,  0.0 hi,  1.6 si,  0.0 st
%Cpu(s): 22.1 us,  6.1 sy,  0.0 ni, 70.1 id,  0.0 wa,  0.0 hi,  1.6 si,  0.0 st
%Cpu(s): 17.2 us,  5.2 sy,  0.0 ni, 76.1 id,  0.0 wa,  0.0 hi,  1.4 si,  0.0 st
%Cpu(s): 11.7 us,  6.1 sy,  0.0 ni, 80.7 id,  0.0 wa,  0.0 hi,  1.5 si,  0.0 st
%Cpu(s): 12.7 us,  6.2 sy,  0.0 ni, 79.5 id,  0.1 wa,  0.0 hi,  1.3 si,  0.1 st
%Cpu(s): 11.7 us,  6.3 sy,  0.0 ni, 80.4 id,  0.0 wa,  0.0 hi,  1.5 si,  0.0 st
%Cpu(s): 11.2 us,  6.8 sy,  0.0 ni, 80.8 id,  0.0 wa,  0.0 hi,  1.1 si,  0.0 st
%Cpu(s): 14.9 us,  5.7 sy,  0.0 ni, 78.5 id,  0.0 wa,  0.0 hi,  0.8 si,  0.1 st
%Cpu(s): 17.0 us,  6.0 sy,  0.0 ni, 75.8 id,  0.0 wa,  0.0 hi,  1.3 si,  0.0 st
%Cpu(s): 15.8 us,  6.5 sy,  0.0 ni, 76.0 id,  0.0 wa,  0.0 hi,  1.8 si,  0.0 st
%Cpu(s): 13.5 us,  5.1 sy,  0.0 ni, 79.9 id,  0.0 wa,  0.0 hi,  1.5 si,  0.0 st
%Cpu(s):  8.3 us,  6.0 sy,  0.0 ni, 83.7 id,  0.0 wa,  0.0 hi,  1.9 si,  0.1 st
%Cpu(s):  9.8 us,  5.7 sy,  0.0 ni, 83.5 id,  0.0 wa,  0.0 hi,  1.0 si,  0.0 st
%Cpu(s): 13.7 us,  6.6 sy,  0.0 ni, 78.3 id,  0.0 wa,  0.0 hi,  1.5 si,  0.0 st
%Cpu(s): 11.6 us,  6.7 sy,  0.0 ni, 80.7 id,  0.0 wa,  0.0 hi,  1.0 si,  0.0 st
%Cpu(s):  5.3 us,  3.4 sy,  0.0 ni, 90.8 id,  0.0 wa,  0.0 hi,  0.4 si,  0.1 st
%Cpu(s):  2.8 us,  2.5 sy,  0.0 ni, 94.6 id,  0.0 wa,  0.0 hi,  0.0 si,  0.1 st
%Cpu(s):  2.5 us,  2.3 sy,  0.0 ni, 94.7 id,  0.0 wa,  0.0 hi,  0.1 si,  0.4 st
%Cpu(s):  3.6 us,  3.5 sy,  0.0 ni, 92.8 id,  0.0 wa,  0.0 hi,  0.0 si,  0.1 st
%Cpu(s):  5.4 us,  2.5 sy,  0.0 ni, 91.9 id,  0.1 wa,  0.0 hi,  0.0 si,  0.1 st
%Cpu(s):  2.8 us,  2.1 sy,  0.0 ni, 94.9 id,  0.0 wa,  0.0 hi,  0.0 si,  0.3 st
%Cpu(s):  2.8 us,  2.4 sy,  0.0 ni, 94.6 id,  0.0 wa,  0.0 hi,  0.0 si,  0.2 st
%Cpu(s):  3.5 us,  2.6 sy,  0.0 ni, 93.5 id,  0.0 wa,  0.0 hi,  0.1 si,  0.3 st
%Cpu(s):  4.7 us,  2.6 sy,  0.0 ni, 92.3 id,  0.0 wa,  0.0 hi,  0.0 si,  0.4 st
%Cpu(s):  4.5 us,  3.0 sy,  0.0 ni, 92.4 id,  0.0 wa,  0.0 hi,  0.0 si,  0.1 st
%Cpu(s):  3.9 us,  3.1 sy,  0.0 ni, 92.7 id,  0.0 wa,  0.0 hi,  0.0 si,  0.3 st
%Cpu(s):  2.4 us,  2.9 sy,  0.0 ni, 94.4 id,  0.0 wa,  0.0 hi,  0.1 si,  0.3 st
