%Cpu(s):  1.4 us,  0.7 sy,  0.0 ni, 97.8 id,  0.0 wa,  0.0 hi,  0.1 si,  0.1 st
%Cpu(s): 17.0 us,  0.5 sy,  0.0 ni, 82.3 id,  0.0 wa,  0.0 hi,  0.0 si,  0.1 st
%Cpu(s):  0.5 us,  0.2 sy,  0.0 ni, 99.3 id,  0.0 wa,  0.0 hi,  0.0 si,  0.0 st
%Cpu(s):  0.0 us,  0.2 sy,  0.0 ni, 99.8 id,  0.0 wa,  0.0 hi,  0.0 si,  0.0 st
%Cpu(s): 36.4 us,  3.0 sy,  0.0 ni, 60.6 id,  0.0 wa,  0.0 hi,  0.0 si,  0.0 st
%Cpu(s): 55.2 us,  2.5 sy,  0.0 ni, 42.1 id,  0.0 wa,  0.0 hi,  0.0 si,  0.1 st
%Cpu(s): 74.4 us,  2.4 sy,  0.0 ni, 23.0 id,  0.0 wa,  0.0 hi,  0.1 si,  0.1 st
%Cpu(s): 43.0 us,  1.2 sy,  0.0 ni, 55.6 id,  0.0 wa,  0.0 hi,  0.1 si,  0.0 st
%Cpu(s): 37.2 us,  2.6 sy,  0.0 ni, 59.8 id,  0.0 wa,  0.0 hi,  0.2 si,  0.1 st
%Cpu(s): 66.5 us,  4.9 sy,  0.0 ni, 26.8 id,  0.0 wa,  0.0 hi,  1.8 si,  0.1 st
%Cpu(s): 41.2 us,  4.7 sy,  0.0 ni, 52.3 id,  0.0 wa,  0.0 hi,  1.8 si,  0.0 st
%Cpu(s): 19.5 us,  4.8 sy,  0.0 ni, 73.7 id,  0.0 wa,  0.0 hi,  2.0 si,  0.0 st
%Cpu(s): 13.9 us,  5.0 sy,  0.0 ni, 79.0 id,  0.0 wa,  0.0 hi,  2.0 si,  0.0 st
%Cpu(s): 13.8 us,  4.5 sy,  0.0 ni, 79.9 id,  0.0 wa,  0.0 hi,  1.6 si,  0.1 st
%Cpu(s):  9.5 us,  4.9 sy,  0.0 ni, 84.0 id,  0.1 wa,  0.0 hi,  1.4 si,  0.0 st
%Cpu(s): 17.3 us,  4.7 sy,  0.0 ni, 76.5 id,  0.0 wa,  0.0 hi,  1.5 si,  0.0 st
%Cpu(s): 17.0 us,  5.1 sy,  0.0 ni, 76.1 id,  0.0 wa,  0.0 hi,  1.6 si,  0.1 st
%Cpu(s):  7.8 us,  4.6 sy,  0.0 ni, 85.7 id,  0.0 wa,  0.0 hi,  1.9 si,  0.0 st
%Cpu(s):  8.6 us,  6.1 sy,  0.0 ni, 83.3 id,  0.0 wa,  0.0 hi,  2.0 si,  0.0 st
%Cpu(s): 10.7 us,  5.2 sy,  0.0 ni, 82.3 id,  0.0 wa,  0.0 hi,  1.8 si,  0.0 st
%Cpu(s): 19.0 us,  5.8 sy,  0.0 ni, 73.2 id,  0.0 wa,  0.0 hi,  2.0 si,  0.0 st
%Cpu(s): 18.1 us,  5.5 sy,  0.0 ni, 74.4 id,  0.0 wa,  0.0 hi,  2.0 si,  0.0 st
%Cpu(s):  8.1 us,  4.9 sy,  0.0 ni, 85.0 id,  0.0 wa,  0.0 hi,  1.9 si,  0.1 st
%Cpu(s):  8.2 us,  4.7 sy,  0.0 ni, 85.7 id,  0.0 wa,  0.0 hi,  1.3 si,  0.1 st
%Cpu(s): 12.1 us,  4.3 sy,  0.0 ni, 81.7 id,  0.0 wa,  0.0 hi,  1.9 si,  0.0 st
%Cpu(s): 22.7 us,  3.7 sy,  0.0 ni, 71.9 id,  0.0 wa,  0.0 hi,  1.7 si,  0.0 st
%Cpu(s):  9.4 us,  4.9 sy,  0.0 ni, 83.9 id,  0.0 wa,  0.0 hi,  1.9 si,  0.0 st
%Cpu(s):  9.8 us,  5.7 sy,  0.0 ni, 82.6 id,  0.0 wa,  0.0 hi,  2.0 si,  0.0 st
%Cpu(s):  8.7 us,  5.3 sy,  0.0 ni, 83.7 id,  0.0 wa,  0.0 hi,  2.3 si,  0.0 st
%Cpu(s): 19.5 us,  5.7 sy,  0.0 ni, 72.9 id,  0.0 wa,  0.0 hi,  1.9 si,  0.0 st
%Cpu(s): 14.2 us,  5.9 sy,  0.0 ni, 77.5 id,  0.0 wa,  0.0 hi,  2.4 si,  0.0 st
%Cpu(s):  9.9 us,  5.0 sy,  0.0 ni, 83.0 id,  0.0 wa,  0.0 hi,  2.0 si,  0.1 st
%Cpu(s):  9.2 us,  5.9 sy,  0.0 ni, 83.2 id,  0.0 wa,  0.0 hi,  1.8 si,  0.0 st
%Cpu(s): 12.5 us,  5.3 sy,  0.0 ni, 80.1 id,  0.0 wa,  0.0 hi,  2.1 si,  0.0 st
%Cpu(s): 19.2 us,  5.3 sy,  0.0 ni, 73.2 id,  0.0 wa,  0.0 hi,  2.3 si,  0.0 st
%Cpu(s):  8.2 us,  5.1 sy,  0.0 ni, 84.1 id,  0.5 wa,  0.0 hi,  2.0 si,  0.1 st
%Cpu(s):  7.8 us,  4.7 sy,  0.0 ni, 85.3 id,  0.0 wa,  0.0 hi,  2.3 si,  0.0 st
%Cpu(s): 10.1 us,  4.3 sy,  0.0 ni, 84.2 id,  0.0 wa,  0.0 hi,  1.4 si,  0.0 st
%Cpu(s): 17.0 us,  5.4 sy,  0.0 ni, 75.4 id,  0.0 wa,  0.0 hi,  2.1 si,  0.0 st
%Cpu(s): 14.7 us,  4.6 sy,  0.0 ni, 79.1 id,  0.0 wa,  0.0 hi,  1.5 si,  0.0 st
%Cpu(s):  9.1 us,  4.7 sy,  0.0 ni, 84.7 id,  0.0 wa,  0.0 hi,  1.5 si,  0.0 st
%Cpu(s):  7.9 us,  4.1 sy,  0.0 ni, 86.5 id,  0.0 wa,  0.0 hi,  1.5 si,  0.0 st
%Cpu(s):  9.5 us,  4.3 sy,  0.0 ni, 84.1 id,  0.0 wa,  0.0 hi,  2.0 si,  0.1 st
%Cpu(s): 18.3 us,  5.1 sy,  0.0 ni, 74.3 id,  0.0 wa,  0.0 hi,  2.3 si,  0.0 st
%Cpu(s): 13.8 us,  6.5 sy,  0.0 ni, 77.8 id,  0.0 wa,  0.0 hi,  1.9 si,  0.0 st
%Cpu(s):  8.3 us,  5.0 sy,  0.0 ni, 85.1 id,  0.0 wa,  0.0 hi,  1.5 si,  0.1 st
%Cpu(s):  9.3 us,  5.6 sy,  0.0 ni, 84.0 id,  0.0 wa,  0.0 hi,  1.1 si,  0.0 st
%Cpu(s):  8.0 us,  5.1 sy,  0.0 ni, 85.3 id,  0.0 wa,  0.0 hi,  1.5 si,  0.0 st
%Cpu(s): 20.3 us,  4.7 sy,  0.0 ni, 73.3 id,  0.0 wa,  0.0 hi,  1.7 si,  0.0 st
%Cpu(s): 13.1 us,  6.4 sy,  0.0 ni, 79.3 id,  0.0 wa,  0.0 hi,  1.1 si,  0.1 st
%Cpu(s):  8.7 us,  4.9 sy,  0.0 ni, 84.7 id,  0.0 wa,  0.0 hi,  1.8 si,  0.0 st
%Cpu(s):  8.2 us,  5.2 sy,  0.0 ni, 84.5 id,  0.0 wa,  0.0 hi,  2.0 si,  0.1 st
%Cpu(s):  8.6 us,  6.1 sy,  0.0 ni, 84.1 id,  0.0 wa,  0.0 hi,  1.3 si,  0.0 st
%Cpu(s): 19.7 us,  6.0 sy,  0.0 ni, 72.7 id,  0.0 wa,  0.0 hi,  1.6 si,  0.0 st
%Cpu(s): 12.5 us,  5.9 sy,  0.0 ni, 80.0 id,  0.0 wa,  0.0 hi,  1.5 si,  0.1 st
%Cpu(s):  9.0 us,  4.4 sy,  0.0 ni, 84.9 id,  0.0 wa,  0.0 hi,  1.6 si,  0.0 st
%Cpu(s):  8.0 us,  6.1 sy,  0.0 ni, 84.1 id,  0.0 wa,  0.0 hi,  1.8 si,  0.0 st
%Cpu(s):  9.6 us,  4.8 sy,  0.0 ni, 83.9 id,  0.0 wa,  0.0 hi,  1.5 si,  0.1 st
%Cpu(s): 19.4 us,  5.3 sy,  0.0 ni, 73.5 id,  0.0 wa,  0.0 hi,  1.8 si,  0.0 st
%Cpu(s):  9.2 us,  5.5 sy,  0.0 ni, 84.0 id,  0.0 wa,  0.0 hi,  1.3 si,  0.0 st
%Cpu(s):  4.9 us,  5.4 sy,  0.0 ni, 88.2 id,  0.0 wa,  0.0 hi,  1.4 si,  0.0 st
%Cpu(s):  5.9 us,  4.1 sy,  0.0 ni, 89.0 id,  0.0 wa,  0.0 hi,  0.9 si,  0.1 st
%Cpu(s):  4.4 us,  2.8 sy,  0.0 ni, 92.1 id,  0.0 wa,  0.0 hi,  0.5 si,  0.3 st
%Cpu(s):  4.8 us,  3.2 sy,  0.0 ni, 91.0 id,  0.0 wa,  0.0 hi,  0.9 si,  0.1 st
%Cpu(s):  3.8 us,  3.9 sy,  0.0 ni, 91.1 id,  0.1 wa,  0.0 hi,  1.0 si,  0.1 st
%Cpu(s):  4.2 us,  3.3 sy,  0.0 ni, 92.1 id,  0.0 wa,  0.0 hi,  0.4 si,  0.1 st
%Cpu(s):  4.3 us,  2.8 sy,  0.0 ni, 92.0 id,  0.0 wa,  0.0 hi,  0.8 si,  0.1 st
%Cpu(s): 16.5 us,  3.3 sy,  0.0 ni, 79.3 id,  0.0 wa,  0.0 hi,  0.8 si,  0.1 st
%Cpu(s):  7.6 us,  3.1 sy,  0.0 ni, 88.4 id,  0.0 wa,  0.0 hi,  0.7 si,  0.1 st
%Cpu(s): 10.7 us,  3.5 sy,  0.0 ni, 84.9 id,  0.0 wa,  0.0 hi,  0.8 si,  0.1 st
%Cpu(s):  4.5 us,  3.0 sy,  0.0 ni, 90.8 id,  0.4 wa,  0.0 hi,  1.0 si,  0.3 st
