%Cpu(s):  2.6 us,  0.5 sy,  0.0 ni, 96.9 id,  0.0 wa,  0.0 hi,  0.0 si,  0.0 st
%Cpu(s): 19.8 us,  2.7 sy,  0.0 ni, 77.5 id,  0.0 wa,  0.0 hi,  0.0 si,  0.0 st
%Cpu(s): 90.5 us,  4.1 sy,  0.0 ni,  5.3 id,  0.0 wa,  0.0 hi,  0.1 si,  0.0 st
%Cpu(s): 85.5 us,  2.2 sy,  0.0 ni, 12.1 id,  0.0 wa,  0.0 hi,  0.0 si,  0.1 st
%Cpu(s): 77.6 us,  2.4 sy,  0.0 ni, 20.0 id,  0.0 wa,  0.0 hi,  0.0 si,  0.0 st
%Cpu(s): 96.3 us,  1.9 sy,  0.0 ni,  1.9 id,  0.0 wa,  0.0 hi,  0.0 si,  0.0 st
%Cpu(s): 96.3 us,  2.5 sy,  0.0 ni,  1.2 id,  0.0 wa,  0.0 hi,  0.0 si,  0.0 st
%Cpu(s): 96.8 us,  2.7 sy,  0.0 ni,  0.4 id,  0.0 wa,  0.0 hi,  0.1 si,  0.0 st
%Cpu(s): 96.3 us,  2.9 sy,  0.0 ni,  0.9 id,  0.0 wa,  0.0 hi,  0.0 si,  0.0 st
%Cpu(s): 84.7 us,  1.6 sy,  0.0 ni, 13.6 id,  0.0 wa,  0.0 hi,  0.1 si,  0.0 st
%Cpu(s):  9.2 us,  0.9 sy,  0.0 ni, 89.9 id,  0.0 wa,  0.0 hi,  0.0 si,  0.0 st
%Cpu(s):  3.1 us,  0.9 sy,  0.0 ni, 95.9 id,  0.0 wa,  0.0 hi,  0.0 si,  0.1 st
%Cpu(s):  2.5 us,  1.0 sy,  0.0 ni, 96.5 id,  0.0 wa,  0.0 hi,  0.0 si,  0.0 st
%Cpu(s):  1.5 us,  1.5 sy,  0.0 ni, 97.0 id,  0.0 wa,  0.0 hi,  0.0 si,  0.0 st
%Cpu(s):  1.6 us,  1.3 sy,  0.0 ni, 97.0 id,  0.0 wa,  0.0 hi,  0.0 si,  0.1 st
%Cpu(s):  1.5 us,  1.0 sy,  0.0 ni, 97.4 id,  0.0 wa,  0.0 hi,  0.0 si,  0.1 st
%Cpu(s): 29.3 us,  2.0 sy,  0.0 ni, 68.3 id,  0.0 wa,  0.0 hi,  0.4 si,  0.0 st
%Cpu(s): 44.2 us,  2.9 sy,  0.0 ni, 52.5 id,  0.0 wa,  0.0 hi,  0.5 si,  0.0 st
%Cpu(s): 38.3 us,  2.8 sy,  0.0 ni, 57.7 id,  0.0 wa,  0.0 hi,  0.6 si,  0.5 st
%Cpu(s): 46.8 us,  4.0 sy,  0.0 ni, 47.9 id,  0.0 wa,  0.0 hi,  1.2 si,  0.1 st
%Cpu(s): 58.8 us,  3.5 sy,  0.0 ni, 36.8 id,  0.0 wa,  0.0 hi,  0.8 si,  0.1 st
%Cpu(s): 62.8 us,  4.1 sy,  0.0 ni, 32.5 id,  0.0 wa,  0.0 hi,  0.6 si,  0.0 st
%Cpu(s): 16.9 us,  3.5 sy,  0.0 ni, 79.0 id,  0.0 wa,  0.0 hi,  0.5 si,  0.0 st
%Cpu(s): 15.1 us,  4.0 sy,  0.0 ni, 80.5 id,  0.0 wa,  0.0 hi,  0.1 si,  0.3 st
%Cpu(s): 33.3 us,  3.8 sy,  0.0 ni, 61.5 id,  0.0 wa,  0.0 hi,  1.4 si,  0.0 st
%Cpu(s): 10.6 us,  3.4 sy,  0.0 ni, 85.3 id,  0.0 wa,  0.0 hi,  0.5 si,  0.1 st
%Cpu(s):  6.7 us,  3.4 sy,  0.0 ni, 89.3 id,  0.0 wa,  0.0 hi,  0.5 si,  0.1 st
%Cpu(s):  7.7 us,  3.9 sy,  0.0 ni, 87.9 id,  0.0 wa,  0.0 hi,  0.4 si,  0.1 st
%Cpu(s):  9.0 us,  3.1 sy,  0.0 ni, 87.4 id,  0.0 wa,  0.0 hi,  0.4 si,  0.1 st
%Cpu(s): 18.3 us,  2.5 sy,  0.0 ni, 78.2 id,  0.0 wa,  0.0 hi,  0.9 si,  0.0 st
%Cpu(s): 18.5 us,  3.5 sy,  0.0 ni, 77.5 id,  0.0 wa,  0.0 hi,  0.4 si,  0.1 st
%Cpu(s): 11.8 us,  3.0 sy,  0.0 ni, 84.6 id,  0.0 wa,  0.0 hi,  0.5 si,  0.1 st
%Cpu(s):  8.9 us,  3.9 sy,  0.0 ni, 86.4 id,  0.0 wa,  0.0 hi,  0.8 si,  0.0 st
%Cpu(s): 13.8 us,  3.2 sy,  0.0 ni, 82.2 id,  0.0 wa,  0.0 hi,  0.5 si,  0.3 st
%Cpu(s): 28.8 us,  4.1 sy,  0.0 ni, 66.5 id,  0.0 wa,  0.0 hi,  0.5 si,  0.0 st
%Cpu(s):  6.7 us,  2.8 sy,  0.0 ni, 90.1 id,  0.1 wa,  0.0 hi,  0.3 si,  0.0 st
%Cpu(s):  6.4 us,  2.9 sy,  0.0 ni, 90.1 id,  0.0 wa,  0.0 hi,  0.4 si,  0.1 st
%Cpu(s):  7.0 us,  3.6 sy,  0.0 ni, 89.0 id,  0.0 wa,  0.0 hi,  0.4 si,  0.0 st
%Cpu(s):  6.4 us,  3.1 sy,  0.0 ni, 90.3 id,  0.0 wa,  0.0 hi,  0.1 si,  0.1 st
%Cpu(s): 11.1 us,  3.5 sy,  0.0 ni, 84.9 id,  0.0 wa,  0.0 hi,  0.5 si,  0.0 st
%Cpu(s):  5.6 us,  3.5 sy,  0.0 ni, 90.2 id,  0.0 wa,  0.0 hi,  0.5 si,  0.1 st
%Cpu(s): 10.2 us,  3.0 sy,  0.0 ni, 86.3 id,  0.0 wa,  0.0 hi,  0.4 si,  0.1 st
%Cpu(s): 25.4 us,  3.5 sy,  0.0 ni, 70.3 id,  0.0 wa,  0.0 hi,  0.7 si,  0.0 st
%Cpu(s): 19.2 us,  3.6 sy,  0.0 ni, 76.7 id,  0.0 wa,  0.0 hi,  0.5 si,  0.0 st
%Cpu(s): 10.7 us,  3.1 sy,  0.0 ni, 85.4 id,  0.0 wa,  0.0 hi,  0.3 si,  0.5 st
%Cpu(s):  5.6 us,  3.5 sy,  0.0 ni, 90.4 id,  0.0 wa,  0.0 hi,  0.4 si,  0.1 st
%Cpu(s):  5.4 us,  3.1 sy,  0.0 ni, 91.1 id,  0.0 wa,  0.0 hi,  0.4 si,  0.0 st
%Cpu(s):  6.1 us,  3.6 sy,  0.0 ni, 89.6 id,  0.0 wa,  0.0 hi,  0.5 si,  0.1 st
%Cpu(s):  5.1 us,  3.0 sy,  0.0 ni, 91.1 id,  0.0 wa,  0.0 hi,  0.4 si,  0.4 st
%Cpu(s):  6.7 us,  4.5 sy,  0.0 ni, 88.4 id,  0.0 wa,  0.0 hi,  0.4 si,  0.0 st
%Cpu(s):  6.5 us,  4.1 sy,  0.0 ni, 88.8 id,  0.0 wa,  0.0 hi,  0.5 si,  0.1 st
%Cpu(s):  4.1 us,  4.1 sy,  0.0 ni, 91.6 id,  0.0 wa,  0.0 hi,  0.3 si,  0.0 st
%Cpu(s):  4.8 us,  3.4 sy,  0.0 ni, 91.4 id,  0.0 wa,  0.0 hi,  0.3 si,  0.1 st
%Cpu(s):  5.0 us,  3.7 sy,  0.0 ni, 90.9 id,  0.0 wa,  0.0 hi,  0.3 si,  0.1 st
%Cpu(s):  6.3 us,  4.0 sy,  0.0 ni, 89.5 id,  0.0 wa,  0.0 hi,  0.3 si,  0.0 st
%Cpu(s):  5.2 us,  2.4 sy,  0.0 ni, 91.7 id,  0.0 wa,  0.0 hi,  0.6 si,  0.0 st
%Cpu(s):  5.5 us,  3.7 sy,  0.0 ni, 90.1 id,  0.0 wa,  0.0 hi,  0.4 si,  0.2 st
%Cpu(s):  5.4 us,  3.7 sy,  0.0 ni, 90.6 id,  0.0 wa,  0.0 hi,  0.3 si,  0.0 st
%Cpu(s):  3.7 us,  4.1 sy,  0.0 ni, 91.8 id,  0.0 wa,  0.0 hi,  0.4 si,  0.1 st
%Cpu(s):  6.4 us,  3.7 sy,  0.0 ni, 89.3 id,  0.0 wa,  0.0 hi,  0.5 si,  0.1 st
%Cpu(s):  4.6 us,  3.9 sy,  0.0 ni, 91.1 id,  0.0 wa,  0.0 hi,  0.4 si,  0.0 st
%Cpu(s):  4.1 us,  3.7 sy,  0.0 ni, 91.9 id,  0.0 wa,  0.0 hi,  0.3 si,  0.1 st
%Cpu(s):  7.2 us,  2.7 sy,  0.0 ni, 89.8 id,  0.0 wa,  0.0 hi,  0.3 si,  0.0 st
%Cpu(s):  5.9 us,  4.1 sy,  0.0 ni, 89.6 id,  0.0 wa,  0.0 hi,  0.3 si,  0.1 st
%Cpu(s): 15.9 us,  3.3 sy,  0.0 ni, 79.9 id,  0.0 wa,  0.0 hi,  0.4 si,  0.5 st
%Cpu(s):  8.5 us,  4.1 sy,  0.0 ni, 87.1 id,  0.0 wa,  0.0 hi,  0.2 si,  0.0 st
%Cpu(s):  4.5 us,  3.8 sy,  0.0 ni, 91.2 id,  0.0 wa,  0.0 hi,  0.4 si,  0.1 st
%Cpu(s):  6.4 us,  3.5 sy,  0.0 ni, 89.4 id,  0.0 wa,  0.0 hi,  0.6 si,  0.0 st
%Cpu(s): 10.5 us,  3.7 sy,  0.0 ni, 85.2 id,  0.0 wa,  0.0 hi,  0.5 si,  0.1 st
%Cpu(s):  9.5 us,  3.5 sy,  0.0 ni, 86.5 id,  0.0 wa,  0.0 hi,  0.4 si,  0.1 st
%Cpu(s):  8.7 us,  3.3 sy,  0.0 ni, 87.6 id,  0.1 wa,  0.0 hi,  0.3 si,  0.1 st
%Cpu(s):  7.8 us,  3.2 sy,  0.0 ni, 88.6 id,  0.0 wa,  0.0 hi,  0.4 si,  0.0 st
%Cpu(s): 18.9 us,  2.6 sy,  0.0 ni, 78.4 id,  0.0 wa,  0.0 hi,  0.1 si,  0.0 st
%Cpu(s):  9.6 us,  1.9 sy,  0.0 ni, 88.5 id,  0.0 wa,  0.0 hi,  0.0 si,  0.0 st
%Cpu(s):  5.5 us,  2.3 sy,  0.0 ni, 92.0 id,  0.0 wa,  0.0 hi,  0.1 si,  0.1 st
%Cpu(s):  6.1 us,  2.7 sy,  0.0 ni, 90.8 id,  0.0 wa,  0.0 hi,  0.2 si,  0.1 st
%Cpu(s): 11.5 us,  2.1 sy,  0.0 ni, 86.2 id,  0.0 wa,  0.0 hi,  0.1 si,  0.1 st
%Cpu(s):  3.9 us,  2.1 sy,  0.0 ni, 93.7 id,  0.0 wa,  0.0 hi,  0.1 si,  0.1 st
%Cpu(s):  2.9 us,  1.0 sy,  0.0 ni, 95.6 id,  0.0 wa,  0.0 hi,  0.1 si,  0.4 st
