%Cpu(s):  8.7 us,  0.9 sy,  0.0 ni, 90.4 id,  0.0 wa,  0.0 hi,  0.1 si,  0.0 st
%Cpu(s): 86.8 us,  2.0 sy,  0.0 ni, 11.2 id,  0.0 wa,  0.0 hi,  0.0 si,  0.0 st
%Cpu(s):  6.2 us,  1.5 sy,  0.0 ni, 92.2 id,  0.1 wa,  0.0 hi,  0.0 si,  0.0 st
%Cpu(s):  6.5 us,  2.3 sy,  0.0 ni, 91.2 id,  0.0 wa,  0.0 hi,  0.0 si,  0.0 st
%Cpu(s):  4.3 us,  2.6 sy,  0.0 ni, 93.0 id,  0.0 wa,  0.0 hi,  0.0 si,  0.1 st
%Cpu(s):  4.5 us,  2.0 sy,  0.0 ni, 93.0 id,  0.0 wa,  0.0 hi,  0.0 si,  0.5 st
%Cpu(s):  3.5 us,  2.1 sy,  0.0 ni, 94.2 id,  0.0 wa,  0.0 hi,  0.0 si,  0.1 st
%Cpu(s):  3.9 us,  2.2 sy,  0.0 ni, 93.9 id,  0.0 wa,  0.0 hi,  0.0 si,  0.0 st
%Cpu(s):  4.9 us,  1.9 sy,  0.0 ni, 93.2 id,  0.0 wa,  0.0 hi,  0.0 si,  0.0 st
%Cpu(s):  6.5 us,  2.3 sy,  0.0 ni, 91.1 id,  0.0 wa,  0.0 hi,  0.1 si,  0.0 st
%Cpu(s): 54.5 us,  5.2 sy,  0.0 ni, 39.5 id,  0.0 wa,  0.0 hi,  0.6 si,  0.1 st
%Cpu(s): 87.5 us,  7.8 sy,  0.0 ni,  3.6 id,  0.0 wa,  0.0 hi,  1.1 si,  0.0 st
%Cpu(s): 88.3 us,  9.5 sy,  0.0 ni,  0.4 id,  0.0 wa,  0.0 hi,  1.9 si,  0.0 st
%Cpu(s): 87.3 us, 10.5 sy,  0.0 ni,  0.5 id,  0.0 wa,  0.0 hi,  1.7 si,  0.0 st
%Cpu(s): 88.0 us, 10.5 sy,  0.0 ni,  0.0 id,  0.0 wa,  0.0 hi,  1.5 si,  0.0 st
%Cpu(s): 87.9 us, 10.2 sy,  0.0 ni,  0.0 id,  0.0 wa,  0.0 hi,  1.9 si,  0.0 st
%Cpu(s): 89.0 us,  9.0 sy,  0.0 ni,  0.1 id,  0.0 wa,  0.0 hi,  1.9 si,  0.0 st
%Cpu(s): 89.9 us,  8.6 sy,  0.0 ni,  0.0 id,  0.0 wa,  0.0 hi,  1.5 si,  0.0 st
%Cpu(s): 90.0 us,  8.8 sy,  0.0 ni,  0.0 id,  0.0 wa,  0.0 hi,  1.2 si,  0.0 st
%Cpu(s): 89.6 us,  8.6 sy,  0.0 ni,  0.0 id,  0.0 wa,  0.0 hi,  1.9 si,  0.0 st
%Cpu(s): 88.8 us,  9.1 sy,  0.0 ni,  0.0 id,  0.0 wa,  0.0 hi,  2.1 si,  0.0 st
%Cpu(s): 90.3 us,  8.2 sy,  0.0 ni,  0.0 id,  0.0 wa,  0.0 hi,  1.5 si,  0.0 st
%Cpu(s): 90.0 us,  8.1 sy,  0.0 ni,  0.0 id,  0.0 wa,  0.0 hi,  1.9 si,  0.0 st
%Cpu(s): 90.8 us,  7.7 sy,  0.0 ni,  0.0 id,  0.0 wa,  0.0 hi,  1.5 si,  0.0 st
%Cpu(s): 90.5 us,  7.6 sy,  0.0 ni,  0.0 id,  0.0 wa,  0.0 hi,  1.9 si,  0.0 st
%Cpu(s): 90.0 us,  8.3 sy,  0.0 ni,  0.0 id,  0.0 wa,  0.0 hi,  1.6 si,  0.0 st
%Cpu(s): 89.9 us,  7.8 sy,  0.0 ni,  0.2 id,  0.0 wa,  0.0 hi,  2.0 si,  0.0 st
%Cpu(s): 91.1 us,  6.9 sy,  0.0 ni,  0.2 id,  0.0 wa,  0.0 hi,  1.7 si,  0.0 st
%Cpu(s): 72.2 us,  6.2 sy,  0.0 ni, 20.0 id,  0.0 wa,  0.0 hi,  1.6 si,  0.0 st
%Cpu(s): 63.1 us,  6.1 sy,  0.0 ni, 29.4 id,  0.0 wa,  0.0 hi,  1.1 si,  0.3 st
%Cpu(s): 43.2 us,  6.0 sy,  0.0 ni, 49.5 id,  0.0 wa,  0.0 hi,  1.3 si,  0.0 st
%Cpu(s): 22.9 us,  5.5 sy,  0.0 ni, 70.4 id,  0.0 wa,  0.0 hi,  1.3 si,  0.0 st
%Cpu(s): 36.5 us,  6.5 sy,  0.0 ni, 56.1 id,  0.0 wa,  0.0 hi,  0.9 si,  0.0 st
%Cpu(s): 34.0 us,  6.5 sy,  0.0 ni, 57.7 id,  0.0 wa,  0.0 hi,  1.8 si,  0.0 st
%Cpu(s): 41.7 us,  6.1 sy,  0.0 ni, 50.9 id,  0.0 wa,  0.0 hi,  1.3 si,  0.0 st
%Cpu(s): 12.1 us,  5.9 sy,  0.0 ni, 80.5 id,  0.0 wa,  0.0 hi,  1.5 si,  0.0 st
%Cpu(s): 11.6 us,  5.4 sy,  0.0 ni, 81.4 id,  0.0 wa,  0.0 hi,  1.5 si,  0.1 st
%Cpu(s): 11.7 us,  5.1 sy,  0.0 ni, 81.8 id,  0.0 wa,  0.0 hi,  1.4 si,  0.0 st
%Cpu(s): 33.2 us,  6.4 sy,  0.0 ni, 59.0 id,  0.0 wa,  0.0 hi,  1.4 si,  0.0 st
%Cpu(s): 57.8 us,  6.8 sy,  0.0 ni, 33.7 id,  0.0 wa,  0.0 hi,  1.5 si,  0.1 st
%Cpu(s): 52.7 us,  6.1 sy,  0.0 ni, 40.0 id,  0.0 wa,  0.0 hi,  1.3 si,  0.0 st
%Cpu(s): 42.0 us,  5.6 sy,  0.0 ni, 51.0 id,  0.1 wa,  0.0 hi,  1.2 si,  0.0 st
%Cpu(s): 20.7 us,  5.8 sy,  0.0 ni, 71.8 id,  0.0 wa,  0.0 hi,  1.6 si,  0.0 st
%Cpu(s): 35.1 us,  5.8 sy,  0.0 ni, 57.2 id,  0.0 wa,  0.0 hi,  1.9 si,  0.0 st
%Cpu(s): 56.2 us,  7.0 sy,  0.0 ni, 35.0 id,  0.0 wa,  0.0 hi,  1.7 si,  0.1 st
%Cpu(s): 35.2 us,  5.9 sy,  0.0 ni, 58.1 id,  0.0 wa,  0.0 hi,  0.8 si,  0.0 st
%Cpu(s): 21.1 us,  5.3 sy,  0.0 ni, 72.5 id,  0.0 wa,  0.0 hi,  1.0 si,  0.1 st
%Cpu(s): 17.5 us,  5.7 sy,  0.0 ni, 76.1 id,  0.0 wa,  0.0 hi,  0.8 si,  0.0 st
%Cpu(s): 17.3 us,  5.7 sy,  0.0 ni, 76.3 id,  0.0 wa,  0.0 hi,  0.8 si,  0.0 st
%Cpu(s): 16.3 us,  5.4 sy,  0.0 ni, 76.9 id,  0.0 wa,  0.0 hi,  1.4 si,  0.0 st
%Cpu(s): 15.1 us,  5.6 sy,  0.0 ni, 78.1 id,  0.0 wa,  0.0 hi,  1.1 si,  0.0 st
%Cpu(s): 15.5 us,  5.6 sy,  0.0 ni, 77.8 id,  0.0 wa,  0.0 hi,  1.0 si,  0.0 st
%Cpu(s): 14.0 us,  5.8 sy,  0.0 ni, 78.5 id,  0.0 wa,  0.0 hi,  1.6 si,  0.0 st
%Cpu(s): 10.8 us,  5.6 sy,  0.0 ni, 82.2 id,  0.0 wa,  0.0 hi,  1.3 si,  0.1 st
%Cpu(s): 19.9 us,  4.4 sy,  0.0 ni, 74.0 id,  0.0 wa,  0.0 hi,  1.6 si,  0.0 st
%Cpu(s): 12.4 us,  5.9 sy,  0.0 ni, 80.0 id,  0.0 wa,  0.0 hi,  1.5 si,  0.1 st
%Cpu(s): 11.7 us,  5.2 sy,  0.0 ni, 81.4 id,  0.1 wa,  0.0 hi,  1.6 si,  0.0 st
%Cpu(s): 10.2 us,  5.1 sy,  0.0 ni, 83.6 id,  0.0 wa,  0.0 hi,  1.0 si,  0.1 st
%Cpu(s): 14.7 us,  5.0 sy,  0.0 ni, 78.6 id,  0.0 wa,  0.0 hi,  1.6 si,  0.0 st
%Cpu(s):  9.0 us,  4.9 sy,  0.0 ni, 83.9 id,  0.0 wa,  0.0 hi,  2.0 si,  0.1 st
%Cpu(s): 11.6 us,  5.3 sy,  0.0 ni, 82.1 id,  0.0 wa,  0.0 hi,  1.0 si,  0.0 st
%Cpu(s):  4.2 us,  2.6 sy,  0.0 ni, 92.7 id,  0.0 wa,  0.0 hi,  0.5 si,  0.0 st
%Cpu(s):  2.6 us,  1.4 sy,  0.0 ni, 95.8 id,  0.0 wa,  0.0 hi,  0.1 si,  0.0 st
%Cpu(s):  1.5 us,  1.5 sy,  0.0 ni, 97.0 id,  0.0 wa,  0.0 hi,  0.0 si,  0.0 st
%Cpu(s):  1.3 us,  1.6 sy,  0.0 ni, 97.1 id,  0.0 wa,  0.0 hi,  0.0 si,  0.0 st
%Cpu(s):  2.0 us,  1.5 sy,  0.0 ni, 96.5 id,  0.0 wa,  0.0 hi,  0.0 si,  0.0 st
%Cpu(s):  3.2 us,  1.7 sy,  0.0 ni, 94.8 id,  0.1 wa,  0.0 hi,  0.1 si,  0.0 st
%Cpu(s):  5.3 us,  2.0 sy,  0.0 ni, 92.6 id,  0.0 wa,  0.0 hi,  0.0 si,  0.1 st
%Cpu(s):  2.0 us,  1.5 sy,  0.0 ni, 96.5 id,  0.0 wa,  0.0 hi,  0.0 si,  0.0 st
%Cpu(s):  2.2 us,  2.5 sy,  0.0 ni, 95.3 id,  0.0 wa,  0.0 hi,  0.0 si,  0.0 st
%Cpu(s):  2.5 us,  2.0 sy,  0.0 ni, 95.5 id,  0.0 wa,  0.0 hi,  0.0 si,  0.0 st
%Cpu(s):  3.4 us,  2.1 sy,  0.0 ni, 94.4 id,  0.0 wa,  0.0 hi,  0.0 si,  0.1 st
%Cpu(s):  3.2 us,  2.2 sy,  0.0 ni, 94.4 id,  0.0 wa,  0.0 hi,  0.1 si,  0.0 st
%Cpu(s):  3.1 us,  1.8 sy,  0.0 ni, 95.1 id,  0.0 wa,  0.0 hi,  0.0 si,  0.0 st
%Cpu(s):  2.2 us,  2.4 sy,  0.0 ni, 95.3 id,  0.0 wa,  0.0 hi,  0.0 si,  0.1 st
%Cpu(s):  3.0 us,  2.1 sy,  0.0 ni, 94.7 id,  0.0 wa,  0.0 hi,  0.1 si,  0.0 st
%Cpu(s):  1.6 us,  2.0 sy,  0.0 ni, 96.2 id,  0.0 wa,  0.0 hi,  0.0 si,  0.1 st
%Cpu(s):  1.6 us,  2.5 sy,  0.0 ni, 95.9 id,  0.0 wa,  0.0 hi,  0.0 si,  0.0 st
%Cpu(s):  2.3 us,  1.6 sy,  0.0 ni, 96.1 id,  0.0 wa,  0.0 hi,  0.0 si,  0.0 st
%Cpu(s):  2.0 us,  2.2 sy,  0.0 ni, 95.8 id,  0.0 wa,  0.0 hi,  0.0 si,  0.0 st
%Cpu(s):  2.3 us,  1.6 sy,  0.0 ni, 96.0 id,  0.0 wa,  0.0 hi,  0.0 si,  0.1 st
%Cpu(s):  1.5 us,  1.9 sy,  0.0 ni, 96.4 id,  0.0 wa,  0.0 hi,  0.1 si,  0.1 st
%Cpu(s):  1.7 us,  3.0 sy,  0.0 ni, 95.3 id,  0.0 wa,  0.0 hi,  0.0 si,  0.0 st
%Cpu(s):  2.2 us,  2.2 sy,  0.0 ni, 95.5 id,  0.0 wa,  0.0 hi,  0.0 si,  0.0 st
%Cpu(s):  2.5 us,  2.2 sy,  0.0 ni, 95.0 id,  0.0 wa,  0.0 hi,  0.1 si,  0.1 st
