%Cpu(s):  3.0 us,  0.6 sy,  0.0 ni, 96.3 id,  0.0 wa,  0.0 hi,  0.1 si,  0.0 st
%Cpu(s): 82.1 us,  5.7 sy,  0.0 ni, 12.0 id,  0.0 wa,  0.0 hi,  0.1 si,  0.1 st
%Cpu(s): 73.0 us,  2.8 sy,  0.0 ni, 24.2 id,  0.0 wa,  0.0 hi,  0.0 si,  0.0 st
%Cpu(s): 89.3 us,  3.3 sy,  0.0 ni,  7.4 id,  0.0 wa,  0.0 hi,  0.0 si,  0.0 st
%Cpu(s): 94.3 us,  3.1 sy,  0.0 ni,  2.5 id,  0.0 wa,  0.0 hi,  0.0 si,  0.0 st
%Cpu(s): 75.0 us,  2.1 sy,  0.0 ni, 22.7 id,  0.0 wa,  0.0 hi,  0.1 si,  0.0 st
%Cpu(s): 31.3 us,  2.0 sy,  0.0 ni, 66.6 id,  0.0 wa,  0.0 hi,  0.0 si,  0.1 st
%Cpu(s):  4.3 us,  1.8 sy,  0.0 ni, 93.6 id,  0.0 wa,  0.0 hi,  0.0 si,  0.4 st
%Cpu(s):  5.0 us,  1.8 sy,  0.0 ni, 93.0 id,  0.0 wa,  0.0 hi,  0.1 si,  0.1 st
%Cpu(s):  3.7 us,  1.9 sy,  0.0 ni, 94.0 id,  0.0 wa,  0.0 hi,  0.0 si,  0.4 st
%Cpu(s):  2.9 us,  2.1 sy,  0.0 ni, 94.8 id,  0.0 wa,  0.0 hi,  0.1 si,  0.1 st
%Cpu(s):  2.6 us,  2.0 sy,  0.0 ni, 95.0 id,  0.0 wa,  0.0 hi,  0.1 si,  0.2 st
%Cpu(s):  3.8 us,  1.5 sy,  0.0 ni, 94.5 id,  0.0 wa,  0.0 hi,  0.0 si,  0.2 st
%Cpu(s):  2.5 us,  2.3 sy,  0.0 ni, 95.0 id,  0.0 wa,  0.0 hi,  0.0 si,  0.3 st
%Cpu(s):  2.6 us,  2.1 sy,  0.0 ni, 95.0 id,  0.0 wa,  0.0 hi,  0.0 si,  0.3 st
%Cpu(s):  3.4 us,  2.2 sy,  0.0 ni, 93.9 id,  0.1 wa,  0.0 hi,  0.0 si,  0.4 st
%Cpu(s): 14.4 us,  1.4 sy,  0.0 ni, 84.0 id,  0.0 wa,  0.0 hi,  0.3 si,  0.0 st
%Cpu(s): 45.9 us,  3.1 sy,  0.0 ni, 50.5 id,  0.0 wa,  0.0 hi,  0.5 si,  0.0 st
%Cpu(s): 38.2 us,  3.1 sy,  0.0 ni, 58.2 id,  0.0 wa,  0.0 hi,  0.4 si,  0.1 st
%Cpu(s): 31.6 us,  3.6 sy,  0.0 ni, 64.0 id,  0.0 wa,  0.0 hi,  0.8 si,  0.0 st
%Cpu(s): 42.2 us,  3.4 sy,  0.0 ni, 54.0 id,  0.0 wa,  0.0 hi,  0.3 si,  0.1 st
%Cpu(s): 16.6 us,  4.4 sy,  0.0 ni, 78.4 id,  0.0 wa,  0.0 hi,  0.5 si,  0.0 st
%Cpu(s): 10.3 us,  4.1 sy,  0.0 ni, 84.5 id,  0.0 wa,  0.0 hi,  0.9 si,  0.1 st
%Cpu(s):  9.7 us,  4.4 sy,  0.0 ni, 85.4 id,  0.0 wa,  0.0 hi,  0.5 si,  0.0 st
%Cpu(s): 11.2 us,  4.7 sy,  0.0 ni, 83.4 id,  0.0 wa,  0.0 hi,  0.6 si,  0.1 st
%Cpu(s):  8.2 us,  4.2 sy,  0.0 ni, 86.5 id,  0.0 wa,  0.0 hi,  1.0 si,  0.1 st
%Cpu(s): 10.8 us,  4.7 sy,  0.0 ni, 84.1 id,  0.0 wa,  0.0 hi,  0.4 si,  0.0 st
%Cpu(s): 14.1 us,  4.4 sy,  0.0 ni, 80.6 id,  0.0 wa,  0.0 hi,  0.9 si,  0.0 st
%Cpu(s): 15.3 us,  4.3 sy,  0.0 ni, 79.5 id,  0.0 wa,  0.0 hi,  0.8 si,  0.1 st
%Cpu(s):  8.5 us,  4.5 sy,  0.0 ni, 85.9 id,  0.0 wa,  0.0 hi,  1.0 si,  0.1 st
%Cpu(s):  8.6 us,  4.1 sy,  0.0 ni, 86.4 id,  0.0 wa,  0.0 hi,  0.9 si,  0.0 st
%Cpu(s): 11.7 us,  4.3 sy,  0.0 ni, 83.2 id,  0.0 wa,  0.0 hi,  0.8 si,  0.0 st
%Cpu(s):  8.8 us,  3.9 sy,  0.0 ni, 86.7 id,  0.0 wa,  0.0 hi,  0.5 si,  0.1 st
%Cpu(s):  6.5 us,  3.7 sy,  0.0 ni, 89.2 id,  0.0 wa,  0.0 hi,  0.5 si,  0.1 st
%Cpu(s):  8.5 us,  5.2 sy,  0.0 ni, 85.6 id,  0.0 wa,  0.0 hi,  0.8 si,  0.0 st
%Cpu(s):  9.4 us,  4.8 sy,  0.0 ni, 83.4 id,  1.6 wa,  0.0 hi,  0.8 si,  0.0 st
%Cpu(s): 19.6 us,  5.0 sy,  0.0 ni, 74.6 id,  0.0 wa,  0.0 hi,  0.6 si,  0.1 st
%Cpu(s): 20.3 us,  4.1 sy,  0.0 ni, 74.7 id,  0.0 wa,  0.0 hi,  1.0 si,  0.0 st
%Cpu(s): 20.8 us,  4.1 sy,  0.0 ni, 74.4 id,  0.0 wa,  0.0 hi,  0.8 si,  0.0 st
%Cpu(s):  7.5 us,  4.0 sy,  0.0 ni, 87.6 id,  0.0 wa,  0.0 hi,  0.9 si,  0.0 st
%Cpu(s):  6.5 us,  4.6 sy,  0.0 ni, 87.8 id,  0.1 wa,  0.0 hi,  0.8 si,  0.1 st
%Cpu(s):  7.1 us,  4.0 sy,  0.0 ni, 87.9 id,  0.0 wa,  0.0 hi,  0.9 si,  0.1 st
%Cpu(s):  6.6 us,  5.1 sy,  0.0 ni, 87.7 id,  0.0 wa,  0.0 hi,  0.6 si,  0.0 st
%Cpu(s):  8.0 us,  5.4 sy,  0.0 ni, 86.3 id,  0.0 wa,  0.0 hi,  0.4 si,  0.0 st
%Cpu(s):  8.4 us,  4.8 sy,  0.0 ni, 86.1 id,  0.0 wa,  0.0 hi,  0.8 si,  0.0 st
%Cpu(s):  8.2 us,  5.2 sy,  0.0 ni, 86.0 id,  0.0 wa,  0.0 hi,  0.5 si,  0.1 st
%Cpu(s):  7.4 us,  5.7 sy,  0.0 ni, 86.3 id,  0.0 wa,  0.0 hi,  0.6 si,  0.0 st
%Cpu(s):  6.4 us,  3.9 sy,  0.0 ni, 88.3 id,  0.0 wa,  0.0 hi,  1.3 si,  0.1 st
%Cpu(s):  6.3 us,  4.3 sy,  0.0 ni, 88.8 id,  0.0 wa,  0.0 hi,  0.6 si,  0.0 st
%Cpu(s):  8.1 us,  4.9 sy,  0.0 ni, 86.2 id,  0.0 wa,  0.0 hi,  0.7 si,  0.1 st
%Cpu(s):  5.6 us,  4.5 sy,  0.0 ni, 89.1 id,  0.0 wa,  0.0 hi,  0.8 si,  0.0 st
%Cpu(s):  5.8 us,  4.1 sy,  0.0 ni, 89.1 id,  0.0 wa,  0.0 hi,  0.9 si,  0.1 st
%Cpu(s):  6.0 us,  3.5 sy,  0.0 ni, 89.7 id,  0.0 wa,  0.0 hi,  0.8 si,  0.0 st
%Cpu(s): 15.3 us,  4.2 sy,  0.0 ni, 80.1 id,  0.0 wa,  0.0 hi,  0.5 si,  0.0 st
%Cpu(s): 18.7 us,  3.8 sy,  0.0 ni, 76.4 id,  0.0 wa,  0.0 hi,  1.0 si,  0.1 st
%Cpu(s): 16.7 us,  3.5 sy,  0.0 ni, 79.0 id,  0.0 wa,  0.0 hi,  0.8 si,  0.0 st
%Cpu(s):  9.5 us,  4.0 sy,  0.0 ni, 85.9 id,  0.0 wa,  0.0 hi,  0.6 si,  0.0 st
%Cpu(s):  7.3 us,  4.7 sy,  0.0 ni, 87.5 id,  0.0 wa,  0.0 hi,  0.5 si,  0.0 st
%Cpu(s): 12.6 us,  3.8 sy,  0.0 ni, 82.5 id,  0.0 wa,  0.0 hi,  0.9 si,  0.1 st
%Cpu(s):  9.3 us,  4.1 sy,  0.0 ni, 85.7 id,  0.0 wa,  0.0 hi,  1.0 si,  0.0 st
%Cpu(s):  6.7 us,  4.3 sy,  0.0 ni, 88.0 id,  0.0 wa,  0.0 hi,  0.9 si,  0.1 st
%Cpu(s):  6.6 us,  4.1 sy,  0.0 ni, 88.3 id,  0.0 wa,  0.0 hi,  0.9 si,  0.1 st
%Cpu(s):  6.4 us,  4.3 sy,  0.0 ni, 88.8 id,  0.0 wa,  0.0 hi,  0.5 si,  0.0 st
%Cpu(s):  6.5 us,  5.1 sy,  0.0 ni, 87.3 id,  0.0 wa,  0.0 hi,  1.0 si,  0.1 st
%Cpu(s):  5.3 us,  3.5 sy,  0.0 ni, 90.7 id,  0.0 wa,  0.0 hi,  0.5 si,  0.0 st
%Cpu(s):  7.9 us,  4.7 sy,  0.0 ni, 86.4 id,  0.0 wa,  0.0 hi,  1.0 si,  0.0 st
%Cpu(s):  8.0 us,  4.8 sy,  0.0 ni, 86.6 id,  0.0 wa,  0.0 hi,  0.5 si,  0.0 st
%Cpu(s):  8.3 us,  4.4 sy,  0.0 ni, 86.3 id,  0.0 wa,  0.0 hi,  0.9 si,  0.1 st
%Cpu(s): 10.3 us,  3.6 sy,  0.0 ni, 85.2 id,  0.0 wa,  0.0 hi,  0.9 si,  0.1 st
%Cpu(s):  7.0 us,  3.8 sy,  0.0 ni, 88.2 id,  0.0 wa,  0.0 hi,  1.0 si,  0.0 st
%Cpu(s): 13.7 us,  3.6 sy,  0.0 ni, 81.7 id,  0.3 wa,  0.0 hi,  0.8 si,  0.0 st
%Cpu(s): 17.3 us,  4.6 sy,  0.0 ni, 76.9 id,  0.0 wa,  0.0 hi,  1.0 si,  0.1 st
%Cpu(s): 25.5 us,  3.4 sy,  0.0 ni, 70.4 id,  0.0 wa,  0.0 hi,  0.8 si,  0.0 st
%Cpu(s): 17.4 us,  4.4 sy,  0.0 ni, 76.9 id,  0.0 wa,  0.0 hi,  1.2 si,  0.1 st
%Cpu(s): 11.0 us,  3.9 sy,  0.0 ni, 83.8 id,  0.0 wa,  0.0 hi,  1.1 si,  0.1 st
%Cpu(s): 11.8 us,  4.4 sy,  0.0 ni, 82.4 id,  0.1 wa,  0.0 hi,  1.1 si,  0.1 st
%Cpu(s): 20.4 us,  3.4 sy,  0.0 ni, 75.1 id,  0.0 wa,  0.0 hi,  1.1 si,  0.0 st
