%Cpu(s):  8.4 us,  1.1 sy,  0.0 ni, 90.4 id,  0.0 wa,  0.0 hi,  0.1 si,  0.0 st
%Cpu(s): 16.8 us,  2.6 sy,  0.0 ni, 80.0 id,  0.0 wa,  0.0 hi,  0.1 si,  0.4 st
%Cpu(s): 13.4 us,  2.9 sy,  0.0 ni, 83.6 id,  0.0 wa,  0.0 hi,  0.1 si,  0.0 st
%Cpu(s): 11.1 us,  3.6 sy,  0.0 ni, 85.2 id,  0.0 wa,  0.0 hi,  0.0 si,  0.1 st
%Cpu(s):  8.8 us,  4.0 sy,  0.0 ni, 86.7 id,  0.0 wa,  0.0 hi,  0.3 si,  0.3 st
%Cpu(s):  8.5 us,  4.4 sy,  0.0 ni, 86.6 id,  0.0 wa,  0.0 hi,  0.2 si,  0.2 st
%Cpu(s):  6.5 us,  3.9 sy,  0.0 ni, 89.2 id,  0.1 wa,  0.0 hi,  0.0 si,  0.3 st
%Cpu(s):  5.0 us,  4.0 sy,  0.0 ni, 90.7 id,  0.0 wa,  0.0 hi,  0.0 si,  0.3 st
%Cpu(s):  8.6 us,  4.7 sy,  0.0 ni, 86.5 id,  0.0 wa,  0.0 hi,  0.1 si,  0.1 st
%Cpu(s): 58.3 us,  3.8 sy,  0.0 ni, 37.6 id,  0.0 wa,  0.0 hi,  0.3 si,  0.1 st
%Cpu(s): 93.0 us,  5.5 sy,  0.0 ni,  0.4 id,  0.0 wa,  0.0 hi,  1.1 si,  0.0 st
%Cpu(s): 90.2 us,  8.1 sy,  0.0 ni,  0.0 id,  0.0 wa,  0.0 hi,  1.7 si,  0.0 st
%Cpu(s): 90.3 us,  7.6 sy,  0.0 ni,  0.0 id,  0.0 wa,  0.0 hi,  2.1 si,  0.0 st
%Cpu(s): 90.3 us,  7.6 sy,  0.0 ni,  0.2 id,  0.0 wa,  0.0 hi,  1.9 si,  0.0 st
%Cpu(s): 91.8 us,  6.7 sy,  0.0 ni,  0.1 id,  0.0 wa,  0.0 hi,  1.4 si,  0.0 st
%Cpu(s): 93.4 us,  5.2 sy,  0.0 ni,  0.0 id,  0.0 wa,  0.0 hi,  1.4 si,  0.0 st
%Cpu(s): 91.9 us,  6.5 sy,  0.0 ni,  0.2 id,  0.0 wa,  0.0 hi,  1.4 si,  0.0 st
%Cpu(s): 92.8 us,  5.9 sy,  0.0 ni,  0.2 id,  0.0 wa,  0.0 hi,  1.1 si,  0.0 st
%Cpu(s): 91.4 us,  6.6 sy,  0.0 ni,  0.9 id,  0.0 wa,  0.0 hi,  1.1 si,  0.0 st
%Cpu(s): 82.2 us,  5.5 sy,  0.0 ni, 10.7 id,  0.0 wa,  0.0 hi,  1.6 si,  0.0 st
%Cpu(s): 47.5 us,  5.5 sy,  0.0 ni, 45.0 id,  0.0 wa,  0.0 hi,  1.8 si,  0.1 st
%Cpu(s): 32.6 us,  5.8 sy,  0.0 ni, 60.2 id,  0.1 wa,  0.0 hi,  1.3 si,  0.0 st
%Cpu(s): 86.7 us,  6.0 sy,  0.0 ni,  5.8 id,  0.0 wa,  0.0 hi,  1.5 si,  0.0 st
%Cpu(s): 66.4 us,  5.3 sy,  0.0 ni, 26.9 id,  0.1 wa,  0.0 hi,  1.4 si,  0.0 st
%Cpu(s): 23.5 us,  5.7 sy,  0.0 ni, 69.9 id,  0.0 wa,  0.0 hi,  1.0 si,  0.0 st
%Cpu(s): 27.1 us,  6.1 sy,  0.0 ni, 65.1 id,  0.0 wa,  0.0 hi,  1.7 si,  0.0 st
%Cpu(s): 36.6 us,  5.0 sy,  0.0 ni, 57.1 id,  0.1 wa,  0.0 hi,  1.0 si,  0.1 st
%Cpu(s): 35.2 us,  4.8 sy,  0.0 ni, 59.1 id,  0.0 wa,  0.0 hi,  1.0 si,  0.0 st
%Cpu(s): 33.6 us,  5.6 sy,  0.0 ni, 59.6 id,  0.0 wa,  0.0 hi,  1.2 si,  0.0 st
%Cpu(s): 22.3 us,  5.5 sy,  0.0 ni, 71.2 id,  0.0 wa,  0.0 hi,  0.9 si,  0.1 st
%Cpu(s): 12.5 us,  5.7 sy,  0.0 ni, 80.2 id,  0.0 wa,  0.0 hi,  1.6 si,  0.0 st
%Cpu(s): 27.4 us,  4.7 sy,  0.0 ni, 67.1 id,  0.0 wa,  0.0 hi,  0.8 si,  0.0 st
%Cpu(s): 30.5 us,  4.4 sy,  0.0 ni, 63.6 id,  0.0 wa,  0.0 hi,  1.5 si,  0.0 st
%Cpu(s): 26.4 us,  4.6 sy,  0.0 ni, 67.3 id,  0.0 wa,  0.0 hi,  1.6 si,  0.0 st
%Cpu(s): 36.3 us,  5.5 sy,  0.0 ni, 56.8 id,  0.0 wa,  0.0 hi,  1.4 si,  0.0 st
%Cpu(s): 11.6 us,  5.4 sy,  0.0 ni, 81.9 id,  0.0 wa,  0.0 hi,  1.1 si,  0.0 st
%Cpu(s): 18.7 us,  4.7 sy,  0.0 ni, 76.0 id,  0.0 wa,  0.0 hi,  0.5 si,  0.1 st
%Cpu(s): 16.2 us,  4.9 sy,  0.0 ni, 78.1 id,  0.0 wa,  0.0 hi,  0.8 si,  0.0 st
%Cpu(s): 34.0 us,  6.1 sy,  0.0 ni, 59.1 id,  0.0 wa,  0.0 hi,  0.7 si,  0.1 st
%Cpu(s): 45.4 us,  4.4 sy,  0.0 ni, 49.3 id,  0.0 wa,  0.0 hi,  0.9 si,  0.0 st
%Cpu(s): 31.5 us,  5.6 sy,  0.0 ni, 61.8 id,  0.0 wa,  0.0 hi,  1.1 si,  0.0 st
%Cpu(s): 35.1 us,  4.9 sy,  0.0 ni, 58.8 id,  0.0 wa,  0.0 hi,  1.1 si,  0.0 st
%Cpu(s): 23.3 us,  5.1 sy,  0.0 ni, 70.0 id,  0.0 wa,  0.0 hi,  1.5 si,  0.1 st
%Cpu(s): 35.7 us,  4.6 sy,  0.0 ni, 58.8 id,  0.0 wa,  0.0 hi,  0.9 si,  0.0 st
%Cpu(s): 49.9 us,  3.9 sy,  0.0 ni, 45.1 id,  0.0 wa,  0.0 hi,  1.0 si,  0.0 st
%Cpu(s): 24.0 us,  4.7 sy,  0.0 ni, 70.5 id,  0.0 wa,  0.0 hi,  0.9 si,  0.0 st
%Cpu(s): 13.3 us,  6.1 sy,  0.0 ni, 79.7 id,  0.0 wa,  0.0 hi,  0.9 si,  0.0 st
%Cpu(s): 24.8 us,  5.1 sy,  0.0 ni, 68.7 id,  0.0 wa,  0.0 hi,  1.4 si,  0.0 st
%Cpu(s):  9.3 us,  5.4 sy,  0.0 ni, 84.2 id,  0.0 wa,  0.0 hi,  1.1 si,  0.0 st
%Cpu(s):  9.9 us,  5.1 sy,  0.0 ni, 83.8 id,  0.0 wa,  0.0 hi,  1.2 si,  0.0 st
%Cpu(s): 19.5 us,  5.4 sy,  0.0 ni, 74.2 id,  0.0 wa,  0.0 hi,  0.9 si,  0.0 st
%Cpu(s): 10.4 us,  5.0 sy,  0.0 ni, 82.5 id,  0.0 wa,  0.0 hi,  1.9 si,  0.1 st
%Cpu(s): 18.2 us,  5.9 sy,  0.0 ni, 74.2 id,  0.0 wa,  0.0 hi,  1.5 si,  0.3 st
%Cpu(s): 13.3 us,  4.9 sy,  0.0 ni, 80.7 id,  0.0 wa,  0.0 hi,  1.1 si,  0.0 st
%Cpu(s): 12.4 us,  5.2 sy,  0.0 ni, 81.4 id,  0.0 wa,  0.0 hi,  1.0 si,  0.0 st
%Cpu(s):  8.7 us,  6.1 sy,  0.0 ni, 83.9 id,  0.1 wa,  0.0 hi,  1.1 si,  0.0 st
%Cpu(s):  9.9 us,  5.5 sy,  0.0 ni, 83.5 id,  0.0 wa,  0.0 hi,  1.1 si,  0.0 st
%Cpu(s):  9.2 us,  5.5 sy,  0.0 ni, 83.4 id,  0.0 wa,  0.0 hi,  1.9 si,  0.0 st
%Cpu(s): 10.4 us,  5.4 sy,  0.0 ni, 82.9 id,  0.0 wa,  0.0 hi,  1.4 si,  0.0 st
%Cpu(s): 10.0 us,  5.1 sy,  0.0 ni, 83.5 id,  0.0 wa,  0.0 hi,  1.4 si,  0.0 st
%Cpu(s):  8.1 us,  5.0 sy,  0.0 ni, 85.6 id,  0.0 wa,  0.0 hi,  1.3 si,  0.0 st
%Cpu(s):  6.1 us,  4.5 sy,  0.0 ni, 88.6 id,  0.0 wa,  0.0 hi,  0.6 si,  0.1 st
%Cpu(s):  5.4 us,  5.4 sy,  0.0 ni, 88.8 id,  0.0 wa,  0.0 hi,  0.1 si,  0.3 st
%Cpu(s):  3.8 us,  4.1 sy,  0.0 ni, 92.0 id,  0.0 wa,  0.0 hi,  0.0 si,  0.1 st
%Cpu(s):  4.1 us,  5.4 sy,  0.0 ni, 90.2 id,  0.0 wa,  0.0 hi,  0.0 si,  0.3 st
%Cpu(s):  5.5 us,  4.2 sy,  0.0 ni, 89.8 id,  0.1 wa,  0.0 hi,  0.1 si,  0.2 st
%Cpu(s):  4.8 us,  5.3 sy,  0.0 ni, 89.8 id,  0.0 wa,  0.0 hi,  0.0 si,  0.0 st
%Cpu(s):  4.0 us,  5.0 sy,  0.0 ni, 90.4 id,  0.0 wa,  0.0 hi,  0.2 si,  0.4 st
%Cpu(s):  4.4 us,  4.6 sy,  0.0 ni, 91.0 id,  0.0 wa,  0.0 hi,  0.0 si,  0.0 st
%Cpu(s):  6.1 us,  4.1 sy,  0.0 ni, 89.3 id,  0.0 wa,  0.0 hi,  0.1 si,  0.3 st
%Cpu(s):  6.1 us,  3.9 sy,  0.0 ni, 89.8 id,  0.0 wa,  0.0 hi,  0.0 si,  0.1 st
%Cpu(s):  4.4 us,  4.0 sy,  0.0 ni, 91.3 id,  0.0 wa,  0.0 hi,  0.1 si,  0.1 st
%Cpu(s):  4.8 us,  4.7 sy,  0.0 ni, 90.4 id,  0.0 wa,  0.0 hi,  0.0 si,  0.1 st
%Cpu(s):  5.4 us,  3.5 sy,  0.0 ni, 90.7 id,  0.0 wa,  0.0 hi,  0.1 si,  0.3 st
%Cpu(s):  7.3 us,  3.9 sy,  0.0 ni, 88.7 id,  0.0 wa,  0.0 hi,  0.0 si,  0.1 st
%Cpu(s):  5.5 us,  4.9 sy,  0.0 ni, 89.2 id,  0.0 wa,  0.0 hi,  0.3 si,  0.1 st
%Cpu(s):  3.9 us,  3.5 sy,  0.0 ni, 92.1 id,  0.0 wa,  0.0 hi,  0.1 si,  0.3 st
%Cpu(s):  5.2 us,  4.5 sy,  0.0 ni, 90.2 id,  0.0 wa,  0.0 hi,  0.0 si,  0.1 st
