%Cpu(s):  0.2 us,  0.0 sy,  0.0 ni, 99.7 id,  0.0 wa,  0.0 hi,  0.0 si,  0.0 st
%Cpu(s):  3.4 us,  2.0 sy,  0.0 ni, 94.2 id,  0.0 wa,  0.0 hi,  0.0 si,  0.4 st
%Cpu(s):  2.9 us,  1.6 sy,  0.0 ni, 95.1 id,  0.0 wa,  0.0 hi,  0.0 si,  0.4 st
%Cpu(s):  3.4 us,  2.0 sy,  0.0 ni, 94.5 id,  0.0 wa,  0.0 hi,  0.0 si,  0.1 st
%Cpu(s):  2.4 us,  3.0 sy,  0.0 ni, 94.5 id,  0.0 wa,  0.0 hi,  0.0 si,  0.1 st
%Cpu(s):  6.5 us,  2.8 sy,  0.0 ni, 90.5 id,  0.0 wa,  0.0 hi,  0.0 si,  0.3 st
%Cpu(s): 25.4 us,  3.5 sy,  0.0 ni, 70.9 id,  0.0 wa,  0.0 hi,  0.3 si,  0.0 st
%Cpu(s): 76.7 us,  5.3 sy,  0.0 ni, 17.0 id,  0.0 wa,  0.0 hi,  1.0 si,  0.0 st
%Cpu(s): 80.5 us,  6.4 sy,  0.0 ni, 11.8 id,  0.0 wa,  0.0 hi,  1.2 si,  0.0 st
%Cpu(s): 87.2 us,  6.7 sy,  0.0 ni,  4.8 id,  0.0 wa,  0.0 hi,  1.2 si,  0.0 st
%Cpu(s): 94.1 us,  4.1 sy,  0.0 ni,  1.0 id,  0.0 wa,  0.0 hi,  0.7 si,  0.0 st
%Cpu(s): 85.1 us,  4.2 sy,  0.0 ni,  9.3 id,  0.0 wa,  0.0 hi,  1.4 si,  0.0 st
%Cpu(s): 64.6 us,  5.1 sy,  0.0 ni, 29.3 id,  0.0 wa,  0.0 hi,  1.0 si,  0.0 st
%Cpu(s): 25.1 us,  4.5 sy,  0.0 ni, 69.5 id,  0.0 wa,  0.0 hi,  0.9 si,  0.0 st
%Cpu(s): 22.1 us,  4.1 sy,  0.0 ni, 72.9 id,  0.0 wa,  0.0 hi,  0.9 si,  0.0 st
%Cpu(s): 31.3 us,  4.9 sy,  0.0 ni, 62.8 id,  0.0 wa,  0.0 hi,  1.0 si,  0.0 st
%Cpu(s): 45.2 us,  4.9 sy,  0.0 ni, 48.5 id,  0.0 wa,  0.0 hi,  1.1 si,  0.1 st
%Cpu(s): 34.8 us,  4.4 sy,  0.0 ni, 59.8 id,  0.0 wa,  0.0 hi,  1.0 si,  0.0 st
%Cpu(s): 46.8 us,  4.5 sy,  0.0 ni, 48.1 id,  0.0 wa,  0.0 hi,  0.6 si,  0.0 st
%Cpu(s): 38.0 us,  5.5 sy,  0.0 ni, 55.5 id,  0.0 wa,  0.0 hi,  0.9 si,  0.1 st
%Cpu(s): 52.7 us,  5.4 sy,  0.0 ni, 41.1 id,  0.0 wa,  0.0 hi,  0.7 si,  0.1 st
%Cpu(s): 16.1 us,  6.4 sy,  0.0 ni, 76.8 id,  0.0 wa,  0.0 hi,  0.7 si,  0.0 st
%Cpu(s): 17.9 us,  6.0 sy,  0.0 ni, 75.3 id,  0.0 wa,  0.0 hi,  0.8 si,  0.0 st
%Cpu(s): 11.0 us,  5.4 sy,  0.0 ni, 82.9 id,  0.0 wa,  0.0 hi,  0.6 si,  0.0 st
%Cpu(s): 16.2 us,  4.9 sy,  0.0 ni, 78.5 id,  0.0 wa,  0.0 hi,  0.4 si,  0.0 st
%Cpu(s):  9.0 us,  5.3 sy,  0.0 ni, 84.8 id,  0.1 wa,  0.0 hi,  0.6 si,  0.1 st
%Cpu(s):  9.6 us,  5.4 sy,  0.0 ni, 84.3 id,  0.0 wa,  0.0 hi,  0.6 si,  0.0 st
%Cpu(s):  9.1 us,  6.2 sy,  0.0 ni, 84.4 id,  0.0 wa,  0.0 hi,  0.4 si,  0.0 st
%Cpu(s):  9.8 us,  5.6 sy,  0.0 ni, 83.7 id,  0.0 wa,  0.0 hi,  0.9 si,  0.0 st
%Cpu(s): 11.2 us,  6.5 sy,  0.0 ni, 81.5 id,  0.0 wa,  0.0 hi,  0.7 si,  0.1 st
%Cpu(s): 10.1 us,  5.4 sy,  0.0 ni, 83.5 id,  0.0 wa,  0.0 hi,  0.8 si,  0.1 st
%Cpu(s): 10.2 us,  5.6 sy,  0.0 ni, 83.6 id,  0.0 wa,  0.0 hi,  0.6 si,  0.0 st
%Cpu(s):  8.8 us,  5.9 sy,  0.0 ni, 84.8 id,  0.0 wa,  0.0 hi,  0.5 si,  0.0 st
%Cpu(s):  8.2 us,  5.4 sy,  0.0 ni, 85.8 id,  0.0 wa,  0.0 hi,  0.6 si,  0.0 st
%Cpu(s):  8.7 us,  5.1 sy,  0.0 ni, 85.6 id,  0.0 wa,  0.0 hi,  0.4 si,  0.1 st
%Cpu(s):  8.6 us,  5.3 sy,  0.0 ni, 85.3 id,  0.1 wa,  0.0 hi,  0.6 si,  0.0 st
%Cpu(s): 10.4 us,  5.8 sy,  0.0 ni, 82.8 id,  0.0 wa,  0.0 hi,  0.8 si,  0.1 st
%Cpu(s): 19.2 us,  3.9 sy,  0.0 ni, 76.1 id,  0.0 wa,  0.0 hi,  0.8 si,  0.0 st
%Cpu(s): 19.3 us,  4.5 sy,  0.0 ni, 75.4 id,  0.0 wa,  0.0 hi,  0.6 si,  0.1 st
%Cpu(s):  9.9 us,  5.4 sy,  0.0 ni, 84.0 id,  0.0 wa,  0.0 hi,  0.6 si,  0.0 st
%Cpu(s): 16.8 us,  6.6 sy,  0.0 ni, 76.3 id,  0.0 wa,  0.0 hi,  0.3 si,  0.0 st
%Cpu(s): 11.8 us,  5.9 sy,  0.0 ni, 81.9 id,  0.0 wa,  0.0 hi,  0.5 si,  0.0 st
%Cpu(s): 14.0 us,  6.1 sy,  0.0 ni, 79.0 id,  0.0 wa,  0.0 hi,  0.8 si,  0.1 st
%Cpu(s): 11.9 us,  6.6 sy,  0.0 ni, 80.9 id,  0.0 wa,  0.0 hi,  0.6 si,  0.0 st
%Cpu(s): 11.6 us,  6.3 sy,  0.0 ni, 81.6 id,  0.0 wa,  0.0 hi,  0.4 si,  0.0 st
%Cpu(s): 14.9 us,  4.4 sy,  0.0 ni, 80.0 id,  0.0 wa,  0.0 hi,  0.5 si,  0.1 st
%Cpu(s): 15.3 us,  4.5 sy,  0.0 ni, 79.6 id,  0.0 wa,  0.0 hi,  0.5 si,  0.1 st
%Cpu(s):  9.4 us,  5.6 sy,  0.0 ni, 84.5 id,  0.0 wa,  0.0 hi,  0.5 si,  0.0 st
%Cpu(s):  8.6 us,  5.9 sy,  0.0 ni, 84.6 id,  0.0 wa,  0.0 hi,  0.9 si,  0.0 st
%Cpu(s): 11.1 us,  6.6 sy,  0.0 ni, 81.6 id,  0.0 wa,  0.0 hi,  0.6 si,  0.0 st
%Cpu(s):  9.3 us,  5.2 sy,  0.0 ni, 84.4 id,  0.0 wa,  0.0 hi,  1.0 si,  0.0 st
%Cpu(s):  9.8 us,  5.1 sy,  0.0 ni, 84.3 id,  0.0 wa,  0.0 hi,  0.8 si,  0.1 st
%Cpu(s):  8.0 us,  6.1 sy,  0.0 ni, 85.2 id,  0.0 wa,  0.0 hi,  0.5 si,  0.1 st
%Cpu(s):  9.4 us,  6.2 sy,  0.0 ni, 83.5 id,  0.0 wa,  0.0 hi,  0.9 si,  0.0 st
%Cpu(s):  8.1 us,  5.4 sy,  0.0 ni, 85.9 id,  0.0 wa,  0.0 hi,  0.6 si,  0.0 st
%Cpu(s):  8.2 us,  5.1 sy,  0.0 ni, 85.8 id,  0.1 wa,  0.0 hi,  0.6 si,  0.1 st
%Cpu(s):  8.1 us,  5.1 sy,  0.0 ni, 85.9 id,  0.0 wa,  0.0 hi,  0.9 si,  0.0 st
%Cpu(s):  7.9 us,  4.9 sy,  0.0 ni, 86.3 id,  0.0 wa,  0.0 hi,  0.9 si,  0.0 st
%Cpu(s):  8.2 us,  4.4 sy,  0.0 ni, 86.5 id,  0.0 wa,  0.0 hi,  0.9 si,  0.0 st
%Cpu(s):  9.7 us,  5.6 sy,  0.0 ni, 84.2 id,  0.0 wa,  0.0 hi,  0.4 si,  0.1 st
%Cpu(s):  7.7 us,  6.8 sy,  0.0 ni, 84.4 id,  0.1 wa,  0.0 hi,  1.0 si,  0.0 st
%Cpu(s):  2.6 us,  2.8 sy,  0.0 ni, 94.0 id,  0.0 wa,  0.0 hi,  0.4 si,  0.3 st
%Cpu(s):  4.4 us,  3.3 sy,  0.0 ni, 92.2 id,  0.0 wa,  0.0 hi,  0.0 si,  0.1 st
%Cpu(s):  2.6 us,  2.3 sy,  0.0 ni, 94.7 id,  0.0 wa,  0.0 hi,  0.0 si,  0.4 st
%Cpu(s):  1.9 us,  2.8 sy,  0.0 ni, 95.1 id,  0.0 wa,  0.0 hi,  0.1 si,  0.1 st
%Cpu(s):  2.6 us,  2.5 sy,  0.0 ni, 94.7 id,  0.0 wa,  0.0 hi,  0.0 si,  0.1 st
%Cpu(s):  4.5 us,  2.8 sy,  0.0 ni, 92.4 id,  0.0 wa,  0.0 hi,  0.0 si,  0.3 st
%Cpu(s):  4.5 us,  2.1 sy,  0.0 ni, 93.1 id,  0.0 wa,  0.0 hi,  0.0 si,  0.2 st
%Cpu(s):  4.5 us,  3.7 sy,  0.0 ni, 91.5 id,  0.0 wa,  0.0 hi,  0.0 si,  0.2 st
%Cpu(s):  4.8 us,  2.3 sy,  0.0 ni, 92.7 id,  0.0 wa,  0.0 hi,  0.0 si,  0.3 st
%Cpu(s):  2.9 us,  2.0 sy,  0.0 ni, 94.8 id,  0.0 wa,  0.0 hi,  0.0 si,  0.3 st
