%Cpu(s):  1.1 us,  0.4 sy,  0.0 ni, 98.5 id,  0.0 wa,  0.0 hi,  0.0 si,  0.0 st
%Cpu(s): 59.4 us,  2.9 sy,  0.0 ni, 37.6 id,  0.0 wa,  0.0 hi,  0.0 si,  0.1 st
%Cpu(s): 57.6 us,  1.8 sy,  0.0 ni, 40.7 id,  0.0 wa,  0.0 hi,  0.0 si,  0.0 st
%Cpu(s): 77.6 us,  2.5 sy,  0.0 ni, 19.6 id,  0.0 wa,  0.0 hi,  0.3 si,  0.0 st
%Cpu(s): 10.3 us,  0.8 sy,  0.0 ni, 88.9 id,  0.0 wa,  0.0 hi,  0.0 si,  0.1 st
%Cpu(s): 44.7 us,  2.3 sy,  0.0 ni, 52.1 id,  0.0 wa,  0.0 hi,  0.9 si,  0.1 st
%Cpu(s): 43.1 us,  3.4 sy,  0.0 ni, 52.8 id,  0.0 wa,  0.0 hi,  0.8 si,  0.0 st
%Cpu(s): 21.3 us,  3.0 sy,  0.0 ni, 74.7 id,  0.0 wa,  0.0 hi,  0.8 si,  0.1 st
%Cpu(s): 13.5 us,  3.8 sy,  0.0 ni, 81.8 id,  0.0 wa,  0.0 hi,  0.8 si,  0.1 st
%Cpu(s): 10.6 us,  4.0 sy,  0.0 ni, 84.4 id,  0.0 wa,  0.0 hi,  1.0 si,  0.0 st
%Cpu(s): 10.8 us,  4.5 sy,  0.0 ni, 84.0 id,  0.0 wa,  0.0 hi,  0.6 si,  0.0 st
%Cpu(s): 10.3 us,  3.3 sy,  0.0 ni, 85.9 id,  0.0 wa,  0.0 hi,  0.5 si,  0.0 st
%Cpu(s):  6.2 us,  3.7 sy,  0.0 ni, 89.2 id,  0.0 wa,  0.0 hi,  1.0 si,  0.0 st
%Cpu(s):  6.9 us,  4.3 sy,  0.0 ni, 88.1 id,  0.0 wa,  0.0 hi,  0.6 si,  0.1 st
%Cpu(s):  7.0 us,  4.5 sy,  0.0 ni, 88.2 id,  0.0 wa,  0.0 hi,  0.4 si,  0.0 st
%Cpu(s):  7.9 us,  3.7 sy,  0.0 ni, 87.7 id,  0.0 wa,  0.0 hi,  0.6 si,  0.1 st
%Cpu(s):  6.7 us,  4.2 sy,  0.0 ni, 88.3 id,  0.0 wa,  0.0 hi,  0.7 si,  0.0 st
%Cpu(s):  5.6 us,  3.2 sy,  0.0 ni, 90.5 id,  0.0 wa,  0.0 hi,  0.6 si,  0.1 st
%Cpu(s):  6.2 us,  3.3 sy,  0.0 ni, 89.9 id,  0.0 wa,  0.0 hi,  0.6 si,  0.0 st
%Cpu(s):  6.6 us,  3.6 sy,  0.0 ni, 89.0 id,  0.0 wa,  0.0 hi,  0.8 si,  0.0 st
%Cpu(s):  5.6 us,  4.3 sy,  0.0 ni, 89.6 id,  0.0 wa,  0.0 hi,  0.5 si,  0.0 st
%Cpu(s):  6.5 us,  3.6 sy,  0.0 ni, 88.9 id,  0.0 wa,  0.0 hi,  0.9 si,  0.0 st
%Cpu(s):  8.9 us,  3.5 sy,  0.0 ni, 86.9 id,  0.0 wa,  0.0 hi,  0.7 si,  0.0 st
%Cpu(s): 16.8 us,  3.2 sy,  0.0 ni, 79.2 id,  0.0 wa,  0.0 hi,  0.8 si,  0.0 st
%Cpu(s): 17.1 us,  3.4 sy,  0.0 ni, 78.3 id,  0.0 wa,  0.0 hi,  1.1 si,  0.1 st
%Cpu(s): 10.9 us,  3.0 sy,  0.0 ni, 84.7 id,  0.0 wa,  0.0 hi,  1.4 si,  0.0 st
%Cpu(s):  5.7 us,  3.9 sy,  0.0 ni, 89.5 id,  0.0 wa,  0.0 hi,  0.9 si,  0.0 st
%Cpu(s):  6.3 us,  3.3 sy,  0.0 ni, 89.8 id,  0.0 wa,  0.0 hi,  0.6 si,  0.0 st
%Cpu(s):  5.1 us,  2.8 sy,  0.0 ni, 90.8 id,  0.0 wa,  0.0 hi,  1.3 si,  0.0 st
%Cpu(s):  7.3 us,  3.6 sy,  0.0 ni, 88.3 id,  0.0 wa,  0.0 hi,  0.7 si,  0.0 st
%Cpu(s):  5.1 us,  3.2 sy,  0.0 ni, 91.0 id,  0.0 wa,  0.0 hi,  0.6 si,  0.1 st
%Cpu(s):  8.9 us,  3.5 sy,  0.0 ni, 87.0 id,  0.0 wa,  0.0 hi,  0.6 si,  0.0 st
%Cpu(s):  4.8 us,  3.3 sy,  0.0 ni, 91.0 id,  0.0 wa,  0.0 hi,  0.9 si,  0.0 st
%Cpu(s):  5.2 us,  2.9 sy,  0.0 ni, 91.0 id,  0.0 wa,  0.0 hi,  0.9 si,  0.0 st
%Cpu(s):  8.5 us,  3.1 sy,  0.0 ni, 87.6 id,  0.0 wa,  0.0 hi,  0.6 si,  0.1 st
%Cpu(s):  7.2 us,  3.1 sy,  0.0 ni, 87.1 id,  1.9 wa,  0.0 hi,  0.8 si,  0.0 st
%Cpu(s):  5.5 us,  3.0 sy,  0.0 ni, 90.7 id,  0.0 wa,  0.0 hi,  0.8 si,  0.0 st
%Cpu(s):  6.1 us,  3.9 sy,  0.0 ni, 88.8 id,  0.0 wa,  0.0 hi,  1.1 si,  0.1 st
%Cpu(s):  7.3 us,  4.0 sy,  0.0 ni, 88.1 id,  0.0 wa,  0.0 hi,  0.6 si,  0.0 st
%Cpu(s): 10.1 us,  3.5 sy,  0.0 ni, 85.6 id,  0.0 wa,  0.0 hi,  0.8 si,  0.0 st
%Cpu(s): 17.1 us,  4.1 sy,  0.0 ni, 77.7 id,  0.1 wa,  0.0 hi,  1.0 si,  0.0 st
%Cpu(s): 17.3 us,  3.8 sy,  0.0 ni, 77.7 id,  0.0 wa,  0.0 hi,  1.3 si,  0.0 st
%Cpu(s): 10.2 us,  4.0 sy,  0.0 ni, 84.6 id,  0.0 wa,  0.0 hi,  1.1 si,  0.0 st
%Cpu(s):  6.6 us,  3.5 sy,  0.0 ni, 89.1 id,  0.0 wa,  0.0 hi,  0.6 si,  0.1 st
%Cpu(s):  4.9 us,  2.9 sy,  0.0 ni, 91.2 id,  0.0 wa,  0.0 hi,  1.0 si,  0.0 st
%Cpu(s):  6.1 us,  3.7 sy,  0.0 ni, 89.4 id,  0.0 wa,  0.0 hi,  0.9 si,  0.0 st
%Cpu(s):  4.8 us,  3.4 sy,  0.0 ni, 91.1 id,  0.0 wa,  0.0 hi,  0.6 si,  0.0 st
%Cpu(s):  5.8 us,  3.9 sy,  0.0 ni, 89.8 id,  0.0 wa,  0.0 hi,  0.4 si,  0.1 st
%Cpu(s):  6.1 us,  4.2 sy,  0.0 ni, 88.9 id,  0.0 wa,  0.0 hi,  0.8 si,  0.1 st
%Cpu(s):  6.0 us,  4.6 sy,  0.0 ni, 88.8 id,  0.0 wa,  0.0 hi,  0.5 si,  0.0 st
%Cpu(s):  5.5 us,  4.0 sy,  0.0 ni, 89.3 id,  0.0 wa,  0.0 hi,  1.1 si,  0.0 st
%Cpu(s):  6.6 us,  3.0 sy,  0.0 ni, 89.6 id,  0.0 wa,  0.0 hi,  0.8 si,  0.0 st
%Cpu(s):  4.9 us,  3.4 sy,  0.0 ni, 90.7 id,  0.0 wa,  0.0 hi,  0.9 si,  0.0 st
%Cpu(s):  5.9 us,  4.2 sy,  0.0 ni, 88.8 id,  0.0 wa,  0.0 hi,  1.0 si,  0.1 st
%Cpu(s):  4.6 us,  2.4 sy,  0.0 ni, 92.4 id,  0.0 wa,  0.0 hi,  0.5 si,  0.0 st
%Cpu(s):  5.5 us,  3.8 sy,  0.0 ni, 89.2 id,  0.3 wa,  0.0 hi,  1.0 si,  0.3 st
%Cpu(s): 14.9 us,  3.2 sy,  0.0 ni, 80.9 id,  0.0 wa,  0.0 hi,  0.9 si,  0.1 st
%Cpu(s): 17.7 us,  3.5 sy,  0.0 ni, 77.8 id,  0.0 wa,  0.0 hi,  1.0 si,  0.0 st
%Cpu(s): 16.6 us,  4.1 sy,  0.0 ni, 78.5 id,  0.0 wa,  0.0 hi,  0.7 si,  0.0 st
%Cpu(s):  5.7 us,  4.3 sy,  0.0 ni, 88.9 id,  0.0 wa,  0.0 hi,  1.1 si,  0.0 st
%Cpu(s):  5.7 us,  3.0 sy,  0.0 ni, 90.5 id,  0.1 wa,  0.0 hi,  0.6 si,  0.0 st
%Cpu(s):  5.3 us,  3.9 sy,  0.0 ni, 90.3 id,  0.0 wa,  0.0 hi,  0.5 si,  0.0 st
%Cpu(s): 10.2 us,  4.2 sy,  0.0 ni, 84.6 id,  0.0 wa,  0.0 hi,  1.0 si,  0.0 st
%Cpu(s):  7.4 us,  3.2 sy,  0.0 ni, 88.6 id,  0.0 wa,  0.0 hi,  0.8 si,  0.1 st
%Cpu(s): 12.1 us,  4.0 sy,  0.0 ni, 83.0 id,  0.0 wa,  0.0 hi,  0.8 si,  0.1 st
%Cpu(s):  3.8 us,  2.9 sy,  0.0 ni, 92.6 id,  0.0 wa,  0.0 hi,  0.6 si,  0.0 st
%Cpu(s):  4.0 us,  3.3 sy,  0.0 ni, 92.3 id,  0.0 wa,  0.0 hi,  0.4 si,  0.0 st
%Cpu(s):  3.4 us,  2.7 sy,  0.0 ni, 93.3 id,  0.0 wa,  0.0 hi,  0.6 si,  0.0 st
%Cpu(s):  3.3 us,  2.5 sy,  0.0 ni, 93.3 id,  0.0 wa,  0.0 hi,  0.8 si,  0.1 st
%Cpu(s):  4.9 us,  2.8 sy,  0.0 ni, 92.1 id,  0.0 wa,  0.0 hi,  0.3 si,  0.0 st
%Cpu(s):  5.3 us,  3.3 sy,  0.0 ni, 91.1 id,  0.0 wa,  0.0 hi,  0.4 si,  0.0 st
%Cpu(s):  9.3 us,  3.0 sy,  0.0 ni, 87.5 id,  0.0 wa,  0.0 hi,  0.3 si,  0.0 st
%Cpu(s):  8.4 us,  2.3 sy,  0.0 ni, 88.7 id,  0.0 wa,  0.0 hi,  0.5 si,  0.1 st
%Cpu(s):  7.0 us,  2.4 sy,  0.0 ni, 90.1 id,  0.0 wa,  0.0 hi,  0.5 si,  0.0 st
