%Cpu(s):  2.7 us,  0.3 sy,  0.0 ni, 97.0 id,  0.0 wa,  0.0 hi,  0.0 si,  0.0 st
%Cpu(s):  1.0 us,  1.5 sy,  0.0 ni, 97.5 id,  0.0 wa,  0.0 hi,  0.0 si,  0.0 st
%Cpu(s):  2.0 us,  1.5 sy,  0.0 ni, 96.4 id,  0.0 wa,  0.0 hi,  0.1 si,  0.0 st
%Cpu(s):  1.5 us,  0.5 sy,  0.0 ni, 98.0 id,  0.0 wa,  0.0 hi,  0.0 si,  0.0 st
%Cpu(s):  1.7 us,  1.9 sy,  0.0 ni, 96.4 id,  0.0 wa,  0.0 hi,  0.0 si,  0.0 st
%Cpu(s):  2.5 us,  1.4 sy,  0.0 ni, 96.2 id,  0.0 wa,  0.0 hi,  0.0 si,  0.0 st
%Cpu(s):  8.6 us,  0.9 sy,  0.0 ni, 90.4 id,  0.1 wa,  0.0 hi,  0.0 si,  0.0 st
%Cpu(s): 83.1 us,  6.5 sy,  0.0 ni,  9.6 id,  0.0 wa,  0.0 hi,  0.8 si,  0.0 st
%Cpu(s): 88.7 us,  8.4 sy,  0.0 ni,  0.9 id,  0.0 wa,  0.0 hi,  2.0 si,  0.0 st
%Cpu(s): 91.2 us,  6.2 sy,  0.0 ni,  1.0 id,  0.0 wa,  0.0 hi,  1.6 si,  0.0 st
%Cpu(s): 90.8 us,  7.5 sy,  0.0 ni,  0.1 id,  0.0 wa,  0.0 hi,  1.6 si,  0.0 st
%Cpu(s): 91.8 us,  6.3 sy,  0.0 ni,  0.2 id,  0.0 wa,  0.0 hi,  1.6 si,  0.0 st
%Cpu(s): 91.4 us,  6.0 sy,  0.0 ni,  1.2 id,  0.0 wa,  0.0 hi,  1.4 si,  0.0 st
%Cpu(s): 87.1 us,  5.8 sy,  0.0 ni,  5.8 id,  0.0 wa,  0.0 hi,  1.2 si,  0.0 st
%Cpu(s): 63.8 us,  6.1 sy,  0.0 ni, 28.4 id,  0.0 wa,  0.0 hi,  1.5 si,  0.1 st
%Cpu(s): 22.4 us,  4.3 sy,  0.0 ni, 72.7 id,  0.0 wa,  0.0 hi,  0.5 si,  0.1 st
%Cpu(s): 50.4 us,  5.0 sy,  0.0 ni, 43.8 id,  0.0 wa,  0.0 hi,  0.8 si,  0.0 st
%Cpu(s): 60.7 us,  5.0 sy,  0.0 ni, 33.2 id,  0.0 wa,  0.0 hi,  1.1 si,  0.0 st
%Cpu(s): 80.1 us,  4.4 sy,  0.0 ni, 14.1 id,  0.0 wa,  0.0 hi,  1.4 si,  0.0 st
%Cpu(s): 40.8 us,  4.7 sy,  0.0 ni, 53.1 id,  0.0 wa,  0.0 hi,  1.5 si,  0.0 st
%Cpu(s): 38.6 us,  4.5 sy,  0.0 ni, 56.0 id,  0.0 wa,  0.0 hi,  0.9 si,  0.0 st
%Cpu(s): 13.3 us,  4.4 sy,  0.0 ni, 81.7 id,  0.0 wa,  0.0 hi,  0.6 si,  0.0 st
%Cpu(s):  5.7 us,  4.1 sy,  0.0 ni, 89.1 id,  0.0 wa,  0.0 hi,  1.0 si,  0.0 st
%Cpu(s):  6.9 us,  4.7 sy,  0.0 ni, 87.6 id,  0.0 wa,  0.0 hi,  0.6 si,  0.1 st
%Cpu(s):  6.8 us,  3.5 sy,  0.0 ni, 88.5 id,  0.0 wa,  0.0 hi,  1.1 si,  0.0 st
%Cpu(s):  6.3 us,  4.3 sy,  0.0 ni, 87.0 id,  1.0 wa,  0.0 hi,  1.4 si,  0.0 st
%Cpu(s):  7.1 us,  3.8 sy,  0.0 ni, 88.4 id,  0.1 wa,  0.0 hi,  0.6 si,  0.0 st
%Cpu(s):  6.4 us,  4.7 sy,  0.0 ni, 87.9 id,  0.0 wa,  0.0 hi,  0.9 si,  0.1 st
%Cpu(s):  6.7 us,  5.4 sy,  0.0 ni, 87.3 id,  0.0 wa,  0.0 hi,  0.6 si,  0.0 st
%Cpu(s):  6.6 us,  4.6 sy,  0.0 ni, 88.1 id,  0.0 wa,  0.0 hi,  0.8 si,  0.0 st
%Cpu(s):  8.5 us,  4.1 sy,  0.0 ni, 86.5 id,  0.0 wa,  0.0 hi,  0.9 si,  0.0 st
%Cpu(s):  5.9 us,  4.7 sy,  0.0 ni, 88.6 id,  0.0 wa,  0.0 hi,  0.8 si,  0.0 st
%Cpu(s):  5.9 us,  4.2 sy,  0.0 ni, 89.1 id,  0.0 wa,  0.0 hi,  0.8 si,  0.0 st
%Cpu(s):  5.7 us,  3.6 sy,  0.0 ni, 90.0 id,  0.0 wa,  0.0 hi,  0.8 si,  0.0 st
%Cpu(s):  5.9 us,  3.9 sy,  0.0 ni, 89.0 id,  0.0 wa,  0.0 hi,  1.1 si,  0.0 st
%Cpu(s):  5.1 us,  4.4 sy,  0.0 ni, 89.3 id,  0.0 wa,  0.0 hi,  1.0 si,  0.1 st
%Cpu(s):  7.6 us,  4.0 sy,  0.0 ni, 87.2 id,  0.0 wa,  0.0 hi,  1.0 si,  0.1 st
%Cpu(s): 22.9 us,  4.4 sy,  0.0 ni, 71.8 id,  0.0 wa,  0.0 hi,  0.9 si,  0.0 st
%Cpu(s): 13.3 us,  4.0 sy,  0.0 ni, 82.0 id,  0.0 wa,  0.0 hi,  0.8 si,  0.0 st
%Cpu(s):  6.6 us,  4.1 sy,  0.0 ni, 88.5 id,  0.0 wa,  0.0 hi,  0.9 si,  0.0 st
%Cpu(s):  6.5 us,  3.7 sy,  0.0 ni, 89.1 id,  0.0 wa,  0.0 hi,  0.6 si,  0.1 st
%Cpu(s):  7.5 us,  4.3 sy,  0.0 ni, 87.6 id,  0.0 wa,  0.0 hi,  0.6 si,  0.0 st
%Cpu(s):  9.8 us,  4.8 sy,  0.0 ni, 84.3 id,  0.0 wa,  0.0 hi,  1.0 si,  0.0 st
%Cpu(s):  6.5 us,  4.3 sy,  0.0 ni, 88.4 id,  0.0 wa,  0.0 hi,  0.8 si,  0.0 st
%Cpu(s):  6.9 us,  3.8 sy,  0.0 ni, 88.6 id,  0.0 wa,  0.0 hi,  0.8 si,  0.0 st
%Cpu(s): 13.1 us,  3.7 sy,  0.0 ni, 82.6 id,  0.0 wa,  0.0 hi,  0.5 si,  0.1 st
%Cpu(s):  8.0 us,  4.2 sy,  0.0 ni, 86.4 id,  0.0 wa,  0.0 hi,  1.4 si,  0.0 st
%Cpu(s): 14.2 us,  4.5 sy,  0.0 ni, 79.8 id,  0.0 wa,  0.0 hi,  1.4 si,  0.0 st
%Cpu(s):  5.7 us,  4.7 sy,  0.0 ni, 88.7 id,  0.0 wa,  0.0 hi,  1.0 si,  0.0 st
%Cpu(s):  6.5 us,  5.2 sy,  0.0 ni, 87.5 id,  0.0 wa,  0.0 hi,  0.6 si,  0.1 st
%Cpu(s):  6.6 us,  4.8 sy,  0.0 ni, 87.5 id,  0.0 wa,  0.0 hi,  1.1 si,  0.0 st
%Cpu(s):  5.2 us,  4.3 sy,  0.0 ni, 89.7 id,  0.0 wa,  0.0 hi,  0.6 si,  0.1 st
%Cpu(s):  5.0 us,  4.3 sy,  0.0 ni, 89.6 id,  0.0 wa,  0.0 hi,  1.1 si,  0.0 st
%Cpu(s):  6.2 us,  3.8 sy,  0.0 ni, 89.2 id,  0.0 wa,  0.0 hi,  0.8 si,  0.0 st
%Cpu(s):  4.8 us,  4.4 sy,  0.0 ni, 89.6 id,  0.0 wa,  0.0 hi,  1.0 si,  0.1 st
%Cpu(s):  5.8 us,  4.1 sy,  0.0 ni, 88.8 id,  0.1 wa,  0.0 hi,  1.1 si,  0.0 st
%Cpu(s):  6.3 us,  4.0 sy,  0.0 ni, 88.7 id,  0.0 wa,  0.0 hi,  0.8 si,  0.1 st
%Cpu(s):  5.7 us,  4.3 sy,  0.0 ni, 89.1 id,  0.0 wa,  0.0 hi,  0.9 si,  0.0 st
%Cpu(s):  5.7 us,  4.1 sy,  0.0 ni, 89.7 id,  0.0 wa,  0.0 hi,  0.5 si,  0.0 st
%Cpu(s):  5.5 us,  4.5 sy,  0.0 ni, 88.8 id,  0.0 wa,  0.0 hi,  1.1 si,  0.0 st
%Cpu(s):  4.4 us,  3.6 sy,  0.0 ni, 91.2 id,  0.0 wa,  0.0 hi,  0.8 si,  0.0 st
%Cpu(s):  1.3 us,  1.0 sy,  0.0 ni, 97.5 id,  0.1 wa,  0.0 hi,  0.1 si,  0.0 st
%Cpu(s):  1.5 us,  0.5 sy,  0.0 ni, 98.0 id,  0.0 wa,  0.0 hi,  0.0 si,  0.0 st
%Cpu(s):  1.5 us,  2.1 sy,  0.0 ni, 96.4 id,  0.0 wa,  0.0 hi,  0.0 si,  0.0 st
%Cpu(s):  0.9 us,  1.1 sy,  0.0 ni, 97.9 id,  0.0 wa,  0.0 hi,  0.1 si,  0.0 st
%Cpu(s):  1.2 us,  2.1 sy,  0.0 ni, 96.5 id,  0.0 wa,  0.0 hi,  0.0 si,  0.1 st
%Cpu(s):  1.3 us,  0.5 sy,  0.0 ni, 98.2 id,  0.0 wa,  0.0 hi,  0.0 si,  0.0 st
%Cpu(s):  4.8 us,  0.8 sy,  0.0 ni, 94.5 id,  0.0 wa,  0.0 hi,  0.0 si,  0.0 st
%Cpu(s):  7.8 us,  1.0 sy,  0.0 ni, 91.2 id,  0.0 wa,  0.0 hi,  0.0 si,  0.0 st
%Cpu(s):  1.5 us,  0.6 sy,  0.0 ni, 97.8 id,  0.0 wa,  0.0 hi,  0.0 si,  0.1 st
%Cpu(s):  1.0 us,  0.6 sy,  0.0 ni, 98.4 id,  0.0 wa,  0.0 hi,  0.0 si,  0.0 st
%Cpu(s):  1.6 us,  1.2 sy,  0.0 ni, 97.1 id,  0.0 wa,  0.0 hi,  0.0 si,  0.0 st
%Cpu(s):  1.1 us,  1.5 sy,  0.0 ni, 97.3 id,  0.0 wa,  0.0 hi,  0.1 si,  0.0 st
%Cpu(s):  2.1 us,  3.2 sy,  0.0 ni, 94.5 id,  0.0 wa,  0.0 hi,  0.0 si,  0.2 st
%Cpu(s):  1.8 us,  3.2 sy,  0.0 ni, 95.0 id,  0.0 wa,  0.0 hi,  0.0 si,  0.0 st
%Cpu(s):  0.7 us,  2.0 sy,  0.0 ni, 97.3 id,  0.0 wa,  0.0 hi,  0.0 si,  0.0 st
%Cpu(s):  1.5 us,  1.7 sy,  0.0 ni, 96.8 id,  0.0 wa,  0.0 hi,  0.0 si,  0.0 st
%Cpu(s):  1.1 us,  1.4 sy,  0.0 ni, 97.3 id,  0.0 wa,  0.0 hi,  0.1 si,  0.1 st
%Cpu(s):  0.9 us,  1.2 sy,  0.0 ni, 97.9 id,  0.0 wa,  0.0 hi,  0.0 si,  0.0 st
%Cpu(s):  1.0 us,  1.5 sy,  0.0 ni, 97.5 id,  0.0 wa,  0.0 hi,  0.0 si,  0.0 st
%Cpu(s):  1.5 us,  1.4 sy,  0.0 ni, 97.1 id,  0.0 wa,  0.0 hi,  0.0 si,  0.0 st
%Cpu(s):  1.5 us,  2.7 sy,  0.0 ni, 95.7 id,  0.0 wa,  0.0 hi,  0.1 si,  0.0 st
