%Cpu(s):  0.4 us,  0.1 sy,  0.0 ni, 99.5 id,  0.0 wa,  0.0 hi,  0.0 si,  0.0 st
%Cpu(s): 82.7 us,  4.4 sy,  0.0 ni, 12.9 id,  0.0 wa,  0.0 hi,  0.0 si,  0.0 st
%Cpu(s): 73.8 us,  2.5 sy,  0.0 ni, 23.7 id,  0.0 wa,  0.0 hi,  0.0 si,  0.0 st
%Cpu(s): 94.2 us,  2.8 sy,  0.0 ni,  3.0 id,  0.0 wa,  0.0 hi,  0.0 si,  0.0 st
%Cpu(s): 94.0 us,  3.4 sy,  0.0 ni,  2.6 id,  0.0 wa,  0.0 hi,  0.0 si,  0.0 st
%Cpu(s): 89.4 us,  3.0 sy,  0.0 ni,  7.6 id,  0.0 wa,  0.0 hi,  0.0 si,  0.0 st
%Cpu(s): 13.2 us,  2.6 sy,  0.0 ni, 83.5 id,  0.0 wa,  0.0 hi,  0.4 si,  0.3 st
%Cpu(s): 14.5 us,  0.8 sy,  0.0 ni, 84.6 id,  0.0 wa,  0.0 hi,  0.0 si,  0.1 st
%Cpu(s):  6.7 us,  1.6 sy,  0.0 ni, 91.3 id,  0.0 wa,  0.0 hi,  0.1 si,  0.3 st
%Cpu(s):  4.5 us,  1.9 sy,  0.0 ni, 93.4 id,  0.0 wa,  0.0 hi,  0.0 si,  0.3 st
%Cpu(s):  6.2 us,  2.3 sy,  0.0 ni, 91.4 id,  0.0 wa,  0.0 hi,  0.0 si,  0.1 st
%Cpu(s): 12.7 us,  2.8 sy,  0.0 ni, 84.1 id,  0.0 wa,  0.0 hi,  0.1 si,  0.3 st
%Cpu(s):  9.8 us,  1.9 sy,  0.0 ni, 88.1 id,  0.0 wa,  0.0 hi,  0.1 si,  0.1 st
%Cpu(s):  3.8 us,  3.8 sy,  0.0 ni, 92.5 id,  0.0 wa,  0.0 hi,  0.0 si,  0.0 st
%Cpu(s):  4.7 us,  4.3 sy,  0.0 ni, 90.9 id,  0.0 wa,  0.0 hi,  0.0 si,  0.1 st
%Cpu(s):  5.6 us,  2.8 sy,  0.0 ni, 91.3 id,  0.1 wa,  0.0 hi,  0.1 si,  0.0 st
%Cpu(s): 85.1 us,  5.5 sy,  0.0 ni,  8.6 id,  0.0 wa,  0.0 hi,  0.7 si,  0.0 st
%Cpu(s): 87.8 us,  9.6 sy,  0.0 ni,  1.4 id,  0.0 wa,  0.0 hi,  1.2 si,  0.0 st
%Cpu(s): 88.2 us,  8.5 sy,  0.0 ni,  0.1 id,  0.0 wa,  0.0 hi,  3.2 si,  0.0 st
%Cpu(s): 87.4 us,  9.4 sy,  0.0 ni,  0.6 id,  0.0 wa,  0.0 hi,  2.6 si,  0.0 st
%Cpu(s): 87.9 us,  9.0 sy,  0.0 ni,  0.6 id,  0.0 wa,  0.0 hi,  2.5 si,  0.0 st
%Cpu(s): 89.8 us,  8.2 sy,  0.0 ni,  0.0 id,  0.0 wa,  0.0 hi,  2.0 si,  0.0 st
%Cpu(s): 86.9 us,  7.7 sy,  0.0 ni,  3.5 id,  0.0 wa,  0.0 hi,  1.9 si,  0.0 st
%Cpu(s): 84.0 us,  7.8 sy,  0.0 ni,  6.2 id,  0.0 wa,  0.0 hi,  2.0 si,  0.0 st
%Cpu(s): 39.0 us,  4.7 sy,  0.0 ni, 54.7 id,  0.0 wa,  0.0 hi,  1.7 si,  0.0 st
%Cpu(s): 61.6 us,  5.9 sy,  0.0 ni, 30.5 id,  0.0 wa,  0.0 hi,  1.9 si,  0.0 st
%Cpu(s): 46.4 us,  5.1 sy,  0.0 ni, 46.9 id,  0.0 wa,  0.0 hi,  1.5 si,  0.1 st
%Cpu(s): 35.7 us,  5.1 sy,  0.0 ni, 58.4 id,  0.0 wa,  0.0 hi,  0.6 si,  0.1 st
%Cpu(s): 27.6 us,  5.3 sy,  0.0 ni, 66.4 id,  0.0 wa,  0.0 hi,  0.8 si,  0.0 st
%Cpu(s): 11.6 us,  5.2 sy,  0.0 ni, 82.1 id,  0.0 wa,  0.0 hi,  1.0 si,  0.0 st
%Cpu(s): 12.0 us,  6.4 sy,  0.0 ni, 80.3 id,  0.0 wa,  0.0 hi,  1.3 si,  0.0 st
%Cpu(s): 16.8 us,  5.6 sy,  0.0 ni, 76.1 id,  0.0 wa,  0.0 hi,  1.5 si,  0.0 st
%Cpu(s): 10.2 us,  6.0 sy,  0.0 ni, 82.0 id,  0.0 wa,  0.0 hi,  1.8 si,  0.0 st
%Cpu(s): 32.1 us,  5.1 sy,  0.0 ni, 61.5 id,  0.0 wa,  0.0 hi,  1.3 si,  0.1 st
%Cpu(s): 28.6 us,  5.9 sy,  0.0 ni, 64.7 id,  0.0 wa,  0.0 hi,  0.8 si,  0.0 st
%Cpu(s): 15.6 us,  6.1 sy,  0.0 ni, 77.0 id,  0.0 wa,  0.0 hi,  1.2 si,  0.0 st
%Cpu(s): 10.7 us,  5.8 sy,  0.0 ni, 82.3 id,  0.0 wa,  0.0 hi,  1.1 si,  0.0 st
%Cpu(s): 21.8 us,  5.4 sy,  0.0 ni, 71.7 id,  0.0 wa,  0.0 hi,  1.0 si,  0.1 st
%Cpu(s): 24.5 us,  4.7 sy,  0.0 ni, 69.4 id,  0.0 wa,  0.0 hi,  1.4 si,  0.0 st
%Cpu(s):  9.3 us,  5.8 sy,  0.0 ni, 83.4 id,  0.0 wa,  0.0 hi,  1.5 si,  0.0 st
%Cpu(s):  7.9 us,  5.4 sy,  0.0 ni, 85.0 id,  0.0 wa,  0.0 hi,  1.6 si,  0.0 st
%Cpu(s):  8.2 us,  5.4 sy,  0.0 ni, 85.0 id,  0.0 wa,  0.0 hi,  1.4 si,  0.0 st
%Cpu(s):  9.8 us,  5.1 sy,  0.0 ni, 83.7 id,  0.0 wa,  0.0 hi,  1.2 si,  0.1 st
%Cpu(s): 10.6 us,  5.9 sy,  0.0 ni, 82.2 id,  0.0 wa,  0.0 hi,  1.3 si,  0.0 st
%Cpu(s):  8.9 us,  5.5 sy,  0.0 ni, 84.3 id,  0.0 wa,  0.0 hi,  1.2 si,  0.1 st
%Cpu(s):  9.9 us,  5.1 sy,  0.0 ni, 83.6 id,  0.0 wa,  0.0 hi,  1.4 si,  0.0 st
%Cpu(s): 16.0 us,  4.6 sy,  0.0 ni, 78.1 id,  0.0 wa,  0.0 hi,  1.3 si,  0.0 st
%Cpu(s): 18.9 us,  6.7 sy,  0.0 ni, 73.2 id,  0.0 wa,  0.0 hi,  1.3 si,  0.0 st
%Cpu(s): 19.2 us,  6.4 sy,  0.0 ni, 73.6 id,  0.0 wa,  0.0 hi,  0.9 si,  0.0 st
%Cpu(s):  8.9 us,  4.8 sy,  0.0 ni, 85.0 id,  0.0 wa,  0.0 hi,  1.2 si,  0.1 st
%Cpu(s):  8.8 us,  5.8 sy,  0.0 ni, 84.0 id,  0.1 wa,  0.0 hi,  1.4 si,  0.0 st
%Cpu(s):  9.9 us,  5.7 sy,  0.0 ni, 82.7 id,  0.0 wa,  0.0 hi,  1.8 si,  0.0 st
%Cpu(s): 11.6 us,  5.2 sy,  0.0 ni, 81.8 id,  0.0 wa,  0.0 hi,  1.4 si,  0.0 st
%Cpu(s): 13.9 us,  5.9 sy,  0.0 ni, 78.3 id,  0.0 wa,  0.0 hi,  1.8 si,  0.1 st
%Cpu(s): 15.9 us,  5.9 sy,  0.0 ni, 76.7 id,  0.0 wa,  0.0 hi,  1.4 si,  0.0 st
%Cpu(s): 11.7 us,  5.2 sy,  0.0 ni, 81.6 id,  0.0 wa,  0.0 hi,  1.4 si,  0.0 st
%Cpu(s): 12.8 us,  5.2 sy,  0.0 ni, 80.2 id,  0.0 wa,  0.0 hi,  1.7 si,  0.0 st
%Cpu(s):  8.2 us,  6.0 sy,  0.0 ni, 84.3 id,  0.0 wa,  0.0 hi,  1.5 si,  0.0 st
%Cpu(s):  9.1 us,  6.1 sy,  0.0 ni, 83.8 id,  0.0 wa,  0.0 hi,  1.0 si,  0.0 st
%Cpu(s): 12.0 us,  5.4 sy,  0.0 ni, 81.2 id,  0.0 wa,  0.0 hi,  1.3 si,  0.0 st
%Cpu(s): 11.4 us,  5.9 sy,  0.0 ni, 81.0 id,  0.1 wa,  0.0 hi,  1.4 si,  0.1 st
%Cpu(s):  6.2 us,  3.9 sy,  0.0 ni, 89.1 id,  0.0 wa,  0.0 hi,  0.6 si,  0.1 st
%Cpu(s):  3.3 us,  1.6 sy,  0.0 ni, 94.7 id,  0.0 wa,  0.0 hi,  0.1 si,  0.3 st
%Cpu(s):  2.3 us,  2.0 sy,  0.0 ni, 95.5 id,  0.0 wa,  0.0 hi,  0.1 si,  0.1 st
%Cpu(s):  2.8 us,  2.1 sy,  0.0 ni, 94.8 id,  0.0 wa,  0.0 hi,  0.0 si,  0.3 st
%Cpu(s):  4.7 us,  1.9 sy,  0.0 ni, 93.1 id,  0.0 wa,  0.0 hi,  0.0 si,  0.4 st
%Cpu(s):  3.4 us,  1.6 sy,  0.0 ni, 94.8 id,  0.0 wa,  0.0 hi,  0.0 si,  0.1 st
%Cpu(s):  1.8 us,  1.5 sy,  0.0 ni, 96.4 id,  0.0 wa,  0.0 hi,  0.0 si,  0.3 st
%Cpu(s):  2.9 us,  1.8 sy,  0.0 ni, 95.2 id,  0.0 wa,  0.0 hi,  0.0 si,  0.1 st
%Cpu(s):  4.9 us,  1.8 sy,  0.0 ni, 93.1 id,  0.0 wa,  0.0 hi,  0.0 si,  0.3 st
%Cpu(s):  3.3 us,  2.4 sy,  0.0 ni, 94.1 id,  0.0 wa,  0.0 hi,  0.0 si,  0.3 st
%Cpu(s):  2.8 us,  2.0 sy,  0.0 ni, 94.8 id,  0.0 wa,  0.0 hi,  0.1 si,  0.3 st
%Cpu(s):  2.5 us,  2.1 sy,  0.0 ni, 95.2 id,  0.0 wa,  0.0 hi,  0.0 si,  0.1 st
%Cpu(s):  2.6 us,  2.1 sy,  0.0 ni, 95.1 id,  0.0 wa,  0.0 hi,  0.0 si,  0.1 st
%Cpu(s):  2.9 us,  2.3 sy,  0.0 ni, 94.6 id,  0.0 wa,  0.0 hi,  0.0 si,  0.3 st
%Cpu(s):  2.8 us,  3.0 sy,  0.0 ni, 93.8 id,  0.1 wa,  0.0 hi,  0.0 si,  0.3 st
%Cpu(s):  4.3 us,  2.5 sy,  0.0 ni, 93.1 id,  0.0 wa,  0.0 hi,  0.0 si,  0.1 st
