%Cpu(s):  1.2 us,  0.5 sy,  0.0 ni, 98.2 id,  0.0 wa,  0.0 hi,  0.1 si,  0.1 st
%Cpu(s): 44.1 us,  3.6 sy,  0.0 ni, 52.0 id,  0.0 wa,  0.0 hi,  0.0 si,  0.2 st
%Cpu(s): 53.5 us,  1.9 sy,  0.0 ni, 44.5 id,  0.0 wa,  0.0 hi,  0.0 si,  0.1 st
%Cpu(s): 78.5 us,  2.8 sy,  0.0 ni, 18.3 id,  0.0 wa,  0.0 hi,  0.4 si,  0.0 st
%Cpu(s): 28.7 us,  1.5 sy,  0.0 ni, 69.7 id,  0.0 wa,  0.0 hi,  0.0 si,  0.1 st
%Cpu(s): 49.2 us,  3.3 sy,  0.0 ni, 46.3 id,  0.0 wa,  0.0 hi,  1.3 si,  0.0 st
%Cpu(s): 52.1 us,  4.6 sy,  0.0 ni, 41.5 id,  0.0 wa,  0.0 hi,  1.7 si,  0.0 st
%Cpu(s): 17.9 us,  4.8 sy,  0.0 ni, 75.2 id,  0.0 wa,  0.0 hi,  2.0 si,  0.1 st
%Cpu(s): 11.3 us,  4.7 sy,  0.0 ni, 82.9 id,  0.0 wa,  0.0 hi,  1.1 si,  0.0 st
%Cpu(s): 15.8 us,  5.3 sy,  0.0 ni, 77.4 id,  0.0 wa,  0.0 hi,  1.5 si,  0.0 st
%Cpu(s): 17.9 us,  5.0 sy,  0.0 ni, 75.1 id,  0.0 wa,  0.0 hi,  1.8 si,  0.3 st
%Cpu(s): 18.9 us,  5.6 sy,  0.0 ni, 73.7 id,  0.0 wa,  0.0 hi,  1.9 si,  0.0 st
%Cpu(s): 19.6 us,  5.8 sy,  0.0 ni, 72.5 id,  0.0 wa,  0.0 hi,  2.0 si,  0.1 st
%Cpu(s):  9.6 us,  5.4 sy,  0.0 ni, 82.9 id,  0.0 wa,  0.0 hi,  2.1 si,  0.0 st
%Cpu(s):  7.5 us,  5.4 sy,  0.0 ni, 85.1 id,  0.0 wa,  0.0 hi,  2.0 si,  0.0 st
%Cpu(s):  7.7 us,  5.0 sy,  0.0 ni, 85.4 id,  0.0 wa,  0.0 hi,  1.9 si,  0.0 st
%Cpu(s):  7.6 us,  4.5 sy,  0.0 ni, 86.1 id,  0.0 wa,  0.0 hi,  1.8 si,  0.0 st
%Cpu(s): 16.7 us,  4.2 sy,  0.0 ni, 77.4 id,  0.0 wa,  0.0 hi,  1.5 si,  0.3 st
%Cpu(s): 16.1 us,  4.4 sy,  0.0 ni, 77.8 id,  0.0 wa,  0.0 hi,  1.6 si,  0.0 st
%Cpu(s):  7.4 us,  5.4 sy,  0.0 ni, 86.3 id,  0.0 wa,  0.0 hi,  0.9 si,  0.0 st
%Cpu(s):  7.1 us,  4.2 sy,  0.0 ni, 86.2 id,  0.0 wa,  0.0 hi,  2.4 si,  0.1 st
%Cpu(s):  6.8 us,  4.4 sy,  0.0 ni, 87.3 id,  0.0 wa,  0.0 hi,  1.5 si,  0.0 st
%Cpu(s):  9.3 us,  4.8 sy,  0.0 ni, 84.8 id,  0.0 wa,  0.0 hi,  1.1 si,  0.0 st
%Cpu(s): 22.0 us,  4.7 sy,  0.0 ni, 71.8 id,  0.0 wa,  0.0 hi,  1.5 si,  0.0 st
%Cpu(s): 12.1 us,  5.4 sy,  0.0 ni, 80.8 id,  0.0 wa,  0.0 hi,  1.6 si,  0.1 st
%Cpu(s):  7.0 us,  5.3 sy,  0.0 ni, 86.3 id,  0.1 wa,  0.0 hi,  1.3 si,  0.0 st
%Cpu(s):  7.9 us,  4.3 sy,  0.0 ni, 85.9 id,  0.0 wa,  0.0 hi,  1.8 si,  0.1 st
%Cpu(s):  7.7 us,  4.5 sy,  0.0 ni, 86.6 id,  0.0 wa,  0.0 hi,  1.3 si,  0.0 st
%Cpu(s): 15.6 us,  4.7 sy,  0.0 ni, 78.5 id,  0.0 wa,  0.0 hi,  1.3 si,  0.0 st
%Cpu(s): 16.6 us,  4.6 sy,  0.0 ni, 77.5 id,  0.0 wa,  0.0 hi,  1.4 si,  0.0 st
%Cpu(s):  6.6 us,  4.6 sy,  0.0 ni, 87.2 id,  0.0 wa,  0.0 hi,  1.5 si,  0.0 st
%Cpu(s):  8.4 us,  4.4 sy,  0.0 ni, 86.0 id,  0.0 wa,  0.0 hi,  1.1 si,  0.0 st
%Cpu(s):  7.3 us,  4.0 sy,  0.0 ni, 86.9 id,  0.0 wa,  0.0 hi,  1.8 si,  0.1 st
%Cpu(s):  8.4 us,  4.7 sy,  0.0 ni, 86.1 id,  0.0 wa,  0.0 hi,  0.9 si,  0.0 st
%Cpu(s): 19.7 us,  4.2 sy,  0.0 ni, 74.2 id,  0.0 wa,  0.0 hi,  1.8 si,  0.1 st
%Cpu(s): 15.7 us,  4.7 sy,  0.0 ni, 76.5 id,  1.5 wa,  0.0 hi,  1.3 si,  0.4 st
%Cpu(s):  6.9 us,  4.5 sy,  0.0 ni, 86.9 id,  0.0 wa,  0.0 hi,  1.6 si,  0.0 st
%Cpu(s):  6.4 us,  5.5 sy,  0.0 ni, 86.8 id,  0.0 wa,  0.0 hi,  1.3 si,  0.0 st
%Cpu(s):  7.4 us,  4.6 sy,  0.0 ni, 86.3 id,  0.0 wa,  0.0 hi,  1.5 si,  0.1 st
%Cpu(s):  9.9 us,  5.0 sy,  0.0 ni, 83.7 id,  0.0 wa,  0.0 hi,  1.4 si,  0.0 st
%Cpu(s): 19.3 us,  5.1 sy,  0.0 ni, 74.0 id,  0.1 wa,  0.0 hi,  1.5 si,  0.0 st
%Cpu(s):  8.2 us,  4.6 sy,  0.0 ni, 85.9 id,  0.0 wa,  0.0 hi,  1.3 si,  0.0 st
%Cpu(s):  7.3 us,  4.8 sy,  0.0 ni, 86.3 id,  0.0 wa,  0.0 hi,  1.5 si,  0.0 st
%Cpu(s):  6.8 us,  5.4 sy,  0.0 ni, 86.5 id,  0.0 wa,  0.0 hi,  1.1 si,  0.1 st
%Cpu(s):  7.5 us,  5.9 sy,  0.0 ni, 85.3 id,  0.0 wa,  0.0 hi,  1.4 si,  0.0 st
%Cpu(s): 16.6 us,  4.6 sy,  0.0 ni, 77.0 id,  0.0 wa,  0.0 hi,  1.7 si,  0.1 st
%Cpu(s): 15.9 us,  5.3 sy,  0.0 ni, 77.5 id,  0.0 wa,  0.0 hi,  1.1 si,  0.1 st
%Cpu(s):  7.5 us,  4.6 sy,  0.0 ni, 85.9 id,  0.0 wa,  0.0 hi,  1.9 si,  0.0 st
%Cpu(s):  7.8 us,  4.0 sy,  0.0 ni, 86.3 id,  0.0 wa,  0.0 hi,  1.9 si,  0.0 st
%Cpu(s): 14.7 us,  5.3 sy,  0.0 ni, 78.1 id,  0.0 wa,  0.0 hi,  1.7 si,  0.1 st
%Cpu(s): 10.5 us,  4.5 sy,  0.0 ni, 83.4 id,  0.0 wa,  0.0 hi,  1.6 si,  0.0 st
%Cpu(s): 19.3 us,  4.4 sy,  0.0 ni, 75.1 id,  0.0 wa,  0.0 hi,  1.1 si,  0.0 st
%Cpu(s):  8.3 us,  5.3 sy,  0.0 ni, 85.2 id,  0.0 wa,  0.0 hi,  1.3 si,  0.0 st
%Cpu(s):  7.7 us,  3.9 sy,  0.0 ni, 87.1 id,  0.0 wa,  0.0 hi,  1.3 si,  0.0 st
%Cpu(s):  8.1 us,  4.7 sy,  0.0 ni, 85.5 id,  0.0 wa,  0.0 hi,  1.6 si,  0.1 st
%Cpu(s):  7.9 us,  4.9 sy,  0.0 ni, 85.8 id,  0.1 wa,  0.0 hi,  1.3 si,  0.0 st
%Cpu(s): 17.5 us,  4.5 sy,  0.0 ni, 77.0 id,  0.0 wa,  0.0 hi,  0.9 si,  0.0 st
%Cpu(s): 14.6 us,  4.3 sy,  0.0 ni, 79.2 id,  0.0 wa,  0.0 hi,  1.8 si,  0.1 st
%Cpu(s):  7.5 us,  3.8 sy,  0.0 ni, 87.4 id,  0.0 wa,  0.0 hi,  1.4 si,  0.0 st
%Cpu(s):  7.2 us,  4.8 sy,  0.0 ni, 86.7 id,  0.0 wa,  0.0 hi,  1.3 si,  0.0 st
%Cpu(s):  5.9 us,  5.3 sy,  0.0 ni, 87.7 id,  0.0 wa,  0.0 hi,  1.1 si,  0.0 st
%Cpu(s):  8.0 us,  4.7 sy,  0.0 ni, 86.4 id,  0.0 wa,  0.0 hi,  1.0 si,  0.0 st
%Cpu(s): 18.0 us,  4.2 sy,  0.0 ni, 76.3 id,  0.0 wa,  0.0 hi,  1.5 si,  0.0 st
%Cpu(s):  9.3 us,  4.5 sy,  0.0 ni, 84.7 id,  0.0 wa,  0.0 hi,  1.4 si,  0.1 st
%Cpu(s):  8.6 us,  3.8 sy,  0.0 ni, 86.8 id,  0.0 wa,  0.0 hi,  0.8 si,  0.0 st
%Cpu(s):  6.8 us,  2.9 sy,  0.0 ni, 89.5 id,  0.0 wa,  0.0 hi,  0.9 si,  0.0 st
%Cpu(s):  4.4 us,  3.1 sy,  0.0 ni, 91.7 id,  0.0 wa,  0.0 hi,  0.6 si,  0.1 st
%Cpu(s):  4.1 us,  3.8 sy,  0.0 ni, 90.8 id,  0.0 wa,  0.0 hi,  1.3 si,  0.0 st
%Cpu(s):  4.4 us,  3.5 sy,  0.0 ni, 91.3 id,  0.0 wa,  0.0 hi,  0.6 si,  0.1 st
%Cpu(s):  4.5 us,  3.4 sy,  0.0 ni, 91.2 id,  0.0 wa,  0.0 hi,  0.9 si,  0.0 st
%Cpu(s):  5.8 us,  3.5 sy,  0.0 ni, 89.6 id,  0.0 wa,  0.0 hi,  0.9 si,  0.1 st
%Cpu(s):  5.0 us,  2.6 sy,  0.0 ni, 91.7 id,  0.0 wa,  0.0 hi,  0.6 si,  0.0 st
%Cpu(s): 18.5 us,  2.8 sy,  0.0 ni, 78.1 id,  0.0 wa,  0.0 hi,  0.6 si,  0.0 st
%Cpu(s): 17.9 us,  3.3 sy,  0.0 ni, 78.1 id,  0.0 wa,  0.0 hi,  0.8 si,  0.0 st
%Cpu(s):  7.4 us,  3.3 sy,  0.0 ni, 88.3 id,  0.0 wa,  0.0 hi,  0.9 si,  0.1 st
%Cpu(s):  6.5 us,  2.6 sy,  0.0 ni, 90.1 id,  0.0 wa,  0.0 hi,  0.7 si,  0.0 st
