%Cpu(s):  0.2 us,  0.0 sy,  0.0 ni, 99.7 id,  0.0 wa,  0.0 hi,  0.0 si,  0.0 st
%Cpu(s):  3.4 us,  2.4 sy,  0.0 ni, 94.1 id,  0.0 wa,  0.0 hi,  0.0 si,  0.1 st
%Cpu(s):  3.4 us,  1.9 sy,  0.0 ni, 94.5 id,  0.0 wa,  0.0 hi,  0.0 si,  0.3 st
%Cpu(s):  2.9 us,  3.1 sy,  0.0 ni, 93.7 id,  0.0 wa,  0.0 hi,  0.1 si,  0.1 st
%Cpu(s):  2.9 us,  2.0 sy,  0.0 ni, 94.9 id,  0.0 wa,  0.0 hi,  0.0 si,  0.3 st
%Cpu(s):  7.4 us,  2.5 sy,  0.0 ni, 89.7 id,  0.0 wa,  0.0 hi,  0.1 si,  0.3 st
%Cpu(s): 11.6 us,  2.8 sy,  0.0 ni, 85.5 id,  0.0 wa,  0.0 hi,  0.0 si,  0.1 st
%Cpu(s): 79.9 us,  5.2 sy,  0.0 ni, 14.2 id,  0.0 wa,  0.0 hi,  0.8 si,  0.0 st
%Cpu(s): 75.8 us,  6.2 sy,  0.0 ni, 15.9 id,  0.0 wa,  0.0 hi,  2.0 si,  0.0 st
%Cpu(s): 88.6 us,  5.1 sy,  0.0 ni,  5.6 id,  0.0 wa,  0.0 hi,  0.7 si,  0.0 st
%Cpu(s): 92.1 us,  5.0 sy,  0.0 ni,  1.6 id,  0.0 wa,  0.0 hi,  1.2 si,  0.0 st
%Cpu(s): 88.6 us,  4.5 sy,  0.0 ni,  5.8 id,  0.0 wa,  0.0 hi,  1.1 si,  0.0 st
%Cpu(s): 56.6 us,  4.5 sy,  0.0 ni, 38.0 id,  0.0 wa,  0.0 hi,  0.6 si,  0.3 st
%Cpu(s): 30.5 us,  5.0 sy,  0.0 ni, 64.0 id,  0.0 wa,  0.0 hi,  0.5 si,  0.0 st
%Cpu(s): 32.6 us,  4.9 sy,  0.0 ni, 62.4 id,  0.0 wa,  0.0 hi,  0.1 si,  0.0 st
%Cpu(s): 39.0 us,  5.4 sy,  0.0 ni, 55.2 id,  0.0 wa,  0.0 hi,  0.4 si,  0.0 st
%Cpu(s): 38.9 us,  4.1 sy,  0.0 ni, 56.6 id,  0.0 wa,  0.0 hi,  0.5 si,  0.0 st
%Cpu(s): 39.2 us,  5.0 sy,  0.0 ni, 54.8 id,  0.0 wa,  0.0 hi,  0.9 si,  0.1 st
%Cpu(s): 38.2 us,  4.8 sy,  0.0 ni, 56.6 id,  0.0 wa,  0.0 hi,  0.4 si,  0.0 st
%Cpu(s): 32.1 us,  5.5 sy,  0.0 ni, 62.2 id,  0.0 wa,  0.0 hi,  0.1 si,  0.0 st
%Cpu(s): 33.8 us,  5.0 sy,  0.0 ni, 60.5 id,  0.0 wa,  0.0 hi,  0.6 si,  0.1 st
%Cpu(s):  9.0 us,  5.6 sy,  0.0 ni, 84.6 id,  0.0 wa,  0.0 hi,  0.9 si,  0.0 st
%Cpu(s): 17.0 us,  5.4 sy,  0.0 ni, 77.1 id,  0.0 wa,  0.0 hi,  0.5 si,  0.0 st
%Cpu(s): 17.1 us,  5.0 sy,  0.0 ni, 77.6 id,  0.0 wa,  0.0 hi,  0.2 si,  0.1 st
%Cpu(s): 15.6 us,  5.3 sy,  0.0 ni, 78.5 id,  0.0 wa,  0.0 hi,  0.6 si,  0.0 st
%Cpu(s): 10.7 us,  6.1 sy,  0.0 ni, 82.1 id,  0.4 wa,  0.0 hi,  0.6 si,  0.1 st
%Cpu(s): 10.9 us,  5.9 sy,  0.0 ni, 82.6 id,  0.0 wa,  0.0 hi,  0.6 si,  0.0 st
%Cpu(s):  9.8 us,  5.4 sy,  0.0 ni, 84.2 id,  0.0 wa,  0.0 hi,  0.5 si,  0.1 st
%Cpu(s): 11.4 us,  4.4 sy,  0.0 ni, 83.7 id,  0.0 wa,  0.0 hi,  0.5 si,  0.0 st
%Cpu(s): 10.1 us,  4.6 sy,  0.0 ni, 84.5 id,  0.1 wa,  0.0 hi,  0.6 si,  0.0 st
%Cpu(s): 11.3 us,  5.1 sy,  0.0 ni, 83.4 id,  0.0 wa,  0.0 hi,  0.3 si,  0.0 st
%Cpu(s):  9.1 us,  6.1 sy,  0.0 ni, 83.9 id,  0.0 wa,  0.0 hi,  0.8 si,  0.1 st
%Cpu(s):  9.4 us,  5.8 sy,  0.0 ni, 84.4 id,  0.0 wa,  0.0 hi,  0.4 si,  0.0 st
%Cpu(s):  9.7 us,  5.1 sy,  0.0 ni, 84.6 id,  0.0 wa,  0.0 hi,  0.5 si,  0.1 st
%Cpu(s):  8.1 us,  4.9 sy,  0.0 ni, 86.6 id,  0.0 wa,  0.0 hi,  0.4 si,  0.0 st
%Cpu(s):  9.7 us,  5.9 sy,  0.0 ni, 84.0 id,  0.0 wa,  0.0 hi,  0.4 si,  0.1 st
%Cpu(s):  8.8 us,  5.6 sy,  0.0 ni, 85.0 id,  0.0 wa,  0.0 hi,  0.6 si,  0.0 st
%Cpu(s): 21.9 us,  4.0 sy,  0.0 ni, 73.3 id,  0.0 wa,  0.0 hi,  0.8 si,  0.0 st
%Cpu(s): 14.9 us,  4.8 sy,  0.0 ni, 79.6 id,  0.0 wa,  0.0 hi,  0.6 si,  0.0 st
%Cpu(s): 17.6 us,  5.2 sy,  0.0 ni, 76.9 id,  0.0 wa,  0.0 hi,  0.4 si,  0.0 st
%Cpu(s): 12.4 us,  5.6 sy,  0.0 ni, 81.4 id,  0.0 wa,  0.0 hi,  0.6 si,  0.0 st
%Cpu(s):  9.9 us,  6.1 sy,  0.0 ni, 82.8 id,  0.0 wa,  0.0 hi,  0.9 si,  0.3 st
%Cpu(s): 13.0 us,  5.7 sy,  0.0 ni, 80.4 id,  0.0 wa,  0.0 hi,  0.9 si,  0.0 st
%Cpu(s): 10.6 us,  6.1 sy,  0.0 ni, 82.6 id,  0.0 wa,  0.0 hi,  0.6 si,  0.0 st
%Cpu(s):  9.2 us,  6.3 sy,  0.0 ni, 83.8 id,  0.0 wa,  0.0 hi,  0.5 si,  0.1 st
%Cpu(s): 17.8 us,  4.6 sy,  0.0 ni, 77.3 id,  0.0 wa,  0.0 hi,  0.3 si,  0.0 st
%Cpu(s): 11.0 us,  4.3 sy,  0.0 ni, 84.3 id,  0.0 wa,  0.0 hi,  0.4 si,  0.0 st
%Cpu(s): 10.8 us,  5.9 sy,  0.0 ni, 82.5 id,  0.0 wa,  0.0 hi,  0.6 si,  0.1 st
%Cpu(s):  8.2 us,  5.4 sy,  0.0 ni, 85.6 id,  0.0 wa,  0.0 hi,  0.8 si,  0.0 st
%Cpu(s):  9.2 us,  4.7 sy,  0.0 ni, 85.4 id,  0.0 wa,  0.0 hi,  0.6 si,  0.1 st
%Cpu(s): 10.9 us,  5.5 sy,  0.0 ni, 83.0 id,  0.0 wa,  0.0 hi,  0.6 si,  0.0 st
%Cpu(s):  8.7 us,  5.3 sy,  0.0 ni, 85.4 id,  0.0 wa,  0.0 hi,  0.6 si,  0.0 st
%Cpu(s):  8.9 us,  5.6 sy,  0.0 ni, 84.8 id,  0.0 wa,  0.0 hi,  0.5 si,  0.1 st
%Cpu(s):  9.9 us,  5.6 sy,  0.0 ni, 84.0 id,  0.0 wa,  0.0 hi,  0.5 si,  0.0 st
%Cpu(s):  9.4 us,  5.2 sy,  0.0 ni, 85.0 id,  0.0 wa,  0.0 hi,  0.5 si,  0.0 st
%Cpu(s):  8.3 us,  6.8 sy,  0.0 ni, 84.4 id,  0.0 wa,  0.0 hi,  0.5 si,  0.0 st
%Cpu(s):  9.1 us,  5.1 sy,  0.0 ni, 85.0 id,  0.0 wa,  0.0 hi,  0.5 si,  0.3 st
%Cpu(s):  7.5 us,  4.8 sy,  0.0 ni, 87.1 id,  0.0 wa,  0.0 hi,  0.5 si,  0.0 st
%Cpu(s):  8.6 us,  5.8 sy,  0.0 ni, 84.5 id,  0.0 wa,  0.0 hi,  1.0 si,  0.0 st
%Cpu(s):  9.1 us,  5.2 sy,  0.0 ni, 85.1 id,  0.0 wa,  0.0 hi,  0.5 si,  0.0 st
%Cpu(s):  6.8 us,  5.0 sy,  0.0 ni, 87.5 id,  0.0 wa,  0.0 hi,  0.6 si,  0.1 st
%Cpu(s):  3.3 us,  2.5 sy,  0.0 ni, 93.7 id,  0.0 wa,  0.0 hi,  0.3 si,  0.3 st
%Cpu(s):  2.4 us,  2.0 sy,  0.0 ni, 95.3 id,  0.0 wa,  0.0 hi,  0.0 si,  0.3 st
%Cpu(s):  2.9 us,  2.5 sy,  0.0 ni, 94.5 id,  0.0 wa,  0.0 hi,  0.0 si,  0.1 st
%Cpu(s):  2.5 us,  2.5 sy,  0.0 ni, 94.7 id,  0.0 wa,  0.0 hi,  0.0 si,  0.3 st
%Cpu(s):  3.4 us,  2.6 sy,  0.0 ni, 93.7 id,  0.0 wa,  0.0 hi,  0.1 si,  0.1 st
%Cpu(s):  3.5 us,  2.4 sy,  0.0 ni, 93.7 id,  0.0 wa,  0.0 hi,  0.0 si,  0.4 st
%Cpu(s):  4.6 us,  1.1 sy,  0.0 ni, 94.3 id,  0.0 wa,  0.0 hi,  0.0 si,  0.0 st
%Cpu(s):  3.5 us,  2.1 sy,  0.0 ni, 94.0 id,  0.0 wa,  0.0 hi,  0.0 si,  0.4 st
%Cpu(s):  3.9 us,  1.8 sy,  0.0 ni, 93.9 id,  0.1 wa,  0.0 hi,  0.0 si,  0.3 st
%Cpu(s):  2.0 us,  2.0 sy,  0.0 ni, 95.7 id,  0.0 wa,  0.0 hi,  0.0 si,  0.3 st
%Cpu(s):  3.5 us,  2.3 sy,  0.0 ni, 93.9 id,  0.0 wa,  0.0 hi,  0.0 si,  0.4 st
%Cpu(s):  2.3 us,  1.9 sy,  0.0 ni, 95.4 id,  0.0 wa,  0.0 hi,  0.1 si,  0.4 st
%Cpu(s):  3.4 us,  2.1 sy,  0.0 ni, 94.4 id,  0.0 wa,  0.0 hi,  0.0 si,  0.1 st
%Cpu(s):  2.4 us,  2.0 sy,  0.0 ni, 95.3 id,  0.0 wa,  0.0 hi,  0.1 si,  0.1 st
%Cpu(s):  2.6 us,  2.5 sy,  0.0 ni, 94.3 id,  0.0 wa,  0.0 hi,  0.3 si,  0.3 st
