%Cpu(s):  0.4 us,  0.1 sy,  0.0 ni, 99.5 id,  0.0 wa,  0.0 hi,  0.0 si,  0.0 st
%Cpu(s): 66.1 us,  6.1 sy,  0.0 ni, 27.7 id,  0.0 wa,  0.0 hi,  0.0 si,  0.0 st
%Cpu(s): 81.7 us,  4.5 sy,  0.0 ni, 13.7 id,  0.0 wa,  0.0 hi,  0.0 si,  0.0 st
%Cpu(s): 82.4 us,  3.1 sy,  0.0 ni, 14.5 id,  0.0 wa,  0.0 hi,  0.0 si,  0.0 st
%Cpu(s): 95.6 us,  3.0 sy,  0.0 ni,  1.4 id,  0.0 wa,  0.0 hi,  0.0 si,  0.0 st
%Cpu(s): 95.9 us,  2.8 sy,  0.0 ni,  1.3 id,  0.0 wa,  0.0 hi,  0.1 si,  0.0 st
%Cpu(s): 95.3 us,  3.0 sy,  0.0 ni,  1.7 id,  0.0 wa,  0.0 hi,  0.0 si,  0.0 st
%Cpu(s): 52.4 us,  1.3 sy,  0.0 ni, 46.2 id,  0.0 wa,  0.0 hi,  0.1 si,  0.0 st
%Cpu(s):  3.5 us,  0.6 sy,  0.0 ni, 95.9 id,  0.0 wa,  0.0 hi,  0.0 si,  0.0 st
%Cpu(s):  2.8 us,  1.4 sy,  0.0 ni, 95.9 id,  0.0 wa,  0.0 hi,  0.0 si,  0.0 st
%Cpu(s):  4.3 us,  1.5 sy,  0.0 ni, 94.1 id,  0.0 wa,  0.0 hi,  0.0 si,  0.1 st
%Cpu(s):  8.4 us,  1.5 sy,  0.0 ni, 89.7 id,  0.0 wa,  0.0 hi,  0.0 si,  0.5 st
%Cpu(s):  9.8 us,  1.5 sy,  0.0 ni, 88.6 id,  0.0 wa,  0.0 hi,  0.1 si,  0.0 st
%Cpu(s):  2.7 us,  1.3 sy,  0.0 ni, 96.1 id,  0.0 wa,  0.0 hi,  0.0 si,  0.0 st
%Cpu(s):  1.9 us,  1.4 sy,  0.0 ni, 96.7 id,  0.0 wa,  0.0 hi,  0.0 si,  0.0 st
%Cpu(s):  1.9 us,  0.9 sy,  0.0 ni, 97.1 id,  0.0 wa,  0.0 hi,  0.1 si,  0.0 st
%Cpu(s): 15.7 us,  4.0 sy,  0.0 ni, 79.8 id,  0.0 wa,  0.0 hi,  0.5 si,  0.0 st
%Cpu(s): 84.0 us,  7.7 sy,  0.0 ni,  6.7 id,  0.0 wa,  0.0 hi,  1.5 si,  0.0 st
%Cpu(s): 85.7 us, 10.5 sy,  0.0 ni,  1.0 id,  0.0 wa,  0.0 hi,  2.9 si,  0.0 st
%Cpu(s): 85.7 us, 11.6 sy,  0.0 ni,  0.7 id,  0.0 wa,  0.0 hi,  2.0 si,  0.0 st
%Cpu(s): 85.9 us, 10.5 sy,  0.0 ni,  1.4 id,  0.0 wa,  0.0 hi,  2.1 si,  0.1 st
%Cpu(s): 85.8 us, 10.8 sy,  0.0 ni,  1.0 id,  0.0 wa,  0.0 hi,  2.4 si,  0.0 st
%Cpu(s): 84.5 us, 12.2 sy,  0.0 ni,  0.7 id,  0.0 wa,  0.0 hi,  2.5 si,  0.0 st
%Cpu(s): 84.7 us, 12.7 sy,  0.0 ni,  0.2 id,  0.0 wa,  0.0 hi,  2.4 si,  0.0 st
%Cpu(s): 84.6 us, 11.9 sy,  0.0 ni,  0.1 id,  0.0 wa,  0.0 hi,  3.2 si,  0.1 st
%Cpu(s): 86.9 us, 10.3 sy,  0.0 ni,  0.7 id,  0.0 wa,  0.0 hi,  2.0 si,  0.0 st
%Cpu(s): 81.8 us,  9.2 sy,  0.0 ni,  6.8 id,  0.0 wa,  0.0 hi,  2.1 si,  0.0 st
%Cpu(s): 81.4 us,  9.6 sy,  0.0 ni,  7.4 id,  0.0 wa,  0.0 hi,  1.6 si,  0.0 st
%Cpu(s): 38.5 us,  7.6 sy,  0.0 ni, 51.6 id,  0.0 wa,  0.0 hi,  2.4 si,  0.0 st
%Cpu(s): 34.1 us,  7.8 sy,  0.0 ni, 55.9 id,  0.0 wa,  0.0 hi,  2.1 si,  0.0 st
%Cpu(s): 16.8 us,  5.7 sy,  0.0 ni, 75.8 id,  0.0 wa,  0.0 hi,  1.6 si,  0.0 st
%Cpu(s): 21.4 us,  6.2 sy,  0.0 ni, 71.1 id,  0.0 wa,  0.0 hi,  1.1 si,  0.1 st
%Cpu(s): 17.0 us,  5.7 sy,  0.0 ni, 75.6 id,  0.0 wa,  0.0 hi,  1.8 si,  0.0 st
%Cpu(s): 23.4 us,  6.5 sy,  0.0 ni, 69.2 id,  0.0 wa,  0.0 hi,  0.9 si,  0.0 st
%Cpu(s): 28.9 us,  6.5 sy,  0.0 ni, 63.5 id,  0.0 wa,  0.0 hi,  1.0 si,  0.1 st
%Cpu(s): 16.3 us,  6.0 sy,  0.0 ni, 75.8 id,  0.0 wa,  0.0 hi,  1.9 si,  0.0 st
%Cpu(s): 18.9 us,  6.5 sy,  0.0 ni, 72.6 id,  0.1 wa,  0.0 hi,  1.9 si,  0.0 st
%Cpu(s): 16.7 us,  5.4 sy,  0.0 ni, 76.7 id,  0.0 wa,  0.0 hi,  1.1 si,  0.0 st
%Cpu(s): 11.7 us,  6.2 sy,  0.0 ni, 80.5 id,  0.0 wa,  0.0 hi,  1.4 si,  0.1 st
%Cpu(s): 14.3 us,  6.2 sy,  0.0 ni, 77.8 id,  0.0 wa,  0.0 hi,  1.6 si,  0.0 st
%Cpu(s): 37.7 us,  7.0 sy,  0.0 ni, 54.0 id,  0.0 wa,  0.0 hi,  1.3 si,  0.0 st
%Cpu(s): 29.0 us,  5.2 sy,  0.0 ni, 64.5 id,  0.0 wa,  0.0 hi,  1.3 si,  0.0 st
%Cpu(s):  9.3 us,  6.2 sy,  0.0 ni, 83.1 id,  0.0 wa,  0.0 hi,  1.4 si,  0.0 st
%Cpu(s): 10.5 us,  5.3 sy,  0.0 ni, 82.7 id,  0.0 wa,  0.0 hi,  1.4 si,  0.0 st
%Cpu(s): 10.8 us,  7.3 sy,  0.0 ni, 80.8 id,  0.0 wa,  0.0 hi,  1.0 si,  0.1 st
%Cpu(s): 10.2 us,  6.9 sy,  0.0 ni, 81.5 id,  0.0 wa,  0.0 hi,  1.4 si,  0.1 st
%Cpu(s): 10.4 us,  6.2 sy,  0.0 ni, 82.1 id,  0.0 wa,  0.0 hi,  1.4 si,  0.0 st
%Cpu(s): 15.2 us,  5.1 sy,  0.0 ni, 78.3 id,  0.0 wa,  0.0 hi,  1.4 si,  0.0 st
%Cpu(s): 16.8 us,  6.1 sy,  0.0 ni, 76.0 id,  0.0 wa,  0.0 hi,  1.2 si,  0.0 st
%Cpu(s): 23.8 us,  6.5 sy,  0.0 ni, 68.2 id,  0.0 wa,  0.0 hi,  1.5 si,  0.0 st
%Cpu(s): 13.6 us,  6.1 sy,  0.0 ni, 79.1 id,  0.0 wa,  0.0 hi,  1.3 si,  0.0 st
%Cpu(s): 10.5 us,  7.5 sy,  0.0 ni, 80.4 id,  0.0 wa,  0.0 hi,  1.6 si,  0.0 st
%Cpu(s): 11.9 us,  6.4 sy,  0.0 ni, 79.6 id,  0.0 wa,  0.0 hi,  1.9 si,  0.1 st
%Cpu(s): 12.1 us,  6.3 sy,  0.0 ni, 80.1 id,  0.0 wa,  0.0 hi,  1.5 si,  0.0 st
%Cpu(s): 13.3 us,  6.0 sy,  0.0 ni, 79.2 id,  0.0 wa,  0.0 hi,  1.5 si,  0.0 st
%Cpu(s):  9.5 us,  6.4 sy,  0.0 ni, 82.6 id,  0.0 wa,  0.0 hi,  1.4 si,  0.1 st
%Cpu(s): 19.7 us,  6.0 sy,  0.0 ni, 72.9 id,  0.0 wa,  0.0 hi,  1.4 si,  0.0 st
%Cpu(s): 14.4 us,  6.6 sy,  0.0 ni, 77.4 id,  0.0 wa,  0.0 hi,  1.5 si,  0.1 st
%Cpu(s):  9.5 us,  6.1 sy,  0.0 ni, 82.6 id,  0.0 wa,  0.0 hi,  1.8 si,  0.0 st
%Cpu(s): 10.6 us,  6.3 sy,  0.0 ni, 82.0 id,  0.0 wa,  0.0 hi,  1.2 si,  0.0 st
%Cpu(s):  9.4 us,  6.7 sy,  0.0 ni, 82.2 id,  0.0 wa,  0.0 hi,  1.6 si,  0.0 st
%Cpu(s):  8.2 us,  3.5 sy,  0.0 ni, 87.7 id,  0.0 wa,  0.0 hi,  0.6 si,  0.0 st
%Cpu(s):  1.8 us,  1.4 sy,  0.0 ni, 96.5 id,  0.0 wa,  0.0 hi,  0.3 si,  0.1 st
%Cpu(s):  1.4 us,  1.1 sy,  0.0 ni, 97.5 id,  0.0 wa,  0.0 hi,  0.0 si,  0.0 st
%Cpu(s):  1.5 us,  1.5 sy,  0.0 ni, 97.0 id,  0.0 wa,  0.0 hi,  0.0 si,  0.0 st
%Cpu(s):  0.9 us,  1.1 sy,  0.0 ni, 98.0 id,  0.0 wa,  0.0 hi,  0.0 si,  0.0 st
%Cpu(s):  6.3 us,  1.0 sy,  0.0 ni, 92.7 id,  0.0 wa,  0.0 hi,  0.0 si,  0.0 st
%Cpu(s): 14.3 us,  2.2 sy,  0.0 ni, 83.4 id,  0.0 wa,  0.0 hi,  0.0 si,  0.0 st
%Cpu(s):  5.9 us,  1.4 sy,  0.0 ni, 92.7 id,  0.0 wa,  0.0 hi,  0.0 si,  0.0 st
%Cpu(s):  1.6 us,  1.9 sy,  0.0 ni, 96.5 id,  0.0 wa,  0.0 hi,  0.0 si,  0.0 st
%Cpu(s):  2.3 us,  1.0 sy,  0.0 ni, 96.6 id,  0.0 wa,  0.0 hi,  0.0 si,  0.1 st
%Cpu(s):  1.1 us,  1.7 sy,  0.0 ni, 96.2 id,  0.0 wa,  0.0 hi,  0.1 si,  0.9 st
%Cpu(s):  1.5 us,  1.3 sy,  0.0 ni, 97.2 id,  0.0 wa,  0.0 hi,  0.0 si,  0.0 st
%Cpu(s):  1.7 us,  2.4 sy,  0.0 ni, 95.9 id,  0.0 wa,  0.0 hi,  0.0 si,  0.0 st
%Cpu(s):  1.6 us,  0.8 sy,  0.0 ni, 97.6 id,  0.0 wa,  0.0 hi,  0.0 si,  0.0 st
%Cpu(s):  1.4 us,  1.9 sy,  0.0 ni, 96.6 id,  0.0 wa,  0.0 hi,  0.1 si,  0.0 st
%Cpu(s):  1.5 us,  1.0 sy,  0.0 ni, 97.5 id,  0.0 wa,  0.0 hi,  0.0 si,  0.0 st
%Cpu(s):  5.9 us,  1.6 sy,  0.0 ni, 92.5 id,  0.0 wa,  0.0 hi,  0.0 si,  0.0 st
%Cpu(s): 10.8 us,  1.1 sy,  0.0 ni, 88.1 id,  0.0 wa,  0.0 hi,  0.0 si,  0.0 st
%Cpu(s):  1.6 us,  2.4 sy,  0.0 ni, 95.9 id,  0.0 wa,  0.0 hi,  0.1 si,  0.0 st
%Cpu(s):  1.8 us,  1.5 sy,  0.0 ni, 96.8 id,  0.0 wa,  0.0 hi,  0.0 si,  0.0 st
%Cpu(s):  2.1 us,  1.4 sy,  0.0 ni, 96.5 id,  0.0 wa,  0.0 hi,  0.0 si,  0.0 st
%Cpu(s):  1.6 us,  2.0 sy,  0.0 ni, 96.4 id,  0.0 wa,  0.0 hi,  0.0 si,  0.0 st
%Cpu(s):  2.2 us,  1.4 sy,  0.0 ni, 96.3 id,  0.0 wa,  0.0 hi,  0.0 si,  0.1 st
