%Cpu(s):  8.5 us,  1.1 sy,  0.0 ni, 90.3 id,  0.0 wa,  0.0 hi,  0.1 si,  0.0 st
%Cpu(s): 12.8 us,  3.5 sy,  0.0 ni, 83.4 id,  0.0 wa,  0.0 hi,  0.1 si,  0.1 st
%Cpu(s): 11.8 us,  4.8 sy,  0.0 ni, 83.0 id,  0.0 wa,  0.0 hi,  0.1 si,  0.3 st
%Cpu(s): 10.1 us,  4.8 sy,  0.0 ni, 85.1 id,  0.0 wa,  0.0 hi,  0.1 si,  0.0 st
%Cpu(s): 14.9 us,  3.9 sy,  0.0 ni, 80.7 id,  0.0 wa,  0.0 hi,  0.2 si,  0.2 st
%Cpu(s):  5.3 us,  3.4 sy,  0.0 ni, 90.8 id,  0.1 wa,  0.0 hi,  0.1 si,  0.3 st
%Cpu(s):  5.9 us,  3.9 sy,  0.0 ni, 89.9 id,  0.0 wa,  0.0 hi,  0.0 si,  0.3 st
%Cpu(s): 12.1 us,  2.9 sy,  0.0 ni, 84.7 id,  0.0 wa,  0.0 hi,  0.0 si,  0.3 st
%Cpu(s): 10.1 us,  3.9 sy,  0.0 ni, 85.7 id,  0.0 wa,  0.0 hi,  0.1 si,  0.1 st
%Cpu(s): 84.1 us,  4.8 sy,  0.0 ni, 10.5 id,  0.0 wa,  0.0 hi,  0.6 si,  0.0 st
%Cpu(s): 92.7 us,  6.6 sy,  0.0 ni,  0.1 id,  0.0 wa,  0.0 hi,  0.6 si,  0.0 st
%Cpu(s): 90.6 us,  7.7 sy,  0.0 ni,  0.1 id,  0.0 wa,  0.0 hi,  1.5 si,  0.0 st
%Cpu(s): 90.0 us,  8.3 sy,  0.0 ni,  0.0 id,  0.0 wa,  0.0 hi,  1.7 si,  0.0 st
%Cpu(s): 89.2 us,  9.2 sy,  0.0 ni,  0.0 id,  0.0 wa,  0.0 hi,  1.6 si,  0.0 st
%Cpu(s): 91.0 us,  7.1 sy,  0.0 ni,  0.0 id,  0.0 wa,  0.0 hi,  1.9 si,  0.0 st
%Cpu(s): 92.0 us,  6.4 sy,  0.0 ni,  0.1 id,  0.0 wa,  0.0 hi,  1.5 si,  0.0 st
%Cpu(s): 90.8 us,  7.1 sy,  0.0 ni,  0.1 id,  0.0 wa,  0.0 hi,  2.0 si,  0.0 st
%Cpu(s): 92.3 us,  6.5 sy,  0.0 ni,  0.1 id,  0.0 wa,  0.0 hi,  1.1 si,  0.0 st
%Cpu(s): 91.4 us,  5.9 sy,  0.0 ni,  1.0 id,  0.0 wa,  0.0 hi,  1.7 si,  0.0 st
%Cpu(s): 92.4 us,  5.7 sy,  0.0 ni,  0.9 id,  0.0 wa,  0.0 hi,  1.0 si,  0.0 st
%Cpu(s): 66.8 us,  6.7 sy,  0.0 ni, 25.1 id,  0.0 wa,  0.0 hi,  1.2 si,  0.1 st
%Cpu(s): 52.7 us,  4.7 sy,  0.0 ni, 41.5 id,  0.0 wa,  0.0 hi,  1.1 si,  0.0 st
%Cpu(s): 74.3 us,  6.0 sy,  0.0 ni, 18.1 id,  0.0 wa,  0.0 hi,  1.5 si,  0.0 st
%Cpu(s): 62.3 us,  5.3 sy,  0.0 ni, 31.2 id,  0.0 wa,  0.0 hi,  1.3 si,  0.0 st
%Cpu(s): 56.2 us,  3.9 sy,  0.0 ni, 38.2 id,  0.0 wa,  0.0 hi,  1.7 si,  0.0 st
%Cpu(s): 54.5 us,  4.8 sy,  0.0 ni, 39.6 id,  0.0 wa,  0.0 hi,  1.1 si,  0.0 st
%Cpu(s): 38.1 us,  4.9 sy,  0.0 ni, 55.7 id,  0.0 wa,  0.0 hi,  1.3 si,  0.0 st
%Cpu(s): 26.5 us,  5.6 sy,  0.0 ni, 66.2 id,  0.0 wa,  0.0 hi,  1.5 si,  0.1 st
%Cpu(s): 31.4 us,  4.7 sy,  0.0 ni, 62.3 id,  0.0 wa,  0.0 hi,  1.6 si,  0.0 st
%Cpu(s): 12.5 us,  6.0 sy,  0.0 ni, 80.4 id,  0.0 wa,  0.0 hi,  1.1 si,  0.0 st
%Cpu(s): 23.3 us,  5.2 sy,  0.0 ni, 70.2 id,  0.0 wa,  0.0 hi,  1.4 si,  0.0 st
%Cpu(s): 11.7 us,  5.4 sy,  0.0 ni, 81.2 id,  0.0 wa,  0.0 hi,  1.5 si,  0.1 st
%Cpu(s): 21.3 us,  5.1 sy,  0.0 ni, 72.7 id,  0.0 wa,  0.0 hi,  0.9 si,  0.0 st
%Cpu(s): 39.3 us,  5.1 sy,  0.0 ni, 54.5 id,  0.0 wa,  0.0 hi,  1.0 si,  0.0 st
%Cpu(s): 36.3 us,  5.3 sy,  0.0 ni, 57.2 id,  0.0 wa,  0.0 hi,  1.3 si,  0.0 st
%Cpu(s): 17.7 us,  5.7 sy,  0.0 ni, 75.5 id,  0.1 wa,  0.0 hi,  1.0 si,  0.0 st
%Cpu(s): 12.5 us,  5.3 sy,  0.0 ni, 80.6 id,  0.0 wa,  0.0 hi,  1.5 si,  0.1 st
%Cpu(s): 17.2 us,  6.2 sy,  0.0 ni, 74.6 id,  0.0 wa,  0.0 hi,  2.0 si,  0.0 st
%Cpu(s): 30.5 us,  5.9 sy,  0.0 ni, 61.8 id,  0.0 wa,  0.0 hi,  1.7 si,  0.0 st
%Cpu(s): 33.5 us,  5.7 sy,  0.0 ni, 59.5 id,  0.0 wa,  0.0 hi,  1.3 si,  0.1 st
%Cpu(s): 27.8 us,  4.4 sy,  0.0 ni, 66.9 id,  0.0 wa,  0.0 hi,  0.9 si,  0.0 st
%Cpu(s): 41.4 us,  4.5 sy,  0.0 ni, 52.9 id,  0.0 wa,  0.0 hi,  1.3 si,  0.0 st
%Cpu(s): 32.6 us,  4.2 sy,  0.0 ni, 62.3 id,  0.0 wa,  0.0 hi,  0.8 si,  0.1 st
%Cpu(s): 27.6 us,  5.5 sy,  0.0 ni, 65.7 id,  0.0 wa,  0.0 hi,  1.1 si,  0.0 st
%Cpu(s): 33.8 us,  4.1 sy,  0.0 ni, 60.6 id,  0.0 wa,  0.0 hi,  1.4 si,  0.1 st
%Cpu(s): 19.1 us,  5.1 sy,  0.0 ni, 74.2 id,  0.0 wa,  0.0 hi,  1.6 si,  0.0 st
%Cpu(s): 20.8 us,  4.6 sy,  0.0 ni, 73.6 id,  0.0 wa,  0.0 hi,  1.0 si,  0.0 st
%Cpu(s): 24.1 us,  5.5 sy,  0.0 ni, 69.7 id,  0.0 wa,  0.0 hi,  0.7 si,  0.0 st
%Cpu(s): 31.1 us,  4.1 sy,  0.0 ni, 63.7 id,  0.0 wa,  0.0 hi,  1.1 si,  0.0 st
%Cpu(s): 16.7 us,  6.0 sy,  0.0 ni, 75.9 id,  0.0 wa,  0.0 hi,  1.4 si,  0.0 st
%Cpu(s): 13.3 us,  5.2 sy,  0.0 ni, 79.8 id,  0.1 wa,  0.0 hi,  1.5 si,  0.0 st
%Cpu(s): 13.9 us,  4.9 sy,  0.0 ni, 80.1 id,  0.0 wa,  0.0 hi,  1.1 si,  0.0 st
%Cpu(s): 15.6 us,  6.3 sy,  0.0 ni, 76.7 id,  0.0 wa,  0.0 hi,  1.4 si,  0.0 st
%Cpu(s): 15.4 us,  5.3 sy,  0.0 ni, 77.7 id,  0.0 wa,  0.0 hi,  1.5 si,  0.1 st
%Cpu(s): 11.2 us,  4.6 sy,  0.0 ni, 82.8 id,  0.0 wa,  0.0 hi,  1.3 si,  0.1 st
%Cpu(s):  9.9 us,  6.1 sy,  0.0 ni, 82.2 id,  0.0 wa,  0.0 hi,  1.8 si,  0.0 st
%Cpu(s):  9.5 us,  5.0 sy,  0.0 ni, 84.2 id,  0.0 wa,  0.0 hi,  1.4 si,  0.0 st
%Cpu(s):  9.2 us,  6.4 sy,  0.0 ni, 83.1 id,  0.0 wa,  0.0 hi,  1.3 si,  0.0 st
%Cpu(s): 10.1 us,  5.8 sy,  0.0 ni, 82.2 id,  0.0 wa,  0.0 hi,  1.9 si,  0.0 st
%Cpu(s): 11.1 us,  5.6 sy,  0.0 ni, 81.7 id,  0.0 wa,  0.0 hi,  1.5 si,  0.1 st
%Cpu(s):  8.1 us,  4.9 sy,  0.0 ni, 85.2 id,  0.3 wa,  0.0 hi,  1.5 si,  0.0 st
%Cpu(s):  5.9 us,  4.0 sy,  0.0 ni, 89.9 id,  0.0 wa,  0.0 hi,  0.3 si,  0.0 st
%Cpu(s):  4.8 us,  3.8 sy,  0.0 ni, 91.1 id,  0.0 wa,  0.0 hi,  0.1 si,  0.3 st
%Cpu(s):  5.0 us,  4.1 sy,  0.0 ni, 90.7 id,  0.0 wa,  0.0 hi,  0.0 si,  0.1 st
%Cpu(s):  3.8 us,  4.0 sy,  0.0 ni, 91.9 id,  0.0 wa,  0.0 hi,  0.0 si,  0.3 st
%Cpu(s):  5.2 us,  4.0 sy,  0.0 ni, 90.5 id,  0.0 wa,  0.0 hi,  0.0 si,  0.3 st
%Cpu(s):  5.0 us,  4.2 sy,  0.0 ni, 90.7 id,  0.0 wa,  0.0 hi,  0.0 si,  0.1 st
%Cpu(s):  3.7 us,  3.4 sy,  0.0 ni, 92.8 id,  0.0 wa,  0.0 hi,  0.0 si,  0.1 st
%Cpu(s):  5.7 us,  5.2 sy,  0.0 ni, 88.7 id,  0.0 wa,  0.0 hi,  0.1 si,  0.2 st
%Cpu(s):  8.0 us,  4.7 sy,  0.0 ni, 87.2 id,  0.0 wa,  0.0 hi,  0.0 si,  0.1 st
%Cpu(s):  5.2 us,  5.7 sy,  0.0 ni, 88.9 id,  0.0 wa,  0.0 hi,  0.0 si,  0.3 st
%Cpu(s):  5.1 us,  4.1 sy,  0.0 ni, 90.6 id,  0.0 wa,  0.0 hi,  0.1 si,  0.1 st
%Cpu(s):  4.6 us,  5.5 sy,  0.0 ni, 89.5 id,  0.0 wa,  0.0 hi,  0.1 si,  0.2 st
