%Cpu(s):  0.2 us,  0.0 sy,  0.0 ni, 99.7 id,  0.0 wa,  0.0 hi,  0.0 si,  0.0 st
%Cpu(s):  3.5 us,  2.1 sy,  0.0 ni, 94.1 id,  0.0 wa,  0.0 hi,  0.0 si,  0.3 st
%Cpu(s):  2.2 us,  2.2 sy,  0.0 ni, 95.5 id,  0.0 wa,  0.0 hi,  0.0 si,  0.1 st
%Cpu(s):  1.8 us,  1.4 sy,  0.0 ni, 96.8 id,  0.0 wa,  0.0 hi,  0.0 si,  0.0 st
%Cpu(s):  2.5 us,  2.3 sy,  0.0 ni, 95.1 id,  0.0 wa,  0.0 hi,  0.0 si,  0.1 st
%Cpu(s): 23.9 us,  2.3 sy,  0.0 ni, 73.3 id,  0.0 wa,  0.0 hi,  0.3 si,  0.3 st
%Cpu(s): 78.2 us,  4.4 sy,  0.0 ni, 16.7 id,  0.0 wa,  0.0 hi,  0.8 si,  0.0 st
%Cpu(s): 73.9 us,  5.1 sy,  0.0 ni, 19.8 id,  0.0 wa,  0.0 hi,  1.2 si,  0.0 st
%Cpu(s): 76.1 us,  4.9 sy,  0.0 ni, 17.8 id,  0.0 wa,  0.0 hi,  1.2 si,  0.0 st
%Cpu(s): 88.5 us,  5.1 sy,  0.0 ni,  5.4 id,  0.0 wa,  0.0 hi,  1.0 si,  0.0 st
%Cpu(s): 78.4 us,  4.6 sy,  0.0 ni, 15.7 id,  0.1 wa,  0.0 hi,  1.2 si,  0.0 st
%Cpu(s): 63.5 us,  4.3 sy,  0.0 ni, 31.2 id,  0.0 wa,  0.0 hi,  0.9 si,  0.1 st
%Cpu(s): 30.0 us,  4.6 sy,  0.0 ni, 64.0 id,  0.0 wa,  0.0 hi,  1.4 si,  0.0 st
%Cpu(s): 22.4 us,  5.2 sy,  0.0 ni, 71.6 id,  0.0 wa,  0.0 hi,  0.8 si,  0.1 st
%Cpu(s): 30.6 us,  4.6 sy,  0.0 ni, 64.3 id,  0.0 wa,  0.0 hi,  0.5 si,  0.0 st
%Cpu(s): 27.2 us,  4.4 sy,  0.0 ni, 67.8 id,  0.0 wa,  0.0 hi,  0.6 si,  0.0 st
%Cpu(s): 68.9 us,  4.6 sy,  0.0 ni, 25.2 id,  0.0 wa,  0.0 hi,  1.2 si,  0.0 st
%Cpu(s): 25.1 us,  5.8 sy,  0.0 ni, 68.1 id,  0.0 wa,  0.0 hi,  1.0 si,  0.0 st
%Cpu(s): 37.7 us,  4.9 sy,  0.0 ni, 56.2 id,  0.0 wa,  0.0 hi,  1.0 si,  0.1 st
%Cpu(s): 23.8 us,  3.5 sy,  0.0 ni, 71.8 id,  0.0 wa,  0.0 hi,  0.9 si,  0.0 st
%Cpu(s): 28.0 us,  5.3 sy,  0.0 ni, 66.0 id,  0.0 wa,  0.0 hi,  0.6 si,  0.1 st
%Cpu(s):  9.4 us,  5.0 sy,  0.0 ni, 84.7 id,  0.0 wa,  0.0 hi,  0.9 si,  0.0 st
%Cpu(s): 17.3 us,  4.7 sy,  0.0 ni, 77.4 id,  0.0 wa,  0.0 hi,  0.6 si,  0.0 st
%Cpu(s): 18.2 us,  5.3 sy,  0.0 ni, 75.8 id,  0.0 wa,  0.0 hi,  0.6 si,  0.1 st
%Cpu(s): 18.7 us,  5.4 sy,  0.0 ni, 75.4 id,  0.0 wa,  0.0 hi,  0.5 si,  0.0 st
%Cpu(s): 10.0 us,  5.4 sy,  0.0 ni, 83.7 id,  0.0 wa,  0.0 hi,  0.8 si,  0.1 st
%Cpu(s):  8.7 us,  5.3 sy,  0.0 ni, 85.4 id,  0.0 wa,  0.0 hi,  0.5 si,  0.0 st
%Cpu(s):  9.2 us,  5.7 sy,  0.0 ni, 84.0 id,  0.0 wa,  0.0 hi,  1.0 si,  0.1 st
%Cpu(s): 12.4 us,  6.5 sy,  0.0 ni, 80.4 id,  0.0 wa,  0.0 hi,  0.6 si,  0.0 st
%Cpu(s): 10.3 us,  4.3 sy,  0.0 ni, 84.9 id,  0.0 wa,  0.0 hi,  0.5 si,  0.0 st
%Cpu(s):  8.8 us,  5.3 sy,  0.0 ni, 84.7 id,  0.0 wa,  0.0 hi,  1.0 si,  0.1 st
%Cpu(s):  9.3 us,  4.9 sy,  0.0 ni, 85.0 id,  0.0 wa,  0.0 hi,  0.8 si,  0.0 st
%Cpu(s): 10.3 us,  5.9 sy,  0.0 ni, 83.2 id,  0.0 wa,  0.0 hi,  0.6 si,  0.0 st
%Cpu(s):  9.8 us,  6.4 sy,  0.0 ni, 83.1 id,  0.0 wa,  0.0 hi,  0.6 si,  0.1 st
%Cpu(s):  9.7 us,  4.9 sy,  0.0 ni, 84.5 id,  0.0 wa,  0.0 hi,  0.9 si,  0.0 st
%Cpu(s): 11.9 us,  6.1 sy,  0.0 ni, 81.5 id,  0.0 wa,  0.0 hi,  0.4 si,  0.1 st
%Cpu(s): 17.3 us,  4.5 sy,  0.0 ni, 77.0 id,  0.0 wa,  0.0 hi,  1.1 si,  0.0 st
%Cpu(s): 13.9 us,  5.5 sy,  0.0 ni, 80.0 id,  0.0 wa,  0.0 hi,  0.5 si,  0.1 st
%Cpu(s): 10.1 us,  5.5 sy,  0.0 ni, 83.3 id,  0.0 wa,  0.0 hi,  1.1 si,  0.0 st
%Cpu(s): 14.4 us,  5.9 sy,  0.0 ni, 79.1 id,  0.0 wa,  0.0 hi,  0.5 si,  0.0 st
%Cpu(s): 13.5 us,  5.4 sy,  0.0 ni, 80.4 id,  0.1 wa,  0.0 hi,  0.4 si,  0.1 st
%Cpu(s): 14.8 us,  5.8 sy,  0.0 ni, 78.8 id,  0.0 wa,  0.0 hi,  0.6 si,  0.0 st
%Cpu(s): 10.6 us,  5.2 sy,  0.0 ni, 83.8 id,  0.0 wa,  0.0 hi,  0.4 si,  0.0 st
%Cpu(s): 10.8 us,  4.4 sy,  0.0 ni, 84.3 id,  0.0 wa,  0.0 hi,  0.5 si,  0.1 st
%Cpu(s): 15.2 us,  5.3 sy,  0.0 ni, 78.5 id,  0.0 wa,  0.0 hi,  0.9 si,  0.0 st
%Cpu(s): 12.1 us,  4.3 sy,  0.0 ni, 82.9 id,  0.0 wa,  0.0 hi,  0.5 si,  0.1 st
%Cpu(s):  9.8 us,  5.3 sy,  0.0 ni, 84.1 id,  0.0 wa,  0.0 hi,  0.6 si,  0.1 st
%Cpu(s):  9.4 us,  5.4 sy,  0.0 ni, 84.6 id,  0.0 wa,  0.0 hi,  0.6 si,  0.0 st
%Cpu(s): 11.1 us,  5.5 sy,  0.0 ni, 82.7 id,  0.0 wa,  0.0 hi,  0.6 si,  0.0 st
%Cpu(s): 10.2 us,  5.8 sy,  0.0 ni, 83.1 id,  0.0 wa,  0.0 hi,  1.0 si,  0.0 st
%Cpu(s):  9.7 us,  5.5 sy,  0.0 ni, 84.1 id,  0.0 wa,  0.0 hi,  0.8 si,  0.0 st
%Cpu(s):  8.6 us,  5.4 sy,  0.0 ni, 85.0 id,  0.0 wa,  0.0 hi,  0.8 si,  0.1 st
%Cpu(s):  9.6 us,  5.2 sy,  0.0 ni, 84.3 id,  0.0 wa,  0.0 hi,  0.6 si,  0.3 st
%Cpu(s):  9.3 us,  5.6 sy,  0.0 ni, 84.5 id,  0.0 wa,  0.0 hi,  0.6 si,  0.0 st
%Cpu(s):  8.2 us,  5.4 sy,  0.0 ni, 85.9 id,  0.0 wa,  0.0 hi,  0.5 si,  0.0 st
%Cpu(s): 10.8 us,  6.0 sy,  0.0 ni, 82.6 id,  0.1 wa,  0.0 hi,  0.5 si,  0.0 st
%Cpu(s):  9.8 us,  4.7 sy,  0.0 ni, 85.0 id,  0.0 wa,  0.0 hi,  0.5 si,  0.0 st
%Cpu(s):  9.3 us,  5.5 sy,  0.0 ni, 84.6 id,  0.0 wa,  0.0 hi,  0.6 si,  0.0 st
%Cpu(s):  8.7 us,  5.3 sy,  0.0 ni, 85.2 id,  0.0 wa,  0.0 hi,  0.6 si,  0.1 st
%Cpu(s):  8.8 us,  5.4 sy,  0.0 ni, 85.0 id,  0.0 wa,  0.0 hi,  0.6 si,  0.1 st
%Cpu(s):  8.1 us,  5.2 sy,  0.0 ni, 86.4 id,  0.0 wa,  0.0 hi,  0.4 si,  0.0 st
%Cpu(s):  3.9 us,  1.9 sy,  0.0 ni, 93.7 id,  0.0 wa,  0.0 hi,  0.4 si,  0.1 st
%Cpu(s):  1.5 us,  1.1 sy,  0.0 ni, 97.2 id,  0.0 wa,  0.0 hi,  0.0 si,  0.1 st
%Cpu(s):  2.4 us,  1.6 sy,  0.0 ni, 95.8 id,  0.0 wa,  0.0 hi,  0.0 si,  0.2 st
%Cpu(s):  2.4 us,  1.1 sy,  0.0 ni, 96.1 id,  0.0 wa,  0.0 hi,  0.1 si,  0.3 st
%Cpu(s):  4.0 us,  1.8 sy,  0.0 ni, 93.8 id,  0.1 wa,  0.0 hi,  0.1 si,  0.1 st
%Cpu(s):  4.1 us,  3.2 sy,  0.0 ni, 92.4 id,  0.0 wa,  0.0 hi,  0.1 si,  0.1 st
%Cpu(s):  3.7 us,  2.0 sy,  0.0 ni, 94.1 id,  0.0 wa,  0.0 hi,  0.0 si,  0.3 st
%Cpu(s):  3.7 us,  3.6 sy,  0.0 ni, 92.5 id,  0.0 wa,  0.0 hi,  0.0 si,  0.3 st
%Cpu(s):  3.3 us,  1.8 sy,  0.0 ni, 94.8 id,  0.0 wa,  0.0 hi,  0.0 si,  0.1 st
%Cpu(s):  3.9 us,  2.2 sy,  0.0 ni, 93.6 id,  0.0 wa,  0.0 hi,  0.0 si,  0.2 st
%Cpu(s):  2.3 us,  2.3 sy,  0.0 ni, 95.2 id,  0.0 wa,  0.0 hi,  0.1 si,  0.1 st
%Cpu(s):  2.9 us,  1.7 sy,  0.0 ni, 95.2 id,  0.0 wa,  0.0 hi,  0.0 si,  0.3 st
