%Cpu(s):  0.4 us,  0.0 sy,  0.0 ni, 99.6 id,  0.0 wa,  0.0 hi,  0.0 si,  0.0 st
%Cpu(s): 18.9 us,  1.0 sy,  0.0 ni, 80.0 id,  0.0 wa,  0.0 hi,  0.0 si,  0.1 st
%Cpu(s):  3.9 us,  1.4 sy,  0.0 ni, 94.8 id,  0.0 wa,  0.0 hi,  0.0 si,  0.0 st
%Cpu(s):  4.4 us,  1.5 sy,  0.0 ni, 94.0 id,  0.0 wa,  0.0 hi,  0.0 si,  0.1 st
%Cpu(s):  2.8 us,  0.9 sy,  0.0 ni, 96.4 id,  0.0 wa,  0.0 hi,  0.0 si,  0.0 st
%Cpu(s): 73.4 us,  3.4 sy,  0.0 ni, 22.4 id,  0.0 wa,  0.0 hi,  0.7 si,  0.0 st
%Cpu(s): 62.5 us,  4.0 sy,  0.0 ni, 32.9 id,  0.0 wa,  0.0 hi,  0.6 si,  0.0 st
%Cpu(s): 63.6 us,  4.8 sy,  0.0 ni, 30.1 id,  0.0 wa,  0.0 hi,  1.4 si,  0.1 st
%Cpu(s): 91.1 us,  6.9 sy,  0.0 ni,  0.6 id,  0.0 wa,  0.0 hi,  1.4 si,  0.0 st
%Cpu(s): 89.1 us,  9.0 sy,  0.0 ni,  0.6 id,  0.0 wa,  0.0 hi,  1.4 si,  0.0 st
%Cpu(s): 89.6 us,  8.3 sy,  0.0 ni,  0.4 id,  0.0 wa,  0.0 hi,  1.7 si,  0.0 st
%Cpu(s): 89.5 us,  8.2 sy,  0.0 ni,  0.0 id,  0.0 wa,  0.0 hi,  2.2 si,  0.0 st
%Cpu(s): 88.7 us,  8.3 sy,  0.0 ni,  0.9 id,  0.0 wa,  0.0 hi,  2.1 si,  0.0 st
%Cpu(s): 86.7 us,  9.2 sy,  0.0 ni,  1.6 id,  0.0 wa,  0.0 hi,  2.2 si,  0.2 st
%Cpu(s): 87.3 us,  9.0 sy,  0.0 ni,  1.5 id,  0.0 wa,  0.0 hi,  2.2 si,  0.0 st
%Cpu(s): 83.5 us,  6.4 sy,  0.0 ni,  8.5 id,  0.0 wa,  0.0 hi,  1.6 si,  0.0 st
%Cpu(s): 88.9 us,  6.6 sy,  0.0 ni,  2.8 id,  0.0 wa,  0.0 hi,  1.7 si,  0.0 st
%Cpu(s): 76.5 us,  6.3 sy,  0.0 ni, 15.3 id,  0.0 wa,  0.0 hi,  1.9 si,  0.0 st
%Cpu(s): 85.0 us,  6.1 sy,  0.0 ni,  7.6 id,  0.0 wa,  0.0 hi,  1.1 si,  0.1 st
%Cpu(s): 61.3 us,  4.9 sy,  0.0 ni, 32.8 id,  0.0 wa,  0.0 hi,  1.0 si,  0.0 st
%Cpu(s): 74.8 us,  6.0 sy,  0.0 ni, 17.3 id,  0.0 wa,  0.0 hi,  1.9 si,  0.1 st
%Cpu(s): 23.7 us,  4.1 sy,  0.0 ni, 69.8 id,  0.1 wa,  0.0 hi,  0.9 si,  1.4 st
%Cpu(s): 13.4 us,  5.3 sy,  0.0 ni, 76.7 id,  0.0 wa,  0.0 hi,  1.0 si,  3.6 st
%Cpu(s): 23.8 us,  5.0 sy,  0.0 ni, 68.2 id,  0.0 wa,  0.0 hi,  0.9 si,  2.2 st
%Cpu(s): 12.0 us,  5.1 sy,  0.0 ni, 79.7 id,  0.0 wa,  0.0 hi,  1.0 si,  2.3 st
%Cpu(s): 12.9 us,  4.8 sy,  0.0 ni, 80.2 id,  0.0 wa,  0.0 hi,  1.3 si,  0.8 st
%Cpu(s): 12.0 us,  5.6 sy,  0.0 ni, 81.2 id,  0.0 wa,  0.0 hi,  1.1 si,  0.1 st
%Cpu(s): 14.6 us,  5.6 sy,  0.0 ni, 78.5 id,  0.0 wa,  0.0 hi,  1.2 si,  0.0 st
%Cpu(s): 25.8 us,  5.2 sy,  0.0 ni, 67.6 id,  0.0 wa,  0.0 hi,  1.3 si,  0.1 st
%Cpu(s): 29.3 us,  4.7 sy,  0.0 ni, 65.4 id,  0.0 wa,  0.0 hi,  0.5 si,  0.1 st
%Cpu(s): 38.9 us,  4.9 sy,  0.0 ni, 54.8 id,  0.0 wa,  0.0 hi,  1.3 si,  0.1 st
%Cpu(s): 35.8 us,  5.2 sy,  0.0 ni, 57.4 id,  0.0 wa,  0.0 hi,  1.6 si,  0.0 st
%Cpu(s): 17.2 us,  5.1 sy,  0.0 ni, 76.3 id,  0.0 wa,  0.0 hi,  0.8 si,  0.6 st
%Cpu(s): 30.8 us,  5.0 sy,  0.0 ni, 63.2 id,  0.0 wa,  0.0 hi,  0.9 si,  0.1 st
%Cpu(s): 28.9 us,  5.7 sy,  0.0 ni, 64.4 id,  0.0 wa,  0.0 hi,  1.0 si,  0.0 st
%Cpu(s): 14.8 us,  4.3 sy,  0.0 ni, 79.7 id,  0.0 wa,  0.0 hi,  0.9 si,  0.3 st
%Cpu(s): 13.7 us,  5.7 sy,  0.0 ni, 78.8 id,  0.0 wa,  0.0 hi,  1.7 si,  0.1 st
%Cpu(s): 12.4 us,  4.6 sy,  0.0 ni, 81.5 id,  0.0 wa,  0.0 hi,  1.3 si,  0.1 st
%Cpu(s): 15.8 us,  4.8 sy,  0.0 ni, 78.5 id,  0.0 wa,  0.0 hi,  0.8 si,  0.1 st
%Cpu(s): 25.3 us,  6.0 sy,  0.0 ni, 67.3 id,  0.0 wa,  0.0 hi,  1.3 si,  0.1 st
%Cpu(s): 36.9 us,  5.3 sy,  0.0 ni, 56.4 id,  0.0 wa,  0.0 hi,  1.4 si,  0.0 st
%Cpu(s): 13.9 us,  4.8 sy,  0.0 ni, 80.2 id,  0.1 wa,  0.0 hi,  0.9 si,  0.1 st
%Cpu(s): 12.9 us,  5.7 sy,  0.0 ni, 80.0 id,  0.0 wa,  0.0 hi,  1.1 si,  0.3 st
%Cpu(s): 11.9 us,  4.4 sy,  0.0 ni, 82.8 id,  0.0 wa,  0.0 hi,  0.9 si,  0.0 st
%Cpu(s): 14.4 us,  4.8 sy,  0.0 ni, 79.2 id,  0.0 wa,  0.0 hi,  0.9 si,  0.8 st
%Cpu(s): 15.9 us,  4.9 sy,  0.0 ni, 77.6 id,  0.0 wa,  0.0 hi,  0.8 si,  0.9 st
%Cpu(s): 12.1 us,  5.3 sy,  0.0 ni, 81.3 id,  0.0 wa,  0.0 hi,  1.1 si,  0.1 st
%Cpu(s): 13.3 us,  5.8 sy,  0.0 ni, 79.9 id,  0.0 wa,  0.0 hi,  0.9 si,  0.0 st
%Cpu(s): 12.5 us,  5.9 sy,  0.0 ni, 80.6 id,  0.0 wa,  0.0 hi,  1.0 si,  0.0 st
%Cpu(s): 13.1 us,  5.3 sy,  0.0 ni, 79.8 id,  0.0 wa,  0.0 hi,  1.3 si,  0.5 st
%Cpu(s): 11.0 us,  5.2 sy,  0.0 ni, 80.8 id,  0.0 wa,  0.0 hi,  1.0 si,  2.0 st
%Cpu(s): 11.8 us,  4.6 sy,  0.0 ni, 81.2 id,  0.0 wa,  0.0 hi,  1.1 si,  1.2 st
%Cpu(s): 13.1 us,  5.6 sy,  0.0 ni, 79.1 id,  0.0 wa,  0.0 hi,  1.2 si,  0.9 st
%Cpu(s): 16.3 us,  5.7 sy,  0.0 ni, 77.0 id,  0.0 wa,  0.0 hi,  0.9 si,  0.1 st
%Cpu(s): 13.0 us,  5.5 sy,  0.0 ni, 80.3 id,  0.0 wa,  0.0 hi,  1.1 si,  0.1 st
%Cpu(s): 13.0 us,  4.7 sy,  0.0 ni, 81.2 id,  0.0 wa,  0.0 hi,  1.0 si,  0.1 st
%Cpu(s): 15.8 us,  5.7 sy,  0.0 ni, 76.5 id,  0.1 wa,  0.0 hi,  1.0 si,  0.9 st
%Cpu(s): 11.7 us,  5.5 sy,  0.0 ni, 81.3 id,  0.0 wa,  0.0 hi,  1.0 si,  0.5 st
%Cpu(s): 11.3 us,  5.7 sy,  0.0 ni, 81.5 id,  0.0 wa,  0.0 hi,  1.3 si,  0.3 st
%Cpu(s): 22.1 us,  5.7 sy,  0.0 ni, 70.9 id,  0.0 wa,  0.0 hi,  1.3 si,  0.0 st
%Cpu(s): 20.5 us,  5.6 sy,  0.0 ni, 72.9 id,  0.0 wa,  0.0 hi,  0.6 si,  0.4 st
%Cpu(s):  3.9 us,  1.1 sy,  0.0 ni, 95.0 id,  0.0 wa,  0.0 hi,  0.0 si,  0.0 st
%Cpu(s):  2.1 us,  1.3 sy,  0.0 ni, 96.6 id,  0.0 wa,  0.0 hi,  0.0 si,  0.0 st
%Cpu(s):  1.3 us,  1.1 sy,  0.0 ni, 97.5 id,  0.0 wa,  0.0 hi,  0.0 si,  0.1 st
%Cpu(s):  1.5 us,  1.2 sy,  0.0 ni, 97.3 id,  0.0 wa,  0.0 hi,  0.0 si,  0.0 st
%Cpu(s):  1.8 us,  0.8 sy,  0.0 ni, 97.5 id,  0.0 wa,  0.0 hi,  0.0 si,  0.0 st
%Cpu(s):  1.9 us,  0.8 sy,  0.0 ni, 97.2 id,  0.0 wa,  0.0 hi,  0.0 si,  0.1 st
%Cpu(s):  4.4 us,  0.8 sy,  0.0 ni, 94.9 id,  0.0 wa,  0.0 hi,  0.0 si,  0.0 st
%Cpu(s):  2.3 us,  1.0 sy,  0.0 ni, 96.7 id,  0.0 wa,  0.0 hi,  0.0 si,  0.0 st
%Cpu(s):  3.9 us,  1.5 sy,  0.0 ni, 94.6 id,  0.0 wa,  0.0 hi,  0.0 si,  0.0 st
%Cpu(s):  3.9 us,  0.5 sy,  0.0 ni, 95.4 id,  0.0 wa,  0.0 hi,  0.1 si,  0.0 st
%Cpu(s):  4.9 us,  2.0 sy,  0.0 ni, 93.0 id,  0.1 wa,  0.0 hi,  0.0 si,  0.0 st
%Cpu(s):  1.8 us,  1.4 sy,  0.0 ni, 96.6 id,  0.0 wa,  0.0 hi,  0.0 si,  0.3 st
%Cpu(s):  2.2 us,  1.6 sy,  0.0 ni, 96.1 id,  0.0 wa,  0.0 hi,  0.0 si,  0.0 st
%Cpu(s):  1.8 us,  1.1 sy,  0.0 ni, 97.1 id,  0.0 wa,  0.0 hi,  0.0 si,  0.0 st
%Cpu(s):  1.1 us,  1.1 sy,  0.0 ni, 97.7 id,  0.0 wa,  0.0 hi,  0.0 si,  0.0 st
%Cpu(s):  1.5 us,  0.5 sy,  0.0 ni, 97.9 id,  0.0 wa,  0.0 hi,  0.0 si,  0.1 st
%Cpu(s):  1.4 us,  1.1 sy,  0.0 ni, 97.3 id,  0.0 wa,  0.0 hi,  0.0 si,  0.1 st
%Cpu(s):  2.4 us,  1.4 sy,  0.0 ni, 96.1 id,  0.0 wa,  0.0 hi,  0.1 si,  0.0 st
