%Cpu(s):  2.7 us,  0.4 sy,  0.0 ni, 96.8 id,  0.0 wa,  0.0 hi,  0.0 si,  0.0 st
%Cpu(s):  2.1 us,  2.8 sy,  0.0 ni, 95.1 id,  0.0 wa,  0.0 hi,  0.0 si,  0.0 st
%Cpu(s):  2.9 us,  1.9 sy,  0.0 ni, 95.1 id,  0.0 wa,  0.0 hi,  0.0 si,  0.1 st
%Cpu(s):  2.1 us,  4.7 sy,  0.0 ni, 93.1 id,  0.0 wa,  0.0 hi,  0.0 si,  0.0 st
%Cpu(s):  2.9 us,  3.2 sy,  0.0 ni, 93.6 id,  0.0 wa,  0.0 hi,  0.0 si,  0.2 st
%Cpu(s):  4.1 us,  3.5 sy,  0.0 ni, 92.2 id,  0.0 wa,  0.0 hi,  0.0 si,  0.2 st
%Cpu(s): 14.1 us,  2.0 sy,  0.0 ni, 83.6 id,  0.0 wa,  0.0 hi,  0.1 si,  0.1 st
%Cpu(s): 81.1 us,  5.8 sy,  0.0 ni, 11.7 id,  0.0 wa,  0.0 hi,  1.4 si,  0.0 st
%Cpu(s): 90.2 us,  7.8 sy,  0.0 ni,  0.9 id,  0.0 wa,  0.0 hi,  1.1 si,  0.0 st
%Cpu(s): 93.1 us,  5.1 sy,  0.0 ni,  0.2 id,  0.0 wa,  0.0 hi,  1.5 si,  0.0 st
%Cpu(s): 89.4 us,  4.4 sy,  0.0 ni,  4.4 id,  0.0 wa,  0.0 hi,  1.8 si,  0.0 st
%Cpu(s): 56.8 us,  5.0 sy,  0.0 ni, 37.4 id,  0.0 wa,  0.0 hi,  0.8 si,  0.0 st
%Cpu(s): 48.2 us,  4.4 sy,  0.0 ni, 46.2 id,  0.0 wa,  0.0 hi,  1.1 si,  0.1 st
%Cpu(s): 47.1 us,  4.8 sy,  0.0 ni, 47.6 id,  0.0 wa,  0.0 hi,  0.4 si,  0.0 st
%Cpu(s): 49.4 us,  3.9 sy,  0.0 ni, 45.5 id,  0.0 wa,  0.0 hi,  1.3 si,  0.0 st
%Cpu(s): 24.7 us,  5.2 sy,  0.0 ni, 69.0 id,  0.0 wa,  0.0 hi,  0.9 si,  0.1 st
%Cpu(s): 66.6 us,  4.5 sy,  0.0 ni, 28.2 id,  0.0 wa,  0.0 hi,  0.6 si,  0.0 st
%Cpu(s): 70.0 us,  5.0 sy,  0.0 ni, 24.0 id,  0.0 wa,  0.0 hi,  1.0 si,  0.0 st
%Cpu(s): 52.4 us,  5.0 sy,  0.0 ni, 41.8 id,  0.1 wa,  0.0 hi,  0.7 si,  0.0 st
%Cpu(s): 21.3 us,  5.2 sy,  0.0 ni, 72.4 id,  0.0 wa,  0.0 hi,  0.9 si,  0.1 st
%Cpu(s): 14.3 us,  4.9 sy,  0.0 ni, 80.0 id,  0.0 wa,  0.0 hi,  0.8 si,  0.0 st
%Cpu(s):  9.7 us,  4.5 sy,  0.0 ni, 84.6 id,  0.0 wa,  0.0 hi,  1.2 si,  0.0 st
%Cpu(s): 12.3 us,  4.8 sy,  0.0 ni, 82.0 id,  0.0 wa,  0.0 hi,  0.8 si,  0.1 st
%Cpu(s): 23.1 us,  6.5 sy,  0.0 ni, 69.7 id,  0.0 wa,  0.0 hi,  0.7 si,  0.0 st
%Cpu(s): 25.4 us,  4.6 sy,  0.0 ni, 69.8 id,  0.0 wa,  0.0 hi,  0.3 si,  0.0 st
%Cpu(s): 15.9 us,  4.8 sy,  0.0 ni, 78.2 id,  0.0 wa,  0.0 hi,  1.0 si,  0.1 st
%Cpu(s): 17.0 us,  4.5 sy,  0.0 ni, 78.1 id,  0.0 wa,  0.0 hi,  0.5 si,  0.0 st
%Cpu(s): 19.9 us,  5.1 sy,  0.0 ni, 73.7 id,  0.0 wa,  0.0 hi,  1.3 si,  0.0 st
%Cpu(s): 11.6 us,  4.6 sy,  0.0 ni, 82.9 id,  0.0 wa,  0.0 hi,  0.9 si,  0.0 st
%Cpu(s): 15.9 us,  5.4 sy,  0.0 ni, 77.6 id,  0.0 wa,  0.0 hi,  0.9 si,  0.1 st
%Cpu(s): 10.5 us,  4.8 sy,  0.0 ni, 83.9 id,  0.0 wa,  0.0 hi,  0.8 si,  0.1 st
%Cpu(s): 10.9 us,  5.8 sy,  0.0 ni, 82.6 id,  0.0 wa,  0.0 hi,  0.8 si,  0.0 st
%Cpu(s):  9.2 us,  6.0 sy,  0.0 ni, 83.8 id,  0.0 wa,  0.0 hi,  0.8 si,  0.1 st
%Cpu(s): 10.2 us,  6.0 sy,  0.0 ni, 83.2 id,  0.0 wa,  0.0 hi,  0.6 si,  0.0 st
%Cpu(s): 10.5 us,  5.5 sy,  0.0 ni, 83.5 id,  0.0 wa,  0.0 hi,  0.5 si,  0.0 st
%Cpu(s): 10.1 us,  5.6 sy,  0.0 ni, 83.5 id,  0.0 wa,  0.0 hi,  0.9 si,  0.0 st
%Cpu(s):  9.6 us,  5.1 sy,  0.0 ni, 84.4 id,  0.0 wa,  0.0 hi,  0.9 si,  0.0 st
%Cpu(s): 23.8 us,  4.1 sy,  0.0 ni, 71.1 id,  0.0 wa,  0.0 hi,  0.9 si,  0.1 st
%Cpu(s): 19.2 us,  5.4 sy,  0.0 ni, 74.3 id,  0.1 wa,  0.0 hi,  0.8 si,  0.1 st
%Cpu(s): 14.2 us,  4.8 sy,  0.0 ni, 80.2 id,  0.0 wa,  0.0 hi,  0.8 si,  0.0 st
%Cpu(s): 13.8 us,  4.4 sy,  0.0 ni, 80.8 id,  0.0 wa,  0.0 hi,  1.0 si,  0.0 st
%Cpu(s): 11.9 us,  5.1 sy,  0.0 ni, 82.3 id,  0.0 wa,  0.0 hi,  0.6 si,  0.0 st
%Cpu(s): 12.5 us,  6.6 sy,  0.0 ni, 79.9 id,  0.0 wa,  0.0 hi,  0.9 si,  0.0 st
%Cpu(s):  8.7 us,  5.7 sy,  0.0 ni, 85.0 id,  0.0 wa,  0.0 hi,  0.6 si,  0.0 st
%Cpu(s): 12.7 us,  6.7 sy,  0.0 ni, 79.9 id,  0.0 wa,  0.0 hi,  0.6 si,  0.1 st
%Cpu(s): 18.0 us,  4.2 sy,  0.0 ni, 77.0 id,  0.0 wa,  0.0 hi,  0.6 si,  0.1 st
%Cpu(s): 11.1 us,  5.1 sy,  0.0 ni, 83.3 id,  0.0 wa,  0.0 hi,  0.5 si,  0.0 st
%Cpu(s): 12.8 us,  5.7 sy,  0.0 ni, 80.6 id,  0.0 wa,  0.0 hi,  0.8 si,  0.1 st
%Cpu(s): 12.2 us,  6.0 sy,  0.0 ni, 81.1 id,  0.0 wa,  0.0 hi,  0.6 si,  0.0 st
%Cpu(s):  9.8 us,  5.2 sy,  0.0 ni, 84.2 id,  0.0 wa,  0.0 hi,  0.8 si,  0.0 st
%Cpu(s): 11.8 us,  5.4 sy,  0.0 ni, 81.8 id,  0.0 wa,  0.0 hi,  1.0 si,  0.0 st
%Cpu(s):  9.4 us,  5.7 sy,  0.0 ni, 84.1 id,  0.0 wa,  0.0 hi,  0.6 si,  0.1 st
%Cpu(s):  9.4 us,  5.0 sy,  0.0 ni, 84.8 id,  0.0 wa,  0.0 hi,  0.9 si,  0.0 st
%Cpu(s): 11.4 us,  6.0 sy,  0.0 ni, 81.8 id,  0.0 wa,  0.0 hi,  0.7 si,  0.0 st
%Cpu(s): 10.4 us,  5.3 sy,  0.0 ni, 83.5 id,  0.0 wa,  0.0 hi,  0.8 si,  0.0 st
%Cpu(s): 10.3 us,  5.3 sy,  0.0 ni, 83.8 id,  0.0 wa,  0.0 hi,  0.5 si,  0.1 st
%Cpu(s):  9.9 us,  5.6 sy,  0.0 ni, 83.7 id,  0.0 wa,  0.0 hi,  0.8 si,  0.1 st
%Cpu(s):  8.1 us,  4.9 sy,  0.0 ni, 86.6 id,  0.0 wa,  0.0 hi,  0.4 si,  0.0 st
%Cpu(s):  9.8 us,  5.1 sy,  0.0 ni, 84.2 id,  0.0 wa,  0.0 hi,  0.9 si,  0.0 st
%Cpu(s): 10.2 us,  5.0 sy,  0.0 ni, 83.9 id,  0.0 wa,  0.0 hi,  0.9 si,  0.0 st
%Cpu(s):  9.1 us,  4.3 sy,  0.0 ni, 85.8 id,  0.0 wa,  0.0 hi,  0.8 si,  0.0 st
%Cpu(s):  2.5 us,  1.6 sy,  0.0 ni, 95.4 id,  0.0 wa,  0.0 hi,  0.3 si,  0.3 st
%Cpu(s):  2.4 us,  1.6 sy,  0.0 ni, 96.0 id,  0.0 wa,  0.0 hi,  0.0 si,  0.0 st
%Cpu(s):  2.0 us,  0.8 sy,  0.0 ni, 97.1 id,  0.0 wa,  0.0 hi,  0.0 si,  0.1 st
%Cpu(s):  1.4 us,  1.3 sy,  0.0 ni, 97.2 id,  0.0 wa,  0.0 hi,  0.0 si,  0.1 st
%Cpu(s):  2.7 us,  3.2 sy,  0.0 ni, 94.0 id,  0.0 wa,  0.0 hi,  0.0 si,  0.0 st
%Cpu(s):  3.9 us,  1.9 sy,  0.0 ni, 94.0 id,  0.0 wa,  0.0 hi,  0.1 si,  0.1 st
%Cpu(s):  4.5 us,  2.2 sy,  0.0 ni, 93.3 id,  0.0 wa,  0.0 hi,  0.0 si,  0.0 st
%Cpu(s):  2.9 us,  2.6 sy,  0.0 ni, 94.0 id,  0.1 wa,  0.0 hi,  0.2 si,  0.1 st
%Cpu(s):  2.2 us,  2.6 sy,  0.0 ni, 95.0 id,  0.0 wa,  0.0 hi,  0.1 si,  0.0 st
%Cpu(s):  2.8 us,  3.1 sy,  0.0 ni, 93.9 id,  0.0 wa,  0.0 hi,  0.1 si,  0.1 st
%Cpu(s):  2.9 us,  2.4 sy,  0.0 ni, 94.8 id,  0.0 wa,  0.0 hi,  0.0 si,  0.0 st
%Cpu(s):  1.8 us,  1.0 sy,  0.0 ni, 97.1 id,  0.0 wa,  0.0 hi,  0.0 si,  0.1 st
%Cpu(s):  2.5 us,  1.5 sy,  0.0 ni, 95.8 id,  0.1 wa,  0.0 hi,  0.0 si,  0.1 st
%Cpu(s):  2.4 us,  1.8 sy,  0.0 ni, 95.6 id,  0.0 wa,  0.0 hi,  0.1 si,  0.1 st
%Cpu(s):  3.0 us,  2.7 sy,  0.0 ni, 94.3 id,  0.0 wa,  0.0 hi,  0.0 si,  0.0 st
%Cpu(s):  2.2 us,  2.7 sy,  0.0 ni, 94.8 id,  0.0 wa,  0.0 hi,  0.1 si,  0.1 st
%Cpu(s):  2.0 us,  2.6 sy,  0.0 ni, 95.4 id,  0.0 wa,  0.0 hi,  0.0 si,  0.0 st
%Cpu(s):  2.1 us,  3.6 sy,  0.0 ni, 94.1 id,  0.0 wa,  0.0 hi,  0.0 si,  0.1 st
%Cpu(s):  2.5 us,  2.0 sy,  0.0 ni, 95.5 id,  0.0 wa,  0.0 hi,  0.0 si,  0.0 st
%Cpu(s):  3.5 us,  1.9 sy,  0.0 ni, 94.3 id,  0.0 wa,  0.0 hi,  0.0 si,  0.3 st
