%Cpu(s):  8.9 us,  0.9 sy,  0.0 ni, 90.1 id,  0.0 wa,  0.0 hi,  0.1 si,  0.0 st
%Cpu(s): 96.8 us,  2.9 sy,  0.0 ni,  0.4 id,  0.0 wa,  0.0 hi,  0.0 si,  0.0 st
%Cpu(s): 25.9 us,  1.4 sy,  0.0 ni, 72.3 id,  0.1 wa,  0.0 hi,  0.3 si,  0.0 st
%Cpu(s):  7.2 us,  1.5 sy,  0.0 ni, 91.0 id,  0.0 wa,  0.0 hi,  0.2 si,  0.0 st
%Cpu(s):  5.5 us,  1.8 sy,  0.0 ni, 92.7 id,  0.0 wa,  0.0 hi,  0.0 si,  0.0 st
%Cpu(s):  3.8 us,  1.8 sy,  0.0 ni, 94.4 id,  0.0 wa,  0.0 hi,  0.0 si,  0.1 st
%Cpu(s): 10.6 us,  2.6 sy,  0.0 ni, 86.5 id,  0.0 wa,  0.0 hi,  0.1 si,  0.1 st
%Cpu(s):  2.8 us,  1.5 sy,  0.0 ni, 95.7 id,  0.0 wa,  0.0 hi,  0.0 si,  0.0 st
%Cpu(s):  3.4 us,  1.9 sy,  0.0 ni, 94.7 id,  0.0 wa,  0.0 hi,  0.0 si,  0.0 st
%Cpu(s):  5.8 us,  1.9 sy,  0.0 ni, 92.1 id,  0.0 wa,  0.0 hi,  0.1 si,  0.1 st
%Cpu(s): 36.5 us,  4.1 sy,  0.0 ni, 58.9 id,  0.0 wa,  0.0 hi,  0.5 si,  0.0 st
%Cpu(s): 82.1 us,  8.8 sy,  0.0 ni,  7.9 id,  0.0 wa,  0.0 hi,  1.3 si,  0.0 st
%Cpu(s): 88.7 us,  9.4 sy,  0.0 ni,  0.0 id,  0.0 wa,  0.0 hi,  2.0 si,  0.0 st
%Cpu(s): 87.9 us, 10.0 sy,  0.0 ni,  0.1 id,  0.0 wa,  0.0 hi,  2.0 si,  0.0 st
%Cpu(s): 86.6 us, 11.1 sy,  0.0 ni,  0.0 id,  0.0 wa,  0.0 hi,  2.4 si,  0.0 st
%Cpu(s): 86.6 us, 11.5 sy,  0.0 ni,  0.0 id,  0.0 wa,  0.0 hi,  2.0 si,  0.0 st
%Cpu(s): 88.4 us, 10.1 sy,  0.0 ni,  0.0 id,  0.0 wa,  0.0 hi,  1.5 si,  0.0 st
%Cpu(s): 88.7 us,  9.7 sy,  0.0 ni,  0.0 id,  0.0 wa,  0.0 hi,  1.6 si,  0.0 st
%Cpu(s): 89.4 us,  8.8 sy,  0.0 ni,  0.2 id,  0.0 wa,  0.0 hi,  1.5 si,  0.0 st
%Cpu(s): 90.0 us,  8.7 sy,  0.0 ni,  0.0 id,  0.0 wa,  0.0 hi,  1.2 si,  0.0 st
%Cpu(s): 88.5 us,  9.4 sy,  0.0 ni,  0.0 id,  0.0 wa,  0.0 hi,  2.1 si,  0.0 st
%Cpu(s): 88.7 us,  9.2 sy,  0.0 ni,  0.0 id,  0.0 wa,  0.0 hi,  2.1 si,  0.0 st
%Cpu(s): 88.2 us,  9.7 sy,  0.0 ni,  0.1 id,  0.0 wa,  0.0 hi,  2.0 si,  0.0 st
%Cpu(s): 90.8 us,  7.7 sy,  0.0 ni,  0.1 id,  0.0 wa,  0.0 hi,  1.4 si,  0.0 st
%Cpu(s): 89.4 us,  8.2 sy,  0.0 ni,  0.1 id,  0.0 wa,  0.0 hi,  2.2 si,  0.0 st
%Cpu(s): 90.7 us,  8.0 sy,  0.0 ni,  0.0 id,  0.0 wa,  0.0 hi,  1.4 si,  0.0 st
%Cpu(s): 89.8 us,  8.3 sy,  0.0 ni,  0.6 id,  0.0 wa,  0.0 hi,  1.2 si,  0.0 st
%Cpu(s): 90.7 us,  7.5 sy,  0.0 ni,  0.4 id,  0.0 wa,  0.0 hi,  1.5 si,  0.0 st
%Cpu(s): 89.3 us,  8.0 sy,  0.0 ni,  1.0 id,  0.0 wa,  0.0 hi,  1.7 si,  0.0 st
%Cpu(s): 39.3 us,  6.2 sy,  0.0 ni, 53.4 id,  0.0 wa,  0.0 hi,  1.0 si,  0.0 st
%Cpu(s): 22.5 us,  5.3 sy,  0.0 ni, 70.7 id,  0.0 wa,  0.0 hi,  1.5 si,  0.0 st
%Cpu(s): 31.0 us,  5.9 sy,  0.0 ni, 61.8 id,  0.0 wa,  0.0 hi,  1.3 si,  0.0 st
%Cpu(s): 28.7 us,  5.1 sy,  0.0 ni, 64.2 id,  0.0 wa,  0.0 hi,  2.0 si,  0.0 st
%Cpu(s): 33.8 us,  5.4 sy,  0.0 ni, 59.0 id,  0.0 wa,  0.0 hi,  1.8 si,  0.0 st
%Cpu(s): 24.7 us,  5.6 sy,  0.0 ni, 68.2 id,  0.0 wa,  0.0 hi,  1.5 si,  0.0 st
%Cpu(s): 13.7 us,  5.5 sy,  0.0 ni, 79.9 id,  0.0 wa,  0.0 hi,  0.9 si,  0.0 st
%Cpu(s): 10.5 us,  5.1 sy,  0.0 ni, 82.7 id,  0.0 wa,  0.0 hi,  1.7 si,  0.1 st
%Cpu(s): 10.3 us,  5.7 sy,  0.0 ni, 82.5 id,  0.0 wa,  0.0 hi,  1.5 si,  0.0 st
%Cpu(s): 18.3 us,  5.5 sy,  0.0 ni, 74.5 id,  0.0 wa,  0.0 hi,  1.7 si,  0.0 st
%Cpu(s): 33.2 us,  6.1 sy,  0.0 ni, 58.8 id,  0.0 wa,  0.0 hi,  1.7 si,  0.1 st
%Cpu(s): 25.8 us,  5.5 sy,  0.0 ni, 67.4 id,  0.0 wa,  0.0 hi,  1.3 si,  0.0 st
%Cpu(s): 24.0 us,  6.1 sy,  0.0 ni, 68.3 id,  0.0 wa,  0.0 hi,  1.6 si,  0.0 st
%Cpu(s): 32.8 us,  6.2 sy,  0.0 ni, 59.4 id,  0.0 wa,  0.0 hi,  1.6 si,  0.0 st
%Cpu(s): 31.8 us,  6.8 sy,  0.0 ni, 59.7 id,  0.0 wa,  0.0 hi,  1.6 si,  0.1 st
%Cpu(s): 46.2 us,  5.7 sy,  0.0 ni, 46.7 id,  0.0 wa,  0.0 hi,  1.3 si,  0.0 st
%Cpu(s): 35.3 us,  6.5 sy,  0.0 ni, 56.9 id,  0.0 wa,  0.0 hi,  1.3 si,  0.0 st
%Cpu(s): 23.0 us,  5.7 sy,  0.0 ni, 70.0 id,  0.0 wa,  0.0 hi,  1.4 si,  0.0 st
%Cpu(s): 13.2 us,  6.5 sy,  0.0 ni, 79.1 id,  0.1 wa,  0.0 hi,  1.1 si,  0.0 st
%Cpu(s): 10.6 us,  6.7 sy,  0.0 ni, 81.4 id,  0.0 wa,  0.0 hi,  1.3 si,  0.0 st
%Cpu(s): 38.9 us,  7.1 sy,  0.0 ni, 52.7 id,  0.0 wa,  0.0 hi,  1.4 si,  0.0 st
%Cpu(s): 17.6 us,  5.2 sy,  0.0 ni, 75.6 id,  0.0 wa,  0.0 hi,  1.6 si,  0.0 st
%Cpu(s): 12.1 us,  5.1 sy,  0.0 ni, 81.4 id,  0.0 wa,  0.0 hi,  1.4 si,  0.0 st
%Cpu(s): 23.5 us,  5.6 sy,  0.0 ni, 69.1 id,  0.0 wa,  0.0 hi,  1.8 si,  0.0 st
%Cpu(s): 15.6 us,  5.0 sy,  0.0 ni, 78.2 id,  0.0 wa,  0.0 hi,  1.1 si,  0.1 st
%Cpu(s): 15.0 us,  5.8 sy,  0.0 ni, 77.7 id,  0.0 wa,  0.0 hi,  1.4 si,  0.0 st
%Cpu(s): 18.8 us,  6.8 sy,  0.0 ni, 72.8 id,  0.0 wa,  0.0 hi,  1.6 si,  0.0 st
%Cpu(s): 19.5 us,  5.1 sy,  0.0 ni, 73.9 id,  0.0 wa,  0.0 hi,  1.4 si,  0.1 st
%Cpu(s): 19.5 us,  5.4 sy,  0.0 ni, 73.2 id,  0.0 wa,  0.0 hi,  1.9 si,  0.0 st
%Cpu(s):  7.7 us,  5.2 sy,  0.0 ni, 85.4 id,  0.0 wa,  0.0 hi,  1.7 si,  0.0 st
%Cpu(s):  8.3 us,  5.5 sy,  0.0 ni, 84.6 id,  0.0 wa,  0.0 hi,  1.5 si,  0.0 st
%Cpu(s):  7.8 us,  5.0 sy,  0.0 ni, 85.8 id,  0.0 wa,  0.0 hi,  1.3 si,  0.1 st
%Cpu(s):  4.8 us,  3.5 sy,  0.0 ni, 91.5 id,  0.1 wa,  0.0 hi,  0.1 si,  0.0 st
%Cpu(s):  2.7 us,  2.4 sy,  0.0 ni, 94.8 id,  0.0 wa,  0.0 hi,  0.1 si,  0.0 st
%Cpu(s):  1.5 us,  2.3 sy,  0.0 ni, 96.2 id,  0.0 wa,  0.0 hi,  0.0 si,  0.0 st
%Cpu(s):  1.5 us,  2.1 sy,  0.0 ni, 96.2 id,  0.0 wa,  0.0 hi,  0.0 si,  0.1 st
%Cpu(s):  2.6 us,  1.9 sy,  0.0 ni, 95.5 id,  0.0 wa,  0.0 hi,  0.0 si,  0.0 st
%Cpu(s):  2.4 us,  2.5 sy,  0.0 ni, 95.2 id,  0.0 wa,  0.0 hi,  0.0 si,  0.0 st
%Cpu(s):  3.0 us,  1.8 sy,  0.0 ni, 95.2 id,  0.0 wa,  0.0 hi,  0.0 si,  0.0 st
%Cpu(s):  2.6 us,  3.0 sy,  0.0 ni, 94.4 id,  0.0 wa,  0.0 hi,  0.0 si,  0.0 st
%Cpu(s):  1.3 us,  1.8 sy,  0.0 ni, 96.8 id,  0.0 wa,  0.0 hi,  0.1 si,  0.0 st
%Cpu(s):  3.3 us,  2.5 sy,  0.0 ni, 94.2 id,  0.0 wa,  0.0 hi,  0.0 si,  0.0 st
%Cpu(s):  4.5 us,  2.0 sy,  0.0 ni, 93.3 id,  0.0 wa,  0.0 hi,  0.0 si,  0.1 st
%Cpu(s):  3.5 us,  2.1 sy,  0.0 ni, 94.2 id,  0.1 wa,  0.0 hi,  0.0 si,  0.0 st
%Cpu(s):  2.3 us,  2.4 sy,  0.0 ni, 95.2 id,  0.0 wa,  0.0 hi,  0.0 si,  0.1 st
%Cpu(s):  2.8 us,  2.0 sy,  0.0 ni, 95.2 id,  0.0 wa,  0.0 hi,  0.0 si,  0.0 st
%Cpu(s):  4.0 us,  1.9 sy,  0.0 ni, 93.9 id,  0.0 wa,  0.0 hi,  0.0 si,  0.1 st
%Cpu(s): 14.4 us,  3.1 sy,  0.0 ni, 82.4 id,  0.0 wa,  0.0 hi,  0.1 si,  0.0 st
%Cpu(s):  4.3 us,  1.6 sy,  0.0 ni, 94.0 id,  0.1 wa,  0.0 hi,  0.0 si,  0.0 st
%Cpu(s):  2.1 us,  2.0 sy,  0.0 ni, 95.7 id,  0.0 wa,  0.0 hi,  0.0 si,  0.1 st
%Cpu(s):  1.4 us,  1.9 sy,  0.0 ni, 96.7 id,  0.0 wa,  0.0 hi,  0.0 si,  0.0 st
%Cpu(s):  2.5 us,  1.8 sy,  0.0 ni, 95.6 id,  0.0 wa,  0.0 hi,  0.1 si,  0.0 st
%Cpu(s):  2.8 us,  2.0 sy,  0.0 ni, 95.1 id,  0.0 wa,  0.0 hi,  0.0 si,  0.1 st
%Cpu(s):  1.6 us,  2.1 sy,  0.0 ni, 96.2 id,  0.0 wa,  0.0 hi,  0.0 si,  0.0 st
%Cpu(s):  2.3 us,  2.6 sy,  0.0 ni, 95.1 id,  0.0 wa,  0.0 hi,  0.0 si,  0.0 st
