%Cpu(s): 14.4 us,  1.1 sy,  0.0 ni, 84.3 id,  0.0 wa,  0.0 hi,  0.1 si,  0.0 st
%Cpu(s): 97.5 us,  2.2 sy,  0.0 ni,  0.0 id,  0.0 wa,  0.0 hi,  0.2 si,  0.0 st
%Cpu(s): 97.1 us,  2.6 sy,  0.0 ni,  0.0 id,  0.0 wa,  0.0 hi,  0.2 si,  0.0 st
%Cpu(s): 97.0 us,  2.7 sy,  0.0 ni,  0.0 id,  0.0 wa,  0.0 hi,  0.2 si,  0.0 st
%Cpu(s): 95.7 us,  4.1 sy,  0.0 ni,  0.0 id,  0.0 wa,  0.0 hi,  0.2 si,  0.0 st
%Cpu(s): 96.0 us,  3.6 sy,  0.0 ni,  0.0 id,  0.0 wa,  0.0 hi,  0.4 si,  0.0 st
%Cpu(s): 97.5 us,  2.5 sy,  0.0 ni,  0.0 id,  0.0 wa,  0.0 hi,  0.0 si,  0.0 st
%Cpu(s): 97.3 us,  2.7 sy,  0.0 ni,  0.0 id,  0.0 wa,  0.0 hi,  0.0 si,  0.0 st
%Cpu(s): 95.4 us,  4.4 sy,  0.0 ni,  0.0 id,  0.0 wa,  0.0 hi,  0.1 si,  0.1 st
%Cpu(s): 93.3 us,  6.1 sy,  0.0 ni,  0.0 id,  0.0 wa,  0.0 hi,  0.6 si,  0.0 st
%Cpu(s): 93.1 us,  6.0 sy,  0.0 ni,  0.0 id,  0.0 wa,  0.0 hi,  0.9 si,  0.0 st
%Cpu(s): 89.3 us,  9.5 sy,  0.0 ni,  0.0 id,  0.0 wa,  0.0 hi,  1.1 si,  0.0 st
%Cpu(s): 87.1 us, 11.0 sy,  0.0 ni,  0.0 id,  0.0 wa,  0.0 hi,  1.7 si,  0.1 st
%Cpu(s): 86.3 us, 11.6 sy,  0.0 ni,  0.0 id,  0.0 wa,  0.0 hi,  2.1 si,  0.0 st
%Cpu(s): 87.1 us, 10.3 sy,  0.0 ni,  0.0 id,  0.0 wa,  0.0 hi,  2.6 si,  0.0 st
%Cpu(s): 86.1 us, 11.2 sy,  0.0 ni,  0.0 id,  0.0 wa,  0.0 hi,  2.6 si,  0.1 st
%Cpu(s): 87.8 us,  9.7 sy,  0.0 ni,  0.0 id,  0.0 wa,  0.0 hi,  2.5 si,  0.0 st
%Cpu(s): 87.6 us, 10.4 sy,  0.0 ni,  0.0 id,  0.0 wa,  0.0 hi,  2.0 si,  0.0 st
%Cpu(s): 87.8 us, 10.1 sy,  0.0 ni,  0.0 id,  0.0 wa,  0.0 hi,  2.1 si,  0.0 st
%Cpu(s): 90.2 us,  8.2 sy,  0.0 ni,  0.0 id,  0.0 wa,  0.0 hi,  1.6 si,  0.0 st
%Cpu(s): 86.9 us, 10.5 sy,  0.0 ni,  0.0 id,  0.0 wa,  0.0 hi,  2.6 si,  0.0 st
%Cpu(s): 89.0 us,  8.9 sy,  0.0 ni,  0.0 id,  0.0 wa,  0.0 hi,  2.0 si,  0.1 st
%Cpu(s): 88.6 us,  8.9 sy,  0.0 ni,  0.0 id,  0.0 wa,  0.0 hi,  2.5 si,  0.0 st
%Cpu(s): 90.3 us,  8.3 sy,  0.0 ni,  0.0 id,  0.0 wa,  0.0 hi,  1.4 si,  0.0 st
%Cpu(s): 88.2 us,  9.8 sy,  0.0 ni,  0.0 id,  0.0 wa,  0.0 hi,  1.9 si,  0.1 st
%Cpu(s): 88.4 us,  9.5 sy,  0.0 ni,  0.0 id,  0.0 wa,  0.0 hi,  2.1 si,  0.0 st
%Cpu(s): 90.7 us,  7.3 sy,  0.0 ni,  0.0 id,  0.0 wa,  0.0 hi,  2.0 si,  0.0 st
%Cpu(s): 90.1 us,  8.3 sy,  0.0 ni,  0.0 id,  0.0 wa,  0.0 hi,  1.6 si,  0.0 st
%Cpu(s): 89.5 us,  9.1 sy,  0.0 ni,  0.0 id,  0.0 wa,  0.0 hi,  1.2 si,  0.1 st
%Cpu(s): 91.1 us,  6.9 sy,  0.0 ni,  0.0 id,  0.0 wa,  0.0 hi,  2.0 si,  0.0 st
%Cpu(s): 91.0 us,  7.3 sy,  0.0 ni,  0.0 id,  0.0 wa,  0.0 hi,  1.6 si,  0.0 st
%Cpu(s): 90.6 us,  7.8 sy,  0.0 ni,  0.0 id,  0.0 wa,  0.0 hi,  1.6 si,  0.0 st
%Cpu(s): 89.7 us,  8.7 sy,  0.0 ni,  0.0 id,  0.0 wa,  0.0 hi,  1.6 si,  0.0 st
%Cpu(s): 90.0 us,  7.7 sy,  0.0 ni,  0.0 id,  0.0 wa,  0.0 hi,  2.2 si,  0.1 st
%Cpu(s): 89.2 us,  9.4 sy,  0.0 ni,  0.0 id,  0.0 wa,  0.0 hi,  1.4 si,  0.0 st
%Cpu(s): 89.2 us,  9.0 sy,  0.0 ni,  0.0 id,  0.0 wa,  0.0 hi,  1.9 si,  0.0 st
%Cpu(s): 90.3 us,  7.8 sy,  0.0 ni,  0.0 id,  0.0 wa,  0.0 hi,  1.9 si,  0.0 st
%Cpu(s): 90.7 us,  8.1 sy,  0.0 ni,  0.0 id,  0.0 wa,  0.0 hi,  1.1 si,  0.1 st
%Cpu(s): 89.6 us,  8.7 sy,  0.0 ni,  0.0 id,  0.0 wa,  0.0 hi,  1.7 si,  0.0 st
%Cpu(s): 90.3 us,  7.5 sy,  0.0 ni,  0.4 id,  0.0 wa,  0.0 hi,  1.7 si,  0.1 st
%Cpu(s): 90.0 us,  7.6 sy,  0.0 ni,  0.5 id,  0.0 wa,  0.0 hi,  2.0 si,  0.0 st
%Cpu(s): 88.4 us,  7.6 sy,  0.0 ni,  2.5 id,  0.0 wa,  0.0 hi,  1.6 si,  0.0 st
%Cpu(s): 68.8 us,  7.6 sy,  0.0 ni, 21.6 id,  0.0 wa,  0.0 hi,  2.0 si,  0.0 st
%Cpu(s): 67.3 us,  7.4 sy,  0.0 ni, 23.2 id,  0.0 wa,  0.0 hi,  2.1 si,  0.0 st
%Cpu(s): 77.5 us,  8.1 sy,  0.0 ni, 12.7 id,  0.0 wa,  0.0 hi,  1.6 si,  0.0 st
%Cpu(s): 38.3 us,  6.3 sy,  0.0 ni, 53.6 id,  0.0 wa,  0.0 hi,  1.8 si,  0.0 st
%Cpu(s): 43.4 us,  6.9 sy,  0.0 ni, 47.9 id,  0.0 wa,  0.0 hi,  1.6 si,  0.1 st
%Cpu(s): 38.6 us,  7.2 sy,  0.0 ni, 52.5 id,  0.0 wa,  0.0 hi,  1.5 si,  0.1 st
%Cpu(s): 36.9 us,  6.3 sy,  0.0 ni, 55.3 id,  0.0 wa,  0.0 hi,  1.5 si,  0.0 st
%Cpu(s): 41.4 us,  7.4 sy,  0.0 ni, 49.1 id,  0.0 wa,  0.0 hi,  2.0 si,  0.1 st
%Cpu(s): 28.8 us,  6.3 sy,  0.0 ni, 63.2 id,  0.0 wa,  0.0 hi,  1.6 si,  0.0 st
%Cpu(s): 56.0 us,  7.0 sy,  0.0 ni, 35.4 id,  0.0 wa,  0.0 hi,  1.6 si,  0.0 st
%Cpu(s): 44.0 us,  6.7 sy,  0.0 ni, 47.2 id,  0.0 wa,  0.0 hi,  2.0 si,  0.1 st
%Cpu(s): 22.8 us,  7.2 sy,  0.0 ni, 68.7 id,  0.0 wa,  0.0 hi,  1.4 si,  0.0 st
%Cpu(s): 58.8 us,  6.1 sy,  0.0 ni, 32.7 id,  0.0 wa,  0.0 hi,  2.3 si,  0.1 st
%Cpu(s): 34.6 us,  6.5 sy,  0.0 ni, 57.0 id,  0.0 wa,  0.0 hi,  1.9 si,  0.0 st
%Cpu(s): 33.6 us,  5.9 sy,  0.0 ni, 58.1 id,  0.0 wa,  0.0 hi,  2.3 si,  0.1 st
%Cpu(s): 27.3 us,  7.3 sy,  0.0 ni, 63.2 id,  0.0 wa,  0.0 hi,  2.0 si,  0.1 st
%Cpu(s): 21.3 us,  6.4 sy,  0.0 ni, 69.9 id,  0.0 wa,  0.0 hi,  2.3 si,  0.0 st
%Cpu(s): 17.8 us,  4.9 sy,  0.0 ni, 74.7 id,  0.0 wa,  0.0 hi,  2.5 si,  0.0 st
%Cpu(s): 14.7 us,  6.1 sy,  0.0 ni, 77.6 id,  0.0 wa,  0.0 hi,  1.5 si,  0.1 st
%Cpu(s):  7.8 us,  3.5 sy,  0.0 ni, 88.1 id,  0.0 wa,  0.0 hi,  0.6 si,  0.0 st
%Cpu(s):  5.6 us,  1.7 sy,  0.0 ni, 92.5 id,  0.0 wa,  0.0 hi,  0.0 si,  0.1 st
%Cpu(s):  3.2 us,  1.7 sy,  0.0 ni, 94.9 id,  0.0 wa,  0.0 hi,  0.0 si,  0.1 st
%Cpu(s):  9.7 us,  2.0 sy,  0.0 ni, 88.0 id,  0.1 wa,  0.0 hi,  0.1 si,  0.0 st
%Cpu(s): 15.4 us,  2.5 sy,  0.0 ni, 82.0 id,  0.0 wa,  0.0 hi,  0.1 si,  0.0 st
%Cpu(s):  7.8 us,  1.8 sy,  0.0 ni, 90.5 id,  0.0 wa,  0.0 hi,  0.0 si,  0.0 st
%Cpu(s):  5.2 us,  3.0 sy,  0.0 ni, 91.7 id,  0.0 wa,  0.0 hi,  0.1 si,  0.0 st
%Cpu(s): 16.0 us,  3.1 sy,  0.0 ni, 80.8 id,  0.0 wa,  0.0 hi,  0.1 si,  0.0 st
%Cpu(s): 10.7 us,  1.9 sy,  0.0 ni, 87.4 id,  0.0 wa,  0.0 hi,  0.0 si,  0.0 st
%Cpu(s):  3.9 us,  2.8 sy,  0.0 ni, 93.3 id,  0.0 wa,  0.0 hi,  0.0 si,  0.0 st
%Cpu(s):  3.2 us,  2.3 sy,  0.0 ni, 94.6 id,  0.0 wa,  0.0 hi,  0.0 si,  0.0 st
%Cpu(s):  3.8 us,  2.0 sy,  0.0 ni, 94.0 id,  0.0 wa,  0.0 hi,  0.1 si,  0.1 st
%Cpu(s):  3.3 us,  2.3 sy,  0.0 ni, 94.5 id,  0.0 wa,  0.0 hi,  0.0 si,  0.0 st
%Cpu(s):  3.0 us,  1.5 sy,  0.0 ni, 95.2 id,  0.1 wa,  0.0 hi,  0.0 si,  0.1 st
%Cpu(s): 11.2 us,  1.8 sy,  0.0 ni, 86.9 id,  0.0 wa,  0.0 hi,  0.0 si,  0.1 st
%Cpu(s): 12.0 us,  1.9 sy,  0.0 ni, 85.8 id,  0.0 wa,  0.0 hi,  0.1 si,  0.1 st
%Cpu(s):  2.5 us,  1.9 sy,  0.0 ni, 95.6 id,  0.0 wa,  0.0 hi,  0.0 si,  0.0 st
%Cpu(s):  3.6 us,  2.4 sy,  0.0 ni, 93.9 id,  0.0 wa,  0.0 hi,  0.1 si,  0.0 st
%Cpu(s):  2.8 us,  2.4 sy,  0.0 ni, 94.6 id,  0.0 wa,  0.0 hi,  0.1 si,  0.1 st
