%Cpu(s):  3.9 us,  0.6 sy,  0.0 ni, 95.4 id,  0.0 wa,  0.0 hi,  0.1 si,  0.0 st
%Cpu(s): 20.6 us,  1.2 sy,  0.0 ni, 78.2 id,  0.0 wa,  0.0 hi,  0.0 si,  0.0 st
%Cpu(s): 24.7 us,  0.7 sy,  0.0 ni, 74.6 id,  0.0 wa,  0.0 hi,  0.0 si,  0.0 st
%Cpu(s): 30.1 us,  1.3 sy,  0.0 ni, 68.7 id,  0.0 wa,  0.0 hi,  0.0 si,  0.0 st
%Cpu(s): 29.9 us,  0.7 sy,  0.0 ni, 69.4 id,  0.0 wa,  0.0 hi,  0.0 si,  0.0 st
%Cpu(s): 37.7 us,  1.1 sy,  0.0 ni, 60.9 id,  0.0 wa,  0.0 hi,  0.1 si,  0.1 st
%Cpu(s):  3.1 us,  0.1 sy,  0.0 ni, 96.8 id,  0.0 wa,  0.0 hi,  0.0 si,  0.0 st
%Cpu(s):  0.0 us,  0.0 sy,  0.0 ni,100.0 id,  0.0 wa,  0.0 hi,  0.0 si,  0.0 st
%Cpu(s): 29.1 us,  3.4 sy,  0.0 ni, 67.5 id,  0.0 wa,  0.0 hi,  0.0 si,  0.0 st
%Cpu(s): 82.2 us,  4.4 sy,  0.0 ni, 13.4 id,  0.0 wa,  0.0 hi,  0.0 si,  0.0 st
%Cpu(s): 82.4 us,  2.7 sy,  0.0 ni, 14.7 id,  0.0 wa,  0.0 hi,  0.1 si,  0.0 st
%Cpu(s): 78.0 us,  2.4 sy,  0.0 ni, 19.5 id,  0.0 wa,  0.0 hi,  0.0 si,  0.1 st
%Cpu(s): 94.9 us,  1.7 sy,  0.0 ni,  3.2 id,  0.0 wa,  0.0 hi,  0.1 si,  0.0 st
%Cpu(s): 98.3 us,  1.2 sy,  0.0 ni,  0.5 id,  0.0 wa,  0.0 hi,  0.0 si,  0.0 st
%Cpu(s): 97.1 us,  2.1 sy,  0.0 ni,  0.7 id,  0.0 wa,  0.0 hi,  0.0 si,  0.0 st
%Cpu(s): 95.9 us,  2.6 sy,  0.0 ni,  1.5 id,  0.0 wa,  0.0 hi,  0.0 si,  0.0 st
%Cpu(s): 73.0 us,  2.2 sy,  0.0 ni, 24.5 id,  0.0 wa,  0.0 hi,  0.2 si,  0.0 st
%Cpu(s):  2.9 us,  0.9 sy,  0.0 ni, 96.3 id,  0.0 wa,  0.0 hi,  0.0 si,  0.0 st
%Cpu(s):  3.2 us,  1.5 sy,  0.0 ni, 95.3 id,  0.0 wa,  0.0 hi,  0.0 si,  0.0 st
%Cpu(s):  2.6 us,  1.2 sy,  0.0 ni, 96.1 id,  0.0 wa,  0.0 hi,  0.0 si,  0.0 st
%Cpu(s): 25.2 us,  2.3 sy,  0.0 ni, 72.6 id,  0.0 wa,  0.0 hi,  0.0 si,  0.0 st
%Cpu(s): 31.1 us,  2.8 sy,  0.0 ni, 65.9 id,  0.0 wa,  0.0 hi,  0.3 si,  0.0 st
%Cpu(s): 20.4 us,  2.8 sy,  0.0 ni, 76.2 id,  0.0 wa,  0.0 hi,  0.5 si,  0.1 st
%Cpu(s): 12.3 us,  2.8 sy,  0.0 ni, 84.6 id,  0.0 wa,  0.0 hi,  0.3 si,  0.0 st
%Cpu(s): 42.0 us,  2.3 sy,  0.0 ni, 55.5 id,  0.0 wa,  0.0 hi,  0.3 si,  0.0 st
%Cpu(s): 55.8 us,  4.0 sy,  0.0 ni, 39.9 id,  0.0 wa,  0.0 hi,  0.3 si,  0.0 st
%Cpu(s): 40.2 us,  4.3 sy,  0.0 ni, 54.7 id,  0.0 wa,  0.0 hi,  0.6 si,  0.1 st
%Cpu(s): 41.7 us,  5.4 sy,  0.0 ni, 52.0 id,  0.0 wa,  0.0 hi,  0.9 si,  0.0 st
%Cpu(s): 42.8 us,  3.7 sy,  0.0 ni, 51.9 id,  0.0 wa,  0.0 hi,  1.5 si,  0.1 st
%Cpu(s): 43.4 us,  4.1 sy,  0.0 ni, 51.7 id,  0.0 wa,  0.0 hi,  0.8 si,  0.0 st
%Cpu(s): 43.4 us,  4.2 sy,  0.0 ni, 51.5 id,  0.0 wa,  0.0 hi,  0.9 si,  0.0 st
%Cpu(s): 42.7 us,  4.9 sy,  0.0 ni, 51.1 id,  0.0 wa,  0.0 hi,  1.3 si,  0.0 st
%Cpu(s): 43.7 us,  4.8 sy,  0.0 ni, 50.5 id,  0.0 wa,  0.0 hi,  1.0 si,  0.0 st
%Cpu(s): 23.6 us,  4.2 sy,  0.0 ni, 71.5 id,  0.0 wa,  0.0 hi,  0.6 si,  0.0 st
%Cpu(s): 20.1 us,  4.2 sy,  0.0 ni, 75.1 id,  0.0 wa,  0.0 hi,  0.6 si,  0.0 st
%Cpu(s): 18.5 us,  3.3 sy,  0.0 ni, 77.5 id,  0.0 wa,  0.0 hi,  0.4 si,  0.3 st
%Cpu(s): 15.6 us,  4.1 sy,  0.0 ni, 79.9 id,  0.0 wa,  0.0 hi,  0.4 si,  0.0 st
%Cpu(s): 12.9 us,  4.4 sy,  0.0 ni, 81.6 id,  0.0 wa,  0.0 hi,  0.9 si,  0.1 st
%Cpu(s): 16.0 us,  5.0 sy,  0.0 ni, 78.2 id,  0.0 wa,  0.0 hi,  0.8 si,  0.0 st
%Cpu(s): 24.2 us,  4.3 sy,  0.0 ni, 70.8 id,  0.0 wa,  0.0 hi,  0.6 si,  0.0 st
%Cpu(s):  7.9 us,  4.1 sy,  0.0 ni, 87.2 id,  0.0 wa,  0.0 hi,  0.6 si,  0.1 st
%Cpu(s):  7.0 us,  4.4 sy,  0.0 ni, 87.9 id,  0.0 wa,  0.0 hi,  0.6 si,  0.1 st
%Cpu(s):  7.7 us,  5.4 sy,  0.0 ni, 86.1 id,  0.0 wa,  0.0 hi,  0.9 si,  0.0 st
%Cpu(s): 11.6 us,  5.4 sy,  0.0 ni, 82.2 id,  0.0 wa,  0.0 hi,  0.5 si,  0.4 st
%Cpu(s):  8.3 us,  4.2 sy,  0.0 ni, 86.8 id,  0.0 wa,  0.0 hi,  0.6 si,  0.0 st
%Cpu(s):  8.0 us,  4.3 sy,  0.0 ni, 87.2 id,  0.0 wa,  0.0 hi,  0.4 si,  0.0 st
%Cpu(s): 13.6 us,  4.4 sy,  0.0 ni, 81.6 id,  0.0 wa,  0.0 hi,  0.4 si,  0.0 st
%Cpu(s):  9.5 us,  4.5 sy,  0.0 ni, 85.2 id,  0.0 wa,  0.0 hi,  0.6 si,  0.1 st
%Cpu(s): 12.3 us,  4.1 sy,  0.0 ni, 83.1 id,  0.0 wa,  0.0 hi,  0.5 si,  0.0 st
%Cpu(s): 15.8 us,  3.9 sy,  0.0 ni, 79.2 id,  0.1 wa,  0.0 hi,  0.8 si,  0.1 st
%Cpu(s):  6.2 us,  4.8 sy,  0.0 ni, 88.3 id,  0.0 wa,  0.0 hi,  0.6 si,  0.0 st
%Cpu(s):  6.0 us,  3.9 sy,  0.0 ni, 89.1 id,  0.0 wa,  0.0 hi,  0.8 si,  0.3 st
%Cpu(s):  8.8 us,  4.6 sy,  0.0 ni, 86.3 id,  0.0 wa,  0.0 hi,  0.4 si,  0.0 st
%Cpu(s):  6.3 us,  4.3 sy,  0.0 ni, 88.7 id,  0.0 wa,  0.0 hi,  0.6 si,  0.0 st
%Cpu(s):  5.2 us,  4.3 sy,  0.0 ni, 89.1 id,  0.0 wa,  0.0 hi,  0.6 si,  0.6 st
%Cpu(s):  5.8 us,  4.5 sy,  0.0 ni, 88.9 id,  0.0 wa,  0.0 hi,  0.6 si,  0.1 st
%Cpu(s):  9.5 us,  4.5 sy,  0.0 ni, 85.3 id,  0.0 wa,  0.0 hi,  0.5 si,  0.1 st
%Cpu(s): 13.8 us,  4.1 sy,  0.0 ni, 81.3 id,  0.0 wa,  0.0 hi,  0.6 si,  0.1 st
%Cpu(s): 17.3 us,  3.8 sy,  0.0 ni, 78.2 id,  0.0 wa,  0.0 hi,  0.5 si,  0.1 st
%Cpu(s):  7.9 us,  3.3 sy,  0.0 ni, 87.9 id,  0.0 wa,  0.0 hi,  0.8 si,  0.1 st
%Cpu(s):  5.1 us,  3.8 sy,  0.0 ni, 90.3 id,  0.0 wa,  0.0 hi,  0.8 si,  0.0 st
%Cpu(s):  7.0 us,  3.5 sy,  0.0 ni, 88.9 id,  0.0 wa,  0.0 hi,  0.5 si,  0.1 st
%Cpu(s):  6.0 us,  4.6 sy,  0.0 ni, 88.5 id,  0.0 wa,  0.0 hi,  0.8 si,  0.1 st
%Cpu(s):  7.4 us,  4.8 sy,  0.0 ni, 87.0 id,  0.0 wa,  0.0 hi,  0.5 si,  0.3 st
%Cpu(s):  7.8 us,  5.0 sy,  0.0 ni, 86.6 id,  0.0 wa,  0.0 hi,  0.5 si,  0.0 st
%Cpu(s):  8.1 us,  4.8 sy,  0.0 ni, 86.3 id,  0.0 wa,  0.0 hi,  0.6 si,  0.1 st
%Cpu(s):  7.9 us,  4.3 sy,  0.0 ni, 87.2 id,  0.0 wa,  0.0 hi,  0.6 si,  0.0 st
%Cpu(s): 13.9 us,  4.1 sy,  0.0 ni, 81.3 id,  0.0 wa,  0.0 hi,  0.5 si,  0.1 st
%Cpu(s): 16.2 us,  3.2 sy,  0.0 ni, 80.1 id,  0.0 wa,  0.0 hi,  0.5 si,  0.0 st
%Cpu(s): 13.8 us,  4.2 sy,  0.0 ni, 81.4 id,  0.0 wa,  0.0 hi,  0.6 si,  0.0 st
