%Cpu(s):  2.7 us,  0.5 sy,  0.0 ni, 96.8 id,  0.0 wa,  0.0 hi,  0.0 si,  0.0 st
%Cpu(s):  4.0 us,  2.9 sy,  0.0 ni, 92.9 id,  0.0 wa,  0.0 hi,  0.0 si,  0.2 st
%Cpu(s):  4.9 us,  1.9 sy,  0.0 ni, 93.1 id,  0.0 wa,  0.0 hi,  0.0 si,  0.1 st
%Cpu(s):  4.4 us,  2.9 sy,  0.0 ni, 92.4 id,  0.0 wa,  0.0 hi,  0.1 si,  0.2 st
%Cpu(s):  3.8 us,  2.4 sy,  0.0 ni, 93.6 id,  0.0 wa,  0.0 hi,  0.0 si,  0.3 st
%Cpu(s):  5.6 us,  2.9 sy,  0.0 ni, 91.2 id,  0.0 wa,  0.0 hi,  0.0 si,  0.3 st
%Cpu(s): 14.0 us,  2.9 sy,  0.0 ni, 82.8 id,  0.0 wa,  0.0 hi,  0.0 si,  0.3 st
%Cpu(s): 78.7 us,  5.7 sy,  0.0 ni, 14.8 id,  0.0 wa,  0.0 hi,  0.9 si,  0.0 st
%Cpu(s): 90.4 us,  7.5 sy,  0.0 ni,  0.7 id,  0.0 wa,  0.0 hi,  1.4 si,  0.0 st
%Cpu(s): 90.1 us,  6.7 sy,  0.0 ni,  2.1 id,  0.0 wa,  0.0 hi,  1.1 si,  0.0 st
%Cpu(s): 79.9 us,  5.6 sy,  0.0 ni, 13.1 id,  0.1 wa,  0.0 hi,  1.2 si,  0.0 st
%Cpu(s): 67.6 us,  4.6 sy,  0.0 ni, 26.2 id,  0.0 wa,  0.0 hi,  1.4 si,  0.1 st
%Cpu(s): 50.1 us,  5.3 sy,  0.0 ni, 43.5 id,  0.0 wa,  0.0 hi,  1.1 si,  0.0 st
%Cpu(s): 36.3 us,  4.7 sy,  0.0 ni, 58.4 id,  0.0 wa,  0.0 hi,  0.6 si,  0.0 st
%Cpu(s): 28.7 us,  4.8 sy,  0.0 ni, 65.7 id,  0.0 wa,  0.0 hi,  0.9 si,  0.0 st
%Cpu(s): 27.4 us,  5.3 sy,  0.0 ni, 66.6 id,  0.0 wa,  0.0 hi,  0.6 si,  0.1 st
%Cpu(s): 58.7 us,  5.2 sy,  0.0 ni, 34.9 id,  0.0 wa,  0.0 hi,  1.1 si,  0.1 st
%Cpu(s): 42.8 us,  5.0 sy,  0.0 ni, 51.5 id,  0.0 wa,  0.0 hi,  0.6 si,  0.0 st
%Cpu(s): 43.8 us,  5.1 sy,  0.0 ni, 49.8 id,  0.0 wa,  0.0 hi,  1.3 si,  0.0 st
%Cpu(s): 33.8 us,  5.8 sy,  0.0 ni, 59.8 id,  0.0 wa,  0.0 hi,  0.8 si,  0.0 st
%Cpu(s): 27.1 us,  5.6 sy,  0.0 ni, 66.4 id,  0.0 wa,  0.0 hi,  0.9 si,  0.0 st
%Cpu(s): 13.2 us,  5.2 sy,  0.0 ni, 80.7 id,  0.0 wa,  0.0 hi,  0.9 si,  0.0 st
%Cpu(s): 16.7 us,  5.5 sy,  0.0 ni, 77.1 id,  0.0 wa,  0.0 hi,  0.6 si,  0.1 st
%Cpu(s): 11.8 us,  5.5 sy,  0.0 ni, 82.0 id,  0.0 wa,  0.0 hi,  0.6 si,  0.1 st
%Cpu(s): 10.6 us,  5.5 sy,  0.0 ni, 83.2 id,  0.0 wa,  0.0 hi,  0.6 si,  0.0 st
%Cpu(s): 16.1 us,  5.3 sy,  0.0 ni, 77.7 id,  0.0 wa,  0.0 hi,  0.9 si,  0.0 st
%Cpu(s): 25.8 us,  5.5 sy,  0.0 ni, 67.9 id,  0.0 wa,  0.0 hi,  0.8 si,  0.1 st
%Cpu(s): 13.4 us,  5.2 sy,  0.0 ni, 80.7 id,  0.0 wa,  0.0 hi,  0.6 si,  0.0 st
%Cpu(s):  9.8 us,  5.4 sy,  0.0 ni, 83.6 id,  0.0 wa,  0.0 hi,  1.1 si,  0.0 st
%Cpu(s): 14.4 us,  5.8 sy,  0.0 ni, 79.2 id,  0.0 wa,  0.0 hi,  0.6 si,  0.0 st
%Cpu(s): 10.9 us,  5.6 sy,  0.0 ni, 82.4 id,  0.0 wa,  0.0 hi,  0.9 si,  0.2 st
%Cpu(s):  8.9 us,  6.5 sy,  0.0 ni, 83.9 id,  0.0 wa,  0.0 hi,  0.8 si,  0.0 st
%Cpu(s): 11.0 us,  6.1 sy,  0.0 ni, 82.0 id,  0.0 wa,  0.0 hi,  0.9 si,  0.0 st
%Cpu(s): 10.8 us,  6.0 sy,  0.0 ni, 82.2 id,  0.0 wa,  0.0 hi,  0.9 si,  0.1 st
%Cpu(s): 11.0 us,  5.9 sy,  0.0 ni, 82.7 id,  0.0 wa,  0.0 hi,  0.4 si,  0.0 st
%Cpu(s):  9.5 us,  5.6 sy,  0.0 ni, 84.0 id,  0.0 wa,  0.0 hi,  0.9 si,  0.0 st
%Cpu(s): 11.4 us,  7.2 sy,  0.0 ni, 80.4 id,  0.0 wa,  0.0 hi,  1.0 si,  0.0 st
%Cpu(s): 20.7 us,  5.1 sy,  0.0 ni, 73.4 id,  0.0 wa,  0.0 hi,  0.8 si,  0.0 st
%Cpu(s): 12.0 us,  6.4 sy,  0.0 ni, 80.9 id,  0.0 wa,  0.0 hi,  0.5 si,  0.3 st
%Cpu(s): 13.0 us,  6.3 sy,  0.0 ni, 80.0 id,  0.0 wa,  0.0 hi,  0.6 si,  0.0 st
%Cpu(s): 14.0 us,  3.8 sy,  0.0 ni, 81.1 id,  0.1 wa,  0.0 hi,  1.0 si,  0.0 st
%Cpu(s): 11.4 us,  7.3 sy,  0.0 ni, 80.7 id,  0.0 wa,  0.0 hi,  0.6 si,  0.0 st
%Cpu(s): 11.9 us,  4.3 sy,  0.0 ni, 83.6 id,  0.0 wa,  0.0 hi,  0.3 si,  0.0 st
%Cpu(s):  9.8 us,  5.2 sy,  0.0 ni, 84.0 id,  0.0 wa,  0.0 hi,  1.0 si,  0.0 st
%Cpu(s): 12.8 us,  5.0 sy,  0.0 ni, 81.3 id,  0.0 wa,  0.0 hi,  0.8 si,  0.1 st
%Cpu(s): 16.1 us,  5.2 sy,  0.0 ni, 77.9 id,  0.0 wa,  0.0 hi,  0.8 si,  0.0 st
%Cpu(s): 12.3 us,  4.7 sy,  0.0 ni, 82.1 id,  0.0 wa,  0.0 hi,  0.8 si,  0.1 st
%Cpu(s): 12.8 us,  6.1 sy,  0.0 ni, 80.7 id,  0.0 wa,  0.0 hi,  0.4 si,  0.0 st
%Cpu(s): 10.7 us,  5.6 sy,  0.0 ni, 83.1 id,  0.0 wa,  0.0 hi,  0.6 si,  0.0 st
%Cpu(s):  8.1 us,  5.1 sy,  0.0 ni, 85.9 id,  0.0 wa,  0.0 hi,  0.8 si,  0.1 st
%Cpu(s): 12.6 us,  5.9 sy,  0.0 ni, 80.9 id,  0.0 wa,  0.0 hi,  0.5 si,  0.1 st
%Cpu(s):  8.5 us,  6.1 sy,  0.0 ni, 84.8 id,  0.0 wa,  0.0 hi,  0.6 si,  0.0 st
%Cpu(s):  8.5 us,  5.7 sy,  0.0 ni, 84.8 id,  0.0 wa,  0.0 hi,  1.0 si,  0.0 st
%Cpu(s): 11.1 us,  5.7 sy,  0.0 ni, 82.6 id,  0.0 wa,  0.0 hi,  0.6 si,  0.0 st
%Cpu(s): 10.7 us,  6.2 sy,  0.0 ni, 81.8 id,  0.0 wa,  0.0 hi,  1.1 si,  0.1 st
%Cpu(s): 11.1 us,  6.5 sy,  0.0 ni, 81.5 id,  0.0 wa,  0.0 hi,  1.0 si,  0.0 st
%Cpu(s):  9.6 us,  6.1 sy,  0.0 ni, 83.8 id,  0.0 wa,  0.0 hi,  0.4 si,  0.0 st
%Cpu(s):  8.7 us,  5.6 sy,  0.0 ni, 85.1 id,  0.0 wa,  0.0 hi,  0.5 si,  0.1 st
%Cpu(s):  8.2 us,  5.8 sy,  0.0 ni, 84.8 id,  0.0 wa,  0.0 hi,  1.0 si,  0.1 st
%Cpu(s):  9.0 us,  5.7 sy,  0.0 ni, 84.7 id,  0.0 wa,  0.0 hi,  0.5 si,  0.0 st
%Cpu(s): 10.3 us,  5.1 sy,  0.0 ni, 83.6 id,  0.0 wa,  0.0 hi,  0.9 si,  0.1 st
%Cpu(s):  3.4 us,  3.0 sy,  0.0 ni, 93.5 id,  0.0 wa,  0.0 hi,  0.1 si,  0.0 st
%Cpu(s):  2.7 us,  4.6 sy,  0.0 ni, 92.5 id,  0.0 wa,  0.0 hi,  0.0 si,  0.2 st
%Cpu(s):  3.3 us,  3.8 sy,  0.0 ni, 92.9 id,  0.0 wa,  0.0 hi,  0.0 si,  0.1 st
%Cpu(s):  3.5 us,  2.0 sy,  0.0 ni, 94.3 id,  0.0 wa,  0.0 hi,  0.0 si,  0.2 st
%Cpu(s):  2.4 us,  3.2 sy,  0.0 ni, 94.2 id,  0.0 wa,  0.0 hi,  0.0 si,  0.1 st
%Cpu(s):  4.8 us,  3.1 sy,  0.0 ni, 91.9 id,  0.0 wa,  0.0 hi,  0.1 si,  0.1 st
%Cpu(s):  3.5 us,  2.4 sy,  0.0 ni, 93.8 id,  0.0 wa,  0.0 hi,  0.0 si,  0.4 st
%Cpu(s):  5.0 us,  3.5 sy,  0.0 ni, 91.5 id,  0.0 wa,  0.0 hi,  0.0 si,  0.0 st
%Cpu(s):  9.3 us,  2.7 sy,  0.0 ni, 87.7 id,  0.0 wa,  0.0 hi,  0.0 si,  0.2 st
%Cpu(s):  2.6 us,  2.2 sy,  0.0 ni, 94.6 id,  0.1 wa,  0.0 hi,  0.0 si,  0.4 st
%Cpu(s):  3.7 us,  3.0 sy,  0.0 ni, 93.1 id,  0.0 wa,  0.0 hi,  0.1 si,  0.1 st
%Cpu(s):  3.9 us,  4.4 sy,  0.0 ni, 91.4 id,  0.0 wa,  0.0 hi,  0.0 si,  0.2 st
