%Cpu(s):  0.3 us,  0.0 sy,  0.0 ni, 99.7 id,  0.0 wa,  0.0 hi,  0.0 si,  0.0 st
%Cpu(s):  2.8 us,  3.8 sy,  0.0 ni, 93.4 id,  0.0 wa,  0.0 hi,  0.0 si,  0.1 st
%Cpu(s):  3.1 us,  3.4 sy,  0.0 ni, 93.5 id,  0.0 wa,  0.0 hi,  0.0 si,  0.0 st
%Cpu(s):  2.3 us,  2.0 sy,  0.0 ni, 95.5 id,  0.0 wa,  0.0 hi,  0.0 si,  0.3 st
%Cpu(s):  4.1 us,  2.5 sy,  0.0 ni, 93.1 id,  0.0 wa,  0.0 hi,  0.1 si,  0.1 st
%Cpu(s): 23.9 us,  2.3 sy,  0.0 ni, 73.6 id,  0.0 wa,  0.0 hi,  0.1 si,  0.1 st
%Cpu(s): 66.5 us,  4.0 sy,  0.0 ni, 28.8 id,  0.0 wa,  0.0 hi,  0.6 si,  0.0 st
%Cpu(s): 79.7 us,  4.4 sy,  0.0 ni, 14.7 id,  0.0 wa,  0.0 hi,  1.3 si,  0.0 st
%Cpu(s): 80.4 us,  5.3 sy,  0.0 ni, 12.6 id,  0.0 wa,  0.0 hi,  1.6 si,  0.1 st
%Cpu(s): 91.5 us,  5.9 sy,  0.0 ni,  1.2 id,  0.0 wa,  0.0 hi,  1.4 si,  0.0 st
%Cpu(s): 87.4 us,  4.5 sy,  0.0 ni,  6.6 id,  0.0 wa,  0.0 hi,  1.5 si,  0.0 st
%Cpu(s): 61.1 us,  5.0 sy,  0.0 ni, 32.7 id,  0.0 wa,  0.0 hi,  1.2 si,  0.0 st
%Cpu(s): 35.0 us,  4.7 sy,  0.0 ni, 59.5 id,  0.0 wa,  0.0 hi,  0.9 si,  0.0 st
%Cpu(s): 22.8 us,  5.1 sy,  0.0 ni, 71.4 id,  0.0 wa,  0.0 hi,  0.6 si,  0.0 st
%Cpu(s): 21.7 us,  4.6 sy,  0.0 ni, 73.0 id,  0.0 wa,  0.0 hi,  0.5 si,  0.1 st
%Cpu(s): 38.9 us,  4.4 sy,  0.0 ni, 55.6 id,  0.0 wa,  0.0 hi,  1.1 si,  0.0 st
%Cpu(s): 68.9 us,  4.4 sy,  0.0 ni, 25.5 id,  0.0 wa,  0.0 hi,  1.3 si,  0.0 st
%Cpu(s): 39.7 us,  5.0 sy,  0.0 ni, 54.2 id,  0.0 wa,  0.0 hi,  1.1 si,  0.0 st
%Cpu(s): 44.0 us,  3.7 sy,  0.0 ni, 51.3 id,  0.0 wa,  0.0 hi,  0.9 si,  0.1 st
%Cpu(s): 21.6 us,  5.1 sy,  0.0 ni, 72.6 id,  0.0 wa,  0.0 hi,  0.6 si,  0.1 st
%Cpu(s): 21.6 us,  4.9 sy,  0.0 ni, 72.6 id,  0.0 wa,  0.0 hi,  0.9 si,  0.0 st
%Cpu(s): 11.2 us,  5.6 sy,  0.0 ni, 82.3 id,  0.0 wa,  0.0 hi,  1.0 si,  0.0 st
%Cpu(s): 27.3 us,  5.5 sy,  0.0 ni, 66.4 id,  0.0 wa,  0.0 hi,  0.9 si,  0.0 st
%Cpu(s): 16.0 us,  5.2 sy,  0.0 ni, 78.4 id,  0.0 wa,  0.0 hi,  0.4 si,  0.0 st
%Cpu(s): 12.5 us,  5.8 sy,  0.0 ni, 80.9 id,  0.0 wa,  0.0 hi,  0.6 si,  0.1 st
%Cpu(s):  8.9 us,  4.8 sy,  0.0 ni, 85.1 id,  0.0 wa,  0.0 hi,  1.0 si,  0.1 st
%Cpu(s): 10.1 us,  5.6 sy,  0.0 ni, 83.8 id,  0.0 wa,  0.0 hi,  0.5 si,  0.0 st
%Cpu(s): 10.9 us,  5.8 sy,  0.0 ni, 82.5 id,  0.0 wa,  0.0 hi,  0.8 si,  0.0 st
%Cpu(s): 10.5 us,  5.9 sy,  0.0 ni, 83.1 id,  0.0 wa,  0.0 hi,  0.5 si,  0.0 st
%Cpu(s): 10.6 us,  5.4 sy,  0.0 ni, 83.2 id,  0.0 wa,  0.0 hi,  0.8 si,  0.1 st
%Cpu(s): 11.8 us,  5.0 sy,  0.0 ni, 82.5 id,  0.0 wa,  0.0 hi,  0.6 si,  0.1 st
%Cpu(s): 11.1 us,  5.7 sy,  0.0 ni, 82.8 id,  0.0 wa,  0.0 hi,  0.4 si,  0.0 st
%Cpu(s):  8.5 us,  5.2 sy,  0.0 ni, 85.4 id,  0.0 wa,  0.0 hi,  0.8 si,  0.1 st
%Cpu(s):  9.3 us,  6.6 sy,  0.0 ni, 83.4 id,  0.0 wa,  0.0 hi,  0.6 si,  0.1 st
%Cpu(s): 10.4 us,  4.6 sy,  0.0 ni, 84.4 id,  0.0 wa,  0.0 hi,  0.6 si,  0.0 st
%Cpu(s): 10.5 us,  4.5 sy,  0.0 ni, 84.3 id,  0.0 wa,  0.0 hi,  0.8 si,  0.0 st
%Cpu(s): 17.8 us,  4.5 sy,  0.0 ni, 76.8 id,  0.0 wa,  0.0 hi,  0.9 si,  0.0 st
%Cpu(s): 19.3 us,  4.3 sy,  0.0 ni, 75.2 id,  0.0 wa,  0.0 hi,  1.1 si,  0.0 st
%Cpu(s): 14.2 us,  4.9 sy,  0.0 ni, 80.5 id,  0.0 wa,  0.0 hi,  0.4 si,  0.0 st
%Cpu(s): 14.0 us,  5.7 sy,  0.0 ni, 79.7 id,  0.0 wa,  0.0 hi,  0.4 si,  0.1 st
%Cpu(s): 13.7 us,  5.4 sy,  0.0 ni, 79.9 id,  0.1 wa,  0.0 hi,  0.8 si,  0.1 st
%Cpu(s): 13.6 us,  5.5 sy,  0.0 ni, 80.4 id,  0.0 wa,  0.0 hi,  0.5 si,  0.0 st
%Cpu(s): 11.2 us,  4.2 sy,  0.0 ni, 83.8 id,  0.0 wa,  0.0 hi,  0.8 si,  0.0 st
%Cpu(s): 12.0 us,  5.3 sy,  0.0 ni, 81.9 id,  0.0 wa,  0.0 hi,  0.8 si,  0.0 st
%Cpu(s): 13.5 us,  6.0 sy,  0.0 ni, 79.6 id,  0.0 wa,  0.0 hi,  0.8 si,  0.1 st
%Cpu(s): 16.4 us,  4.4 sy,  0.0 ni, 78.2 id,  0.1 wa,  0.0 hi,  0.9 si,  0.0 st
%Cpu(s): 11.5 us,  5.4 sy,  0.0 ni, 82.3 id,  0.0 wa,  0.0 hi,  0.8 si,  0.0 st
%Cpu(s):  8.6 us,  4.3 sy,  0.0 ni, 86.3 id,  0.0 wa,  0.0 hi,  0.8 si,  0.0 st
%Cpu(s): 10.6 us,  5.5 sy,  0.0 ni, 83.1 id,  0.0 wa,  0.0 hi,  0.6 si,  0.1 st
%Cpu(s): 11.3 us,  4.7 sy,  0.0 ni, 83.3 id,  0.0 wa,  0.0 hi,  0.8 si,  0.0 st
%Cpu(s): 10.0 us,  4.7 sy,  0.0 ni, 84.7 id,  0.0 wa,  0.0 hi,  0.6 si,  0.0 st
%Cpu(s):  9.6 us,  5.6 sy,  0.0 ni, 84.2 id,  0.0 wa,  0.0 hi,  0.5 si,  0.1 st
%Cpu(s): 10.5 us,  5.1 sy,  0.0 ni, 83.3 id,  0.0 wa,  0.0 hi,  1.0 si,  0.1 st
%Cpu(s): 10.8 us,  5.6 sy,  0.0 ni, 82.7 id,  0.0 wa,  0.0 hi,  0.9 si,  0.0 st
%Cpu(s): 10.1 us,  4.6 sy,  0.0 ni, 84.6 id,  0.0 wa,  0.0 hi,  0.8 si,  0.0 st
%Cpu(s):  7.7 us,  4.8 sy,  0.0 ni, 86.3 id,  0.0 wa,  0.0 hi,  1.2 si,  0.0 st
%Cpu(s):  9.7 us,  5.9 sy,  0.0 ni, 84.0 id,  0.0 wa,  0.0 hi,  0.4 si,  0.0 st
%Cpu(s):  9.2 us,  5.9 sy,  0.0 ni, 84.1 id,  0.0 wa,  0.0 hi,  0.6 si,  0.1 st
%Cpu(s):  7.4 us,  5.4 sy,  0.0 ni, 86.2 id,  0.0 wa,  0.0 hi,  0.9 si,  0.1 st
%Cpu(s): 10.9 us,  4.4 sy,  0.0 ni, 83.9 id,  0.0 wa,  0.0 hi,  0.8 si,  0.0 st
%Cpu(s):  9.2 us,  4.5 sy,  0.0 ni, 85.9 id,  0.0 wa,  0.0 hi,  0.5 si,  0.0 st
%Cpu(s):  3.2 us,  2.1 sy,  0.0 ni, 94.4 id,  0.0 wa,  0.0 hi,  0.2 si,  0.0 st
%Cpu(s):  2.0 us,  2.5 sy,  0.0 ni, 95.4 id,  0.0 wa,  0.0 hi,  0.0 si,  0.1 st
%Cpu(s):  2.2 us,  2.0 sy,  0.0 ni, 95.6 id,  0.0 wa,  0.0 hi,  0.0 si,  0.1 st
%Cpu(s):  1.6 us,  3.7 sy,  0.0 ni, 94.7 id,  0.0 wa,  0.0 hi,  0.0 si,  0.0 st
%Cpu(s):  3.1 us,  3.6 sy,  0.0 ni, 93.2 id,  0.1 wa,  0.0 hi,  0.0 si,  0.0 st
%Cpu(s):  3.5 us,  2.5 sy,  0.0 ni, 93.9 id,  0.0 wa,  0.0 hi,  0.0 si,  0.1 st
%Cpu(s):  2.8 us,  1.1 sy,  0.0 ni, 96.0 id,  0.0 wa,  0.0 hi,  0.0 si,  0.1 st
%Cpu(s):  4.2 us,  1.2 sy,  0.0 ni, 94.3 id,  0.0 wa,  0.0 hi,  0.1 si,  0.1 st
%Cpu(s):  3.4 us,  2.0 sy,  0.0 ni, 94.5 id,  0.0 wa,  0.0 hi,  0.1 si,  0.0 st
%Cpu(s):  2.2 us,  1.6 sy,  0.0 ni, 96.0 id,  0.1 wa,  0.0 hi,  0.0 si,  0.0 st
%Cpu(s):  2.7 us,  1.5 sy,  0.0 ni, 95.6 id,  0.0 wa,  0.0 hi,  0.0 si,  0.1 st
%Cpu(s):  3.0 us,  1.7 sy,  0.0 ni, 95.2 id,  0.0 wa,  0.0 hi,  0.0 si,  0.1 st
%Cpu(s):  2.0 us,  1.5 sy,  0.0 ni, 96.5 id,  0.0 wa,  0.0 hi,  0.0 si,  0.0 st
%Cpu(s):  2.0 us,  1.3 sy,  0.0 ni, 96.4 id,  0.0 wa,  0.0 hi,  0.0 si,  0.4 st
%Cpu(s):  3.0 us,  2.0 sy,  0.0 ni, 94.7 id,  0.0 wa,  0.0 hi,  0.1 si,  0.1 st
%Cpu(s):  2.1 us,  2.5 sy,  0.0 ni, 95.2 id,  0.0 wa,  0.0 hi,  0.0 si,  0.1 st
%Cpu(s):  3.2 us,  3.6 sy,  0.0 ni, 93.0 id,  0.0 wa,  0.0 hi,  0.0 si,  0.2 st
%Cpu(s):  2.1 us,  1.4 sy,  0.0 ni, 96.4 id,  0.0 wa,  0.0 hi,  0.0 si,  0.1 st
%Cpu(s):  2.0 us,  2.0 sy,  0.0 ni, 95.9 id,  0.0 wa,  0.0 hi,  0.0 si,  0.1 st
%Cpu(s):  3.1 us,  1.1 sy,  0.0 ni, 95.7 id,  0.0 wa,  0.0 hi,  0.0 si,  0.0 st
