%Cpu(s):  5.9 us,  0.8 sy,  0.0 ni, 93.0 id,  0.0 wa,  0.0 hi,  0.2 si,  0.0 st
%Cpu(s):  2.9 us,  1.2 sy,  0.0 ni, 95.9 id,  0.0 wa,  0.0 hi,  0.0 si,  0.0 st
%Cpu(s): 72.5 us,  5.9 sy,  0.0 ni, 21.5 id,  0.0 wa,  0.0 hi,  0.0 si,  0.0 st
%Cpu(s): 86.0 us,  2.4 sy,  0.0 ni, 11.6 id,  0.0 wa,  0.0 hi,  0.0 si,  0.0 st
%Cpu(s): 72.1 us,  3.0 sy,  0.0 ni, 24.8 id,  0.0 wa,  0.0 hi,  0.0 si,  0.1 st
%Cpu(s): 88.7 us,  2.4 sy,  0.0 ni,  8.8 id,  0.0 wa,  0.0 hi,  0.1 si,  0.0 st
%Cpu(s): 97.1 us,  2.1 sy,  0.0 ni,  0.7 id,  0.0 wa,  0.0 hi,  0.0 si,  0.0 st
%Cpu(s): 95.0 us,  3.4 sy,  0.0 ni,  1.2 id,  0.0 wa,  0.0 hi,  0.4 si,  0.0 st
%Cpu(s): 97.4 us,  2.5 sy,  0.0 ni,  0.1 id,  0.0 wa,  0.0 hi,  0.0 si,  0.0 st
%Cpu(s): 87.7 us,  2.6 sy,  0.0 ni,  9.6 id,  0.0 wa,  0.0 hi,  0.1 si,  0.0 st
%Cpu(s): 36.5 us,  0.7 sy,  0.0 ni, 62.7 id,  0.0 wa,  0.0 hi,  0.1 si,  0.0 st
%Cpu(s):  2.2 us,  1.4 sy,  0.0 ni, 96.4 id,  0.0 wa,  0.0 hi,  0.0 si,  0.0 st
%Cpu(s):  4.6 us,  1.2 sy,  0.0 ni, 94.1 id,  0.0 wa,  0.0 hi,  0.0 si,  0.0 st
%Cpu(s):  7.5 us,  1.5 sy,  0.0 ni, 91.0 id,  0.0 wa,  0.0 hi,  0.0 si,  0.0 st
%Cpu(s):  1.7 us,  1.0 sy,  0.0 ni, 97.1 id,  0.0 wa,  0.0 hi,  0.0 si,  0.1 st
%Cpu(s):  6.6 us,  1.2 sy,  0.0 ni, 92.2 id,  0.0 wa,  0.0 hi,  0.0 si,  0.0 st
%Cpu(s): 20.1 us,  1.9 sy,  0.0 ni, 77.8 id,  0.0 wa,  0.0 hi,  0.3 si,  0.0 st
%Cpu(s): 70.0 us,  4.9 sy,  0.0 ni, 23.2 id,  0.0 wa,  0.0 hi,  1.9 si,  0.0 st
%Cpu(s): 65.0 us,  6.6 sy,  0.0 ni, 25.3 id,  0.0 wa,  0.0 hi,  3.0 si,  0.1 st
%Cpu(s): 55.8 us,  5.6 sy,  0.0 ni, 35.8 id,  0.0 wa,  0.0 hi,  2.9 si,  0.0 st
%Cpu(s): 75.3 us,  6.7 sy,  0.0 ni, 15.5 id,  0.0 wa,  0.0 hi,  2.5 si,  0.0 st
%Cpu(s): 61.0 us,  6.8 sy,  0.0 ni, 29.0 id,  0.0 wa,  0.0 hi,  3.3 si,  0.0 st
%Cpu(s): 29.7 us,  6.5 sy,  0.0 ni, 60.9 id,  0.0 wa,  0.0 hi,  2.8 si,  0.0 st
%Cpu(s): 23.1 us,  7.3 sy,  0.0 ni, 67.6 id,  0.0 wa,  0.0 hi,  2.1 si,  0.0 st
%Cpu(s): 23.3 us,  8.6 sy,  0.0 ni, 65.7 id,  0.0 wa,  0.0 hi,  2.4 si,  0.0 st
%Cpu(s): 28.8 us,  7.1 sy,  0.0 ni, 59.1 id,  2.3 wa,  0.0 hi,  2.7 si,  0.0 st
%Cpu(s): 34.2 us,  7.8 sy,  0.0 ni, 54.6 id,  0.0 wa,  0.0 hi,  3.4 si,  0.0 st
%Cpu(s): 32.1 us,  6.4 sy,  0.0 ni, 58.7 id,  0.0 wa,  0.0 hi,  2.8 si,  0.0 st
%Cpu(s): 29.5 us,  6.6 sy,  0.0 ni, 60.9 id,  0.0 wa,  0.0 hi,  2.9 si,  0.0 st
%Cpu(s): 25.6 us,  6.2 sy,  0.0 ni, 65.0 id,  0.0 wa,  0.0 hi,  3.2 si,  0.0 st
%Cpu(s): 30.8 us,  7.2 sy,  0.0 ni, 57.9 id,  0.0 wa,  0.0 hi,  4.2 si,  0.0 st
%Cpu(s): 36.1 us,  7.7 sy,  0.0 ni, 53.7 id,  0.0 wa,  0.0 hi,  2.6 si,  0.0 st
%Cpu(s): 38.6 us,  7.6 sy,  0.0 ni, 50.7 id,  0.0 wa,  0.0 hi,  3.1 si,  0.0 st
%Cpu(s): 18.9 us,  7.8 sy,  0.0 ni, 70.6 id,  0.1 wa,  0.0 hi,  2.6 si,  0.0 st
%Cpu(s): 16.0 us,  7.0 sy,  0.0 ni, 74.2 id,  0.0 wa,  0.0 hi,  2.8 si,  0.0 st
%Cpu(s): 16.9 us,  8.1 sy,  0.0 ni, 72.5 id,  0.0 wa,  0.0 hi,  2.4 si,  0.1 st
%Cpu(s): 23.3 us,  7.3 sy,  0.0 ni, 66.9 id,  0.0 wa,  0.0 hi,  2.4 si,  0.0 st
%Cpu(s): 27.5 us,  6.3 sy,  0.0 ni, 63.2 id,  0.0 wa,  0.0 hi,  3.1 si,  0.0 st
%Cpu(s): 25.1 us,  8.3 sy,  0.0 ni, 64.1 id,  0.0 wa,  0.0 hi,  2.4 si,  0.0 st
%Cpu(s): 12.8 us,  6.1 sy,  0.0 ni, 77.1 id,  0.0 wa,  0.0 hi,  3.8 si,  0.1 st
%Cpu(s): 18.4 us,  8.5 sy,  0.0 ni, 70.6 id,  0.0 wa,  0.0 hi,  2.6 si,  0.0 st
%Cpu(s): 20.6 us,  8.2 sy,  0.0 ni, 68.8 id,  0.0 wa,  0.0 hi,  2.4 si,  0.0 st
%Cpu(s): 58.3 us,  8.3 sy,  0.0 ni, 29.3 id,  0.0 wa,  0.0 hi,  4.2 si,  0.0 st
%Cpu(s): 58.9 us,  7.6 sy,  0.0 ni, 30.3 id,  0.0 wa,  0.0 hi,  3.2 si,  0.0 st
%Cpu(s): 29.7 us,  7.9 sy,  0.0 ni, 59.3 id,  0.0 wa,  0.0 hi,  3.1 si,  0.0 st
%Cpu(s): 13.9 us,  6.9 sy,  0.0 ni, 75.1 id,  0.0 wa,  0.0 hi,  4.1 si,  0.0 st
%Cpu(s): 16.4 us,  6.5 sy,  0.0 ni, 74.4 id,  0.0 wa,  0.0 hi,  2.7 si,  0.0 st
%Cpu(s): 17.0 us,  7.7 sy,  0.0 ni, 72.0 id,  0.0 wa,  0.0 hi,  3.3 si,  0.0 st
%Cpu(s): 28.2 us,  6.8 sy,  0.0 ni, 62.4 id,  0.0 wa,  0.0 hi,  2.6 si,  0.0 st
%Cpu(s): 27.7 us,  8.0 sy,  0.0 ni, 61.1 id,  0.0 wa,  0.0 hi,  3.2 si,  0.0 st
%Cpu(s): 16.7 us,  6.6 sy,  0.0 ni, 73.2 id,  0.0 wa,  0.0 hi,  3.4 si,  0.0 st
%Cpu(s): 17.6 us,  5.7 sy,  0.0 ni, 73.0 id,  0.0 wa,  0.0 hi,  3.7 si,  0.0 st
%Cpu(s): 15.1 us,  6.4 sy,  0.0 ni, 74.6 id,  0.0 wa,  0.0 hi,  4.0 si,  0.0 st
%Cpu(s): 18.9 us,  6.4 sy,  0.0 ni, 71.6 id,  0.0 wa,  0.0 hi,  3.2 si,  0.0 st
%Cpu(s): 27.5 us,  7.2 sy,  0.0 ni, 61.8 id,  0.0 wa,  0.0 hi,  3.5 si,  0.0 st
%Cpu(s): 25.5 us,  7.1 sy,  0.0 ni, 64.0 id,  0.0 wa,  0.0 hi,  3.3 si,  0.0 st
%Cpu(s): 17.4 us,  7.6 sy,  0.0 ni, 71.6 id,  0.0 wa,  0.0 hi,  3.4 si,  0.0 st
%Cpu(s): 17.5 us,  6.4 sy,  0.0 ni, 72.9 id,  0.0 wa,  0.0 hi,  3.2 si,  0.0 st
%Cpu(s): 17.6 us,  5.7 sy,  0.0 ni, 73.9 id,  0.0 wa,  0.0 hi,  2.8 si,  0.0 st
%Cpu(s): 20.9 us,  6.9 sy,  0.0 ni, 68.8 id,  0.0 wa,  0.0 hi,  3.4 si,  0.0 st
%Cpu(s): 25.5 us,  7.2 sy,  0.0 ni, 63.8 id,  0.0 wa,  0.0 hi,  3.5 si,  0.0 st
%Cpu(s): 27.9 us,  6.2 sy,  0.0 ni, 62.3 id,  0.0 wa,  0.0 hi,  3.6 si,  0.0 st
%Cpu(s): 25.3 us,  7.0 sy,  0.0 ni, 65.1 id,  0.0 wa,  0.0 hi,  2.7 si,  0.0 st
%Cpu(s): 22.3 us,  6.1 sy,  0.0 ni, 69.4 id,  0.0 wa,  0.0 hi,  2.2 si,  0.0 st
%Cpu(s): 17.9 us,  6.1 sy,  0.0 ni, 73.2 id,  0.0 wa,  0.0 hi,  2.7 si,  0.0 st
%Cpu(s): 25.5 us,  6.9 sy,  0.0 ni, 64.9 id,  0.0 wa,  0.0 hi,  2.7 si,  0.0 st
%Cpu(s): 32.7 us,  7.0 sy,  0.0 ni, 56.3 id,  0.0 wa,  0.0 hi,  3.8 si,  0.1 st
%Cpu(s): 28.7 us,  7.5 sy,  0.0 ni, 61.5 id,  0.0 wa,  0.0 hi,  2.3 si,  0.0 st
%Cpu(s): 24.5 us,  6.4 sy,  0.0 ni, 66.2 id,  0.1 wa,  0.0 hi,  2.7 si,  0.1 st
%Cpu(s): 28.1 us,  5.7 sy,  0.0 ni, 64.4 id,  0.0 wa,  0.0 hi,  1.8 si,  0.0 st
%Cpu(s): 26.8 us,  6.1 sy,  0.0 ni, 64.5 id,  0.0 wa,  0.0 hi,  2.6 si,  0.0 st
%Cpu(s): 25.4 us,  6.5 sy,  0.0 ni, 65.0 id,  0.0 wa,  0.0 hi,  3.0 si,  0.0 st
%Cpu(s): 44.2 us,  6.5 sy,  0.0 ni, 47.6 id,  0.0 wa,  0.0 hi,  1.8 si,  0.0 st
%Cpu(s): 24.9 us,  7.7 sy,  0.0 ni, 65.6 id,  0.0 wa,  0.0 hi,  1.7 si,  0.1 st
%Cpu(s): 17.1 us,  5.3 sy,  0.0 ni, 75.0 id,  0.0 wa,  0.0 hi,  2.6 si,  0.0 st
%Cpu(s): 22.8 us,  5.9 sy,  0.0 ni, 68.6 id,  0.0 wa,  0.0 hi,  2.8 si,  0.0 st
%Cpu(s): 19.8 us,  5.4 sy,  0.0 ni, 71.9 id,  0.0 wa,  0.0 hi,  2.8 si,  0.0 st
%Cpu(s): 28.3 us,  6.9 sy,  0.0 ni, 62.8 id,  0.0 wa,  0.0 hi,  2.0 si,  0.0 st
%Cpu(s): 26.9 us,  6.2 sy,  0.0 ni, 64.6 id,  0.0 wa,  0.0 hi,  2.2 si,  0.1 st
%Cpu(s): 21.7 us,  5.9 sy,  0.0 ni, 70.3 id,  0.0 wa,  0.0 hi,  2.1 si,  0.0 st
%Cpu(s): 12.4 us,  5.5 sy,  0.0 ni, 79.4 id,  0.0 wa,  0.0 hi,  2.7 si,  0.0 st
%Cpu(s): 12.7 us,  5.4 sy,  0.0 ni, 80.0 id,  0.0 wa,  0.0 hi,  1.9 si,  0.0 st
%Cpu(s): 18.8 us,  4.1 sy,  0.0 ni, 75.0 id,  0.0 wa,  0.0 hi,  2.0 si,  0.0 st
