%Cpu(s):  1.8 us,  0.5 sy,  0.0 ni, 97.6 id,  0.0 wa,  0.0 hi,  0.0 si,  0.1 st
%Cpu(s): 80.6 us,  5.1 sy,  0.0 ni, 14.2 id,  0.0 wa,  0.0 hi,  0.1 si,  0.0 st
%Cpu(s): 76.6 us,  3.0 sy,  0.0 ni, 20.3 id,  0.0 wa,  0.0 hi,  0.0 si,  0.1 st
%Cpu(s): 93.9 us,  2.6 sy,  0.0 ni,  3.5 id,  0.0 wa,  0.0 hi,  0.0 si,  0.0 st
%Cpu(s): 95.9 us,  2.4 sy,  0.0 ni,  1.6 id,  0.0 wa,  0.0 hi,  0.1 si,  0.0 st
%Cpu(s): 86.6 us,  1.8 sy,  0.0 ni, 11.5 id,  0.0 wa,  0.0 hi,  0.1 si,  0.0 st
%Cpu(s): 20.0 us,  1.3 sy,  0.0 ni, 78.6 id,  0.0 wa,  0.0 hi,  0.0 si,  0.1 st
%Cpu(s):  4.9 us,  2.0 sy,  0.0 ni, 92.8 id,  0.0 wa,  0.0 hi,  0.1 si,  0.2 st
%Cpu(s):  5.4 us,  2.4 sy,  0.0 ni, 92.0 id,  0.0 wa,  0.0 hi,  0.1 si,  0.1 st
%Cpu(s):  3.6 us,  3.1 sy,  0.0 ni, 92.9 id,  0.0 wa,  0.0 hi,  0.1 si,  0.2 st
%Cpu(s):  3.5 us,  2.4 sy,  0.0 ni, 93.9 id,  0.0 wa,  0.0 hi,  0.0 si,  0.2 st
%Cpu(s):  2.6 us,  2.1 sy,  0.0 ni, 95.0 id,  0.0 wa,  0.0 hi,  0.0 si,  0.3 st
%Cpu(s):  2.6 us,  1.6 sy,  0.0 ni, 95.5 id,  0.0 wa,  0.0 hi,  0.0 si,  0.3 st
%Cpu(s):  2.8 us,  1.8 sy,  0.0 ni, 95.5 id,  0.0 wa,  0.0 hi,  0.0 si,  0.0 st
%Cpu(s):  2.5 us,  2.4 sy,  0.0 ni, 94.8 id,  0.0 wa,  0.0 hi,  0.1 si,  0.1 st
%Cpu(s):  2.4 us,  2.4 sy,  0.0 ni, 95.1 id,  0.0 wa,  0.0 hi,  0.0 si,  0.1 st
%Cpu(s): 20.2 us,  2.6 sy,  0.0 ni, 76.6 id,  0.1 wa,  0.0 hi,  0.3 si,  0.3 st
%Cpu(s): 47.0 us,  3.4 sy,  0.0 ni, 48.7 id,  0.0 wa,  0.0 hi,  0.9 si,  0.0 st
%Cpu(s): 26.7 us,  4.2 sy,  0.0 ni, 68.1 id,  0.0 wa,  0.0 hi,  0.8 si,  0.3 st
%Cpu(s): 15.5 us,  4.1 sy,  0.0 ni, 80.1 id,  0.0 wa,  0.0 hi,  0.4 si,  0.0 st
%Cpu(s): 42.6 us,  4.1 sy,  0.0 ni, 52.6 id,  0.0 wa,  0.0 hi,  0.8 si,  0.0 st
%Cpu(s): 28.2 us,  4.8 sy,  0.0 ni, 65.9 id,  0.0 wa,  0.0 hi,  0.9 si,  0.1 st
%Cpu(s): 11.3 us,  5.5 sy,  0.0 ni, 81.8 id,  0.0 wa,  0.0 hi,  1.2 si,  0.1 st
%Cpu(s):  9.6 us,  4.0 sy,  0.0 ni, 85.4 id,  0.0 wa,  0.0 hi,  1.0 si,  0.0 st
%Cpu(s):  9.8 us,  5.0 sy,  0.0 ni, 84.6 id,  0.0 wa,  0.0 hi,  0.6 si,  0.0 st
%Cpu(s):  9.4 us,  5.1 sy,  0.0 ni, 84.7 id,  0.0 wa,  0.0 hi,  0.8 si,  0.0 st
%Cpu(s):  8.2 us,  5.0 sy,  0.0 ni, 86.1 id,  0.0 wa,  0.0 hi,  0.6 si,  0.1 st
%Cpu(s):  7.9 us,  4.4 sy,  0.0 ni, 86.6 id,  0.0 wa,  0.0 hi,  1.0 si,  0.1 st
%Cpu(s):  7.9 us,  4.3 sy,  0.0 ni, 87.2 id,  0.0 wa,  0.0 hi,  0.5 si,  0.0 st
%Cpu(s): 13.1 us,  4.1 sy,  0.0 ni, 82.3 id,  0.0 wa,  0.0 hi,  0.5 si,  0.0 st
%Cpu(s): 14.7 us,  3.8 sy,  0.0 ni, 80.3 id,  0.0 wa,  0.0 hi,  1.0 si,  0.1 st
%Cpu(s):  9.8 us,  5.0 sy,  0.0 ni, 83.9 id,  0.0 wa,  0.0 hi,  1.3 si,  0.0 st
%Cpu(s): 11.8 us,  3.9 sy,  0.0 ni, 83.4 id,  0.0 wa,  0.0 hi,  0.8 si,  0.1 st
%Cpu(s):  8.8 us,  6.6 sy,  0.0 ni, 83.8 id,  0.0 wa,  0.0 hi,  0.6 si,  0.1 st
%Cpu(s): 38.1 us,  3.8 sy,  0.0 ni, 57.1 id,  0.0 wa,  0.0 hi,  0.9 si,  0.1 st
%Cpu(s): 19.3 us,  4.8 sy,  0.0 ni, 74.7 id,  0.0 wa,  0.0 hi,  1.1 si,  0.0 st
%Cpu(s): 20.8 us,  5.9 sy,  0.0 ni, 72.4 id,  0.1 wa,  0.0 hi,  0.8 si,  0.0 st
%Cpu(s): 18.7 us,  4.1 sy,  0.0 ni, 76.3 id,  0.0 wa,  0.0 hi,  0.9 si,  0.0 st
%Cpu(s): 12.2 us,  4.4 sy,  0.0 ni, 82.5 id,  0.0 wa,  0.0 hi,  0.9 si,  0.0 st
%Cpu(s):  9.8 us,  4.8 sy,  0.0 ni, 84.1 id,  0.0 wa,  0.0 hi,  1.0 si,  0.3 st
%Cpu(s):  6.1 us,  4.3 sy,  0.0 ni, 88.6 id,  0.0 wa,  0.0 hi,  0.9 si,  0.0 st
%Cpu(s):  8.1 us,  4.8 sy,  0.0 ni, 86.3 id,  0.0 wa,  0.0 hi,  0.8 si,  0.0 st
%Cpu(s):  6.8 us,  4.3 sy,  0.0 ni, 88.5 id,  0.0 wa,  0.0 hi,  0.4 si,  0.0 st
%Cpu(s):  7.1 us,  4.9 sy,  0.0 ni, 86.9 id,  0.0 wa,  0.0 hi,  1.0 si,  0.0 st
%Cpu(s):  8.4 us,  4.1 sy,  0.0 ni, 86.8 id,  0.0 wa,  0.0 hi,  0.8 si,  0.0 st
%Cpu(s):  8.2 us,  3.9 sy,  0.0 ni, 86.7 id,  0.0 wa,  0.0 hi,  1.0 si,  0.1 st
%Cpu(s):  8.9 us,  3.3 sy,  0.0 ni, 87.0 id,  0.0 wa,  0.0 hi,  0.6 si,  0.1 st
%Cpu(s):  8.0 us,  4.5 sy,  0.0 ni, 86.8 id,  0.0 wa,  0.0 hi,  0.8 si,  0.0 st
%Cpu(s):  6.9 us,  4.6 sy,  0.0 ni, 87.8 id,  0.0 wa,  0.0 hi,  0.8 si,  0.0 st
%Cpu(s):  7.2 us,  4.9 sy,  0.0 ni, 86.9 id,  0.0 wa,  0.0 hi,  0.9 si,  0.1 st
%Cpu(s):  6.9 us,  5.5 sy,  0.0 ni, 86.6 id,  0.0 wa,  0.0 hi,  0.9 si,  0.1 st
%Cpu(s):  6.5 us,  4.7 sy,  0.0 ni, 87.5 id,  0.1 wa,  0.0 hi,  1.0 si,  0.1 st
%Cpu(s):  8.2 us,  4.8 sy,  0.0 ni, 86.2 id,  0.0 wa,  0.0 hi,  0.8 si,  0.0 st
%Cpu(s): 18.3 us,  3.7 sy,  0.0 ni, 77.7 id,  0.0 wa,  0.0 hi,  0.4 si,  0.0 st
%Cpu(s): 17.3 us,  3.4 sy,  0.0 ni, 78.6 id,  0.0 wa,  0.0 hi,  0.5 si,  0.1 st
%Cpu(s): 12.0 us,  4.7 sy,  0.0 ni, 82.4 id,  0.0 wa,  0.0 hi,  0.9 si,  0.0 st
%Cpu(s):  7.0 us,  5.1 sy,  0.0 ni, 87.0 id,  0.0 wa,  0.0 hi,  1.0 si,  0.0 st
%Cpu(s):  6.9 us,  5.0 sy,  0.0 ni, 87.4 id,  0.0 wa,  0.0 hi,  0.8 si,  0.0 st
%Cpu(s):  7.9 us,  5.0 sy,  0.0 ni, 86.4 id,  0.0 wa,  0.0 hi,  0.7 si,  0.0 st
%Cpu(s):  7.7 us,  4.8 sy,  0.0 ni, 86.4 id,  0.0 wa,  0.0 hi,  1.0 si,  0.0 st
%Cpu(s):  7.6 us,  5.2 sy,  0.0 ni, 86.2 id,  0.0 wa,  0.0 hi,  0.6 si,  0.3 st
%Cpu(s):  7.7 us,  4.7 sy,  0.0 ni, 87.1 id,  0.0 wa,  0.0 hi,  0.5 si,  0.0 st
%Cpu(s):  9.8 us,  3.9 sy,  0.0 ni, 85.7 id,  0.0 wa,  0.0 hi,  0.6 si,  0.0 st
%Cpu(s): 13.9 us,  3.8 sy,  0.0 ni, 81.8 id,  0.0 wa,  0.0 hi,  0.5 si,  0.0 st
%Cpu(s):  6.1 us,  4.7 sy,  0.0 ni, 88.2 id,  0.0 wa,  0.0 hi,  0.9 si,  0.1 st
%Cpu(s):  8.0 us,  4.6 sy,  0.0 ni, 86.5 id,  0.0 wa,  0.0 hi,  0.8 si,  0.1 st
%Cpu(s): 12.0 us,  4.3 sy,  0.0 ni, 82.8 id,  0.0 wa,  0.0 hi,  0.9 si,  0.0 st
%Cpu(s):  6.6 us,  4.6 sy,  0.0 ni, 88.0 id,  0.0 wa,  0.0 hi,  0.6 si,  0.1 st
%Cpu(s): 16.6 us,  3.5 sy,  0.0 ni, 78.7 id,  0.0 wa,  0.0 hi,  1.0 si,  0.1 st
%Cpu(s): 10.7 us,  4.3 sy,  0.0 ni, 84.1 id,  0.0 wa,  0.0 hi,  0.9 si,  0.0 st
%Cpu(s): 13.9 us,  5.2 sy,  0.0 ni, 80.1 id,  0.0 wa,  0.0 hi,  0.8 si,  0.0 st
%Cpu(s): 18.5 us,  5.0 sy,  0.0 ni, 75.6 id,  0.0 wa,  0.0 hi,  0.8 si,  0.1 st
%Cpu(s): 28.9 us,  4.8 sy,  0.0 ni, 65.4 id,  0.0 wa,  0.0 hi,  0.9 si,  0.0 st
%Cpu(s):  9.0 us,  4.7 sy,  0.0 ni, 85.3 id,  0.0 wa,  0.0 hi,  1.0 si,  0.0 st
%Cpu(s): 11.1 us,  3.8 sy,  0.0 ni, 84.1 id,  0.0 wa,  0.0 hi,  0.9 si,  0.1 st
%Cpu(s): 11.4 us,  4.5 sy,  0.0 ni, 83.1 id,  0.0 wa,  0.0 hi,  0.8 si,  0.2 st
%Cpu(s): 19.8 us,  3.3 sy,  0.0 ni, 75.8 id,  0.1 wa,  0.0 hi,  1.0 si,  0.0 st
%Cpu(s):  9.1 us,  4.7 sy,  0.0 ni, 85.1 id,  0.0 wa,  0.0 hi,  1.0 si,  0.1 st
