%Cpu(s):  0.4 us,  0.1 sy,  0.0 ni, 99.5 id,  0.0 wa,  0.0 hi,  0.0 si,  0.0 st
%Cpu(s): 83.4 us,  5.2 sy,  0.0 ni, 11.4 id,  0.0 wa,  0.0 hi,  0.0 si,  0.0 st
%Cpu(s): 75.9 us,  2.6 sy,  0.0 ni, 21.4 id,  0.0 wa,  0.0 hi,  0.0 si,  0.0 st
%Cpu(s): 94.1 us,  2.4 sy,  0.0 ni,  3.5 id,  0.0 wa,  0.0 hi,  0.0 si,  0.0 st
%Cpu(s): 94.2 us,  3.1 sy,  0.0 ni,  2.5 id,  0.0 wa,  0.0 hi,  0.1 si,  0.0 st
%Cpu(s): 87.5 us,  2.9 sy,  0.0 ni,  9.4 id,  0.0 wa,  0.0 hi,  0.2 si,  0.0 st
%Cpu(s): 17.5 us,  2.2 sy,  0.0 ni, 79.6 id,  0.0 wa,  0.0 hi,  0.5 si,  0.1 st
%Cpu(s):  8.3 us,  2.4 sy,  0.0 ni, 89.1 id,  0.0 wa,  0.0 hi,  0.1 si,  0.1 st
%Cpu(s):  6.7 us,  2.2 sy,  0.0 ni, 91.1 id,  0.0 wa,  0.0 hi,  0.0 si,  0.0 st
%Cpu(s):  4.6 us,  3.6 sy,  0.0 ni, 91.9 id,  0.0 wa,  0.0 hi,  0.0 si,  0.0 st
%Cpu(s):  5.4 us,  6.4 sy,  0.0 ni, 88.3 id,  0.0 wa,  0.0 hi,  0.0 si,  0.0 st
%Cpu(s): 12.5 us,  1.9 sy,  0.0 ni, 85.2 id,  0.0 wa,  0.0 hi,  0.3 si,  0.1 st
%Cpu(s):  8.6 us,  2.9 sy,  0.0 ni, 88.5 id,  0.0 wa,  0.0 hi,  0.0 si,  0.0 st
%Cpu(s):  4.4 us,  5.5 sy,  0.0 ni, 90.1 id,  0.0 wa,  0.0 hi,  0.0 si,  0.0 st
%Cpu(s):  4.4 us,  3.9 sy,  0.0 ni, 91.6 id,  0.0 wa,  0.0 hi,  0.0 si,  0.0 st
%Cpu(s): 11.3 us,  3.9 sy,  0.0 ni, 84.7 id,  0.1 wa,  0.0 hi,  0.0 si,  0.0 st
%Cpu(s): 83.9 us,  5.9 sy,  0.0 ni,  8.9 id,  0.0 wa,  0.0 hi,  1.3 si,  0.0 st
%Cpu(s): 88.1 us,  8.8 sy,  0.0 ni,  1.0 id,  0.0 wa,  0.0 hi,  2.0 si,  0.1 st
%Cpu(s): 90.7 us,  7.1 sy,  0.0 ni,  0.1 id,  0.0 wa,  0.0 hi,  2.1 si,  0.0 st
%Cpu(s): 88.7 us,  8.6 sy,  0.0 ni,  0.7 id,  0.0 wa,  0.0 hi,  2.0 si,  0.0 st
%Cpu(s): 89.8 us,  8.1 sy,  0.0 ni,  0.6 id,  0.0 wa,  0.0 hi,  1.5 si,  0.0 st
%Cpu(s): 90.2 us,  8.1 sy,  0.0 ni,  0.2 id,  0.0 wa,  0.0 hi,  1.5 si,  0.0 st
%Cpu(s): 89.9 us,  8.0 sy,  0.0 ni,  0.8 id,  0.0 wa,  0.0 hi,  1.4 si,  0.0 st
%Cpu(s): 91.6 us,  6.7 sy,  0.0 ni,  0.5 id,  0.0 wa,  0.0 hi,  1.2 si,  0.0 st
%Cpu(s): 87.6 us,  8.6 sy,  0.0 ni,  2.2 id,  0.0 wa,  0.0 hi,  1.5 si,  0.0 st
%Cpu(s): 73.0 us,  6.0 sy,  0.0 ni, 19.8 id,  0.0 wa,  0.0 hi,  1.1 si,  0.1 st
%Cpu(s): 35.6 us,  4.2 sy,  0.0 ni, 59.1 id,  0.0 wa,  0.0 hi,  1.0 si,  0.1 st
%Cpu(s): 49.1 us,  5.8 sy,  0.0 ni, 44.0 id,  0.0 wa,  0.0 hi,  1.1 si,  0.0 st
%Cpu(s): 19.0 us,  4.8 sy,  0.0 ni, 74.8 id,  0.0 wa,  0.0 hi,  1.4 si,  0.0 st
%Cpu(s): 23.7 us,  4.7 sy,  0.0 ni, 70.6 id,  0.0 wa,  0.0 hi,  1.0 si,  0.0 st
%Cpu(s): 17.8 us,  5.2 sy,  0.0 ni, 75.6 id,  0.1 wa,  0.0 hi,  1.2 si,  0.0 st
%Cpu(s): 14.2 us,  5.1 sy,  0.0 ni, 79.2 id,  0.0 wa,  0.0 hi,  1.3 si,  0.3 st
%Cpu(s): 22.4 us,  5.0 sy,  0.0 ni, 71.8 id,  0.0 wa,  0.0 hi,  0.8 si,  0.0 st
%Cpu(s): 28.3 us,  4.3 sy,  0.0 ni, 66.0 id,  0.0 wa,  0.0 hi,  1.3 si,  0.1 st
%Cpu(s): 24.4 us,  5.1 sy,  0.0 ni, 69.3 id,  0.0 wa,  0.0 hi,  1.1 si,  0.1 st
%Cpu(s): 11.9 us,  5.9 sy,  0.0 ni, 80.4 id,  0.0 wa,  0.0 hi,  1.8 si,  0.0 st
%Cpu(s): 10.4 us,  6.0 sy,  0.0 ni, 82.2 id,  0.0 wa,  0.0 hi,  1.4 si,  0.0 st
%Cpu(s):  8.6 us,  5.5 sy,  0.0 ni, 84.4 id,  0.0 wa,  0.0 hi,  1.4 si,  0.1 st
%Cpu(s): 16.8 us,  5.2 sy,  0.0 ni, 76.7 id,  0.0 wa,  0.0 hi,  1.3 si,  0.0 st
%Cpu(s): 19.2 us,  5.3 sy,  0.0 ni, 74.2 id,  0.0 wa,  0.0 hi,  1.3 si,  0.0 st
%Cpu(s): 10.4 us,  5.5 sy,  0.0 ni, 83.0 id,  0.0 wa,  0.0 hi,  1.0 si,  0.1 st
%Cpu(s): 11.2 us,  5.7 sy,  0.0 ni, 81.7 id,  0.0 wa,  0.0 hi,  1.3 si,  0.0 st
%Cpu(s):  9.4 us,  4.4 sy,  0.0 ni, 84.4 id,  0.0 wa,  0.0 hi,  1.6 si,  0.1 st
%Cpu(s): 10.0 us,  4.8 sy,  0.0 ni, 84.0 id,  0.0 wa,  0.0 hi,  1.0 si,  0.1 st
%Cpu(s): 11.5 us,  6.7 sy,  0.0 ni, 80.6 id,  0.0 wa,  0.0 hi,  1.1 si,  0.1 st
%Cpu(s): 14.5 us,  4.9 sy,  0.0 ni, 79.5 id,  0.0 wa,  0.0 hi,  1.0 si,  0.0 st
%Cpu(s): 17.2 us,  6.3 sy,  0.0 ni, 75.2 id,  0.0 wa,  0.0 hi,  1.3 si,  0.0 st
%Cpu(s): 14.4 us,  5.6 sy,  0.0 ni, 78.6 id,  0.0 wa,  0.0 hi,  1.4 si,  0.0 st
%Cpu(s): 18.6 us,  5.5 sy,  0.0 ni, 75.0 id,  0.0 wa,  0.0 hi,  0.9 si,  0.0 st
%Cpu(s):  9.5 us,  5.2 sy,  0.0 ni, 84.1 id,  0.0 wa,  0.0 hi,  1.1 si,  0.1 st
%Cpu(s): 12.0 us,  5.9 sy,  0.0 ni, 80.8 id,  0.0 wa,  0.0 hi,  1.2 si,  0.1 st
%Cpu(s): 10.2 us,  6.4 sy,  0.0 ni, 81.7 id,  0.0 wa,  0.0 hi,  1.5 si,  0.1 st
%Cpu(s):  9.5 us,  6.6 sy,  0.0 ni, 82.8 id,  0.0 wa,  0.0 hi,  1.1 si,  0.0 st
%Cpu(s): 14.4 us,  4.0 sy,  0.0 ni, 80.9 id,  0.0 wa,  0.0 hi,  0.6 si,  0.0 st
%Cpu(s): 15.9 us,  6.1 sy,  0.0 ni, 76.6 id,  0.0 wa,  0.0 hi,  1.3 si,  0.1 st
%Cpu(s): 12.8 us,  4.8 sy,  0.0 ni, 81.3 id,  0.0 wa,  0.0 hi,  1.1 si,  0.0 st
%Cpu(s): 11.4 us,  6.4 sy,  0.0 ni, 80.8 id,  0.0 wa,  0.0 hi,  1.3 si,  0.1 st
%Cpu(s): 10.1 us,  5.4 sy,  0.0 ni, 83.4 id,  0.0 wa,  0.0 hi,  1.1 si,  0.0 st
%Cpu(s):  8.3 us,  4.9 sy,  0.0 ni, 85.3 id,  0.0 wa,  0.0 hi,  1.4 si,  0.1 st
%Cpu(s):  9.5 us,  4.6 sy,  0.0 ni, 84.4 id,  0.0 wa,  0.0 hi,  1.4 si,  0.1 st
%Cpu(s):  9.5 us,  5.1 sy,  0.0 ni, 84.5 id,  0.0 wa,  0.0 hi,  0.9 si,  0.0 st
%Cpu(s):  5.5 us,  4.2 sy,  0.0 ni, 89.5 id,  0.0 wa,  0.0 hi,  0.8 si,  0.0 st
%Cpu(s):  3.5 us,  3.5 sy,  0.0 ni, 92.9 id,  0.0 wa,  0.0 hi,  0.0 si,  0.0 st
%Cpu(s):  3.4 us,  4.4 sy,  0.0 ni, 92.1 id,  0.0 wa,  0.0 hi,  0.1 si,  0.0 st
%Cpu(s):  2.3 us,  1.1 sy,  0.0 ni, 96.6 id,  0.0 wa,  0.0 hi,  0.0 si,  0.0 st
%Cpu(s):  6.1 us,  4.3 sy,  0.0 ni, 89.3 id,  0.0 wa,  0.0 hi,  0.1 si,  0.1 st
%Cpu(s): 13.6 us,  3.7 sy,  0.0 ni, 82.7 id,  0.0 wa,  0.0 hi,  0.0 si,  0.0 st
%Cpu(s): 22.2 us,  2.5 sy,  0.0 ni, 75.3 id,  0.0 wa,  0.0 hi,  0.0 si,  0.0 st
%Cpu(s):  3.2 us,  2.9 sy,  0.0 ni, 93.8 id,  0.0 wa,  0.0 hi,  0.0 si,  0.1 st
%Cpu(s):  3.7 us,  4.8 sy,  0.0 ni, 91.6 id,  0.0 wa,  0.0 hi,  0.0 si,  0.0 st
%Cpu(s):  3.2 us,  3.2 sy,  0.0 ni, 93.4 id,  0.1 wa,  0.0 hi,  0.0 si,  0.0 st
%Cpu(s):  3.0 us,  3.3 sy,  0.0 ni, 93.7 id,  0.0 wa,  0.0 hi,  0.0 si,  0.0 st
%Cpu(s):  3.3 us,  3.2 sy,  0.0 ni, 93.3 id,  0.0 wa,  0.0 hi,  0.1 si,  0.0 st
%Cpu(s):  3.0 us,  3.3 sy,  0.0 ni, 93.6 id,  0.0 wa,  0.0 hi,  0.0 si,  0.1 st
%Cpu(s):  4.4 us,  4.3 sy,  0.0 ni, 91.2 id,  0.0 wa,  0.0 hi,  0.0 si,  0.0 st
