%Cpu(s):  2.8 us,  1.8 sy,  0.0 ni, 95.2 id,  0.0 wa,  0.0 hi,  0.2 si,  0.0 st
%Cpu(s):  0.4 us,  0.1 sy,  0.0 ni, 99.4 id,  0.0 wa,  0.0 hi,  0.1 si,  0.0 st
%Cpu(s):  1.0 us,  0.2 sy,  0.0 ni, 98.8 id,  0.0 wa,  0.0 hi,  0.0 si,  0.0 st
%Cpu(s):  0.9 us,  0.2 sy,  0.0 ni, 98.9 id,  0.0 wa,  0.0 hi,  0.0 si,  0.0 st
%Cpu(s): 28.1 us,  2.6 sy,  0.0 ni, 68.2 id,  0.2 wa,  0.0 hi,  0.9 si,  0.0 st
%Cpu(s): 50.4 us,  7.1 sy,  0.0 ni, 41.0 id,  0.0 wa,  0.0 hi,  1.5 si,  0.0 st
%Cpu(s): 50.7 us,  7.8 sy,  0.0 ni, 40.3 id,  0.0 wa,  0.0 hi,  1.3 si,  0.0 st
%Cpu(s): 49.4 us,  6.2 sy,  0.0 ni, 43.2 id,  0.0 wa,  0.0 hi,  1.1 si,  0.1 st
%Cpu(s): 38.6 us,  7.3 sy,  0.0 ni, 52.8 id,  0.0 wa,  0.0 hi,  1.3 si,  0.0 st
%Cpu(s): 15.3 us,  8.7 sy,  0.0 ni, 74.8 id,  0.0 wa,  0.0 hi,  1.1 si,  0.1 st
%Cpu(s): 18.6 us,  6.3 sy,  0.0 ni, 73.2 id,  0.0 wa,  0.0 hi,  1.9 si,  0.0 st
%Cpu(s): 11.2 us,  7.3 sy,  0.0 ni, 80.2 id,  0.0 wa,  0.0 hi,  1.1 si,  0.1 st
%Cpu(s): 13.5 us,  6.0 sy,  0.0 ni, 79.1 id,  0.0 wa,  0.0 hi,  1.4 si,  0.0 st
%Cpu(s): 10.9 us,  7.2 sy,  0.0 ni, 80.5 id,  0.0 wa,  0.0 hi,  1.4 si,  0.0 st
%Cpu(s): 14.8 us,  5.9 sy,  0.0 ni, 77.9 id,  0.1 wa,  0.0 hi,  1.3 si,  0.0 st
%Cpu(s): 15.5 us,  6.8 sy,  0.0 ni, 76.7 id,  0.0 wa,  0.0 hi,  0.9 si,  0.1 st
%Cpu(s): 14.6 us,  6.4 sy,  0.0 ni, 78.5 id,  0.0 wa,  0.0 hi,  0.5 si,  0.0 st
%Cpu(s): 20.1 us,  6.8 sy,  0.0 ni, 71.7 id,  0.0 wa,  0.0 hi,  1.4 si,  0.0 st
%Cpu(s): 21.1 us,  6.8 sy,  0.0 ni, 70.3 id,  0.0 wa,  0.0 hi,  1.8 si,  0.0 st
%Cpu(s): 16.7 us,  6.6 sy,  0.0 ni, 75.6 id,  0.0 wa,  0.0 hi,  1.0 si,  0.0 st
%Cpu(s): 13.0 us,  8.1 sy,  0.0 ni, 78.9 id,  0.0 wa,  0.0 hi,  0.0 si,  0.0 st
%Cpu(s): 11.4 us,  7.8 sy,  0.0 ni, 79.7 id,  0.6 wa,  0.0 hi,  0.4 si,  0.0 st
%Cpu(s): 13.3 us,  7.5 sy,  0.0 ni, 79.0 id,  0.0 wa,  0.0 hi,  0.3 si,  0.0 st
%Cpu(s): 11.7 us,  8.4 sy,  0.0 ni, 78.3 id,  0.0 wa,  0.0 hi,  1.5 si,  0.0 st
%Cpu(s): 11.3 us,  8.2 sy,  0.0 ni, 78.8 id,  0.0 wa,  0.0 hi,  1.6 si,  0.0 st
%Cpu(s): 12.0 us,  7.2 sy,  0.0 ni, 78.8 id,  0.0 wa,  0.0 hi,  2.0 si,  0.0 st
%Cpu(s): 10.3 us,  7.8 sy,  0.0 ni, 79.8 id,  0.0 wa,  0.0 hi,  2.2 si,  0.0 st
%Cpu(s): 13.1 us,  8.0 sy,  0.0 ni, 77.5 id,  0.0 wa,  0.0 hi,  1.4 si,  0.0 st
%Cpu(s): 13.3 us,  8.8 sy,  0.0 ni, 76.9 id,  0.0 wa,  0.0 hi,  1.0 si,  0.0 st
%Cpu(s): 10.8 us,  9.4 sy,  0.0 ni, 78.1 id,  0.0 wa,  0.0 hi,  1.8 si,  0.0 st
%Cpu(s): 12.4 us,  9.3 sy,  0.0 ni, 76.8 id,  0.0 wa,  0.0 hi,  1.5 si,  0.0 st
%Cpu(s): 12.9 us,  8.4 sy,  0.0 ni, 76.7 id,  0.0 wa,  0.0 hi,  1.9 si,  0.1 st
%Cpu(s): 11.1 us,  8.3 sy,  0.0 ni, 79.1 id,  0.0 wa,  0.0 hi,  1.5 si,  0.0 st
%Cpu(s): 12.1 us,  9.4 sy,  0.0 ni, 76.7 id,  0.0 wa,  0.0 hi,  1.9 si,  0.0 st
%Cpu(s): 12.9 us,  8.4 sy,  0.0 ni, 77.4 id,  0.0 wa,  0.0 hi,  1.3 si,  0.0 st
%Cpu(s): 11.3 us,  7.9 sy,  0.0 ni, 79.3 id,  0.0 wa,  0.0 hi,  1.5 si,  0.0 st
%Cpu(s): 12.0 us,  8.2 sy,  0.0 ni, 79.4 id,  0.0 wa,  0.0 hi,  0.4 si,  0.0 st
%Cpu(s): 12.1 us,  8.7 sy,  0.0 ni, 78.7 id,  0.0 wa,  0.0 hi,  0.4 si,  0.0 st
%Cpu(s): 13.1 us,  9.3 sy,  0.0 ni, 77.6 id,  0.0 wa,  0.0 hi,  0.0 si,  0.0 st
%Cpu(s): 13.3 us,  8.1 sy,  0.0 ni, 78.5 id,  0.1 wa,  0.0 hi,  0.0 si,  0.0 st
%Cpu(s): 13.2 us,  7.8 sy,  0.0 ni, 78.6 id,  0.0 wa,  0.0 hi,  0.4 si,  0.0 st
%Cpu(s): 12.4 us,  8.8 sy,  0.0 ni, 77.7 id,  0.0 wa,  0.0 hi,  1.2 si,  0.0 st
%Cpu(s): 11.5 us,  9.5 sy,  0.0 ni, 78.5 id,  0.0 wa,  0.0 hi,  0.5 si,  0.0 st
%Cpu(s): 11.7 us,  7.3 sy,  0.0 ni, 78.7 id,  0.0 wa,  0.0 hi,  2.3 si,  0.0 st
%Cpu(s): 15.8 us,  8.2 sy,  0.0 ni, 74.6 id,  0.0 wa,  0.0 hi,  1.4 si,  0.0 st
%Cpu(s): 24.6 us,  8.2 sy,  0.0 ni, 66.7 id,  0.0 wa,  0.0 hi,  0.5 si,  0.0 st
%Cpu(s): 12.4 us,  8.5 sy,  0.0 ni, 78.3 id,  0.8 wa,  0.0 hi,  0.1 si,  0.0 st
%Cpu(s): 13.9 us,  8.7 sy,  0.0 ni, 77.2 id,  0.0 wa,  0.0 hi,  0.2 si,  0.0 st
%Cpu(s): 13.1 us,  8.8 sy,  0.0 ni, 77.0 id,  0.0 wa,  0.0 hi,  1.2 si,  0.0 st
%Cpu(s): 11.7 us,  8.6 sy,  0.0 ni, 78.0 id,  0.0 wa,  0.0 hi,  1.8 si,  0.0 st
%Cpu(s): 11.5 us,  7.8 sy,  0.0 ni, 78.9 id,  0.0 wa,  0.0 hi,  1.9 si,  0.0 st
%Cpu(s): 12.5 us,  7.0 sy,  0.0 ni, 79.0 id,  0.0 wa,  0.0 hi,  1.5 si,  0.0 st
%Cpu(s): 12.9 us,  9.1 sy,  0.0 ni, 76.8 id,  0.0 wa,  0.0 hi,  1.0 si,  0.1 st
%Cpu(s): 11.6 us,  8.8 sy,  0.0 ni, 77.3 id,  0.0 wa,  0.0 hi,  2.3 si,  0.0 st
%Cpu(s): 12.7 us,  8.1 sy,  0.0 ni, 76.9 id,  0.1 wa,  0.0 hi,  2.2 si,  0.0 st
%Cpu(s): 13.7 us,  8.4 sy,  0.0 ni, 76.3 id,  0.0 wa,  0.0 hi,  1.6 si,  0.0 st
%Cpu(s): 11.3 us,  7.7 sy,  0.0 ni, 79.3 id,  0.0 wa,  0.0 hi,  1.7 si,  0.0 st
%Cpu(s): 12.5 us,  8.6 sy,  0.0 ni, 77.1 id,  0.0 wa,  0.0 hi,  1.9 si,  0.0 st
%Cpu(s): 11.2 us,  7.5 sy,  0.0 ni, 79.7 id,  0.0 wa,  0.0 hi,  1.6 si,  0.0 st
%Cpu(s): 10.9 us,  7.9 sy,  0.0 ni, 79.8 id,  0.1 wa,  0.0 hi,  1.3 si,  0.0 st
%Cpu(s): 11.3 us,  6.8 sy,  0.0 ni, 80.4 id,  0.0 wa,  0.0 hi,  1.4 si,  0.1 st
%Cpu(s): 11.6 us,  7.7 sy,  0.0 ni, 79.5 id,  0.0 wa,  0.0 hi,  1.1 si,  0.0 st
%Cpu(s):  6.1 us,  6.7 sy,  0.0 ni, 85.6 id,  0.0 wa,  0.0 hi,  1.6 si,  0.0 st
%Cpu(s):  6.1 us,  5.8 sy,  0.0 ni, 87.1 id,  0.0 wa,  0.0 hi,  1.0 si,  0.0 st
%Cpu(s):  6.5 us,  5.6 sy,  0.0 ni, 86.2 id,  0.0 wa,  0.0 hi,  1.7 si,  0.0 st
%Cpu(s):  6.0 us,  5.6 sy,  0.0 ni, 87.1 id,  0.0 wa,  0.0 hi,  1.3 si,  0.0 st
%Cpu(s):  6.1 us,  5.6 sy,  0.0 ni, 86.5 id,  0.0 wa,  0.0 hi,  1.8 si,  0.0 st
%Cpu(s):  6.5 us,  6.8 sy,  0.0 ni, 85.1 id,  0.0 wa,  0.0 hi,  1.6 si,  0.0 st
%Cpu(s):  6.5 us,  6.8 sy,  0.0 ni, 86.6 id,  0.0 wa,  0.0 hi,  0.1 si,  0.0 st
%Cpu(s):  5.7 us,  6.0 sy,  0.0 ni, 87.4 id,  0.0 wa,  0.0 hi,  0.9 si,  0.0 st
%Cpu(s):  5.8 us,  5.7 sy,  0.0 ni, 88.2 id,  0.0 wa,  0.0 hi,  0.3 si,  0.0 st
%Cpu(s):  5.8 us,  5.8 sy,  0.0 ni, 88.1 id,  0.0 wa,  0.0 hi,  0.1 si,  0.1 st
%Cpu(s):  5.4 us,  4.6 sy,  0.0 ni, 89.9 id,  0.0 wa,  0.0 hi,  0.1 si,  0.0 st
%Cpu(s):  5.7 us,  5.8 sy,  0.0 ni, 88.5 id,  0.0 wa,  0.0 hi,  0.0 si,  0.0 st
%Cpu(s):  4.1 us,  3.8 sy,  0.0 ni, 91.7 id,  0.0 wa,  0.0 hi,  0.4 si,  0.0 st
%Cpu(s):  3.5 us,  2.5 sy,  0.0 ni, 93.5 id,  0.0 wa,  0.0 hi,  0.5 si,  0.0 st
%Cpu(s):  2.3 us,  2.1 sy,  0.0 ni, 94.6 id,  0.6 wa,  0.0 hi,  0.3 si,  0.1 st
%Cpu(s):  2.0 us,  1.1 sy,  0.0 ni, 96.8 id,  0.0 wa,  0.0 hi,  0.1 si,  0.0 st
%Cpu(s):  1.6 us,  0.8 sy,  0.0 ni, 97.5 id,  0.0 wa,  0.0 hi,  0.0 si,  0.1 st
%Cpu(s):  1.1 us,  0.7 sy,  0.0 ni, 97.8 id,  0.1 wa,  0.0 hi,  0.2 si,  0.0 st
%Cpu(s):  0.1 us,  0.2 sy,  0.0 ni, 99.6 id,  0.0 wa,  0.0 hi,  0.0 si,  0.0 st
%Cpu(s):  0.0 us,  0.1 sy,  0.0 ni, 99.9 id,  0.0 wa,  0.0 hi,  0.0 si,  0.0 st
%Cpu(s):  0.1 us,  0.1 sy,  0.0 ni, 99.8 id,  0.0 wa,  0.0 hi,  0.0 si,  0.0 st
%Cpu(s):  0.5 us,  0.2 sy,  0.0 ni, 99.3 id,  0.0 wa,  0.0 hi,  0.0 si,  0.0 st
