%Cpu(s):  2.9 us,  1.8 sy,  0.0 ni, 95.1 id,  0.0 wa,  0.0 hi,  0.2 si,  0.0 st
%Cpu(s):  0.1 us,  0.1 sy,  0.0 ni, 99.8 id,  0.0 wa,  0.0 hi,  0.0 si,  0.0 st
%Cpu(s):  0.1 us,  0.0 sy,  0.0 ni, 99.9 id,  0.0 wa,  0.0 hi,  0.0 si,  0.0 st
%Cpu(s):  0.2 us,  0.1 sy,  0.0 ni, 99.6 id,  0.0 wa,  0.0 hi,  0.0 si,  0.0 st
%Cpu(s):  6.6 us,  0.2 sy,  0.0 ni, 92.9 id,  0.0 wa,  0.0 hi,  0.1 si,  0.1 st
%Cpu(s): 37.4 us,  2.9 sy,  0.0 ni, 59.6 id,  0.0 wa,  0.0 hi,  0.1 si,  0.0 st
%Cpu(s): 32.2 us,  3.0 sy,  0.0 ni, 64.1 id,  0.0 wa,  0.0 hi,  0.5 si,  0.1 st
%Cpu(s): 22.3 us,  3.5 sy,  0.0 ni, 73.7 id,  0.0 wa,  0.0 hi,  0.4 si,  0.0 st
%Cpu(s): 24.0 us,  3.2 sy,  0.0 ni, 72.2 id,  0.0 wa,  0.0 hi,  0.6 si,  0.0 st
%Cpu(s):  8.6 us,  2.6 sy,  0.0 ni, 88.0 id,  0.1 wa,  0.0 hi,  0.5 si,  0.1 st
%Cpu(s):  5.1 us,  3.4 sy,  0.0 ni, 91.0 id,  0.0 wa,  0.0 hi,  0.5 si,  0.0 st
%Cpu(s): 10.3 us,  3.8 sy,  0.0 ni, 85.5 id,  0.0 wa,  0.0 hi,  0.4 si,  0.0 st
%Cpu(s):  6.0 us,  3.8 sy,  0.0 ni, 89.5 id,  0.0 wa,  0.0 hi,  0.5 si,  0.1 st
%Cpu(s):  6.8 us,  3.3 sy,  0.0 ni, 89.7 id,  0.0 wa,  0.0 hi,  0.3 si,  0.0 st
%Cpu(s):  6.1 us,  3.5 sy,  0.0 ni, 89.8 id,  0.0 wa,  0.0 hi,  0.5 si,  0.1 st
%Cpu(s): 22.8 us,  3.8 sy,  0.0 ni, 72.6 id,  0.4 wa,  0.0 hi,  0.5 si,  0.0 st
%Cpu(s): 18.3 us,  2.7 sy,  0.0 ni, 78.2 id,  0.0 wa,  0.0 hi,  0.7 si,  0.0 st
%Cpu(s):  8.4 us,  3.8 sy,  0.0 ni, 87.2 id,  0.0 wa,  0.0 hi,  0.6 si,  0.0 st
%Cpu(s):  9.3 us,  5.8 sy,  0.0 ni, 84.1 id,  0.0 wa,  0.0 hi,  0.9 si,  0.0 st
%Cpu(s): 10.6 us,  6.7 sy,  0.0 ni, 82.3 id,  0.0 wa,  0.0 hi,  0.4 si,  0.0 st
%Cpu(s): 10.9 us,  6.0 sy,  0.0 ni, 81.4 id,  0.0 wa,  0.0 hi,  1.6 si,  0.0 st
%Cpu(s):  9.9 us,  6.7 sy,  0.0 ni, 81.5 id,  0.0 wa,  0.0 hi,  1.9 si,  0.0 st
%Cpu(s):  8.5 us,  7.3 sy,  0.0 ni, 82.1 id,  0.0 wa,  0.0 hi,  2.1 si,  0.0 st
%Cpu(s):  7.3 us,  8.0 sy,  0.0 ni, 83.2 id,  0.0 wa,  0.0 hi,  1.5 si,  0.0 st
%Cpu(s):  8.9 us,  8.4 sy,  0.0 ni, 81.2 id,  0.0 wa,  0.0 hi,  1.5 si,  0.0 st
%Cpu(s):  8.4 us,  7.1 sy,  0.0 ni, 82.5 id,  0.0 wa,  0.0 hi,  1.8 si,  0.1 st
%Cpu(s):  9.9 us,  8.4 sy,  0.0 ni, 80.0 id,  0.0 wa,  0.0 hi,  1.7 si,  0.0 st
%Cpu(s):  8.7 us,  7.4 sy,  0.0 ni, 82.7 id,  0.0 wa,  0.0 hi,  1.3 si,  0.0 st
%Cpu(s): 10.0 us,  8.2 sy,  0.0 ni, 80.4 id,  0.0 wa,  0.0 hi,  1.4 si,  0.0 st
%Cpu(s):  8.4 us,  7.4 sy,  0.0 ni, 83.0 id,  0.0 wa,  0.0 hi,  1.3 si,  0.0 st
%Cpu(s):  9.2 us,  7.7 sy,  0.0 ni, 83.1 id,  0.0 wa,  0.0 hi,  0.0 si,  0.0 st
%Cpu(s): 10.2 us,  7.6 sy,  0.0 ni, 82.1 id,  0.0 wa,  0.0 hi,  0.1 si,  0.0 st
%Cpu(s):  9.0 us,  7.6 sy,  0.0 ni, 83.3 id,  0.0 wa,  0.0 hi,  0.1 si,  0.0 st
%Cpu(s):  9.5 us,  8.0 sy,  0.0 ni, 82.2 id,  0.0 wa,  0.0 hi,  0.3 si,  0.0 st
%Cpu(s):  7.9 us,  8.0 sy,  0.0 ni, 84.0 id,  0.0 wa,  0.0 hi,  0.1 si,  0.0 st
%Cpu(s):  9.0 us,  6.8 sy,  0.0 ni, 82.9 id,  0.9 wa,  0.0 hi,  0.3 si,  0.0 st
%Cpu(s):  9.8 us,  7.7 sy,  0.0 ni, 82.4 id,  0.0 wa,  0.0 hi,  0.1 si,  0.0 st
%Cpu(s):  8.3 us,  8.8 sy,  0.0 ni, 82.8 id,  0.0 wa,  0.0 hi,  0.1 si,  0.0 st
%Cpu(s): 10.3 us,  8.2 sy,  0.0 ni, 81.4 id,  0.0 wa,  0.0 hi,  0.1 si,  0.0 st
%Cpu(s):  9.9 us,  7.0 sy,  0.0 ni, 83.1 id,  0.0 wa,  0.0 hi,  0.0 si,  0.0 st
%Cpu(s):  9.8 us,  8.5 sy,  0.0 ni, 81.4 id,  0.0 wa,  0.0 hi,  0.3 si,  0.0 st
%Cpu(s):  8.8 us,  9.2 sy,  0.0 ni, 81.9 id,  0.0 wa,  0.0 hi,  0.1 si,  0.0 st
%Cpu(s):  9.5 us,  6.9 sy,  0.0 ni, 83.7 id,  0.0 wa,  0.0 hi,  0.0 si,  0.0 st
%Cpu(s):  9.0 us,  7.2 sy,  0.0 ni, 83.5 id,  0.0 wa,  0.0 hi,  0.3 si,  0.0 st
%Cpu(s): 12.0 us,  7.7 sy,  0.0 ni, 80.2 id,  0.0 wa,  0.0 hi,  0.1 si,  0.0 st
%Cpu(s): 17.0 us,  7.4 sy,  0.0 ni, 74.2 id,  0.0 wa,  0.0 hi,  1.4 si,  0.0 st
%Cpu(s): 12.5 us,  7.4 sy,  0.0 ni, 79.9 id,  0.0 wa,  0.0 hi,  0.3 si,  0.0 st
%Cpu(s):  9.0 us,  8.1 sy,  0.0 ni, 82.9 id,  0.0 wa,  0.0 hi,  0.0 si,  0.0 st
%Cpu(s): 12.7 us,  7.4 sy,  0.0 ni, 79.7 id,  0.0 wa,  0.0 hi,  0.3 si,  0.0 st
%Cpu(s):  9.4 us,  8.3 sy,  0.0 ni, 80.8 id,  0.0 wa,  0.0 hi,  1.5 si,  0.0 st
%Cpu(s):  8.8 us,  7.0 sy,  0.0 ni, 82.2 id,  0.0 wa,  0.0 hi,  2.0 si,  0.0 st
%Cpu(s):  7.6 us,  7.5 sy,  0.0 ni, 83.0 id,  0.0 wa,  0.0 hi,  1.9 si,  0.0 st
%Cpu(s):  9.3 us,  6.9 sy,  0.0 ni, 81.5 id,  0.0 wa,  0.0 hi,  2.3 si,  0.0 st
%Cpu(s):  8.5 us,  7.7 sy,  0.0 ni, 82.1 id,  0.0 wa,  0.0 hi,  1.6 si,  0.0 st
%Cpu(s):  9.9 us,  7.5 sy,  0.0 ni, 81.1 id,  0.0 wa,  0.0 hi,  1.5 si,  0.0 st
%Cpu(s):  9.1 us,  7.8 sy,  0.0 ni, 81.5 id,  0.0 wa,  0.0 hi,  1.6 si,  0.0 st
%Cpu(s):  9.5 us,  6.5 sy,  0.0 ni, 82.5 id,  0.0 wa,  0.0 hi,  1.5 si,  0.0 st
%Cpu(s):  9.3 us,  7.3 sy,  0.0 ni, 81.7 id,  0.0 wa,  0.0 hi,  1.6 si,  0.0 st
%Cpu(s):  9.0 us,  7.8 sy,  0.0 ni, 81.5 id,  0.0 wa,  0.0 hi,  1.8 si,  0.0 st
%Cpu(s):  9.4 us,  7.5 sy,  0.0 ni, 81.4 id,  0.0 wa,  0.0 hi,  1.6 si,  0.0 st
%Cpu(s):  8.1 us,  7.8 sy,  0.0 ni, 82.3 id,  0.0 wa,  0.0 hi,  1.8 si,  0.0 st
%Cpu(s):  8.5 us,  7.2 sy,  0.0 ni, 82.6 id,  0.0 wa,  0.0 hi,  1.6 si,  0.0 st
%Cpu(s): 11.0 us,  7.5 sy,  0.0 ni, 79.4 id,  0.0 wa,  0.0 hi,  2.1 si,  0.0 st
%Cpu(s):  7.3 us,  6.5 sy,  0.0 ni, 84.3 id,  0.0 wa,  0.0 hi,  1.9 si,  0.0 st
%Cpu(s):  7.5 us,  6.4 sy,  0.0 ni, 84.7 id,  0.1 wa,  0.0 hi,  1.3 si,  0.0 st
%Cpu(s):  7.7 us,  4.9 sy,  0.0 ni, 85.4 id,  0.0 wa,  0.0 hi,  2.0 si,  0.0 st
%Cpu(s):  4.4 us,  3.5 sy,  0.0 ni, 91.2 id,  0.0 wa,  0.0 hi,  0.8 si,  0.1 st
%Cpu(s):  3.4 us,  2.5 sy,  0.0 ni, 93.8 id,  0.0 wa,  0.0 hi,  0.4 si,  0.0 st
%Cpu(s):  3.7 us,  2.5 sy,  0.0 ni, 93.3 id,  0.0 wa,  0.0 hi,  0.4 si,  0.1 st
%Cpu(s):  3.6 us,  2.4 sy,  0.0 ni, 93.6 id,  0.0 wa,  0.0 hi,  0.3 si,  0.1 st
%Cpu(s):  3.0 us,  2.6 sy,  0.0 ni, 93.9 id,  0.0 wa,  0.0 hi,  0.5 si,  0.0 st
%Cpu(s):  2.0 us,  1.5 sy,  0.0 ni, 96.1 id,  0.0 wa,  0.0 hi,  0.3 si,  0.1 st
%Cpu(s):  1.8 us,  1.0 sy,  0.0 ni, 97.1 id,  0.0 wa,  0.0 hi,  0.0 si,  0.1 st
%Cpu(s):  1.7 us,  1.2 sy,  0.0 ni, 96.9 id,  0.0 wa,  0.0 hi,  0.0 si,  0.1 st
%Cpu(s):  2.1 us,  1.6 sy,  0.0 ni, 96.3 id,  0.0 wa,  0.0 hi,  0.0 si,  0.0 st
%Cpu(s):  1.4 us,  0.8 sy,  0.0 ni, 97.6 id,  0.0 wa,  0.0 hi,  0.1 si,  0.1 st
%Cpu(s):  1.8 us,  1.2 sy,  0.0 ni, 97.0 id,  0.0 wa,  0.0 hi,  0.0 si,  0.0 st
%Cpu(s):  1.6 us,  1.3 sy,  0.0 ni, 97.0 id,  0.0 wa,  0.0 hi,  0.0 si,  0.1 st
%Cpu(s):  1.4 us,  1.0 sy,  0.0 ni, 97.5 id,  0.0 wa,  0.0 hi,  0.0 si,  0.1 st
%Cpu(s):  1.6 us,  1.1 sy,  0.0 ni, 97.2 id,  0.0 wa,  0.0 hi,  0.0 si,  0.0 st
%Cpu(s):  1.0 us,  0.9 sy,  0.0 ni, 98.0 id,  0.0 wa,  0.0 hi,  0.0 si,  0.1 st
%Cpu(s):  0.1 us,  0.1 sy,  0.0 ni, 99.8 id,  0.0 wa,  0.0 hi,  0.0 si,  0.0 st
%Cpu(s):  0.1 us,  0.0 sy,  0.0 ni, 99.9 id,  0.0 wa,  0.0 hi,  0.0 si,  0.0 st
%Cpu(s):  0.2 us,  0.1 sy,  0.0 ni, 99.6 id,  0.0 wa,  0.0 hi,  0.0 si,  0.0 st
%Cpu(s):  0.5 us,  0.4 sy,  0.0 ni, 99.0 id,  0.1 wa,  0.0 hi,  0.0 si,  0.0 st
