%Cpu(s):  1.6 us,  0.7 sy,  0.0 ni, 97.5 id,  0.0 wa,  0.0 hi,  0.1 si,  0.1 st
%Cpu(s): 22.2 us,  1.0 sy,  0.0 ni, 76.8 id,  0.0 wa,  0.0 hi,  0.0 si,  0.0 st
%Cpu(s):  0.6 us,  0.1 sy,  0.0 ni, 99.3 id,  0.0 wa,  0.0 hi,  0.0 si,  0.0 st
%Cpu(s):  0.1 us,  0.1 sy,  0.0 ni, 99.8 id,  0.0 wa,  0.0 hi,  0.0 si,  0.0 st
%Cpu(s): 30.1 us,  3.0 sy,  0.0 ni, 66.7 id,  0.0 wa,  0.0 hi,  0.1 si,  0.1 st
%Cpu(s): 54.4 us,  1.9 sy,  0.0 ni, 43.6 id,  0.0 wa,  0.0 hi,  0.0 si,  0.1 st
%Cpu(s): 75.5 us,  1.8 sy,  0.0 ni, 22.6 id,  0.0 wa,  0.0 hi,  0.0 si,  0.1 st
%Cpu(s): 46.0 us,  1.4 sy,  0.0 ni, 52.4 id,  0.0 wa,  0.0 hi,  0.1 si,  0.1 st
%Cpu(s):  9.5 us,  1.0 sy,  0.0 ni, 89.5 id,  0.0 wa,  0.0 hi,  0.0 si,  0.0 st
%Cpu(s):  1.7 us,  0.9 sy,  0.0 ni, 97.0 id,  0.1 wa,  0.0 hi,  0.0 si,  0.2 st
%Cpu(s):  2.6 us,  0.9 sy,  0.0 ni, 96.4 id,  0.0 wa,  0.0 hi,  0.0 si,  0.1 st
%Cpu(s):  2.6 us,  0.6 sy,  0.0 ni, 96.6 id,  0.0 wa,  0.0 hi,  0.0 si,  0.1 st
%Cpu(s):  2.5 us,  0.8 sy,  0.0 ni, 96.8 id,  0.0 wa,  0.0 hi,  0.0 si,  0.0 st
%Cpu(s):  1.6 us,  1.2 sy,  0.0 ni, 97.0 id,  0.0 wa,  0.0 hi,  0.0 si,  0.1 st
%Cpu(s):  1.5 us,  0.9 sy,  0.0 ni, 97.5 id,  0.0 wa,  0.0 hi,  0.0 si,  0.1 st
%Cpu(s):  8.7 us,  1.5 sy,  0.0 ni, 89.4 id,  0.0 wa,  0.0 hi,  0.1 si,  0.2 st
%Cpu(s):  9.7 us,  1.1 sy,  0.0 ni, 89.0 id,  0.0 wa,  0.0 hi,  0.0 si,  0.1 st
%Cpu(s):  7.0 us,  2.2 sy,  0.0 ni, 90.7 id,  0.0 wa,  0.0 hi,  0.0 si,  0.1 st
%Cpu(s): 48.1 us,  3.9 sy,  0.0 ni, 47.2 id,  0.0 wa,  0.0 hi,  0.8 si,  0.0 st
%Cpu(s): 50.5 us,  7.3 sy,  0.0 ni, 39.6 id,  0.0 wa,  0.0 hi,  2.6 si,  0.0 st
%Cpu(s): 31.9 us,  4.5 sy,  0.0 ni, 61.6 id,  0.0 wa,  0.0 hi,  1.9 si,  0.0 st
%Cpu(s): 19.2 us,  5.7 sy,  0.0 ni, 73.2 id,  0.0 wa,  0.0 hi,  1.7 si,  0.1 st
%Cpu(s): 10.0 us,  4.8 sy,  0.0 ni, 83.7 id,  0.0 wa,  0.0 hi,  1.5 si,  0.0 st
%Cpu(s): 12.5 us,  5.7 sy,  0.0 ni, 80.3 id,  0.0 wa,  0.0 hi,  1.5 si,  0.1 st
%Cpu(s): 19.6 us,  6.3 sy,  0.0 ni, 71.9 id,  0.1 wa,  0.0 hi,  2.0 si,  0.0 st
%Cpu(s): 16.5 us,  6.8 sy,  0.0 ni, 74.8 id,  0.0 wa,  0.0 hi,  1.8 si,  0.1 st
%Cpu(s): 10.4 us,  6.4 sy,  0.0 ni, 81.8 id,  0.0 wa,  0.0 hi,  1.5 si,  0.0 st
%Cpu(s): 10.1 us,  5.0 sy,  0.0 ni, 84.0 id,  0.0 wa,  0.0 hi,  0.9 si,  0.0 st
%Cpu(s): 12.6 us,  5.5 sy,  0.0 ni, 76.9 id,  2.8 wa,  0.0 hi,  2.2 si,  0.0 st
%Cpu(s): 21.2 us,  6.6 sy,  0.0 ni, 70.3 id,  0.1 wa,  0.0 hi,  1.8 si,  0.0 st
%Cpu(s): 10.3 us,  5.0 sy,  0.0 ni, 82.9 id,  0.0 wa,  0.0 hi,  1.7 si,  0.1 st
%Cpu(s): 10.3 us,  5.3 sy,  0.0 ni, 82.6 id,  0.0 wa,  0.0 hi,  1.8 si,  0.0 st
%Cpu(s): 10.6 us,  5.6 sy,  0.0 ni, 81.6 id,  0.0 wa,  0.0 hi,  2.2 si,  0.0 st
%Cpu(s): 20.5 us,  6.6 sy,  0.0 ni, 71.1 id,  0.0 wa,  0.0 hi,  1.9 si,  0.0 st
%Cpu(s): 10.5 us,  5.7 sy,  0.0 ni, 81.9 id,  0.0 wa,  0.0 hi,  1.9 si,  0.0 st
%Cpu(s):  9.4 us,  4.9 sy,  0.0 ni, 84.5 id,  0.0 wa,  0.0 hi,  1.3 si,  0.0 st
%Cpu(s):  9.9 us,  5.2 sy,  0.0 ni, 83.7 id,  0.0 wa,  0.0 hi,  1.1 si,  0.1 st
%Cpu(s): 20.6 us,  4.9 sy,  0.0 ni, 72.9 id,  0.0 wa,  0.0 hi,  1.6 si,  0.0 st
%Cpu(s): 13.2 us,  5.4 sy,  0.0 ni, 79.3 id,  0.0 wa,  0.0 hi,  2.0 si,  0.0 st
%Cpu(s):  8.9 us,  5.8 sy,  0.0 ni, 83.7 id,  0.0 wa,  0.0 hi,  1.6 si,  0.0 st
%Cpu(s):  8.9 us,  5.3 sy,  0.0 ni, 83.7 id,  0.0 wa,  0.0 hi,  2.0 si,  0.1 st
%Cpu(s): 18.4 us,  4.9 sy,  0.0 ni, 75.2 id,  0.0 wa,  0.0 hi,  1.5 si,  0.0 st
%Cpu(s): 15.4 us,  6.1 sy,  0.0 ni, 76.4 id,  0.0 wa,  0.0 hi,  2.1 si,  0.0 st
%Cpu(s):  8.4 us,  4.6 sy,  0.0 ni, 85.2 id,  0.0 wa,  0.0 hi,  1.8 si,  0.0 st
%Cpu(s):  9.2 us,  4.7 sy,  0.0 ni, 83.7 id,  0.0 wa,  0.0 hi,  2.3 si,  0.1 st
%Cpu(s): 11.2 us,  5.4 sy,  0.0 ni, 80.9 id,  0.0 wa,  0.0 hi,  2.5 si,  0.0 st
%Cpu(s): 20.1 us,  5.5 sy,  0.0 ni, 72.6 id,  0.0 wa,  0.0 hi,  1.8 si,  0.0 st
%Cpu(s):  8.4 us,  5.6 sy,  0.0 ni, 84.0 id,  0.0 wa,  0.0 hi,  1.9 si,  0.0 st
%Cpu(s): 10.5 us,  6.1 sy,  0.0 ni, 81.5 id,  0.0 wa,  0.0 hi,  1.9 si,  0.0 st
%Cpu(s):  8.7 us,  5.0 sy,  0.0 ni, 84.4 id,  0.1 wa,  0.0 hi,  1.7 si,  0.1 st
%Cpu(s): 17.2 us,  5.0 sy,  0.0 ni, 76.0 id,  0.0 wa,  0.0 hi,  1.7 si,  0.1 st
%Cpu(s): 16.2 us,  5.8 sy,  0.0 ni, 76.1 id,  0.0 wa,  0.0 hi,  1.9 si,  0.0 st
%Cpu(s):  7.7 us,  4.6 sy,  0.0 ni, 85.9 id,  0.0 wa,  0.0 hi,  1.8 si,  0.0 st
%Cpu(s):  7.9 us,  5.1 sy,  0.0 ni, 85.2 id,  0.0 wa,  0.0 hi,  1.8 si,  0.0 st
%Cpu(s): 13.5 us,  5.8 sy,  0.0 ni, 78.9 id,  0.0 wa,  0.0 hi,  1.8 si,  0.0 st
%Cpu(s): 20.0 us,  6.7 sy,  0.0 ni, 71.5 id,  0.0 wa,  0.0 hi,  1.6 si,  0.1 st
%Cpu(s):  9.8 us,  5.9 sy,  0.0 ni, 82.1 id,  0.0 wa,  0.0 hi,  2.3 si,  0.0 st
%Cpu(s):  8.2 us,  6.7 sy,  0.0 ni, 83.2 id,  0.0 wa,  0.0 hi,  1.8 si,  0.0 st
%Cpu(s):  8.6 us,  5.2 sy,  0.0 ni, 82.5 id,  1.7 wa,  0.0 hi,  2.1 si,  0.0 st
%Cpu(s): 19.4 us,  5.6 sy,  0.0 ni, 72.7 id,  0.0 wa,  0.0 hi,  2.3 si,  0.0 st
%Cpu(s): 10.3 us,  5.3 sy,  0.0 ni, 82.7 id,  0.0 wa,  0.0 hi,  1.6 si,  0.0 st
%Cpu(s):  9.0 us,  5.8 sy,  0.0 ni, 83.8 id,  0.0 wa,  0.0 hi,  1.4 si,  0.0 st
%Cpu(s):  8.9 us,  6.2 sy,  0.0 ni, 82.8 id,  0.0 wa,  0.0 hi,  2.2 si,  0.0 st
%Cpu(s): 20.6 us,  5.0 sy,  0.0 ni, 72.0 id,  0.0 wa,  0.0 hi,  2.4 si,  0.0 st
%Cpu(s): 15.5 us,  6.4 sy,  0.0 ni, 75.9 id,  0.1 wa,  0.0 hi,  2.0 si,  0.0 st
%Cpu(s):  8.5 us,  6.2 sy,  0.0 ni, 83.3 id,  0.0 wa,  0.0 hi,  1.9 si,  0.1 st
%Cpu(s):  6.8 us,  4.2 sy,  0.0 ni, 87.4 id,  0.0 wa,  0.0 hi,  1.7 si,  0.0 st
%Cpu(s):  5.7 us,  4.0 sy,  0.0 ni, 89.1 id,  0.0 wa,  0.0 hi,  1.1 si,  0.1 st
%Cpu(s):  4.2 us,  4.6 sy,  0.0 ni, 89.8 id,  0.0 wa,  0.0 hi,  1.4 si,  0.1 st
%Cpu(s): 25.1 us,  3.2 sy,  0.0 ni, 70.2 id,  0.0 wa,  0.0 hi,  1.5 si,  0.0 st
%Cpu(s): 21.8 us,  3.9 sy,  0.0 ni, 73.5 id,  0.0 wa,  0.0 hi,  0.6 si,  0.1 st
%Cpu(s):  6.0 us,  3.6 sy,  0.0 ni, 89.6 id,  0.0 wa,  0.0 hi,  0.8 si,  0.1 st
%Cpu(s):  6.0 us,  2.5 sy,  0.0 ni, 91.0 id,  0.0 wa,  0.0 hi,  0.4 si,  0.1 st
