%Cpu(s):  1.7 us,  0.7 sy,  0.0 ni, 97.5 id,  0.0 wa,  0.0 hi,  0.1 si,  0.1 st
%Cpu(s): 23.3 us,  0.7 sy,  0.0 ni, 75.9 id,  0.0 wa,  0.0 hi,  0.0 si,  0.1 st
%Cpu(s):  0.6 us,  0.1 sy,  0.0 ni, 99.3 id,  0.0 wa,  0.0 hi,  0.0 si,  0.0 st
%Cpu(s):  0.1 us,  0.1 sy,  0.0 ni, 99.8 id,  0.0 wa,  0.0 hi,  0.0 si,  0.0 st
%Cpu(s): 27.9 us,  2.9 sy,  0.0 ni, 69.3 id,  0.0 wa,  0.0 hi,  0.0 si,  0.0 st
%Cpu(s): 47.9 us,  1.9 sy,  0.0 ni, 50.1 id,  0.0 wa,  0.0 hi,  0.0 si,  0.1 st
%Cpu(s): 69.8 us,  2.0 sy,  0.0 ni, 27.9 id,  0.0 wa,  0.0 hi,  0.1 si,  0.1 st
%Cpu(s): 59.5 us,  1.5 sy,  0.0 ni, 38.7 id,  0.0 wa,  0.0 hi,  0.1 si,  0.1 st
%Cpu(s):  6.5 us,  1.3 sy,  0.0 ni, 91.9 id,  0.1 wa,  0.0 hi,  0.0 si,  0.3 st
%Cpu(s):  1.9 us,  0.5 sy,  0.0 ni, 97.6 id,  0.0 wa,  0.0 hi,  0.0 si,  0.0 st
%Cpu(s):  2.7 us,  1.1 sy,  0.0 ni, 96.0 id,  0.0 wa,  0.0 hi,  0.0 si,  0.1 st
%Cpu(s):  2.0 us,  1.1 sy,  0.0 ni, 96.6 id,  0.0 wa,  0.0 hi,  0.0 si,  0.2 st
%Cpu(s):  4.9 us,  1.2 sy,  0.0 ni, 93.9 id,  0.0 wa,  0.0 hi,  0.0 si,  0.0 st
%Cpu(s):  2.0 us,  0.9 sy,  0.0 ni, 96.8 id,  0.1 wa,  0.0 hi,  0.0 si,  0.2 st
%Cpu(s):  1.4 us,  1.1 sy,  0.0 ni, 97.4 id,  0.0 wa,  0.0 hi,  0.0 si,  0.1 st
%Cpu(s):  9.4 us,  1.6 sy,  0.0 ni, 88.6 id,  0.0 wa,  0.0 hi,  0.2 si,  0.1 st
%Cpu(s): 13.0 us,  1.9 sy,  0.0 ni, 85.0 id,  0.0 wa,  0.0 hi,  0.0 si,  0.1 st
%Cpu(s):  8.2 us,  2.0 sy,  0.0 ni, 89.5 id,  0.0 wa,  0.0 hi,  0.1 si,  0.1 st
%Cpu(s): 59.9 us,  4.0 sy,  0.0 ni, 34.8 id,  0.0 wa,  0.0 hi,  1.4 si,  0.0 st
%Cpu(s): 59.4 us,  6.9 sy,  0.0 ni, 31.0 id,  0.0 wa,  0.0 hi,  2.8 si,  0.0 st
%Cpu(s): 16.9 us,  4.3 sy,  0.0 ni, 77.1 id,  0.0 wa,  0.0 hi,  1.7 si,  0.0 st
%Cpu(s): 27.7 us,  5.6 sy,  0.0 ni, 64.8 id,  0.0 wa,  0.0 hi,  1.9 si,  0.0 st
%Cpu(s): 14.8 us,  5.0 sy,  0.0 ni, 78.6 id,  0.0 wa,  0.0 hi,  1.5 si,  0.1 st
%Cpu(s):  9.0 us,  4.5 sy,  0.0 ni, 80.6 id,  4.0 wa,  0.0 hi,  1.9 si,  0.0 st
%Cpu(s):  9.4 us,  5.4 sy,  0.0 ni, 83.5 id,  0.0 wa,  0.0 hi,  1.6 si,  0.0 st
%Cpu(s):  9.9 us,  5.9 sy,  0.0 ni, 82.4 id,  0.0 wa,  0.0 hi,  1.7 si,  0.1 st
%Cpu(s): 20.0 us,  6.5 sy,  0.0 ni, 72.1 id,  0.0 wa,  0.0 hi,  1.4 si,  0.0 st
%Cpu(s): 16.4 us,  5.9 sy,  0.0 ni, 75.7 id,  0.0 wa,  0.0 hi,  2.0 si,  0.0 st
%Cpu(s):  8.2 us,  5.2 sy,  0.0 ni, 85.6 id,  0.0 wa,  0.0 hi,  1.0 si,  0.0 st
%Cpu(s):  8.2 us,  5.1 sy,  0.0 ni, 85.2 id,  0.0 wa,  0.0 hi,  1.5 si,  0.0 st
%Cpu(s):  7.6 us,  4.9 sy,  0.0 ni, 85.8 id,  0.0 wa,  0.0 hi,  1.7 si,  0.0 st
%Cpu(s): 16.1 us,  5.1 sy,  0.0 ni, 77.7 id,  0.0 wa,  0.0 hi,  1.0 si,  0.1 st
%Cpu(s): 11.9 us,  4.4 sy,  0.0 ni, 82.5 id,  0.0 wa,  0.0 hi,  1.1 si,  0.0 st
%Cpu(s):  4.2 us,  3.7 sy,  0.0 ni, 90.7 id,  0.1 wa,  0.0 hi,  1.0 si,  0.1 st
%Cpu(s):  6.2 us,  4.8 sy,  0.0 ni, 88.2 id,  0.0 wa,  0.0 hi,  0.8 si,  0.0 st
%Cpu(s): 12.9 us,  3.9 sy,  0.0 ni, 82.5 id,  0.0 wa,  0.0 hi,  0.8 si,  0.0 st
%Cpu(s):  5.6 us,  5.9 sy,  0.0 ni, 87.5 id,  0.0 wa,  0.0 hi,  1.0 si,  0.0 st
%Cpu(s):  6.0 us,  4.7 sy,  0.0 ni, 88.7 id,  0.0 wa,  0.0 hi,  0.5 si,  0.1 st
%Cpu(s):  7.3 us,  4.7 sy,  0.0 ni, 87.1 id,  0.0 wa,  0.0 hi,  0.9 si,  0.0 st
%Cpu(s):  9.1 us,  4.7 sy,  0.0 ni, 85.4 id,  0.0 wa,  0.0 hi,  0.9 si,  0.0 st
%Cpu(s): 17.7 us,  4.0 sy,  0.0 ni, 77.8 id,  0.0 wa,  0.0 hi,  0.5 si,  0.0 st
%Cpu(s):  7.5 us,  4.2 sy,  0.0 ni, 87.1 id,  0.0 wa,  0.0 hi,  1.3 si,  0.0 st
%Cpu(s):  5.1 us,  4.1 sy,  0.0 ni, 89.3 id,  0.0 wa,  0.0 hi,  1.4 si,  0.1 st
%Cpu(s):  4.8 us,  4.0 sy,  0.0 ni, 90.3 id,  0.0 wa,  0.0 hi,  0.8 si,  0.1 st
%Cpu(s):  5.2 us,  4.2 sy,  0.0 ni, 89.6 id,  0.0 wa,  0.0 hi,  1.1 si,  0.0 st
%Cpu(s):  4.6 us,  4.4 sy,  0.0 ni, 90.0 id,  0.0 wa,  0.0 hi,  1.0 si,  0.0 st
%Cpu(s):  5.7 us,  3.8 sy,  0.0 ni, 89.5 id,  0.0 wa,  0.0 hi,  1.0 si,  0.0 st
%Cpu(s):  5.4 us,  4.4 sy,  0.0 ni, 88.9 id,  0.0 wa,  0.0 hi,  1.1 si,  0.1 st
%Cpu(s):  9.1 us,  3.9 sy,  0.0 ni, 85.8 id,  0.0 wa,  0.0 hi,  1.3 si,  0.0 st
%Cpu(s): 17.8 us,  4.5 sy,  0.0 ni, 76.6 id,  0.0 wa,  0.0 hi,  1.1 si,  0.0 st
%Cpu(s):  7.5 us,  4.7 sy,  0.0 ni, 86.9 id,  0.0 wa,  0.0 hi,  0.9 si,  0.0 st
%Cpu(s):  4.3 us,  3.9 sy,  0.0 ni, 90.9 id,  0.0 wa,  0.0 hi,  0.8 si,  0.1 st
%Cpu(s):  6.8 us,  4.0 sy,  0.0 ni, 87.7 id,  0.0 wa,  0.0 hi,  1.5 si,  0.0 st
%Cpu(s):  5.6 us,  4.1 sy,  0.0 ni, 89.2 id,  0.0 wa,  0.0 hi,  1.1 si,  0.0 st
%Cpu(s):  5.2 us,  4.3 sy,  0.0 ni, 89.2 id,  0.0 wa,  0.0 hi,  1.3 si,  0.0 st
%Cpu(s):  5.9 us,  3.6 sy,  0.0 ni, 89.3 id,  0.0 wa,  0.0 hi,  1.3 si,  0.0 st
%Cpu(s):  6.3 us,  4.8 sy,  0.0 ni, 87.9 id,  0.0 wa,  0.0 hi,  0.9 si,  0.1 st
%Cpu(s):  5.9 us,  4.5 sy,  0.0 ni, 88.8 id,  0.0 wa,  0.0 hi,  0.9 si,  0.0 st
%Cpu(s): 15.2 us,  4.5 sy,  0.0 ni, 77.2 id,  2.0 wa,  0.0 hi,  1.1 si,  0.0 st
%Cpu(s): 12.6 us,  4.4 sy,  0.0 ni, 82.0 id,  0.0 wa,  0.0 hi,  1.0 si,  0.0 st
%Cpu(s):  4.1 us,  4.5 sy,  0.0 ni, 90.6 id,  0.0 wa,  0.0 hi,  0.8 si,  0.1 st
%Cpu(s):  6.1 us,  3.4 sy,  0.0 ni, 89.0 id,  0.0 wa,  0.0 hi,  1.5 si,  0.0 st
%Cpu(s):  5.2 us,  4.4 sy,  0.0 ni, 89.5 id,  0.0 wa,  0.0 hi,  0.9 si,  0.0 st
%Cpu(s):  4.9 us,  4.7 sy,  0.0 ni, 86.9 id,  2.3 wa,  0.0 hi,  1.1 si,  0.1 st
%Cpu(s):  6.2 us,  4.2 sy,  0.0 ni, 88.5 id,  0.0 wa,  0.0 hi,  1.1 si,  0.0 st
%Cpu(s):  4.7 us,  3.2 sy,  0.0 ni, 91.0 id,  0.0 wa,  0.0 hi,  1.1 si,  0.0 st
%Cpu(s):  3.8 us,  2.1 sy,  0.0 ni, 93.5 id,  0.0 wa,  0.0 hi,  0.5 si,  0.1 st
%Cpu(s):  1.1 us,  1.4 sy,  0.0 ni, 97.3 id,  0.0 wa,  0.0 hi,  0.0 si,  0.2 st
%Cpu(s):  1.4 us,  1.7 sy,  0.0 ni, 96.9 id,  0.0 wa,  0.0 hi,  0.0 si,  0.0 st
%Cpu(s):  6.7 us,  1.6 sy,  0.0 ni, 91.6 id,  0.0 wa,  0.0 hi,  0.1 si,  0.0 st
%Cpu(s):  1.0 us,  1.6 sy,  0.0 ni, 97.3 id,  0.0 wa,  0.0 hi,  0.0 si,  0.1 st
%Cpu(s):  1.5 us,  1.2 sy,  0.0 ni, 96.9 id,  0.0 wa,  0.0 hi,  0.0 si,  0.4 st
%Cpu(s):  1.4 us,  1.4 sy,  0.0 ni, 97.1 id,  0.0 wa,  0.0 hi,  0.0 si,  0.1 st
%Cpu(s):  1.4 us,  1.4 sy,  0.0 ni, 96.7 id,  0.0 wa,  0.0 hi,  0.0 si,  0.5 st
%Cpu(s):  0.9 us,  1.1 sy,  0.0 ni, 98.0 id,  0.0 wa,  0.0 hi,  0.0 si,  0.0 st
%Cpu(s):  1.4 us,  1.2 sy,  0.0 ni, 97.1 id,  0.0 wa,  0.0 hi,  0.0 si,  0.2 st
