%Cpu(s):  4.1 us,  0.6 sy,  0.0 ni, 95.1 id,  0.0 wa,  0.0 hi,  0.1 si,  0.0 st
%Cpu(s):  1.0 us,  0.2 sy,  0.0 ni, 98.8 id,  0.0 wa,  0.0 hi,  0.0 si,  0.0 st
%Cpu(s):  0.7 us,  0.1 sy,  0.0 ni, 99.1 id,  0.0 wa,  0.0 hi,  0.0 si,  0.0 st
%Cpu(s):  1.0 us,  0.1 sy,  0.0 ni, 98.8 id,  0.1 wa,  0.0 hi,  0.0 si,  0.0 st
%Cpu(s): 25.4 us,  1.4 sy,  0.0 ni, 73.0 id,  0.0 wa,  0.0 hi,  0.2 si,  0.0 st
%Cpu(s): 43.8 us,  3.0 sy,  0.0 ni, 52.1 id,  0.0 wa,  0.0 hi,  1.1 si,  0.0 st
%Cpu(s): 43.0 us,  2.7 sy,  0.0 ni, 53.0 id,  0.0 wa,  0.0 hi,  1.2 si,  0.0 st
%Cpu(s): 42.1 us,  2.4 sy,  0.0 ni, 53.7 id,  0.0 wa,  0.0 hi,  1.7 si,  0.0 st
%Cpu(s): 28.4 us,  2.8 sy,  0.0 ni, 68.1 id,  0.0 wa,  0.0 hi,  0.8 si,  0.0 st
%Cpu(s): 12.5 us,  2.9 sy,  0.0 ni, 84.0 id,  0.0 wa,  0.0 hi,  0.6 si,  0.0 st
%Cpu(s): 14.5 us,  3.2 sy,  0.0 ni, 81.4 id,  0.0 wa,  0.0 hi,  0.9 si,  0.0 st
%Cpu(s):  7.0 us,  2.3 sy,  0.0 ni, 90.1 id,  0.0 wa,  0.0 hi,  0.6 si,  0.0 st
%Cpu(s):  6.8 us,  2.4 sy,  0.0 ni, 90.1 id,  0.0 wa,  0.0 hi,  0.6 si,  0.0 st
%Cpu(s):  8.3 us,  2.0 sy,  0.0 ni, 89.0 id,  0.0 wa,  0.0 hi,  0.6 si,  0.0 st
%Cpu(s): 10.9 us,  2.0 sy,  0.0 ni, 86.6 id,  0.0 wa,  0.0 hi,  0.5 si,  0.0 st
%Cpu(s):  7.3 us,  2.8 sy,  0.0 ni, 89.1 id,  0.0 wa,  0.0 hi,  0.8 si,  0.1 st
%Cpu(s):  9.1 us,  2.5 sy,  0.0 ni, 87.3 id,  0.0 wa,  0.0 hi,  0.6 si,  0.4 st
%Cpu(s):  9.4 us,  2.6 sy,  0.0 ni, 87.2 id,  0.0 wa,  0.0 hi,  0.6 si,  0.1 st
%Cpu(s):  6.7 us,  3.1 sy,  0.0 ni, 89.5 id,  0.0 wa,  0.0 hi,  0.7 si,  0.0 st
%Cpu(s): 13.3 us,  2.3 sy,  0.0 ni, 83.4 id,  0.0 wa,  0.0 hi,  1.0 si,  0.1 st
%Cpu(s):  6.5 us,  3.0 sy,  0.0 ni, 89.7 id,  0.0 wa,  0.0 hi,  0.7 si,  0.1 st
%Cpu(s):  7.3 us,  2.2 sy,  0.0 ni, 89.7 id,  0.0 wa,  0.0 hi,  0.2 si,  0.5 st
%Cpu(s):  6.2 us,  3.0 sy,  0.0 ni, 90.1 id,  0.0 wa,  0.0 hi,  0.6 si,  0.1 st
%Cpu(s):  7.9 us,  2.8 sy,  0.0 ni, 88.7 id,  0.0 wa,  0.0 hi,  0.6 si,  0.0 st
%Cpu(s):  4.3 us,  2.8 sy,  0.0 ni, 92.3 id,  0.0 wa,  0.0 hi,  0.5 si,  0.1 st
%Cpu(s):  5.3 us,  2.4 sy,  0.0 ni, 91.8 id,  0.0 wa,  0.0 hi,  0.5 si,  0.0 st
%Cpu(s):  5.2 us,  2.1 sy,  0.0 ni, 91.9 id,  0.0 wa,  0.0 hi,  0.8 si,  0.0 st
%Cpu(s):  7.0 us,  2.6 sy,  0.0 ni, 89.8 id,  0.0 wa,  0.0 hi,  0.6 si,  0.0 st
%Cpu(s):  6.5 us,  2.3 sy,  0.0 ni, 90.3 id,  0.0 wa,  0.0 hi,  0.9 si,  0.0 st
%Cpu(s):  5.9 us,  2.2 sy,  0.0 ni, 91.5 id,  0.0 wa,  0.0 hi,  0.4 si,  0.0 st
%Cpu(s):  6.8 us,  2.8 sy,  0.0 ni, 89.8 id,  0.0 wa,  0.0 hi,  0.6 si,  0.0 st
%Cpu(s):  5.3 us,  2.0 sy,  0.0 ni, 91.9 id,  0.0 wa,  0.0 hi,  0.8 si,  0.0 st
%Cpu(s):  5.6 us,  2.5 sy,  0.0 ni, 91.4 id,  0.0 wa,  0.0 hi,  0.4 si,  0.1 st
%Cpu(s):  5.6 us,  1.9 sy,  0.0 ni, 92.2 id,  0.0 wa,  0.0 hi,  0.4 si,  0.0 st
%Cpu(s):  4.7 us,  2.5 sy,  0.0 ni, 92.3 id,  0.0 wa,  0.0 hi,  0.5 si,  0.0 st
%Cpu(s):  4.4 us,  2.5 sy,  0.0 ni, 92.6 id,  0.0 wa,  0.0 hi,  0.3 si,  0.1 st
%Cpu(s):  5.9 us,  2.8 sy,  0.0 ni, 90.2 id,  0.0 wa,  0.0 hi,  0.9 si,  0.1 st
%Cpu(s):  7.8 us,  3.3 sy,  0.0 ni, 88.2 id,  0.0 wa,  0.0 hi,  0.5 si,  0.3 st
%Cpu(s):  4.3 us,  2.4 sy,  0.0 ni, 92.9 id,  0.0 wa,  0.0 hi,  0.4 si,  0.0 st
%Cpu(s):  4.9 us,  2.4 sy,  0.0 ni, 91.7 id,  0.1 wa,  0.0 hi,  0.6 si,  0.3 st
%Cpu(s):  4.3 us,  2.3 sy,  0.0 ni, 93.0 id,  0.0 wa,  0.0 hi,  0.3 si,  0.1 st
%Cpu(s):  4.2 us,  2.7 sy,  0.0 ni, 92.8 id,  0.0 wa,  0.0 hi,  0.4 si,  0.0 st
%Cpu(s):  5.3 us,  2.5 sy,  0.0 ni, 91.7 id,  0.0 wa,  0.0 hi,  0.5 si,  0.0 st
%Cpu(s):  5.3 us,  1.8 sy,  0.0 ni, 92.4 id,  0.0 wa,  0.0 hi,  0.5 si,  0.0 st
%Cpu(s):  6.0 us,  2.2 sy,  0.0 ni, 91.1 id,  0.0 wa,  0.0 hi,  0.6 si,  0.0 st
%Cpu(s):  4.2 us,  2.2 sy,  0.0 ni, 93.2 id,  0.0 wa,  0.0 hi,  0.4 si,  0.0 st
%Cpu(s):  5.3 us,  3.0 sy,  0.0 ni, 91.0 id,  0.0 wa,  0.0 hi,  0.6 si,  0.0 st
%Cpu(s):  5.1 us,  2.0 sy,  0.0 ni, 92.1 id,  0.0 wa,  0.0 hi,  0.6 si,  0.1 st
%Cpu(s):  5.6 us,  3.2 sy,  0.0 ni, 90.8 id,  0.0 wa,  0.0 hi,  0.5 si,  0.0 st
%Cpu(s):  5.1 us,  2.2 sy,  0.0 ni, 92.1 id,  0.0 wa,  0.0 hi,  0.5 si,  0.1 st
%Cpu(s):  4.4 us,  4.3 sy,  0.0 ni, 90.7 id,  0.0 wa,  0.0 hi,  0.5 si,  0.1 st
%Cpu(s):  4.7 us,  3.0 sy,  0.0 ni, 91.9 id,  0.0 wa,  0.0 hi,  0.4 si,  0.0 st
%Cpu(s):  5.7 us,  3.3 sy,  0.0 ni, 90.7 id,  0.0 wa,  0.0 hi,  0.4 si,  0.0 st
%Cpu(s):  5.5 us,  2.8 sy,  0.0 ni, 91.2 id,  0.0 wa,  0.0 hi,  0.4 si,  0.1 st
%Cpu(s):  6.3 us,  2.9 sy,  0.0 ni, 90.3 id,  0.0 wa,  0.0 hi,  0.5 si,  0.0 st
%Cpu(s):  5.4 us,  3.4 sy,  0.0 ni, 91.0 id,  0.0 wa,  0.0 hi,  0.3 si,  0.0 st
%Cpu(s):  6.2 us,  2.5 sy,  0.0 ni, 90.9 id,  0.0 wa,  0.0 hi,  0.4 si,  0.0 st
%Cpu(s):  6.3 us,  2.8 sy,  0.0 ni, 90.5 id,  0.0 wa,  0.0 hi,  0.4 si,  0.0 st
%Cpu(s):  6.1 us,  3.4 sy,  0.0 ni, 89.9 id,  0.0 wa,  0.0 hi,  0.6 si,  0.0 st
%Cpu(s):  6.4 us,  2.9 sy,  0.0 ni, 90.4 id,  0.0 wa,  0.0 hi,  0.1 si,  0.1 st
%Cpu(s):  5.6 us,  1.8 sy,  0.0 ni, 92.2 id,  0.0 wa,  0.0 hi,  0.5 si,  0.0 st
%Cpu(s):  1.2 us,  0.2 sy,  0.0 ni, 98.4 id,  0.0 wa,  0.0 hi,  0.1 si,  0.0 st
%Cpu(s):  0.1 us,  0.2 sy,  0.0 ni, 99.6 id,  0.0 wa,  0.0 hi,  0.0 si,  0.0 st
%Cpu(s):  0.4 us,  0.2 sy,  0.0 ni, 99.4 id,  0.0 wa,  0.0 hi,  0.0 si,  0.0 st
%Cpu(s):  0.2 us,  0.2 sy,  0.0 ni, 99.5 id,  0.0 wa,  0.0 hi,  0.0 si,  0.0 st
%Cpu(s):  0.9 us,  0.4 sy,  0.0 ni, 98.8 id,  0.0 wa,  0.0 hi,  0.0 si,  0.0 st
%Cpu(s):  0.5 us,  0.4 sy,  0.0 ni, 99.1 id,  0.0 wa,  0.0 hi,  0.0 si,  0.0 st
%Cpu(s):  1.1 us,  0.2 sy,  0.0 ni, 98.6 id,  0.0 wa,  0.0 hi,  0.0 si,  0.0 st
%Cpu(s):  0.6 us,  0.2 sy,  0.0 ni, 99.1 id,  0.0 wa,  0.0 hi,  0.0 si,  0.0 st
