%Cpu(s):  2.6 us,  1.2 sy,  0.0 ni, 96.0 id,  0.1 wa,  0.0 hi,  0.2 si,  0.0 st
%Cpu(s):  0.2 us,  0.0 sy,  0.0 ni, 99.8 id,  0.0 wa,  0.0 hi,  0.0 si,  0.0 st
%Cpu(s):  0.2 us,  0.1 sy,  0.0 ni, 99.6 id,  0.0 wa,  0.0 hi,  0.0 si,  0.0 st
%Cpu(s):  0.2 us,  0.4 sy,  0.0 ni, 99.4 id,  0.0 wa,  0.0 hi,  0.0 si,  0.0 st
%Cpu(s): 13.7 us,  0.6 sy,  0.0 ni, 85.2 id,  0.4 wa,  0.0 hi,  0.1 si,  0.0 st
%Cpu(s): 48.4 us,  4.9 sy,  0.0 ni, 45.5 id,  0.0 wa,  0.0 hi,  1.0 si,  0.1 st
%Cpu(s): 45.2 us,  3.7 sy,  0.0 ni, 50.3 id,  0.0 wa,  0.0 hi,  0.8 si,  0.0 st
%Cpu(s): 18.7 us,  5.9 sy,  0.0 ni, 74.6 id,  0.0 wa,  0.0 hi,  0.8 si,  0.0 st
%Cpu(s): 12.1 us,  6.1 sy,  0.0 ni, 81.6 id,  0.0 wa,  0.0 hi,  0.1 si,  0.0 st
%Cpu(s): 10.1 us,  5.4 sy,  0.0 ni, 84.4 id,  0.1 wa,  0.0 hi,  0.0 si,  0.0 st
%Cpu(s):  9.3 us,  5.0 sy,  0.0 ni, 85.3 id,  0.0 wa,  0.0 hi,  0.4 si,  0.0 st
%Cpu(s): 10.7 us,  7.4 sy,  0.0 ni, 81.7 id,  0.0 wa,  0.0 hi,  0.3 si,  0.0 st
%Cpu(s):  9.4 us,  6.4 sy,  0.0 ni, 83.5 id,  0.0 wa,  0.0 hi,  0.6 si,  0.0 st
%Cpu(s):  9.2 us,  6.8 sy,  0.0 ni, 83.6 id,  0.1 wa,  0.0 hi,  0.3 si,  0.0 st
%Cpu(s):  8.9 us,  5.2 sy,  0.0 ni, 85.5 id,  0.0 wa,  0.0 hi,  0.3 si,  0.1 st
%Cpu(s): 10.2 us,  6.5 sy,  0.0 ni, 83.3 id,  0.0 wa,  0.0 hi,  0.0 si,  0.0 st
%Cpu(s):  8.5 us,  5.1 sy,  0.0 ni, 86.3 id,  0.0 wa,  0.0 hi,  0.1 si,  0.0 st
%Cpu(s):  8.6 us,  6.1 sy,  0.0 ni, 85.4 id,  0.0 wa,  0.0 hi,  0.0 si,  0.0 st
%Cpu(s):  9.7 us,  4.9 sy,  0.0 ni, 85.2 id,  0.1 wa,  0.0 hi,  0.0 si,  0.1 st
%Cpu(s):  9.3 us,  5.2 sy,  0.0 ni, 84.2 id,  0.0 wa,  0.0 hi,  1.3 si,  0.0 st
%Cpu(s):  8.2 us,  5.8 sy,  0.0 ni, 84.7 id,  0.0 wa,  0.0 hi,  1.3 si,  0.0 st
