%Cpu(s):  1.7 us,  0.7 sy,  0.0 ni, 97.4 id,  0.0 wa,  0.0 hi,  0.1 si,  0.1 st
%Cpu(s): 15.4 us,  0.5 sy,  0.0 ni, 84.0 id,  0.0 wa,  0.0 hi,  0.0 si,  0.1 st
%Cpu(s):  0.6 us,  0.0 sy,  0.0 ni, 99.4 id,  0.0 wa,  0.0 hi,  0.0 si,  0.0 st
%Cpu(s):  0.1 us,  0.1 sy,  0.0 ni, 99.8 id,  0.0 wa,  0.0 hi,  0.0 si,  0.0 st
%Cpu(s): 37.2 us,  3.6 sy,  0.0 ni, 59.0 id,  0.0 wa,  0.0 hi,  0.1 si,  0.0 st
%Cpu(s): 53.9 us,  1.9 sy,  0.0 ni, 44.0 id,  0.0 wa,  0.0 hi,  0.0 si,  0.2 st
%Cpu(s): 71.5 us,  2.6 sy,  0.0 ni, 25.8 id,  0.0 wa,  0.0 hi,  0.0 si,  0.1 st
%Cpu(s): 35.6 us,  1.5 sy,  0.0 ni, 62.9 id,  0.0 wa,  0.0 hi,  0.0 si,  0.0 st
%Cpu(s):  9.2 us,  1.4 sy,  0.0 ni, 89.2 id,  0.0 wa,  0.0 hi,  0.0 si,  0.1 st
%Cpu(s):  2.4 us,  1.1 sy,  0.0 ni, 96.4 id,  0.0 wa,  0.0 hi,  0.0 si,  0.1 st
%Cpu(s):  3.1 us,  1.6 sy,  0.0 ni, 94.9 id,  0.0 wa,  0.0 hi,  0.1 si,  0.2 st
%Cpu(s):  2.5 us,  1.5 sy,  0.0 ni, 95.8 id,  0.0 wa,  0.0 hi,  0.0 si,  0.2 st
%Cpu(s):  2.0 us,  1.1 sy,  0.0 ni, 96.6 id,  0.0 wa,  0.0 hi,  0.1 si,  0.1 st
%Cpu(s):  2.4 us,  1.0 sy,  0.0 ni, 96.3 id,  0.1 wa,  0.0 hi,  0.0 si,  0.2 st
%Cpu(s):  2.4 us,  1.1 sy,  0.0 ni, 96.4 id,  0.0 wa,  0.0 hi,  0.0 si,  0.1 st
%Cpu(s):  6.5 us,  1.4 sy,  0.0 ni, 91.9 id,  0.0 wa,  0.0 hi,  0.0 si,  0.3 st
%Cpu(s):  7.8 us,  1.7 sy,  0.0 ni, 90.4 id,  0.0 wa,  0.0 hi,  0.0 si,  0.1 st
%Cpu(s): 13.0 us,  1.7 sy,  0.0 ni, 85.2 id,  0.0 wa,  0.0 hi,  0.0 si,  0.1 st
%Cpu(s): 56.1 us,  4.6 sy,  0.0 ni, 37.0 id,  0.0 wa,  0.0 hi,  2.1 si,  0.1 st
%Cpu(s): 50.9 us,  4.8 sy,  0.0 ni, 41.9 id,  0.0 wa,  0.0 hi,  2.5 si,  0.0 st
%Cpu(s): 27.5 us,  4.9 sy,  0.0 ni, 66.0 id,  0.0 wa,  0.0 hi,  1.5 si,  0.0 st
%Cpu(s): 23.7 us,  6.2 sy,  0.0 ni, 67.7 id,  0.0 wa,  0.0 hi,  2.4 si,  0.0 st
%Cpu(s): 10.8 us,  5.6 sy,  0.0 ni, 81.4 id,  0.0 wa,  0.0 hi,  2.2 si,  0.0 st
%Cpu(s): 12.3 us,  6.0 sy,  0.0 ni, 78.8 id,  0.1 wa,  0.0 hi,  2.6 si,  0.1 st
%Cpu(s):  8.7 us,  5.1 sy,  0.0 ni, 84.4 id,  0.0 wa,  0.0 hi,  1.8 si,  0.0 st
%Cpu(s): 18.5 us,  5.9 sy,  0.0 ni, 73.8 id,  0.0 wa,  0.0 hi,  1.8 si,  0.0 st
%Cpu(s): 15.6 us,  6.0 sy,  0.0 ni, 77.1 id,  0.0 wa,  0.0 hi,  1.4 si,  0.0 st
%Cpu(s):  9.3 us,  4.3 sy,  0.0 ni, 83.9 id,  0.0 wa,  0.0 hi,  2.4 si,  0.1 st
%Cpu(s):  8.2 us,  5.0 sy,  0.0 ni, 84.4 id,  0.0 wa,  0.0 hi,  2.3 si,  0.0 st
%Cpu(s):  8.8 us,  5.2 sy,  0.0 ni, 83.6 id,  0.0 wa,  0.0 hi,  2.3 si,  0.1 st
%Cpu(s): 19.1 us,  5.8 sy,  0.0 ni, 73.6 id,  0.0 wa,  0.0 hi,  1.5 si,  0.0 st
%Cpu(s):  8.6 us,  4.6 sy,  0.0 ni, 86.0 id,  0.0 wa,  0.0 hi,  0.8 si,  0.0 st
%Cpu(s):  6.0 us,  4.0 sy,  0.0 ni, 88.2 id,  0.0 wa,  0.0 hi,  1.6 si,  0.1 st
%Cpu(s):  5.4 us,  4.5 sy,  0.0 ni, 88.8 id,  0.1 wa,  0.0 hi,  1.1 si,  0.0 st
%Cpu(s):  5.3 us,  3.8 sy,  0.0 ni, 89.8 id,  0.0 wa,  0.0 hi,  1.1 si,  0.0 st
%Cpu(s):  5.1 us,  4.2 sy,  0.0 ni, 89.6 id,  0.0 wa,  0.0 hi,  1.1 si,  0.0 st
%Cpu(s):  6.1 us,  3.7 sy,  0.0 ni, 89.4 id,  0.0 wa,  0.0 hi,  0.8 si,  0.1 st
%Cpu(s):  8.0 us,  4.9 sy,  0.0 ni, 86.3 id,  0.0 wa,  0.0 hi,  0.8 si,  0.0 st
%Cpu(s): 15.5 us,  3.4 sy,  0.0 ni, 80.6 id,  0.0 wa,  0.0 hi,  0.5 si,  0.0 st
%Cpu(s): 10.7 us,  2.6 sy,  0.0 ni, 85.5 id,  0.0 wa,  0.0 hi,  1.0 si,  0.1 st
%Cpu(s):  6.5 us,  4.2 sy,  0.0 ni, 88.4 id,  0.0 wa,  0.0 hi,  0.9 si,  0.0 st
%Cpu(s):  4.1 us,  3.6 sy,  0.0 ni, 91.4 id,  0.0 wa,  0.0 hi,  0.9 si,  0.0 st
%Cpu(s):  5.3 us,  3.4 sy,  0.0 ni, 89.9 id,  0.0 wa,  0.0 hi,  1.3 si,  0.1 st
%Cpu(s):  4.6 us,  5.3 sy,  0.0 ni, 89.2 id,  0.0 wa,  0.0 hi,  0.9 si,  0.0 st
%Cpu(s):  6.7 us,  4.9 sy,  0.0 ni, 87.3 id,  0.0 wa,  0.0 hi,  1.1 si,  0.0 st
%Cpu(s):  5.7 us,  4.4 sy,  0.0 ni, 88.4 id,  0.0 wa,  0.0 hi,  1.4 si,  0.1 st
%Cpu(s):  4.8 us,  4.8 sy,  0.0 ni, 89.5 id,  0.0 wa,  0.0 hi,  0.9 si,  0.0 st
%Cpu(s): 15.9 us,  4.3 sy,  0.0 ni, 78.7 id,  0.0 wa,  0.0 hi,  1.0 si,  0.0 st
%Cpu(s): 12.5 us,  4.0 sy,  0.0 ni, 82.1 id,  0.0 wa,  0.0 hi,  1.3 si,  0.1 st
%Cpu(s):  6.5 us,  4.8 sy,  0.0 ni, 87.8 id,  0.0 wa,  0.0 hi,  0.9 si,  0.0 st
%Cpu(s):  5.6 us,  3.2 sy,  0.0 ni, 89.8 id,  0.0 wa,  0.0 hi,  1.4 si,  0.0 st
%Cpu(s):  5.8 us,  5.2 sy,  0.0 ni, 88.1 id,  0.0 wa,  0.0 hi,  0.9 si,  0.0 st
%Cpu(s):  6.0 us,  4.1 sy,  0.0 ni, 88.7 id,  0.0 wa,  0.0 hi,  1.2 si,  0.0 st
%Cpu(s):  5.3 us,  3.7 sy,  0.0 ni, 87.6 id,  2.4 wa,  0.0 hi,  0.9 si,  0.1 st
%Cpu(s):  5.8 us,  4.4 sy,  0.0 ni, 89.0 id,  0.0 wa,  0.0 hi,  0.9 si,  0.0 st
%Cpu(s):  6.3 us,  4.3 sy,  0.0 ni, 88.1 id,  0.0 wa,  0.0 hi,  1.3 si,  0.1 st
%Cpu(s):  9.6 us,  5.1 sy,  0.0 ni, 84.6 id,  0.0 wa,  0.0 hi,  0.8 si,  0.0 st
%Cpu(s): 15.9 us,  3.5 sy,  0.0 ni, 79.4 id,  0.0 wa,  0.0 hi,  1.0 si,  0.1 st
%Cpu(s):  6.5 us,  3.2 sy,  0.0 ni, 89.1 id,  0.0 wa,  0.0 hi,  1.3 si,  0.0 st
%Cpu(s):  4.4 us,  3.3 sy,  0.0 ni, 91.2 id,  0.0 wa,  0.0 hi,  1.2 si,  0.0 st
%Cpu(s):  4.2 us,  2.8 sy,  0.0 ni, 91.8 id,  0.0 wa,  0.0 hi,  1.2 si,  0.0 st
%Cpu(s):  5.8 us,  4.4 sy,  0.0 ni, 88.7 id,  0.0 wa,  0.0 hi,  1.1 si,  0.0 st
%Cpu(s):  4.5 us,  3.6 sy,  0.0 ni, 91.0 id,  0.0 wa,  0.0 hi,  0.9 si,  0.0 st
%Cpu(s):  5.0 us,  4.4 sy,  0.0 ni, 89.5 id,  0.0 wa,  0.0 hi,  1.1 si,  0.0 st
%Cpu(s):  3.6 us,  2.8 sy,  0.0 ni, 92.4 id,  0.0 wa,  0.0 hi,  1.0 si,  0.1 st
%Cpu(s):  5.1 us,  2.6 sy,  0.0 ni, 91.3 id,  0.0 wa,  0.0 hi,  1.0 si,  0.0 st
%Cpu(s): 14.5 us,  4.8 sy,  0.0 ni, 79.4 id,  0.0 wa,  0.0 hi,  1.3 si,  0.0 st
%Cpu(s): 15.9 us,  4.6 sy,  0.0 ni, 78.6 id,  0.0 wa,  0.0 hi,  0.9 si,  0.0 st
%Cpu(s):  6.9 us,  3.6 sy,  0.0 ni, 88.4 id,  0.0 wa,  0.0 hi,  1.1 si,  0.0 st
%Cpu(s):  3.2 us,  3.6 sy,  0.0 ni, 91.8 id,  0.0 wa,  0.0 hi,  1.3 si,  0.1 st
%Cpu(s):  1.6 us,  1.3 sy,  0.0 ni, 96.9 id,  0.0 wa,  0.0 hi,  0.0 si,  0.3 st
%Cpu(s):  1.4 us,  1.0 sy,  0.0 ni, 97.5 id,  0.0 wa,  0.0 hi,  0.0 si,  0.1 st
%Cpu(s):  1.5 us,  1.0 sy,  0.0 ni, 97.3 id,  0.0 wa,  0.0 hi,  0.0 si,  0.2 st
%Cpu(s):  0.9 us,  1.3 sy,  0.0 ni, 97.7 id,  0.0 wa,  0.0 hi,  0.0 si,  0.1 st
%Cpu(s):  1.3 us,  1.1 sy,  0.0 ni, 97.2 id,  0.0 wa,  0.0 hi,  0.0 si,  0.4 st
%Cpu(s):  0.8 us,  1.0 sy,  0.0 ni, 97.9 id,  0.0 wa,  0.0 hi,  0.0 si,  0.4 st
%Cpu(s):  1.5 us,  0.8 sy,  0.0 ni, 97.5 id,  0.0 wa,  0.0 hi,  0.0 si,  0.2 st
%Cpu(s):  1.0 us,  1.4 sy,  0.0 ni, 97.4 id,  0.0 wa,  0.0 hi,  0.0 si,  0.3 st
%Cpu(s):  1.4 us,  1.3 sy,  0.0 ni, 97.0 id,  0.0 wa,  0.0 hi,  0.0 si,  0.4 st
%Cpu(s):  2.4 us,  1.4 sy,  0.0 ni, 96.0 id,  0.0 wa,  0.0 hi,  0.1 si,  0.1 st
