%Cpu(s):  1.5 us,  0.6 sy,  0.0 ni, 97.8 id,  0.0 wa,  0.0 hi,  0.1 si,  0.1 st
%Cpu(s): 21.3 us,  1.2 sy,  0.0 ni, 77.5 id,  0.0 wa,  0.0 hi,  0.0 si,  0.0 st
%Cpu(s):  0.5 us,  0.2 sy,  0.0 ni, 99.3 id,  0.0 wa,  0.0 hi,  0.0 si,  0.0 st
%Cpu(s):  0.0 us,  0.1 sy,  0.0 ni, 99.9 id,  0.0 wa,  0.0 hi,  0.0 si,  0.0 st
%Cpu(s): 36.5 us,  4.2 sy,  0.0 ni, 59.2 id,  0.0 wa,  0.0 hi,  0.1 si,  0.0 st
%Cpu(s): 67.3 us,  2.1 sy,  0.0 ni, 30.4 id,  0.0 wa,  0.0 hi,  0.0 si,  0.1 st
%Cpu(s): 79.1 us,  2.0 sy,  0.0 ni, 18.9 id,  0.0 wa,  0.0 hi,  0.0 si,  0.0 st
%Cpu(s): 93.1 us,  2.3 sy,  0.0 ni,  4.5 id,  0.0 wa,  0.0 hi,  0.0 si,  0.1 st
%Cpu(s): 57.3 us,  1.0 sy,  0.0 ni, 41.7 id,  0.0 wa,  0.0 hi,  0.0 si,  0.0 st
%Cpu(s):  9.1 us,  2.0 sy,  0.0 ni, 88.7 id,  0.1 wa,  0.0 hi,  0.0 si,  0.1 st
%Cpu(s):  4.2 us,  2.4 sy,  0.0 ni, 93.2 id,  0.0 wa,  0.0 hi,  0.0 si,  0.2 st
%Cpu(s):  4.9 us,  2.5 sy,  0.0 ni, 92.3 id,  0.0 wa,  0.0 hi,  0.1 si,  0.1 st
%Cpu(s):  4.1 us,  1.7 sy,  0.0 ni, 93.8 id,  0.0 wa,  0.0 hi,  0.0 si,  0.4 st
%Cpu(s):  3.4 us,  2.5 sy,  0.0 ni, 94.0 id,  0.0 wa,  0.0 hi,  0.0 si,  0.1 st
%Cpu(s):  3.2 us,  2.0 sy,  0.0 ni, 94.4 id,  0.0 wa,  0.0 hi,  0.1 si,  0.2 st
%Cpu(s):  1.9 us,  2.2 sy,  0.0 ni, 95.8 id,  0.0 wa,  0.0 hi,  0.0 si,  0.1 st
%Cpu(s):  1.5 us,  2.0 sy,  0.0 ni, 96.2 id,  0.0 wa,  0.0 hi,  0.0 si,  0.3 st
%Cpu(s):  2.2 us,  1.5 sy,  0.0 ni, 96.0 id,  0.0 wa,  0.0 hi,  0.0 si,  0.2 st
%Cpu(s):  8.6 us,  2.6 sy,  0.0 ni, 88.7 id,  0.0 wa,  0.0 hi,  0.0 si,  0.1 st
%Cpu(s): 40.5 us,  2.6 sy,  0.0 ni, 56.1 id,  0.0 wa,  0.0 hi,  0.6 si,  0.1 st
%Cpu(s): 49.6 us,  3.9 sy,  0.0 ni, 45.8 id,  0.0 wa,  0.0 hi,  0.7 si,  0.0 st
%Cpu(s): 60.1 us,  5.2 sy,  0.0 ni, 33.7 id,  0.0 wa,  0.0 hi,  1.0 si,  0.0 st
%Cpu(s): 56.6 us,  4.5 sy,  0.0 ni, 37.1 id,  0.0 wa,  0.0 hi,  1.6 si,  0.1 st
%Cpu(s): 58.8 us,  5.3 sy,  0.0 ni, 35.1 id,  0.0 wa,  0.0 hi,  0.8 si,  0.0 st
%Cpu(s): 13.9 us,  4.3 sy,  0.0 ni, 80.9 id,  0.4 wa,  0.0 hi,  0.5 si,  0.0 st
%Cpu(s):  8.4 us,  4.6 sy,  0.0 ni, 86.7 id,  0.0 wa,  0.0 hi,  0.3 si,  0.1 st
%Cpu(s):  6.8 us,  3.7 sy,  0.0 ni, 88.8 id,  0.0 wa,  0.0 hi,  0.8 si,  0.0 st
%Cpu(s): 11.1 us,  4.4 sy,  0.0 ni, 83.6 id,  0.0 wa,  0.0 hi,  0.9 si,  0.0 st
%Cpu(s):  6.3 us,  3.3 sy,  0.0 ni, 89.6 id,  0.0 wa,  0.0 hi,  0.6 si,  0.1 st
%Cpu(s):  5.3 us,  3.8 sy,  0.0 ni, 90.5 id,  0.0 wa,  0.0 hi,  0.4 si,  0.0 st
%Cpu(s):  7.3 us,  5.4 sy,  0.0 ni, 86.6 id,  0.0 wa,  0.0 hi,  0.8 si,  0.0 st
%Cpu(s):  7.0 us,  5.4 sy,  0.0 ni, 87.2 id,  0.0 wa,  0.0 hi,  0.4 si,  0.0 st
%Cpu(s):  7.5 us,  5.1 sy,  0.0 ni, 87.0 id,  0.0 wa,  0.0 hi,  0.2 si,  0.1 st
%Cpu(s):  4.0 us,  5.1 sy,  0.0 ni, 90.6 id,  0.0 wa,  0.0 hi,  0.4 si,  0.0 st
%Cpu(s):  5.7 us,  4.3 sy,  0.0 ni, 89.5 id,  0.0 wa,  0.0 hi,  0.5 si,  0.0 st
%Cpu(s):  6.5 us,  4.1 sy,  0.0 ni, 88.4 id,  0.0 wa,  0.0 hi,  0.8 si,  0.1 st
%Cpu(s):  5.6 us,  4.3 sy,  0.0 ni, 89.7 id,  0.0 wa,  0.0 hi,  0.4 si,  0.0 st
%Cpu(s):  6.1 us,  4.2 sy,  0.0 ni, 89.4 id,  0.0 wa,  0.0 hi,  0.3 si,  0.0 st
%Cpu(s):  7.7 us,  5.7 sy,  0.0 ni, 85.9 id,  0.0 wa,  0.0 hi,  0.6 si,  0.0 st
%Cpu(s):  7.2 us,  4.4 sy,  0.0 ni, 87.8 id,  0.0 wa,  0.0 hi,  0.5 si,  0.1 st
%Cpu(s):  6.4 us,  5.2 sy,  0.0 ni, 87.6 id,  0.0 wa,  0.0 hi,  0.8 si,  0.0 st
%Cpu(s):  5.1 us,  3.8 sy,  0.0 ni, 90.3 id,  0.0 wa,  0.0 hi,  0.8 si,  0.0 st
%Cpu(s):  5.8 us,  4.4 sy,  0.0 ni, 89.6 id,  0.0 wa,  0.0 hi,  0.1 si,  0.1 st
%Cpu(s): 10.3 us,  3.4 sy,  0.0 ni, 85.7 id,  0.0 wa,  0.0 hi,  0.5 si,  0.0 st
%Cpu(s): 19.2 us,  3.6 sy,  0.0 ni, 76.3 id,  0.0 wa,  0.0 hi,  0.9 si,  0.0 st
%Cpu(s):  9.7 us,  4.5 sy,  0.0 ni, 85.0 id,  0.0 wa,  0.0 hi,  0.8 si,  0.0 st
%Cpu(s):  3.9 us,  3.0 sy,  0.0 ni, 92.6 id,  0.0 wa,  0.0 hi,  0.5 si,  0.0 st
%Cpu(s): 15.8 us,  3.9 sy,  0.0 ni, 79.4 id,  0.0 wa,  0.0 hi,  0.9 si,  0.0 st
%Cpu(s): 12.8 us,  3.1 sy,  0.0 ni, 82.9 id,  0.5 wa,  0.0 hi,  0.5 si,  0.1 st
%Cpu(s): 17.5 us,  4.7 sy,  0.0 ni, 74.9 id,  2.4 wa,  0.0 hi,  0.5 si,  0.0 st
%Cpu(s):  9.5 us,  3.7 sy,  0.0 ni, 86.2 id,  0.0 wa,  0.0 hi,  0.5 si,  0.1 st
%Cpu(s):  6.7 us,  4.7 sy,  0.0 ni, 88.3 id,  0.0 wa,  0.0 hi,  0.3 si,  0.0 st
%Cpu(s):  5.8 us,  4.1 sy,  0.0 ni, 89.6 id,  0.0 wa,  0.0 hi,  0.5 si,  0.0 st
%Cpu(s):  4.9 us,  3.7 sy,  0.0 ni, 90.7 id,  0.1 wa,  0.0 hi,  0.4 si,  0.1 st
%Cpu(s):  5.6 us,  5.5 sy,  0.0 ni, 88.6 id,  0.0 wa,  0.0 hi,  0.3 si,  0.0 st
%Cpu(s):  7.4 us,  4.2 sy,  0.0 ni, 88.0 id,  0.0 wa,  0.0 hi,  0.4 si,  0.0 st
%Cpu(s):  4.1 us,  4.7 sy,  0.0 ni, 90.5 id,  0.0 wa,  0.0 hi,  0.5 si,  0.1 st
%Cpu(s):  4.9 us,  3.2 sy,  0.0 ni, 91.5 id,  0.0 wa,  0.0 hi,  0.4 si,  0.0 st
%Cpu(s):  4.6 us,  4.2 sy,  0.0 ni, 90.5 id,  0.0 wa,  0.0 hi,  0.6 si,  0.0 st
%Cpu(s):  2.8 us,  1.9 sy,  0.0 ni, 94.9 id,  0.0 wa,  0.0 hi,  0.3 si,  0.1 st
%Cpu(s):  0.9 us,  0.8 sy,  0.0 ni, 98.2 id,  0.0 wa,  0.0 hi,  0.0 si,  0.1 st
%Cpu(s):  1.3 us,  0.5 sy,  0.0 ni, 98.2 id,  0.0 wa,  0.0 hi,  0.0 si,  0.0 st
%Cpu(s):  2.1 us,  2.2 sy,  0.0 ni, 95.5 id,  0.0 wa,  0.0 hi,  0.0 si,  0.1 st
%Cpu(s):  1.9 us,  1.0 sy,  0.0 ni, 97.0 id,  0.0 wa,  0.0 hi,  0.0 si,  0.1 st
%Cpu(s):  1.8 us,  2.3 sy,  0.0 ni, 95.5 id,  0.0 wa,  0.0 hi,  0.3 si,  0.3 st
