%Cpu(s):  1.7 us,  0.6 sy,  0.0 ni, 97.6 id,  0.0 wa,  0.0 hi,  0.1 si,  0.0 st
%Cpu(s): 22.1 us,  0.9 sy,  0.0 ni, 77.0 id,  0.0 wa,  0.0 hi,  0.0 si,  0.0 st
%Cpu(s): 25.8 us,  1.6 sy,  0.0 ni, 72.3 id,  0.1 wa,  0.0 hi,  0.0 si,  0.1 st
%Cpu(s): 25.1 us,  1.4 sy,  0.0 ni, 73.4 id,  0.0 wa,  0.0 hi,  0.1 si,  0.0 st
%Cpu(s): 18.7 us,  1.2 sy,  0.0 ni, 80.0 id,  0.0 wa,  0.0 hi,  0.0 si,  0.0 st
%Cpu(s): 35.2 us,  1.1 sy,  0.0 ni, 63.7 id,  0.0 wa,  0.0 hi,  0.0 si,  0.0 st
%Cpu(s): 32.7 us,  1.2 sy,  0.0 ni, 66.1 id,  0.0 wa,  0.0 hi,  0.0 si,  0.0 st
%Cpu(s):  1.5 us,  0.2 sy,  0.0 ni, 98.3 id,  0.0 wa,  0.0 hi,  0.0 si,  0.0 st
%Cpu(s):  0.1 us,  0.0 sy,  0.0 ni, 99.9 id,  0.0 wa,  0.0 hi,  0.0 si,  0.0 st
%Cpu(s): 18.1 us,  1.9 sy,  0.0 ni, 80.0 id,  0.0 wa,  0.0 hi,  0.0 si,  0.1 st
%Cpu(s): 60.5 us,  2.3 sy,  0.0 ni, 37.2 id,  0.0 wa,  0.0 hi,  0.0 si,  0.0 st
%Cpu(s): 51.4 us,  1.5 sy,  0.0 ni, 47.1 id,  0.0 wa,  0.0 hi,  0.0 si,  0.0 st
%Cpu(s): 67.4 us,  1.2 sy,  0.0 ni, 31.4 id,  0.0 wa,  0.0 hi,  0.0 si,  0.0 st
%Cpu(s): 77.7 us,  2.4 sy,  0.0 ni, 19.9 id,  0.0 wa,  0.0 hi,  0.0 si,  0.0 st
%Cpu(s): 70.2 us,  1.6 sy,  0.0 ni, 28.0 id,  0.0 wa,  0.0 hi,  0.1 si,  0.0 st
%Cpu(s): 33.2 us,  0.9 sy,  0.0 ni, 65.9 id,  0.0 wa,  0.0 hi,  0.0 si,  0.0 st
%Cpu(s):  6.7 us,  0.2 sy,  0.0 ni, 93.0 id,  0.0 wa,  0.0 hi,  0.0 si,  0.0 st
%Cpu(s):  4.9 us,  0.9 sy,  0.0 ni, 94.1 id,  0.0 wa,  0.0 hi,  0.0 si,  0.1 st
%Cpu(s): 32.0 us,  2.4 sy,  0.0 ni, 65.0 id,  0.0 wa,  0.0 hi,  0.6 si,  0.0 st
%Cpu(s): 60.2 us,  5.5 sy,  0.0 ni, 31.5 id,  0.3 wa,  0.0 hi,  2.4 si,  0.1 st
%Cpu(s): 71.5 us,  6.6 sy,  0.0 ni, 19.1 id,  0.0 wa,  0.0 hi,  2.8 si,  0.0 st
%Cpu(s): 60.2 us,  5.6 sy,  0.0 ni, 30.0 id,  0.0 wa,  0.0 hi,  4.0 si,  0.1 st
%Cpu(s): 45.1 us,  7.9 sy,  0.0 ni, 44.0 id,  0.0 wa,  0.0 hi,  2.9 si,  0.1 st
%Cpu(s): 27.5 us,  7.6 sy,  0.0 ni, 62.6 id,  0.0 wa,  0.0 hi,  2.3 si,  0.0 st
%Cpu(s): 23.1 us,  7.2 sy,  0.0 ni, 67.0 id,  0.0 wa,  0.0 hi,  2.7 si,  0.0 st
%Cpu(s): 13.6 us,  5.4 sy,  0.0 ni, 78.9 id,  0.0 wa,  0.0 hi,  2.1 si,  0.0 st
%Cpu(s): 16.8 us,  6.0 sy,  0.0 ni, 75.1 id,  0.0 wa,  0.0 hi,  2.2 si,  0.0 st
%Cpu(s): 24.0 us,  7.2 sy,  0.0 ni, 66.1 id,  0.0 wa,  0.0 hi,  2.7 si,  0.0 st
%Cpu(s): 31.0 us,  6.6 sy,  0.0 ni, 59.4 id,  0.0 wa,  0.0 hi,  2.9 si,  0.1 st
%Cpu(s): 22.8 us,  7.2 sy,  0.0 ni, 67.8 id,  0.0 wa,  0.0 hi,  2.2 si,  0.0 st
%Cpu(s): 12.8 us,  6.3 sy,  0.0 ni, 78.6 id,  0.0 wa,  0.0 hi,  2.3 si,  0.0 st
%Cpu(s): 17.0 us,  6.9 sy,  0.0 ni, 73.2 id,  0.0 wa,  0.0 hi,  2.9 si,  0.0 st
%Cpu(s): 19.9 us,  6.9 sy,  0.0 ni, 70.6 id,  0.0 wa,  0.0 hi,  2.4 si,  0.1 st
%Cpu(s): 38.3 us,  8.2 sy,  0.0 ni, 50.2 id,  0.0 wa,  0.0 hi,  3.3 si,  0.0 st
%Cpu(s): 24.2 us,  7.2 sy,  0.0 ni, 64.7 id,  0.0 wa,  0.0 hi,  3.9 si,  0.0 st
%Cpu(s):  8.8 us,  4.6 sy,  0.0 ni, 84.3 id,  0.0 wa,  0.0 hi,  2.3 si,  0.0 st
%Cpu(s): 13.2 us,  4.6 sy,  0.0 ni, 81.4 id,  0.0 wa,  0.0 hi,  0.8 si,  0.0 st
%Cpu(s):  7.6 us,  4.8 sy,  0.0 ni, 85.6 id,  0.0 wa,  0.0 hi,  2.0 si,  0.0 st
%Cpu(s):  8.1 us,  4.7 sy,  0.0 ni, 85.4 id,  0.0 wa,  0.0 hi,  1.8 si,  0.1 st
%Cpu(s): 17.8 us,  5.6 sy,  0.0 ni, 72.3 id,  2.7 wa,  0.0 hi,  1.5 si,  0.1 st
%Cpu(s): 19.9 us,  4.2 sy,  0.0 ni, 74.5 id,  0.0 wa,  0.0 hi,  1.3 si,  0.1 st
%Cpu(s): 14.6 us,  5.8 sy,  0.0 ni, 78.3 id,  0.1 wa,  0.0 hi,  1.0 si,  0.1 st
%Cpu(s):  8.8 us,  4.5 sy,  0.0 ni, 85.2 id,  0.0 wa,  0.0 hi,  1.5 si,  0.0 st
%Cpu(s):  6.8 us,  3.8 sy,  0.0 ni, 87.0 id,  0.0 wa,  0.0 hi,  2.3 si,  0.1 st
%Cpu(s):  7.4 us,  5.6 sy,  0.0 ni, 85.2 id,  0.0 wa,  0.0 hi,  1.8 si,  0.0 st
%Cpu(s):  8.2 us,  4.1 sy,  0.0 ni, 85.8 id,  0.0 wa,  0.0 hi,  1.9 si,  0.0 st
%Cpu(s): 12.7 us,  4.9 sy,  0.0 ni, 80.6 id,  0.0 wa,  0.0 hi,  1.8 si,  0.0 st
%Cpu(s):  7.8 us,  4.7 sy,  0.0 ni, 85.7 id,  0.0 wa,  0.0 hi,  1.8 si,  0.1 st
%Cpu(s): 16.5 us,  5.3 sy,  0.0 ni, 76.1 id,  0.0 wa,  0.0 hi,  2.1 si,  0.0 st
%Cpu(s): 19.5 us,  5.4 sy,  0.0 ni, 72.9 id,  0.0 wa,  0.0 hi,  2.2 si,  0.0 st
%Cpu(s): 15.4 us,  5.2 sy,  0.0 ni, 77.9 id,  0.0 wa,  0.0 hi,  1.5 si,  0.0 st
%Cpu(s):  8.2 us,  4.4 sy,  0.0 ni, 86.0 id,  0.0 wa,  0.0 hi,  1.3 si,  0.1 st
%Cpu(s):  7.6 us,  3.2 sy,  0.0 ni, 87.3 id,  0.0 wa,  0.0 hi,  1.8 si,  0.1 st
%Cpu(s):  7.7 us,  3.5 sy,  0.0 ni, 86.9 id,  0.0 wa,  0.0 hi,  1.9 si,  0.0 st
%Cpu(s):  8.6 us,  4.5 sy,  0.0 ni, 85.2 id,  0.0 wa,  0.0 hi,  1.8 si,  0.0 st
%Cpu(s):  6.8 us,  4.6 sy,  0.0 ni, 86.9 id,  0.0 wa,  0.0 hi,  1.5 si,  0.1 st
%Cpu(s):  8.0 us,  5.0 sy,  0.0 ni, 84.8 id,  0.1 wa,  0.0 hi,  2.1 si,  0.0 st
%Cpu(s): 17.0 us,  4.8 sy,  0.0 ni, 75.8 id,  0.0 wa,  0.0 hi,  2.3 si,  0.0 st
%Cpu(s): 18.0 us,  5.1 sy,  0.0 ni, 75.0 id,  0.0 wa,  0.0 hi,  1.7 si,  0.1 st
%Cpu(s): 15.4 us,  2.2 sy,  0.0 ni, 81.9 id,  0.0 wa,  0.0 hi,  0.5 si,  0.0 st
%Cpu(s):  1.5 us,  1.4 sy,  0.0 ni, 96.7 id,  0.0 wa,  0.0 hi,  0.4 si,  0.0 st
%Cpu(s):  0.5 us,  0.7 sy,  0.0 ni, 98.8 id,  0.0 wa,  0.0 hi,  0.0 si,  0.0 st
%Cpu(s):  0.9 us,  0.8 sy,  0.0 ni, 98.4 id,  0.0 wa,  0.0 hi,  0.0 si,  0.0 st
%Cpu(s):  1.0 us,  0.5 sy,  0.0 ni, 98.5 id,  0.0 wa,  0.0 hi,  0.0 si,  0.0 st
%Cpu(s):  0.9 us,  0.9 sy,  0.0 ni, 98.3 id,  0.0 wa,  0.0 hi,  0.0 si,  0.0 st
%Cpu(s):  1.5 us,  0.9 sy,  0.0 ni, 97.6 id,  0.0 wa,  0.0 hi,  0.0 si,  0.0 st
%Cpu(s):  0.7 us,  0.7 sy,  0.0 ni, 98.4 id,  0.0 wa,  0.0 hi,  0.0 si,  0.1 st
%Cpu(s):  1.2 us,  0.6 sy,  0.0 ni, 97.8 id,  0.0 wa,  0.0 hi,  0.0 si,  0.4 st
%Cpu(s):  1.0 us,  1.1 sy,  0.0 ni, 97.9 id,  0.0 wa,  0.0 hi,  0.0 si,  0.0 st
%Cpu(s):  0.7 us,  0.6 sy,  0.0 ni, 98.6 id,  0.0 wa,  0.0 hi,  0.0 si,  0.0 st
%Cpu(s):  0.7 us,  0.4 sy,  0.0 ni, 98.9 id,  0.0 wa,  0.0 hi,  0.0 si,  0.0 st
%Cpu(s):  0.8 us,  0.4 sy,  0.0 ni, 98.9 id,  0.0 wa,  0.0 hi,  0.0 si,  0.0 st
