%Cpu(s):  1.5 us,  0.5 sy,  0.0 ni, 97.9 id,  0.0 wa,  0.0 hi,  0.0 si,  0.0 st
%Cpu(s): 19.9 us,  1.6 sy,  0.0 ni, 78.5 id,  0.0 wa,  0.0 hi,  0.0 si,  0.0 st
%Cpu(s): 24.4 us,  1.0 sy,  0.0 ni, 74.4 id,  0.0 wa,  0.0 hi,  0.0 si,  0.1 st
%Cpu(s): 28.4 us,  1.1 sy,  0.0 ni, 70.3 id,  0.0 wa,  0.0 hi,  0.1 si,  0.0 st
%Cpu(s): 19.8 us,  0.9 sy,  0.0 ni, 79.3 id,  0.0 wa,  0.0 hi,  0.0 si,  0.0 st
%Cpu(s): 30.2 us,  0.9 sy,  0.0 ni, 68.9 id,  0.0 wa,  0.0 hi,  0.0 si,  0.0 st
%Cpu(s): 35.6 us,  0.9 sy,  0.0 ni, 63.5 id,  0.0 wa,  0.0 hi,  0.0 si,  0.0 st
%Cpu(s):  3.7 us,  0.1 sy,  0.0 ni, 96.1 id,  0.0 wa,  0.0 hi,  0.0 si,  0.0 st
%Cpu(s):  0.0 us,  0.1 sy,  0.0 ni, 99.9 id,  0.0 wa,  0.0 hi,  0.0 si,  0.0 st
%Cpu(s):  6.7 us,  0.7 sy,  0.0 ni, 92.5 id,  0.0 wa,  0.0 hi,  0.0 si,  0.0 st
%Cpu(s): 53.9 us,  2.8 sy,  0.0 ni, 43.3 id,  0.0 wa,  0.0 hi,  0.0 si,  0.0 st
%Cpu(s): 53.3 us,  1.5 sy,  0.0 ni, 45.1 id,  0.0 wa,  0.0 hi,  0.1 si,  0.0 st
%Cpu(s): 62.3 us,  1.7 sy,  0.0 ni, 36.0 id,  0.0 wa,  0.0 hi,  0.0 si,  0.0 st
%Cpu(s): 78.4 us,  2.5 sy,  0.0 ni, 19.0 id,  0.0 wa,  0.0 hi,  0.1 si,  0.0 st
%Cpu(s): 75.3 us,  1.5 sy,  0.0 ni, 23.2 id,  0.0 wa,  0.0 hi,  0.0 si,  0.0 st
%Cpu(s): 24.4 us,  0.5 sy,  0.0 ni, 75.1 id,  0.0 wa,  0.0 hi,  0.0 si,  0.0 st
%Cpu(s):  0.5 us,  0.6 sy,  0.0 ni, 98.9 id,  0.0 wa,  0.0 hi,  0.0 si,  0.0 st
%Cpu(s):  1.4 us,  0.4 sy,  0.0 ni, 98.1 id,  0.0 wa,  0.0 hi,  0.0 si,  0.1 st
%Cpu(s): 20.4 us,  1.6 sy,  0.0 ni, 77.8 id,  0.0 wa,  0.0 hi,  0.1 si,  0.0 st
%Cpu(s): 61.4 us,  5.1 sy,  0.0 ni, 31.4 id,  0.0 wa,  0.0 hi,  2.1 si,  0.0 st
%Cpu(s): 60.9 us,  5.1 sy,  0.0 ni, 31.3 id,  0.0 wa,  0.0 hi,  2.8 si,  0.0 st
%Cpu(s): 53.8 us,  5.3 sy,  0.0 ni, 38.4 id,  0.0 wa,  0.0 hi,  2.5 si,  0.0 st
%Cpu(s): 20.0 us,  5.6 sy,  0.0 ni, 73.3 id,  0.0 wa,  0.0 hi,  1.1 si,  0.0 st
%Cpu(s): 32.3 us,  6.2 sy,  0.0 ni, 58.7 id,  0.1 wa,  0.0 hi,  2.6 si,  0.1 st
%Cpu(s): 13.8 us,  5.8 sy,  0.0 ni, 77.9 id,  0.0 wa,  0.0 hi,  2.5 si,  0.0 st
%Cpu(s): 27.7 us,  6.2 sy,  0.0 ni, 63.6 id,  0.0 wa,  0.0 hi,  2.5 si,  0.0 st
%Cpu(s): 25.0 us,  6.0 sy,  0.0 ni, 66.7 id,  0.0 wa,  0.0 hi,  2.3 si,  0.0 st
%Cpu(s): 23.9 us,  6.1 sy,  0.0 ni, 67.6 id,  0.0 wa,  0.0 hi,  2.3 si,  0.0 st
%Cpu(s): 13.4 us,  5.3 sy,  0.0 ni, 79.1 id,  0.0 wa,  0.0 hi,  2.3 si,  0.0 st
%Cpu(s): 10.2 us,  5.3 sy,  0.0 ni, 81.2 id,  0.0 wa,  0.0 hi,  3.4 si,  0.0 st
%Cpu(s): 14.5 us,  4.8 sy,  0.0 ni, 77.5 id,  0.0 wa,  0.0 hi,  3.2 si,  0.0 st
%Cpu(s): 22.6 us,  6.4 sy,  0.0 ni, 67.2 id,  0.0 wa,  0.0 hi,  3.8 si,  0.0 st
%Cpu(s): 22.6 us,  6.3 sy,  0.0 ni, 68.0 id,  0.0 wa,  0.0 hi,  3.0 si,  0.1 st
%Cpu(s): 15.7 us,  6.6 sy,  0.0 ni, 74.4 id,  0.0 wa,  0.0 hi,  3.3 si,  0.0 st
%Cpu(s): 10.2 us,  6.0 sy,  0.0 ni, 80.3 id,  0.0 wa,  0.0 hi,  3.5 si,  0.0 st
%Cpu(s): 11.1 us,  5.2 sy,  0.0 ni, 80.6 id,  0.0 wa,  0.0 hi,  3.1 si,  0.0 st
%Cpu(s): 13.3 us,  5.3 sy,  0.0 ni, 77.7 id,  0.0 wa,  0.0 hi,  3.6 si,  0.0 st
%Cpu(s): 19.9 us,  5.5 sy,  0.0 ni, 70.9 id,  0.0 wa,  0.0 hi,  3.7 si,  0.0 st
%Cpu(s): 23.1 us,  5.6 sy,  0.0 ni, 68.2 id,  0.0 wa,  0.0 hi,  3.0 si,  0.0 st
%Cpu(s): 20.3 us,  6.2 sy,  0.0 ni, 70.2 id,  0.0 wa,  0.0 hi,  3.3 si,  0.0 st
%Cpu(s): 10.8 us,  7.3 sy,  0.0 ni, 79.9 id,  0.0 wa,  0.0 hi,  2.0 si,  0.0 st
%Cpu(s): 12.8 us,  6.4 sy,  0.0 ni, 78.3 id,  0.0 wa,  0.0 hi,  2.5 si,  0.0 st
%Cpu(s): 10.4 us,  5.8 sy,  0.0 ni, 80.3 id,  0.0 wa,  0.0 hi,  3.5 si,  0.0 st
%Cpu(s): 20.2 us,  5.8 sy,  0.0 ni, 70.7 id,  0.0 wa,  0.0 hi,  3.2 si,  0.1 st
%Cpu(s): 21.2 us,  6.0 sy,  0.0 ni, 69.6 id,  0.0 wa,  0.0 hi,  3.1 si,  0.0 st
%Cpu(s): 17.6 us,  4.9 sy,  0.0 ni, 75.7 id,  0.0 wa,  0.0 hi,  1.8 si,  0.0 st
%Cpu(s): 12.2 us,  3.7 sy,  0.0 ni, 81.6 id,  0.0 wa,  0.0 hi,  2.5 si,  0.0 st
%Cpu(s):  7.7 us,  3.9 sy,  0.0 ni, 86.6 id,  0.0 wa,  0.0 hi,  1.9 si,  0.0 st
%Cpu(s):  6.3 us,  4.2 sy,  0.0 ni, 83.5 id,  3.5 wa,  0.0 hi,  2.4 si,  0.1 st
%Cpu(s):  7.0 us,  4.0 sy,  0.0 ni, 86.4 id,  0.0 wa,  0.0 hi,  2.5 si,  0.0 st
%Cpu(s):  7.4 us,  4.0 sy,  0.0 ni, 86.8 id,  0.0 wa,  0.0 hi,  1.8 si,  0.0 st
%Cpu(s): 17.6 us,  4.4 sy,  0.0 ni, 76.0 id,  0.0 wa,  0.0 hi,  1.9 si,  0.1 st
%Cpu(s): 30.8 us,  4.5 sy,  0.0 ni, 63.1 id,  0.0 wa,  0.0 hi,  1.6 si,  0.0 st
%Cpu(s): 18.2 us,  4.5 sy,  0.0 ni, 75.1 id,  0.0 wa,  0.0 hi,  2.1 si,  0.0 st
%Cpu(s):  6.1 us,  4.1 sy,  0.0 ni, 87.7 id,  0.0 wa,  0.0 hi,  2.2 si,  0.0 st
%Cpu(s):  7.1 us,  3.6 sy,  0.0 ni, 88.2 id,  0.0 wa,  0.0 hi,  1.1 si,  0.0 st
%Cpu(s):  7.9 us,  3.6 sy,  0.0 ni, 87.3 id,  0.0 wa,  0.0 hi,  1.2 si,  0.0 st
%Cpu(s):  7.0 us,  4.1 sy,  0.0 ni, 87.7 id,  0.0 wa,  0.0 hi,  1.3 si,  0.0 st
%Cpu(s):  5.8 us,  4.2 sy,  0.0 ni, 89.1 id,  0.0 wa,  0.0 hi,  0.9 si,  0.0 st
%Cpu(s):  2.1 us,  1.3 sy,  0.0 ni, 96.1 id,  0.0 wa,  0.0 hi,  0.4 si,  0.1 st
%Cpu(s):  0.4 us,  0.5 sy,  0.0 ni, 99.1 id,  0.0 wa,  0.0 hi,  0.0 si,  0.0 st
%Cpu(s):  0.3 us,  0.5 sy,  0.0 ni, 99.2 id,  0.0 wa,  0.0 hi,  0.0 si,  0.0 st
%Cpu(s):  0.8 us,  0.6 sy,  0.0 ni, 98.6 id,  0.0 wa,  0.0 hi,  0.0 si,  0.0 st
%Cpu(s):  1.0 us,  0.3 sy,  0.0 ni, 98.7 id,  0.0 wa,  0.0 hi,  0.0 si,  0.0 st
%Cpu(s):  9.2 us,  0.9 sy,  0.0 ni, 89.9 id,  0.0 wa,  0.0 hi,  0.0 si,  0.0 st
%Cpu(s):  5.5 us,  0.6 sy,  0.0 ni, 93.9 id,  0.0 wa,  0.0 hi,  0.0 si,  0.0 st
%Cpu(s):  0.5 us,  0.6 sy,  0.0 ni, 98.9 id,  0.0 wa,  0.0 hi,  0.0 si,  0.0 st
%Cpu(s):  0.5 us,  0.6 sy,  0.0 ni, 98.9 id,  0.0 wa,  0.0 hi,  0.0 si,  0.0 st
%Cpu(s):  0.9 us,  0.5 sy,  0.0 ni, 98.6 id,  0.0 wa,  0.0 hi,  0.0 si,  0.0 st
%Cpu(s):  0.9 us,  0.5 sy,  0.0 ni, 98.6 id,  0.0 wa,  0.0 hi,  0.0 si,  0.0 st
%Cpu(s):  0.5 us,  0.5 sy,  0.0 ni, 99.0 id,  0.0 wa,  0.0 hi,  0.0 si,  0.0 st
%Cpu(s):  0.5 us,  0.7 sy,  0.0 ni, 98.8 id,  0.0 wa,  0.0 hi,  0.0 si,  0.0 st
%Cpu(s):  0.7 us,  0.6 sy,  0.0 ni, 98.6 id,  0.0 wa,  0.0 hi,  0.0 si,  0.0 st
%Cpu(s):  0.2 us,  0.8 sy,  0.0 ni, 99.0 id,  0.0 wa,  0.0 hi,  0.0 si,  0.0 st
%Cpu(s):  4.0 us,  1.0 sy,  0.0 ni, 94.9 id,  0.0 wa,  0.0 hi,  0.1 si,  0.0 st
%Cpu(s):  3.1 us,  0.6 sy,  0.0 ni, 96.2 id,  0.0 wa,  0.0 hi,  0.0 si,  0.0 st
%Cpu(s):  1.5 us,  0.8 sy,  0.0 ni, 97.8 id,  0.0 wa,  0.0 hi,  0.0 si,  0.0 st
%Cpu(s):  1.2 us,  0.9 sy,  0.0 ni, 97.9 id,  0.0 wa,  0.0 hi,  0.0 si,  0.0 st
