%Cpu(s):  1.6 us,  0.5 sy,  0.0 ni, 97.9 id,  0.0 wa,  0.0 hi,  0.0 si,  0.0 st
%Cpu(s): 21.3 us,  1.1 sy,  0.0 ni, 77.5 id,  0.0 wa,  0.0 hi,  0.0 si,  0.0 st
%Cpu(s): 26.2 us,  1.0 sy,  0.0 ni, 72.8 id,  0.0 wa,  0.0 hi,  0.0 si,  0.0 st
%Cpu(s): 27.5 us,  1.2 sy,  0.0 ni, 71.3 id,  0.0 wa,  0.0 hi,  0.0 si,  0.0 st
%Cpu(s): 20.3 us,  0.9 sy,  0.0 ni, 78.8 id,  0.0 wa,  0.0 hi,  0.0 si,  0.0 st
%Cpu(s): 29.8 us,  0.9 sy,  0.0 ni, 69.2 id,  0.0 wa,  0.0 hi,  0.1 si,  0.0 st
%Cpu(s): 33.8 us,  0.9 sy,  0.0 ni, 65.4 id,  0.0 wa,  0.0 hi,  0.0 si,  0.0 st
%Cpu(s):  2.7 us,  0.1 sy,  0.0 ni, 97.1 id,  0.0 wa,  0.0 hi,  0.0 si,  0.0 st
%Cpu(s):  0.1 us,  0.0 sy,  0.0 ni, 99.9 id,  0.0 wa,  0.0 hi,  0.0 si,  0.0 st
%Cpu(s): 10.0 us,  1.2 sy,  0.0 ni, 88.8 id,  0.0 wa,  0.0 hi,  0.0 si,  0.0 st
%Cpu(s): 59.5 us,  2.4 sy,  0.0 ni, 38.1 id,  0.0 wa,  0.0 hi,  0.0 si,  0.0 st
%Cpu(s): 48.6 us,  1.4 sy,  0.0 ni, 49.8 id,  0.0 wa,  0.0 hi,  0.1 si,  0.1 st
%Cpu(s): 67.8 us,  1.7 sy,  0.0 ni, 30.4 id,  0.0 wa,  0.0 hi,  0.0 si,  0.0 st
%Cpu(s): 78.2 us,  2.0 sy,  0.0 ni, 19.7 id,  0.0 wa,  0.0 hi,  0.1 si,  0.0 st
%Cpu(s): 64.8 us,  1.4 sy,  0.0 ni, 33.6 id,  0.1 wa,  0.0 hi,  0.1 si,  0.0 st
%Cpu(s): 19.7 us,  0.6 sy,  0.0 ni, 79.7 id,  0.0 wa,  0.0 hi,  0.0 si,  0.0 st
%Cpu(s):  3.5 us,  0.9 sy,  0.0 ni, 95.7 id,  0.0 wa,  0.0 hi,  0.0 si,  0.0 st
%Cpu(s):  3.6 us,  0.6 sy,  0.0 ni, 95.8 id,  0.0 wa,  0.0 hi,  0.0 si,  0.0 st
%Cpu(s): 28.4 us,  2.0 sy,  0.0 ni, 69.0 id,  0.0 wa,  0.0 hi,  0.5 si,  0.1 st
%Cpu(s): 60.6 us,  4.8 sy,  0.0 ni, 32.7 id,  0.0 wa,  0.0 hi,  2.0 si,  0.0 st
%Cpu(s): 62.8 us,  6.3 sy,  0.0 ni, 28.7 id,  0.0 wa,  0.0 hi,  2.1 si,  0.0 st
%Cpu(s): 64.2 us,  6.1 sy,  0.0 ni, 27.2 id,  0.0 wa,  0.0 hi,  2.5 si,  0.0 st
%Cpu(s): 27.3 us,  6.0 sy,  0.0 ni, 63.1 id,  0.0 wa,  0.0 hi,  3.6 si,  0.0 st
%Cpu(s): 37.1 us,  6.0 sy,  0.0 ni, 54.3 id,  0.0 wa,  0.0 hi,  2.6 si,  0.0 st
%Cpu(s): 16.0 us,  5.4 sy,  0.0 ni, 76.3 id,  0.0 wa,  0.0 hi,  2.1 si,  0.1 st
%Cpu(s): 11.0 us,  5.9 sy,  0.0 ni, 80.8 id,  0.0 wa,  0.0 hi,  2.3 si,  0.0 st
%Cpu(s): 14.5 us,  4.1 sy,  0.0 ni, 78.4 id,  0.0 wa,  0.0 hi,  3.1 si,  0.0 st
%Cpu(s): 26.4 us,  5.8 sy,  0.0 ni, 64.9 id,  0.0 wa,  0.0 hi,  2.9 si,  0.0 st
%Cpu(s): 22.6 us,  6.0 sy,  0.0 ni, 69.0 id,  0.0 wa,  0.0 hi,  2.4 si,  0.0 st
%Cpu(s): 24.4 us,  5.1 sy,  0.0 ni, 67.2 id,  0.0 wa,  0.0 hi,  3.3 si,  0.0 st
%Cpu(s): 17.5 us,  5.9 sy,  0.0 ni, 73.9 id,  0.0 wa,  0.0 hi,  2.8 si,  0.0 st
%Cpu(s):  9.6 us,  6.3 sy,  0.0 ni, 82.6 id,  0.0 wa,  0.0 hi,  1.4 si,  0.1 st
%Cpu(s): 10.9 us,  4.6 sy,  0.0 ni, 82.6 id,  0.0 wa,  0.0 hi,  1.9 si,  0.0 st
%Cpu(s): 20.9 us,  6.7 sy,  0.0 ni, 70.0 id,  0.0 wa,  0.0 hi,  2.4 si,  0.0 st
%Cpu(s): 23.1 us,  6.1 sy,  0.0 ni, 68.6 id,  0.0 wa,  0.0 hi,  2.3 si,  0.0 st
%Cpu(s): 17.1 us,  6.2 sy,  0.0 ni, 74.6 id,  0.0 wa,  0.0 hi,  2.1 si,  0.0 st
%Cpu(s): 10.3 us,  6.4 sy,  0.0 ni, 80.0 id,  0.0 wa,  0.0 hi,  3.2 si,  0.0 st
%Cpu(s): 11.4 us,  5.8 sy,  0.0 ni, 80.6 id,  0.0 wa,  0.0 hi,  2.2 si,  0.0 st
%Cpu(s): 14.4 us,  4.8 sy,  0.0 ni, 78.5 id,  0.0 wa,  0.0 hi,  2.4 si,  0.0 st
%Cpu(s): 21.9 us,  5.2 sy,  0.0 ni, 70.3 id,  0.0 wa,  0.0 hi,  2.7 si,  0.0 st
%Cpu(s): 20.9 us,  5.7 sy,  0.0 ni, 71.2 id,  0.0 wa,  0.0 hi,  2.3 si,  0.0 st
%Cpu(s): 13.7 us,  4.7 sy,  0.0 ni, 78.9 id,  0.0 wa,  0.0 hi,  2.6 si,  0.0 st
%Cpu(s): 10.2 us,  4.5 sy,  0.0 ni, 83.2 id,  0.0 wa,  0.0 hi,  1.9 si,  0.1 st
%Cpu(s): 10.0 us,  4.8 sy,  0.0 ni, 83.0 id,  0.0 wa,  0.0 hi,  2.3 si,  0.0 st
%Cpu(s): 15.0 us,  3.7 sy,  0.0 ni, 79.6 id,  0.0 wa,  0.0 hi,  1.8 si,  0.0 st
%Cpu(s): 26.7 us,  3.9 sy,  0.0 ni, 67.6 id,  0.0 wa,  0.0 hi,  1.8 si,  0.0 st
%Cpu(s): 20.7 us,  3.8 sy,  0.0 ni, 72.1 id,  0.0 wa,  0.0 hi,  3.4 si,  0.0 st
%Cpu(s): 19.1 us,  4.2 sy,  0.0 ni, 75.0 id,  0.0 wa,  0.0 hi,  1.8 si,  0.0 st
%Cpu(s):  7.6 us,  3.7 sy,  0.0 ni, 87.5 id,  0.0 wa,  0.0 hi,  1.3 si,  0.0 st
%Cpu(s):  7.5 us,  4.9 sy,  0.0 ni, 86.3 id,  0.1 wa,  0.0 hi,  1.2 si,  0.0 st
%Cpu(s):  8.2 us,  3.8 sy,  0.0 ni, 86.6 id,  0.0 wa,  0.0 hi,  1.5 si,  0.0 st
%Cpu(s):  7.4 us,  3.8 sy,  0.0 ni, 87.1 id,  0.0 wa,  0.0 hi,  1.8 si,  0.0 st
%Cpu(s):  7.6 us,  4.4 sy,  0.0 ni, 85.9 id,  0.0 wa,  0.0 hi,  2.1 si,  0.0 st
%Cpu(s):  6.9 us,  4.5 sy,  0.0 ni, 87.1 id,  0.0 wa,  0.0 hi,  1.5 si,  0.0 st
%Cpu(s): 12.8 us,  4.5 sy,  0.0 ni, 81.5 id,  0.0 wa,  0.0 hi,  1.1 si,  0.0 st
%Cpu(s): 19.7 us,  4.1 sy,  0.0 ni, 75.1 id,  0.0 wa,  0.0 hi,  1.1 si,  0.0 st
%Cpu(s): 19.4 us,  4.7 sy,  0.0 ni, 74.5 id,  0.0 wa,  0.0 hi,  1.4 si,  0.0 st
%Cpu(s):  8.2 us,  3.4 sy,  0.0 ni, 87.0 id,  0.0 wa,  0.0 hi,  1.3 si,  0.1 st
%Cpu(s):  6.9 us,  3.4 sy,  0.0 ni, 88.3 id,  0.0 wa,  0.0 hi,  1.4 si,  0.0 st
%Cpu(s):  2.2 us,  1.4 sy,  0.0 ni, 96.2 id,  0.0 wa,  0.0 hi,  0.2 si,  0.0 st
%Cpu(s):  0.6 us,  0.5 sy,  0.0 ni, 98.9 id,  0.0 wa,  0.0 hi,  0.0 si,  0.0 st
%Cpu(s):  1.1 us,  1.0 sy,  0.0 ni, 97.9 id,  0.0 wa,  0.0 hi,  0.0 si,  0.0 st
%Cpu(s):  1.0 us,  0.7 sy,  0.0 ni, 98.3 id,  0.0 wa,  0.0 hi,  0.0 si,  0.0 st
%Cpu(s):  1.0 us,  0.6 sy,  0.0 ni, 98.4 id,  0.0 wa,  0.0 hi,  0.0 si,  0.0 st
%Cpu(s):  0.5 us,  1.1 sy,  0.0 ni, 98.4 id,  0.0 wa,  0.0 hi,  0.0 si,  0.0 st
%Cpu(s):  1.0 us,  0.9 sy,  0.0 ni, 98.1 id,  0.0 wa,  0.0 hi,  0.0 si,  0.0 st
%Cpu(s):  0.8 us,  0.6 sy,  0.0 ni, 98.6 id,  0.0 wa,  0.0 hi,  0.0 si,  0.0 st
%Cpu(s):  0.9 us,  0.4 sy,  0.0 ni, 98.7 id,  0.0 wa,  0.0 hi,  0.0 si,  0.0 st
%Cpu(s):  0.9 us,  0.4 sy,  0.0 ni, 98.7 id,  0.0 wa,  0.0 hi,  0.0 si,  0.0 st
%Cpu(s):  0.5 us,  1.0 sy,  0.0 ni, 98.5 id,  0.0 wa,  0.0 hi,  0.0 si,  0.0 st
%Cpu(s):  0.6 us,  0.4 sy,  0.0 ni, 98.9 id,  0.0 wa,  0.0 hi,  0.0 si,  0.1 st
%Cpu(s):  0.7 us,  0.6 sy,  0.0 ni, 98.4 id,  0.2 wa,  0.0 hi,  0.0 si,  0.0 st
%Cpu(s):  0.8 us,  0.4 sy,  0.0 ni, 98.9 id,  0.0 wa,  0.0 hi,  0.0 si,  0.0 st
%Cpu(s):  2.1 us,  0.5 sy,  0.0 ni, 97.4 id,  0.0 wa,  0.0 hi,  0.0 si,  0.0 st
%Cpu(s):  5.3 us,  0.4 sy,  0.0 ni, 94.2 id,  0.1 wa,  0.0 hi,  0.0 si,  0.0 st
%Cpu(s):  3.6 us,  0.6 sy,  0.0 ni, 95.8 id,  0.0 wa,  0.0 hi,  0.0 si,  0.0 st
%Cpu(s):  2.3 us,  1.4 sy,  0.0 ni, 96.4 id,  0.0 wa,  0.0 hi,  0.0 si,  0.0 st
