%Cpu(s):  1.5 us,  0.5 sy,  0.0 ni, 97.9 id,  0.0 wa,  0.0 hi,  0.0 si,  0.1 st
%Cpu(s):  9.3 us,  0.5 sy,  0.0 ni, 90.1 id,  0.0 wa,  0.0 hi,  0.1 si,  0.0 st
%Cpu(s):  0.6 us,  0.2 sy,  0.0 ni, 99.0 id,  0.0 wa,  0.0 hi,  0.0 si,  0.1 st
%Cpu(s):  0.1 us,  0.0 sy,  0.0 ni, 99.9 id,  0.0 wa,  0.0 hi,  0.0 si,  0.0 st
%Cpu(s): 43.9 us,  3.6 sy,  0.0 ni, 52.3 id,  0.0 wa,  0.0 hi,  0.0 si,  0.1 st
%Cpu(s): 53.1 us,  1.6 sy,  0.0 ni, 45.0 id,  0.0 wa,  0.0 hi,  0.1 si,  0.1 st
%Cpu(s): 76.4 us,  1.5 sy,  0.0 ni, 21.9 id,  0.0 wa,  0.0 hi,  0.0 si,  0.1 st
%Cpu(s): 35.4 us,  1.4 sy,  0.0 ni, 63.2 id,  0.0 wa,  0.0 hi,  0.0 si,  0.0 st
%Cpu(s): 10.4 us,  0.8 sy,  0.0 ni, 88.5 id,  0.0 wa,  0.0 hi,  0.1 si,  0.2 st
%Cpu(s):  2.1 us,  1.5 sy,  0.0 ni, 96.3 id,  0.0 wa,  0.0 hi,  0.1 si,  0.0 st
%Cpu(s):  2.4 us,  1.2 sy,  0.0 ni, 96.1 id,  0.0 wa,  0.0 hi,  0.0 si,  0.2 st
%Cpu(s):  2.1 us,  2.1 sy,  0.0 ni, 95.5 id,  0.0 wa,  0.0 hi,  0.1 si,  0.1 st
%Cpu(s):  2.0 us,  1.5 sy,  0.0 ni, 96.3 id,  0.0 wa,  0.0 hi,  0.1 si,  0.1 st
%Cpu(s):  1.8 us,  1.3 sy,  0.0 ni, 96.7 id,  0.0 wa,  0.0 hi,  0.0 si,  0.3 st
%Cpu(s):  2.2 us,  1.2 sy,  0.0 ni, 96.0 id,  0.1 wa,  0.0 hi,  0.1 si,  0.2 st
%Cpu(s):  1.6 us,  0.9 sy,  0.0 ni, 97.5 id,  0.0 wa,  0.0 hi,  0.0 si,  0.0 st
%Cpu(s):  1.1 us,  1.6 sy,  0.0 ni, 97.0 id,  0.0 wa,  0.0 hi,  0.0 si,  0.2 st
%Cpu(s):  1.9 us,  0.9 sy,  0.0 ni, 97.1 id,  0.0 wa,  0.0 hi,  0.0 si,  0.1 st
%Cpu(s): 21.5 us,  2.3 sy,  0.0 ni, 75.8 id,  0.0 wa,  0.0 hi,  0.1 si,  0.3 st
%Cpu(s): 40.9 us,  3.1 sy,  0.0 ni, 54.9 id,  0.0 wa,  0.0 hi,  1.1 si,  0.0 st
%Cpu(s): 36.0 us,  2.5 sy,  0.0 ni, 60.7 id,  0.1 wa,  0.0 hi,  0.6 si,  0.1 st
%Cpu(s):  9.3 us,  3.0 sy,  0.0 ni, 86.9 id,  0.0 wa,  0.0 hi,  0.8 si,  0.0 st
%Cpu(s):  9.5 us,  3.4 sy,  0.0 ni, 86.2 id,  0.0 wa,  0.0 hi,  0.8 si,  0.1 st
%Cpu(s): 13.0 us,  2.6 sy,  0.0 ni, 83.8 id,  0.0 wa,  0.0 hi,  0.5 si,  0.1 st
%Cpu(s):  8.3 us,  2.5 sy,  0.0 ni, 88.1 id,  0.0 wa,  0.0 hi,  1.0 si,  0.0 st
%Cpu(s):  8.3 us,  3.7 sy,  0.0 ni, 87.4 id,  0.0 wa,  0.0 hi,  0.6 si,  0.0 st
%Cpu(s): 13.1 us,  3.1 sy,  0.0 ni, 82.8 id,  0.0 wa,  0.0 hi,  0.9 si,  0.1 st
%Cpu(s):  7.3 us,  3.3 sy,  0.0 ni, 88.8 id,  0.0 wa,  0.0 hi,  0.6 si,  0.0 st
%Cpu(s):  6.4 us,  3.5 sy,  0.0 ni, 89.2 id,  0.0 wa,  0.0 hi,  0.9 si,  0.0 st
%Cpu(s): 10.3 us,  3.6 sy,  0.0 ni, 85.4 id,  0.0 wa,  0.0 hi,  0.6 si,  0.1 st
%Cpu(s):  7.5 us,  3.1 sy,  0.0 ni, 85.8 id,  3.0 wa,  0.0 hi,  0.6 si,  0.0 st
%Cpu(s):  7.2 us,  3.5 sy,  0.0 ni, 89.1 id,  0.0 wa,  0.0 hi,  0.3 si,  0.0 st
%Cpu(s):  5.1 us,  3.7 sy,  0.0 ni, 90.1 id,  0.0 wa,  0.0 hi,  0.9 si,  0.1 st
%Cpu(s): 12.4 us,  2.8 sy,  0.0 ni, 84.3 id,  0.0 wa,  0.0 hi,  0.4 si,  0.1 st
%Cpu(s): 20.2 us,  3.8 sy,  0.0 ni, 75.5 id,  0.0 wa,  0.0 hi,  0.5 si,  0.0 st
%Cpu(s): 16.7 us,  3.5 sy,  0.0 ni, 79.0 id,  0.0 wa,  0.0 hi,  0.8 si,  0.0 st
%Cpu(s):  7.2 us,  3.1 sy,  0.0 ni, 88.9 id,  0.0 wa,  0.0 hi,  0.8 si,  0.0 st
%Cpu(s):  5.8 us,  3.3 sy,  0.0 ni, 90.3 id,  0.0 wa,  0.0 hi,  0.5 si,  0.0 st
%Cpu(s):  4.5 us,  3.0 sy,  0.0 ni, 91.6 id,  0.0 wa,  0.0 hi,  0.8 si,  0.1 st
%Cpu(s):  7.1 us,  5.0 sy,  0.0 ni, 87.0 id,  0.0 wa,  0.0 hi,  0.7 si,  0.1 st
%Cpu(s):  6.1 us,  2.7 sy,  0.0 ni, 90.6 id,  0.0 wa,  0.0 hi,  0.6 si,  0.0 st
%Cpu(s):  6.3 us,  3.3 sy,  0.0 ni, 89.1 id,  0.0 wa,  0.0 hi,  1.1 si,  0.1 st
%Cpu(s):  6.0 us,  3.6 sy,  0.0 ni, 89.8 id,  0.0 wa,  0.0 hi,  0.5 si,  0.0 st
%Cpu(s):  5.7 us,  2.8 sy,  0.0 ni, 91.0 id,  0.0 wa,  0.0 hi,  0.5 si,  0.0 st
%Cpu(s):  5.3 us,  3.5 sy,  0.0 ni, 89.8 id,  0.0 wa,  0.0 hi,  1.3 si,  0.1 st
%Cpu(s):  4.3 us,  3.7 sy,  0.0 ni, 91.2 id,  0.0 wa,  0.0 hi,  0.8 si,  0.1 st
%Cpu(s):  4.4 us,  3.1 sy,  0.0 ni, 91.7 id,  0.0 wa,  0.0 hi,  0.8 si,  0.0 st
%Cpu(s):  4.9 us,  3.4 sy,  0.0 ni, 91.1 id,  0.0 wa,  0.0 hi,  0.6 si,  0.0 st
%Cpu(s):  5.2 us,  2.4 sy,  0.0 ni, 92.1 id,  0.0 wa,  0.0 hi,  0.3 si,  0.1 st
%Cpu(s):  7.0 us,  3.6 sy,  0.0 ni, 88.8 id,  0.1 wa,  0.0 hi,  0.4 si,  0.1 st
%Cpu(s):  4.8 us,  3.3 sy,  0.0 ni, 91.3 id,  0.0 wa,  0.0 hi,  0.6 si,  0.0 st
%Cpu(s):  4.1 us,  3.4 sy,  0.0 ni, 92.2 id,  0.0 wa,  0.0 hi,  0.3 si,  0.1 st
%Cpu(s):  3.7 us,  2.9 sy,  0.0 ni, 93.0 id,  0.0 wa,  0.0 hi,  0.4 si,  0.0 st
%Cpu(s):  4.0 us,  2.4 sy,  0.0 ni, 92.6 id,  0.0 wa,  0.0 hi,  1.0 si,  0.0 st
%Cpu(s):  4.4 us,  3.3 sy,  0.0 ni, 91.2 id,  0.0 wa,  0.0 hi,  1.0 si,  0.1 st
%Cpu(s): 11.1 us,  2.4 sy,  0.0 ni, 85.9 id,  0.0 wa,  0.0 hi,  0.5 si,  0.1 st
%Cpu(s): 16.5 us,  2.9 sy,  0.0 ni, 80.2 id,  0.0 wa,  0.0 hi,  0.4 si,  0.0 st
%Cpu(s): 16.6 us,  3.2 sy,  0.0 ni, 79.2 id,  0.0 wa,  0.0 hi,  0.9 si,  0.0 st
%Cpu(s):  4.3 us,  2.8 sy,  0.0 ni, 92.3 id,  0.0 wa,  0.0 hi,  0.5 si,  0.1 st
%Cpu(s):  1.9 us,  0.9 sy,  0.0 ni, 95.1 id,  1.9 wa,  0.0 hi,  0.1 si,  0.1 st
%Cpu(s):  1.5 us,  1.2 sy,  0.0 ni, 97.0 id,  0.0 wa,  0.0 hi,  0.0 si,  0.2 st
%Cpu(s):  1.6 us,  1.2 sy,  0.0 ni, 97.1 id,  0.0 wa,  0.0 hi,  0.0 si,  0.0 st
%Cpu(s):  1.4 us,  1.2 sy,  0.0 ni, 97.3 id,  0.0 wa,  0.0 hi,  0.0 si,  0.1 st
%Cpu(s):  1.0 us,  1.4 sy,  0.0 ni, 97.5 id,  0.0 wa,  0.0 hi,  0.0 si,  0.1 st
%Cpu(s):  1.2 us,  1.6 sy,  0.0 ni, 97.0 id,  0.0 wa,  0.0 hi,  0.0 si,  0.1 st
%Cpu(s):  1.6 us,  1.2 sy,  0.0 ni, 96.9 id,  0.0 wa,  0.0 hi,  0.0 si,  0.2 st
%Cpu(s):  1.0 us,  1.7 sy,  0.0 ni, 97.1 id,  0.0 wa,  0.0 hi,  0.0 si,  0.1 st
%Cpu(s):  2.0 us,  0.8 sy,  0.0 ni, 97.0 id,  0.0 wa,  0.0 hi,  0.0 si,  0.3 st
%Cpu(s):  1.7 us,  1.1 sy,  0.0 ni, 97.0 id,  0.0 wa,  0.0 hi,  0.0 si,  0.1 st
%Cpu(s):  1.2 us,  1.2 sy,  0.0 ni, 97.3 id,  0.0 wa,  0.0 hi,  0.0 si,  0.2 st
