%Cpu(s):  1.7 us,  0.6 sy,  0.0 ni, 97.6 id,  0.0 wa,  0.0 hi,  0.1 si,  0.0 st
%Cpu(s): 20.9 us,  1.1 sy,  0.0 ni, 78.0 id,  0.0 wa,  0.0 hi,  0.0 si,  0.0 st
%Cpu(s): 24.2 us,  1.2 sy,  0.0 ni, 74.5 id,  0.0 wa,  0.0 hi,  0.0 si,  0.1 st
%Cpu(s): 29.2 us,  1.0 sy,  0.0 ni, 69.8 id,  0.0 wa,  0.0 hi,  0.0 si,  0.0 st
%Cpu(s): 19.6 us,  0.9 sy,  0.0 ni, 79.5 id,  0.0 wa,  0.0 hi,  0.0 si,  0.0 st
%Cpu(s): 31.0 us,  0.6 sy,  0.0 ni, 68.3 id,  0.0 wa,  0.0 hi,  0.0 si,  0.0 st
%Cpu(s): 33.3 us,  0.7 sy,  0.0 ni, 65.8 id,  0.0 wa,  0.0 hi,  0.1 si,  0.0 st
%Cpu(s):  2.0 us,  0.1 sy,  0.0 ni, 97.9 id,  0.0 wa,  0.0 hi,  0.0 si,  0.0 st
%Cpu(s):  0.0 us,  0.1 sy,  0.0 ni, 99.8 id,  0.1 wa,  0.0 hi,  0.0 si,  0.0 st
%Cpu(s): 16.5 us,  2.0 sy,  0.0 ni, 81.5 id,  0.0 wa,  0.0 hi,  0.0 si,  0.0 st
%Cpu(s): 56.6 us,  2.9 sy,  0.0 ni, 40.6 id,  0.0 wa,  0.0 hi,  0.0 si,  0.0 st
%Cpu(s): 51.8 us,  1.6 sy,  0.0 ni, 46.5 id,  0.0 wa,  0.0 hi,  0.0 si,  0.0 st
%Cpu(s): 68.8 us,  1.4 sy,  0.0 ni, 29.7 id,  0.0 wa,  0.0 hi,  0.0 si,  0.1 st
%Cpu(s): 76.7 us,  2.1 sy,  0.0 ni, 20.8 id,  0.0 wa,  0.0 hi,  0.4 si,  0.0 st
%Cpu(s): 71.4 us,  1.6 sy,  0.0 ni, 26.8 id,  0.0 wa,  0.0 hi,  0.1 si,  0.1 st
%Cpu(s): 25.7 us,  1.2 sy,  0.0 ni, 73.1 id,  0.0 wa,  0.0 hi,  0.0 si,  0.0 st
%Cpu(s):  7.4 us,  0.2 sy,  0.0 ni, 92.4 id,  0.0 wa,  0.0 hi,  0.0 si,  0.0 st
%Cpu(s):  1.0 us,  0.5 sy,  0.0 ni, 98.5 id,  0.0 wa,  0.0 hi,  0.0 si,  0.0 st
%Cpu(s): 32.3 us,  3.0 sy,  0.0 ni, 64.1 id,  0.0 wa,  0.0 hi,  0.6 si,  0.0 st
%Cpu(s): 58.8 us,  5.3 sy,  0.0 ni, 33.7 id,  0.0 wa,  0.0 hi,  2.1 si,  0.0 st
%Cpu(s): 68.3 us,  6.9 sy,  0.0 ni, 22.1 id,  0.0 wa,  0.0 hi,  2.7 si,  0.0 st
%Cpu(s): 53.6 us,  6.6 sy,  0.0 ni, 37.4 id,  0.0 wa,  0.0 hi,  2.3 si,  0.1 st
%Cpu(s): 45.2 us,  5.8 sy,  0.0 ni, 45.9 id,  0.0 wa,  0.0 hi,  3.0 si,  0.0 st
%Cpu(s): 19.5 us,  6.2 sy,  0.0 ni, 71.3 id,  0.0 wa,  0.0 hi,  2.8 si,  0.1 st
%Cpu(s): 24.7 us,  7.2 sy,  0.0 ni, 64.7 id,  0.0 wa,  0.0 hi,  3.3 si,  0.0 st
%Cpu(s): 30.1 us,  6.2 sy,  0.0 ni, 61.2 id,  0.0 wa,  0.0 hi,  2.4 si,  0.1 st
%Cpu(s): 25.5 us,  7.0 sy,  0.0 ni, 65.3 id,  0.0 wa,  0.0 hi,  2.3 si,  0.0 st
%Cpu(s): 13.3 us,  5.4 sy,  0.0 ni, 77.6 id,  0.0 wa,  0.0 hi,  3.5 si,  0.1 st
%Cpu(s): 11.4 us,  5.6 sy,  0.0 ni, 79.4 id,  0.0 wa,  0.0 hi,  3.6 si,  0.0 st
%Cpu(s): 13.1 us,  5.4 sy,  0.0 ni, 78.2 id,  0.0 wa,  0.0 hi,  3.3 si,  0.0 st
%Cpu(s): 22.2 us,  5.8 sy,  0.0 ni, 68.5 id,  0.0 wa,  0.0 hi,  3.5 si,  0.0 st
%Cpu(s): 23.4 us,  6.4 sy,  0.0 ni, 66.8 id,  0.0 wa,  0.0 hi,  3.3 si,  0.1 st
%Cpu(s): 19.3 us,  5.6 sy,  0.0 ni, 71.2 id,  0.0 wa,  0.0 hi,  3.9 si,  0.0 st
%Cpu(s): 13.1 us,  5.5 sy,  0.0 ni, 78.1 id,  0.0 wa,  0.0 hi,  3.3 si,  0.0 st
%Cpu(s): 12.7 us,  5.5 sy,  0.0 ni, 78.4 id,  0.0 wa,  0.0 hi,  3.4 si,  0.0 st
%Cpu(s): 12.8 us,  5.7 sy,  0.0 ni, 78.3 id,  0.0 wa,  0.0 hi,  3.2 si,  0.0 st
%Cpu(s): 27.2 us,  6.7 sy,  0.0 ni, 62.9 id,  0.0 wa,  0.0 hi,  3.0 si,  0.1 st
%Cpu(s): 23.1 us,  6.5 sy,  0.0 ni, 67.8 id,  0.0 wa,  0.0 hi,  2.6 si,  0.0 st
%Cpu(s): 18.4 us,  7.5 sy,  0.0 ni, 71.4 id,  0.1 wa,  0.0 hi,  2.6 si,  0.0 st
%Cpu(s):  9.3 us,  5.2 sy,  0.0 ni, 82.7 id,  0.0 wa,  0.0 hi,  2.8 si,  0.0 st
%Cpu(s):  7.2 us,  4.4 sy,  0.0 ni, 85.9 id,  0.0 wa,  0.0 hi,  2.4 si,  0.1 st
%Cpu(s):  6.6 us,  4.2 sy,  0.0 ni, 87.0 id,  0.0 wa,  0.0 hi,  2.0 si,  0.1 st
%Cpu(s): 12.4 us,  4.9 sy,  0.0 ni, 80.0 id,  0.0 wa,  0.0 hi,  2.6 si,  0.0 st
%Cpu(s): 20.4 us,  4.9 sy,  0.0 ni, 72.8 id,  0.0 wa,  0.0 hi,  2.0 si,  0.0 st
%Cpu(s): 19.7 us,  5.0 sy,  0.0 ni, 73.5 id,  0.0 wa,  0.0 hi,  1.6 si,  0.1 st
%Cpu(s):  9.2 us,  4.8 sy,  0.0 ni, 83.4 id,  0.0 wa,  0.0 hi,  2.6 si,  0.0 st
%Cpu(s): 11.3 us,  4.4 sy,  0.0 ni, 82.3 id,  0.0 wa,  0.0 hi,  2.0 si,  0.0 st
%Cpu(s): 12.9 us,  4.5 sy,  0.0 ni, 80.2 id,  0.0 wa,  0.0 hi,  2.3 si,  0.1 st
%Cpu(s):  7.5 us,  4.4 sy,  0.0 ni, 86.4 id,  0.0 wa,  0.0 hi,  1.7 si,  0.0 st
%Cpu(s):  8.0 us,  4.3 sy,  0.0 ni, 86.2 id,  0.0 wa,  0.0 hi,  1.5 si,  0.0 st
%Cpu(s):  7.6 us,  4.5 sy,  0.0 ni, 86.4 id,  0.0 wa,  0.0 hi,  1.5 si,  0.0 st
%Cpu(s): 12.0 us,  4.5 sy,  0.0 ni, 81.8 id,  0.0 wa,  0.0 hi,  1.5 si,  0.1 st
%Cpu(s): 19.9 us,  3.8 sy,  0.0 ni, 75.1 id,  0.0 wa,  0.0 hi,  1.1 si,  0.0 st
%Cpu(s): 21.2 us,  3.9 sy,  0.0 ni, 70.2 id,  3.4 wa,  0.0 hi,  1.3 si,  0.0 st
%Cpu(s):  7.8 us,  4.2 sy,  0.0 ni, 86.5 id,  0.0 wa,  0.0 hi,  1.5 si,  0.0 st
%Cpu(s): 12.6 us,  4.8 sy,  0.0 ni, 80.7 id,  0.0 wa,  0.0 hi,  1.8 si,  0.1 st
%Cpu(s):  8.7 us,  4.3 sy,  0.0 ni, 86.2 id,  0.0 wa,  0.0 hi,  0.8 si,  0.0 st
%Cpu(s):  7.9 us,  5.0 sy,  0.0 ni, 85.9 id,  0.1 wa,  0.0 hi,  1.0 si,  0.0 st
%Cpu(s):  7.6 us,  4.4 sy,  0.0 ni, 87.0 id,  0.0 wa,  0.0 hi,  1.0 si,  0.0 st
%Cpu(s):  5.1 us,  2.2 sy,  0.0 ni, 92.2 id,  0.0 wa,  0.0 hi,  0.2 si,  0.1 st
%Cpu(s):  3.4 us,  1.9 sy,  0.0 ni, 94.4 id,  0.0 wa,  0.0 hi,  0.3 si,  0.1 st
%Cpu(s):  3.6 us,  2.0 sy,  0.0 ni, 93.9 id,  0.0 wa,  0.0 hi,  0.5 si,  0.0 st
%Cpu(s):  3.3 us,  2.0 sy,  0.0 ni, 93.9 id,  0.0 wa,  0.0 hi,  0.8 si,  0.1 st
%Cpu(s):  1.8 us,  1.1 sy,  0.0 ni, 96.9 id,  0.0 wa,  0.0 hi,  0.1 si,  0.1 st
%Cpu(s):  0.6 us,  0.6 sy,  0.0 ni, 98.8 id,  0.0 wa,  0.0 hi,  0.0 si,  0.0 st
%Cpu(s):  1.0 us,  0.7 sy,  0.0 ni, 98.3 id,  0.0 wa,  0.0 hi,  0.0 si,  0.0 st
%Cpu(s):  0.4 us,  0.4 sy,  0.0 ni, 99.2 id,  0.0 wa,  0.0 hi,  0.0 si,  0.0 st
%Cpu(s):  0.7 us,  0.6 sy,  0.0 ni, 98.6 id,  0.0 wa,  0.0 hi,  0.0 si,  0.0 st
%Cpu(s):  1.1 us,  0.7 sy,  0.0 ni, 98.1 id,  0.0 wa,  0.0 hi,  0.0 si,  0.0 st
%Cpu(s):  0.8 us,  0.4 sy,  0.0 ni, 98.9 id,  0.0 wa,  0.0 hi,  0.0 si,  0.0 st
%Cpu(s):  1.0 us,  0.5 sy,  0.0 ni, 98.4 id,  0.0 wa,  0.0 hi,  0.0 si,  0.1 st
%Cpu(s):  0.9 us,  1.0 sy,  0.0 ni, 98.0 id,  0.0 wa,  0.0 hi,  0.0 si,  0.1 st
