%Cpu(s):  1.4 us,  0.5 sy,  0.0 ni, 97.9 id,  0.0 wa,  0.0 hi,  0.0 si,  0.1 st
%Cpu(s): 19.8 us,  0.7 sy,  0.0 ni, 79.3 id,  0.0 wa,  0.0 hi,  0.0 si,  0.1 st
%Cpu(s):  0.2 us,  0.1 sy,  0.0 ni, 99.6 id,  0.0 wa,  0.0 hi,  0.0 si,  0.0 st
%Cpu(s):  0.0 us,  0.2 sy,  0.0 ni, 99.8 id,  0.0 wa,  0.0 hi,  0.0 si,  0.0 st
%Cpu(s):  0.1 us,  0.2 sy,  0.0 ni, 99.6 id,  0.0 wa,  0.0 hi,  0.0 si,  0.0 st
%Cpu(s):  0.0 us,  0.1 sy,  0.0 ni, 99.9 id,  0.0 wa,  0.0 hi,  0.0 si,  0.0 st
%Cpu(s):  0.1 us,  0.0 sy,  0.0 ni, 99.9 id,  0.0 wa,  0.0 hi,  0.0 si,  0.0 st
%Cpu(s):  0.1 us,  0.0 sy,  0.0 ni, 99.9 id,  0.0 wa,  0.0 hi,  0.0 si,  0.0 st
%Cpu(s):  0.1 us,  0.1 sy,  0.0 ni, 99.8 id,  0.0 wa,  0.0 hi,  0.0 si,  0.0 st
%Cpu(s):  0.1 us,  0.1 sy,  0.0 ni, 99.6 id,  0.1 wa,  0.0 hi,  0.0 si,  0.0 st
%Cpu(s):  0.1 us,  0.0 sy,  0.0 ni, 99.9 id,  0.0 wa,  0.0 hi,  0.0 si,  0.0 st
%Cpu(s):  0.4 us,  0.2 sy,  0.0 ni, 99.4 id,  0.0 wa,  0.0 hi,  0.0 si,  0.0 st
%Cpu(s):  5.4 us,  1.5 sy,  0.0 ni, 93.0 id,  0.0 wa,  0.0 hi,  0.0 si,  0.1 st
%Cpu(s): 56.5 us,  3.4 sy,  0.0 ni, 39.8 id,  0.0 wa,  0.0 hi,  0.1 si,  0.1 st
%Cpu(s): 58.3 us,  1.9 sy,  0.0 ni, 39.6 id,  0.0 wa,  0.0 hi,  0.0 si,  0.1 st
%Cpu(s): 80.7 us,  1.9 sy,  0.0 ni, 17.0 id,  0.0 wa,  0.0 hi,  0.3 si,  0.1 st
%Cpu(s): 29.9 us,  1.1 sy,  0.0 ni, 68.8 id,  0.0 wa,  0.0 hi,  0.0 si,  0.1 st
%Cpu(s):  7.1 us,  1.5 sy,  0.0 ni, 91.1 id,  0.0 wa,  0.0 hi,  0.2 si,  0.1 st
%Cpu(s):  2.3 us,  2.2 sy,  0.0 ni, 95.3 id,  0.0 wa,  0.0 hi,  0.0 si,  0.1 st
%Cpu(s):  2.2 us,  1.2 sy,  0.0 ni, 96.5 id,  0.0 wa,  0.0 hi,  0.0 si,  0.0 st
%Cpu(s):  2.0 us,  1.4 sy,  0.0 ni, 96.4 id,  0.0 wa,  0.0 hi,  0.0 si,  0.2 st
%Cpu(s):  2.5 us,  1.2 sy,  0.0 ni, 96.0 id,  0.0 wa,  0.0 hi,  0.0 si,  0.2 st
%Cpu(s):  2.0 us,  1.1 sy,  0.0 ni, 96.6 id,  0.0 wa,  0.0 hi,  0.0 si,  0.2 st
%Cpu(s):  1.4 us,  1.1 sy,  0.0 ni, 97.4 id,  0.0 wa,  0.0 hi,  0.0 si,  0.1 st
%Cpu(s):  1.9 us,  2.1 sy,  0.0 ni, 95.9 id,  0.0 wa,  0.0 hi,  0.0 si,  0.1 st
%Cpu(s):  1.9 us,  1.4 sy,  0.0 ni, 96.5 id,  0.0 wa,  0.0 hi,  0.0 si,  0.2 st
%Cpu(s):  8.1 us,  1.4 sy,  0.0 ni, 90.4 id,  0.0 wa,  0.0 hi,  0.0 si,  0.1 st
%Cpu(s): 42.2 us,  3.3 sy,  0.0 ni, 53.8 id,  0.0 wa,  0.0 hi,  0.5 si,  0.1 st
%Cpu(s): 66.1 us,  3.4 sy,  0.0 ni, 29.7 id,  0.0 wa,  0.0 hi,  0.8 si,  0.0 st
%Cpu(s): 45.7 us,  2.9 sy,  0.0 ni, 50.7 id,  0.0 wa,  0.0 hi,  0.7 si,  0.0 st
%Cpu(s): 30.2 us,  3.8 sy,  0.0 ni, 64.8 id,  0.0 wa,  0.0 hi,  0.9 si,  0.3 st
%Cpu(s): 17.9 us,  3.1 sy,  0.0 ni, 78.3 id,  0.0 wa,  0.0 hi,  0.6 si,  0.0 st
%Cpu(s): 12.5 us,  2.5 sy,  0.0 ni, 84.2 id,  0.0 wa,  0.0 hi,  0.8 si,  0.0 st
%Cpu(s): 15.3 us,  3.0 sy,  0.0 ni, 81.1 id,  0.1 wa,  0.0 hi,  0.4 si,  0.0 st
%Cpu(s): 25.8 us,  3.0 sy,  0.0 ni, 70.5 id,  0.0 wa,  0.0 hi,  0.8 si,  0.0 st
%Cpu(s):  7.3 us,  3.5 sy,  0.0 ni, 88.8 id,  0.0 wa,  0.0 hi,  0.4 si,  0.0 st
%Cpu(s): 15.9 us,  3.2 sy,  0.0 ni, 80.1 id,  0.0 wa,  0.0 hi,  0.5 si,  0.2 st
%Cpu(s):  7.0 us,  2.6 sy,  0.0 ni, 89.8 id,  0.0 wa,  0.0 hi,  0.5 si,  0.0 st
%Cpu(s):  6.3 us,  3.4 sy,  0.0 ni, 89.7 id,  0.0 wa,  0.0 hi,  0.5 si,  0.0 st
%Cpu(s):  7.0 us,  4.4 sy,  0.0 ni, 88.2 id,  0.0 wa,  0.0 hi,  0.4 si,  0.0 st
%Cpu(s):  6.8 us,  3.3 sy,  0.0 ni, 89.2 id,  0.0 wa,  0.0 hi,  0.6 si,  0.1 st
%Cpu(s):  6.1 us,  3.3 sy,  0.0 ni, 90.3 id,  0.0 wa,  0.0 hi,  0.4 si,  0.0 st
%Cpu(s):  7.0 us,  3.6 sy,  0.0 ni, 89.0 id,  0.0 wa,  0.0 hi,  0.3 si,  0.1 st
%Cpu(s):  6.8 us,  3.3 sy,  0.0 ni, 89.2 id,  0.0 wa,  0.0 hi,  0.6 si,  0.1 st
%Cpu(s):  5.8 us,  3.9 sy,  0.0 ni, 89.7 id,  0.0 wa,  0.0 hi,  0.6 si,  0.0 st
%Cpu(s):  7.4 us,  3.0 sy,  0.0 ni, 88.7 id,  0.0 wa,  0.0 hi,  0.8 si,  0.1 st
%Cpu(s):  8.2 us,  2.6 sy,  0.0 ni, 88.7 id,  0.0 wa,  0.0 hi,  0.5 si,  0.0 st
%Cpu(s):  4.3 us,  3.3 sy,  0.0 ni, 92.1 id,  0.0 wa,  0.0 hi,  0.4 si,  0.0 st
%Cpu(s):  6.2 us,  2.8 sy,  0.0 ni, 90.4 id,  0.1 wa,  0.0 hi,  0.4 si,  0.1 st
%Cpu(s):  4.9 us,  3.4 sy,  0.0 ni, 91.3 id,  0.0 wa,  0.0 hi,  0.4 si,  0.0 st
%Cpu(s):  4.8 us,  2.7 sy,  0.0 ni, 92.2 id,  0.0 wa,  0.0 hi,  0.3 si,  0.0 st
%Cpu(s):  6.2 us,  3.1 sy,  0.0 ni, 89.8 id,  0.0 wa,  0.0 hi,  0.8 si,  0.1 st
%Cpu(s):  5.2 us,  2.7 sy,  0.0 ni, 91.7 id,  0.0 wa,  0.0 hi,  0.5 si,  0.0 st
%Cpu(s):  4.2 us,  3.1 sy,  0.0 ni, 92.0 id,  0.0 wa,  0.0 hi,  0.5 si,  0.1 st
%Cpu(s):  5.9 us,  2.7 sy,  0.0 ni, 90.9 id,  0.0 wa,  0.0 hi,  0.4 si,  0.1 st
%Cpu(s):  4.9 us,  4.0 sy,  0.0 ni, 90.5 id,  0.0 wa,  0.0 hi,  0.6 si,  0.0 st
%Cpu(s):  4.8 us,  2.3 sy,  0.0 ni, 92.4 id,  0.0 wa,  0.0 hi,  0.5 si,  0.0 st
%Cpu(s):  5.6 us,  2.5 sy,  0.0 ni, 91.1 id,  0.0 wa,  0.0 hi,  0.6 si,  0.1 st
%Cpu(s):  5.8 us,  3.0 sy,  0.0 ni, 89.4 id,  1.4 wa,  0.0 hi,  0.4 si,  0.0 st
%Cpu(s):  6.8 us,  2.7 sy,  0.0 ni, 90.0 id,  0.0 wa,  0.0 hi,  0.4 si,  0.1 st
%Cpu(s):  5.9 us,  3.4 sy,  0.0 ni, 90.4 id,  0.0 wa,  0.0 hi,  0.4 si,  0.0 st
%Cpu(s):  4.3 us,  3.3 sy,  0.0 ni, 92.1 id,  0.0 wa,  0.0 hi,  0.4 si,  0.0 st
%Cpu(s): 14.2 us,  4.0 sy,  0.0 ni, 81.0 id,  0.0 wa,  0.0 hi,  0.9 si,  0.0 st
%Cpu(s): 16.1 us,  3.0 sy,  0.0 ni, 79.3 id,  0.0 wa,  0.0 hi,  1.3 si,  0.3 st
%Cpu(s): 18.5 us,  3.5 sy,  0.0 ni, 77.3 id,  0.0 wa,  0.0 hi,  0.7 si,  0.0 st
%Cpu(s): 13.5 us,  2.3 sy,  0.0 ni, 83.4 id,  0.0 wa,  0.0 hi,  0.8 si,  0.0 st
%Cpu(s):  6.6 us,  2.3 sy,  0.0 ni, 90.8 id,  0.0 wa,  0.0 hi,  0.4 si,  0.0 st
%Cpu(s):  8.7 us,  3.0 sy,  0.0 ni, 87.8 id,  0.0 wa,  0.0 hi,  0.4 si,  0.1 st
%Cpu(s):  6.0 us,  2.8 sy,  0.0 ni, 90.8 id,  0.0 wa,  0.0 hi,  0.1 si,  0.3 st
%Cpu(s):  8.3 us,  2.0 sy,  0.0 ni, 89.6 id,  0.0 wa,  0.0 hi,  0.1 si,  0.0 st
