%Cpu(s):  1.5 us,  0.6 sy,  0.0 ni, 97.8 id,  0.0 wa,  0.0 hi,  0.1 si,  0.1 st
%Cpu(s): 16.1 us,  0.9 sy,  0.0 ni, 83.0 id,  0.0 wa,  0.0 hi,  0.0 si,  0.0 st
%Cpu(s):  0.5 us,  0.2 sy,  0.0 ni, 99.1 id,  0.0 wa,  0.0 hi,  0.0 si,  0.1 st
%Cpu(s):  0.1 us,  0.1 sy,  0.0 ni, 99.8 id,  0.0 wa,  0.0 hi,  0.0 si,  0.0 st
%Cpu(s): 47.4 us,  3.3 sy,  0.0 ni, 49.3 id,  0.0 wa,  0.0 hi,  0.0 si,  0.0 st
%Cpu(s): 65.5 us,  2.4 sy,  0.0 ni, 31.9 id,  0.0 wa,  0.0 hi,  0.1 si,  0.1 st
%Cpu(s): 88.2 us,  1.6 sy,  0.0 ni, 10.2 id,  0.0 wa,  0.0 hi,  0.0 si,  0.0 st
%Cpu(s): 89.9 us,  2.5 sy,  0.0 ni,  7.5 id,  0.0 wa,  0.0 hi,  0.1 si,  0.0 st
%Cpu(s): 29.3 us,  2.1 sy,  0.0 ni, 68.4 id,  0.1 wa,  0.0 hi,  0.0 si,  0.1 st
%Cpu(s):  6.5 us,  2.2 sy,  0.0 ni, 90.9 id,  0.0 wa,  0.0 hi,  0.1 si,  0.2 st
%Cpu(s):  2.9 us,  2.2 sy,  0.0 ni, 94.6 id,  0.0 wa,  0.0 hi,  0.1 si,  0.1 st
%Cpu(s):  4.2 us,  2.6 sy,  0.0 ni, 92.7 id,  0.0 wa,  0.0 hi,  0.2 si,  0.2 st
%Cpu(s):  3.4 us,  1.5 sy,  0.0 ni, 94.7 id,  0.0 wa,  0.0 hi,  0.0 si,  0.4 st
%Cpu(s):  4.5 us,  2.2 sy,  0.0 ni, 92.9 id,  0.0 wa,  0.0 hi,  0.2 si,  0.1 st
%Cpu(s):  3.0 us,  2.5 sy,  0.0 ni, 94.3 id,  0.1 wa,  0.0 hi,  0.0 si,  0.1 st
%Cpu(s):  2.0 us,  1.2 sy,  0.0 ni, 96.3 id,  0.0 wa,  0.0 hi,  0.2 si,  0.2 st
%Cpu(s):  1.9 us,  1.5 sy,  0.0 ni, 96.5 id,  0.0 wa,  0.0 hi,  0.0 si,  0.1 st
%Cpu(s):  2.4 us,  2.1 sy,  0.0 ni, 95.1 id,  0.0 wa,  0.0 hi,  0.0 si,  0.4 st
%Cpu(s): 13.8 us,  2.1 sy,  0.0 ni, 83.9 id,  0.0 wa,  0.0 hi,  0.1 si,  0.1 st
%Cpu(s): 39.8 us,  3.3 sy,  0.0 ni, 56.5 id,  0.0 wa,  0.0 hi,  0.4 si,  0.0 st
%Cpu(s): 61.3 us,  4.5 sy,  0.0 ni, 33.5 id,  0.0 wa,  0.0 hi,  0.8 si,  0.0 st
%Cpu(s): 73.7 us,  4.6 sy,  0.0 ni, 20.4 id,  0.0 wa,  0.0 hi,  1.2 si,  0.0 st
%Cpu(s): 52.7 us,  5.0 sy,  0.0 ni, 41.4 id,  0.0 wa,  0.0 hi,  0.9 si,  0.0 st
%Cpu(s): 33.5 us,  5.1 sy,  0.0 ni, 60.3 id,  0.0 wa,  0.0 hi,  1.0 si,  0.0 st
%Cpu(s):  9.4 us,  4.3 sy,  0.0 ni, 85.5 id,  0.0 wa,  0.0 hi,  0.6 si,  0.1 st
%Cpu(s): 13.8 us,  3.6 sy,  0.0 ni, 82.1 id,  0.0 wa,  0.0 hi,  0.4 si,  0.1 st
%Cpu(s): 10.2 us,  5.0 sy,  0.0 ni, 84.3 id,  0.0 wa,  0.0 hi,  0.5 si,  0.0 st
%Cpu(s):  9.6 us,  4.3 sy,  0.0 ni, 85.9 id,  0.0 wa,  0.0 hi,  0.3 si,  0.0 st
%Cpu(s):  8.9 us,  3.9 sy,  0.0 ni, 86.6 id,  0.0 wa,  0.0 hi,  0.4 si,  0.1 st
%Cpu(s):  7.3 us,  3.9 sy,  0.0 ni, 88.3 id,  0.0 wa,  0.0 hi,  0.5 si,  0.0 st
%Cpu(s):  6.7 us,  4.2 sy,  0.0 ni, 88.8 id,  0.0 wa,  0.0 hi,  0.4 si,  0.0 st
%Cpu(s):  4.3 us,  4.2 sy,  0.0 ni, 91.0 id,  0.0 wa,  0.0 hi,  0.5 si,  0.0 st
%Cpu(s):  7.5 us,  4.9 sy,  0.0 ni, 87.0 id,  0.0 wa,  0.0 hi,  0.6 si,  0.0 st
%Cpu(s):  7.0 us,  4.8 sy,  0.0 ni, 87.8 id,  0.0 wa,  0.0 hi,  0.3 si,  0.1 st
%Cpu(s):  6.3 us,  4.2 sy,  0.0 ni, 88.8 id,  0.1 wa,  0.0 hi,  0.4 si,  0.1 st
%Cpu(s):  6.2 us,  4.4 sy,  0.0 ni, 88.9 id,  0.0 wa,  0.0 hi,  0.5 si,  0.0 st
%Cpu(s):  6.5 us,  4.5 sy,  0.0 ni, 88.4 id,  0.0 wa,  0.0 hi,  0.5 si,  0.0 st
%Cpu(s):  7.2 us,  4.4 sy,  0.0 ni, 87.7 id,  0.0 wa,  0.0 hi,  0.5 si,  0.1 st
%Cpu(s):  7.3 us,  4.0 sy,  0.0 ni, 86.6 id,  1.5 wa,  0.0 hi,  0.6 si,  0.0 st
%Cpu(s):  6.4 us,  4.5 sy,  0.0 ni, 88.9 id,  0.0 wa,  0.0 hi,  0.3 si,  0.0 st
%Cpu(s):  4.3 us,  5.1 sy,  0.0 ni, 89.9 id,  0.0 wa,  0.0 hi,  0.8 si,  0.0 st
%Cpu(s):  6.3 us,  4.4 sy,  0.0 ni, 88.9 id,  0.0 wa,  0.0 hi,  0.4 si,  0.0 st
%Cpu(s): 14.1 us,  4.1 sy,  0.0 ni, 81.4 id,  0.0 wa,  0.0 hi,  0.2 si,  0.1 st
%Cpu(s):  4.9 us,  3.3 sy,  0.0 ni, 91.5 id,  0.0 wa,  0.0 hi,  0.3 si,  0.0 st
%Cpu(s):  8.8 us,  3.8 sy,  0.0 ni, 87.0 id,  0.0 wa,  0.0 hi,  0.4 si,  0.0 st
%Cpu(s): 15.3 us,  3.8 sy,  0.0 ni, 80.2 id,  0.0 wa,  0.0 hi,  0.6 si,  0.0 st
%Cpu(s):  5.8 us,  3.9 sy,  0.0 ni, 89.8 id,  0.0 wa,  0.0 hi,  0.5 si,  0.0 st
%Cpu(s):  5.9 us,  3.5 sy,  0.0 ni, 89.9 id,  0.0 wa,  0.0 hi,  0.5 si,  0.1 st
%Cpu(s):  7.4 us,  3.4 sy,  0.0 ni, 88.9 id,  0.0 wa,  0.0 hi,  0.3 si,  0.0 st
%Cpu(s): 26.4 us,  3.2 sy,  0.0 ni, 69.9 id,  0.0 wa,  0.0 hi,  0.4 si,  0.1 st
%Cpu(s): 14.9 us,  3.7 sy,  0.0 ni, 81.1 id,  0.0 wa,  0.0 hi,  0.3 si,  0.0 st
%Cpu(s):  9.2 us,  3.7 sy,  0.0 ni, 86.7 id,  0.0 wa,  0.0 hi,  0.3 si,  0.1 st
%Cpu(s):  5.4 us,  3.6 sy,  0.0 ni, 90.7 id,  0.0 wa,  0.0 hi,  0.3 si,  0.0 st
%Cpu(s):  6.8 us,  5.0 sy,  0.0 ni, 87.6 id,  0.0 wa,  0.0 hi,  0.6 si,  0.0 st
%Cpu(s):  5.8 us,  4.1 sy,  0.0 ni, 89.3 id,  0.1 wa,  0.0 hi,  0.6 si,  0.0 st
%Cpu(s):  4.9 us,  4.0 sy,  0.0 ni, 90.6 id,  0.0 wa,  0.0 hi,  0.3 si,  0.1 st
%Cpu(s):  6.2 us,  4.6 sy,  0.0 ni, 88.9 id,  0.0 wa,  0.0 hi,  0.2 si,  0.0 st
%Cpu(s):  5.1 us,  4.4 sy,  0.0 ni, 90.0 id,  0.0 wa,  0.0 hi,  0.4 si,  0.1 st
%Cpu(s):  4.4 us,  4.5 sy,  0.0 ni, 90.3 id,  0.5 wa,  0.0 hi,  0.4 si,  0.0 st
%Cpu(s):  2.5 us,  1.0 sy,  0.0 ni, 96.4 id,  0.0 wa,  0.0 hi,  0.0 si,  0.1 st
%Cpu(s):  1.4 us,  2.0 sy,  0.0 ni, 96.4 id,  0.0 wa,  0.0 hi,  0.0 si,  0.2 st
%Cpu(s):  1.6 us,  1.8 sy,  0.0 ni, 96.5 id,  0.0 wa,  0.0 hi,  0.0 si,  0.1 st
%Cpu(s):  2.5 us,  2.3 sy,  0.0 ni, 94.8 id,  0.0 wa,  0.0 hi,  0.1 si,  0.2 st
%Cpu(s):  1.5 us,  1.9 sy,  0.0 ni, 96.4 id,  0.0 wa,  0.0 hi,  0.1 si,  0.1 st
