%Cpu(s):  2.9 us,  1.8 sy,  0.0 ni, 95.0 id,  0.0 wa,  0.0 hi,  0.2 si,  0.0 st
%Cpu(s):  0.0 us,  0.1 sy,  0.0 ni, 99.9 id,  0.0 wa,  0.0 hi,  0.0 si,  0.0 st
%Cpu(s):  0.1 us,  0.0 sy,  0.0 ni, 99.9 id,  0.0 wa,  0.0 hi,  0.0 si,  0.0 st
%Cpu(s):  0.2 us,  0.1 sy,  0.0 ni, 99.6 id,  0.0 wa,  0.0 hi,  0.0 si,  0.0 st
%Cpu(s):  0.1 us,  0.1 sy,  0.0 ni, 99.8 id,  0.0 wa,  0.0 hi,  0.0 si,  0.0 st
%Cpu(s): 42.3 us,  3.6 sy,  0.0 ni, 53.5 id,  0.0 wa,  0.0 hi,  0.6 si,  0.0 st
%Cpu(s): 44.6 us,  4.5 sy,  0.0 ni, 50.1 id,  0.0 wa,  0.0 hi,  0.8 si,  0.0 st
%Cpu(s): 35.7 us,  3.6 sy,  0.0 ni, 60.1 id,  0.0 wa,  0.0 hi,  0.6 si,  0.0 st
%Cpu(s): 28.9 us,  5.8 sy,  0.0 ni, 64.4 id,  0.0 wa,  0.0 hi,  0.8 si,  0.1 st
%Cpu(s): 22.9 us,  7.5 sy,  0.0 ni, 67.9 id,  0.0 wa,  0.0 hi,  1.5 si,  0.1 st
%Cpu(s): 11.0 us,  7.8 sy,  0.0 ni, 80.3 id,  0.0 wa,  0.0 hi,  0.9 si,  0.0 st
%Cpu(s):  9.0 us,  7.6 sy,  0.0 ni, 82.6 id,  0.0 wa,  0.0 hi,  0.8 si,  0.0 st
%Cpu(s): 11.8 us,  7.1 sy,  0.0 ni, 79.5 id,  0.0 wa,  0.0 hi,  1.7 si,  0.0 st
%Cpu(s):  8.7 us,  6.3 sy,  0.0 ni, 83.2 id,  0.0 wa,  0.0 hi,  1.8 si,  0.0 st
%Cpu(s): 10.7 us,  7.9 sy,  0.0 ni, 79.6 id,  0.0 wa,  0.0 hi,  1.8 si,  0.0 st
%Cpu(s): 10.3 us,  7.7 sy,  0.0 ni, 81.0 id,  0.0 wa,  0.0 hi,  0.9 si,  0.1 st
%Cpu(s):  9.9 us,  7.1 sy,  0.0 ni, 82.8 id,  0.0 wa,  0.0 hi,  0.1 si,  0.0 st
%Cpu(s):  9.0 us,  7.6 sy,  0.0 ni, 82.7 id,  0.0 wa,  0.0 hi,  0.6 si,  0.0 st
%Cpu(s):  9.8 us,  8.8 sy,  0.0 ni, 81.1 id,  0.0 wa,  0.0 hi,  0.3 si,  0.0 st
%Cpu(s): 10.6 us,  7.6 sy,  0.0 ni, 79.9 id,  0.0 wa,  0.0 hi,  1.9 si,  0.0 st
%Cpu(s): 10.9 us,  8.4 sy,  0.0 ni, 79.4 id,  0.0 wa,  0.0 hi,  1.3 si,  0.0 st
%Cpu(s): 10.4 us,  8.7 sy,  0.0 ni, 79.1 id,  0.0 wa,  0.0 hi,  1.8 si,  0.0 st
%Cpu(s): 10.8 us,  9.1 sy,  0.0 ni, 78.7 id,  0.0 wa,  0.0 hi,  1.4 si,  0.0 st
%Cpu(s): 10.4 us,  8.9 sy,  0.0 ni, 78.1 id,  0.0 wa,  0.0 hi,  2.5 si,  0.0 st
%Cpu(s): 10.6 us,  8.2 sy,  0.0 ni, 79.8 id,  0.0 wa,  0.0 hi,  1.4 si,  0.0 st
%Cpu(s): 10.1 us,  8.8 sy,  0.0 ni, 79.1 id,  0.0 wa,  0.0 hi,  1.9 si,  0.0 st
%Cpu(s): 10.1 us,  9.0 sy,  0.0 ni, 78.9 id,  0.0 wa,  0.0 hi,  2.0 si,  0.0 st
%Cpu(s): 10.6 us,  8.2 sy,  0.0 ni, 79.2 id,  0.0 wa,  0.0 hi,  1.9 si,  0.0 st
%Cpu(s): 10.4 us,  7.1 sy,  0.0 ni, 80.4 id,  0.0 wa,  0.0 hi,  2.0 si,  0.0 st
%Cpu(s): 10.3 us,  8.5 sy,  0.0 ni, 79.4 id,  0.0 wa,  0.0 hi,  1.8 si,  0.0 st
%Cpu(s): 10.4 us,  7.2 sy,  0.0 ni, 80.4 id,  0.1 wa,  0.0 hi,  1.8 si,  0.0 st
%Cpu(s): 11.6 us,  9.1 sy,  0.0 ni, 77.7 id,  0.0 wa,  0.0 hi,  1.6 si,  0.0 st
%Cpu(s):  9.2 us,  9.1 sy,  0.0 ni, 80.3 id,  0.0 wa,  0.0 hi,  1.4 si,  0.0 st
%Cpu(s): 10.4 us,  7.7 sy,  0.0 ni, 81.7 id,  0.0 wa,  0.0 hi,  0.3 si,  0.0 st
%Cpu(s): 10.0 us,  8.0 sy,  0.0 ni, 81.6 id,  0.0 wa,  0.0 hi,  0.4 si,  0.0 st
%Cpu(s): 10.2 us,  8.3 sy,  0.0 ni, 81.2 id,  0.0 wa,  0.0 hi,  0.3 si,  0.0 st
%Cpu(s): 10.2 us,  7.8 sy,  0.0 ni, 81.7 id,  0.0 wa,  0.0 hi,  0.3 si,  0.0 st
%Cpu(s):  8.6 us,  8.6 sy,  0.0 ni, 82.5 id,  0.0 wa,  0.0 hi,  0.3 si,  0.0 st
%Cpu(s): 17.8 us,  8.0 sy,  0.0 ni, 73.8 id,  0.0 wa,  0.0 hi,  0.4 si,  0.0 st
%Cpu(s): 15.9 us,  7.6 sy,  0.0 ni, 75.3 id,  0.8 wa,  0.0 hi,  0.4 si,  0.0 st
%Cpu(s): 10.8 us,  8.1 sy,  0.0 ni, 80.3 id,  0.0 wa,  0.0 hi,  0.8 si,  0.0 st
%Cpu(s): 10.1 us,  8.3 sy,  0.0 ni, 79.6 id,  0.0 wa,  0.0 hi,  2.0 si,  0.0 st
%Cpu(s):  9.7 us,  8.8 sy,  0.0 ni, 80.2 id,  0.0 wa,  0.0 hi,  1.3 si,  0.0 st
%Cpu(s): 11.1 us,  7.6 sy,  0.0 ni, 79.1 id,  0.0 wa,  0.0 hi,  2.1 si,  0.0 st
%Cpu(s):  9.6 us,  8.8 sy,  0.0 ni, 79.6 id,  0.0 wa,  0.0 hi,  2.0 si,  0.0 st
%Cpu(s):  9.8 us,  7.4 sy,  0.0 ni, 80.6 id,  0.0 wa,  0.0 hi,  2.2 si,  0.0 st
%Cpu(s): 10.3 us,  9.1 sy,  0.0 ni, 79.1 id,  0.0 wa,  0.0 hi,  1.5 si,  0.0 st
%Cpu(s): 10.0 us,  7.2 sy,  0.0 ni, 80.6 id,  0.0 wa,  0.0 hi,  2.2 si,  0.0 st
%Cpu(s): 11.0 us,  7.9 sy,  0.0 ni, 79.5 id,  0.0 wa,  0.0 hi,  1.7 si,  0.0 st
%Cpu(s): 11.6 us,  7.8 sy,  0.0 ni, 78.1 id,  0.0 wa,  0.0 hi,  2.5 si,  0.0 st
%Cpu(s): 10.5 us,  9.0 sy,  0.0 ni, 78.8 id,  0.0 wa,  0.0 hi,  1.8 si,  0.0 st
%Cpu(s): 10.6 us,  8.2 sy,  0.0 ni, 79.2 id,  0.0 wa,  0.0 hi,  1.9 si,  0.0 st
%Cpu(s): 10.3 us,  9.4 sy,  0.0 ni, 78.3 id,  0.0 wa,  0.0 hi,  1.9 si,  0.0 st
%Cpu(s): 11.1 us,  7.8 sy,  0.0 ni, 79.6 id,  0.0 wa,  0.0 hi,  1.4 si,  0.0 st
%Cpu(s): 10.4 us,  7.3 sy,  0.0 ni, 80.7 id,  0.0 wa,  0.0 hi,  1.5 si,  0.0 st
%Cpu(s):  9.1 us,  7.7 sy,  0.0 ni, 81.1 id,  0.0 wa,  0.0 hi,  2.2 si,  0.0 st
%Cpu(s):  8.8 us,  7.8 sy,  0.0 ni, 81.5 id,  0.0 wa,  0.0 hi,  1.8 si,  0.0 st
%Cpu(s):  9.9 us,  7.9 sy,  0.0 ni, 80.0 id,  0.0 wa,  0.0 hi,  2.2 si,  0.0 st
%Cpu(s): 10.2 us,  8.1 sy,  0.0 ni, 79.7 id,  0.0 wa,  0.0 hi,  2.1 si,  0.0 st
%Cpu(s): 10.9 us,  8.0 sy,  0.0 ni, 79.3 id,  0.0 wa,  0.0 hi,  1.8 si,  0.0 st
%Cpu(s): 10.8 us,  8.0 sy,  0.0 ni, 80.6 id,  0.1 wa,  0.0 hi,  0.5 si,  0.0 st
%Cpu(s):  7.9 us,  5.8 sy,  0.0 ni, 86.2 id,  0.0 wa,  0.0 hi,  0.1 si,  0.0 st
%Cpu(s):  6.4 us,  5.8 sy,  0.0 ni, 87.8 id,  0.0 wa,  0.0 hi,  0.0 si,  0.0 st
%Cpu(s):  6.6 us,  5.5 sy,  0.0 ni, 87.8 id,  0.0 wa,  0.0 hi,  0.1 si,  0.0 st
%Cpu(s):  6.7 us,  6.8 sy,  0.0 ni, 86.3 id,  0.0 wa,  0.0 hi,  0.3 si,  0.0 st
%Cpu(s):  5.9 us,  5.0 sy,  0.0 ni, 88.3 id,  0.0 wa,  0.0 hi,  0.8 si,  0.0 st
%Cpu(s):  6.2 us,  5.6 sy,  0.0 ni, 86.7 id,  0.0 wa,  0.0 hi,  1.5 si,  0.0 st
%Cpu(s):  6.3 us,  6.1 sy,  0.0 ni, 86.5 id,  0.0 wa,  0.0 hi,  1.1 si,  0.0 st
%Cpu(s):  6.1 us,  5.4 sy,  0.0 ni, 87.6 id,  0.0 wa,  0.0 hi,  0.9 si,  0.0 st
%Cpu(s):  5.2 us,  4.2 sy,  0.0 ni, 90.3 id,  0.0 wa,  0.0 hi,  0.3 si,  0.0 st
%Cpu(s):  4.9 us,  5.1 sy,  0.0 ni, 89.9 id,  0.0 wa,  0.0 hi,  0.1 si,  0.0 st
%Cpu(s):  4.7 us,  5.3 sy,  0.0 ni, 89.2 id,  0.0 wa,  0.0 hi,  0.9 si,  0.0 st
%Cpu(s):  5.0 us,  3.4 sy,  0.0 ni, 90.3 id,  0.0 wa,  0.0 hi,  1.3 si,  0.0 st
%Cpu(s):  3.8 us,  4.3 sy,  0.0 ni, 91.7 id,  0.0 wa,  0.0 hi,  0.3 si,  0.0 st
%Cpu(s):  3.2 us,  2.5 sy,  0.0 ni, 93.4 id,  0.0 wa,  0.0 hi,  0.7 si,  0.1 st
%Cpu(s):  2.4 us,  2.5 sy,  0.0 ni, 94.5 id,  0.0 wa,  0.0 hi,  0.6 si,  0.0 st
%Cpu(s):  1.0 us,  0.9 sy,  0.0 ni, 98.1 id,  0.0 wa,  0.0 hi,  0.0 si,  0.0 st
%Cpu(s):  0.9 us,  0.8 sy,  0.0 ni, 98.4 id,  0.0 wa,  0.0 hi,  0.0 si,  0.0 st
%Cpu(s):  1.5 us,  1.1 sy,  0.0 ni, 97.3 id,  0.0 wa,  0.0 hi,  0.0 si,  0.1 st
%Cpu(s):  0.2 us,  0.0 sy,  0.0 ni, 99.8 id,  0.0 wa,  0.0 hi,  0.0 si,  0.0 st
%Cpu(s):  0.0 us,  0.2 sy,  0.0 ni, 99.8 id,  0.0 wa,  0.0 hi,  0.0 si,  0.0 st
%Cpu(s):  0.0 us,  0.2 sy,  0.0 ni, 99.8 id,  0.0 wa,  0.0 hi,  0.0 si,  0.0 st
%Cpu(s):  0.2 us,  0.5 sy,  0.0 ni, 99.1 id,  0.0 wa,  0.0 hi,  0.1 si,  0.0 st
