%Cpu(s):  2.0 us,  0.9 sy,  0.0 ni, 97.0 id,  0.0 wa,  0.0 hi,  0.1 si,  0.0 st
%Cpu(s):  0.1 us,  0.1 sy,  0.0 ni, 99.8 id,  0.0 wa,  0.0 hi,  0.0 si,  0.0 st
%Cpu(s):  0.6 us,  0.1 sy,  0.0 ni, 99.3 id,  0.0 wa,  0.0 hi,  0.0 si,  0.0 st
%Cpu(s):  0.2 us,  0.0 sy,  0.0 ni, 99.8 id,  0.0 wa,  0.0 hi,  0.0 si,  0.0 st
%Cpu(s): 12.5 us,  0.7 sy,  0.0 ni, 86.3 id,  0.2 wa,  0.0 hi,  0.1 si,  0.1 st
%Cpu(s): 41.8 us,  3.3 sy,  0.0 ni, 53.9 id,  0.0 wa,  0.0 hi,  1.0 si,  0.0 st
%Cpu(s): 40.7 us,  3.5 sy,  0.0 ni, 55.5 id,  0.0 wa,  0.0 hi,  0.3 si,  0.0 st
%Cpu(s): 21.1 us,  3.8 sy,  0.0 ni, 74.5 id,  0.0 wa,  0.0 hi,  0.5 si,  0.1 st
%Cpu(s): 15.7 us,  3.8 sy,  0.0 ni, 79.9 id,  0.0 wa,  0.0 hi,  0.5 si,  0.1 st
%Cpu(s): 11.7 us,  5.0 sy,  0.0 ni, 82.9 id,  0.0 wa,  0.0 hi,  0.5 si,  0.0 st
%Cpu(s):  8.4 us,  5.0 sy,  0.0 ni, 86.0 id,  0.0 wa,  0.0 hi,  0.6 si,  0.0 st
%Cpu(s):  7.7 us,  5.7 sy,  0.0 ni, 86.1 id,  0.0 wa,  0.0 hi,  0.5 si,  0.0 st
%Cpu(s):  9.8 us,  6.3 sy,  0.0 ni, 83.0 id,  0.0 wa,  0.0 hi,  0.9 si,  0.0 st
%Cpu(s):  7.8 us,  4.6 sy,  0.0 ni, 86.7 id,  0.1 wa,  0.0 hi,  0.7 si,  0.0 st
%Cpu(s):  7.2 us,  4.0 sy,  0.0 ni, 88.4 id,  0.0 wa,  0.0 hi,  0.5 si,  0.0 st
%Cpu(s):  7.0 us,  3.1 sy,  0.0 ni, 89.2 id,  0.0 wa,  0.0 hi,  0.7 si,  0.0 st
%Cpu(s):  5.6 us,  4.3 sy,  0.0 ni, 89.5 id,  0.0 wa,  0.0 hi,  0.5 si,  0.1 st
%Cpu(s):  9.3 us,  4.5 sy,  0.0 ni, 85.7 id,  0.0 wa,  0.0 hi,  0.5 si,  0.0 st
%Cpu(s): 10.7 us,  4.6 sy,  0.0 ni, 83.7 id,  0.0 wa,  0.0 hi,  1.0 si,  0.0 st
%Cpu(s): 13.2 us,  4.8 sy,  0.0 ni, 81.2 id,  0.0 wa,  0.0 hi,  0.8 si,  0.1 st
%Cpu(s): 23.4 us,  5.6 sy,  0.0 ni, 69.2 id,  0.0 wa,  0.0 hi,  1.8 si,  0.0 st
%Cpu(s): 11.5 us,  7.0 sy,  0.0 ni, 80.8 id,  0.0 wa,  0.0 hi,  0.7 si,  0.0 st
%Cpu(s): 10.9 us,  7.2 sy,  0.0 ni, 81.3 id,  0.0 wa,  0.0 hi,  0.5 si,  0.0 st
%Cpu(s): 11.3 us,  6.3 sy,  0.0 ni, 80.6 id,  0.0 wa,  0.0 hi,  1.9 si,  0.0 st
%Cpu(s): 10.2 us,  6.5 sy,  0.0 ni, 81.8 id,  0.0 wa,  0.0 hi,  1.5 si,  0.0 st
%Cpu(s):  9.1 us,  7.5 sy,  0.0 ni, 81.5 id,  0.0 wa,  0.0 hi,  1.9 si,  0.0 st
%Cpu(s):  9.9 us,  8.0 sy,  0.0 ni, 80.3 id,  0.0 wa,  0.0 hi,  1.8 si,  0.0 st
%Cpu(s):  8.5 us,  8.4 sy,  0.0 ni, 81.6 id,  0.0 wa,  0.0 hi,  1.4 si,  0.0 st
%Cpu(s): 11.3 us,  8.3 sy,  0.0 ni, 78.6 id,  0.1 wa,  0.0 hi,  1.8 si,  0.0 st
%Cpu(s): 10.5 us,  7.8 sy,  0.0 ni, 79.7 id,  0.0 wa,  0.0 hi,  1.9 si,  0.0 st
%Cpu(s):  8.5 us,  8.3 sy,  0.0 ni, 81.6 id,  0.0 wa,  0.0 hi,  1.6 si,  0.0 st
%Cpu(s): 11.7 us,  7.3 sy,  0.0 ni, 79.3 id,  0.0 wa,  0.0 hi,  1.8 si,  0.0 st
%Cpu(s): 10.7 us,  6.6 sy,  0.0 ni, 80.7 id,  0.0 wa,  0.0 hi,  2.1 si,  0.0 st
%Cpu(s): 11.0 us,  7.9 sy,  0.0 ni, 79.4 id,  0.1 wa,  0.0 hi,  1.5 si,  0.0 st
%Cpu(s): 12.0 us,  8.2 sy,  0.0 ni, 78.6 id,  0.0 wa,  0.0 hi,  1.2 si,  0.0 st
%Cpu(s): 11.0 us,  7.1 sy,  0.0 ni, 78.6 id,  1.4 wa,  0.0 hi,  1.9 si,  0.0 st
%Cpu(s): 12.8 us,  7.5 sy,  0.0 ni, 77.9 id,  0.0 wa,  0.0 hi,  1.7 si,  0.0 st
%Cpu(s): 11.3 us,  8.9 sy,  0.0 ni, 78.2 id,  0.0 wa,  0.0 hi,  1.6 si,  0.0 st
%Cpu(s): 11.4 us,  8.9 sy,  0.0 ni, 77.9 id,  0.0 wa,  0.0 hi,  1.8 si,  0.0 st
%Cpu(s): 10.7 us,  7.8 sy,  0.0 ni, 80.0 id,  0.0 wa,  0.0 hi,  1.5 si,  0.0 st
%Cpu(s): 11.2 us,  8.5 sy,  0.0 ni, 78.2 id,  0.0 wa,  0.0 hi,  2.1 si,  0.0 st
%Cpu(s): 11.6 us,  8.3 sy,  0.0 ni, 78.9 id,  0.0 wa,  0.0 hi,  1.1 si,  0.0 st
%Cpu(s): 10.9 us,  8.0 sy,  0.0 ni, 80.8 id,  0.0 wa,  0.0 hi,  0.3 si,  0.0 st
%Cpu(s): 11.6 us,  7.8 sy,  0.0 ni, 80.1 id,  0.3 wa,  0.0 hi,  0.3 si,  0.0 st
%Cpu(s): 11.1 us,  7.4 sy,  0.0 ni, 81.4 id,  0.0 wa,  0.0 hi,  0.1 si,  0.0 st
%Cpu(s): 12.2 us,  6.9 sy,  0.0 ni, 78.8 id,  0.0 wa,  0.0 hi,  2.0 si,  0.0 st
%Cpu(s): 11.2 us,  8.1 sy,  0.0 ni, 78.8 id,  0.0 wa,  0.0 hi,  1.9 si,  0.0 st
%Cpu(s): 16.2 us,  7.9 sy,  0.0 ni, 73.7 id,  0.0 wa,  0.0 hi,  2.2 si,  0.0 st
%Cpu(s): 13.4 us,  7.3 sy,  0.0 ni, 78.5 id,  0.1 wa,  0.0 hi,  0.6 si,  0.0 st
%Cpu(s): 12.5 us,  7.2 sy,  0.0 ni, 78.9 id,  0.0 wa,  0.0 hi,  1.4 si,  0.0 st
%Cpu(s): 15.9 us,  6.5 sy,  0.0 ni, 77.4 id,  0.0 wa,  0.0 hi,  0.1 si,  0.0 st
%Cpu(s): 10.4 us,  6.7 sy,  0.0 ni, 81.3 id,  0.0 wa,  0.0 hi,  1.7 si,  0.0 st
%Cpu(s): 11.8 us,  7.5 sy,  0.0 ni, 79.3 id,  0.0 wa,  0.0 hi,  1.4 si,  0.0 st
%Cpu(s): 10.5 us,  7.1 sy,  0.0 ni, 80.7 id,  0.0 wa,  0.0 hi,  1.6 si,  0.0 st
%Cpu(s): 11.7 us,  7.8 sy,  0.0 ni, 79.2 id,  0.0 wa,  0.0 hi,  1.4 si,  0.0 st
%Cpu(s): 11.2 us,  7.5 sy,  0.0 ni, 79.5 id,  0.0 wa,  0.0 hi,  1.8 si,  0.0 st
%Cpu(s): 11.4 us,  7.8 sy,  0.0 ni, 79.7 id,  0.0 wa,  0.0 hi,  1.1 si,  0.0 st
%Cpu(s): 11.3 us,  7.7 sy,  0.0 ni, 79.3 id,  0.0 wa,  0.0 hi,  1.6 si,  0.0 st
%Cpu(s): 11.8 us,  7.6 sy,  0.0 ni, 78.8 id,  0.1 wa,  0.0 hi,  1.8 si,  0.0 st
%Cpu(s): 10.4 us,  7.8 sy,  0.0 ni, 79.8 id,  0.0 wa,  0.0 hi,  1.8 si,  0.1 st
%Cpu(s): 14.0 us,  7.7 sy,  0.0 ni, 76.7 id,  0.0 wa,  0.0 hi,  1.6 si,  0.0 st
%Cpu(s):  8.3 us,  5.4 sy,  0.0 ni, 84.9 id,  0.0 wa,  0.0 hi,  1.4 si,  0.0 st
%Cpu(s):  6.9 us,  5.9 sy,  0.0 ni, 86.0 id,  0.0 wa,  0.0 hi,  1.2 si,  0.0 st
%Cpu(s):  7.4 us,  5.4 sy,  0.0 ni, 85.6 id,  0.0 wa,  0.0 hi,  1.6 si,  0.0 st
%Cpu(s):  6.5 us,  5.5 sy,  0.0 ni, 86.2 id,  0.0 wa,  0.0 hi,  1.6 si,  0.1 st
%Cpu(s):  6.4 us,  5.6 sy,  0.0 ni, 85.9 id,  0.6 wa,  0.0 hi,  1.4 si,  0.0 st
%Cpu(s):  6.0 us,  6.4 sy,  0.0 ni, 85.9 id,  0.0 wa,  0.0 hi,  1.6 si,  0.0 st
%Cpu(s):  6.2 us,  5.3 sy,  0.0 ni, 87.2 id,  0.0 wa,  0.0 hi,  1.3 si,  0.0 st
%Cpu(s):  4.9 us,  4.3 sy,  0.0 ni, 89.6 id,  0.0 wa,  0.0 hi,  1.3 si,  0.0 st
%Cpu(s):  5.0 us,  4.7 sy,  0.0 ni, 89.4 id,  0.0 wa,  0.0 hi,  0.9 si,  0.0 st
%Cpu(s):  5.1 us,  4.5 sy,  0.0 ni, 89.1 id,  0.0 wa,  0.0 hi,  1.3 si,  0.0 st
%Cpu(s):  3.8 us,  2.6 sy,  0.0 ni, 92.7 id,  0.0 wa,  0.0 hi,  0.9 si,  0.0 st
%Cpu(s):  5.5 us,  2.1 sy,  0.0 ni, 91.8 id,  0.0 wa,  0.0 hi,  0.4 si,  0.1 st
%Cpu(s):  3.1 us,  1.8 sy,  0.0 ni, 95.1 id,  0.0 wa,  0.0 hi,  0.0 si,  0.0 st
%Cpu(s):  2.2 us,  1.8 sy,  0.0 ni, 95.9 id,  0.0 wa,  0.0 hi,  0.0 si,  0.1 st
%Cpu(s):  2.8 us,  2.0 sy,  0.0 ni, 95.2 id,  0.0 wa,  0.0 hi,  0.0 si,  0.0 st
%Cpu(s):  2.9 us,  2.4 sy,  0.0 ni, 94.7 id,  0.0 wa,  0.0 hi,  0.0 si,  0.0 st
%Cpu(s):  1.0 us,  0.6 sy,  0.0 ni, 98.4 id,  0.0 wa,  0.0 hi,  0.0 si,  0.0 st
%Cpu(s):  0.1 us,  0.1 sy,  0.0 ni, 99.6 id,  0.1 wa,  0.0 hi,  0.0 si,  0.0 st
%Cpu(s):  0.0 us,  0.1 sy,  0.0 ni, 99.9 id,  0.0 wa,  0.0 hi,  0.0 si,  0.0 st
%Cpu(s):  0.1 us,  0.1 sy,  0.0 ni, 99.8 id,  0.0 wa,  0.0 hi,  0.0 si,  0.0 st
%Cpu(s):  0.1 us,  0.1 sy,  0.0 ni, 99.8 id,  0.0 wa,  0.0 hi,  0.0 si,  0.0 st
%Cpu(s):  0.2 us,  0.2 sy,  0.0 ni, 99.5 id,  0.0 wa,  0.0 hi,  0.0 si,  0.0 st
