%Cpu(s):  4.8 us,  0.8 sy,  0.0 ni, 94.3 id,  0.0 wa,  0.0 hi,  0.1 si,  0.0 st
%Cpu(s):  3.2 us,  2.2 sy,  0.0 ni, 94.1 id,  0.0 wa,  0.0 hi,  0.0 si,  0.4 st
%Cpu(s):  3.2 us,  2.0 sy,  0.0 ni, 94.7 id,  0.0 wa,  0.0 hi,  0.0 si,  0.1 st
%Cpu(s):  3.6 us,  1.4 sy,  0.0 ni, 94.7 id,  0.0 wa,  0.0 hi,  0.0 si,  0.3 st
%Cpu(s):  3.3 us,  2.3 sy,  0.0 ni, 94.1 id,  0.0 wa,  0.0 hi,  0.0 si,  0.3 st
%Cpu(s):  5.2 us,  2.4 sy,  0.0 ni, 92.1 id,  0.0 wa,  0.0 hi,  0.0 si,  0.3 st
%Cpu(s):  6.0 us,  2.3 sy,  0.0 ni, 91.3 id,  0.1 wa,  0.0 hi,  0.0 si,  0.3 st
%Cpu(s): 77.0 us,  5.5 sy,  0.0 ni, 16.5 id,  0.0 wa,  0.0 hi,  1.0 si,  0.0 st
%Cpu(s): 88.5 us,  6.4 sy,  0.0 ni,  3.9 id,  0.0 wa,  0.0 hi,  1.3 si,  0.0 st
%Cpu(s): 88.8 us,  6.6 sy,  0.0 ni,  2.9 id,  0.0 wa,  0.0 hi,  1.8 si,  0.0 st
%Cpu(s): 89.6 us,  7.2 sy,  0.0 ni,  1.5 id,  0.0 wa,  0.0 hi,  1.7 si,  0.0 st
%Cpu(s): 87.7 us,  6.5 sy,  0.0 ni,  4.0 id,  0.0 wa,  0.0 hi,  1.8 si,  0.0 st
%Cpu(s): 87.2 us,  6.8 sy,  0.0 ni,  4.5 id,  0.0 wa,  0.0 hi,  1.5 si,  0.0 st
%Cpu(s): 69.9 us,  6.3 sy,  0.0 ni, 22.6 id,  0.0 wa,  0.0 hi,  1.3 si,  0.0 st
%Cpu(s): 39.9 us,  6.3 sy,  0.0 ni, 52.7 id,  0.0 wa,  0.0 hi,  1.1 si,  0.0 st
%Cpu(s): 27.3 us,  6.4 sy,  0.0 ni, 65.5 id,  0.0 wa,  0.0 hi,  0.8 si,  0.0 st
%Cpu(s): 31.9 us,  6.1 sy,  0.0 ni, 61.5 id,  0.0 wa,  0.0 hi,  0.4 si,  0.1 st
%Cpu(s): 19.2 us,  7.0 sy,  0.0 ni, 73.1 id,  0.0 wa,  0.0 hi,  0.8 si,  0.0 st
%Cpu(s): 18.2 us,  6.4 sy,  0.0 ni, 74.5 id,  0.0 wa,  0.0 hi,  0.9 si,  0.0 st
%Cpu(s): 21.4 us,  5.0 sy,  0.0 ni, 73.1 id,  0.0 wa,  0.0 hi,  0.4 si,  0.1 st
%Cpu(s): 26.5 us,  6.6 sy,  0.0 ni, 66.4 id,  0.0 wa,  0.0 hi,  0.5 si,  0.0 st
%Cpu(s): 12.2 us,  7.2 sy,  0.0 ni, 79.9 id,  0.0 wa,  0.0 hi,  0.6 si,  0.0 st
%Cpu(s):  8.6 us,  5.5 sy,  0.0 ni, 85.6 id,  0.0 wa,  0.0 hi,  0.4 si,  0.0 st
%Cpu(s): 10.8 us,  5.5 sy,  0.0 ni, 83.2 id,  0.0 wa,  0.0 hi,  0.5 si,  0.0 st
%Cpu(s): 12.1 us,  6.5 sy,  0.0 ni, 80.7 id,  0.0 wa,  0.0 hi,  0.6 si,  0.0 st
%Cpu(s): 10.8 us,  6.2 sy,  0.0 ni, 82.3 id,  0.0 wa,  0.0 hi,  0.6 si,  0.1 st
%Cpu(s): 27.3 us,  6.8 sy,  0.0 ni, 65.2 id,  0.0 wa,  0.0 hi,  0.6 si,  0.0 st
%Cpu(s): 10.5 us,  5.9 sy,  0.0 ni, 83.0 id,  0.0 wa,  0.0 hi,  0.5 si,  0.1 st
%Cpu(s): 13.2 us,  5.8 sy,  0.0 ni, 80.6 id,  0.0 wa,  0.0 hi,  0.4 si,  0.0 st
%Cpu(s): 20.8 us,  5.5 sy,  0.0 ni, 73.2 id,  0.0 wa,  0.0 hi,  0.5 si,  0.0 st
%Cpu(s): 15.9 us,  5.8 sy,  0.0 ni, 77.8 id,  0.0 wa,  0.0 hi,  0.5 si,  0.0 st
%Cpu(s):  9.6 us,  6.9 sy,  0.0 ni, 82.9 id,  0.1 wa,  0.0 hi,  0.5 si,  0.0 st
%Cpu(s):  8.2 us,  6.2 sy,  0.0 ni, 85.1 id,  0.0 wa,  0.0 hi,  0.4 si,  0.1 st
%Cpu(s): 13.4 us,  6.1 sy,  0.0 ni, 80.1 id,  0.0 wa,  0.0 hi,  0.4 si,  0.0 st
%Cpu(s): 11.1 us,  6.9 sy,  0.0 ni, 81.7 id,  0.0 wa,  0.0 hi,  0.3 si,  0.0 st
%Cpu(s): 16.2 us,  6.3 sy,  0.0 ni, 77.1 id,  0.0 wa,  0.0 hi,  0.4 si,  0.0 st
%Cpu(s): 10.0 us,  6.0 sy,  0.0 ni, 83.4 id,  0.0 wa,  0.0 hi,  0.6 si,  0.0 st
%Cpu(s): 30.2 us,  5.3 sy,  0.0 ni, 63.4 id,  0.0 wa,  0.0 hi,  1.1 si,  0.0 st
%Cpu(s): 16.3 us,  6.4 sy,  0.0 ni, 76.9 id,  0.0 wa,  0.0 hi,  0.4 si,  0.0 st
%Cpu(s): 11.7 us,  6.0 sy,  0.0 ni, 81.4 id,  0.0 wa,  0.0 hi,  0.8 si,  0.1 st
%Cpu(s): 13.9 us,  6.0 sy,  0.0 ni, 79.4 id,  0.0 wa,  0.0 hi,  0.6 si,  0.0 st
%Cpu(s): 21.3 us,  6.4 sy,  0.0 ni, 71.1 id,  0.0 wa,  0.0 hi,  1.1 si,  0.1 st
%Cpu(s): 26.5 us,  5.1 sy,  0.0 ni, 67.4 id,  0.0 wa,  0.0 hi,  1.0 si,  0.0 st
%Cpu(s): 13.0 us,  6.2 sy,  0.0 ni, 80.3 id,  0.0 wa,  0.0 hi,  0.6 si,  0.0 st
%Cpu(s): 11.8 us,  6.2 sy,  0.0 ni, 81.5 id,  0.0 wa,  0.0 hi,  0.5 si,  0.0 st
%Cpu(s): 11.2 us,  7.6 sy,  0.0 ni, 80.7 id,  0.0 wa,  0.0 hi,  0.4 si,  0.1 st
%Cpu(s):  9.9 us,  5.8 sy,  0.0 ni, 83.9 id,  0.0 wa,  0.0 hi,  0.5 si,  0.0 st
%Cpu(s): 10.9 us,  7.0 sy,  0.0 ni, 81.9 id,  0.0 wa,  0.0 hi,  0.3 si,  0.0 st
%Cpu(s): 11.2 us,  6.4 sy,  0.0 ni, 82.3 id,  0.0 wa,  0.0 hi,  0.1 si,  0.0 st
%Cpu(s): 11.3 us,  6.9 sy,  0.0 ni, 81.4 id,  0.0 wa,  0.0 hi,  0.4 si,  0.0 st
%Cpu(s): 12.2 us,  7.2 sy,  0.0 ni, 80.3 id,  0.0 wa,  0.0 hi,  0.3 si,  0.0 st
%Cpu(s): 10.5 us,  5.9 sy,  0.0 ni, 83.2 id,  0.0 wa,  0.0 hi,  0.3 si,  0.1 st
%Cpu(s):  9.0 us,  7.1 sy,  0.0 ni, 83.5 id,  0.0 wa,  0.0 hi,  0.4 si,  0.0 st
%Cpu(s):  9.4 us,  6.5 sy,  0.0 ni, 83.7 id,  0.0 wa,  0.0 hi,  0.3 si,  0.1 st
%Cpu(s):  8.4 us,  5.8 sy,  0.0 ni, 85.3 id,  0.0 wa,  0.0 hi,  0.5 si,  0.0 st
%Cpu(s): 10.2 us,  6.9 sy,  0.0 ni, 82.8 id,  0.0 wa,  0.0 hi,  0.1 si,  0.0 st
%Cpu(s): 10.5 us,  7.2 sy,  0.0 ni, 81.4 id,  0.0 wa,  0.0 hi,  0.9 si,  0.0 st
%Cpu(s): 10.3 us,  6.7 sy,  0.0 ni, 82.5 id,  0.0 wa,  0.0 hi,  0.4 si,  0.0 st
%Cpu(s):  9.2 us,  6.8 sy,  0.0 ni, 83.6 id,  0.0 wa,  0.0 hi,  0.4 si,  0.0 st
%Cpu(s):  9.5 us,  8.5 sy,  0.0 ni, 80.7 id,  0.0 wa,  0.0 hi,  1.1 si,  0.1 st
%Cpu(s): 10.9 us,  5.9 sy,  0.0 ni, 82.4 id,  0.1 wa,  0.0 hi,  0.6 si,  0.0 st
%Cpu(s):  4.5 us,  2.6 sy,  0.0 ni, 92.2 id,  0.1 wa,  0.0 hi,  0.4 si,  0.1 st
%Cpu(s):  2.9 us,  1.9 sy,  0.0 ni, 95.0 id,  0.0 wa,  0.0 hi,  0.0 si,  0.2 st
%Cpu(s):  2.3 us,  1.9 sy,  0.0 ni, 95.6 id,  0.0 wa,  0.0 hi,  0.0 si,  0.3 st
%Cpu(s):  2.5 us,  2.0 sy,  0.0 ni, 95.2 id,  0.0 wa,  0.0 hi,  0.0 si,  0.3 st
%Cpu(s):  3.0 us,  2.4 sy,  0.0 ni, 94.5 id,  0.0 wa,  0.0 hi,  0.0 si,  0.1 st
%Cpu(s):  3.8 us,  2.2 sy,  0.0 ni, 94.0 id,  0.0 wa,  0.0 hi,  0.0 si,  0.0 st
%Cpu(s): 27.8 us,  1.9 sy,  0.0 ni, 70.2 id,  0.0 wa,  0.0 hi,  0.0 si,  0.1 st
%Cpu(s): 27.1 us,  0.9 sy,  0.0 ni, 71.9 id,  0.0 wa,  0.0 hi,  0.1 si,  0.0 st
%Cpu(s): 12.8 us,  1.5 sy,  0.0 ni, 85.6 id,  0.0 wa,  0.0 hi,  0.0 si,  0.1 st
%Cpu(s):  2.2 us,  1.8 sy,  0.0 ni, 95.8 id,  0.0 wa,  0.0 hi,  0.0 si,  0.3 st
%Cpu(s):  3.3 us,  2.0 sy,  0.0 ni, 94.4 id,  0.0 wa,  0.0 hi,  0.1 si,  0.1 st
%Cpu(s):  2.8 us,  1.1 sy,  0.0 ni, 95.7 id,  0.0 wa,  0.0 hi,  0.0 si,  0.4 st
%Cpu(s):  3.3 us,  1.9 sy,  0.0 ni, 94.5 id,  0.0 wa,  0.0 hi,  0.0 si,  0.3 st
%Cpu(s):  2.9 us,  1.8 sy,  0.0 ni, 95.2 id,  0.0 wa,  0.0 hi,  0.0 si,  0.1 st
%Cpu(s):  2.5 us,  2.8 sy,  0.0 ni, 94.4 id,  0.0 wa,  0.0 hi,  0.0 si,  0.3 st
%Cpu(s):  3.4 us,  3.0 sy,  0.0 ni, 93.4 id,  0.0 wa,  0.0 hi,  0.1 si,  0.0 st
%Cpu(s):  3.5 us,  2.9 sy,  0.0 ni, 93.1 id,  0.0 wa,  0.0 hi,  0.1 si,  0.4 st
