%Cpu(s):  1.1 us,  0.2 sy,  0.0 ni, 98.6 id,  0.0 wa,  0.0 hi,  0.0 si,  0.0 st
%Cpu(s): 20.7 us,  3.5 sy,  0.0 ni, 75.7 id,  0.0 wa,  0.0 hi,  0.0 si,  0.1 st
%Cpu(s): 85.0 us,  3.5 sy,  0.0 ni, 11.5 id,  0.0 wa,  0.0 hi,  0.0 si,  0.0 st
%Cpu(s): 75.1 us,  2.3 sy,  0.0 ni, 22.3 id,  0.0 wa,  0.0 hi,  0.1 si,  0.3 st
%Cpu(s): 95.1 us,  2.6 sy,  0.0 ni,  2.2 id,  0.0 wa,  0.0 hi,  0.0 si,  0.0 st
%Cpu(s): 95.9 us,  2.1 sy,  0.0 ni,  2.0 id,  0.0 wa,  0.0 hi,  0.0 si,  0.0 st
%Cpu(s): 87.9 us,  2.1 sy,  0.0 ni,  9.7 id,  0.0 wa,  0.0 hi,  0.2 si,  0.0 st
%Cpu(s): 12.6 us,  2.1 sy,  0.0 ni, 85.0 id,  0.1 wa,  0.0 hi,  0.0 si,  0.1 st
%Cpu(s):  9.3 us,  3.0 sy,  0.0 ni, 87.4 id,  0.0 wa,  0.0 hi,  0.0 si,  0.3 st
%Cpu(s):  4.1 us,  4.0 sy,  0.0 ni, 91.8 id,  0.0 wa,  0.0 hi,  0.0 si,  0.1 st
%Cpu(s): 11.4 us,  1.8 sy,  0.0 ni, 86.4 id,  0.0 wa,  0.0 hi,  0.1 si,  0.3 st
%Cpu(s): 10.8 us,  2.1 sy,  0.0 ni, 86.7 id,  0.0 wa,  0.0 hi,  0.0 si,  0.4 st
%Cpu(s): 14.4 us,  2.0 sy,  0.0 ni, 83.5 id,  0.0 wa,  0.0 hi,  0.1 si,  0.0 st
%Cpu(s): 10.3 us,  3.9 sy,  0.0 ni, 85.5 id,  0.0 wa,  0.0 hi,  0.3 si,  0.0 st
%Cpu(s):  6.6 us,  4.3 sy,  0.0 ni, 88.9 id,  0.0 wa,  0.0 hi,  0.1 si,  0.1 st
%Cpu(s):  4.6 us,  4.8 sy,  0.0 ni, 90.5 id,  0.0 wa,  0.0 hi,  0.1 si,  0.0 st
%Cpu(s):  6.6 us,  4.4 sy,  0.0 ni, 88.8 id,  0.0 wa,  0.0 hi,  0.1 si,  0.0 st
%Cpu(s): 73.7 us,  6.2 sy,  0.0 ni, 19.0 id,  0.0 wa,  0.0 hi,  1.1 si,  0.0 st
%Cpu(s): 88.3 us,  9.9 sy,  0.0 ni,  0.2 id,  0.0 wa,  0.0 hi,  1.6 si,  0.0 st
%Cpu(s): 87.6 us,  8.5 sy,  0.0 ni,  1.9 id,  0.0 wa,  0.0 hi,  2.0 si,  0.0 st
%Cpu(s): 87.1 us,  9.9 sy,  0.0 ni,  0.6 id,  0.0 wa,  0.0 hi,  2.4 si,  0.0 st
%Cpu(s): 88.3 us,  9.1 sy,  0.0 ni,  1.1 id,  0.0 wa,  0.0 hi,  1.5 si,  0.0 st
%Cpu(s): 88.9 us,  8.1 sy,  0.0 ni,  1.2 id,  0.0 wa,  0.0 hi,  1.7 si,  0.0 st
%Cpu(s): 83.8 us,  8.5 sy,  0.0 ni,  5.0 id,  0.0 wa,  0.0 hi,  2.8 si,  0.0 st
%Cpu(s): 76.5 us,  9.5 sy,  0.0 ni, 11.5 id,  0.0 wa,  0.0 hi,  2.5 si,  0.0 st
%Cpu(s): 38.6 us,  7.7 sy,  0.0 ni, 52.7 id,  0.0 wa,  0.0 hi,  1.0 si,  0.0 st
%Cpu(s): 19.8 us,  7.5 sy,  0.0 ni, 71.2 id,  0.0 wa,  0.0 hi,  1.5 si,  0.0 st
%Cpu(s): 15.3 us,  6.6 sy,  0.0 ni, 76.4 id,  0.0 wa,  0.0 hi,  1.7 si,  0.0 st
%Cpu(s): 69.3 us,  7.6 sy,  0.0 ni, 21.0 id,  0.0 wa,  0.0 hi,  2.0 si,  0.0 st
%Cpu(s): 58.8 us,  9.0 sy,  0.0 ni, 29.4 id,  0.0 wa,  0.0 hi,  2.6 si,  0.1 st
%Cpu(s): 22.8 us,  7.2 sy,  0.0 ni, 68.8 id,  0.0 wa,  0.0 hi,  1.3 si,  0.0 st
%Cpu(s): 14.7 us,  8.6 sy,  0.0 ni, 75.4 id,  0.0 wa,  0.0 hi,  1.1 si,  0.1 st
%Cpu(s): 14.5 us,  7.7 sy,  0.0 ni, 76.6 id,  0.0 wa,  0.0 hi,  1.3 si,  0.0 st
%Cpu(s):  9.9 us,  6.4 sy,  0.0 ni, 82.2 id,  0.0 wa,  0.0 hi,  1.6 si,  0.0 st
%Cpu(s): 11.7 us,  5.4 sy,  0.0 ni, 81.4 id,  0.0 wa,  0.0 hi,  1.4 si,  0.0 st
%Cpu(s): 12.8 us,  6.9 sy,  0.0 ni, 79.0 id,  0.0 wa,  0.0 hi,  1.4 si,  0.0 st
%Cpu(s): 11.6 us,  6.8 sy,  0.0 ni, 80.2 id,  0.0 wa,  0.0 hi,  1.4 si,  0.0 st
%Cpu(s): 11.6 us,  6.7 sy,  0.0 ni, 79.9 id,  0.1 wa,  0.0 hi,  1.6 si,  0.0 st
%Cpu(s): 10.5 us,  7.0 sy,  0.0 ni, 80.8 id,  0.0 wa,  0.0 hi,  1.7 si,  0.0 st
%Cpu(s): 11.8 us,  6.4 sy,  0.0 ni, 80.7 id,  0.0 wa,  0.0 hi,  1.0 si,  0.0 st
%Cpu(s): 12.8 us,  7.2 sy,  0.0 ni, 78.5 id,  0.0 wa,  0.0 hi,  1.5 si,  0.0 st
%Cpu(s): 11.8 us,  7.2 sy,  0.0 ni, 79.0 id,  0.0 wa,  0.0 hi,  2.0 si,  0.0 st
%Cpu(s): 13.4 us,  7.4 sy,  0.0 ni, 77.7 id,  0.0 wa,  0.0 hi,  1.4 si,  0.1 st
%Cpu(s): 14.6 us,  7.8 sy,  0.0 ni, 75.7 id,  0.0 wa,  0.0 hi,  1.9 si,  0.0 st
%Cpu(s): 14.4 us,  7.3 sy,  0.0 ni, 77.0 id,  0.0 wa,  0.0 hi,  1.3 si,  0.0 st
%Cpu(s): 13.0 us,  7.3 sy,  0.0 ni, 78.1 id,  0.0 wa,  0.0 hi,  1.5 si,  0.1 st
%Cpu(s): 23.8 us,  7.3 sy,  0.0 ni, 67.1 id,  0.0 wa,  0.0 hi,  1.8 si,  0.0 st
%Cpu(s): 38.2 us,  6.5 sy,  0.0 ni, 54.0 id,  0.0 wa,  0.0 hi,  1.3 si,  0.0 st
%Cpu(s): 27.2 us,  8.3 sy,  0.0 ni, 62.5 id,  0.0 wa,  0.0 hi,  2.0 si,  0.0 st
%Cpu(s): 37.4 us,  7.8 sy,  0.0 ni, 52.7 id,  0.0 wa,  0.0 hi,  2.0 si,  0.0 st
%Cpu(s): 27.5 us,  7.6 sy,  0.0 ni, 63.5 id,  0.0 wa,  0.0 hi,  1.5 si,  0.0 st
%Cpu(s): 27.6 us,  8.4 sy,  0.0 ni, 62.0 id,  0.0 wa,  0.0 hi,  1.9 si,  0.0 st
%Cpu(s): 55.4 us,  7.6 sy,  0.0 ni, 35.0 id,  0.0 wa,  0.0 hi,  1.9 si,  0.1 st
%Cpu(s): 67.7 us,  6.8 sy,  0.0 ni, 23.6 id,  0.0 wa,  0.0 hi,  1.9 si,  0.0 st
%Cpu(s): 35.1 us,  7.1 sy,  0.0 ni, 55.9 id,  0.0 wa,  0.0 hi,  1.9 si,  0.0 st
%Cpu(s): 30.3 us,  8.0 sy,  0.0 ni, 59.9 id,  0.0 wa,  0.0 hi,  1.8 si,  0.0 st
%Cpu(s): 18.0 us,  8.4 sy,  0.0 ni, 72.6 id,  0.0 wa,  0.0 hi,  1.0 si,  0.0 st
%Cpu(s): 16.6 us,  8.4 sy,  0.0 ni, 73.3 id,  0.0 wa,  0.0 hi,  1.8 si,  0.0 st
%Cpu(s): 15.6 us,  7.6 sy,  0.0 ni, 74.7 id,  0.0 wa,  0.0 hi,  2.2 si,  0.0 st
%Cpu(s): 15.8 us,  7.8 sy,  0.0 ni, 75.1 id,  0.0 wa,  0.0 hi,  1.3 si,  0.0 st
%Cpu(s): 22.9 us,  6.5 sy,  0.0 ni, 67.8 id,  0.0 wa,  0.0 hi,  2.9 si,  0.0 st
%Cpu(s): 11.9 us,  5.6 sy,  0.0 ni, 81.6 id,  0.0 wa,  0.0 hi,  0.8 si,  0.1 st
%Cpu(s):  5.3 us,  3.1 sy,  0.0 ni, 91.1 id,  0.0 wa,  0.0 hi,  0.5 si,  0.0 st
%Cpu(s):  5.6 us,  4.7 sy,  0.0 ni, 89.5 id,  0.0 wa,  0.0 hi,  0.3 si,  0.0 st
%Cpu(s):  5.7 us,  4.7 sy,  0.0 ni, 89.1 id,  0.0 wa,  0.0 hi,  0.5 si,  0.0 st
%Cpu(s):  4.6 us,  5.6 sy,  0.0 ni, 89.2 id,  0.0 wa,  0.0 hi,  0.5 si,  0.1 st
%Cpu(s):  6.3 us,  4.8 sy,  0.0 ni, 88.2 id,  0.0 wa,  0.0 hi,  0.5 si,  0.1 st
%Cpu(s):  6.0 us,  5.0 sy,  0.0 ni, 88.6 id,  0.1 wa,  0.0 hi,  0.3 si,  0.0 st
%Cpu(s):  2.6 us,  2.8 sy,  0.0 ni, 94.5 id,  0.0 wa,  0.0 hi,  0.0 si,  0.1 st
%Cpu(s):  2.5 us,  3.5 sy,  0.0 ni, 93.7 id,  0.0 wa,  0.0 hi,  0.0 si,  0.3 st
%Cpu(s):  3.5 us,  3.0 sy,  0.0 ni, 93.3 id,  0.0 wa,  0.0 hi,  0.0 si,  0.1 st
%Cpu(s):  4.3 us,  3.0 sy,  0.0 ni, 92.7 id,  0.0 wa,  0.0 hi,  0.0 si,  0.0 st
%Cpu(s):  2.8 us,  3.0 sy,  0.0 ni, 94.1 id,  0.0 wa,  0.0 hi,  0.0 si,  0.1 st
%Cpu(s):  3.8 us,  3.7 sy,  0.0 ni, 92.2 id,  0.0 wa,  0.0 hi,  0.0 si,  0.4 st
%Cpu(s):  3.6 us,  2.8 sy,  0.0 ni, 93.6 id,  0.0 wa,  0.0 hi,  0.0 si,  0.0 st
%Cpu(s):  2.7 us,  2.8 sy,  0.0 ni, 94.2 id,  0.0 wa,  0.0 hi,  0.0 si,  0.3 st
%Cpu(s):  4.4 us,  3.1 sy,  0.0 ni, 92.2 id,  0.0 wa,  0.0 hi,  0.0 si,  0.3 st
%Cpu(s):  6.4 us,  3.6 sy,  0.0 ni, 90.1 id,  0.0 wa,  0.0 hi,  0.0 si,  0.0 st
