%Cpu(s):  4.1 us,  0.7 sy,  0.0 ni, 95.1 id,  0.0 wa,  0.0 hi,  0.1 si,  0.0 st
%Cpu(s): 17.9 us,  0.9 sy,  0.0 ni, 81.3 id,  0.0 wa,  0.0 hi,  0.0 si,  0.0 st
%Cpu(s):  0.2 us,  0.0 sy,  0.0 ni, 99.8 id,  0.0 wa,  0.0 hi,  0.0 si,  0.0 st
%Cpu(s):  0.1 us,  0.0 sy,  0.0 ni, 99.9 id,  0.0 wa,  0.0 hi,  0.0 si,  0.0 st
%Cpu(s): 46.0 us,  4.8 sy,  0.0 ni, 49.1 id,  0.0 wa,  0.0 hi,  0.0 si,  0.1 st
%Cpu(s): 81.7 us,  3.5 sy,  0.0 ni, 14.8 id,  0.0 wa,  0.0 hi,  0.0 si,  0.0 st
%Cpu(s): 78.0 us,  2.8 sy,  0.0 ni, 19.1 id,  0.0 wa,  0.0 hi,  0.0 si,  0.1 st
%Cpu(s): 95.8 us,  2.6 sy,  0.0 ni,  1.6 id,  0.0 wa,  0.0 hi,  0.0 si,  0.0 st
%Cpu(s): 95.2 us,  3.1 sy,  0.0 ni,  1.6 id,  0.0 wa,  0.0 hi,  0.1 si,  0.0 st
%Cpu(s): 88.1 us,  3.5 sy,  0.0 ni,  8.2 id,  0.0 wa,  0.0 hi,  0.1 si,  0.0 st
%Cpu(s): 11.4 us,  0.6 sy,  0.0 ni, 87.8 id,  0.0 wa,  0.0 hi,  0.1 si,  0.0 st
%Cpu(s):  5.5 us,  0.7 sy,  0.0 ni, 93.8 id,  0.0 wa,  0.0 hi,  0.0 si,  0.0 st
%Cpu(s):  2.9 us,  0.9 sy,  0.0 ni, 96.2 id,  0.0 wa,  0.0 hi,  0.0 si,  0.0 st
%Cpu(s):  3.0 us,  1.0 sy,  0.0 ni, 96.0 id,  0.0 wa,  0.0 hi,  0.0 si,  0.0 st
%Cpu(s):  5.0 us,  1.2 sy,  0.0 ni, 93.6 id,  0.0 wa,  0.0 hi,  0.0 si,  0.2 st
%Cpu(s):  3.5 us,  1.6 sy,  0.0 ni, 94.7 id,  0.1 wa,  0.0 hi,  0.1 si,  0.0 st
%Cpu(s):  2.2 us,  0.9 sy,  0.0 ni, 96.9 id,  0.0 wa,  0.0 hi,  0.0 si,  0.0 st
%Cpu(s):  1.0 us,  1.1 sy,  0.0 ni, 97.9 id,  0.0 wa,  0.0 hi,  0.0 si,  0.0 st
%Cpu(s):  6.8 us,  0.8 sy,  0.0 ni, 92.4 id,  0.0 wa,  0.0 hi,  0.0 si,  0.1 st
%Cpu(s): 11.4 us,  1.0 sy,  0.0 ni, 87.3 id,  0.0 wa,  0.0 hi,  0.3 si,  0.0 st
%Cpu(s): 45.6 us,  4.6 sy,  0.0 ni, 49.3 id,  0.0 wa,  0.0 hi,  0.4 si,  0.1 st
%Cpu(s): 64.8 us,  4.4 sy,  0.0 ni, 29.3 id,  0.0 wa,  0.0 hi,  1.4 si,  0.1 st
%Cpu(s): 58.1 us,  4.2 sy,  0.0 ni, 36.5 id,  0.0 wa,  0.0 hi,  1.3 si,  0.0 st
%Cpu(s): 52.5 us,  3.5 sy,  0.0 ni, 42.8 id,  0.0 wa,  0.0 hi,  1.1 si,  0.0 st
%Cpu(s): 50.6 us,  3.5 sy,  0.0 ni, 45.1 id,  0.0 wa,  0.0 hi,  0.8 si,  0.0 st
%Cpu(s): 15.5 us,  4.3 sy,  0.0 ni, 78.6 id,  0.8 wa,  0.0 hi,  0.9 si,  0.0 st
%Cpu(s):  7.0 us,  4.5 sy,  0.0 ni, 88.0 id,  0.0 wa,  0.0 hi,  0.5 si,  0.0 st
%Cpu(s): 19.1 us,  4.7 sy,  0.0 ni, 75.7 id,  0.0 wa,  0.0 hi,  0.5 si,  0.0 st
%Cpu(s): 13.3 us,  4.3 sy,  0.0 ni, 81.6 id,  0.0 wa,  0.0 hi,  0.8 si,  0.0 st
%Cpu(s):  5.0 us,  5.0 sy,  0.0 ni, 89.1 id,  0.0 wa,  0.0 hi,  0.9 si,  0.0 st
%Cpu(s):  6.4 us,  3.7 sy,  0.0 ni, 89.2 id,  0.0 wa,  0.0 hi,  0.8 si,  0.0 st
%Cpu(s):  6.0 us,  4.8 sy,  0.0 ni, 88.3 id,  0.0 wa,  0.0 hi,  0.8 si,  0.1 st
%Cpu(s):  8.1 us,  2.8 sy,  0.0 ni, 88.4 id,  0.0 wa,  0.0 hi,  0.6 si,  0.0 st
%Cpu(s):  9.0 us,  3.8 sy,  0.0 ni, 86.2 id,  0.0 wa,  0.0 hi,  0.9 si,  0.1 st
%Cpu(s):  9.0 us,  4.1 sy,  0.0 ni, 86.3 id,  0.0 wa,  0.0 hi,  0.6 si,  0.0 st
%Cpu(s): 10.8 us,  4.5 sy,  0.0 ni, 84.0 id,  0.0 wa,  0.0 hi,  0.6 si,  0.0 st
%Cpu(s):  8.7 us,  4.7 sy,  0.0 ni, 85.5 id,  0.0 wa,  0.0 hi,  1.1 si,  0.0 st
%Cpu(s):  8.2 us,  4.0 sy,  0.0 ni, 86.7 id,  0.0 wa,  0.0 hi,  1.1 si,  0.0 st
%Cpu(s): 16.8 us,  3.5 sy,  0.0 ni, 78.4 id,  0.0 wa,  0.0 hi,  1.3 si,  0.0 st
%Cpu(s):  6.3 us,  4.6 sy,  0.0 ni, 88.2 id,  0.1 wa,  0.0 hi,  0.8 si,  0.0 st
%Cpu(s): 12.6 us,  3.8 sy,  0.0 ni, 83.0 id,  0.0 wa,  0.0 hi,  0.6 si,  0.0 st
%Cpu(s):  5.3 us,  4.3 sy,  0.0 ni, 89.5 id,  0.0 wa,  0.0 hi,  0.8 si,  0.1 st
%Cpu(s): 12.2 us,  5.1 sy,  0.0 ni, 81.9 id,  0.0 wa,  0.0 hi,  0.6 si,  0.1 st
%Cpu(s): 16.4 us,  5.4 sy,  0.0 ni, 76.6 id,  0.0 wa,  0.0 hi,  1.6 si,  0.0 st
%Cpu(s): 16.9 us,  4.7 sy,  0.0 ni, 77.9 id,  0.0 wa,  0.0 hi,  0.4 si,  0.1 st
%Cpu(s): 10.8 us,  4.3 sy,  0.0 ni, 81.8 id,  2.5 wa,  0.0 hi,  0.5 si,  0.0 st
%Cpu(s):  4.2 us,  3.3 sy,  0.0 ni, 91.8 id,  0.0 wa,  0.0 hi,  0.6 si,  0.0 st
%Cpu(s):  4.4 us,  5.5 sy,  0.0 ni, 89.6 id,  0.0 wa,  0.0 hi,  0.5 si,  0.0 st
%Cpu(s):  5.0 us,  4.7 sy,  0.0 ni, 89.4 id,  0.0 wa,  0.0 hi,  0.9 si,  0.0 st
%Cpu(s):  7.4 us,  5.1 sy,  0.0 ni, 86.6 id,  0.0 wa,  0.0 hi,  0.7 si,  0.1 st
%Cpu(s):  9.5 us,  4.8 sy,  0.0 ni, 85.0 id,  0.0 wa,  0.0 hi,  0.8 si,  0.0 st
%Cpu(s):  7.7 us,  5.1 sy,  0.0 ni, 86.5 id,  0.0 wa,  0.0 hi,  0.6 si,  0.0 st
%Cpu(s): 14.8 us,  4.4 sy,  0.0 ni, 80.1 id,  0.0 wa,  0.0 hi,  0.6 si,  0.1 st
%Cpu(s):  5.5 us,  4.1 sy,  0.0 ni, 89.6 id,  0.0 wa,  0.0 hi,  0.8 si,  0.0 st
%Cpu(s):  5.6 us,  3.7 sy,  0.0 ni, 89.9 id,  0.1 wa,  0.0 hi,  0.6 si,  0.0 st
%Cpu(s):  6.4 us,  4.4 sy,  0.0 ni, 88.5 id,  0.0 wa,  0.0 hi,  0.8 si,  0.0 st
%Cpu(s):  4.6 us,  4.1 sy,  0.0 ni, 90.7 id,  0.0 wa,  0.0 hi,  0.6 si,  0.0 st
%Cpu(s):  6.5 us,  3.8 sy,  0.0 ni, 89.1 id,  0.0 wa,  0.0 hi,  0.6 si,  0.0 st
%Cpu(s):  5.6 us,  4.2 sy,  0.0 ni, 89.0 id,  0.0 wa,  0.0 hi,  1.0 si,  0.1 st
%Cpu(s):  6.4 us,  4.2 sy,  0.0 ni, 88.4 id,  0.0 wa,  0.0 hi,  1.0 si,  0.0 st
%Cpu(s):  5.0 us,  5.1 sy,  0.0 ni, 89.1 id,  0.0 wa,  0.0 hi,  0.8 si,  0.0 st
%Cpu(s):  5.4 us,  5.0 sy,  0.0 ni, 89.0 id,  0.0 wa,  0.0 hi,  0.6 si,  0.0 st
%Cpu(s):  5.8 us,  3.9 sy,  0.0 ni, 89.2 id,  0.0 wa,  0.0 hi,  1.0 si,  0.0 st
%Cpu(s):  5.0 us,  4.1 sy,  0.0 ni, 90.1 id,  0.0 wa,  0.0 hi,  0.9 si,  0.0 st
%Cpu(s):  5.0 us,  4.8 sy,  0.0 ni, 89.0 id,  0.0 wa,  0.0 hi,  1.1 si,  0.1 st
%Cpu(s):  5.5 us,  3.7 sy,  0.0 ni, 90.0 id,  0.0 wa,  0.0 hi,  0.8 si,  0.0 st
%Cpu(s):  5.6 us,  4.3 sy,  0.0 ni, 89.3 id,  0.0 wa,  0.0 hi,  0.8 si,  0.0 st
%Cpu(s):  6.4 us,  4.5 sy,  0.0 ni, 87.9 id,  0.0 wa,  0.0 hi,  1.1 si,  0.1 st
%Cpu(s): 10.7 us,  3.9 sy,  0.0 ni, 84.7 id,  0.0 wa,  0.0 hi,  0.8 si,  0.0 st
%Cpu(s): 10.8 us,  3.7 sy,  0.0 ni, 84.8 id,  0.1 wa,  0.0 hi,  0.5 si,  0.0 st
%Cpu(s):  9.8 us,  3.6 sy,  0.0 ni, 85.7 id,  0.0 wa,  0.0 hi,  0.8 si,  0.1 st
%Cpu(s):  7.2 us,  3.9 sy,  0.0 ni, 88.3 id,  0.0 wa,  0.0 hi,  0.6 si,  0.0 st
%Cpu(s):  6.6 us,  4.1 sy,  0.0 ni, 88.8 id,  0.0 wa,  0.0 hi,  0.5 si,  0.0 st
%Cpu(s):  4.8 us,  2.1 sy,  0.0 ni, 93.1 id,  0.0 wa,  0.0 hi,  0.0 si,  0.0 st
%Cpu(s):  3.5 us,  2.3 sy,  0.0 ni, 94.1 id,  0.0 wa,  0.0 hi,  0.1 si,  0.0 st
%Cpu(s):  5.1 us,  3.2 sy,  0.0 ni, 90.8 id,  0.6 wa,  0.0 hi,  0.2 si,  0.0 st
%Cpu(s):  3.8 us,  2.0 sy,  0.0 ni, 94.0 id,  0.0 wa,  0.0 hi,  0.1 si,  0.1 st
