%Cpu(s): 10.4 us,  1.4 sy,  0.0 ni, 88.0 id,  0.0 wa,  0.0 hi,  0.2 si,  0.0 st
%Cpu(s):  4.0 us,  2.4 sy,  0.0 ni, 93.5 id,  0.0 wa,  0.0 hi,  0.0 si,  0.1 st
%Cpu(s):  2.7 us,  2.1 sy,  0.0 ni, 95.2 id,  0.0 wa,  0.0 hi,  0.0 si,  0.0 st
%Cpu(s):  2.5 us,  1.9 sy,  0.0 ni, 95.5 id,  0.0 wa,  0.0 hi,  0.0 si,  0.1 st
%Cpu(s):  5.0 us,  2.4 sy,  0.0 ni, 92.6 id,  0.0 wa,  0.0 hi,  0.0 si,  0.0 st
%Cpu(s): 13.7 us,  2.6 sy,  0.0 ni, 83.5 id,  0.0 wa,  0.0 hi,  0.3 si,  0.0 st
%Cpu(s): 67.5 us,  4.5 sy,  0.0 ni, 27.3 id,  0.0 wa,  0.0 hi,  0.6 si,  0.0 st
%Cpu(s): 88.6 us,  8.2 sy,  0.0 ni,  1.2 id,  0.0 wa,  0.0 hi,  1.9 si,  0.0 st
%Cpu(s): 88.7 us,  7.7 sy,  0.0 ni,  1.5 id,  0.0 wa,  0.0 hi,  2.1 si,  0.0 st
%Cpu(s): 91.2 us,  6.2 sy,  0.0 ni,  0.7 id,  0.0 wa,  0.0 hi,  1.9 si,  0.0 st
%Cpu(s): 90.3 us,  7.5 sy,  0.0 ni,  1.0 id,  0.0 wa,  0.0 hi,  1.2 si,  0.0 st
%Cpu(s): 82.9 us,  5.9 sy,  0.0 ni,  9.7 id,  0.0 wa,  0.0 hi,  1.3 si,  0.3 st
%Cpu(s): 61.2 us,  6.4 sy,  0.0 ni, 31.1 id,  0.0 wa,  0.0 hi,  1.3 si,  0.0 st
%Cpu(s): 66.8 us,  6.1 sy,  0.0 ni, 25.7 id,  0.0 wa,  0.0 hi,  1.5 si,  0.0 st
%Cpu(s): 29.3 us,  6.5 sy,  0.0 ni, 62.8 id,  0.0 wa,  0.0 hi,  1.4 si,  0.0 st
%Cpu(s): 26.4 us,  7.2 sy,  0.0 ni, 65.2 id,  0.0 wa,  0.0 hi,  1.1 si,  0.0 st
%Cpu(s): 19.9 us,  6.7 sy,  0.0 ni, 72.1 id,  0.0 wa,  0.0 hi,  1.3 si,  0.1 st
%Cpu(s): 20.6 us,  7.9 sy,  0.0 ni, 70.1 id,  0.0 wa,  0.0 hi,  1.2 si,  0.1 st
%Cpu(s): 17.3 us,  5.7 sy,  0.0 ni, 75.6 id,  0.0 wa,  0.0 hi,  1.4 si,  0.0 st
%Cpu(s): 26.0 us,  6.2 sy,  0.0 ni, 66.4 id,  0.0 wa,  0.0 hi,  1.4 si,  0.0 st
%Cpu(s): 18.7 us,  5.8 sy,  0.0 ni, 74.4 id,  0.0 wa,  0.0 hi,  1.0 si,  0.1 st
%Cpu(s): 14.6 us,  7.5 sy,  0.0 ni, 76.2 id,  0.0 wa,  0.0 hi,  1.8 si,  0.0 st
%Cpu(s): 15.0 us,  6.0 sy,  0.0 ni, 77.2 id,  0.0 wa,  0.0 hi,  1.5 si,  0.1 st
%Cpu(s): 15.9 us,  6.1 sy,  0.0 ni, 76.5 id,  0.0 wa,  0.0 hi,  1.4 si,  0.1 st
%Cpu(s): 17.6 us,  6.5 sy,  0.0 ni, 74.6 id,  0.0 wa,  0.0 hi,  1.3 si,  0.0 st
%Cpu(s): 15.8 us,  6.3 sy,  0.0 ni, 76.4 id,  0.1 wa,  0.0 hi,  1.3 si,  0.1 st
%Cpu(s): 16.5 us,  6.7 sy,  0.0 ni, 75.5 id,  0.0 wa,  0.0 hi,  1.3 si,  0.1 st
%Cpu(s): 16.1 us,  6.2 sy,  0.0 ni, 76.4 id,  0.0 wa,  0.0 hi,  1.4 si,  0.0 st
%Cpu(s): 18.2 us,  6.3 sy,  0.0 ni, 74.0 id,  0.0 wa,  0.0 hi,  1.5 si,  0.0 st
%Cpu(s): 15.3 us,  6.5 sy,  0.0 ni, 76.9 id,  0.0 wa,  0.0 hi,  1.1 si,  0.1 st
%Cpu(s): 15.7 us,  6.3 sy,  0.0 ni, 76.4 id,  0.0 wa,  0.0 hi,  1.6 si,  0.0 st
%Cpu(s): 13.9 us,  6.0 sy,  0.0 ni, 78.5 id,  0.0 wa,  0.0 hi,  1.3 si,  0.3 st
%Cpu(s): 16.6 us,  6.3 sy,  0.0 ni, 75.7 id,  0.0 wa,  0.0 hi,  1.4 si,  0.0 st
%Cpu(s): 16.3 us,  5.6 sy,  0.0 ni, 77.1 id,  0.0 wa,  0.0 hi,  0.9 si,  0.1 st
%Cpu(s): 14.2 us,  6.4 sy,  0.0 ni, 77.7 id,  0.0 wa,  0.0 hi,  1.5 si,  0.1 st
%Cpu(s): 14.9 us,  6.5 sy,  0.0 ni, 77.1 id,  0.0 wa,  0.0 hi,  1.4 si,  0.0 st
%Cpu(s): 24.9 us,  5.7 sy,  0.0 ni, 68.4 id,  0.0 wa,  0.0 hi,  0.9 si,  0.1 st
%Cpu(s): 20.2 us,  4.9 sy,  0.0 ni, 73.7 id,  0.0 wa,  0.0 hi,  1.2 si,  0.0 st
%Cpu(s): 15.3 us,  5.9 sy,  0.0 ni, 77.8 id,  0.0 wa,  0.0 hi,  0.9 si,  0.1 st
%Cpu(s): 14.6 us,  6.6 sy,  0.0 ni, 77.8 id,  0.0 wa,  0.0 hi,  1.0 si,  0.0 st
%Cpu(s): 17.9 us,  5.7 sy,  0.0 ni, 74.9 id,  0.0 wa,  0.0 hi,  1.4 si,  0.1 st
%Cpu(s): 26.2 us,  7.2 sy,  0.0 ni, 65.1 id,  0.0 wa,  0.0 hi,  1.5 si,  0.0 st
%Cpu(s): 27.0 us,  6.7 sy,  0.0 ni, 64.9 id,  0.0 wa,  0.0 hi,  1.2 si,  0.1 st
%Cpu(s): 34.3 us,  6.7 sy,  0.0 ni, 57.7 id,  0.0 wa,  0.0 hi,  1.1 si,  0.1 st
%Cpu(s): 17.7 us,  5.1 sy,  0.0 ni, 76.2 id,  0.0 wa,  0.0 hi,  0.9 si,  0.1 st
%Cpu(s): 15.9 us,  6.8 sy,  0.0 ni, 76.3 id,  0.0 wa,  0.0 hi,  1.0 si,  0.0 st
%Cpu(s): 15.4 us,  6.6 sy,  0.0 ni, 76.6 id,  0.0 wa,  0.0 hi,  1.3 si,  0.1 st
%Cpu(s): 14.5 us,  6.2 sy,  0.0 ni, 78.3 id,  0.0 wa,  0.0 hi,  1.0 si,  0.0 st
%Cpu(s): 14.7 us,  7.1 sy,  0.0 ni, 77.0 id,  0.0 wa,  0.0 hi,  1.1 si,  0.1 st
%Cpu(s): 15.3 us,  8.0 sy,  0.0 ni, 75.1 id,  0.0 wa,  0.0 hi,  1.5 si,  0.0 st
%Cpu(s): 17.0 us,  6.5 sy,  0.0 ni, 75.7 id,  0.1 wa,  0.0 hi,  0.6 si,  0.1 st
%Cpu(s): 15.9 us,  6.9 sy,  0.0 ni, 76.1 id,  0.0 wa,  0.0 hi,  1.0 si,  0.1 st
%Cpu(s): 14.0 us,  6.6 sy,  0.0 ni, 78.5 id,  0.0 wa,  0.0 hi,  0.9 si,  0.0 st
%Cpu(s): 17.0 us,  6.6 sy,  0.0 ni, 74.9 id,  0.0 wa,  0.0 hi,  1.4 si,  0.1 st
%Cpu(s): 15.4 us,  6.5 sy,  0.0 ni, 76.8 id,  0.0 wa,  0.0 hi,  1.3 si,  0.0 st
%Cpu(s): 17.0 us,  7.1 sy,  0.0 ni, 74.8 id,  0.0 wa,  0.0 hi,  1.0 si,  0.1 st
%Cpu(s): 15.1 us,  7.3 sy,  0.0 ni, 76.2 id,  0.0 wa,  0.0 hi,  1.3 si,  0.1 st
%Cpu(s): 14.6 us,  7.0 sy,  0.0 ni, 77.0 id,  0.0 wa,  0.0 hi,  1.4 si,  0.0 st
%Cpu(s): 15.2 us,  5.6 sy,  0.0 ni, 77.9 id,  0.0 wa,  0.0 hi,  1.1 si,  0.1 st
%Cpu(s): 16.2 us,  5.4 sy,  0.0 ni, 77.5 id,  0.0 wa,  0.0 hi,  0.9 si,  0.0 st
%Cpu(s): 15.8 us,  6.3 sy,  0.0 ni, 77.0 id,  0.0 wa,  0.0 hi,  0.8 si,  0.1 st
%Cpu(s): 14.3 us,  6.7 sy,  0.0 ni, 77.8 id,  0.0 wa,  0.0 hi,  1.0 si,  0.1 st
%Cpu(s): 11.8 us,  5.9 sy,  0.0 ni, 81.6 id,  0.0 wa,  0.0 hi,  0.8 si,  0.0 st
%Cpu(s):  9.9 us,  5.3 sy,  0.0 ni, 84.2 id,  0.0 wa,  0.0 hi,  0.6 si,  0.0 st
%Cpu(s):  3.5 us,  3.1 sy,  0.0 ni, 93.0 id,  0.0 wa,  0.0 hi,  0.2 si,  0.1 st
%Cpu(s):  2.6 us,  2.1 sy,  0.0 ni, 95.0 id,  0.0 wa,  0.0 hi,  0.1 si,  0.1 st
%Cpu(s):  6.2 us,  1.6 sy,  0.0 ni, 92.2 id,  0.0 wa,  0.0 hi,  0.0 si,  0.0 st
%Cpu(s):  6.0 us,  1.7 sy,  0.0 ni, 92.3 id,  0.0 wa,  0.0 hi,  0.0 si,  0.0 st
%Cpu(s):  5.7 us,  3.6 sy,  0.0 ni, 90.7 id,  0.0 wa,  0.0 hi,  0.0 si,  0.0 st
%Cpu(s):  2.4 us,  2.4 sy,  0.0 ni, 95.2 id,  0.0 wa,  0.0 hi,  0.0 si,  0.0 st
%Cpu(s):  2.9 us,  2.0 sy,  0.0 ni, 95.0 id,  0.0 wa,  0.0 hi,  0.1 si,  0.0 st
%Cpu(s):  2.7 us,  2.5 sy,  0.0 ni, 94.8 id,  0.0 wa,  0.0 hi,  0.0 si,  0.0 st
%Cpu(s):  2.5 us,  2.7 sy,  0.0 ni, 94.5 id,  0.0 wa,  0.0 hi,  0.1 si,  0.1 st
%Cpu(s):  2.5 us,  2.1 sy,  0.0 ni, 95.2 id,  0.0 wa,  0.0 hi,  0.1 si,  0.0 st
%Cpu(s):  3.1 us,  3.3 sy,  0.0 ni, 93.5 id,  0.0 wa,  0.0 hi,  0.1 si,  0.0 st
