%Cpu(s):  4.9 us,  0.8 sy,  0.0 ni, 94.2 id,  0.0 wa,  0.0 hi,  0.1 si,  0.0 st
%Cpu(s):  2.9 us,  2.4 sy,  0.0 ni, 94.5 id,  0.0 wa,  0.0 hi,  0.0 si,  0.3 st
%Cpu(s):  3.2 us,  2.7 sy,  0.0 ni, 93.9 id,  0.0 wa,  0.0 hi,  0.0 si,  0.3 st
%Cpu(s):  2.8 us,  1.6 sy,  0.0 ni, 95.3 id,  0.0 wa,  0.0 hi,  0.0 si,  0.3 st
%Cpu(s):  4.1 us,  2.3 sy,  0.0 ni, 93.3 id,  0.0 wa,  0.0 hi,  0.0 si,  0.3 st
%Cpu(s):  5.0 us,  2.2 sy,  0.0 ni, 92.6 id,  0.0 wa,  0.0 hi,  0.0 si,  0.3 st
%Cpu(s):  3.7 us,  2.3 sy,  0.0 ni, 93.8 id,  0.0 wa,  0.0 hi,  0.0 si,  0.3 st
%Cpu(s): 70.3 us,  3.9 sy,  0.0 ni, 25.0 id,  0.0 wa,  0.0 hi,  0.6 si,  0.1 st
%Cpu(s): 89.9 us,  5.6 sy,  0.0 ni,  3.5 id,  0.0 wa,  0.0 hi,  1.0 si,  0.0 st
%Cpu(s): 87.1 us,  8.0 sy,  0.0 ni,  3.0 id,  0.0 wa,  0.0 hi,  1.9 si,  0.0 st
%Cpu(s): 88.3 us,  7.8 sy,  0.0 ni,  2.3 id,  0.0 wa,  0.0 hi,  1.6 si,  0.0 st
%Cpu(s): 87.4 us,  7.0 sy,  0.0 ni,  3.9 id,  0.0 wa,  0.0 hi,  1.8 si,  0.0 st
%Cpu(s): 78.4 us,  6.9 sy,  0.0 ni, 13.0 id,  0.0 wa,  0.0 hi,  1.6 si,  0.0 st
%Cpu(s): 58.8 us,  6.8 sy,  0.0 ni, 33.1 id,  0.0 wa,  0.0 hi,  1.1 si,  0.1 st
%Cpu(s): 35.0 us,  7.2 sy,  0.0 ni, 57.4 id,  0.0 wa,  0.0 hi,  0.4 si,  0.0 st
%Cpu(s): 17.1 us,  6.3 sy,  0.0 ni, 76.0 id,  0.0 wa,  0.0 hi,  0.6 si,  0.0 st
%Cpu(s): 22.3 us,  6.4 sy,  0.0 ni, 70.8 id,  0.0 wa,  0.0 hi,  0.5 si,  0.0 st
%Cpu(s): 28.8 us,  5.1 sy,  0.0 ni, 65.2 id,  0.0 wa,  0.0 hi,  0.9 si,  0.0 st
%Cpu(s): 14.2 us,  6.5 sy,  0.0 ni, 78.6 id,  0.0 wa,  0.0 hi,  0.8 si,  0.0 st
%Cpu(s): 33.9 us,  6.8 sy,  0.0 ni, 58.5 id,  0.0 wa,  0.0 hi,  0.9 si,  0.0 st
%Cpu(s): 24.2 us,  6.7 sy,  0.0 ni, 67.9 id,  0.0 wa,  0.0 hi,  1.0 si,  0.1 st
%Cpu(s): 22.1 us,  6.3 sy,  0.0 ni, 71.0 id,  0.0 wa,  0.0 hi,  0.5 si,  0.1 st
%Cpu(s): 11.5 us,  5.8 sy,  0.0 ni, 81.9 id,  0.0 wa,  0.0 hi,  0.8 si,  0.0 st
%Cpu(s): 11.5 us,  6.8 sy,  0.0 ni, 80.8 id,  0.0 wa,  0.0 hi,  0.9 si,  0.0 st
%Cpu(s): 21.1 us,  7.4 sy,  0.0 ni, 70.8 id,  0.0 wa,  0.0 hi,  0.6 si,  0.0 st
%Cpu(s): 20.6 us,  5.3 sy,  0.0 ni, 73.4 id,  0.0 wa,  0.0 hi,  0.8 si,  0.0 st
%Cpu(s): 12.3 us,  5.7 sy,  0.0 ni, 80.7 id,  0.0 wa,  0.0 hi,  1.3 si,  0.0 st
%Cpu(s): 25.7 us,  6.3 sy,  0.0 ni, 67.1 id,  0.0 wa,  0.0 hi,  0.8 si,  0.1 st
%Cpu(s): 13.3 us,  5.8 sy,  0.0 ni, 80.3 id,  0.0 wa,  0.0 hi,  0.5 si,  0.0 st
%Cpu(s): 20.6 us,  6.7 sy,  0.0 ni, 71.5 id,  0.0 wa,  0.0 hi,  1.1 si,  0.1 st
%Cpu(s): 12.4 us,  5.2 sy,  0.0 ni, 81.7 id,  0.1 wa,  0.0 hi,  0.6 si,  0.0 st
%Cpu(s): 15.0 us,  5.0 sy,  0.0 ni, 79.4 id,  0.0 wa,  0.0 hi,  0.6 si,  0.0 st
%Cpu(s): 17.1 us,  6.7 sy,  0.0 ni, 75.3 id,  0.0 wa,  0.0 hi,  0.9 si,  0.0 st
%Cpu(s): 11.4 us,  5.8 sy,  0.0 ni, 82.1 id,  0.0 wa,  0.0 hi,  0.8 si,  0.0 st
%Cpu(s): 10.6 us,  6.2 sy,  0.0 ni, 82.4 id,  0.0 wa,  0.0 hi,  0.8 si,  0.0 st
%Cpu(s): 10.4 us,  6.0 sy,  0.0 ni, 82.7 id,  0.0 wa,  0.0 hi,  0.8 si,  0.1 st
%Cpu(s):  9.7 us,  6.8 sy,  0.0 ni, 82.8 id,  0.0 wa,  0.0 hi,  0.8 si,  0.0 st
%Cpu(s): 23.5 us,  5.7 sy,  0.0 ni, 70.0 id,  0.0 wa,  0.0 hi,  0.8 si,  0.0 st
%Cpu(s): 20.2 us,  7.9 sy,  0.0 ni, 71.0 id,  0.0 wa,  0.0 hi,  0.9 si,  0.0 st
%Cpu(s): 12.9 us,  6.6 sy,  0.0 ni, 79.7 id,  0.0 wa,  0.0 hi,  0.8 si,  0.0 st
%Cpu(s): 14.1 us,  5.9 sy,  0.0 ni, 79.1 id,  0.1 wa,  0.0 hi,  0.6 si,  0.1 st
%Cpu(s): 13.2 us,  6.1 sy,  0.0 ni, 80.2 id,  0.0 wa,  0.0 hi,  0.5 si,  0.0 st
%Cpu(s): 20.4 us,  6.8 sy,  0.0 ni, 71.8 id,  0.0 wa,  0.0 hi,  1.0 si,  0.0 st
%Cpu(s): 11.1 us,  6.7 sy,  0.0 ni, 80.9 id,  0.0 wa,  0.0 hi,  1.3 si,  0.0 st
%Cpu(s): 11.0 us,  5.4 sy,  0.0 ni, 82.3 id,  0.0 wa,  0.0 hi,  1.2 si,  0.1 st
%Cpu(s): 12.5 us,  6.4 sy,  0.0 ni, 80.5 id,  0.0 wa,  0.0 hi,  0.6 si,  0.0 st
%Cpu(s): 10.2 us,  5.9 sy,  0.0 ni, 82.9 id,  0.0 wa,  0.0 hi,  1.0 si,  0.0 st
%Cpu(s): 12.5 us,  6.6 sy,  0.0 ni, 80.2 id,  0.0 wa,  0.0 hi,  0.8 si,  0.0 st
%Cpu(s):  9.9 us,  5.9 sy,  0.0 ni, 83.5 id,  0.0 wa,  0.0 hi,  0.7 si,  0.1 st
%Cpu(s): 11.8 us,  6.7 sy,  0.0 ni, 81.0 id,  0.0 wa,  0.0 hi,  0.5 si,  0.0 st
%Cpu(s): 11.9 us,  6.2 sy,  0.0 ni, 81.1 id,  0.0 wa,  0.0 hi,  0.8 si,  0.0 st
%Cpu(s): 11.0 us,  8.3 sy,  0.0 ni, 79.9 id,  0.0 wa,  0.0 hi,  0.6 si,  0.1 st
%Cpu(s):  9.7 us,  7.1 sy,  0.0 ni, 82.6 id,  0.0 wa,  0.0 hi,  0.6 si,  0.0 st
%Cpu(s):  9.7 us,  7.2 sy,  0.0 ni, 82.6 id,  0.0 wa,  0.0 hi,  0.5 si,  0.0 st
%Cpu(s): 10.1 us,  6.7 sy,  0.0 ni, 82.1 id,  0.0 wa,  0.0 hi,  1.2 si,  0.0 st
%Cpu(s): 10.3 us,  7.2 sy,  0.0 ni, 81.5 id,  0.0 wa,  0.0 hi,  1.0 si,  0.0 st
%Cpu(s):  9.4 us,  6.7 sy,  0.0 ni, 83.1 id,  0.0 wa,  0.0 hi,  0.9 si,  0.0 st
%Cpu(s):  9.2 us,  6.7 sy,  0.0 ni, 83.7 id,  0.0 wa,  0.0 hi,  0.4 si,  0.0 st
%Cpu(s): 11.5 us,  6.1 sy,  0.0 ni, 81.4 id,  0.0 wa,  0.0 hi,  1.0 si,  0.0 st
%Cpu(s): 10.7 us,  5.9 sy,  0.0 ni, 82.2 id,  0.0 wa,  0.0 hi,  1.2 si,  0.0 st
%Cpu(s):  9.9 us,  4.9 sy,  0.0 ni, 84.2 id,  0.1 wa,  0.0 hi,  0.7 si,  0.1 st
%Cpu(s):  3.9 us,  3.2 sy,  0.0 ni, 92.2 id,  0.0 wa,  0.0 hi,  0.5 si,  0.3 st
%Cpu(s):  2.5 us,  3.5 sy,  0.0 ni, 94.0 id,  0.0 wa,  0.0 hi,  0.0 si,  0.0 st
%Cpu(s):  2.7 us,  3.9 sy,  0.0 ni, 93.1 id,  0.0 wa,  0.0 hi,  0.1 si,  0.1 st
%Cpu(s):  2.4 us,  3.6 sy,  0.0 ni, 93.5 id,  0.0 wa,  0.0 hi,  0.1 si,  0.4 st
%Cpu(s):  2.6 us,  2.1 sy,  0.0 ni, 95.0 id,  0.0 wa,  0.0 hi,  0.0 si,  0.3 st
%Cpu(s):  3.7 us,  4.6 sy,  0.0 ni, 91.7 id,  0.0 wa,  0.0 hi,  0.0 si,  0.0 st
%Cpu(s):  7.7 us,  3.1 sy,  0.0 ni, 88.8 id,  0.0 wa,  0.0 hi,  0.1 si,  0.3 st
%Cpu(s): 10.6 us,  3.0 sy,  0.0 ni, 86.1 id,  0.0 wa,  0.0 hi,  0.1 si,  0.1 st
%Cpu(s):  3.9 us,  2.5 sy,  0.0 ni, 93.2 id,  0.0 wa,  0.0 hi,  0.1 si,  0.3 st
%Cpu(s):  4.5 us,  3.5 sy,  0.0 ni, 91.5 id,  0.1 wa,  0.0 hi,  0.1 si,  0.2 st
%Cpu(s):  3.0 us,  1.6 sy,  0.0 ni, 95.1 id,  0.0 wa,  0.0 hi,  0.0 si,  0.3 st
%Cpu(s):  2.3 us,  2.3 sy,  0.0 ni, 95.2 id,  0.0 wa,  0.0 hi,  0.0 si,  0.3 st
%Cpu(s):  2.9 us,  2.4 sy,  0.0 ni, 94.5 id,  0.0 wa,  0.0 hi,  0.0 si,  0.3 st
%Cpu(s):  2.9 us,  2.5 sy,  0.0 ni, 94.3 id,  0.0 wa,  0.0 hi,  0.0 si,  0.3 st
%Cpu(s):  3.1 us,  2.3 sy,  0.0 ni, 94.5 id,  0.0 wa,  0.0 hi,  0.0 si,  0.1 st
