%Cpu(s):  5.0 us,  0.8 sy,  0.0 ni, 94.1 id,  0.0 wa,  0.0 hi,  0.1 si,  0.0 st
%Cpu(s):  2.7 us,  3.6 sy,  0.0 ni, 93.5 id,  0.0 wa,  0.0 hi,  0.0 si,  0.1 st
%Cpu(s):  4.2 us,  3.1 sy,  0.0 ni, 92.5 id,  0.0 wa,  0.0 hi,  0.1 si,  0.1 st
%Cpu(s):  2.2 us,  4.3 sy,  0.0 ni, 93.4 id,  0.0 wa,  0.0 hi,  0.0 si,  0.0 st
%Cpu(s):  2.9 us,  2.3 sy,  0.0 ni, 94.9 id,  0.0 wa,  0.0 hi,  0.0 si,  0.0 st
%Cpu(s):  5.6 us,  2.1 sy,  0.0 ni, 91.9 id,  0.0 wa,  0.0 hi,  0.0 si,  0.4 st
%Cpu(s): 51.8 us,  3.8 sy,  0.0 ni, 44.1 id,  0.0 wa,  0.0 hi,  0.4 si,  0.0 st
%Cpu(s): 91.1 us,  5.2 sy,  0.0 ni,  2.7 id,  0.0 wa,  0.0 hi,  0.9 si,  0.0 st
%Cpu(s): 91.0 us,  7.4 sy,  0.0 ni,  0.4 id,  0.0 wa,  0.0 hi,  1.2 si,  0.0 st
%Cpu(s): 90.4 us,  7.6 sy,  0.0 ni,  0.6 id,  0.0 wa,  0.0 hi,  1.4 si,  0.0 st
%Cpu(s): 89.9 us,  7.5 sy,  0.0 ni,  0.7 id,  0.0 wa,  0.0 hi,  1.9 si,  0.0 st
%Cpu(s): 91.8 us,  6.5 sy,  0.0 ni,  0.4 id,  0.0 wa,  0.0 hi,  1.4 si,  0.0 st
%Cpu(s): 85.2 us,  7.8 sy,  0.0 ni,  5.4 id,  0.0 wa,  0.0 hi,  1.6 si,  0.0 st
%Cpu(s): 86.4 us,  6.5 sy,  0.0 ni,  5.2 id,  0.0 wa,  0.0 hi,  1.9 si,  0.0 st
%Cpu(s): 59.6 us,  8.0 sy,  0.0 ni, 30.9 id,  0.0 wa,  0.0 hi,  1.5 si,  0.0 st
%Cpu(s): 26.8 us,  6.2 sy,  0.0 ni, 66.4 id,  0.0 wa,  0.0 hi,  0.6 si,  0.0 st
%Cpu(s): 42.6 us,  5.4 sy,  0.0 ni, 51.5 id,  0.0 wa,  0.0 hi,  0.5 si,  0.0 st
%Cpu(s): 29.3 us,  5.9 sy,  0.0 ni, 63.9 id,  0.0 wa,  0.0 hi,  0.8 si,  0.1 st
%Cpu(s): 37.9 us,  6.6 sy,  0.0 ni, 54.7 id,  0.0 wa,  0.0 hi,  0.8 si,  0.0 st
%Cpu(s): 43.8 us,  7.5 sy,  0.0 ni, 47.5 id,  0.0 wa,  0.0 hi,  1.3 si,  0.0 st
%Cpu(s): 31.4 us,  5.6 sy,  0.0 ni, 62.3 id,  0.0 wa,  0.0 hi,  0.6 si,  0.0 st
%Cpu(s): 21.3 us,  5.8 sy,  0.0 ni, 72.5 id,  0.0 wa,  0.0 hi,  0.3 si,  0.1 st
%Cpu(s): 14.4 us,  6.6 sy,  0.0 ni, 78.8 id,  0.0 wa,  0.0 hi,  0.1 si,  0.0 st
%Cpu(s): 18.0 us,  5.6 sy,  0.0 ni, 76.0 id,  0.0 wa,  0.0 hi,  0.4 si,  0.0 st
%Cpu(s): 21.4 us,  5.7 sy,  0.0 ni, 72.1 id,  0.0 wa,  0.0 hi,  0.8 si,  0.0 st
%Cpu(s): 17.4 us,  7.3 sy,  0.0 ni, 74.2 id,  0.5 wa,  0.0 hi,  0.6 si,  0.0 st
%Cpu(s): 13.3 us,  5.8 sy,  0.0 ni, 80.2 id,  0.1 wa,  0.0 hi,  0.5 si,  0.0 st
%Cpu(s): 14.5 us,  5.6 sy,  0.0 ni, 79.4 id,  0.0 wa,  0.0 hi,  0.4 si,  0.1 st
%Cpu(s): 16.7 us,  6.7 sy,  0.0 ni, 75.9 id,  0.0 wa,  0.0 hi,  0.6 si,  0.0 st
%Cpu(s): 20.5 us,  5.5 sy,  0.0 ni, 73.5 id,  0.0 wa,  0.0 hi,  0.5 si,  0.0 st
%Cpu(s): 12.2 us,  7.1 sy,  0.0 ni, 80.2 id,  0.0 wa,  0.0 hi,  0.5 si,  0.0 st
%Cpu(s): 13.1 us,  5.4 sy,  0.0 ni, 80.7 id,  0.0 wa,  0.0 hi,  0.6 si,  0.1 st
%Cpu(s): 13.0 us,  6.7 sy,  0.0 ni, 79.6 id,  0.0 wa,  0.0 hi,  0.8 si,  0.0 st
%Cpu(s): 13.2 us,  7.4 sy,  0.0 ni, 79.1 id,  0.0 wa,  0.0 hi,  0.4 si,  0.0 st
%Cpu(s): 12.5 us,  4.6 sy,  0.0 ni, 82.2 id,  0.0 wa,  0.0 hi,  0.6 si,  0.0 st
%Cpu(s): 11.7 us,  4.3 sy,  0.0 ni, 83.3 id,  0.0 wa,  0.0 hi,  0.5 si,  0.1 st
%Cpu(s): 17.1 us,  5.9 sy,  0.0 ni, 76.3 id,  0.1 wa,  0.0 hi,  0.6 si,  0.0 st
%Cpu(s): 24.1 us,  5.5 sy,  0.0 ni, 69.4 id,  0.0 wa,  0.0 hi,  1.0 si,  0.0 st
%Cpu(s): 17.1 us,  6.1 sy,  0.0 ni, 76.1 id,  0.0 wa,  0.0 hi,  0.6 si,  0.0 st
%Cpu(s): 15.1 us,  5.9 sy,  0.0 ni, 78.2 id,  0.0 wa,  0.0 hi,  0.6 si,  0.1 st
%Cpu(s): 13.6 us,  5.6 sy,  0.0 ni, 80.1 id,  0.0 wa,  0.0 hi,  0.8 si,  0.0 st
%Cpu(s): 25.1 us,  5.1 sy,  0.0 ni, 68.8 id,  0.0 wa,  0.0 hi,  1.0 si,  0.0 st
%Cpu(s): 15.9 us,  5.8 sy,  0.0 ni, 77.4 id,  0.0 wa,  0.0 hi,  0.9 si,  0.0 st
%Cpu(s): 15.4 us,  5.6 sy,  0.0 ni, 78.1 id,  0.0 wa,  0.0 hi,  0.9 si,  0.0 st
%Cpu(s): 15.4 us,  6.1 sy,  0.0 ni, 77.7 id,  0.0 wa,  0.0 hi,  0.8 si,  0.0 st
%Cpu(s): 13.9 us,  5.8 sy,  0.0 ni, 79.5 id,  0.0 wa,  0.0 hi,  0.8 si,  0.0 st
%Cpu(s): 12.7 us,  6.0 sy,  0.0 ni, 80.5 id,  0.0 wa,  0.0 hi,  0.8 si,  0.1 st
%Cpu(s): 11.8 us,  6.7 sy,  0.0 ni, 80.7 id,  0.0 wa,  0.0 hi,  0.6 si,  0.1 st
%Cpu(s): 12.8 us,  5.8 sy,  0.0 ni, 80.8 id,  0.0 wa,  0.0 hi,  0.6 si,  0.0 st
%Cpu(s): 11.3 us,  5.7 sy,  0.0 ni, 82.5 id,  0.0 wa,  0.0 hi,  0.5 si,  0.0 st
%Cpu(s): 11.7 us,  5.3 sy,  0.0 ni, 82.2 id,  0.0 wa,  0.0 hi,  0.8 si,  0.0 st
%Cpu(s): 15.1 us,  5.5 sy,  0.0 ni, 79.0 id,  0.0 wa,  0.0 hi,  0.5 si,  0.0 st
%Cpu(s): 12.9 us,  5.9 sy,  0.0 ni, 80.8 id,  0.0 wa,  0.0 hi,  0.4 si,  0.0 st
%Cpu(s): 12.4 us,  6.8 sy,  0.0 ni, 80.4 id,  0.0 wa,  0.0 hi,  0.4 si,  0.0 st
%Cpu(s): 11.8 us,  6.7 sy,  0.0 ni, 81.1 id,  0.0 wa,  0.0 hi,  0.4 si,  0.0 st
%Cpu(s): 11.7 us,  6.2 sy,  0.0 ni, 81.5 id,  0.0 wa,  0.0 hi,  0.6 si,  0.0 st
%Cpu(s): 12.2 us,  5.0 sy,  0.0 ni, 82.1 id,  0.0 wa,  0.0 hi,  0.5 si,  0.1 st
%Cpu(s): 11.5 us,  6.0 sy,  0.0 ni, 81.8 id,  0.0 wa,  0.0 hi,  0.6 si,  0.0 st
%Cpu(s): 12.7 us,  6.4 sy,  0.0 ni, 80.3 id,  0.0 wa,  0.0 hi,  0.6 si,  0.0 st
%Cpu(s): 14.0 us,  6.2 sy,  0.0 ni, 79.2 id,  0.0 wa,  0.0 hi,  0.5 si,  0.1 st
%Cpu(s): 13.3 us,  5.6 sy,  0.0 ni, 80.7 id,  0.0 wa,  0.0 hi,  0.4 si,  0.0 st
%Cpu(s):  5.0 us,  2.6 sy,  0.0 ni, 91.5 id,  0.1 wa,  0.0 hi,  0.6 si,  0.1 st
%Cpu(s):  1.8 us,  3.1 sy,  0.0 ni, 95.1 id,  0.0 wa,  0.0 hi,  0.0 si,  0.0 st
%Cpu(s):  1.8 us,  1.3 sy,  0.0 ni, 96.9 id,  0.0 wa,  0.0 hi,  0.0 si,  0.1 st
%Cpu(s):  2.5 us,  1.5 sy,  0.0 ni, 96.0 id,  0.0 wa,  0.0 hi,  0.0 si,  0.0 st
%Cpu(s):  2.2 us,  2.1 sy,  0.0 ni, 95.5 id,  0.0 wa,  0.0 hi,  0.0 si,  0.1 st
%Cpu(s):  3.9 us,  2.6 sy,  0.0 ni, 93.5 id,  0.0 wa,  0.0 hi,  0.0 si,  0.0 st
%Cpu(s):  5.0 us,  2.9 sy,  0.0 ni, 92.2 id,  0.0 wa,  0.0 hi,  0.0 si,  0.0 st
%Cpu(s):  3.9 us,  1.7 sy,  0.0 ni, 94.4 id,  0.0 wa,  0.0 hi,  0.0 si,  0.0 st
%Cpu(s):  3.0 us,  4.3 sy,  0.0 ni, 92.6 id,  0.0 wa,  0.0 hi,  0.0 si,  0.1 st
%Cpu(s):  3.3 us,  3.1 sy,  0.0 ni, 93.4 id,  0.0 wa,  0.0 hi,  0.0 si,  0.3 st
%Cpu(s):  3.2 us,  2.6 sy,  0.0 ni, 94.0 id,  0.0 wa,  0.0 hi,  0.0 si,  0.1 st
%Cpu(s):  2.3 us,  1.0 sy,  0.0 ni, 96.2 id,  0.0 wa,  0.0 hi,  0.1 si,  0.4 st
%Cpu(s):  1.8 us,  1.9 sy,  0.0 ni, 96.0 id,  0.0 wa,  0.0 hi,  0.1 si,  0.3 st
%Cpu(s):  3.7 us,  3.6 sy,  0.0 ni, 92.6 id,  0.0 wa,  0.0 hi,  0.0 si,  0.0 st
%Cpu(s):  2.5 us,  3.2 sy,  0.0 ni, 94.1 id,  0.0 wa,  0.0 hi,  0.1 si,  0.1 st
%Cpu(s):  2.6 us,  2.5 sy,  0.0 ni, 94.9 id,  0.0 wa,  0.0 hi,  0.0 si,  0.0 st
%Cpu(s):  3.0 us,  1.2 sy,  0.0 ni, 95.5 id,  0.0 wa,  0.0 hi,  0.1 si,  0.1 st
%Cpu(s):  1.0 us,  1.5 sy,  0.0 ni, 97.5 id,  0.0 wa,  0.0 hi,  0.0 si,  0.0 st
%Cpu(s):  2.8 us,  2.5 sy,  0.0 ni, 94.3 id,  0.0 wa,  0.0 hi,  0.2 si,  0.1 st
%Cpu(s):  2.9 us,  2.1 sy,  0.0 ni, 95.0 id,  0.0 wa,  0.0 hi,  0.0 si,  0.0 st
