%Cpu(s):  0.6 us,  0.1 sy,  0.0 ni, 99.2 id,  0.0 wa,  0.0 hi,  0.0 si,  0.0 st
%Cpu(s):  1.5 us,  1.1 sy,  0.0 ni, 97.4 id,  0.0 wa,  0.0 hi,  0.0 si,  0.0 st
%Cpu(s):  1.9 us,  0.9 sy,  0.0 ni, 96.6 id,  0.0 wa,  0.0 hi,  0.0 si,  0.6 st
%Cpu(s):  1.6 us,  1.4 sy,  0.0 ni, 97.0 id,  0.0 wa,  0.0 hi,  0.0 si,  0.0 st
%Cpu(s):  0.9 us,  2.0 sy,  0.0 ni, 97.1 id,  0.0 wa,  0.0 hi,  0.0 si,  0.0 st
%Cpu(s):  4.8 us,  1.3 sy,  0.0 ni, 93.8 id,  0.0 wa,  0.0 hi,  0.0 si,  0.1 st
%Cpu(s): 43.3 us,  3.3 sy,  0.0 ni, 53.1 id,  0.0 wa,  0.0 hi,  0.3 si,  0.0 st
%Cpu(s): 88.0 us,  8.3 sy,  0.0 ni,  2.8 id,  0.0 wa,  0.0 hi,  1.0 si,  0.0 st
%Cpu(s): 88.8 us,  8.1 sy,  0.0 ni,  1.9 id,  0.0 wa,  0.0 hi,  1.2 si,  0.0 st
%Cpu(s): 90.0 us,  7.5 sy,  0.0 ni,  0.9 id,  0.0 wa,  0.0 hi,  1.6 si,  0.0 st
%Cpu(s): 87.5 us,  9.7 sy,  0.0 ni,  1.0 id,  0.0 wa,  0.0 hi,  1.9 si,  0.0 st
%Cpu(s): 85.7 us, 11.1 sy,  0.0 ni,  1.2 id,  0.0 wa,  0.0 hi,  2.0 si,  0.0 st
%Cpu(s): 82.7 us,  7.8 sy,  0.0 ni,  7.5 id,  0.0 wa,  0.0 hi,  2.0 si,  0.0 st
%Cpu(s): 82.1 us,  7.2 sy,  0.0 ni,  8.8 id,  0.0 wa,  0.0 hi,  1.8 si,  0.1 st
%Cpu(s): 80.1 us,  6.5 sy,  0.0 ni, 11.3 id,  0.0 wa,  0.0 hi,  2.1 si,  0.0 st
%Cpu(s): 48.6 us,  6.1 sy,  0.0 ni, 44.1 id,  0.0 wa,  0.0 hi,  1.1 si,  0.0 st
%Cpu(s): 35.9 us,  6.1 sy,  0.0 ni, 57.3 id,  0.0 wa,  0.0 hi,  0.6 si,  0.0 st
%Cpu(s): 12.6 us,  5.1 sy,  0.0 ni, 81.8 id,  0.0 wa,  0.0 hi,  0.5 si,  0.0 st
%Cpu(s): 15.9 us,  4.6 sy,  0.0 ni, 79.3 id,  0.0 wa,  0.0 hi,  0.1 si,  0.1 st
%Cpu(s): 14.2 us,  5.5 sy,  0.0 ni, 79.5 id,  0.0 wa,  0.0 hi,  0.8 si,  0.0 st
%Cpu(s): 13.6 us,  6.5 sy,  0.0 ni, 78.8 id,  0.0 wa,  0.0 hi,  0.9 si,  0.1 st
%Cpu(s): 13.5 us,  4.4 sy,  0.0 ni, 81.4 id,  0.0 wa,  0.0 hi,  0.7 si,  0.0 st
%Cpu(s): 22.5 us,  6.0 sy,  0.0 ni, 70.6 id,  0.0 wa,  0.0 hi,  0.9 si,  0.0 st
%Cpu(s): 15.4 us,  6.5 sy,  0.0 ni, 77.0 id,  0.0 wa,  0.0 hi,  0.9 si,  0.1 st
%Cpu(s): 10.7 us,  5.4 sy,  0.0 ni, 83.2 id,  0.0 wa,  0.0 hi,  0.6 si,  0.0 st
%Cpu(s): 11.6 us,  7.5 sy,  0.0 ni, 79.9 id,  0.0 wa,  0.0 hi,  0.9 si,  0.0 st
%Cpu(s): 12.4 us,  6.0 sy,  0.0 ni, 80.5 id,  0.0 wa,  0.0 hi,  1.0 si,  0.1 st
%Cpu(s): 11.9 us,  4.9 sy,  0.0 ni, 82.3 id,  0.0 wa,  0.0 hi,  0.9 si,  0.0 st
%Cpu(s):  9.4 us,  5.4 sy,  0.0 ni, 84.8 id,  0.0 wa,  0.0 hi,  0.4 si,  0.0 st
%Cpu(s): 10.6 us,  6.1 sy,  0.0 ni, 82.6 id,  0.0 wa,  0.0 hi,  0.6 si,  0.1 st
%Cpu(s):  8.6 us,  6.4 sy,  0.0 ni, 84.5 id,  0.0 wa,  0.0 hi,  0.5 si,  0.0 st
%Cpu(s): 11.3 us,  6.5 sy,  0.0 ni, 81.6 id,  0.0 wa,  0.0 hi,  0.5 si,  0.1 st
%Cpu(s): 10.8 us,  6.4 sy,  0.0 ni, 82.2 id,  0.0 wa,  0.0 hi,  0.5 si,  0.1 st
%Cpu(s):  8.6 us,  4.8 sy,  0.0 ni, 86.0 id,  0.0 wa,  0.0 hi,  0.6 si,  0.0 st
%Cpu(s):  8.6 us,  6.0 sy,  0.0 ni, 84.5 id,  0.0 wa,  0.0 hi,  0.9 si,  0.0 st
%Cpu(s):  8.5 us,  5.5 sy,  0.0 ni, 85.2 id,  0.0 wa,  0.0 hi,  0.8 si,  0.0 st
%Cpu(s): 15.8 us,  5.9 sy,  0.0 ni, 78.0 id,  0.0 wa,  0.0 hi,  0.4 si,  0.0 st
%Cpu(s): 21.0 us,  5.8 sy,  0.0 ni, 72.8 id,  0.0 wa,  0.0 hi,  0.4 si,  0.1 st
%Cpu(s): 28.4 us,  5.8 sy,  0.0 ni, 65.2 id,  0.0 wa,  0.0 hi,  0.6 si,  0.0 st
%Cpu(s): 10.3 us,  5.2 sy,  0.0 ni, 83.6 id,  0.0 wa,  0.0 hi,  0.8 si,  0.1 st
%Cpu(s): 20.6 us,  5.5 sy,  0.0 ni, 73.4 id,  0.0 wa,  0.0 hi,  0.5 si,  0.0 st
%Cpu(s): 36.9 us,  5.7 sy,  0.0 ni, 56.3 id,  0.0 wa,  0.0 hi,  1.0 si,  0.0 st
%Cpu(s): 25.6 us,  7.0 sy,  0.0 ni, 66.9 id,  0.0 wa,  0.0 hi,  0.5 si,  0.0 st
%Cpu(s): 12.0 us,  5.5 sy,  0.0 ni, 81.8 id,  0.0 wa,  0.0 hi,  0.6 si,  0.1 st
%Cpu(s): 17.2 us,  5.7 sy,  0.0 ni, 76.3 id,  0.0 wa,  0.0 hi,  0.8 si,  0.0 st
%Cpu(s):  9.0 us,  5.6 sy,  0.0 ni, 85.1 id,  0.0 wa,  0.0 hi,  0.3 si,  0.0 st
%Cpu(s):  9.9 us,  5.3 sy,  0.0 ni, 84.3 id,  0.0 wa,  0.0 hi,  0.4 si,  0.1 st
%Cpu(s):  8.8 us,  4.9 sy,  0.0 ni, 85.5 id,  0.0 wa,  0.0 hi,  0.6 si,  0.1 st
%Cpu(s): 10.0 us,  5.4 sy,  0.0 ni, 83.8 id,  0.0 wa,  0.0 hi,  0.8 si,  0.0 st
%Cpu(s):  8.1 us,  5.3 sy,  0.0 ni, 86.0 id,  0.0 wa,  0.0 hi,  0.6 si,  0.0 st
%Cpu(s): 19.2 us,  5.8 sy,  0.0 ni, 73.8 id,  0.0 wa,  0.0 hi,  1.3 si,  0.0 st
%Cpu(s):  9.2 us,  5.2 sy,  0.0 ni, 85.4 id,  0.0 wa,  0.0 hi,  0.3 si,  0.0 st
%Cpu(s):  8.4 us,  5.3 sy,  0.0 ni, 85.2 id,  0.0 wa,  0.0 hi,  0.9 si,  0.1 st
%Cpu(s):  9.0 us,  6.3 sy,  0.0 ni, 83.8 id,  0.0 wa,  0.0 hi,  0.9 si,  0.0 st
%Cpu(s):  7.8 us,  5.3 sy,  0.0 ni, 85.8 id,  0.0 wa,  0.0 hi,  1.0 si,  0.1 st
%Cpu(s):  9.0 us,  5.6 sy,  0.0 ni, 84.5 id,  0.0 wa,  0.0 hi,  0.8 si,  0.1 st
%Cpu(s): 10.1 us,  6.2 sy,  0.0 ni, 83.1 id,  0.0 wa,  0.0 hi,  0.5 si,  0.0 st
%Cpu(s):  7.7 us,  5.5 sy,  0.0 ni, 86.2 id,  0.0 wa,  0.0 hi,  0.6 si,  0.0 st
%Cpu(s):  7.5 us,  5.5 sy,  0.0 ni, 86.5 id,  0.0 wa,  0.0 hi,  0.5 si,  0.0 st
%Cpu(s):  7.5 us,  5.4 sy,  0.0 ni, 86.5 id,  0.0 wa,  0.0 hi,  0.5 si,  0.1 st
%Cpu(s):  8.1 us,  6.4 sy,  0.0 ni, 84.9 id,  0.0 wa,  0.0 hi,  0.5 si,  0.1 st
%Cpu(s):  5.8 us,  3.2 sy,  0.0 ni, 90.8 id,  0.0 wa,  0.0 hi,  0.3 si,  0.0 st
%Cpu(s):  0.9 us,  1.0 sy,  0.0 ni, 98.1 id,  0.0 wa,  0.0 hi,  0.0 si,  0.0 st
%Cpu(s):  0.9 us,  1.1 sy,  0.0 ni, 98.0 id,  0.0 wa,  0.0 hi,  0.0 si,  0.0 st
%Cpu(s):  1.2 us,  1.2 sy,  0.0 ni, 97.5 id,  0.0 wa,  0.0 hi,  0.0 si,  0.0 st
%Cpu(s):  1.3 us,  0.6 sy,  0.0 ni, 98.1 id,  0.0 wa,  0.0 hi,  0.0 si,  0.0 st
%Cpu(s):  2.5 us,  1.6 sy,  0.0 ni, 95.7 id,  0.0 wa,  0.0 hi,  0.1 si,  0.1 st
%Cpu(s):  3.1 us,  1.4 sy,  0.0 ni, 95.5 id,  0.0 wa,  0.0 hi,  0.0 si,  0.0 st
%Cpu(s):  2.6 us,  1.2 sy,  0.0 ni, 96.0 id,  0.1 wa,  0.0 hi,  0.0 si,  0.0 st
%Cpu(s):  6.4 us,  1.0 sy,  0.0 ni, 92.6 id,  0.0 wa,  0.0 hi,  0.0 si,  0.0 st
%Cpu(s):  1.1 us,  1.1 sy,  0.0 ni, 97.7 id,  0.0 wa,  0.0 hi,  0.0 si,  0.0 st
%Cpu(s):  2.2 us,  1.7 sy,  0.0 ni, 95.9 id,  0.0 wa,  0.0 hi,  0.0 si,  0.1 st
%Cpu(s):  1.5 us,  2.0 sy,  0.0 ni, 96.5 id,  0.0 wa,  0.0 hi,  0.0 si,  0.0 st
%Cpu(s):  1.1 us,  1.3 sy,  0.0 ni, 97.6 id,  0.0 wa,  0.0 hi,  0.0 si,  0.0 st
%Cpu(s):  1.5 us,  0.9 sy,  0.0 ni, 97.6 id,  0.0 wa,  0.0 hi,  0.0 si,  0.0 st
%Cpu(s):  1.5 us,  1.9 sy,  0.0 ni, 96.5 id,  0.0 wa,  0.0 hi,  0.0 si,  0.1 st
%Cpu(s):  1.5 us,  1.9 sy,  0.0 ni, 96.5 id,  0.0 wa,  0.0 hi,  0.1 si,  0.0 st
%Cpu(s):  1.5 us,  1.6 sy,  0.0 ni, 96.9 id,  0.0 wa,  0.0 hi,  0.0 si,  0.0 st
%Cpu(s):  1.2 us,  1.1 sy,  0.0 ni, 97.6 id,  0.0 wa,  0.0 hi,  0.0 si,  0.0 st
%Cpu(s):  0.9 us,  2.0 sy,  0.0 ni, 97.1 id,  0.0 wa,  0.0 hi,  0.0 si,  0.0 st
%Cpu(s):  1.4 us,  1.0 sy,  0.0 ni, 97.5 id,  0.0 wa,  0.0 hi,  0.1 si,  0.0 st
%Cpu(s):  0.6 us,  1.9 sy,  0.0 ni, 97.5 id,  0.0 wa,  0.0 hi,  0.0 si,  0.0 st
%Cpu(s):  1.6 us,  1.7 sy,  0.0 ni, 96.5 id,  0.0 wa,  0.0 hi,  0.0 si,  0.1 st
%Cpu(s):  0.9 us,  1.1 sy,  0.0 ni, 98.0 id,  0.0 wa,  0.0 hi,  0.0 si,  0.0 st
