%Cpu(s):  1.8 us,  0.2 sy,  0.0 ni, 98.0 id,  0.0 wa,  0.0 hi,  0.0 si,  0.0 st
%Cpu(s): 27.9 us,  4.1 sy,  0.0 ni, 67.8 id,  0.0 wa,  0.0 hi,  0.1 si,  0.0 st
%Cpu(s): 88.7 us,  3.3 sy,  0.0 ni,  8.0 id,  0.0 wa,  0.0 hi,  0.0 si,  0.0 st
%Cpu(s): 88.3 us,  2.5 sy,  0.0 ni,  9.2 id,  0.0 wa,  0.0 hi,  0.0 si,  0.0 st
%Cpu(s): 76.1 us,  2.3 sy,  0.0 ni, 21.5 id,  0.0 wa,  0.0 hi,  0.1 si,  0.0 st
%Cpu(s): 96.0 us,  2.1 sy,  0.0 ni,  1.9 id,  0.0 wa,  0.0 hi,  0.0 si,  0.0 st
%Cpu(s): 96.8 us,  2.1 sy,  0.0 ni,  0.9 id,  0.0 wa,  0.0 hi,  0.2 si,  0.0 st
%Cpu(s): 96.3 us,  2.9 sy,  0.0 ni,  0.9 id,  0.0 wa,  0.0 hi,  0.0 si,  0.0 st
%Cpu(s): 96.0 us,  2.1 sy,  0.0 ni,  1.6 id,  0.0 wa,  0.0 hi,  0.2 si,  0.0 st
%Cpu(s): 97.1 us,  2.7 sy,  0.0 ni,  0.1 id,  0.0 wa,  0.0 hi,  0.0 si,  0.0 st
%Cpu(s): 93.4 us,  5.4 sy,  0.0 ni,  0.1 id,  0.0 wa,  0.0 hi,  1.0 si,  0.0 st
%Cpu(s): 89.9 us,  8.3 sy,  0.0 ni,  0.1 id,  0.0 wa,  0.0 hi,  1.6 si,  0.0 st
%Cpu(s): 88.0 us, 10.0 sy,  0.0 ni,  0.1 id,  0.0 wa,  0.0 hi,  1.7 si,  0.1 st
%Cpu(s): 87.8 us, 10.1 sy,  0.0 ni,  0.0 id,  0.0 wa,  0.0 hi,  2.1 si,  0.0 st
%Cpu(s): 87.6 us, 10.2 sy,  0.0 ni,  0.1 id,  0.0 wa,  0.0 hi,  2.0 si,  0.1 st
%Cpu(s): 90.2 us,  8.6 sy,  0.0 ni,  0.0 id,  0.0 wa,  0.0 hi,  1.2 si,  0.0 st
%Cpu(s): 89.1 us,  9.2 sy,  0.0 ni,  0.1 id,  0.0 wa,  0.0 hi,  1.6 si,  0.0 st
%Cpu(s): 91.4 us,  6.4 sy,  0.0 ni,  0.1 id,  0.0 wa,  0.0 hi,  2.0 si,  0.1 st
%Cpu(s): 90.2 us,  7.7 sy,  0.0 ni,  0.0 id,  0.0 wa,  0.0 hi,  2.1 si,  0.0 st
%Cpu(s): 88.8 us,  8.6 sy,  0.0 ni,  0.1 id,  0.0 wa,  0.0 hi,  2.4 si,  0.1 st
%Cpu(s): 89.9 us,  7.8 sy,  0.0 ni,  0.4 id,  0.0 wa,  0.0 hi,  1.9 si,  0.0 st
%Cpu(s): 89.9 us,  8.1 sy,  0.0 ni,  0.4 id,  0.0 wa,  0.0 hi,  1.6 si,  0.0 st
%Cpu(s): 89.9 us,  7.6 sy,  0.0 ni,  0.5 id,  0.0 wa,  0.0 hi,  2.0 si,  0.0 st
%Cpu(s): 89.6 us,  7.6 sy,  0.0 ni,  1.0 id,  0.0 wa,  0.0 hi,  1.7 si,  0.1 st
%Cpu(s): 73.8 us,  5.6 sy,  0.0 ni, 18.5 id,  0.0 wa,  0.0 hi,  2.1 si,  0.0 st
%Cpu(s): 46.9 us,  7.6 sy,  0.0 ni, 43.8 id,  0.0 wa,  0.0 hi,  1.6 si,  0.1 st
%Cpu(s): 22.5 us,  7.8 sy,  0.0 ni, 68.3 id,  0.0 wa,  0.0 hi,  1.4 si,  0.0 st
%Cpu(s): 27.6 us,  5.8 sy,  0.0 ni, 65.1 id,  0.0 wa,  0.0 hi,  1.5 si,  0.0 st
%Cpu(s): 50.2 us,  5.7 sy,  0.0 ni, 42.7 id,  0.0 wa,  0.0 hi,  1.3 si,  0.1 st
%Cpu(s): 25.8 us,  5.4 sy,  0.0 ni, 67.5 id,  0.0 wa,  0.0 hi,  1.4 si,  0.0 st
%Cpu(s): 19.6 us,  6.0 sy,  0.0 ni, 72.7 id,  0.0 wa,  0.0 hi,  1.5 si,  0.1 st
%Cpu(s): 25.5 us,  5.4 sy,  0.0 ni, 68.2 id,  0.0 wa,  0.0 hi,  0.9 si,  0.0 st
%Cpu(s): 19.0 us,  7.1 sy,  0.0 ni, 72.4 id,  0.0 wa,  0.0 hi,  1.3 si,  0.3 st
%Cpu(s): 34.9 us,  5.9 sy,  0.0 ni, 58.0 id,  0.0 wa,  0.0 hi,  1.1 si,  0.0 st
%Cpu(s): 34.1 us,  4.6 sy,  0.0 ni, 59.6 id,  0.0 wa,  0.0 hi,  1.6 si,  0.0 st
%Cpu(s): 17.4 us,  6.6 sy,  0.0 ni, 74.9 id,  0.0 wa,  0.0 hi,  1.1 si,  0.0 st
%Cpu(s): 16.6 us,  6.2 sy,  0.0 ni, 75.6 id,  0.0 wa,  0.0 hi,  1.5 si,  0.1 st
%Cpu(s): 21.5 us,  7.6 sy,  0.0 ni, 68.6 id,  0.0 wa,  0.0 hi,  2.2 si,  0.1 st
%Cpu(s): 32.6 us,  8.2 sy,  0.0 ni, 57.1 id,  0.0 wa,  0.0 hi,  1.9 si,  0.1 st
%Cpu(s): 27.1 us,  7.2 sy,  0.0 ni, 63.8 id,  0.0 wa,  0.0 hi,  1.8 si,  0.1 st
%Cpu(s): 41.0 us,  7.9 sy,  0.0 ni, 48.9 id,  0.0 wa,  0.0 hi,  2.2 si,  0.1 st
%Cpu(s): 30.9 us,  7.3 sy,  0.0 ni, 59.5 id,  0.0 wa,  0.0 hi,  2.0 si,  0.2 st
%Cpu(s): 21.1 us,  7.6 sy,  0.0 ni, 69.8 id,  0.0 wa,  0.0 hi,  1.4 si,  0.1 st
%Cpu(s): 21.8 us,  7.3 sy,  0.0 ni, 69.0 id,  0.0 wa,  0.0 hi,  1.8 si,  0.1 st
%Cpu(s): 22.7 us,  6.9 sy,  0.0 ni, 68.3 id,  0.0 wa,  0.0 hi,  1.9 si,  0.1 st
%Cpu(s): 37.9 us,  8.8 sy,  0.0 ni, 50.9 id,  0.0 wa,  0.0 hi,  2.1 si,  0.1 st
%Cpu(s): 30.7 us,  7.1 sy,  0.0 ni, 59.8 id,  0.0 wa,  0.0 hi,  2.2 si,  0.1 st
%Cpu(s): 25.8 us,  8.6 sy,  0.0 ni, 63.9 id,  0.0 wa,  0.0 hi,  1.8 si,  0.0 st
%Cpu(s): 39.9 us,  6.9 sy,  0.0 ni, 51.3 id,  0.0 wa,  0.0 hi,  1.8 si,  0.1 st
%Cpu(s): 38.0 us,  8.9 sy,  0.0 ni, 50.9 id,  0.0 wa,  0.0 hi,  2.0 si,  0.1 st
%Cpu(s): 22.0 us,  8.1 sy,  0.0 ni, 68.1 id,  0.0 wa,  0.0 hi,  1.8 si,  0.0 st
%Cpu(s): 18.1 us,  6.7 sy,  0.0 ni, 73.5 id,  0.0 wa,  0.0 hi,  1.5 si,  0.1 st
%Cpu(s): 17.9 us,  7.1 sy,  0.0 ni, 72.9 id,  0.0 wa,  0.0 hi,  2.0 si,  0.1 st
%Cpu(s): 17.1 us,  7.1 sy,  0.0 ni, 74.2 id,  0.0 wa,  0.0 hi,  1.6 si,  0.0 st
%Cpu(s): 18.5 us,  8.6 sy,  0.0 ni, 70.6 id,  0.0 wa,  0.0 hi,  2.2 si,  0.1 st
%Cpu(s): 20.0 us,  7.4 sy,  0.0 ni, 70.6 id,  0.0 wa,  0.0 hi,  1.9 si,  0.1 st
%Cpu(s): 21.0 us,  8.4 sy,  0.0 ni, 67.8 id,  0.0 wa,  0.0 hi,  2.7 si,  0.0 st
%Cpu(s): 17.3 us,  6.6 sy,  0.0 ni, 74.1 id,  0.0 wa,  0.0 hi,  1.8 si,  0.1 st
%Cpu(s): 18.4 us,  8.2 sy,  0.0 ni, 71.2 id,  0.0 wa,  0.0 hi,  2.0 si,  0.1 st
%Cpu(s): 18.6 us,  7.2 sy,  0.0 ni, 72.3 id,  0.0 wa,  0.0 hi,  1.8 si,  0.1 st
%Cpu(s): 17.4 us,  8.5 sy,  0.0 ni, 72.1 id,  0.0 wa,  0.0 hi,  1.9 si,  0.1 st
%Cpu(s): 20.7 us,  8.5 sy,  0.0 ni, 68.9 id,  0.0 wa,  0.0 hi,  1.9 si,  0.0 st
%Cpu(s): 20.8 us,  8.7 sy,  0.0 ni, 68.1 id,  0.0 wa,  0.0 hi,  2.2 si,  0.1 st
%Cpu(s): 21.0 us,  7.8 sy,  0.0 ni, 69.4 id,  0.0 wa,  0.0 hi,  1.6 si,  0.3 st
%Cpu(s): 19.7 us,  9.3 sy,  0.0 ni, 69.1 id,  0.0 wa,  0.0 hi,  1.9 si,  0.0 st
%Cpu(s): 17.8 us,  9.6 sy,  0.0 ni, 70.3 id,  0.0 wa,  0.0 hi,  1.9 si,  0.3 st
%Cpu(s): 19.4 us,  8.8 sy,  0.0 ni, 69.1 id,  0.0 wa,  0.0 hi,  2.6 si,  0.1 st
%Cpu(s): 10.9 us,  4.6 sy,  0.0 ni, 83.8 id,  0.0 wa,  0.0 hi,  0.8 si,  0.0 st
%Cpu(s):  7.7 us,  1.0 sy,  0.0 ni, 91.2 id,  0.0 wa,  0.0 hi,  0.1 si,  0.0 st
%Cpu(s):  8.1 us,  1.7 sy,  0.0 ni, 90.2 id,  0.0 wa,  0.0 hi,  0.0 si,  0.0 st
%Cpu(s):  4.7 us,  1.7 sy,  0.0 ni, 93.4 id,  0.1 wa,  0.0 hi,  0.0 si,  0.0 st
%Cpu(s):  2.4 us,  1.7 sy,  0.0 ni, 95.8 id,  0.0 wa,  0.0 hi,  0.1 si,  0.0 st
%Cpu(s):  4.4 us,  1.0 sy,  0.0 ni, 94.6 id,  0.0 wa,  0.0 hi,  0.0 si,  0.0 st
%Cpu(s):  6.1 us,  0.8 sy,  0.0 ni, 93.1 id,  0.0 wa,  0.0 hi,  0.0 si,  0.0 st
%Cpu(s): 14.4 us,  1.9 sy,  0.0 ni, 83.7 id,  0.0 wa,  0.0 hi,  0.0 si,  0.0 st
%Cpu(s):  5.3 us,  1.5 sy,  0.0 ni, 93.0 id,  0.0 wa,  0.0 hi,  0.1 si,  0.1 st
%Cpu(s):  2.5 us,  1.9 sy,  0.0 ni, 95.7 id,  0.0 wa,  0.0 hi,  0.0 si,  0.0 st
%Cpu(s):  1.9 us,  1.1 sy,  0.0 ni, 97.0 id,  0.0 wa,  0.0 hi,  0.0 si,  0.0 st
%Cpu(s):  3.4 us,  0.7 sy,  0.0 ni, 95.9 id,  0.0 wa,  0.0 hi,  0.0 si,  0.0 st
