%Cpu(s):  1.1 us,  0.2 sy,  0.0 ni, 98.7 id,  0.0 wa,  0.0 hi,  0.0 si,  0.0 st
%Cpu(s):  3.6 us,  1.0 sy,  0.0 ni, 95.4 id,  0.0 wa,  0.0 hi,  0.0 si,  0.0 st
%Cpu(s): 73.1 us,  4.7 sy,  0.0 ni, 22.1 id,  0.0 wa,  0.0 hi,  0.0 si,  0.1 st
%Cpu(s): 73.7 us,  2.9 sy,  0.0 ni, 23.4 id,  0.0 wa,  0.0 hi,  0.0 si,  0.0 st
%Cpu(s): 89.0 us,  3.0 sy,  0.0 ni,  8.0 id,  0.0 wa,  0.0 hi,  0.0 si,  0.0 st
%Cpu(s): 95.9 us,  2.5 sy,  0.0 ni,  1.6 id,  0.0 wa,  0.0 hi,  0.0 si,  0.0 st
%Cpu(s): 95.2 us,  2.9 sy,  0.0 ni,  1.7 id,  0.0 wa,  0.0 hi,  0.2 si,  0.0 st
%Cpu(s): 39.8 us,  1.8 sy,  0.0 ni, 58.3 id,  0.0 wa,  0.0 hi,  0.0 si,  0.1 st
%Cpu(s):  7.6 us,  2.1 sy,  0.0 ni, 90.0 id,  0.0 wa,  0.0 hi,  0.1 si,  0.1 st
%Cpu(s):  5.5 us,  1.6 sy,  0.0 ni, 92.8 id,  0.0 wa,  0.0 hi,  0.0 si,  0.1 st
%Cpu(s): 11.6 us,  1.8 sy,  0.0 ni, 86.5 id,  0.0 wa,  0.0 hi,  0.0 si,  0.1 st
%Cpu(s): 15.6 us,  2.9 sy,  0.0 ni, 81.2 id,  0.0 wa,  0.0 hi,  0.2 si,  0.1 st
%Cpu(s):  7.6 us,  1.8 sy,  0.0 ni, 90.5 id,  0.0 wa,  0.0 hi,  0.0 si,  0.1 st
%Cpu(s):  6.5 us,  2.5 sy,  0.0 ni, 90.6 id,  0.0 wa,  0.0 hi,  0.3 si,  0.1 st
%Cpu(s):  9.1 us,  3.5 sy,  0.0 ni, 87.4 id,  0.0 wa,  0.0 hi,  0.0 si,  0.0 st
%Cpu(s):  3.6 us,  3.9 sy,  0.0 ni, 92.5 id,  0.0 wa,  0.0 hi,  0.0 si,  0.0 st
%Cpu(s): 10.8 us,  4.0 sy,  0.0 ni, 85.0 id,  0.0 wa,  0.0 hi,  0.1 si,  0.1 st
%Cpu(s): 65.7 us,  6.8 sy,  0.0 ni, 26.5 id,  0.0 wa,  0.0 hi,  1.0 si,  0.0 st
%Cpu(s): 86.7 us, 10.0 sy,  0.0 ni,  1.0 id,  0.0 wa,  0.0 hi,  2.4 si,  0.0 st
%Cpu(s): 87.1 us, 10.5 sy,  0.0 ni,  0.0 id,  0.0 wa,  0.0 hi,  2.4 si,  0.0 st
%Cpu(s): 87.5 us,  9.1 sy,  0.0 ni,  1.7 id,  0.0 wa,  0.0 hi,  1.6 si,  0.0 st
%Cpu(s): 87.8 us,  8.9 sy,  0.0 ni,  0.7 id,  0.0 wa,  0.0 hi,  2.5 si,  0.0 st
%Cpu(s): 82.9 us,  9.1 sy,  0.0 ni,  5.8 id,  0.0 wa,  0.0 hi,  2.2 si,  0.0 st
%Cpu(s): 78.1 us, 10.0 sy,  0.0 ni,  9.6 id,  0.0 wa,  0.0 hi,  2.4 si,  0.0 st
%Cpu(s): 54.8 us,  8.7 sy,  0.0 ni, 35.1 id,  0.0 wa,  0.0 hi,  1.4 si,  0.0 st
%Cpu(s): 41.7 us,  6.7 sy,  0.0 ni, 50.4 id,  0.0 wa,  0.0 hi,  1.1 si,  0.0 st
%Cpu(s): 42.0 us,  7.9 sy,  0.0 ni, 48.7 id,  0.0 wa,  0.0 hi,  1.4 si,  0.0 st
%Cpu(s): 27.2 us,  8.7 sy,  0.0 ni, 61.8 id,  0.0 wa,  0.0 hi,  2.2 si,  0.0 st
%Cpu(s): 52.5 us,  9.4 sy,  0.0 ni, 36.2 id,  0.0 wa,  0.0 hi,  1.9 si,  0.0 st
%Cpu(s): 81.5 us,  8.8 sy,  0.0 ni,  7.5 id,  0.0 wa,  0.0 hi,  2.3 si,  0.0 st
%Cpu(s): 58.2 us, 10.2 sy,  0.0 ni, 29.8 id,  0.0 wa,  0.0 hi,  1.9 si,  0.0 st
%Cpu(s): 31.0 us,  9.0 sy,  0.0 ni, 58.2 id,  0.0 wa,  0.0 hi,  1.8 si,  0.0 st
%Cpu(s): 14.2 us,  8.2 sy,  0.0 ni, 76.4 id,  0.0 wa,  0.0 hi,  1.2 si,  0.0 st
%Cpu(s): 12.3 us,  6.9 sy,  0.0 ni, 79.1 id,  0.0 wa,  0.0 hi,  1.7 si,  0.0 st
%Cpu(s): 35.2 us,  7.0 sy,  0.0 ni, 56.2 id,  0.0 wa,  0.0 hi,  1.5 si,  0.0 st
%Cpu(s): 17.3 us,  7.4 sy,  0.0 ni, 74.2 id,  0.0 wa,  0.0 hi,  1.0 si,  0.1 st
%Cpu(s): 11.6 us,  7.5 sy,  0.0 ni, 79.7 id,  0.0 wa,  0.0 hi,  1.3 si,  0.0 st
%Cpu(s): 24.1 us,  7.3 sy,  0.0 ni, 66.9 id,  0.0 wa,  0.0 hi,  1.6 si,  0.0 st
%Cpu(s): 16.2 us,  7.9 sy,  0.0 ni, 74.7 id,  0.0 wa,  0.0 hi,  1.1 si,  0.0 st
%Cpu(s): 12.2 us,  6.7 sy,  0.0 ni, 79.2 id,  0.0 wa,  0.0 hi,  1.7 si,  0.1 st
%Cpu(s): 11.7 us,  6.9 sy,  0.0 ni, 79.9 id,  0.0 wa,  0.0 hi,  1.5 si,  0.0 st
%Cpu(s): 10.6 us,  7.5 sy,  0.0 ni, 80.4 id,  0.0 wa,  0.0 hi,  1.5 si,  0.0 st
%Cpu(s): 12.5 us,  6.7 sy,  0.0 ni, 79.0 id,  0.0 wa,  0.0 hi,  1.8 si,  0.0 st
%Cpu(s): 14.2 us,  7.3 sy,  0.0 ni, 77.3 id,  0.0 wa,  0.0 hi,  1.3 si,  0.0 st
%Cpu(s): 16.1 us,  8.3 sy,  0.0 ni, 74.2 id,  0.0 wa,  0.0 hi,  1.3 si,  0.1 st
%Cpu(s): 21.2 us,  7.3 sy,  0.0 ni, 69.6 id,  0.0 wa,  0.0 hi,  1.9 si,  0.0 st
%Cpu(s): 36.2 us,  7.3 sy,  0.0 ni, 54.9 id,  0.0 wa,  0.0 hi,  1.5 si,  0.0 st
%Cpu(s): 26.3 us,  7.3 sy,  0.0 ni, 64.5 id,  0.0 wa,  0.0 hi,  1.9 si,  0.0 st
%Cpu(s): 33.4 us,  8.1 sy,  0.0 ni, 56.6 id,  0.0 wa,  0.0 hi,  1.9 si,  0.0 st
%Cpu(s): 44.0 us,  7.9 sy,  0.0 ni, 46.3 id,  0.0 wa,  0.0 hi,  1.9 si,  0.0 st
%Cpu(s): 33.9 us,  7.5 sy,  0.0 ni, 56.6 id,  0.0 wa,  0.0 hi,  2.0 si,  0.0 st
%Cpu(s): 15.4 us,  7.9 sy,  0.0 ni, 74.5 id,  0.0 wa,  0.0 hi,  2.3 si,  0.0 st
%Cpu(s): 21.1 us,  7.2 sy,  0.0 ni, 70.4 id,  0.0 wa,  0.0 hi,  1.3 si,  0.1 st
%Cpu(s): 22.8 us,  5.7 sy,  0.0 ni, 69.8 id,  0.0 wa,  0.0 hi,  1.7 si,  0.0 st
%Cpu(s): 24.3 us,  5.7 sy,  0.0 ni, 68.5 id,  0.0 wa,  0.0 hi,  1.5 si,  0.0 st
%Cpu(s): 12.5 us,  7.5 sy,  0.0 ni, 78.5 id,  0.0 wa,  0.0 hi,  1.5 si,  0.0 st
%Cpu(s): 10.1 us,  7.9 sy,  0.0 ni, 80.3 id,  0.0 wa,  0.0 hi,  1.7 si,  0.0 st
%Cpu(s): 11.7 us,  7.2 sy,  0.0 ni, 79.2 id,  0.0 wa,  0.0 hi,  1.9 si,  0.0 st
%Cpu(s): 11.8 us,  7.2 sy,  0.0 ni, 79.5 id,  0.0 wa,  0.0 hi,  1.4 si,  0.1 st
%Cpu(s): 11.1 us,  7.9 sy,  0.0 ni, 79.0 id,  0.0 wa,  0.0 hi,  1.9 si,  0.0 st
%Cpu(s): 11.7 us,  7.0 sy,  0.0 ni, 79.2 id,  0.0 wa,  0.0 hi,  2.1 si,  0.0 st
%Cpu(s):  6.6 us,  5.3 sy,  0.0 ni, 87.0 id,  0.0 wa,  0.0 hi,  1.0 si,  0.1 st
%Cpu(s):  4.2 us,  4.7 sy,  0.0 ni, 90.7 id,  0.0 wa,  0.0 hi,  0.5 si,  0.0 st
%Cpu(s):  5.4 us,  4.4 sy,  0.0 ni, 89.9 id,  0.0 wa,  0.0 hi,  0.3 si,  0.0 st
%Cpu(s):  6.5 us,  4.1 sy,  0.0 ni, 89.1 id,  0.0 wa,  0.0 hi,  0.4 si,  0.0 st
%Cpu(s):  4.8 us,  5.0 sy,  0.0 ni, 89.6 id,  0.1 wa,  0.0 hi,  0.5 si,  0.0 st
%Cpu(s):  5.2 us,  4.6 sy,  0.0 ni, 89.9 id,  0.0 wa,  0.0 hi,  0.3 si,  0.1 st
%Cpu(s):  5.4 us,  3.6 sy,  0.0 ni, 90.8 id,  0.0 wa,  0.0 hi,  0.1 si,  0.1 st
%Cpu(s):  4.4 us,  2.9 sy,  0.0 ni, 92.5 id,  0.0 wa,  0.0 hi,  0.0 si,  0.1 st
%Cpu(s):  2.7 us,  3.3 sy,  0.0 ni, 93.9 id,  0.0 wa,  0.0 hi,  0.0 si,  0.1 st
%Cpu(s):  3.4 us,  3.1 sy,  0.0 ni, 93.5 id,  0.0 wa,  0.0 hi,  0.0 si,  0.0 st
%Cpu(s):  2.8 us,  2.9 sy,  0.0 ni, 94.2 id,  0.0 wa,  0.0 hi,  0.0 si,  0.1 st
%Cpu(s):  3.4 us,  3.5 sy,  0.0 ni, 92.9 id,  0.0 wa,  0.0 hi,  0.1 si,  0.1 st
%Cpu(s):  5.0 us,  3.1 sy,  0.0 ni, 91.9 id,  0.0 wa,  0.0 hi,  0.0 si,  0.0 st
%Cpu(s):  3.5 us,  2.3 sy,  0.0 ni, 94.1 id,  0.0 wa,  0.0 hi,  0.0 si,  0.1 st
%Cpu(s):  3.5 us,  3.0 sy,  0.0 ni, 93.4 id,  0.0 wa,  0.0 hi,  0.1 si,  0.0 st
%Cpu(s):  3.3 us,  2.3 sy,  0.0 ni, 94.2 id,  0.0 wa,  0.0 hi,  0.1 si,  0.1 st
%Cpu(s):  7.0 us,  2.5 sy,  0.0 ni, 90.3 id,  0.0 wa,  0.0 hi,  0.1 si,  0.0 st
%Cpu(s): 12.7 us,  3.0 sy,  0.0 ni, 84.3 id,  0.0 wa,  0.0 hi,  0.0 si,  0.0 st
%Cpu(s):  8.2 us,  3.0 sy,  0.0 ni, 88.5 id,  0.0 wa,  0.0 hi,  0.1 si,  0.1 st
%Cpu(s):  3.3 us,  3.5 sy,  0.0 ni, 93.0 id,  0.1 wa,  0.0 hi,  0.0 si,  0.1 st
