%Cpu(s):  1.1 us,  0.2 sy,  0.0 ni, 98.7 id,  0.0 wa,  0.0 hi,  0.0 si,  0.0 st
%Cpu(s):  9.2 us,  1.8 sy,  0.0 ni, 88.8 id,  0.0 wa,  0.0 hi,  0.1 si,  0.1 st
%Cpu(s): 85.6 us,  4.8 sy,  0.0 ni,  9.7 id,  0.0 wa,  0.0 hi,  0.0 si,  0.0 st
%Cpu(s): 80.5 us,  2.7 sy,  0.0 ni, 16.9 id,  0.0 wa,  0.0 hi,  0.0 si,  0.0 st
%Cpu(s): 95.3 us,  2.6 sy,  0.0 ni,  2.1 id,  0.0 wa,  0.0 hi,  0.0 si,  0.0 st
%Cpu(s): 94.7 us,  2.8 sy,  0.0 ni,  2.5 id,  0.0 wa,  0.0 hi,  0.0 si,  0.0 st
%Cpu(s): 93.4 us,  3.0 sy,  0.0 ni,  3.5 id,  0.0 wa,  0.0 hi,  0.0 si,  0.1 st
%Cpu(s): 18.0 us,  2.5 sy,  0.0 ni, 79.3 id,  0.0 wa,  0.0 hi,  0.0 si,  0.1 st
%Cpu(s):  8.3 us,  2.9 sy,  0.0 ni, 88.3 id,  0.0 wa,  0.0 hi,  0.3 si,  0.3 st
%Cpu(s):  4.9 us,  1.8 sy,  0.0 ni, 93.1 id,  0.0 wa,  0.0 hi,  0.0 si,  0.3 st
%Cpu(s): 11.5 us,  2.1 sy,  0.0 ni, 86.1 id,  0.0 wa,  0.0 hi,  0.0 si,  0.3 st
%Cpu(s): 10.8 us,  2.1 sy,  0.0 ni, 86.5 id,  0.0 wa,  0.0 hi,  0.3 si,  0.3 st
%Cpu(s):  8.4 us,  2.3 sy,  0.0 ni, 88.6 id,  0.1 wa,  0.0 hi,  0.3 si,  0.4 st
%Cpu(s):  9.8 us,  2.9 sy,  0.0 ni, 87.2 id,  0.0 wa,  0.0 hi,  0.0 si,  0.1 st
%Cpu(s):  7.5 us,  4.2 sy,  0.0 ni, 88.2 id,  0.0 wa,  0.0 hi,  0.0 si,  0.0 st
%Cpu(s):  6.1 us,  4.7 sy,  0.0 ni, 89.1 id,  0.0 wa,  0.0 hi,  0.0 si,  0.1 st
%Cpu(s): 11.0 us,  3.2 sy,  0.0 ni, 85.6 id,  0.0 wa,  0.0 hi,  0.1 si,  0.0 st
%Cpu(s): 75.0 us,  6.8 sy,  0.0 ni, 16.6 id,  0.0 wa,  0.0 hi,  1.5 si,  0.0 st
%Cpu(s): 87.1 us,  9.3 sy,  0.0 ni,  1.4 id,  0.0 wa,  0.0 hi,  2.2 si,  0.0 st
%Cpu(s): 87.2 us, 10.6 sy,  0.0 ni,  0.1 id,  0.0 wa,  0.0 hi,  2.1 si,  0.0 st
%Cpu(s): 86.7 us,  9.9 sy,  0.0 ni,  1.0 id,  0.0 wa,  0.0 hi,  2.5 si,  0.0 st
%Cpu(s): 86.8 us,  9.8 sy,  0.0 ni,  1.6 id,  0.0 wa,  0.0 hi,  1.7 si,  0.0 st
%Cpu(s): 85.5 us,  8.3 sy,  0.0 ni,  3.4 id,  0.0 wa,  0.0 hi,  2.9 si,  0.0 st
%Cpu(s): 72.1 us,  8.3 sy,  0.0 ni, 17.1 id,  0.0 wa,  0.0 hi,  2.5 si,  0.0 st
%Cpu(s): 39.8 us,  9.6 sy,  0.0 ni, 48.9 id,  0.0 wa,  0.0 hi,  1.7 si,  0.0 st
%Cpu(s): 37.7 us,  7.1 sy,  0.0 ni, 53.7 id,  0.0 wa,  0.0 hi,  1.5 si,  0.0 st
%Cpu(s): 40.3 us,  6.5 sy,  0.0 ni, 52.2 id,  0.0 wa,  0.0 hi,  0.9 si,  0.1 st
%Cpu(s): 35.6 us,  7.3 sy,  0.0 ni, 56.2 id,  0.0 wa,  0.0 hi,  0.9 si,  0.0 st
%Cpu(s): 46.9 us,  7.4 sy,  0.0 ni, 44.3 id,  0.0 wa,  0.0 hi,  1.4 si,  0.0 st
%Cpu(s): 38.2 us,  7.5 sy,  0.0 ni, 52.4 id,  0.0 wa,  0.0 hi,  1.8 si,  0.0 st
%Cpu(s): 15.5 us,  8.6 sy,  0.0 ni, 73.8 id,  0.0 wa,  0.0 hi,  1.9 si,  0.1 st
%Cpu(s): 14.2 us,  7.9 sy,  0.0 ni, 77.0 id,  0.0 wa,  0.0 hi,  1.0 si,  0.0 st
%Cpu(s): 21.6 us,  7.3 sy,  0.0 ni, 69.5 id,  0.0 wa,  0.0 hi,  1.5 si,  0.0 st
%Cpu(s): 20.6 us,  6.6 sy,  0.0 ni, 71.6 id,  0.0 wa,  0.0 hi,  1.1 si,  0.0 st
%Cpu(s): 12.1 us,  6.8 sy,  0.0 ni, 79.5 id,  0.0 wa,  0.0 hi,  1.7 si,  0.0 st
%Cpu(s): 12.4 us,  6.7 sy,  0.0 ni, 79.5 id,  0.0 wa,  0.0 hi,  1.4 si,  0.0 st
%Cpu(s): 14.1 us,  7.2 sy,  0.0 ni, 77.0 id,  0.0 wa,  0.0 hi,  1.6 si,  0.0 st
%Cpu(s): 14.2 us,  7.1 sy,  0.0 ni, 76.9 id,  0.0 wa,  0.0 hi,  1.8 si,  0.0 st
%Cpu(s): 21.8 us,  6.4 sy,  0.0 ni, 70.3 id,  0.0 wa,  0.0 hi,  1.5 si,  0.0 st
%Cpu(s): 17.2 us,  7.0 sy,  0.0 ni, 74.2 id,  0.0 wa,  0.0 hi,  1.7 si,  0.0 st
%Cpu(s): 13.7 us,  6.0 sy,  0.0 ni, 78.2 id,  0.0 wa,  0.0 hi,  2.1 si,  0.0 st
%Cpu(s): 28.6 us,  7.0 sy,  0.0 ni, 63.0 id,  0.0 wa,  0.0 hi,  1.3 si,  0.1 st
%Cpu(s): 26.5 us,  7.6 sy,  0.0 ni, 64.1 id,  0.0 wa,  0.0 hi,  1.8 si,  0.0 st
%Cpu(s): 18.2 us,  7.5 sy,  0.0 ni, 72.6 id,  0.0 wa,  0.0 hi,  1.7 si,  0.0 st
%Cpu(s): 20.6 us,  6.9 sy,  0.0 ni, 71.2 id,  0.0 wa,  0.0 hi,  1.2 si,  0.1 st
%Cpu(s): 19.9 us,  6.3 sy,  0.0 ni, 72.2 id,  0.1 wa,  0.0 hi,  1.4 si,  0.0 st
%Cpu(s): 11.4 us,  7.9 sy,  0.0 ni, 79.0 id,  0.0 wa,  0.0 hi,  1.7 si,  0.0 st
%Cpu(s): 23.2 us,  6.9 sy,  0.0 ni, 68.3 id,  0.0 wa,  0.0 hi,  1.7 si,  0.0 st
%Cpu(s): 29.3 us,  6.8 sy,  0.0 ni, 62.0 id,  0.0 wa,  0.0 hi,  1.9 si,  0.0 st
%Cpu(s): 15.4 us,  7.6 sy,  0.0 ni, 75.8 id,  0.0 wa,  0.0 hi,  1.3 si,  0.0 st
%Cpu(s): 12.3 us,  8.0 sy,  0.0 ni, 78.1 id,  0.0 wa,  0.0 hi,  1.6 si,  0.0 st
%Cpu(s): 16.8 us,  7.5 sy,  0.0 ni, 74.6 id,  0.0 wa,  0.0 hi,  1.1 si,  0.0 st
%Cpu(s): 15.9 us,  7.3 sy,  0.0 ni, 74.7 id,  0.0 wa,  0.0 hi,  2.0 si,  0.1 st
%Cpu(s): 15.0 us,  8.2 sy,  0.0 ni, 75.2 id,  0.0 wa,  0.0 hi,  1.5 si,  0.0 st
%Cpu(s): 22.5 us,  8.1 sy,  0.0 ni, 67.7 id,  0.0 wa,  0.0 hi,  1.8 si,  0.0 st
%Cpu(s): 28.8 us,  8.2 sy,  0.0 ni, 61.7 id,  0.0 wa,  0.0 hi,  1.3 si,  0.0 st
%Cpu(s): 26.6 us,  7.7 sy,  0.0 ni, 63.9 id,  0.0 wa,  0.0 hi,  1.8 si,  0.0 st
%Cpu(s): 30.2 us,  9.2 sy,  0.0 ni, 58.4 id,  0.0 wa,  0.0 hi,  2.1 si,  0.0 st
%Cpu(s): 21.0 us,  8.2 sy,  0.0 ni, 68.6 id,  0.0 wa,  0.0 hi,  2.1 si,  0.1 st
%Cpu(s): 23.7 us,  7.6 sy,  0.0 ni, 67.2 id,  0.0 wa,  0.0 hi,  1.5 si,  0.0 st
%Cpu(s): 16.6 us,  7.3 sy,  0.0 ni, 74.3 id,  0.0 wa,  0.0 hi,  1.8 si,  0.0 st
%Cpu(s): 10.2 us,  6.5 sy,  0.0 ni, 82.3 id,  0.0 wa,  0.0 hi,  1.0 si,  0.0 st
%Cpu(s):  5.1 us,  3.8 sy,  0.0 ni, 90.5 id,  0.0 wa,  0.0 hi,  0.5 si,  0.0 st
%Cpu(s):  6.0 us,  3.6 sy,  0.0 ni, 89.8 id,  0.0 wa,  0.0 hi,  0.5 si,  0.1 st
%Cpu(s):  5.4 us,  4.1 sy,  0.0 ni, 89.9 id,  0.0 wa,  0.0 hi,  0.5 si,  0.1 st
%Cpu(s):  4.5 us,  5.1 sy,  0.0 ni, 90.0 id,  0.0 wa,  0.0 hi,  0.4 si,  0.0 st
%Cpu(s):  6.2 us,  5.2 sy,  0.0 ni, 88.1 id,  0.0 wa,  0.0 hi,  0.5 si,  0.0 st
%Cpu(s):  5.6 us,  3.5 sy,  0.0 ni, 90.5 id,  0.1 wa,  0.0 hi,  0.3 si,  0.0 st
%Cpu(s):  2.6 us,  2.4 sy,  0.0 ni, 94.8 id,  0.0 wa,  0.0 hi,  0.0 si,  0.3 st
%Cpu(s):  3.5 us,  2.9 sy,  0.0 ni, 93.2 id,  0.0 wa,  0.0 hi,  0.1 si,  0.3 st
%Cpu(s):  4.2 us,  2.5 sy,  0.0 ni, 93.2 id,  0.0 wa,  0.0 hi,  0.0 si,  0.1 st
%Cpu(s):  4.4 us,  3.3 sy,  0.0 ni, 92.0 id,  0.0 wa,  0.0 hi,  0.0 si,  0.4 st
