%Cpu(s):  6.3 us,  0.9 sy,  0.0 ni, 92.5 id,  0.0 wa,  0.0 hi,  0.2 si,  0.0 st
%Cpu(s): 22.1 us,  1.0 sy,  0.0 ni, 76.9 id,  0.0 wa,  0.0 hi,  0.0 si,  0.0 st
%Cpu(s): 30.1 us,  0.7 sy,  0.0 ni, 69.2 id,  0.0 wa,  0.0 hi,  0.0 si,  0.0 st
%Cpu(s): 22.3 us,  1.4 sy,  0.0 ni, 76.2 id,  0.0 wa,  0.0 hi,  0.1 si,  0.0 st
%Cpu(s): 24.1 us,  0.9 sy,  0.0 ni, 74.9 id,  0.1 wa,  0.0 hi,  0.0 si,  0.0 st
%Cpu(s): 36.8 us,  1.0 sy,  0.0 ni, 62.2 id,  0.0 wa,  0.0 hi,  0.0 si,  0.0 st
%Cpu(s): 13.0 us,  0.3 sy,  0.0 ni, 86.7 id,  0.0 wa,  0.0 hi,  0.0 si,  0.0 st
%Cpu(s):  0.2 us,  0.0 sy,  0.0 ni, 99.8 id,  0.0 wa,  0.0 hi,  0.0 si,  0.0 st
%Cpu(s):  0.4 us,  0.1 sy,  0.0 ni, 99.5 id,  0.0 wa,  0.0 hi,  0.0 si,  0.0 st
%Cpu(s): 71.2 us,  6.0 sy,  0.0 ni, 22.5 id,  0.0 wa,  0.0 hi,  0.1 si,  0.1 st
%Cpu(s): 83.8 us,  2.1 sy,  0.0 ni, 14.1 id,  0.0 wa,  0.0 hi,  0.0 si,  0.0 st
%Cpu(s): 77.6 us,  2.3 sy,  0.0 ni, 20.0 id,  0.0 wa,  0.0 hi,  0.1 si,  0.0 st
%Cpu(s): 89.8 us,  2.6 sy,  0.0 ni,  7.5 id,  0.0 wa,  0.0 hi,  0.1 si,  0.0 st
%Cpu(s): 96.9 us,  1.9 sy,  0.0 ni,  1.2 id,  0.0 wa,  0.0 hi,  0.0 si,  0.0 st
%Cpu(s): 96.3 us,  2.4 sy,  0.0 ni,  1.2 id,  0.0 wa,  0.0 hi,  0.1 si,  0.0 st
%Cpu(s): 96.1 us,  2.7 sy,  0.0 ni,  1.1 id,  0.0 wa,  0.0 hi,  0.0 si,  0.0 st
%Cpu(s): 96.5 us,  3.0 sy,  0.0 ni,  0.5 id,  0.0 wa,  0.0 hi,  0.0 si,  0.0 st
%Cpu(s): 65.1 us,  1.4 sy,  0.0 ni, 33.4 id,  0.0 wa,  0.0 hi,  0.1 si,  0.0 st
%Cpu(s): 36.6 us,  2.8 sy,  0.0 ni, 60.4 id,  0.0 wa,  0.0 hi,  0.3 si,  0.0 st
%Cpu(s): 29.6 us,  2.4 sy,  0.0 ni, 67.6 id,  0.0 wa,  0.0 hi,  0.4 si,  0.0 st
%Cpu(s): 58.9 us,  5.8 sy,  0.0 ni, 33.1 id,  0.0 wa,  0.0 hi,  2.3 si,  0.0 st
%Cpu(s): 55.0 us,  5.9 sy,  0.0 ni, 36.6 id,  0.0 wa,  0.0 hi,  2.5 si,  0.0 st
%Cpu(s): 38.3 us,  6.1 sy,  0.0 ni, 52.5 id,  0.0 wa,  0.0 hi,  2.9 si,  0.1 st
%Cpu(s): 53.0 us,  6.3 sy,  0.0 ni, 37.9 id,  0.0 wa,  0.0 hi,  2.8 si,  0.0 st
%Cpu(s): 74.5 us,  7.8 sy,  0.0 ni, 15.1 id,  0.0 wa,  0.0 hi,  2.6 si,  0.0 st
%Cpu(s): 65.5 us,  8.1 sy,  0.0 ni, 23.1 id,  0.0 wa,  0.0 hi,  3.3 si,  0.0 st
%Cpu(s): 35.2 us,  7.3 sy,  0.0 ni, 54.4 id,  0.0 wa,  0.0 hi,  3.1 si,  0.0 st
%Cpu(s): 31.0 us,  7.8 sy,  0.0 ni, 58.8 id,  0.0 wa,  0.0 hi,  2.4 si,  0.0 st
%Cpu(s): 28.7 us,  7.1 sy,  0.0 ni, 56.0 id,  6.0 wa,  0.0 hi,  2.2 si,  0.0 st
%Cpu(s): 23.5 us,  7.5 sy,  0.0 ni, 66.6 id,  0.0 wa,  0.0 hi,  2.4 si,  0.0 st
%Cpu(s): 27.2 us,  9.1 sy,  0.0 ni, 61.4 id,  0.0 wa,  0.0 hi,  2.4 si,  0.0 st
%Cpu(s): 29.7 us,  7.3 sy,  0.0 ni, 59.9 id,  0.0 wa,  0.0 hi,  3.1 si,  0.0 st
%Cpu(s): 19.2 us,  7.8 sy,  0.0 ni, 69.6 id,  0.0 wa,  0.0 hi,  3.3 si,  0.0 st
%Cpu(s): 25.2 us,  7.1 sy,  0.0 ni, 64.8 id,  0.0 wa,  0.0 hi,  2.8 si,  0.1 st
%Cpu(s): 26.5 us,  7.1 sy,  0.0 ni, 63.6 id,  0.0 wa,  0.0 hi,  2.8 si,  0.0 st
%Cpu(s): 26.0 us,  6.3 sy,  0.0 ni, 64.9 id,  0.0 wa,  0.0 hi,  2.8 si,  0.0 st
%Cpu(s): 27.5 us,  8.2 sy,  0.0 ni, 60.8 id,  0.0 wa,  0.0 hi,  3.5 si,  0.0 st
%Cpu(s): 31.8 us,  6.6 sy,  0.0 ni, 58.0 id,  0.0 wa,  0.0 hi,  3.7 si,  0.0 st
%Cpu(s): 36.6 us,  8.9 sy,  0.0 ni, 52.0 id,  0.0 wa,  0.0 hi,  2.4 si,  0.1 st
%Cpu(s): 14.2 us,  8.0 sy,  0.0 ni, 75.1 id,  0.0 wa,  0.0 hi,  2.7 si,  0.0 st
%Cpu(s): 15.8 us,  7.8 sy,  0.0 ni, 74.2 id,  0.0 wa,  0.0 hi,  2.2 si,  0.0 st
%Cpu(s): 21.1 us,  8.1 sy,  0.0 ni, 67.3 id,  0.0 wa,  0.0 hi,  3.6 si,  0.0 st
%Cpu(s): 23.8 us,  7.7 sy,  0.0 ni, 64.6 id,  0.0 wa,  0.0 hi,  4.0 si,  0.0 st
%Cpu(s): 24.9 us,  7.9 sy,  0.0 ni, 63.4 id,  0.1 wa,  0.0 hi,  3.7 si,  0.0 st
%Cpu(s): 20.2 us,  7.9 sy,  0.0 ni, 69.7 id,  0.0 wa,  0.0 hi,  2.2 si,  0.0 st
%Cpu(s): 14.8 us,  6.8 sy,  0.0 ni, 75.5 id,  0.0 wa,  0.0 hi,  2.7 si,  0.1 st
%Cpu(s): 23.0 us,  6.3 sy,  0.0 ni, 68.6 id,  0.0 wa,  0.0 hi,  2.1 si,  0.0 st
%Cpu(s): 26.6 us,  6.3 sy,  0.0 ni, 64.0 id,  0.0 wa,  0.0 hi,  3.1 si,  0.0 st
%Cpu(s): 28.6 us,  7.7 sy,  0.0 ni, 61.2 id,  0.0 wa,  0.0 hi,  2.5 si,  0.0 st
%Cpu(s): 39.1 us,  8.4 sy,  0.0 ni, 49.4 id,  0.0 wa,  0.0 hi,  3.1 si,  0.0 st
%Cpu(s): 30.3 us,  7.7 sy,  0.0 ni, 58.9 id,  0.0 wa,  0.0 hi,  3.2 si,  0.0 st
%Cpu(s): 21.5 us,  7.6 sy,  0.0 ni, 68.4 id,  0.0 wa,  0.0 hi,  2.5 si,  0.0 st
%Cpu(s): 18.9 us,  9.0 sy,  0.0 ni, 69.6 id,  0.0 wa,  0.0 hi,  2.6 si,  0.0 st
%Cpu(s): 27.4 us,  7.1 sy,  0.0 ni, 62.6 id,  0.0 wa,  0.0 hi,  3.0 si,  0.0 st
%Cpu(s): 28.1 us,  7.5 sy,  0.0 ni, 61.7 id,  0.0 wa,  0.0 hi,  2.7 si,  0.0 st
%Cpu(s): 16.5 us,  8.0 sy,  0.0 ni, 73.2 id,  0.0 wa,  0.0 hi,  2.3 si,  0.0 st
%Cpu(s): 17.0 us,  6.5 sy,  0.0 ni, 74.1 id,  0.0 wa,  0.0 hi,  2.5 si,  0.0 st
%Cpu(s): 22.3 us,  7.3 sy,  0.0 ni, 67.5 id,  0.0 wa,  0.0 hi,  3.0 si,  0.0 st
%Cpu(s): 24.4 us,  8.3 sy,  0.0 ni, 62.3 id,  1.9 wa,  0.0 hi,  2.8 si,  0.3 st
%Cpu(s): 26.2 us,  7.6 sy,  0.0 ni, 63.1 id,  0.0 wa,  0.0 hi,  3.2 si,  0.0 st
%Cpu(s): 18.7 us,  7.6 sy,  0.0 ni, 71.1 id,  0.0 wa,  0.0 hi,  2.5 si,  0.0 st
%Cpu(s): 15.2 us,  7.3 sy,  0.0 ni, 75.3 id,  0.0 wa,  0.0 hi,  2.2 si,  0.0 st
%Cpu(s): 14.2 us,  7.4 sy,  0.0 ni, 75.3 id,  0.0 wa,  0.0 hi,  3.2 si,  0.0 st
%Cpu(s): 25.6 us,  7.7 sy,  0.0 ni, 63.8 id,  0.0 wa,  0.0 hi,  2.4 si,  0.4 st
%Cpu(s): 28.4 us,  6.8 sy,  0.0 ni, 61.1 id,  0.0 wa,  0.0 hi,  3.7 si,  0.0 st
%Cpu(s): 25.1 us,  7.7 sy,  0.0 ni, 63.8 id,  0.0 wa,  0.0 hi,  3.3 si,  0.0 st
%Cpu(s): 16.1 us,  7.0 sy,  0.0 ni, 74.2 id,  0.0 wa,  0.0 hi,  2.7 si,  0.0 st
%Cpu(s): 35.4 us,  6.9 sy,  0.0 ni, 55.0 id,  0.0 wa,  0.0 hi,  2.8 si,  0.0 st
%Cpu(s): 33.1 us,  6.4 sy,  0.0 ni, 57.7 id,  0.0 wa,  0.0 hi,  2.6 si,  0.3 st
%Cpu(s): 38.6 us,  7.1 sy,  0.0 ni, 51.3 id,  0.0 wa,  0.0 hi,  2.9 si,  0.0 st
%Cpu(s): 33.7 us,  6.2 sy,  0.0 ni, 57.3 id,  0.0 wa,  0.0 hi,  2.8 si,  0.0 st
%Cpu(s): 28.1 us,  6.2 sy,  0.0 ni, 63.4 id,  0.0 wa,  0.0 hi,  2.3 si,  0.0 st
%Cpu(s): 17.7 us,  6.9 sy,  0.0 ni, 72.8 id,  0.0 wa,  0.0 hi,  2.6 si,  0.0 st
%Cpu(s): 20.7 us,  5.3 sy,  0.0 ni, 71.2 id,  0.1 wa,  0.0 hi,  2.6 si,  0.0 st
%Cpu(s): 15.5 us,  5.5 sy,  0.0 ni, 76.2 id,  0.0 wa,  0.0 hi,  2.8 si,  0.0 st
%Cpu(s): 25.4 us,  5.4 sy,  0.0 ni, 67.4 id,  0.0 wa,  0.0 hi,  1.8 si,  0.0 st
%Cpu(s): 27.6 us,  5.6 sy,  0.0 ni, 64.3 id,  0.0 wa,  0.0 hi,  2.5 si,  0.0 st
%Cpu(s): 26.5 us,  5.9 sy,  0.0 ni, 64.8 id,  0.0 wa,  0.0 hi,  2.8 si,  0.0 st
%Cpu(s): 15.9 us,  5.6 sy,  0.0 ni, 76.0 id,  0.0 wa,  0.0 hi,  2.5 si,  0.0 st
