%Cpu(s):  0.6 us,  0.1 sy,  0.0 ni, 99.2 id,  0.0 wa,  0.0 hi,  0.0 si,  0.0 st
%Cpu(s):  2.9 us,  2.8 sy,  0.0 ni, 94.2 id,  0.0 wa,  0.0 hi,  0.0 si,  0.1 st
%Cpu(s):  3.7 us,  2.0 sy,  0.0 ni, 93.9 id,  0.0 wa,  0.0 hi,  0.0 si,  0.4 st
%Cpu(s):  3.3 us,  2.6 sy,  0.0 ni, 93.7 id,  0.0 wa,  0.0 hi,  0.1 si,  0.3 st
%Cpu(s):  2.3 us,  2.3 sy,  0.0 ni, 95.2 id,  0.0 wa,  0.0 hi,  0.0 si,  0.3 st
%Cpu(s):  7.0 us,  2.6 sy,  0.0 ni, 90.1 id,  0.0 wa,  0.0 hi,  0.1 si,  0.1 st
%Cpu(s): 16.2 us,  2.1 sy,  0.0 ni, 81.5 id,  0.0 wa,  0.0 hi,  0.0 si,  0.1 st
%Cpu(s): 79.1 us,  5.4 sy,  0.0 ni, 14.5 id,  0.0 wa,  0.0 hi,  1.0 si,  0.0 st
%Cpu(s): 77.9 us,  5.4 sy,  0.0 ni, 15.6 id,  0.0 wa,  0.0 hi,  1.0 si,  0.1 st
%Cpu(s): 79.4 us,  5.8 sy,  0.0 ni, 13.8 id,  0.0 wa,  0.0 hi,  1.1 si,  0.0 st
%Cpu(s): 91.0 us,  6.6 sy,  0.0 ni,  1.2 id,  0.0 wa,  0.0 hi,  1.1 si,  0.0 st
%Cpu(s): 91.3 us,  5.1 sy,  0.0 ni,  2.2 id,  0.0 wa,  0.0 hi,  1.4 si,  0.0 st
%Cpu(s): 67.1 us,  5.2 sy,  0.0 ni, 26.1 id,  0.0 wa,  0.0 hi,  1.6 si,  0.0 st
%Cpu(s): 47.5 us,  6.7 sy,  0.0 ni, 44.6 id,  0.0 wa,  0.0 hi,  1.1 si,  0.0 st
%Cpu(s): 24.2 us,  4.7 sy,  0.0 ni, 70.3 id,  0.0 wa,  0.0 hi,  0.8 si,  0.0 st
%Cpu(s): 22.6 us,  5.2 sy,  0.0 ni, 71.3 id,  0.1 wa,  0.0 hi,  0.6 si,  0.1 st
%Cpu(s): 17.8 us,  7.0 sy,  0.0 ni, 74.6 id,  0.0 wa,  0.0 hi,  0.6 si,  0.0 st
%Cpu(s): 16.4 us,  5.8 sy,  0.0 ni, 77.0 id,  0.0 wa,  0.0 hi,  0.6 si,  0.1 st
%Cpu(s): 12.3 us,  5.7 sy,  0.0 ni, 81.7 id,  0.0 wa,  0.0 hi,  0.4 si,  0.0 st
%Cpu(s): 12.1 us,  5.5 sy,  0.0 ni, 81.9 id,  0.0 wa,  0.0 hi,  0.4 si,  0.0 st
%Cpu(s): 13.1 us,  6.3 sy,  0.0 ni, 79.8 id,  0.0 wa,  0.0 hi,  0.8 si,  0.0 st
%Cpu(s): 11.5 us,  6.2 sy,  0.0 ni, 81.7 id,  0.0 wa,  0.0 hi,  0.5 si,  0.0 st
%Cpu(s): 15.5 us,  4.7 sy,  0.0 ni, 79.2 id,  0.0 wa,  0.0 hi,  0.7 si,  0.0 st
%Cpu(s): 21.9 us,  6.6 sy,  0.0 ni, 71.1 id,  0.0 wa,  0.0 hi,  0.5 si,  0.0 st
%Cpu(s): 19.9 us,  5.2 sy,  0.0 ni, 73.8 id,  0.0 wa,  0.0 hi,  1.0 si,  0.0 st
%Cpu(s): 26.5 us,  4.9 sy,  0.0 ni, 68.3 id,  0.0 wa,  0.0 hi,  0.4 si,  0.0 st
%Cpu(s): 17.5 us,  5.7 sy,  0.0 ni, 76.1 id,  0.0 wa,  0.0 hi,  0.5 si,  0.1 st
%Cpu(s): 25.5 us,  5.3 sy,  0.0 ni, 68.3 id,  0.0 wa,  0.0 hi,  0.8 si,  0.1 st
%Cpu(s): 25.4 us,  6.9 sy,  0.0 ni, 67.5 id,  0.0 wa,  0.0 hi,  0.3 si,  0.0 st
%Cpu(s): 25.7 us,  5.1 sy,  0.0 ni, 68.2 id,  0.0 wa,  0.0 hi,  1.0 si,  0.0 st
%Cpu(s): 19.3 us,  5.7 sy,  0.0 ni, 74.0 id,  0.0 wa,  0.0 hi,  0.9 si,  0.1 st
%Cpu(s): 11.2 us,  6.0 sy,  0.0 ni, 82.1 id,  0.0 wa,  0.0 hi,  0.6 si,  0.0 st
%Cpu(s): 11.6 us,  5.9 sy,  0.0 ni, 81.9 id,  0.0 wa,  0.0 hi,  0.6 si,  0.0 st
%Cpu(s): 15.8 us,  6.0 sy,  0.0 ni, 77.9 id,  0.0 wa,  0.0 hi,  0.3 si,  0.0 st
%Cpu(s): 14.4 us,  5.5 sy,  0.0 ni, 79.6 id,  0.0 wa,  0.0 hi,  0.5 si,  0.0 st
%Cpu(s): 11.7 us,  6.6 sy,  0.0 ni, 81.2 id,  0.0 wa,  0.0 hi,  0.5 si,  0.0 st
%Cpu(s): 11.6 us,  5.9 sy,  0.0 ni, 82.0 id,  0.0 wa,  0.0 hi,  0.5 si,  0.0 st
%Cpu(s): 22.5 us,  5.6 sy,  0.0 ni, 71.4 id,  0.0 wa,  0.0 hi,  0.4 si,  0.1 st
%Cpu(s): 12.6 us,  5.5 sy,  0.0 ni, 81.4 id,  0.0 wa,  0.0 hi,  0.5 si,  0.0 st
%Cpu(s): 16.7 us,  5.8 sy,  0.0 ni, 76.9 id,  0.0 wa,  0.0 hi,  0.5 si,  0.1 st
%Cpu(s): 15.9 us,  6.2 sy,  0.0 ni, 77.5 id,  0.1 wa,  0.0 hi,  0.3 si,  0.0 st
%Cpu(s): 16.1 us,  6.8 sy,  0.0 ni, 76.2 id,  0.0 wa,  0.0 hi,  0.8 si,  0.1 st
%Cpu(s): 13.8 us,  7.7 sy,  0.0 ni, 77.9 id,  0.0 wa,  0.0 hi,  0.6 si,  0.0 st
%Cpu(s): 11.1 us,  4.9 sy,  0.0 ni, 83.7 id,  0.0 wa,  0.0 hi,  0.4 si,  0.0 st
%Cpu(s): 14.0 us,  6.6 sy,  0.0 ni, 78.9 id,  0.0 wa,  0.0 hi,  0.5 si,  0.0 st
%Cpu(s): 17.5 us,  5.9 sy,  0.0 ni, 76.4 id,  0.0 wa,  0.0 hi,  0.1 si,  0.0 st
%Cpu(s): 21.3 us,  6.0 sy,  0.0 ni, 72.3 id,  0.0 wa,  0.0 hi,  0.4 si,  0.0 st
%Cpu(s): 14.0 us,  5.7 sy,  0.0 ni, 79.9 id,  0.0 wa,  0.0 hi,  0.4 si,  0.0 st
%Cpu(s):  8.4 us,  6.8 sy,  0.0 ni, 84.4 id,  0.0 wa,  0.0 hi,  0.4 si,  0.0 st
%Cpu(s):  8.6 us,  6.9 sy,  0.0 ni, 83.8 id,  0.0 wa,  0.0 hi,  0.8 si,  0.0 st
%Cpu(s): 10.3 us,  6.7 sy,  0.0 ni, 82.4 id,  0.0 wa,  0.0 hi,  0.5 si,  0.1 st
%Cpu(s): 11.6 us,  6.1 sy,  0.0 ni, 81.7 id,  0.0 wa,  0.0 hi,  0.6 si,  0.0 st
%Cpu(s): 10.2 us,  6.2 sy,  0.0 ni, 82.9 id,  0.0 wa,  0.0 hi,  0.5 si,  0.1 st
%Cpu(s):  8.5 us,  6.4 sy,  0.0 ni, 84.7 id,  0.0 wa,  0.0 hi,  0.4 si,  0.0 st
%Cpu(s): 11.1 us,  5.7 sy,  0.0 ni, 82.3 id,  0.0 wa,  0.0 hi,  0.9 si,  0.0 st
%Cpu(s):  9.0 us,  5.0 sy,  0.0 ni, 85.4 id,  0.0 wa,  0.0 hi,  0.6 si,  0.0 st
%Cpu(s): 10.5 us,  6.4 sy,  0.0 ni, 82.1 id,  0.0 wa,  0.0 hi,  1.0 si,  0.0 st
%Cpu(s):  8.7 us,  6.5 sy,  0.0 ni, 83.9 id,  0.0 wa,  0.0 hi,  0.8 si,  0.1 st
%Cpu(s): 10.5 us,  6.9 sy,  0.0 ni, 81.9 id,  0.0 wa,  0.0 hi,  0.7 si,  0.0 st
%Cpu(s):  7.8 us,  6.9 sy,  0.0 ni, 84.8 id,  0.0 wa,  0.0 hi,  0.5 si,  0.0 st
%Cpu(s):  8.2 us,  6.3 sy,  0.0 ni, 85.1 id,  0.0 wa,  0.0 hi,  0.5 si,  0.0 st
%Cpu(s):  4.9 us,  4.2 sy,  0.0 ni, 90.6 id,  0.0 wa,  0.0 hi,  0.2 si,  0.0 st
%Cpu(s):  3.2 us,  2.6 sy,  0.0 ni, 93.8 id,  0.0 wa,  0.0 hi,  0.1 si,  0.2 st
%Cpu(s):  2.3 us,  2.2 sy,  0.0 ni, 95.3 id,  0.0 wa,  0.0 hi,  0.0 si,  0.3 st
%Cpu(s):  2.4 us,  4.4 sy,  0.0 ni, 93.1 id,  0.0 wa,  0.0 hi,  0.0 si,  0.1 st
%Cpu(s):  3.0 us,  2.6 sy,  0.0 ni, 94.1 id,  0.0 wa,  0.0 hi,  0.0 si,  0.3 st
%Cpu(s):  3.8 us,  2.8 sy,  0.0 ni, 93.2 id,  0.0 wa,  0.0 hi,  0.0 si,  0.3 st
%Cpu(s):  4.9 us,  2.0 sy,  0.0 ni, 92.8 id,  0.0 wa,  0.0 hi,  0.0 si,  0.3 st
%Cpu(s):  4.0 us,  1.9 sy,  0.0 ni, 93.9 id,  0.0 wa,  0.0 hi,  0.0 si,  0.1 st
%Cpu(s):  3.1 us,  2.8 sy,  0.0 ni, 93.7 id,  0.0 wa,  0.0 hi,  0.0 si,  0.4 st
%Cpu(s):  2.5 us,  2.0 sy,  0.0 ni, 95.1 id,  0.1 wa,  0.0 hi,  0.0 si,  0.3 st
