%Cpu(s):  7.9 us,  0.8 sy,  0.0 ni, 91.2 id,  0.0 wa,  0.0 hi,  0.1 si,  0.0 st
%Cpu(s): 29.6 us,  1.0 sy,  0.0 ni, 69.3 id,  0.0 wa,  0.0 hi,  0.1 si,  0.0 st
%Cpu(s):  3.4 us,  1.1 sy,  0.0 ni, 95.4 id,  0.0 wa,  0.0 hi,  0.0 si,  0.0 st
%Cpu(s):  7.8 us,  1.1 sy,  0.0 ni, 91.1 id,  0.0 wa,  0.0 hi,  0.0 si,  0.0 st
%Cpu(s): 34.7 us,  2.1 sy,  0.0 ni, 62.7 id,  0.0 wa,  0.0 hi,  0.5 si,  0.0 st
%Cpu(s): 90.2 us,  5.3 sy,  0.0 ni,  2.7 id,  0.0 wa,  0.0 hi,  1.7 si,  0.0 st
%Cpu(s): 91.3 us,  6.8 sy,  0.0 ni,  0.2 id,  0.0 wa,  0.0 hi,  1.5 si,  0.1 st
%Cpu(s): 90.0 us,  7.9 sy,  0.0 ni,  0.0 id,  0.0 wa,  0.0 hi,  2.1 si,  0.0 st
%Cpu(s): 87.2 us, 10.1 sy,  0.0 ni,  0.0 id,  0.0 wa,  0.0 hi,  2.7 si,  0.0 st
%Cpu(s): 88.7 us,  9.5 sy,  0.0 ni,  0.0 id,  0.0 wa,  0.0 hi,  1.7 si,  0.0 st
%Cpu(s): 87.3 us, 10.2 sy,  0.0 ni,  0.1 id,  0.0 wa,  0.0 hi,  2.4 si,  0.0 st
%Cpu(s): 87.1 us,  9.9 sy,  0.0 ni,  0.1 id,  0.0 wa,  0.0 hi,  2.7 si,  0.1 st
%Cpu(s): 86.4 us, 10.3 sy,  0.0 ni,  0.4 id,  0.0 wa,  0.0 hi,  3.0 si,  0.0 st
%Cpu(s): 85.6 us, 11.3 sy,  0.0 ni,  0.1 id,  0.0 wa,  0.0 hi,  3.0 si,  0.0 st
%Cpu(s): 86.9 us, 10.0 sy,  0.0 ni,  0.4 id,  0.0 wa,  0.0 hi,  2.7 si,  0.0 st
%Cpu(s): 88.5 us,  9.8 sy,  0.0 ni,  0.1 id,  0.0 wa,  0.0 hi,  1.6 si,  0.0 st
%Cpu(s): 88.2 us,  9.4 sy,  0.0 ni,  0.0 id,  0.0 wa,  0.0 hi,  2.4 si,  0.0 st
%Cpu(s): 88.7 us,  9.2 sy,  0.0 ni,  0.0 id,  0.0 wa,  0.0 hi,  2.0 si,  0.1 st
%Cpu(s): 88.2 us,  9.3 sy,  0.0 ni,  0.1 id,  0.0 wa,  0.0 hi,  2.4 si,  0.0 st
%Cpu(s): 88.8 us,  8.6 sy,  0.0 ni,  0.0 id,  0.0 wa,  0.0 hi,  2.6 si,  0.0 st
%Cpu(s): 88.3 us,  9.7 sy,  0.0 ni,  0.2 id,  0.0 wa,  0.0 hi,  1.7 si,  0.0 st
%Cpu(s): 78.6 us,  8.5 sy,  0.0 ni, 10.4 id,  0.0 wa,  0.0 hi,  2.4 si,  0.1 st
%Cpu(s): 55.7 us,  7.5 sy,  0.0 ni, 34.4 id,  0.0 wa,  0.0 hi,  2.4 si,  0.0 st
%Cpu(s): 56.9 us,  7.8 sy,  0.0 ni, 33.0 id,  0.0 wa,  0.0 hi,  2.3 si,  0.0 st
%Cpu(s): 60.5 us,  6.6 sy,  0.0 ni, 30.7 id,  0.0 wa,  0.0 hi,  2.2 si,  0.1 st
%Cpu(s): 52.9 us,  6.8 sy,  0.0 ni, 38.0 id,  0.0 wa,  0.0 hi,  2.4 si,  0.0 st
%Cpu(s): 22.3 us,  7.3 sy,  0.0 ni, 69.2 id,  0.0 wa,  0.0 hi,  1.0 si,  0.1 st
%Cpu(s): 18.4 us,  7.2 sy,  0.0 ni, 73.2 id,  0.0 wa,  0.0 hi,  1.1 si,  0.0 st
%Cpu(s): 16.9 us,  7.5 sy,  0.0 ni, 74.6 id,  0.0 wa,  0.0 hi,  0.9 si,  0.1 st
%Cpu(s): 29.7 us,  6.5 sy,  0.0 ni, 62.5 id,  0.0 wa,  0.0 hi,  1.1 si,  0.1 st
%Cpu(s): 46.3 us,  7.0 sy,  0.0 ni, 45.4 id,  0.0 wa,  0.0 hi,  1.3 si,  0.1 st
%Cpu(s): 38.2 us,  7.5 sy,  0.0 ni, 52.5 id,  0.0 wa,  0.0 hi,  1.7 si,  0.1 st
%Cpu(s): 24.6 us,  7.6 sy,  0.0 ni, 66.8 id,  0.0 wa,  0.0 hi,  1.0 si,  0.0 st
%Cpu(s): 26.9 us,  7.8 sy,  0.0 ni, 64.6 id,  0.0 wa,  0.0 hi,  0.8 si,  0.0 st
%Cpu(s): 31.8 us,  8.0 sy,  0.0 ni, 58.3 id,  0.0 wa,  0.0 hi,  1.8 si,  0.1 st
%Cpu(s): 28.4 us,  7.3 sy,  0.0 ni, 62.9 id,  0.0 wa,  0.0 hi,  1.4 si,  0.0 st
%Cpu(s): 18.0 us,  8.2 sy,  0.0 ni, 72.6 id,  0.0 wa,  0.0 hi,  1.1 si,  0.1 st
%Cpu(s): 23.3 us,  8.1 sy,  0.0 ni, 67.9 id,  0.0 wa,  0.0 hi,  0.8 si,  0.0 st
%Cpu(s): 17.0 us,  6.3 sy,  0.0 ni, 75.8 id,  0.0 wa,  0.0 hi,  0.8 si,  0.1 st
%Cpu(s): 17.9 us,  7.4 sy,  0.0 ni, 73.4 id,  0.0 wa,  0.0 hi,  1.1 si,  0.1 st
%Cpu(s): 17.7 us,  6.8 sy,  0.0 ni, 74.4 id,  0.0 wa,  0.0 hi,  1.0 si,  0.1 st
%Cpu(s): 19.4 us,  6.9 sy,  0.0 ni, 72.3 id,  0.0 wa,  0.0 hi,  1.3 si,  0.0 st
%Cpu(s): 18.4 us,  7.2 sy,  0.0 ni, 73.5 id,  0.0 wa,  0.0 hi,  0.8 si,  0.1 st
%Cpu(s): 17.1 us,  7.4 sy,  0.0 ni, 74.1 id,  0.0 wa,  0.0 hi,  1.3 si,  0.1 st
%Cpu(s): 17.6 us,  6.3 sy,  0.0 ni, 75.4 id,  0.0 wa,  0.0 hi,  0.7 si,  0.1 st
%Cpu(s): 15.4 us,  7.1 sy,  0.0 ni, 76.4 id,  0.0 wa,  0.0 hi,  1.2 si,  0.0 st
%Cpu(s): 18.5 us,  6.9 sy,  0.0 ni, 73.8 id,  0.0 wa,  0.0 hi,  0.6 si,  0.1 st
%Cpu(s): 18.8 us,  7.2 sy,  0.0 ni, 73.4 id,  0.0 wa,  0.0 hi,  0.6 si,  0.0 st
%Cpu(s): 18.6 us,  6.9 sy,  0.0 ni, 73.4 id,  0.0 wa,  0.0 hi,  0.9 si,  0.1 st
%Cpu(s): 18.1 us,  6.4 sy,  0.0 ni, 74.1 id,  0.0 wa,  0.0 hi,  1.3 si,  0.1 st
%Cpu(s): 17.3 us,  7.1 sy,  0.0 ni, 74.6 id,  0.0 wa,  0.0 hi,  1.0 si,  0.0 st
%Cpu(s): 15.9 us,  6.9 sy,  0.0 ni, 76.0 id,  0.0 wa,  0.0 hi,  1.0 si,  0.1 st
%Cpu(s): 14.5 us,  7.2 sy,  0.0 ni, 78.0 id,  0.0 wa,  0.0 hi,  0.3 si,  0.0 st
%Cpu(s): 16.6 us,  6.9 sy,  0.0 ni, 75.7 id,  0.0 wa,  0.0 hi,  0.6 si,  0.1 st
%Cpu(s): 16.4 us,  6.8 sy,  0.0 ni, 76.3 id,  0.0 wa,  0.0 hi,  0.4 si,  0.1 st
%Cpu(s): 17.4 us,  7.5 sy,  0.0 ni, 74.1 id,  0.0 wa,  0.0 hi,  0.9 si,  0.1 st
%Cpu(s): 18.1 us,  6.6 sy,  0.0 ni, 74.3 id,  0.0 wa,  0.0 hi,  0.9 si,  0.1 st
%Cpu(s): 17.9 us,  7.5 sy,  0.0 ni, 73.5 id,  0.0 wa,  0.0 hi,  1.1 si,  0.0 st
%Cpu(s): 17.9 us,  6.3 sy,  0.0 ni, 74.6 id,  0.0 wa,  0.0 hi,  1.2 si,  0.0 st
%Cpu(s): 25.0 us,  7.7 sy,  0.0 ni, 65.9 id,  0.0 wa,  0.0 hi,  1.2 si,  0.3 st
%Cpu(s): 71.6 us,  8.1 sy,  0.0 ni, 18.6 id,  0.0 wa,  0.0 hi,  1.8 si,  0.0 st
%Cpu(s): 19.1 us,  2.1 sy,  0.0 ni, 78.4 id,  0.0 wa,  0.0 hi,  0.4 si,  0.0 st
%Cpu(s):  2.3 us,  0.9 sy,  0.0 ni, 96.9 id,  0.0 wa,  0.0 hi,  0.0 si,  0.0 st
%Cpu(s):  1.3 us,  1.3 sy,  0.0 ni, 97.5 id,  0.0 wa,  0.0 hi,  0.0 si,  0.0 st
%Cpu(s):  1.4 us,  1.3 sy,  0.0 ni, 97.4 id,  0.0 wa,  0.0 hi,  0.0 si,  0.0 st
%Cpu(s):  4.4 us,  1.0 sy,  0.0 ni, 94.4 id,  0.1 wa,  0.0 hi,  0.0 si,  0.0 st
%Cpu(s):  5.5 us,  1.0 sy,  0.0 ni, 93.5 id,  0.0 wa,  0.0 hi,  0.0 si,  0.0 st
%Cpu(s):  1.9 us,  1.0 sy,  0.0 ni, 97.1 id,  0.0 wa,  0.0 hi,  0.0 si,  0.0 st
%Cpu(s):  5.4 us,  1.3 sy,  0.0 ni, 93.3 id,  0.0 wa,  0.0 hi,  0.0 si,  0.0 st
%Cpu(s):  3.5 us,  1.1 sy,  0.0 ni, 95.2 id,  0.0 wa,  0.0 hi,  0.0 si,  0.1 st
%Cpu(s):  1.0 us,  1.1 sy,  0.0 ni, 97.9 id,  0.0 wa,  0.0 hi,  0.0 si,  0.0 st
%Cpu(s):  1.5 us,  0.8 sy,  0.0 ni, 97.7 id,  0.0 wa,  0.0 hi,  0.0 si,  0.0 st
%Cpu(s):  1.6 us,  0.9 sy,  0.0 ni, 97.4 id,  0.0 wa,  0.0 hi,  0.1 si,  0.0 st
%Cpu(s):  1.4 us,  1.1 sy,  0.0 ni, 97.4 id,  0.0 wa,  0.0 hi,  0.0 si,  0.1 st
%Cpu(s):  1.5 us,  1.4 sy,  0.0 ni, 97.0 id,  0.0 wa,  0.0 hi,  0.1 si,  0.0 st
%Cpu(s):  4.8 us,  1.1 sy,  0.0 ni, 94.1 id,  0.0 wa,  0.0 hi,  0.0 si,  0.0 st
%Cpu(s):  3.8 us,  1.1 sy,  0.0 ni, 95.1 id,  0.0 wa,  0.0 hi,  0.0 si,  0.0 st
%Cpu(s):  1.6 us,  0.9 sy,  0.0 ni, 97.5 id,  0.0 wa,  0.0 hi,  0.0 si,  0.0 st
%Cpu(s):  1.3 us,  0.9 sy,  0.0 ni, 97.8 id,  0.0 wa,  0.0 hi,  0.0 si,  0.0 st
