%Cpu(s):  9.9 us,  1.5 sy,  0.0 ni, 88.4 id,  0.0 wa,  0.0 hi,  0.1 si,  0.0 st
%Cpu(s):  4.0 us,  2.4 sy,  0.0 ni, 93.2 id,  0.0 wa,  0.0 hi,  0.1 si,  0.4 st
%Cpu(s):  4.0 us,  3.2 sy,  0.0 ni, 92.7 id,  0.0 wa,  0.0 hi,  0.0 si,  0.1 st
%Cpu(s):  3.4 us,  5.7 sy,  0.0 ni, 90.7 id,  0.0 wa,  0.0 hi,  0.0 si,  0.2 st
%Cpu(s):  4.9 us,  4.8 sy,  0.0 ni, 90.1 id,  0.0 wa,  0.0 hi,  0.0 si,  0.2 st
%Cpu(s):  7.6 us,  3.9 sy,  0.0 ni, 88.2 id,  0.0 wa,  0.0 hi,  0.0 si,  0.4 st
%Cpu(s): 62.9 us,  5.5 sy,  0.0 ni, 30.5 id,  0.0 wa,  0.0 hi,  1.0 si,  0.0 st
%Cpu(s): 88.4 us,  9.0 sy,  0.0 ni,  1.0 id,  0.0 wa,  0.0 hi,  1.6 si,  0.0 st
%Cpu(s): 88.5 us,  9.1 sy,  0.0 ni,  0.5 id,  0.0 wa,  0.0 hi,  1.9 si,  0.0 st
%Cpu(s): 89.9 us,  7.3 sy,  0.0 ni,  0.6 id,  0.0 wa,  0.0 hi,  2.1 si,  0.0 st
%Cpu(s): 89.6 us,  8.2 sy,  0.0 ni,  0.1 id,  0.0 wa,  0.0 hi,  2.1 si,  0.0 st
%Cpu(s): 89.6 us,  6.9 sy,  0.0 ni,  1.9 id,  0.0 wa,  0.0 hi,  1.6 si,  0.0 st
%Cpu(s): 88.9 us,  7.7 sy,  0.0 ni,  1.7 id,  0.0 wa,  0.0 hi,  1.6 si,  0.0 st
%Cpu(s): 89.2 us,  7.0 sy,  0.0 ni,  2.0 id,  0.0 wa,  0.0 hi,  1.9 si,  0.0 st
%Cpu(s): 83.1 us,  8.1 sy,  0.0 ni,  6.4 id,  0.0 wa,  0.0 hi,  2.4 si,  0.0 st
%Cpu(s): 78.5 us,  7.8 sy,  0.0 ni, 12.2 id,  0.0 wa,  0.0 hi,  1.5 si,  0.0 st
%Cpu(s): 50.4 us,  7.5 sy,  0.0 ni, 40.6 id,  0.0 wa,  0.0 hi,  1.5 si,  0.0 st
%Cpu(s): 34.5 us,  6.2 sy,  0.0 ni, 58.3 id,  0.0 wa,  0.0 hi,  1.0 si,  0.0 st
%Cpu(s): 14.3 us,  5.6 sy,  0.0 ni, 79.1 id,  0.0 wa,  0.0 hi,  1.0 si,  0.0 st
%Cpu(s): 11.7 us,  5.9 sy,  0.0 ni, 81.0 id,  0.1 wa,  0.0 hi,  1.3 si,  0.0 st
%Cpu(s): 11.8 us,  6.5 sy,  0.0 ni, 80.4 id,  0.0 wa,  0.0 hi,  1.3 si,  0.0 st
%Cpu(s): 12.5 us,  6.5 sy,  0.0 ni, 80.0 id,  0.0 wa,  0.0 hi,  0.9 si,  0.1 st
%Cpu(s): 13.0 us,  7.3 sy,  0.0 ni, 78.8 id,  0.0 wa,  0.0 hi,  0.9 si,  0.0 st
%Cpu(s): 11.7 us,  6.9 sy,  0.0 ni, 80.1 id,  0.0 wa,  0.0 hi,  1.4 si,  0.0 st
%Cpu(s): 12.4 us,  6.7 sy,  0.0 ni, 79.7 id,  0.0 wa,  0.0 hi,  1.1 si,  0.0 st
%Cpu(s): 11.5 us,  5.9 sy,  0.0 ni, 81.1 id,  0.0 wa,  0.0 hi,  1.4 si,  0.1 st
%Cpu(s): 11.9 us,  5.4 sy,  0.0 ni, 81.5 id,  0.0 wa,  0.0 hi,  1.1 si,  0.1 st
%Cpu(s): 10.8 us,  6.7 sy,  0.0 ni, 80.9 id,  0.0 wa,  0.0 hi,  1.6 si,  0.0 st
%Cpu(s): 13.3 us,  6.6 sy,  0.0 ni, 78.9 id,  0.0 wa,  0.0 hi,  1.1 si,  0.0 st
%Cpu(s): 10.9 us,  6.2 sy,  0.0 ni, 81.3 id,  0.0 wa,  0.0 hi,  1.5 si,  0.0 st
%Cpu(s): 12.3 us,  6.3 sy,  0.0 ni, 80.1 id,  0.0 wa,  0.0 hi,  1.3 si,  0.0 st
%Cpu(s): 10.6 us,  6.1 sy,  0.0 ni, 82.2 id,  0.0 wa,  0.0 hi,  1.0 si,  0.0 st
%Cpu(s):  9.8 us,  6.4 sy,  0.0 ni, 82.4 id,  0.0 wa,  0.0 hi,  1.4 si,  0.0 st
%Cpu(s):  9.6 us,  5.4 sy,  0.0 ni, 83.9 id,  0.0 wa,  0.0 hi,  1.1 si,  0.0 st
%Cpu(s):  9.0 us,  6.3 sy,  0.0 ni, 83.3 id,  0.0 wa,  0.0 hi,  1.4 si,  0.0 st
%Cpu(s):  9.0 us,  6.0 sy,  0.0 ni, 82.8 id,  0.0 wa,  0.0 hi,  2.0 si,  0.1 st
%Cpu(s): 23.7 us,  6.6 sy,  0.0 ni, 68.2 id,  0.0 wa,  0.0 hi,  1.5 si,  0.0 st
%Cpu(s): 17.7 us,  5.6 sy,  0.0 ni, 75.5 id,  0.0 wa,  0.0 hi,  1.1 si,  0.0 st
%Cpu(s): 15.7 us,  5.9 sy,  0.0 ni, 77.3 id,  0.0 wa,  0.0 hi,  1.0 si,  0.1 st
%Cpu(s): 13.9 us,  6.5 sy,  0.0 ni, 77.9 id,  0.0 wa,  0.0 hi,  1.6 si,  0.1 st
%Cpu(s): 13.4 us,  5.4 sy,  0.0 ni, 80.1 id,  0.0 wa,  0.0 hi,  1.2 si,  0.0 st
%Cpu(s): 18.8 us,  5.6 sy,  0.0 ni, 73.6 id,  0.0 wa,  0.0 hi,  2.0 si,  0.0 st
%Cpu(s):  9.3 us,  7.1 sy,  0.0 ni, 82.1 id,  0.0 wa,  0.0 hi,  1.5 si,  0.0 st
%Cpu(s): 12.7 us,  6.2 sy,  0.0 ni, 79.6 id,  0.0 wa,  0.0 hi,  1.5 si,  0.0 st
%Cpu(s): 10.1 us,  6.3 sy,  0.0 ni, 82.8 id,  0.0 wa,  0.0 hi,  0.8 si,  0.0 st
%Cpu(s): 10.3 us,  5.9 sy,  0.0 ni, 82.2 id,  0.0 wa,  0.0 hi,  1.5 si,  0.0 st
%Cpu(s):  8.6 us,  5.8 sy,  0.0 ni, 83.6 id,  0.0 wa,  0.0 hi,  1.9 si,  0.1 st
%Cpu(s): 11.3 us,  6.0 sy,  0.0 ni, 81.3 id,  0.0 wa,  0.0 hi,  1.4 si,  0.0 st
%Cpu(s):  9.0 us,  5.9 sy,  0.0 ni, 84.2 id,  0.1 wa,  0.0 hi,  0.8 si,  0.0 st
%Cpu(s): 12.4 us,  5.9 sy,  0.0 ni, 80.3 id,  0.0 wa,  0.0 hi,  1.3 si,  0.1 st
%Cpu(s): 10.6 us,  6.5 sy,  0.0 ni, 81.4 id,  0.0 wa,  0.0 hi,  1.5 si,  0.0 st
%Cpu(s): 10.1 us,  6.4 sy,  0.0 ni, 81.8 id,  0.0 wa,  0.0 hi,  1.7 si,  0.1 st
%Cpu(s):  9.4 us,  6.2 sy,  0.0 ni, 83.0 id,  0.0 wa,  0.0 hi,  1.4 si,  0.0 st
%Cpu(s): 10.2 us,  6.2 sy,  0.0 ni, 82.4 id,  0.0 wa,  0.0 hi,  1.2 si,  0.0 st
%Cpu(s): 12.2 us,  7.0 sy,  0.0 ni, 79.7 id,  0.0 wa,  0.0 hi,  1.1 si,  0.0 st
%Cpu(s): 11.9 us,  5.7 sy,  0.0 ni, 80.6 id,  0.0 wa,  0.0 hi,  1.8 si,  0.0 st
%Cpu(s):  9.6 us,  5.6 sy,  0.0 ni, 83.4 id,  0.0 wa,  0.0 hi,  1.4 si,  0.0 st
%Cpu(s): 11.1 us,  6.3 sy,  0.0 ni, 81.3 id,  0.0 wa,  0.0 hi,  1.4 si,  0.0 st
%Cpu(s): 10.1 us,  4.7 sy,  0.0 ni, 83.4 id,  0.0 wa,  0.0 hi,  1.8 si,  0.0 st
%Cpu(s): 10.4 us,  6.7 sy,  0.0 ni, 81.1 id,  0.0 wa,  0.0 hi,  1.8 si,  0.0 st
%Cpu(s): 10.0 us,  5.3 sy,  0.0 ni, 83.2 id,  0.0 wa,  0.0 hi,  1.3 si,  0.1 st
%Cpu(s):  9.4 us,  6.9 sy,  0.0 ni, 82.1 id,  0.0 wa,  0.0 hi,  1.5 si,  0.1 st
%Cpu(s):  5.3 us,  4.7 sy,  0.0 ni, 89.2 id,  0.0 wa,  0.0 hi,  0.9 si,  0.0 st
%Cpu(s):  6.7 us,  4.5 sy,  0.0 ni, 87.9 id,  0.0 wa,  0.0 hi,  0.9 si,  0.0 st
%Cpu(s):  2.8 us,  3.7 sy,  0.0 ni, 93.2 id,  0.0 wa,  0.0 hi,  0.0 si,  0.2 st
%Cpu(s):  4.6 us,  3.7 sy,  0.0 ni, 91.6 id,  0.0 wa,  0.0 hi,  0.0 si,  0.1 st
%Cpu(s):  6.6 us,  2.3 sy,  0.0 ni, 90.9 id,  0.0 wa,  0.0 hi,  0.1 si,  0.1 st
%Cpu(s):  3.9 us,  2.5 sy,  0.0 ni, 93.4 id,  0.0 wa,  0.0 hi,  0.0 si,  0.2 st
%Cpu(s):  4.6 us,  1.8 sy,  0.0 ni, 93.5 id,  0.1 wa,  0.0 hi,  0.0 si,  0.0 st
%Cpu(s):  2.9 us,  3.8 sy,  0.0 ni, 92.9 id,  0.0 wa,  0.0 hi,  0.0 si,  0.4 st
%Cpu(s):  4.2 us,  4.9 sy,  0.0 ni, 90.7 id,  0.0 wa,  0.0 hi,  0.1 si,  0.1 st
%Cpu(s):  3.4 us,  3.5 sy,  0.0 ni, 92.9 id,  0.0 wa,  0.0 hi,  0.1 si,  0.1 st
%Cpu(s):  3.3 us,  2.1 sy,  0.0 ni, 94.2 id,  0.0 wa,  0.0 hi,  0.0 si,  0.4 st
%Cpu(s):  3.6 us,  3.5 sy,  0.0 ni, 92.6 id,  0.0 wa,  0.0 hi,  0.1 si,  0.2 st
%Cpu(s):  2.5 us,  2.7 sy,  0.0 ni, 94.5 id,  0.0 wa,  0.0 hi,  0.0 si,  0.2 st
%Cpu(s):  3.6 us,  2.5 sy,  0.0 ni, 93.6 id,  0.0 wa,  0.0 hi,  0.1 si,  0.1 st
