%Cpu(s):  0.6 us,  0.1 sy,  0.0 ni, 99.2 id,  0.0 wa,  0.0 hi,  0.0 si,  0.0 st
%Cpu(s):  3.4 us,  2.4 sy,  0.0 ni, 93.9 id,  0.0 wa,  0.0 hi,  0.0 si,  0.4 st
%Cpu(s):  3.8 us,  3.4 sy,  0.0 ni, 92.8 id,  0.0 wa,  0.0 hi,  0.0 si,  0.1 st
%Cpu(s):  6.8 us,  2.8 sy,  0.0 ni, 90.4 id,  0.0 wa,  0.0 hi,  0.0 si,  0.1 st
%Cpu(s):  3.8 us,  3.8 sy,  0.0 ni, 92.1 id,  0.0 wa,  0.0 hi,  0.0 si,  0.2 st
%Cpu(s):  7.1 us,  2.3 sy,  0.0 ni, 90.4 id,  0.0 wa,  0.0 hi,  0.0 si,  0.3 st
%Cpu(s): 15.7 us,  2.9 sy,  0.0 ni, 80.8 id,  0.0 wa,  0.0 hi,  0.4 si,  0.3 st
%Cpu(s): 72.3 us,  4.9 sy,  0.0 ni, 22.1 id,  0.0 wa,  0.0 hi,  0.8 si,  0.0 st
%Cpu(s): 70.7 us,  6.0 sy,  0.0 ni, 22.0 id,  0.0 wa,  0.0 hi,  1.4 si,  0.0 st
%Cpu(s): 80.7 us,  6.5 sy,  0.0 ni, 10.9 id,  0.0 wa,  0.0 hi,  1.9 si,  0.0 st
%Cpu(s): 91.2 us,  7.3 sy,  0.0 ni,  0.2 id,  0.0 wa,  0.0 hi,  1.2 si,  0.0 st
%Cpu(s): 90.3 us,  8.0 sy,  0.0 ni,  0.1 id,  0.0 wa,  0.0 hi,  1.6 si,  0.0 st
%Cpu(s): 87.2 us,  6.7 sy,  0.0 ni,  4.0 id,  0.0 wa,  0.0 hi,  2.1 si,  0.0 st
%Cpu(s): 60.1 us,  6.7 sy,  0.0 ni, 32.0 id,  0.0 wa,  0.0 hi,  1.3 si,  0.0 st
%Cpu(s): 54.6 us,  5.9 sy,  0.0 ni, 38.3 id,  0.0 wa,  0.0 hi,  1.2 si,  0.0 st
%Cpu(s): 21.7 us,  6.1 sy,  0.0 ni, 71.1 id,  0.0 wa,  0.0 hi,  1.1 si,  0.0 st
%Cpu(s): 14.2 us,  6.8 sy,  0.0 ni, 78.5 id,  0.0 wa,  0.0 hi,  0.4 si,  0.1 st
%Cpu(s): 18.2 us,  5.2 sy,  0.0 ni, 75.7 id,  0.0 wa,  0.0 hi,  0.9 si,  0.0 st
%Cpu(s): 16.3 us,  5.0 sy,  0.0 ni, 77.9 id,  0.0 wa,  0.0 hi,  0.8 si,  0.0 st
%Cpu(s): 11.6 us,  6.0 sy,  0.0 ni, 81.7 id,  0.0 wa,  0.0 hi,  0.8 si,  0.0 st
%Cpu(s): 14.1 us,  5.9 sy,  0.0 ni, 79.0 id,  0.0 wa,  0.0 hi,  0.8 si,  0.1 st
%Cpu(s): 13.7 us,  5.6 sy,  0.0 ni, 79.5 id,  0.0 wa,  0.0 hi,  1.0 si,  0.1 st
%Cpu(s): 14.5 us,  6.8 sy,  0.0 ni, 77.9 id,  0.0 wa,  0.0 hi,  0.8 si,  0.0 st
%Cpu(s): 19.6 us,  6.9 sy,  0.0 ni, 73.0 id,  0.0 wa,  0.0 hi,  0.5 si,  0.0 st
%Cpu(s): 21.2 us,  6.8 sy,  0.0 ni, 71.5 id,  0.0 wa,  0.0 hi,  0.5 si,  0.0 st
%Cpu(s): 16.8 us,  6.5 sy,  0.0 ni, 75.6 id,  0.0 wa,  0.0 hi,  1.0 si,  0.1 st
%Cpu(s): 13.8 us,  6.9 sy,  0.0 ni, 78.8 id,  0.0 wa,  0.0 hi,  0.6 si,  0.0 st
%Cpu(s): 23.9 us,  6.8 sy,  0.0 ni, 68.2 id,  0.0 wa,  0.0 hi,  1.1 si,  0.0 st
%Cpu(s): 12.8 us,  7.4 sy,  0.0 ni, 79.2 id,  0.0 wa,  0.0 hi,  0.6 si,  0.0 st
%Cpu(s): 27.5 us,  6.1 sy,  0.0 ni, 65.0 id,  0.0 wa,  0.0 hi,  1.4 si,  0.0 st
%Cpu(s): 26.5 us,  6.3 sy,  0.0 ni, 66.0 id,  0.0 wa,  0.0 hi,  1.1 si,  0.0 st
%Cpu(s): 12.8 us,  6.9 sy,  0.0 ni, 79.8 id,  0.0 wa,  0.0 hi,  0.5 si,  0.0 st
%Cpu(s): 18.8 us,  6.2 sy,  0.0 ni, 74.3 id,  0.0 wa,  0.0 hi,  0.6 si,  0.1 st
%Cpu(s): 28.2 us,  6.4 sy,  0.0 ni, 64.9 id,  0.0 wa,  0.0 hi,  0.5 si,  0.0 st
%Cpu(s): 13.2 us,  6.6 sy,  0.0 ni, 79.3 id,  0.0 wa,  0.0 hi,  0.9 si,  0.0 st
%Cpu(s): 10.3 us,  8.1 sy,  0.0 ni, 81.1 id,  0.0 wa,  0.0 hi,  0.4 si,  0.1 st
%Cpu(s): 12.0 us,  7.1 sy,  0.0 ni, 79.8 id,  0.0 wa,  0.0 hi,  1.0 si,  0.1 st
%Cpu(s): 24.9 us,  7.3 sy,  0.0 ni, 66.8 id,  0.0 wa,  0.0 hi,  1.0 si,  0.0 st
%Cpu(s): 19.3 us,  6.8 sy,  0.0 ni, 73.5 id,  0.0 wa,  0.0 hi,  0.4 si,  0.0 st
%Cpu(s): 11.3 us,  6.4 sy,  0.0 ni, 81.7 id,  0.0 wa,  0.0 hi,  0.6 si,  0.0 st
%Cpu(s): 11.8 us,  6.6 sy,  0.0 ni, 80.8 id,  0.0 wa,  0.0 hi,  0.8 si,  0.0 st
%Cpu(s): 24.7 us,  7.2 sy,  0.0 ni, 67.3 id,  0.0 wa,  0.0 hi,  0.7 si,  0.0 st
%Cpu(s): 25.6 us,  6.5 sy,  0.0 ni, 67.0 id,  0.0 wa,  0.0 hi,  0.9 si,  0.0 st
%Cpu(s): 13.4 us,  6.6 sy,  0.0 ni, 79.1 id,  0.0 wa,  0.0 hi,  0.9 si,  0.0 st
%Cpu(s): 29.6 us,  6.0 sy,  0.0 ni, 64.1 id,  0.0 wa,  0.0 hi,  0.3 si,  0.1 st
%Cpu(s):  9.3 us,  6.4 sy,  0.0 ni, 83.4 id,  0.0 wa,  0.0 hi,  0.8 si,  0.1 st
%Cpu(s): 12.1 us,  6.6 sy,  0.0 ni, 80.6 id,  0.0 wa,  0.0 hi,  0.8 si,  0.0 st
%Cpu(s): 11.7 us,  6.4 sy,  0.0 ni, 80.9 id,  0.0 wa,  0.0 hi,  0.9 si,  0.0 st
%Cpu(s): 10.0 us,  6.5 sy,  0.0 ni, 82.9 id,  0.0 wa,  0.0 hi,  0.6 si,  0.0 st
%Cpu(s):  9.7 us,  7.2 sy,  0.0 ni, 82.0 id,  0.0 wa,  0.0 hi,  1.0 si,  0.1 st
%Cpu(s): 10.4 us,  7.1 sy,  0.0 ni, 81.5 id,  0.1 wa,  0.0 hi,  0.9 si,  0.0 st
%Cpu(s): 10.3 us,  6.4 sy,  0.0 ni, 82.8 id,  0.0 wa,  0.0 hi,  0.5 si,  0.0 st
%Cpu(s): 12.3 us,  6.5 sy,  0.0 ni, 80.3 id,  0.0 wa,  0.0 hi,  0.9 si,  0.0 st
%Cpu(s): 10.2 us,  7.8 sy,  0.0 ni, 81.5 id,  0.0 wa,  0.0 hi,  0.5 si,  0.0 st
%Cpu(s): 12.6 us,  6.8 sy,  0.0 ni, 79.9 id,  0.0 wa,  0.0 hi,  0.6 si,  0.0 st
%Cpu(s): 11.3 us,  6.7 sy,  0.0 ni, 81.2 id,  0.0 wa,  0.0 hi,  0.6 si,  0.1 st
%Cpu(s): 12.1 us,  6.7 sy,  0.0 ni, 80.3 id,  0.0 wa,  0.0 hi,  0.8 si,  0.1 st
%Cpu(s):  9.5 us,  7.0 sy,  0.0 ni, 82.6 id,  0.0 wa,  0.0 hi,  0.9 si,  0.0 st
%Cpu(s): 10.4 us,  6.2 sy,  0.0 ni, 82.8 id,  0.0 wa,  0.0 hi,  0.6 si,  0.0 st
%Cpu(s):  9.4 us,  6.4 sy,  0.0 ni, 83.3 id,  0.0 wa,  0.0 hi,  0.8 si,  0.1 st
%Cpu(s):  8.6 us,  6.5 sy,  0.0 ni, 84.1 id,  0.0 wa,  0.0 hi,  0.8 si,  0.0 st
%Cpu(s):  5.7 us,  5.2 sy,  0.0 ni, 88.8 id,  0.0 wa,  0.0 hi,  0.3 si,  0.0 st
%Cpu(s):  3.4 us,  2.0 sy,  0.0 ni, 94.3 id,  0.0 wa,  0.0 hi,  0.1 si,  0.1 st
%Cpu(s):  3.0 us,  2.5 sy,  0.0 ni, 94.1 id,  0.0 wa,  0.0 hi,  0.0 si,  0.4 st
%Cpu(s):  2.8 us,  3.0 sy,  0.0 ni, 94.1 id,  0.0 wa,  0.0 hi,  0.0 si,  0.1 st
%Cpu(s):  2.7 us,  2.5 sy,  0.0 ni, 94.4 id,  0.0 wa,  0.0 hi,  0.0 si,  0.4 st
%Cpu(s):  3.8 us,  3.1 sy,  0.0 ni, 93.1 id,  0.0 wa,  0.0 hi,  0.0 si,  0.0 st
%Cpu(s):  7.4 us,  2.6 sy,  0.0 ni, 89.6 id,  0.0 wa,  0.0 hi,  0.1 si,  0.2 st
%Cpu(s):  3.0 us,  3.1 sy,  0.0 ni, 93.8 id,  0.0 wa,  0.0 hi,  0.0 si,  0.1 st
%Cpu(s):  3.9 us,  2.8 sy,  0.0 ni, 93.2 id,  0.0 wa,  0.0 hi,  0.0 si,  0.1 st
%Cpu(s):  4.0 us,  2.5 sy,  0.0 ni, 93.3 id,  0.0 wa,  0.0 hi,  0.0 si,  0.2 st
%Cpu(s):  3.4 us,  2.4 sy,  0.0 ni, 94.3 id,  0.0 wa,  0.0 hi,  0.0 si,  0.0 st
%Cpu(s):  3.0 us,  2.4 sy,  0.0 ni, 94.4 id,  0.0 wa,  0.0 hi,  0.0 si,  0.2 st
%Cpu(s):  3.5 us,  2.6 sy,  0.0 ni, 93.6 id,  0.0 wa,  0.0 hi,  0.0 si,  0.3 st
%Cpu(s):  3.2 us,  2.1 sy,  0.0 ni, 94.4 id,  0.0 wa,  0.0 hi,  0.0 si,  0.2 st
%Cpu(s):  3.0 us,  3.1 sy,  0.0 ni, 93.9 id,  0.0 wa,  0.0 hi,  0.0 si,  0.0 st
