%Cpu(s):  5.2 us,  0.9 sy,  0.0 ni, 93.7 id,  0.0 wa,  0.0 hi,  0.1 si,  0.0 st
%Cpu(s):  2.4 us,  2.0 sy,  0.0 ni, 95.6 id,  0.0 wa,  0.0 hi,  0.0 si,  0.0 st
%Cpu(s):  3.4 us,  3.5 sy,  0.0 ni, 93.1 id,  0.0 wa,  0.0 hi,  0.0 si,  0.0 st
%Cpu(s):  3.7 us,  3.8 sy,  0.0 ni, 92.5 id,  0.0 wa,  0.0 hi,  0.0 si,  0.0 st
%Cpu(s):  4.4 us,  2.4 sy,  0.0 ni, 93.1 id,  0.0 wa,  0.0 hi,  0.0 si,  0.1 st
%Cpu(s):  8.0 us,  3.0 sy,  0.0 ni, 88.9 id,  0.0 wa,  0.0 hi,  0.1 si,  0.0 st
%Cpu(s):  8.3 us,  1.5 sy,  0.0 ni, 90.2 id,  0.0 wa,  0.0 hi,  0.0 si,  0.0 st
%Cpu(s): 68.8 us,  4.3 sy,  0.0 ni, 25.4 id,  0.0 wa,  0.0 hi,  1.5 si,  0.0 st
%Cpu(s): 89.3 us,  6.6 sy,  0.0 ni,  2.4 id,  0.0 wa,  0.0 hi,  1.6 si,  0.1 st
%Cpu(s): 88.1 us,  7.9 sy,  0.0 ni,  2.2 id,  0.0 wa,  0.0 hi,  1.8 si,  0.0 st
%Cpu(s): 88.4 us,  7.2 sy,  0.0 ni,  2.9 id,  0.0 wa,  0.0 hi,  1.5 si,  0.0 st
%Cpu(s): 88.9 us,  7.2 sy,  0.0 ni,  1.9 id,  0.0 wa,  0.0 hi,  1.9 si,  0.1 st
%Cpu(s): 82.4 us,  6.5 sy,  0.0 ni,  9.4 id,  0.0 wa,  0.0 hi,  1.7 si,  0.0 st
%Cpu(s): 80.4 us,  5.8 sy,  0.0 ni, 13.2 id,  0.0 wa,  0.0 hi,  0.6 si,  0.0 st
%Cpu(s): 70.6 us,  6.4 sy,  0.0 ni, 21.8 id,  0.0 wa,  0.0 hi,  1.3 si,  0.0 st
%Cpu(s): 41.7 us,  5.1 sy,  0.0 ni, 52.6 id,  0.0 wa,  0.0 hi,  0.5 si,  0.0 st
%Cpu(s): 36.8 us,  5.8 sy,  0.0 ni, 56.5 id,  0.0 wa,  0.0 hi,  0.9 si,  0.0 st
%Cpu(s): 29.6 us,  6.4 sy,  0.0 ni, 63.0 id,  0.0 wa,  0.0 hi,  0.9 si,  0.1 st
%Cpu(s): 16.1 us,  6.7 sy,  0.0 ni, 76.3 id,  0.0 wa,  0.0 hi,  0.8 si,  0.1 st
%Cpu(s): 14.7 us,  5.6 sy,  0.0 ni, 79.4 id,  0.0 wa,  0.0 hi,  0.4 si,  0.0 st
%Cpu(s): 15.8 us,  6.6 sy,  0.0 ni, 77.0 id,  0.0 wa,  0.0 hi,  0.5 si,  0.1 st
%Cpu(s): 15.1 us,  6.8 sy,  0.0 ni, 77.6 id,  0.0 wa,  0.0 hi,  0.5 si,  0.0 st
%Cpu(s): 14.0 us,  5.6 sy,  0.0 ni, 79.9 id,  0.0 wa,  0.0 hi,  0.5 si,  0.0 st
%Cpu(s): 14.5 us,  5.8 sy,  0.0 ni, 79.3 id,  0.0 wa,  0.0 hi,  0.3 si,  0.1 st
%Cpu(s): 17.0 us,  6.1 sy,  0.0 ni, 76.3 id,  0.0 wa,  0.0 hi,  0.5 si,  0.1 st
%Cpu(s): 16.1 us,  6.7 sy,  0.0 ni, 76.3 id,  0.0 wa,  0.0 hi,  0.7 si,  0.1 st
%Cpu(s): 17.3 us,  5.9 sy,  0.0 ni, 76.1 id,  0.0 wa,  0.0 hi,  0.6 si,  0.0 st
%Cpu(s): 16.7 us,  7.2 sy,  0.0 ni, 75.3 id,  0.0 wa,  0.0 hi,  0.8 si,  0.1 st
%Cpu(s): 15.4 us,  6.9 sy,  0.0 ni, 77.1 id,  0.0 wa,  0.0 hi,  0.6 si,  0.0 st
%Cpu(s): 23.2 us,  6.7 sy,  0.0 ni, 69.5 id,  0.0 wa,  0.0 hi,  0.5 si,  0.1 st
%Cpu(s): 15.9 us,  5.8 sy,  0.0 ni, 77.2 id,  0.1 wa,  0.0 hi,  0.9 si,  0.0 st
%Cpu(s): 14.9 us,  5.2 sy,  0.0 ni, 79.1 id,  0.0 wa,  0.0 hi,  0.6 si,  0.1 st
%Cpu(s): 15.2 us,  6.7 sy,  0.0 ni, 77.6 id,  0.0 wa,  0.0 hi,  0.4 si,  0.0 st
%Cpu(s): 21.0 us,  6.7 sy,  0.0 ni, 71.4 id,  0.0 wa,  0.0 hi,  0.8 si,  0.1 st
%Cpu(s): 21.2 us,  6.4 sy,  0.0 ni, 71.8 id,  0.0 wa,  0.0 hi,  0.6 si,  0.0 st
%Cpu(s): 14.8 us,  6.7 sy,  0.0 ni, 78.0 id,  0.0 wa,  0.0 hi,  0.5 si,  0.0 st
%Cpu(s): 15.5 us,  6.2 sy,  0.0 ni, 77.5 id,  0.0 wa,  0.0 hi,  0.6 si,  0.1 st
%Cpu(s): 26.1 us,  6.0 sy,  0.0 ni, 67.5 id,  0.0 wa,  0.0 hi,  0.3 si,  0.1 st
%Cpu(s): 23.8 us,  5.3 sy,  0.0 ni, 70.1 id,  0.0 wa,  0.0 hi,  0.9 si,  0.0 st
%Cpu(s): 16.2 us,  5.8 sy,  0.0 ni, 77.2 id,  0.0 wa,  0.0 hi,  0.6 si,  0.1 st
%Cpu(s): 12.9 us,  6.3 sy,  0.0 ni, 80.2 id,  0.0 wa,  0.0 hi,  0.5 si,  0.0 st
%Cpu(s): 18.4 us,  7.4 sy,  0.0 ni, 73.1 id,  0.0 wa,  0.0 hi,  1.0 si,  0.0 st
%Cpu(s): 43.3 us,  6.7 sy,  0.0 ni, 48.9 id,  0.0 wa,  0.0 hi,  1.1 si,  0.0 st
%Cpu(s): 27.7 us,  5.6 sy,  0.0 ni, 65.5 id,  0.0 wa,  0.0 hi,  1.0 si,  0.1 st
%Cpu(s): 17.1 us,  5.6 sy,  0.0 ni, 76.8 id,  0.0 wa,  0.0 hi,  0.5 si,  0.0 st
%Cpu(s): 15.0 us,  6.1 sy,  0.0 ni, 78.5 id,  0.0 wa,  0.0 hi,  0.4 si,  0.0 st
%Cpu(s): 14.6 us,  6.0 sy,  0.0 ni, 78.8 id,  0.0 wa,  0.0 hi,  0.5 si,  0.1 st
%Cpu(s): 13.8 us,  5.7 sy,  0.0 ni, 79.5 id,  0.0 wa,  0.0 hi,  0.9 si,  0.1 st
%Cpu(s): 19.1 us,  5.4 sy,  0.0 ni, 74.8 id,  0.0 wa,  0.0 hi,  0.6 si,  0.0 st
%Cpu(s): 23.9 us,  5.5 sy,  0.0 ni, 69.5 id,  0.0 wa,  0.0 hi,  0.9 si,  0.1 st
%Cpu(s): 15.6 us,  5.4 sy,  0.0 ni, 78.5 id,  0.0 wa,  0.0 hi,  0.5 si,  0.0 st
%Cpu(s): 15.3 us,  6.1 sy,  0.0 ni, 77.7 id,  0.0 wa,  0.0 hi,  0.8 si,  0.1 st
%Cpu(s): 15.9 us,  7.0 sy,  0.0 ni, 76.2 id,  0.0 wa,  0.0 hi,  0.9 si,  0.0 st
%Cpu(s): 14.6 us,  6.5 sy,  0.0 ni, 78.3 id,  0.0 wa,  0.0 hi,  0.5 si,  0.1 st
%Cpu(s): 14.7 us,  5.9 sy,  0.0 ni, 79.0 id,  0.0 wa,  0.0 hi,  0.4 si,  0.0 st
%Cpu(s): 13.5 us,  6.4 sy,  0.0 ni, 79.3 id,  0.0 wa,  0.0 hi,  0.6 si,  0.1 st
%Cpu(s): 15.4 us,  6.0 sy,  0.0 ni, 78.0 id,  0.0 wa,  0.0 hi,  0.5 si,  0.1 st
%Cpu(s): 16.2 us,  6.0 sy,  0.0 ni, 77.0 id,  0.0 wa,  0.0 hi,  0.8 si,  0.0 st
%Cpu(s): 31.1 us,  4.6 sy,  0.0 ni, 63.3 id,  0.0 wa,  0.0 hi,  0.9 si,  0.1 st
%Cpu(s): 18.4 us,  6.5 sy,  0.0 ni, 74.5 id,  0.0 wa,  0.0 hi,  0.6 si,  0.0 st
%Cpu(s): 20.3 us,  6.0 sy,  0.0 ni, 72.7 id,  0.0 wa,  0.0 hi,  0.9 si,  0.1 st
%Cpu(s):  9.1 us,  3.3 sy,  0.0 ni, 87.1 id,  0.0 wa,  0.0 hi,  0.4 si,  0.1 st
%Cpu(s):  1.9 us,  1.4 sy,  0.0 ni, 96.7 id,  0.0 wa,  0.0 hi,  0.0 si,  0.0 st
%Cpu(s):  2.4 us,  2.1 sy,  0.0 ni, 95.3 id,  0.0 wa,  0.0 hi,  0.0 si,  0.1 st
%Cpu(s):  2.2 us,  3.0 sy,  0.0 ni, 94.8 id,  0.0 wa,  0.0 hi,  0.0 si,  0.0 st
%Cpu(s):  2.2 us,  1.9 sy,  0.0 ni, 95.9 id,  0.0 wa,  0.0 hi,  0.0 si,  0.0 st
%Cpu(s):  3.1 us,  1.4 sy,  0.0 ni, 95.5 id,  0.0 wa,  0.0 hi,  0.0 si,  0.0 st
%Cpu(s): 10.0 us,  1.6 sy,  0.0 ni, 88.2 id,  0.0 wa,  0.0 hi,  0.0 si,  0.1 st
%Cpu(s): 10.2 us,  2.5 sy,  0.0 ni, 87.3 id,  0.0 wa,  0.0 hi,  0.0 si,  0.0 st
%Cpu(s):  2.4 us,  2.3 sy,  0.0 ni, 95.4 id,  0.0 wa,  0.0 hi,  0.0 si,  0.0 st
%Cpu(s):  2.9 us,  2.3 sy,  0.0 ni, 94.8 id,  0.0 wa,  0.0 hi,  0.0 si,  0.0 st
%Cpu(s):  3.3 us,  2.3 sy,  0.0 ni, 94.4 id,  0.1 wa,  0.0 hi,  0.0 si,  0.0 st
%Cpu(s):  2.5 us,  2.1 sy,  0.0 ni, 95.3 id,  0.0 wa,  0.0 hi,  0.0 si,  0.0 st
%Cpu(s):  3.1 us,  1.7 sy,  0.0 ni, 95.0 id,  0.0 wa,  0.0 hi,  0.1 si,  0.0 st
%Cpu(s):  3.1 us,  2.1 sy,  0.0 ni, 94.6 id,  0.0 wa,  0.0 hi,  0.0 si,  0.1 st
