%Cpu(s):  1.1 us,  0.2 sy,  0.0 ni, 98.6 id,  0.0 wa,  0.0 hi,  0.0 si,  0.0 st
%Cpu(s):  4.1 us,  1.8 sy,  0.0 ni, 93.9 id,  0.0 wa,  0.0 hi,  0.0 si,  0.3 st
%Cpu(s): 76.9 us,  5.0 sy,  0.0 ni, 18.0 id,  0.0 wa,  0.0 hi,  0.0 si,  0.1 st
%Cpu(s): 75.2 us,  3.3 sy,  0.0 ni, 21.4 id,  0.0 wa,  0.0 hi,  0.0 si,  0.1 st
%Cpu(s): 92.6 us,  2.4 sy,  0.0 ni,  5.0 id,  0.0 wa,  0.0 hi,  0.0 si,  0.0 st
%Cpu(s): 95.4 us,  2.0 sy,  0.0 ni,  2.5 id,  0.0 wa,  0.0 hi,  0.1 si,  0.0 st
%Cpu(s): 96.5 us,  2.7 sy,  0.0 ni,  0.6 id,  0.0 wa,  0.0 hi,  0.1 si,  0.0 st
%Cpu(s): 31.9 us,  1.8 sy,  0.0 ni, 66.2 id,  0.0 wa,  0.0 hi,  0.0 si,  0.1 st
%Cpu(s):  8.3 us,  2.3 sy,  0.0 ni, 89.0 id,  0.0 wa,  0.0 hi,  0.1 si,  0.3 st
%Cpu(s):  3.8 us,  3.7 sy,  0.0 ni, 92.3 id,  0.0 wa,  0.0 hi,  0.0 si,  0.3 st
%Cpu(s): 10.4 us,  2.0 sy,  0.0 ni, 87.2 id,  0.0 wa,  0.0 hi,  0.1 si,  0.3 st
%Cpu(s):  9.5 us,  1.9 sy,  0.0 ni, 88.2 id,  0.0 wa,  0.0 hi,  0.0 si,  0.4 st
%Cpu(s):  8.3 us,  2.3 sy,  0.0 ni, 89.0 id,  0.0 wa,  0.0 hi,  0.1 si,  0.3 st
%Cpu(s):  7.7 us,  4.0 sy,  0.0 ni, 88.0 id,  0.0 wa,  0.0 hi,  0.1 si,  0.1 st
%Cpu(s): 12.9 us,  3.0 sy,  0.0 ni, 84.0 id,  0.0 wa,  0.0 hi,  0.1 si,  0.0 st
%Cpu(s):  4.8 us,  4.4 sy,  0.0 ni, 90.7 id,  0.0 wa,  0.0 hi,  0.0 si,  0.0 st
%Cpu(s):  9.3 us,  4.8 sy,  0.0 ni, 85.9 id,  0.0 wa,  0.0 hi,  0.0 si,  0.0 st
%Cpu(s): 68.2 us,  6.1 sy,  0.0 ni, 24.6 id,  0.0 wa,  0.0 hi,  1.1 si,  0.0 st
%Cpu(s): 86.0 us, 11.0 sy,  0.0 ni,  0.6 id,  0.0 wa,  0.0 hi,  2.4 si,  0.0 st
%Cpu(s): 86.1 us, 11.0 sy,  0.0 ni,  0.2 id,  0.0 wa,  0.0 hi,  2.7 si,  0.0 st
%Cpu(s): 86.1 us, 10.3 sy,  0.0 ni,  1.2 id,  0.0 wa,  0.0 hi,  2.4 si,  0.0 st
%Cpu(s): 87.9 us,  8.9 sy,  0.0 ni,  0.7 id,  0.0 wa,  0.0 hi,  2.5 si,  0.0 st
%Cpu(s): 80.5 us, 10.4 sy,  0.0 ni,  6.1 id,  0.0 wa,  0.0 hi,  3.0 si,  0.0 st
%Cpu(s): 77.3 us,  8.7 sy,  0.0 ni, 11.5 id,  0.0 wa,  0.0 hi,  2.5 si,  0.0 st
%Cpu(s): 66.9 us, 10.6 sy,  0.0 ni, 19.0 id,  0.0 wa,  0.0 hi,  3.5 si,  0.0 st
%Cpu(s): 36.1 us,  8.5 sy,  0.0 ni, 53.0 id,  0.0 wa,  0.0 hi,  2.3 si,  0.1 st
%Cpu(s): 29.4 us,  8.7 sy,  0.0 ni, 59.3 id,  0.0 wa,  0.0 hi,  2.6 si,  0.0 st
%Cpu(s): 39.4 us,  9.7 sy,  0.0 ni, 49.0 id,  0.0 wa,  0.0 hi,  1.9 si,  0.0 st
%Cpu(s): 52.7 us,  7.9 sy,  0.0 ni, 37.1 id,  0.0 wa,  0.0 hi,  2.3 si,  0.0 st
%Cpu(s): 70.2 us,  7.5 sy,  0.0 ni, 20.1 id,  0.0 wa,  0.0 hi,  2.2 si,  0.0 st
%Cpu(s): 48.2 us, 10.4 sy,  0.0 ni, 39.7 id,  0.0 wa,  0.0 hi,  1.8 si,  0.0 st
%Cpu(s): 17.6 us,  9.5 sy,  0.0 ni, 70.9 id,  0.0 wa,  0.0 hi,  2.1 si,  0.0 st
%Cpu(s): 16.3 us,  8.1 sy,  0.0 ni, 73.9 id,  0.0 wa,  0.0 hi,  1.8 si,  0.0 st
%Cpu(s): 15.7 us,  7.5 sy,  0.0 ni, 75.4 id,  0.0 wa,  0.0 hi,  1.4 si,  0.0 st
%Cpu(s): 14.8 us,  7.2 sy,  0.0 ni, 76.6 id,  0.0 wa,  0.0 hi,  1.2 si,  0.1 st
%Cpu(s): 14.2 us,  7.2 sy,  0.0 ni, 77.0 id,  0.0 wa,  0.0 hi,  1.6 si,  0.0 st
%Cpu(s): 12.9 us,  6.5 sy,  0.0 ni, 79.0 id,  0.0 wa,  0.0 hi,  1.5 si,  0.1 st
%Cpu(s): 14.6 us,  7.0 sy,  0.0 ni, 77.1 id,  0.0 wa,  0.0 hi,  1.4 si,  0.0 st
%Cpu(s): 11.5 us,  6.9 sy,  0.0 ni, 80.0 id,  0.0 wa,  0.0 hi,  1.6 si,  0.0 st
%Cpu(s): 13.3 us,  7.5 sy,  0.0 ni, 77.8 id,  0.0 wa,  0.0 hi,  1.4 si,  0.0 st
%Cpu(s): 16.4 us,  8.6 sy,  0.0 ni, 73.0 id,  0.0 wa,  0.0 hi,  2.0 si,  0.0 st
%Cpu(s): 15.8 us,  8.7 sy,  0.0 ni, 73.7 id,  0.0 wa,  0.0 hi,  1.7 si,  0.0 st
%Cpu(s): 14.3 us,  7.4 sy,  0.0 ni, 76.8 id,  0.0 wa,  0.0 hi,  1.4 si,  0.1 st
%Cpu(s): 14.6 us,  7.8 sy,  0.0 ni, 76.4 id,  0.0 wa,  0.0 hi,  1.3 si,  0.0 st
%Cpu(s): 14.4 us,  7.5 sy,  0.0 ni, 76.7 id,  0.0 wa,  0.0 hi,  1.4 si,  0.0 st
%Cpu(s): 31.6 us,  8.8 sy,  0.0 ni, 57.6 id,  0.0 wa,  0.0 hi,  2.0 si,  0.0 st
%Cpu(s): 15.5 us,  7.6 sy,  0.0 ni, 74.7 id,  0.0 wa,  0.0 hi,  2.1 si,  0.0 st
%Cpu(s): 23.5 us,  7.4 sy,  0.0 ni, 67.6 id,  0.0 wa,  0.0 hi,  1.5 si,  0.0 st
%Cpu(s): 38.7 us,  8.5 sy,  0.0 ni, 50.6 id,  0.0 wa,  0.0 hi,  2.2 si,  0.0 st
%Cpu(s): 43.0 us,  8.8 sy,  0.0 ni, 46.1 id,  0.0 wa,  0.0 hi,  2.2 si,  0.0 st
%Cpu(s): 26.2 us,  7.9 sy,  0.0 ni, 64.2 id,  0.0 wa,  0.0 hi,  1.7 si,  0.0 st
%Cpu(s): 31.9 us,  8.0 sy,  0.0 ni, 58.3 id,  0.0 wa,  0.0 hi,  1.9 si,  0.0 st
%Cpu(s): 49.2 us,  8.0 sy,  0.0 ni, 40.2 id,  0.0 wa,  0.0 hi,  2.5 si,  0.0 st
%Cpu(s): 56.9 us,  8.8 sy,  0.0 ni, 32.4 id,  0.0 wa,  0.0 hi,  1.9 si,  0.1 st
%Cpu(s): 24.0 us,  7.5 sy,  0.0 ni, 66.0 id,  0.0 wa,  0.0 hi,  2.5 si,  0.0 st
%Cpu(s): 22.3 us,  8.1 sy,  0.0 ni, 68.1 id,  0.1 wa,  0.0 hi,  1.3 si,  0.0 st
%Cpu(s): 16.0 us,  9.2 sy,  0.0 ni, 73.0 id,  0.0 wa,  0.0 hi,  1.7 si,  0.0 st
%Cpu(s): 14.8 us,  9.0 sy,  0.0 ni, 74.6 id,  0.0 wa,  0.0 hi,  1.7 si,  0.0 st
%Cpu(s): 15.0 us,  8.4 sy,  0.0 ni, 74.6 id,  0.0 wa,  0.0 hi,  1.9 si,  0.1 st
%Cpu(s): 13.4 us,  8.7 sy,  0.0 ni, 76.4 id,  0.0 wa,  0.0 hi,  1.5 si,  0.0 st
%Cpu(s): 12.4 us,  6.9 sy,  0.0 ni, 79.5 id,  0.0 wa,  0.0 hi,  1.3 si,  0.0 st
%Cpu(s):  8.6 us,  6.1 sy,  0.0 ni, 83.5 id,  0.0 wa,  0.0 hi,  1.8 si,  0.0 st
%Cpu(s):  7.5 us,  4.6 sy,  0.0 ni, 87.2 id,  0.0 wa,  0.0 hi,  0.6 si,  0.1 st
%Cpu(s):  6.5 us,  4.9 sy,  0.0 ni, 88.0 id,  0.0 wa,  0.0 hi,  0.6 si,  0.0 st
%Cpu(s):  6.2 us,  4.6 sy,  0.0 ni, 88.8 id,  0.0 wa,  0.0 hi,  0.4 si,  0.0 st
%Cpu(s):  7.6 us,  5.1 sy,  0.0 ni, 87.0 id,  0.0 wa,  0.0 hi,  0.3 si,  0.1 st
%Cpu(s):  7.6 us,  5.5 sy,  0.0 ni, 86.5 id,  0.0 wa,  0.0 hi,  0.4 si,  0.0 st
%Cpu(s):  8.0 us,  4.4 sy,  0.0 ni, 87.2 id,  0.0 wa,  0.0 hi,  0.4 si,  0.0 st
%Cpu(s):  3.5 us,  3.0 sy,  0.0 ni, 93.2 id,  0.0 wa,  0.0 hi,  0.0 si,  0.3 st
%Cpu(s):  3.0 us,  3.2 sy,  0.0 ni, 93.7 id,  0.0 wa,  0.0 hi,  0.0 si,  0.1 st
%Cpu(s):  2.8 us,  3.2 sy,  0.0 ni, 93.8 id,  0.0 wa,  0.0 hi,  0.0 si,  0.3 st
%Cpu(s):  4.0 us,  4.0 sy,  0.0 ni, 91.8 id,  0.0 wa,  0.0 hi,  0.1 si,  0.1 st
%Cpu(s):  3.0 us,  3.9 sy,  0.0 ni, 92.7 id,  0.0 wa,  0.0 hi,  0.0 si,  0.4 st
