%Cpu(s):  1.1 us,  0.2 sy,  0.0 ni, 98.7 id,  0.0 wa,  0.0 hi,  0.0 si,  0.0 st
%Cpu(s): 50.4 us,  6.3 sy,  0.0 ni, 43.0 id,  0.0 wa,  0.0 hi,  0.1 si,  0.1 st
%Cpu(s): 80.6 us,  3.1 sy,  0.0 ni, 16.2 id,  0.0 wa,  0.0 hi,  0.0 si,  0.0 st
%Cpu(s): 80.2 us,  2.2 sy,  0.0 ni, 17.7 id,  0.0 wa,  0.0 hi,  0.0 si,  0.0 st
%Cpu(s): 95.0 us,  3.1 sy,  0.0 ni,  1.9 id,  0.0 wa,  0.0 hi,  0.0 si,  0.0 st
%Cpu(s): 92.5 us,  2.8 sy,  0.0 ni,  4.6 id,  0.1 wa,  0.0 hi,  0.0 si,  0.0 st
%Cpu(s): 91.4 us,  2.7 sy,  0.0 ni,  5.6 id,  0.0 wa,  0.0 hi,  0.1 si,  0.1 st
%Cpu(s): 22.2 us,  0.9 sy,  0.0 ni, 76.9 id,  0.0 wa,  0.0 hi,  0.0 si,  0.0 st
%Cpu(s):  4.5 us,  0.8 sy,  0.0 ni, 94.6 id,  0.0 wa,  0.0 hi,  0.1 si,  0.0 st
%Cpu(s):  3.0 us,  1.1 sy,  0.0 ni, 95.9 id,  0.0 wa,  0.0 hi,  0.0 si,  0.0 st
%Cpu(s):  5.8 us,  1.0 sy,  0.0 ni, 93.1 id,  0.0 wa,  0.0 hi,  0.0 si,  0.1 st
%Cpu(s):  4.7 us,  2.1 sy,  0.0 ni, 93.2 id,  0.0 wa,  0.0 hi,  0.0 si,  0.0 st
%Cpu(s):  4.3 us,  1.5 sy,  0.0 ni, 94.2 id,  0.0 wa,  0.0 hi,  0.0 si,  0.0 st
%Cpu(s):  6.0 us,  2.5 sy,  0.0 ni, 91.2 id,  0.0 wa,  0.0 hi,  0.1 si,  0.1 st
%Cpu(s):  7.5 us,  3.4 sy,  0.0 ni, 89.1 id,  0.0 wa,  0.0 hi,  0.0 si,  0.0 st
%Cpu(s):  5.0 us,  3.1 sy,  0.0 ni, 91.8 id,  0.0 wa,  0.0 hi,  0.0 si,  0.1 st
%Cpu(s):  3.5 us,  3.0 sy,  0.0 ni, 93.6 id,  0.0 wa,  0.0 hi,  0.0 si,  0.0 st
%Cpu(s): 78.5 us,  6.8 sy,  0.0 ni, 13.8 id,  0.0 wa,  0.0 hi,  0.9 si,  0.0 st
%Cpu(s): 86.1 us, 11.3 sy,  0.0 ni,  0.4 id,  0.0 wa,  0.0 hi,  2.2 si,  0.0 st
%Cpu(s): 85.7 us, 11.6 sy,  0.0 ni,  0.4 id,  0.0 wa,  0.0 hi,  2.4 si,  0.0 st
%Cpu(s): 84.9 us, 12.0 sy,  0.0 ni,  1.4 id,  0.0 wa,  0.0 hi,  1.7 si,  0.0 st
%Cpu(s): 85.9 us, 11.1 sy,  0.0 ni,  0.7 id,  0.0 wa,  0.0 hi,  2.2 si,  0.0 st
%Cpu(s): 86.9 us, 10.7 sy,  0.0 ni,  0.4 id,  0.0 wa,  0.0 hi,  2.0 si,  0.0 st
%Cpu(s): 85.2 us, 11.4 sy,  0.0 ni,  0.7 id,  0.0 wa,  0.0 hi,  2.6 si,  0.0 st
%Cpu(s): 85.1 us, 11.4 sy,  0.0 ni,  0.2 id,  0.0 wa,  0.0 hi,  3.2 si,  0.0 st
%Cpu(s): 86.8 us, 10.7 sy,  0.0 ni,  0.2 id,  0.0 wa,  0.0 hi,  2.2 si,  0.0 st
%Cpu(s): 67.9 us, 10.0 sy,  0.0 ni, 19.7 id,  0.0 wa,  0.0 hi,  2.4 si,  0.0 st
%Cpu(s): 26.1 us,  8.6 sy,  0.0 ni, 63.6 id,  0.0 wa,  0.0 hi,  1.6 si,  0.0 st
%Cpu(s): 17.1 us,  7.2 sy,  0.0 ni, 74.1 id,  0.0 wa,  0.0 hi,  1.5 si,  0.0 st
%Cpu(s): 54.2 us,  9.2 sy,  0.0 ni, 34.3 id,  0.0 wa,  0.0 hi,  2.3 si,  0.0 st
%Cpu(s): 64.3 us, 10.1 sy,  0.0 ni, 23.6 id,  0.0 wa,  0.0 hi,  2.0 si,  0.0 st
%Cpu(s): 38.9 us, 10.1 sy,  0.0 ni, 49.1 id,  0.0 wa,  0.0 hi,  1.9 si,  0.0 st
%Cpu(s): 18.9 us,  7.9 sy,  0.0 ni, 71.4 id,  0.0 wa,  0.0 hi,  1.8 si,  0.0 st
%Cpu(s): 13.7 us,  7.2 sy,  0.0 ni, 77.4 id,  0.0 wa,  0.0 hi,  1.7 si,  0.0 st
%Cpu(s): 15.0 us,  7.5 sy,  0.0 ni, 75.8 id,  0.0 wa,  0.0 hi,  1.7 si,  0.0 st
%Cpu(s): 11.3 us,  6.9 sy,  0.0 ni, 79.8 id,  0.0 wa,  0.0 hi,  2.0 si,  0.0 st
%Cpu(s): 10.9 us,  7.6 sy,  0.0 ni, 79.7 id,  0.0 wa,  0.0 hi,  1.8 si,  0.0 st
%Cpu(s): 10.4 us,  7.6 sy,  0.0 ni, 80.7 id,  0.0 wa,  0.0 hi,  1.3 si,  0.0 st
%Cpu(s): 11.2 us,  5.6 sy,  0.0 ni, 81.8 id,  0.0 wa,  0.0 hi,  1.5 si,  0.0 st
%Cpu(s): 12.7 us,  7.2 sy,  0.0 ni, 78.7 id,  0.0 wa,  0.0 hi,  1.3 si,  0.1 st
%Cpu(s): 12.8 us,  7.2 sy,  0.0 ni, 78.9 id,  0.0 wa,  0.0 hi,  1.1 si,  0.0 st
%Cpu(s): 11.0 us,  7.4 sy,  0.0 ni, 80.3 id,  0.0 wa,  0.0 hi,  1.3 si,  0.0 st
%Cpu(s): 12.1 us,  7.8 sy,  0.0 ni, 78.4 id,  0.0 wa,  0.0 hi,  1.5 si,  0.1 st
%Cpu(s): 13.0 us,  7.2 sy,  0.0 ni, 78.8 id,  0.0 wa,  0.0 hi,  1.0 si,  0.0 st
%Cpu(s): 10.0 us,  9.2 sy,  0.0 ni, 79.6 id,  0.0 wa,  0.0 hi,  1.3 si,  0.0 st
%Cpu(s): 11.8 us,  7.8 sy,  0.0 ni, 78.5 id,  0.0 wa,  0.0 hi,  1.7 si,  0.1 st
%Cpu(s): 12.2 us,  8.6 sy,  0.0 ni, 77.3 id,  0.0 wa,  0.0 hi,  1.9 si,  0.0 st
%Cpu(s): 24.8 us,  5.9 sy,  0.0 ni, 68.0 id,  0.0 wa,  0.0 hi,  1.3 si,  0.0 st
%Cpu(s): 22.3 us,  7.7 sy,  0.0 ni, 68.3 id,  0.0 wa,  0.0 hi,  1.7 si,  0.0 st
%Cpu(s): 11.2 us,  6.8 sy,  0.0 ni, 80.1 id,  0.0 wa,  0.0 hi,  1.9 si,  0.0 st
%Cpu(s): 13.7 us,  6.4 sy,  0.0 ni, 77.9 id,  0.0 wa,  0.0 hi,  2.0 si,  0.0 st
%Cpu(s): 21.4 us,  7.5 sy,  0.0 ni, 69.1 id,  0.0 wa,  0.0 hi,  2.0 si,  0.0 st
%Cpu(s): 21.1 us,  7.0 sy,  0.0 ni, 70.4 id,  0.0 wa,  0.0 hi,  1.4 si,  0.1 st
%Cpu(s): 12.3 us,  7.3 sy,  0.0 ni, 78.1 id,  0.0 wa,  0.0 hi,  2.3 si,  0.0 st
%Cpu(s): 10.2 us,  6.9 sy,  0.0 ni, 80.6 id,  0.0 wa,  0.0 hi,  2.3 si,  0.0 st
%Cpu(s):  9.9 us,  7.0 sy,  0.0 ni, 81.6 id,  0.0 wa,  0.0 hi,  1.4 si,  0.0 st
%Cpu(s): 12.0 us,  6.6 sy,  0.0 ni, 79.7 id,  0.0 wa,  0.0 hi,  1.8 si,  0.0 st
%Cpu(s): 11.3 us,  7.1 sy,  0.0 ni, 80.4 id,  0.0 wa,  0.0 hi,  1.3 si,  0.0 st
%Cpu(s): 13.9 us,  8.0 sy,  0.0 ni, 76.9 id,  0.0 wa,  0.0 hi,  1.2 si,  0.0 st
%Cpu(s): 15.9 us,  7.5 sy,  0.0 ni, 74.4 id,  0.0 wa,  0.0 hi,  2.2 si,  0.0 st
%Cpu(s): 25.8 us,  7.5 sy,  0.0 ni, 65.0 id,  0.0 wa,  0.0 hi,  1.7 si,  0.0 st
%Cpu(s): 15.7 us,  8.0 sy,  0.0 ni, 74.1 id,  0.0 wa,  0.0 hi,  2.1 si,  0.1 st
%Cpu(s):  4.0 us,  3.8 sy,  0.0 ni, 91.6 id,  0.0 wa,  0.0 hi,  0.6 si,  0.0 st
%Cpu(s):  2.6 us,  2.8 sy,  0.0 ni, 94.4 id,  0.0 wa,  0.0 hi,  0.3 si,  0.0 st
%Cpu(s):  3.0 us,  3.4 sy,  0.0 ni, 92.6 id,  0.0 wa,  0.0 hi,  0.9 si,  0.1 st
%Cpu(s):  2.9 us,  2.4 sy,  0.0 ni, 94.3 id,  0.1 wa,  0.0 hi,  0.3 si,  0.0 st
%Cpu(s):  3.7 us,  2.9 sy,  0.0 ni, 93.1 id,  0.0 wa,  0.0 hi,  0.4 si,  0.0 st
%Cpu(s):  3.5 us,  2.0 sy,  0.0 ni, 94.2 id,  0.0 wa,  0.0 hi,  0.3 si,  0.0 st
%Cpu(s):  1.0 us,  1.1 sy,  0.0 ni, 97.7 id,  0.0 wa,  0.0 hi,  0.0 si,  0.1 st
%Cpu(s):  1.5 us,  1.1 sy,  0.0 ni, 97.4 id,  0.0 wa,  0.0 hi,  0.0 si,  0.0 st
%Cpu(s):  1.5 us,  1.6 sy,  0.0 ni, 96.9 id,  0.0 wa,  0.0 hi,  0.0 si,  0.0 st
%Cpu(s):  1.2 us,  1.4 sy,  0.0 ni, 97.4 id,  0.0 wa,  0.0 hi,  0.0 si,  0.0 st
%Cpu(s):  2.0 us,  1.2 sy,  0.0 ni, 96.8 id,  0.0 wa,  0.0 hi,  0.0 si,  0.0 st
%Cpu(s):  1.8 us,  1.3 sy,  0.0 ni, 96.9 id,  0.0 wa,  0.0 hi,  0.0 si,  0.1 st
%Cpu(s):  0.9 us,  1.0 sy,  0.0 ni, 98.1 id,  0.0 wa,  0.0 hi,  0.0 si,  0.0 st
%Cpu(s):  1.8 us,  1.3 sy,  0.0 ni, 97.0 id,  0.0 wa,  0.0 hi,  0.0 si,  0.0 st
%Cpu(s):  2.0 us,  1.2 sy,  0.0 ni, 96.8 id,  0.0 wa,  0.0 hi,  0.0 si,  0.0 st
%Cpu(s):  3.5 us,  1.4 sy,  0.0 ni, 95.1 id,  0.0 wa,  0.0 hi,  0.0 si,  0.0 st
%Cpu(s):  7.5 us,  1.1 sy,  0.0 ni, 91.4 id,  0.0 wa,  0.0 hi,  0.0 si,  0.0 st
%Cpu(s):  4.8 us,  1.6 sy,  0.0 ni, 93.4 id,  0.0 wa,  0.0 hi,  0.0 si,  0.1 st
%Cpu(s):  1.1 us,  0.8 sy,  0.0 ni, 98.1 id,  0.0 wa,  0.0 hi,  0.0 si,  0.0 st
%Cpu(s):  1.5 us,  1.3 sy,  0.0 ni, 97.2 id,  0.0 wa,  0.0 hi,  0.0 si,  0.0 st
