%Cpu(s): 17.2 us,  1.5 sy,  0.0 ni, 81.1 id,  0.0 wa,  0.0 hi,  0.2 si,  0.0 st
%Cpu(s): 33.4 us,  1.5 sy,  0.0 ni, 64.8 id,  0.0 wa,  0.0 hi,  0.2 si,  0.0 st
%Cpu(s):  5.2 us,  1.9 sy,  0.0 ni, 92.8 id,  0.0 wa,  0.0 hi,  0.0 si,  0.1 st
%Cpu(s):  4.2 us,  2.1 sy,  0.0 ni, 93.7 id,  0.0 wa,  0.0 hi,  0.0 si,  0.0 st
%Cpu(s): 26.1 us,  2.3 sy,  0.0 ni, 71.5 id,  0.0 wa,  0.0 hi,  0.1 si,  0.0 st
%Cpu(s): 90.4 us,  6.4 sy,  0.0 ni,  2.1 id,  0.0 wa,  0.0 hi,  1.0 si,  0.1 st
%Cpu(s): 91.2 us,  7.3 sy,  0.0 ni,  0.1 id,  0.0 wa,  0.0 hi,  1.4 si,  0.0 st
%Cpu(s): 89.7 us,  8.2 sy,  0.0 ni,  0.4 id,  0.0 wa,  0.0 hi,  1.7 si,  0.0 st
%Cpu(s): 89.2 us,  9.0 sy,  0.0 ni,  0.1 id,  0.0 wa,  0.0 hi,  1.7 si,  0.0 st
%Cpu(s): 88.4 us,  9.2 sy,  0.0 ni,  0.5 id,  0.0 wa,  0.0 hi,  1.7 si,  0.1 st
%Cpu(s): 87.3 us, 10.4 sy,  0.0 ni,  0.2 id,  0.0 wa,  0.0 hi,  2.0 si,  0.0 st
%Cpu(s): 88.3 us,  9.5 sy,  0.0 ni,  0.0 id,  0.0 wa,  0.0 hi,  2.1 si,  0.1 st
%Cpu(s): 88.0 us, 10.2 sy,  0.0 ni,  0.1 id,  0.0 wa,  0.0 hi,  1.7 si,  0.0 st
%Cpu(s): 89.0 us,  9.1 sy,  0.0 ni,  0.0 id,  0.0 wa,  0.0 hi,  1.9 si,  0.0 st
%Cpu(s): 89.0 us,  9.1 sy,  0.0 ni,  0.4 id,  0.0 wa,  0.0 hi,  1.4 si,  0.1 st
%Cpu(s): 88.3 us,  9.1 sy,  0.0 ni,  0.5 id,  0.0 wa,  0.0 hi,  2.0 si,  0.1 st
%Cpu(s): 89.3 us,  8.4 sy,  0.0 ni,  0.0 id,  0.0 wa,  0.0 hi,  2.2 si,  0.0 st
%Cpu(s): 89.2 us,  9.0 sy,  0.0 ni,  0.0 id,  0.0 wa,  0.0 hi,  1.9 si,  0.0 st
%Cpu(s): 88.8 us,  8.4 sy,  0.0 ni,  0.6 id,  0.0 wa,  0.0 hi,  2.1 si,  0.0 st
%Cpu(s): 89.7 us,  7.9 sy,  0.0 ni,  0.4 id,  0.0 wa,  0.0 hi,  2.1 si,  0.0 st
%Cpu(s): 86.4 us,  9.0 sy,  0.0 ni,  2.9 id,  0.0 wa,  0.0 hi,  1.6 si,  0.1 st
%Cpu(s): 76.7 us,  6.8 sy,  0.0 ni, 15.1 id,  0.0 wa,  0.0 hi,  1.4 si,  0.1 st
%Cpu(s): 59.4 us,  7.3 sy,  0.0 ni, 31.3 id,  0.0 wa,  0.0 hi,  2.0 si,  0.0 st
%Cpu(s): 56.9 us,  7.3 sy,  0.0 ni, 34.3 id,  0.0 wa,  0.0 hi,  1.5 si,  0.0 st
%Cpu(s): 27.6 us,  6.8 sy,  0.0 ni, 64.0 id,  0.0 wa,  0.0 hi,  1.5 si,  0.1 st
%Cpu(s): 21.1 us,  6.3 sy,  0.0 ni, 71.2 id,  0.1 wa,  0.0 hi,  1.3 si,  0.0 st
%Cpu(s): 18.3 us,  7.2 sy,  0.0 ni, 72.8 id,  0.0 wa,  0.0 hi,  1.5 si,  0.1 st
%Cpu(s): 35.1 us,  6.8 sy,  0.0 ni, 56.4 id,  0.0 wa,  0.0 hi,  1.5 si,  0.1 st
%Cpu(s): 26.2 us,  6.7 sy,  0.0 ni, 65.4 id,  0.0 wa,  0.0 hi,  1.8 si,  0.0 st
%Cpu(s): 21.3 us,  5.7 sy,  0.0 ni, 71.3 id,  0.0 wa,  0.0 hi,  1.5 si,  0.1 st
%Cpu(s): 39.1 us,  6.5 sy,  0.0 ni, 53.0 id,  0.0 wa,  0.0 hi,  1.3 si,  0.1 st
%Cpu(s): 30.8 us,  6.6 sy,  0.0 ni, 61.3 id,  0.0 wa,  0.0 hi,  1.1 si,  0.1 st
%Cpu(s): 20.7 us,  7.2 sy,  0.0 ni, 70.7 id,  0.0 wa,  0.0 hi,  1.4 si,  0.0 st
%Cpu(s): 22.4 us,  6.2 sy,  0.0 ni, 70.2 id,  0.0 wa,  0.0 hi,  1.3 si,  0.0 st
%Cpu(s): 47.7 us,  6.7 sy,  0.0 ni, 44.3 id,  0.0 wa,  0.0 hi,  1.1 si,  0.1 st
%Cpu(s): 43.0 us,  6.6 sy,  0.0 ni, 49.2 id,  0.0 wa,  0.0 hi,  1.1 si,  0.1 st
%Cpu(s): 16.1 us,  7.4 sy,  0.0 ni, 75.1 id,  0.0 wa,  0.0 hi,  1.4 si,  0.0 st
%Cpu(s): 31.7 us,  6.6 sy,  0.0 ni, 59.8 id,  0.0 wa,  0.0 hi,  1.6 si,  0.3 st
%Cpu(s): 39.6 us,  7.3 sy,  0.0 ni, 51.7 id,  0.0 wa,  0.0 hi,  1.4 si,  0.0 st
%Cpu(s): 35.4 us,  6.8 sy,  0.0 ni, 56.2 id,  0.0 wa,  0.0 hi,  1.4 si,  0.1 st
%Cpu(s): 27.5 us,  7.5 sy,  0.0 ni, 63.4 id,  0.0 wa,  0.0 hi,  1.5 si,  0.0 st
%Cpu(s): 19.7 us,  6.5 sy,  0.0 ni, 71.5 id,  0.0 wa,  0.0 hi,  2.2 si,  0.1 st
%Cpu(s): 17.5 us,  6.7 sy,  0.0 ni, 74.1 id,  0.0 wa,  0.0 hi,  1.6 si,  0.0 st
%Cpu(s): 26.1 us,  6.1 sy,  0.0 ni, 65.9 id,  0.0 wa,  0.0 hi,  1.8 si,  0.1 st
%Cpu(s): 17.6 us,  5.4 sy,  0.0 ni, 75.5 id,  0.0 wa,  0.0 hi,  1.5 si,  0.0 st
%Cpu(s): 25.4 us,  5.6 sy,  0.0 ni, 67.5 id,  0.0 wa,  0.0 hi,  1.4 si,  0.0 st
%Cpu(s): 20.2 us,  6.9 sy,  0.0 ni, 71.9 id,  0.0 wa,  0.0 hi,  1.0 si,  0.0 st
%Cpu(s): 17.1 us,  5.7 sy,  0.0 ni, 76.0 id,  0.0 wa,  0.0 hi,  1.2 si,  0.1 st
%Cpu(s): 17.5 us,  6.3 sy,  0.0 ni, 75.4 id,  0.0 wa,  0.0 hi,  0.9 si,  0.0 st
%Cpu(s): 15.9 us,  6.3 sy,  0.0 ni, 76.5 id,  0.0 wa,  0.0 hi,  1.2 si,  0.3 st
%Cpu(s): 16.4 us,  7.2 sy,  0.0 ni, 75.0 id,  0.1 wa,  0.0 hi,  1.3 si,  0.0 st
%Cpu(s): 15.9 us,  6.8 sy,  0.0 ni, 76.1 id,  0.0 wa,  0.0 hi,  1.3 si,  0.0 st
%Cpu(s): 15.9 us,  6.1 sy,  0.0 ni, 77.2 id,  0.0 wa,  0.0 hi,  0.6 si,  0.1 st
%Cpu(s): 18.5 us,  5.8 sy,  0.0 ni, 74.4 id,  0.0 wa,  0.0 hi,  1.2 si,  0.1 st
%Cpu(s): 17.1 us,  6.1 sy,  0.0 ni, 75.1 id,  0.0 wa,  0.0 hi,  1.8 si,  0.0 st
%Cpu(s): 16.1 us,  5.4 sy,  0.0 ni, 77.1 id,  0.0 wa,  0.0 hi,  1.2 si,  0.3 st
%Cpu(s): 16.9 us,  6.8 sy,  0.0 ni, 75.0 id,  0.0 wa,  0.0 hi,  1.3 si,  0.1 st
%Cpu(s): 16.9 us,  7.0 sy,  0.0 ni, 75.0 id,  0.0 wa,  0.0 hi,  1.0 si,  0.1 st
%Cpu(s): 15.9 us,  6.2 sy,  0.0 ni, 77.5 id,  0.0 wa,  0.0 hi,  0.3 si,  0.1 st
%Cpu(s): 37.7 us,  7.0 sy,  0.0 ni, 53.4 id,  0.0 wa,  0.0 hi,  1.7 si,  0.2 st
%Cpu(s): 89.0 us,  7.7 sy,  0.0 ni,  1.0 id,  0.0 wa,  0.0 hi,  2.4 si,  0.0 st
%Cpu(s): 88.1 us,  7.0 sy,  0.0 ni,  3.2 id,  0.0 wa,  0.0 hi,  1.6 si,  0.0 st
%Cpu(s): 23.5 us,  4.2 sy,  0.0 ni, 71.0 id,  0.0 wa,  0.0 hi,  1.2 si,  0.1 st
%Cpu(s): 11.7 us,  3.3 sy,  0.0 ni, 84.2 id,  0.0 wa,  0.0 hi,  0.9 si,  0.0 st
%Cpu(s):  1.3 us,  0.6 sy,  0.0 ni, 98.1 id,  0.0 wa,  0.0 hi,  0.0 si,  0.0 st
%Cpu(s):  3.2 us,  0.7 sy,  0.0 ni, 95.9 id,  0.0 wa,  0.0 hi,  0.1 si,  0.0 st
%Cpu(s):  2.3 us,  0.9 sy,  0.0 ni, 96.9 id,  0.0 wa,  0.0 hi,  0.0 si,  0.0 st
%Cpu(s):  1.7 us,  1.2 sy,  0.0 ni, 96.8 id,  0.0 wa,  0.0 hi,  0.1 si,  0.1 st
%Cpu(s):  2.4 us,  1.0 sy,  0.0 ni, 96.6 id,  0.0 wa,  0.0 hi,  0.0 si,  0.0 st
%Cpu(s):  2.1 us,  1.0 sy,  0.0 ni, 96.7 id,  0.0 wa,  0.0 hi,  0.1 si,  0.0 st
%Cpu(s):  2.1 us,  1.3 sy,  0.0 ni, 96.5 id,  0.0 wa,  0.0 hi,  0.0 si,  0.1 st
%Cpu(s):  2.1 us,  1.0 sy,  0.0 ni, 96.9 id,  0.0 wa,  0.0 hi,  0.0 si,  0.0 st
%Cpu(s):  2.1 us,  0.9 sy,  0.0 ni, 97.0 id,  0.0 wa,  0.0 hi,  0.0 si,  0.0 st
%Cpu(s):  1.9 us,  0.9 sy,  0.0 ni, 97.2 id,  0.0 wa,  0.0 hi,  0.0 si,  0.0 st
%Cpu(s):  3.7 us,  1.7 sy,  0.0 ni, 94.4 id,  0.0 wa,  0.0 hi,  0.1 si,  0.0 st
%Cpu(s):  3.9 us,  1.5 sy,  0.0 ni, 94.5 id,  0.0 wa,  0.0 hi,  0.0 si,  0.1 st
%Cpu(s):  2.5 us,  1.7 sy,  0.0 ni, 95.8 id,  0.0 wa,  0.0 hi,  0.0 si,  0.0 st
%Cpu(s):  2.8 us,  2.7 sy,  0.0 ni, 94.3 id,  0.0 wa,  0.0 hi,  0.0 si,  0.1 st
%Cpu(s):  1.8 us,  1.8 sy,  0.0 ni, 96.4 id,  0.0 wa,  0.0 hi,  0.1 si,  0.0 st
