%Cpu(s):  4.8 us,  0.7 sy,  0.0 ni, 94.4 id,  0.0 wa,  0.0 hi,  0.1 si,  0.0 st
%Cpu(s):  1.7 us,  2.8 sy,  0.0 ni, 95.4 id,  0.0 wa,  0.0 hi,  0.0 si,  0.0 st
%Cpu(s):  1.4 us,  1.9 sy,  0.0 ni, 96.8 id,  0.0 wa,  0.0 hi,  0.0 si,  0.0 st
%Cpu(s):  1.2 us,  1.2 sy,  0.0 ni, 97.3 id,  0.0 wa,  0.0 hi,  0.0 si,  0.2 st
%Cpu(s):  1.2 us,  0.9 sy,  0.0 ni, 97.8 id,  0.1 wa,  0.0 hi,  0.0 si,  0.0 st
%Cpu(s):  2.8 us,  0.9 sy,  0.0 ni, 96.4 id,  0.0 wa,  0.0 hi,  0.0 si,  0.0 st
%Cpu(s): 22.0 us,  1.4 sy,  0.0 ni, 76.5 id,  0.0 wa,  0.0 hi,  0.0 si,  0.1 st
%Cpu(s): 87.5 us,  6.6 sy,  0.0 ni,  5.2 id,  0.0 wa,  0.0 hi,  0.6 si,  0.0 st
%Cpu(s): 87.8 us,  8.6 sy,  0.0 ni,  1.5 id,  0.0 wa,  0.0 hi,  2.1 si,  0.0 st
%Cpu(s): 89.7 us,  7.9 sy,  0.0 ni,  0.5 id,  0.0 wa,  0.0 hi,  2.0 si,  0.0 st
%Cpu(s): 89.5 us,  8.5 sy,  0.0 ni,  0.2 id,  0.0 wa,  0.0 hi,  1.7 si,  0.0 st
%Cpu(s): 87.5 us,  8.8 sy,  0.0 ni,  1.6 id,  0.0 wa,  0.0 hi,  2.1 si,  0.0 st
%Cpu(s): 89.6 us,  8.4 sy,  0.0 ni,  0.4 id,  0.0 wa,  0.0 hi,  1.6 si,  0.0 st
%Cpu(s): 88.6 us,  7.6 sy,  0.0 ni,  1.7 id,  0.0 wa,  0.0 hi,  2.1 si,  0.0 st
%Cpu(s): 73.4 us,  8.1 sy,  0.0 ni, 16.8 id,  0.0 wa,  0.0 hi,  1.8 si,  0.0 st
%Cpu(s): 49.1 us,  6.9 sy,  0.0 ni, 42.5 id,  0.0 wa,  0.0 hi,  1.5 si,  0.0 st
%Cpu(s): 43.4 us,  6.7 sy,  0.0 ni, 48.9 id,  0.0 wa,  0.0 hi,  1.0 si,  0.0 st
%Cpu(s): 29.0 us,  6.0 sy,  0.0 ni, 64.2 id,  0.0 wa,  0.0 hi,  0.6 si,  0.1 st
%Cpu(s): 14.4 us,  6.0 sy,  0.0 ni, 79.1 id,  0.0 wa,  0.0 hi,  0.5 si,  0.0 st
%Cpu(s): 11.0 us,  7.0 sy,  0.0 ni, 81.2 id,  0.0 wa,  0.0 hi,  0.8 si,  0.0 st
%Cpu(s): 12.9 us,  5.6 sy,  0.0 ni, 80.7 id,  0.0 wa,  0.0 hi,  0.8 si,  0.0 st
%Cpu(s): 10.3 us,  5.9 sy,  0.0 ni, 82.9 id,  0.0 wa,  0.0 hi,  0.8 si,  0.1 st
%Cpu(s): 17.6 us,  6.3 sy,  0.0 ni, 75.9 id,  0.0 wa,  0.0 hi,  0.1 si,  0.0 st
%Cpu(s): 11.5 us,  6.0 sy,  0.0 ni, 81.4 id,  0.0 wa,  0.0 hi,  1.0 si,  0.1 st
%Cpu(s): 16.5 us,  5.1 sy,  0.0 ni, 77.6 id,  0.0 wa,  0.0 hi,  0.8 si,  0.0 st
%Cpu(s): 11.6 us,  5.9 sy,  0.0 ni, 81.6 id,  0.0 wa,  0.0 hi,  0.9 si,  0.0 st
%Cpu(s): 10.7 us,  5.3 sy,  0.0 ni, 83.0 id,  0.0 wa,  0.0 hi,  1.0 si,  0.0 st
%Cpu(s): 11.5 us,  6.3 sy,  0.0 ni, 81.5 id,  0.0 wa,  0.0 hi,  0.6 si,  0.0 st
%Cpu(s): 12.0 us,  4.9 sy,  0.0 ni, 82.2 id,  0.0 wa,  0.0 hi,  0.8 si,  0.1 st
%Cpu(s): 21.3 us,  5.6 sy,  0.0 ni, 72.8 id,  0.0 wa,  0.0 hi,  0.3 si,  0.0 st
%Cpu(s): 13.5 us,  6.3 sy,  0.0 ni, 79.6 id,  0.0 wa,  0.0 hi,  0.5 si,  0.1 st
%Cpu(s): 13.8 us,  5.5 sy,  0.0 ni, 80.2 id,  0.0 wa,  0.0 hi,  0.5 si,  0.0 st
%Cpu(s): 11.1 us,  6.0 sy,  0.0 ni, 82.5 id,  0.0 wa,  0.0 hi,  0.4 si,  0.0 st
%Cpu(s): 18.5 us,  6.5 sy,  0.0 ni, 74.5 id,  0.0 wa,  0.0 hi,  0.1 si,  0.4 st
%Cpu(s): 12.9 us,  6.0 sy,  0.0 ni, 80.1 id,  0.1 wa,  0.0 hi,  0.8 si,  0.0 st
%Cpu(s): 10.7 us,  5.5 sy,  0.0 ni, 82.8 id,  0.0 wa,  0.0 hi,  1.0 si,  0.0 st
%Cpu(s): 32.0 us,  6.1 sy,  0.0 ni, 59.8 id,  0.0 wa,  0.0 hi,  1.9 si,  0.1 st
%Cpu(s): 34.7 us,  6.2 sy,  0.0 ni, 57.9 id,  0.0 wa,  0.0 hi,  1.1 si,  0.0 st
%Cpu(s): 26.9 us,  5.8 sy,  0.0 ni, 66.3 id,  0.0 wa,  0.0 hi,  1.0 si,  0.0 st
%Cpu(s): 26.7 us,  6.6 sy,  0.0 ni, 65.5 id,  0.0 wa,  0.0 hi,  1.1 si,  0.0 st
%Cpu(s): 29.9 us,  5.2 sy,  0.0 ni, 63.8 id,  0.0 wa,  0.0 hi,  0.9 si,  0.1 st
%Cpu(s): 20.3 us,  5.7 sy,  0.0 ni, 73.2 id,  0.0 wa,  0.0 hi,  0.6 si,  0.1 st
%Cpu(s): 14.8 us,  6.2 sy,  0.0 ni, 78.3 id,  0.0 wa,  0.0 hi,  0.6 si,  0.0 st
%Cpu(s): 16.0 us,  6.7 sy,  0.0 ni, 75.8 id,  0.0 wa,  0.0 hi,  1.1 si,  0.4 st
%Cpu(s): 16.3 us,  5.1 sy,  0.0 ni, 77.4 id,  0.0 wa,  0.0 hi,  1.2 si,  0.0 st
%Cpu(s): 10.0 us,  6.5 sy,  0.0 ni, 82.5 id,  0.0 wa,  0.0 hi,  0.9 si,  0.1 st
%Cpu(s):  9.7 us,  5.2 sy,  0.0 ni, 84.5 id,  0.0 wa,  0.0 hi,  0.6 si,  0.0 st
%Cpu(s): 10.5 us,  6.5 sy,  0.0 ni, 82.3 id,  0.0 wa,  0.0 hi,  0.6 si,  0.0 st
%Cpu(s): 10.7 us,  5.5 sy,  0.0 ni, 82.9 id,  0.0 wa,  0.0 hi,  0.8 si,  0.1 st
%Cpu(s): 10.0 us,  6.9 sy,  0.0 ni, 82.3 id,  0.0 wa,  0.0 hi,  0.8 si,  0.0 st
%Cpu(s):  9.6 us,  6.5 sy,  0.0 ni, 83.4 id,  0.0 wa,  0.0 hi,  0.5 si,  0.0 st
%Cpu(s):  7.5 us,  5.5 sy,  0.0 ni, 86.5 id,  0.0 wa,  0.0 hi,  0.4 si,  0.1 st
%Cpu(s):  8.5 us,  6.3 sy,  0.0 ni, 84.5 id,  0.0 wa,  0.0 hi,  0.8 si,  0.0 st
%Cpu(s):  9.3 us,  4.7 sy,  0.0 ni, 85.0 id,  0.0 wa,  0.0 hi,  1.0 si,  0.0 st
%Cpu(s):  9.7 us,  6.6 sy,  0.0 ni, 83.1 id,  0.0 wa,  0.0 hi,  0.5 si,  0.1 st
%Cpu(s):  9.5 us,  5.7 sy,  0.0 ni, 84.1 id,  0.0 wa,  0.0 hi,  0.6 si,  0.0 st
%Cpu(s): 10.0 us,  6.5 sy,  0.0 ni, 83.0 id,  0.0 wa,  0.0 hi,  0.5 si,  0.0 st
%Cpu(s):  9.6 us,  5.4 sy,  0.0 ni, 84.4 id,  0.0 wa,  0.0 hi,  0.5 si,  0.1 st
%Cpu(s):  9.9 us,  5.8 sy,  0.0 ni, 83.7 id,  0.0 wa,  0.0 hi,  0.5 si,  0.1 st
%Cpu(s): 10.4 us,  5.9 sy,  0.0 ni, 82.7 id,  0.0 wa,  0.0 hi,  0.9 si,  0.1 st
%Cpu(s): 10.3 us,  4.7 sy,  0.0 ni, 84.4 id,  0.0 wa,  0.0 hi,  0.6 si,  0.0 st
%Cpu(s):  4.6 us,  2.0 sy,  0.0 ni, 92.8 id,  0.0 wa,  0.0 hi,  0.6 si,  0.0 st
%Cpu(s):  1.4 us,  2.2 sy,  0.0 ni, 96.4 id,  0.0 wa,  0.0 hi,  0.0 si,  0.0 st
%Cpu(s):  1.5 us,  1.1 sy,  0.0 ni, 97.4 id,  0.0 wa,  0.0 hi,  0.0 si,  0.0 st
%Cpu(s):  0.6 us,  1.0 sy,  0.0 ni, 98.4 id,  0.0 wa,  0.0 hi,  0.0 si,  0.0 st
%Cpu(s):  1.6 us,  1.5 sy,  0.0 ni, 96.8 id,  0.0 wa,  0.0 hi,  0.0 si,  0.1 st
%Cpu(s):  1.7 us,  2.1 sy,  0.0 ni, 96.0 id,  0.0 wa,  0.0 hi,  0.1 si,  0.0 st
%Cpu(s):  7.5 us,  1.6 sy,  0.0 ni, 90.8 id,  0.0 wa,  0.0 hi,  0.1 si,  0.0 st
%Cpu(s):  2.6 us,  1.0 sy,  0.0 ni, 96.4 id,  0.0 wa,  0.0 hi,  0.0 si,  0.0 st
%Cpu(s):  1.6 us,  1.6 sy,  0.0 ni, 96.7 id,  0.0 wa,  0.0 hi,  0.0 si,  0.1 st
%Cpu(s):  1.7 us,  1.4 sy,  0.0 ni, 96.9 id,  0.0 wa,  0.0 hi,  0.0 si,  0.0 st
%Cpu(s):  1.5 us,  1.5 sy,  0.0 ni, 97.0 id,  0.0 wa,  0.0 hi,  0.0 si,  0.0 st
%Cpu(s):  1.2 us,  2.0 sy,  0.0 ni, 96.7 id,  0.0 wa,  0.0 hi,  0.1 si,  0.0 st
%Cpu(s):  1.7 us,  0.6 sy,  0.0 ni, 97.5 id,  0.0 wa,  0.0 hi,  0.1 si,  0.0 st
%Cpu(s):  2.2 us,  1.5 sy,  0.0 ni, 96.1 id,  0.1 wa,  0.0 hi,  0.0 si,  0.0 st
%Cpu(s):  1.2 us,  1.6 sy,  0.0 ni, 97.1 id,  0.0 wa,  0.0 hi,  0.0 si,  0.0 st
%Cpu(s):  1.7 us,  3.2 sy,  0.0 ni, 95.0 id,  0.0 wa,  0.0 hi,  0.1 si,  0.0 st
%Cpu(s):  1.1 us,  2.0 sy,  0.0 ni, 96.9 id,  0.0 wa,  0.0 hi,  0.0 si,  0.0 st
%Cpu(s):  0.9 us,  0.7 sy,  0.0 ni, 98.4 id,  0.0 wa,  0.0 hi,  0.0 si,  0.0 st
%Cpu(s):  1.0 us,  1.0 sy,  0.0 ni, 97.9 id,  0.0 wa,  0.0 hi,  0.1 si,  0.0 st
%Cpu(s):  0.6 us,  0.5 sy,  0.0 ni, 98.6 id,  0.0 wa,  0.0 hi,  0.0 si,  0.3 st
%Cpu(s):  0.9 us,  0.5 sy,  0.0 ni, 98.6 id,  0.0 wa,  0.0 hi,  0.0 si,  0.0 st
%Cpu(s):  0.9 us,  1.1 sy,  0.0 ni, 98.0 id,  0.0 wa,  0.0 hi,  0.0 si,  0.0 st
%Cpu(s):  1.6 us,  2.7 sy,  0.0 ni, 95.6 id,  0.0 wa,  0.0 hi,  0.1 si,  0.0 st
