%Cpu(s):  9.9 us,  1.4 sy,  0.0 ni, 88.5 id,  0.0 wa,  0.0 hi,  0.1 si,  0.0 st
%Cpu(s):  3.8 us,  3.4 sy,  0.0 ni, 92.6 id,  0.0 wa,  0.0 hi,  0.0 si,  0.1 st
%Cpu(s):  3.2 us,  2.4 sy,  0.0 ni, 94.2 id,  0.0 wa,  0.0 hi,  0.0 si,  0.3 st
%Cpu(s):  2.2 us,  2.3 sy,  0.0 ni, 95.4 id,  0.0 wa,  0.0 hi,  0.0 si,  0.1 st
%Cpu(s):  3.9 us,  2.2 sy,  0.0 ni, 93.7 id,  0.0 wa,  0.0 hi,  0.0 si,  0.3 st
%Cpu(s):  8.8 us,  2.1 sy,  0.0 ni, 88.8 id,  0.0 wa,  0.0 hi,  0.0 si,  0.3 st
%Cpu(s): 69.1 us,  4.9 sy,  0.0 ni, 25.3 id,  0.0 wa,  0.0 hi,  0.8 si,  0.0 st
%Cpu(s): 88.0 us,  9.4 sy,  0.0 ni,  1.1 id,  0.0 wa,  0.0 hi,  1.5 si,  0.0 st
%Cpu(s): 88.7 us,  8.8 sy,  0.0 ni,  0.7 id,  0.0 wa,  0.0 hi,  1.7 si,  0.0 st
%Cpu(s): 89.1 us,  8.0 sy,  0.0 ni,  0.9 id,  0.0 wa,  0.0 hi,  2.1 si,  0.0 st
%Cpu(s): 88.2 us,  7.4 sy,  0.0 ni,  3.0 id,  0.0 wa,  0.0 hi,  1.4 si,  0.0 st
%Cpu(s): 83.2 us,  7.0 sy,  0.0 ni,  7.4 id,  0.0 wa,  0.0 hi,  2.4 si,  0.0 st
%Cpu(s): 81.7 us,  7.8 sy,  0.0 ni,  8.8 id,  0.0 wa,  0.0 hi,  1.6 si,  0.0 st
%Cpu(s): 74.8 us,  6.3 sy,  0.0 ni, 17.5 id,  0.0 wa,  0.0 hi,  1.4 si,  0.0 st
%Cpu(s): 66.0 us,  6.4 sy,  0.0 ni, 25.6 id,  0.0 wa,  0.0 hi,  1.9 si,  0.1 st
%Cpu(s): 48.7 us,  6.6 sy,  0.0 ni, 44.0 id,  0.0 wa,  0.0 hi,  0.8 si,  0.0 st
%Cpu(s): 29.4 us,  7.3 sy,  0.0 ni, 61.7 id,  0.1 wa,  0.0 hi,  1.5 si,  0.0 st
%Cpu(s): 15.5 us,  5.2 sy,  0.0 ni, 77.6 id,  0.0 wa,  0.0 hi,  1.7 si,  0.0 st
%Cpu(s): 16.1 us,  6.7 sy,  0.0 ni, 75.7 id,  0.0 wa,  0.0 hi,  1.5 si,  0.0 st
%Cpu(s): 12.5 us,  5.8 sy,  0.0 ni, 80.5 id,  0.0 wa,  0.0 hi,  1.1 si,  0.0 st
%Cpu(s): 19.8 us,  6.1 sy,  0.0 ni, 72.6 id,  0.0 wa,  0.0 hi,  1.4 si,  0.1 st
%Cpu(s): 12.0 us,  5.9 sy,  0.0 ni, 81.4 id,  0.0 wa,  0.0 hi,  0.8 si,  0.0 st
%Cpu(s): 12.9 us,  5.6 sy,  0.0 ni, 80.3 id,  0.0 wa,  0.0 hi,  1.3 si,  0.0 st
%Cpu(s): 12.5 us,  6.2 sy,  0.0 ni, 79.6 id,  0.0 wa,  0.0 hi,  1.5 si,  0.1 st
%Cpu(s):  9.5 us,  5.6 sy,  0.0 ni, 83.7 id,  0.0 wa,  0.0 hi,  1.3 si,  0.0 st
%Cpu(s): 10.3 us,  5.8 sy,  0.0 ni, 82.9 id,  0.0 wa,  0.0 hi,  1.0 si,  0.0 st
%Cpu(s): 14.1 us,  6.5 sy,  0.0 ni, 78.1 id,  0.0 wa,  0.0 hi,  1.3 si,  0.0 st
%Cpu(s): 14.8 us,  5.7 sy,  0.0 ni, 78.6 id,  0.0 wa,  0.0 hi,  0.9 si,  0.0 st
%Cpu(s): 12.9 us,  6.9 sy,  0.0 ni, 78.5 id,  0.0 wa,  0.0 hi,  1.6 si,  0.1 st
%Cpu(s): 11.7 us,  5.9 sy,  0.0 ni, 80.9 id,  0.0 wa,  0.0 hi,  1.5 si,  0.0 st
%Cpu(s): 11.9 us,  6.0 sy,  0.0 ni, 81.3 id,  0.0 wa,  0.0 hi,  0.8 si,  0.0 st
%Cpu(s): 11.1 us,  5.3 sy,  0.0 ni, 82.0 id,  0.0 wa,  0.0 hi,  1.6 si,  0.0 st
%Cpu(s):  9.5 us,  6.7 sy,  0.0 ni, 82.1 id,  0.0 wa,  0.0 hi,  1.8 si,  0.0 st
%Cpu(s): 10.5 us,  5.6 sy,  0.0 ni, 82.6 id,  0.0 wa,  0.0 hi,  1.3 si,  0.0 st
%Cpu(s):  9.3 us,  4.6 sy,  0.0 ni, 84.7 id,  0.0 wa,  0.0 hi,  1.3 si,  0.1 st
%Cpu(s): 10.1 us,  5.6 sy,  0.0 ni, 83.0 id,  0.0 wa,  0.0 hi,  1.3 si,  0.0 st
%Cpu(s): 22.9 us,  7.1 sy,  0.0 ni, 68.3 id,  0.0 wa,  0.0 hi,  1.8 si,  0.0 st
%Cpu(s): 21.7 us,  6.8 sy,  0.0 ni, 69.9 id,  0.0 wa,  0.0 hi,  1.5 si,  0.1 st
%Cpu(s): 12.0 us,  6.4 sy,  0.0 ni, 80.6 id,  0.0 wa,  0.0 hi,  1.0 si,  0.0 st
%Cpu(s): 15.0 us,  6.0 sy,  0.0 ni, 78.0 id,  0.0 wa,  0.0 hi,  1.0 si,  0.0 st
%Cpu(s): 19.6 us,  6.8 sy,  0.0 ni, 72.3 id,  0.0 wa,  0.0 hi,  1.4 si,  0.0 st
%Cpu(s): 19.9 us,  5.3 sy,  0.0 ni, 73.5 id,  0.0 wa,  0.0 hi,  1.3 si,  0.0 st
%Cpu(s): 12.0 us,  6.5 sy,  0.0 ni, 80.4 id,  0.0 wa,  0.0 hi,  1.1 si,  0.0 st
%Cpu(s): 12.5 us,  6.4 sy,  0.0 ni, 79.8 id,  0.0 wa,  0.0 hi,  1.1 si,  0.1 st
%Cpu(s): 10.3 us,  6.2 sy,  0.0 ni, 82.3 id,  0.0 wa,  0.0 hi,  1.2 si,  0.0 st
%Cpu(s): 10.1 us,  6.6 sy,  0.0 ni, 82.0 id,  0.0 wa,  0.0 hi,  1.3 si,  0.0 st
%Cpu(s): 10.8 us,  6.7 sy,  0.0 ni, 80.9 id,  0.0 wa,  0.0 hi,  1.6 si,  0.0 st
%Cpu(s): 11.1 us,  7.0 sy,  0.0 ni, 80.3 id,  0.0 wa,  0.0 hi,  1.6 si,  0.0 st
%Cpu(s): 12.7 us,  6.4 sy,  0.0 ni, 79.8 id,  0.0 wa,  0.0 hi,  1.0 si,  0.0 st
%Cpu(s): 10.7 us,  6.4 sy,  0.0 ni, 81.6 id,  0.0 wa,  0.0 hi,  1.1 si,  0.1 st
%Cpu(s): 11.6 us,  5.8 sy,  0.0 ni, 80.7 id,  0.0 wa,  0.0 hi,  1.9 si,  0.0 st
%Cpu(s):  8.7 us,  6.1 sy,  0.0 ni, 83.7 id,  0.0 wa,  0.0 hi,  1.6 si,  0.0 st
%Cpu(s): 11.1 us,  6.1 sy,  0.0 ni, 81.4 id,  0.0 wa,  0.0 hi,  1.3 si,  0.1 st
%Cpu(s): 10.4 us,  6.0 sy,  0.0 ni, 82.1 id,  0.0 wa,  0.0 hi,  1.4 si,  0.0 st
%Cpu(s):  9.4 us,  6.4 sy,  0.0 ni, 83.1 id,  0.0 wa,  0.0 hi,  1.2 si,  0.0 st
%Cpu(s): 11.2 us,  5.8 sy,  0.0 ni, 81.8 id,  0.0 wa,  0.0 hi,  1.1 si,  0.0 st
%Cpu(s): 11.1 us,  6.0 sy,  0.0 ni, 81.6 id,  0.0 wa,  0.0 hi,  1.3 si,  0.0 st
%Cpu(s): 10.3 us,  6.4 sy,  0.0 ni, 82.3 id,  0.0 wa,  0.0 hi,  0.9 si,  0.1 st
%Cpu(s): 12.7 us,  5.5 sy,  0.0 ni, 80.4 id,  0.0 wa,  0.0 hi,  1.4 si,  0.0 st
%Cpu(s): 11.6 us,  7.1 sy,  0.0 ni, 80.1 id,  0.0 wa,  0.0 hi,  1.3 si,  0.0 st
%Cpu(s): 13.2 us,  7.1 sy,  0.0 ni, 78.3 id,  0.0 wa,  0.0 hi,  1.4 si,  0.0 st
%Cpu(s): 10.5 us,  6.0 sy,  0.0 ni, 82.0 id,  0.0 wa,  0.0 hi,  1.5 si,  0.0 st
%Cpu(s):  7.0 us,  4.2 sy,  0.0 ni, 88.1 id,  0.0 wa,  0.0 hi,  0.6 si,  0.1 st
%Cpu(s):  6.1 us,  3.4 sy,  0.0 ni, 89.5 id,  0.0 wa,  0.0 hi,  0.9 si,  0.1 st
%Cpu(s):  3.3 us,  1.6 sy,  0.0 ni, 94.9 id,  0.0 wa,  0.0 hi,  0.1 si,  0.1 st
%Cpu(s):  4.0 us,  1.3 sy,  0.0 ni, 94.3 id,  0.0 wa,  0.0 hi,  0.0 si,  0.4 st
%Cpu(s):  7.4 us,  2.0 sy,  0.0 ni, 90.4 id,  0.0 wa,  0.0 hi,  0.1 si,  0.1 st
%Cpu(s):  3.9 us,  1.4 sy,  0.0 ni, 94.5 id,  0.0 wa,  0.0 hi,  0.0 si,  0.3 st
%Cpu(s):  2.9 us,  1.4 sy,  0.0 ni, 95.5 id,  0.0 wa,  0.0 hi,  0.0 si,  0.3 st
%Cpu(s):  2.1 us,  1.3 sy,  0.0 ni, 96.5 id,  0.0 wa,  0.0 hi,  0.0 si,  0.1 st
%Cpu(s):  3.2 us,  1.5 sy,  0.0 ni, 94.9 id,  0.0 wa,  0.0 hi,  0.0 si,  0.4 st
%Cpu(s):  3.5 us,  1.8 sy,  0.0 ni, 94.2 id,  0.1 wa,  0.0 hi,  0.1 si,  0.3 st
%Cpu(s):  3.1 us,  1.5 sy,  0.0 ni, 95.2 id,  0.0 wa,  0.0 hi,  0.0 si,  0.1 st
