%Cpu(s):  1.4 us,  0.7 sy,  0.0 ni, 97.7 id,  0.0 wa,  0.0 hi,  0.1 si,  0.1 st
%Cpu(s): 14.3 us,  0.4 sy,  0.0 ni, 85.0 id,  0.0 wa,  0.0 hi,  0.1 si,  0.1 st
%Cpu(s):  0.5 us,  0.1 sy,  0.0 ni, 99.4 id,  0.0 wa,  0.0 hi,  0.0 si,  0.0 st
%Cpu(s):  0.1 us,  0.1 sy,  0.0 ni, 99.8 id,  0.0 wa,  0.0 hi,  0.0 si,  0.0 st
%Cpu(s): 36.9 us,  2.7 sy,  0.0 ni, 60.2 id,  0.1 wa,  0.0 hi,  0.0 si,  0.0 st
%Cpu(s): 53.6 us,  1.0 sy,  0.0 ni, 45.3 id,  0.0 wa,  0.0 hi,  0.0 si,  0.1 st
%Cpu(s): 69.8 us,  2.5 sy,  0.0 ni, 27.5 id,  0.0 wa,  0.0 hi,  0.1 si,  0.1 st
%Cpu(s): 41.4 us,  1.4 sy,  0.0 ni, 57.1 id,  0.0 wa,  0.0 hi,  0.1 si,  0.0 st
%Cpu(s): 39.8 us,  3.1 sy,  0.0 ni, 56.6 id,  0.0 wa,  0.0 hi,  0.4 si,  0.1 st
%Cpu(s): 62.7 us,  5.5 sy,  0.0 ni, 30.0 id,  0.0 wa,  0.0 hi,  1.8 si,  0.0 st
%Cpu(s): 26.9 us,  5.0 sy,  0.0 ni, 66.1 id,  0.0 wa,  0.0 hi,  1.9 si,  0.1 st
%Cpu(s): 29.7 us,  5.1 sy,  0.0 ni, 63.4 id,  0.0 wa,  0.0 hi,  1.8 si,  0.0 st
%Cpu(s): 15.5 us,  4.9 sy,  0.0 ni, 77.8 id,  0.0 wa,  0.0 hi,  1.8 si,  0.0 st
%Cpu(s):  9.0 us,  4.8 sy,  0.0 ni, 84.1 id,  0.0 wa,  0.0 hi,  1.8 si,  0.3 st
%Cpu(s): 11.2 us,  4.2 sy,  0.0 ni, 82.6 id,  0.0 wa,  0.0 hi,  1.9 si,  0.1 st
%Cpu(s): 10.8 us,  3.8 sy,  0.0 ni, 83.7 id,  0.0 wa,  0.0 hi,  1.7 si,  0.0 st
%Cpu(s):  9.3 us,  4.3 sy,  0.0 ni, 84.7 id,  0.0 wa,  0.0 hi,  1.6 si,  0.0 st
%Cpu(s): 19.0 us,  4.4 sy,  0.0 ni, 74.7 id,  0.0 wa,  0.0 hi,  1.9 si,  0.0 st
%Cpu(s): 12.0 us,  4.9 sy,  0.0 ni, 81.9 id,  0.0 wa,  0.0 hi,  1.0 si,  0.1 st
%Cpu(s):  9.7 us,  5.3 sy,  0.0 ni, 83.2 id,  0.1 wa,  0.0 hi,  1.6 si,  0.0 st
%Cpu(s):  9.5 us,  4.7 sy,  0.0 ni, 84.2 id,  0.0 wa,  0.0 hi,  1.6 si,  0.0 st
%Cpu(s):  9.9 us,  6.0 sy,  0.0 ni, 82.0 id,  0.0 wa,  0.0 hi,  2.1 si,  0.0 st
%Cpu(s): 21.3 us,  5.8 sy,  0.0 ni, 70.1 id,  0.0 wa,  0.0 hi,  2.9 si,  0.0 st
%Cpu(s): 13.9 us,  5.9 sy,  0.0 ni, 77.2 id,  0.0 wa,  0.0 hi,  2.8 si,  0.1 st
%Cpu(s):  8.6 us,  6.0 sy,  0.0 ni, 83.8 id,  0.0 wa,  0.0 hi,  1.6 si,  0.0 st
%Cpu(s):  8.3 us,  5.8 sy,  0.0 ni, 83.9 id,  0.0 wa,  0.0 hi,  2.0 si,  0.0 st
%Cpu(s): 11.5 us,  5.6 sy,  0.0 ni, 81.3 id,  0.0 wa,  0.0 hi,  1.6 si,  0.0 st
%Cpu(s): 19.6 us,  6.0 sy,  0.0 ni, 72.1 id,  0.0 wa,  0.0 hi,  2.3 si,  0.0 st
%Cpu(s): 10.6 us,  6.1 sy,  0.0 ni, 81.5 id,  0.0 wa,  0.0 hi,  1.6 si,  0.1 st
%Cpu(s):  8.1 us,  5.8 sy,  0.0 ni, 84.1 id,  0.0 wa,  0.0 hi,  2.0 si,  0.0 st
%Cpu(s):  9.1 us,  5.3 sy,  0.0 ni, 84.1 id,  0.0 wa,  0.0 hi,  1.4 si,  0.1 st
%Cpu(s): 13.6 us,  5.7 sy,  0.0 ni, 79.3 id,  0.0 wa,  0.0 hi,  1.4 si,  0.0 st
%Cpu(s): 19.2 us,  5.5 sy,  0.0 ni, 73.2 id,  0.0 wa,  0.0 hi,  2.0 si,  0.1 st
%Cpu(s):  8.7 us,  5.1 sy,  0.0 ni, 84.8 id,  0.0 wa,  0.0 hi,  1.4 si,  0.0 st
%Cpu(s): 16.1 us,  5.2 sy,  0.0 ni, 77.1 id,  0.1 wa,  0.0 hi,  1.5 si,  0.0 st
%Cpu(s):  6.9 us,  4.5 sy,  0.0 ni, 87.0 id,  0.0 wa,  0.0 hi,  1.7 si,  0.0 st
%Cpu(s): 16.9 us,  5.0 sy,  0.0 ni, 76.6 id,  0.0 wa,  0.0 hi,  1.5 si,  0.0 st
%Cpu(s): 17.6 us,  4.3 sy,  0.0 ni, 76.6 id,  0.0 wa,  0.0 hi,  1.5 si,  0.0 st
%Cpu(s): 17.2 us,  5.0 sy,  0.0 ni, 75.3 id,  0.0 wa,  0.0 hi,  2.5 si,  0.0 st
%Cpu(s):  8.7 us,  4.5 sy,  0.0 ni, 85.1 id,  0.0 wa,  0.0 hi,  1.7 si,  0.1 st
%Cpu(s):  7.7 us,  4.2 sy,  0.0 ni, 86.7 id,  0.0 wa,  0.0 hi,  1.4 si,  0.0 st
%Cpu(s): 17.2 us,  4.8 sy,  0.0 ni, 76.5 id,  0.0 wa,  0.0 hi,  1.5 si,  0.0 st
%Cpu(s): 16.3 us,  4.9 sy,  0.0 ni, 77.3 id,  0.0 wa,  0.0 hi,  1.5 si,  0.0 st
%Cpu(s):  9.3 us,  4.9 sy,  0.0 ni, 83.6 id,  1.1 wa,  0.0 hi,  1.0 si,  0.1 st
%Cpu(s):  8.7 us,  4.4 sy,  0.0 ni, 84.8 id,  0.0 wa,  0.0 hi,  2.1 si,  0.0 st
%Cpu(s):  8.2 us,  4.9 sy,  0.0 ni, 85.4 id,  0.0 wa,  0.0 hi,  1.4 si,  0.1 st
%Cpu(s): 17.9 us,  4.1 sy,  0.0 ni, 76.3 id,  0.0 wa,  0.0 hi,  1.7 si,  0.0 st
%Cpu(s): 13.4 us,  5.0 sy,  0.0 ni, 80.4 id,  0.0 wa,  0.0 hi,  1.3 si,  0.0 st
%Cpu(s):  8.0 us,  5.1 sy,  0.0 ni, 85.2 id,  0.0 wa,  0.0 hi,  1.6 si,  0.0 st
%Cpu(s):  9.2 us,  5.4 sy,  0.0 ni, 83.1 id,  0.0 wa,  0.0 hi,  2.2 si,  0.1 st
%Cpu(s):  9.0 us,  5.6 sy,  0.0 ni, 83.9 id,  0.0 wa,  0.0 hi,  1.5 si,  0.0 st
%Cpu(s): 19.8 us,  5.6 sy,  0.0 ni, 72.6 id,  0.0 wa,  0.0 hi,  1.9 si,  0.0 st
%Cpu(s): 12.6 us,  5.3 sy,  0.0 ni, 80.7 id,  0.0 wa,  0.0 hi,  1.4 si,  0.0 st
%Cpu(s):  6.2 us,  5.0 sy,  0.0 ni, 87.2 id,  0.0 wa,  0.0 hi,  1.5 si,  0.0 st
%Cpu(s):  7.0 us,  4.4 sy,  0.0 ni, 87.0 id,  0.0 wa,  0.0 hi,  1.5 si,  0.0 st
%Cpu(s): 10.8 us,  5.7 sy,  0.0 ni, 82.0 id,  0.0 wa,  0.0 hi,  1.4 si,  0.1 st
%Cpu(s): 19.1 us,  5.8 sy,  0.0 ni, 73.2 id,  0.0 wa,  0.0 hi,  1.9 si,  0.0 st
%Cpu(s):  8.2 us,  5.4 sy,  0.0 ni, 85.4 id,  0.0 wa,  0.0 hi,  1.1 si,  0.0 st
%Cpu(s):  7.7 us,  5.3 sy,  0.0 ni, 85.0 id,  0.0 wa,  0.0 hi,  2.0 si,  0.0 st
%Cpu(s):  9.8 us,  6.5 sy,  0.0 ni, 82.5 id,  0.1 wa,  0.0 hi,  1.1 si,  0.0 st
%Cpu(s): 10.3 us,  5.1 sy,  0.0 ni, 83.0 id,  0.0 wa,  0.0 hi,  1.6 si,  0.0 st
%Cpu(s): 22.6 us,  5.1 sy,  0.0 ni, 70.4 id,  0.0 wa,  0.0 hi,  1.7 si,  0.1 st
%Cpu(s): 10.4 us,  5.3 sy,  0.0 ni, 82.4 id,  0.0 wa,  0.0 hi,  1.9 si,  0.0 st
%Cpu(s):  9.9 us,  5.0 sy,  0.0 ni, 83.4 id,  0.0 wa,  0.0 hi,  1.7 si,  0.0 st
%Cpu(s):  7.7 us,  4.9 sy,  0.0 ni, 85.3 id,  0.0 wa,  0.0 hi,  1.9 si,  0.1 st
%Cpu(s): 15.8 us,  6.2 sy,  0.0 ni, 76.5 id,  0.0 wa,  0.0 hi,  1.5 si,  0.0 st
%Cpu(s): 18.9 us,  5.0 sy,  0.0 ni, 74.0 id,  0.0 wa,  0.0 hi,  2.1 si,  0.0 st
%Cpu(s): 27.6 us,  3.9 sy,  0.0 ni, 66.4 id,  0.0 wa,  0.0 hi,  2.1 si,  0.0 st
%Cpu(s): 11.6 us,  4.7 sy,  0.0 ni, 81.9 id,  0.0 wa,  0.0 hi,  1.7 si,  0.0 st
%Cpu(s):  5.9 us,  3.7 sy,  0.0 ni, 88.9 id,  0.0 wa,  0.0 hi,  1.4 si,  0.1 st
%Cpu(s): 14.7 us,  4.4 sy,  0.0 ni, 79.6 id,  0.0 wa,  0.0 hi,  1.3 si,  0.0 st
