%Cpu(s):  1.5 us,  0.7 sy,  0.0 ni, 97.7 id,  0.0 wa,  0.0 hi,  0.1 si,  0.0 st
%Cpu(s): 35.9 us,  1.1 sy,  0.0 ni, 62.9 id,  0.0 wa,  0.0 hi,  0.0 si,  0.1 st
%Cpu(s):  0.5 us,  0.1 sy,  0.0 ni, 99.4 id,  0.0 wa,  0.0 hi,  0.0 si,  0.0 st
%Cpu(s):  0.1 us,  0.0 sy,  0.0 ni, 99.8 id,  0.1 wa,  0.0 hi,  0.0 si,  0.0 st
%Cpu(s):  3.2 us,  0.9 sy,  0.0 ni, 95.9 id,  0.0 wa,  0.0 hi,  0.0 si,  0.0 st
%Cpu(s): 57.8 us,  3.2 sy,  0.0 ni, 39.0 id,  0.0 wa,  0.0 hi,  0.0 si,  0.0 st
%Cpu(s): 57.0 us,  2.0 sy,  0.0 ni, 41.0 id,  0.0 wa,  0.0 hi,  0.0 si,  0.0 st
%Cpu(s): 81.2 us,  2.3 sy,  0.0 ni, 16.5 id,  0.0 wa,  0.0 hi,  0.0 si,  0.1 st
%Cpu(s): 31.5 us,  1.2 sy,  0.0 ni, 66.9 id,  0.0 wa,  0.0 hi,  0.2 si,  0.1 st
%Cpu(s): 61.7 us,  3.5 sy,  0.0 ni, 33.8 id,  0.0 wa,  0.0 hi,  1.0 si,  0.0 st
%Cpu(s): 23.4 us,  2.9 sy,  0.0 ni, 73.0 id,  0.0 wa,  0.0 hi,  0.6 si,  0.0 st
%Cpu(s): 16.0 us,  3.3 sy,  0.0 ni, 79.6 id,  0.0 wa,  0.0 hi,  1.0 si,  0.1 st
%Cpu(s):  7.4 us,  3.2 sy,  0.0 ni, 88.9 id,  0.0 wa,  0.0 hi,  0.5 si,  0.0 st
%Cpu(s):  9.1 us,  3.4 sy,  0.0 ni, 86.7 id,  0.0 wa,  0.0 hi,  0.6 si,  0.1 st
%Cpu(s): 10.5 us,  2.9 sy,  0.0 ni, 86.0 id,  0.0 wa,  0.0 hi,  0.6 si,  0.0 st
%Cpu(s):  9.4 us,  3.9 sy,  0.0 ni, 85.8 id,  0.0 wa,  0.0 hi,  1.0 si,  0.0 st
%Cpu(s):  6.9 us,  3.7 sy,  0.0 ni, 88.3 id,  0.0 wa,  0.0 hi,  0.9 si,  0.1 st
%Cpu(s):  6.5 us,  3.5 sy,  0.0 ni, 89.1 id,  0.0 wa,  0.0 hi,  0.9 si,  0.0 st
%Cpu(s):  6.2 us,  4.0 sy,  0.0 ni, 89.1 id,  0.0 wa,  0.0 hi,  0.7 si,  0.0 st
%Cpu(s):  5.9 us,  4.3 sy,  0.0 ni, 89.0 id,  0.0 wa,  0.0 hi,  0.8 si,  0.0 st
%Cpu(s):  7.1 us,  3.4 sy,  0.0 ni, 88.8 id,  0.0 wa,  0.0 hi,  0.8 si,  0.0 st
%Cpu(s): 21.1 us,  5.1 sy,  0.0 ni, 72.7 id,  0.0 wa,  0.0 hi,  1.0 si,  0.1 st
%Cpu(s): 19.4 us,  4.8 sy,  0.0 ni, 75.3 id,  0.0 wa,  0.0 hi,  0.5 si,  0.0 st
%Cpu(s): 13.7 us,  4.1 sy,  0.0 ni, 80.7 id,  0.1 wa,  0.0 hi,  1.4 si,  0.0 st
%Cpu(s):  7.1 us,  4.3 sy,  0.0 ni, 87.6 id,  0.0 wa,  0.0 hi,  1.0 si,  0.0 st
%Cpu(s):  7.2 us,  4.1 sy,  0.0 ni, 87.9 id,  0.0 wa,  0.0 hi,  0.7 si,  0.0 st
%Cpu(s):  5.7 us,  3.3 sy,  0.0 ni, 90.0 id,  0.0 wa,  0.0 hi,  1.0 si,  0.0 st
%Cpu(s):  6.7 us,  4.0 sy,  0.0 ni, 88.4 id,  0.0 wa,  0.0 hi,  0.7 si,  0.1 st
%Cpu(s):  5.0 us,  3.4 sy,  0.0 ni, 90.7 id,  0.0 wa,  0.0 hi,  0.9 si,  0.0 st
%Cpu(s):  6.8 us,  3.8 sy,  0.0 ni, 88.4 id,  0.0 wa,  0.0 hi,  1.0 si,  0.0 st
%Cpu(s):  6.3 us,  4.0 sy,  0.0 ni, 88.8 id,  0.0 wa,  0.0 hi,  0.8 si,  0.1 st
%Cpu(s):  6.4 us,  3.4 sy,  0.0 ni, 89.6 id,  0.0 wa,  0.0 hi,  0.6 si,  0.0 st
%Cpu(s):  6.3 us,  2.4 sy,  0.0 ni, 90.4 id,  0.0 wa,  0.0 hi,  0.9 si,  0.0 st
%Cpu(s):  5.7 us,  3.5 sy,  0.0 ni, 86.1 id,  3.4 wa,  0.0 hi,  1.1 si,  0.1 st
%Cpu(s):  6.1 us,  3.4 sy,  0.0 ni, 89.7 id,  0.0 wa,  0.0 hi,  0.9 si,  0.0 st
%Cpu(s): 14.9 us,  3.9 sy,  0.0 ni, 80.7 id,  0.0 wa,  0.0 hi,  0.5 si,  0.0 st
%Cpu(s): 17.6 us,  3.9 sy,  0.0 ni, 78.2 id,  0.0 wa,  0.0 hi,  0.4 si,  0.0 st
%Cpu(s): 14.7 us,  3.9 sy,  0.0 ni, 81.1 id,  0.0 wa,  0.0 hi,  0.4 si,  0.0 st
%Cpu(s):  6.0 us,  3.7 sy,  0.0 ni, 89.5 id,  0.0 wa,  0.0 hi,  0.6 si,  0.1 st
%Cpu(s):  8.1 us,  3.3 sy,  0.0 ni, 87.2 id,  0.0 wa,  0.0 hi,  1.4 si,  0.0 st
%Cpu(s):  6.5 us,  3.2 sy,  0.0 ni, 89.3 id,  0.0 wa,  0.0 hi,  1.0 si,  0.0 st
%Cpu(s):  5.8 us,  3.0 sy,  0.0 ni, 90.4 id,  0.0 wa,  0.0 hi,  0.8 si,  0.0 st
%Cpu(s):  5.4 us,  3.7 sy,  0.0 ni, 90.2 id,  0.0 wa,  0.0 hi,  0.6 si,  0.1 st
%Cpu(s):  5.4 us,  3.5 sy,  0.0 ni, 90.1 id,  0.1 wa,  0.0 hi,  0.9 si,  0.0 st
%Cpu(s):  5.9 us,  3.6 sy,  0.0 ni, 89.9 id,  0.0 wa,  0.0 hi,  0.6 si,  0.0 st
%Cpu(s):  6.0 us,  3.5 sy,  0.0 ni, 89.5 id,  0.0 wa,  0.0 hi,  1.0 si,  0.0 st
%Cpu(s):  6.4 us,  3.6 sy,  0.0 ni, 89.2 id,  0.0 wa,  0.0 hi,  0.8 si,  0.0 st
%Cpu(s):  5.7 us,  2.9 sy,  0.0 ni, 91.0 id,  0.0 wa,  0.0 hi,  0.3 si,  0.1 st
%Cpu(s):  6.3 us,  3.9 sy,  0.0 ni, 89.3 id,  0.0 wa,  0.0 hi,  0.5 si,  0.0 st
%Cpu(s):  7.4 us,  3.5 sy,  0.0 ni, 88.2 id,  0.0 wa,  0.0 hi,  0.9 si,  0.0 st
%Cpu(s): 19.3 us,  3.9 sy,  0.0 ni, 75.9 id,  0.0 wa,  0.0 hi,  0.9 si,  0.0 st
%Cpu(s): 18.0 us,  4.0 sy,  0.0 ni, 77.2 id,  0.0 wa,  0.0 hi,  0.8 si,  0.0 st
%Cpu(s): 11.8 us,  4.0 sy,  0.0 ni, 83.2 id,  0.0 wa,  0.0 hi,  1.0 si,  0.0 st
%Cpu(s):  6.4 us,  3.1 sy,  0.0 ni, 89.6 id,  0.0 wa,  0.0 hi,  0.9 si,  0.0 st
%Cpu(s):  5.4 us,  3.4 sy,  0.0 ni, 90.5 id,  0.0 wa,  0.0 hi,  0.6 si,  0.0 st
%Cpu(s):  5.4 us,  3.2 sy,  0.0 ni, 90.2 id,  0.0 wa,  0.0 hi,  1.1 si,  0.1 st
%Cpu(s):  6.6 us,  3.5 sy,  0.0 ni, 89.3 id,  0.0 wa,  0.0 hi,  0.6 si,  0.0 st
%Cpu(s):  6.3 us,  3.6 sy,  0.0 ni, 89.1 id,  0.0 wa,  0.0 hi,  1.0 si,  0.0 st
%Cpu(s):  6.2 us,  3.8 sy,  0.0 ni, 89.1 id,  0.1 wa,  0.0 hi,  0.8 si,  0.0 st
%Cpu(s):  6.0 us,  2.7 sy,  0.0 ni, 90.2 id,  0.0 wa,  0.0 hi,  0.9 si,  0.1 st
%Cpu(s):  6.3 us,  3.2 sy,  0.0 ni, 89.5 id,  0.0 wa,  0.0 hi,  1.0 si,  0.0 st
%Cpu(s):  5.7 us,  3.3 sy,  0.0 ni, 90.2 id,  0.0 wa,  0.0 hi,  0.9 si,  0.0 st
%Cpu(s):  6.3 us,  4.0 sy,  0.0 ni, 88.7 id,  0.0 wa,  0.0 hi,  0.9 si,  0.1 st
%Cpu(s):  5.3 us,  4.4 sy,  0.0 ni, 89.7 id,  0.0 wa,  0.0 hi,  0.6 si,  0.0 st
%Cpu(s): 11.5 us,  3.9 sy,  0.0 ni, 83.8 id,  0.0 wa,  0.0 hi,  0.8 si,  0.0 st
%Cpu(s): 17.6 us,  3.5 sy,  0.0 ni, 78.0 id,  0.0 wa,  0.0 hi,  0.9 si,  0.0 st
%Cpu(s): 17.6 us,  3.8 sy,  0.0 ni, 78.2 id,  0.0 wa,  0.0 hi,  0.5 si,  0.0 st
%Cpu(s): 15.5 us,  3.6 sy,  0.0 ni, 80.2 id,  0.0 wa,  0.0 hi,  0.7 si,  0.0 st
%Cpu(s): 13.0 us,  3.9 sy,  0.0 ni, 82.3 id,  0.0 wa,  0.0 hi,  0.6 si,  0.1 st
