%Cpu(s):  0.6 us,  0.1 sy,  0.0 ni, 99.2 id,  0.0 wa,  0.0 hi,  0.0 si,  0.0 st
%Cpu(s):  2.9 us,  2.0 sy,  0.0 ni, 94.5 id,  0.1 wa,  0.0 hi,  0.0 si,  0.4 st
%Cpu(s):  2.7 us,  1.0 sy,  0.0 ni, 96.2 id,  0.0 wa,  0.0 hi,  0.0 si,  0.1 st
%Cpu(s):  9.9 us,  2.3 sy,  0.0 ni, 87.7 id,  0.0 wa,  0.0 hi,  0.0 si,  0.1 st
%Cpu(s):  2.1 us,  1.3 sy,  0.0 ni, 96.5 id,  0.0 wa,  0.0 hi,  0.0 si,  0.1 st
%Cpu(s):  7.2 us,  1.8 sy,  0.0 ni, 90.7 id,  0.0 wa,  0.0 hi,  0.0 si,  0.3 st
%Cpu(s): 19.8 us,  1.8 sy,  0.0 ni, 78.0 id,  0.0 wa,  0.0 hi,  0.3 si,  0.1 st
%Cpu(s): 81.4 us,  5.2 sy,  0.0 ni, 12.7 id,  0.0 wa,  0.0 hi,  0.8 si,  0.0 st
%Cpu(s): 84.9 us,  5.4 sy,  0.0 ni,  8.4 id,  0.0 wa,  0.0 hi,  1.3 si,  0.0 st
%Cpu(s): 82.0 us,  5.2 sy,  0.0 ni, 11.6 id,  0.0 wa,  0.0 hi,  1.2 si,  0.0 st
%Cpu(s): 90.8 us,  6.9 sy,  0.0 ni,  0.9 id,  0.0 wa,  0.0 hi,  1.5 si,  0.0 st
%Cpu(s): 74.8 us,  5.7 sy,  0.0 ni, 18.1 id,  0.1 wa,  0.0 hi,  1.2 si,  0.0 st
%Cpu(s): 51.4 us,  5.8 sy,  0.0 ni, 41.6 id,  0.0 wa,  0.0 hi,  1.3 si,  0.0 st
%Cpu(s): 57.3 us,  5.7 sy,  0.0 ni, 36.3 id,  0.0 wa,  0.0 hi,  0.8 si,  0.0 st
%Cpu(s): 31.1 us,  4.7 sy,  0.0 ni, 63.6 id,  0.0 wa,  0.0 hi,  0.6 si,  0.0 st
%Cpu(s): 19.5 us,  4.9 sy,  0.0 ni, 75.0 id,  0.0 wa,  0.0 hi,  0.4 si,  0.1 st
%Cpu(s): 20.3 us,  6.4 sy,  0.0 ni, 72.9 id,  0.0 wa,  0.0 hi,  0.5 si,  0.0 st
%Cpu(s): 14.1 us,  6.4 sy,  0.0 ni, 78.8 id,  0.0 wa,  0.0 hi,  0.5 si,  0.1 st
%Cpu(s): 10.3 us,  6.2 sy,  0.0 ni, 83.2 id,  0.0 wa,  0.0 hi,  0.4 si,  0.0 st
%Cpu(s): 16.1 us,  6.1 sy,  0.0 ni, 77.2 id,  0.0 wa,  0.0 hi,  0.6 si,  0.0 st
%Cpu(s): 19.4 us,  5.8 sy,  0.0 ni, 73.8 id,  0.0 wa,  0.0 hi,  1.0 si,  0.0 st
%Cpu(s): 17.4 us,  5.9 sy,  0.0 ni, 76.1 id,  0.0 wa,  0.0 hi,  0.5 si,  0.1 st
%Cpu(s): 13.6 us,  5.5 sy,  0.0 ni, 80.4 id,  0.0 wa,  0.0 hi,  0.5 si,  0.0 st
%Cpu(s): 33.6 us,  5.4 sy,  0.0 ni, 60.5 id,  0.0 wa,  0.0 hi,  0.5 si,  0.0 st
%Cpu(s): 19.3 us,  6.4 sy,  0.0 ni, 73.4 id,  0.0 wa,  0.0 hi,  0.8 si,  0.1 st
%Cpu(s): 33.9 us,  5.6 sy,  0.0 ni, 59.0 id,  0.0 wa,  0.0 hi,  1.5 si,  0.0 st
%Cpu(s): 21.9 us,  6.3 sy,  0.0 ni, 70.9 id,  0.0 wa,  0.0 hi,  0.9 si,  0.0 st
%Cpu(s): 23.5 us,  6.4 sy,  0.0 ni, 69.2 id,  0.0 wa,  0.0 hi,  0.9 si,  0.0 st
%Cpu(s): 29.1 us,  6.8 sy,  0.0 ni, 63.4 id,  0.0 wa,  0.0 hi,  0.6 si,  0.0 st
%Cpu(s): 14.3 us,  7.0 sy,  0.0 ni, 77.9 id,  0.0 wa,  0.0 hi,  0.6 si,  0.1 st
%Cpu(s): 12.7 us,  6.2 sy,  0.0 ni, 80.2 id,  0.0 wa,  0.0 hi,  0.9 si,  0.0 st
%Cpu(s): 12.5 us,  5.2 sy,  0.0 ni, 81.5 id,  0.0 wa,  0.0 hi,  0.8 si,  0.0 st
%Cpu(s):  9.1 us,  6.7 sy,  0.0 ni, 83.5 id,  0.0 wa,  0.0 hi,  0.6 si,  0.0 st
%Cpu(s): 11.0 us,  5.8 sy,  0.0 ni, 82.4 id,  0.0 wa,  0.0 hi,  0.8 si,  0.0 st
%Cpu(s): 12.2 us,  6.2 sy,  0.0 ni, 81.4 id,  0.0 wa,  0.0 hi,  0.3 si,  0.0 st
%Cpu(s): 10.3 us,  4.8 sy,  0.0 ni, 84.4 id,  0.0 wa,  0.0 hi,  0.4 si,  0.1 st
%Cpu(s): 11.6 us,  5.5 sy,  0.0 ni, 82.4 id,  0.0 wa,  0.0 hi,  0.4 si,  0.1 st
%Cpu(s): 27.7 us,  5.1 sy,  0.0 ni, 66.8 id,  0.0 wa,  0.0 hi,  0.4 si,  0.0 st
%Cpu(s): 16.0 us,  5.9 sy,  0.0 ni, 77.7 id,  0.0 wa,  0.0 hi,  0.4 si,  0.0 st
%Cpu(s): 12.7 us,  6.2 sy,  0.0 ni, 80.1 id,  0.0 wa,  0.0 hi,  0.9 si,  0.1 st
%Cpu(s): 11.6 us,  5.4 sy,  0.0 ni, 82.6 id,  0.0 wa,  0.0 hi,  0.4 si,  0.0 st
%Cpu(s): 19.3 us,  4.6 sy,  0.0 ni, 75.6 id,  0.0 wa,  0.0 hi,  0.5 si,  0.0 st
%Cpu(s): 14.7 us,  4.9 sy,  0.0 ni, 79.9 id,  0.0 wa,  0.0 hi,  0.5 si,  0.0 st
%Cpu(s): 12.9 us,  5.7 sy,  0.0 ni, 80.9 id,  0.0 wa,  0.0 hi,  0.5 si,  0.0 st
%Cpu(s): 12.4 us,  6.1 sy,  0.0 ni, 80.7 id,  0.0 wa,  0.0 hi,  0.8 si,  0.0 st
%Cpu(s): 22.4 us,  5.7 sy,  0.0 ni, 71.2 id,  0.0 wa,  0.0 hi,  0.6 si,  0.1 st
%Cpu(s): 11.5 us,  6.1 sy,  0.0 ni, 82.0 id,  0.0 wa,  0.0 hi,  0.4 si,  0.0 st
%Cpu(s): 12.1 us,  5.3 sy,  0.0 ni, 82.2 id,  0.0 wa,  0.0 hi,  0.4 si,  0.0 st
%Cpu(s):  9.9 us,  5.6 sy,  0.0 ni, 84.0 id,  0.0 wa,  0.0 hi,  0.4 si,  0.1 st
%Cpu(s):  9.7 us,  5.8 sy,  0.0 ni, 84.0 id,  0.0 wa,  0.0 hi,  0.5 si,  0.0 st
%Cpu(s): 12.3 us,  6.4 sy,  0.0 ni, 80.7 id,  0.0 wa,  0.0 hi,  0.6 si,  0.0 st
%Cpu(s): 11.8 us,  6.5 sy,  0.0 ni, 81.2 id,  0.1 wa,  0.0 hi,  0.4 si,  0.0 st
%Cpu(s): 10.1 us,  7.2 sy,  0.0 ni, 82.3 id,  0.0 wa,  0.0 hi,  0.4 si,  0.0 st
%Cpu(s):  8.9 us,  6.4 sy,  0.0 ni, 84.5 id,  0.0 wa,  0.0 hi,  0.1 si,  0.0 st
%Cpu(s): 13.5 us,  7.1 sy,  0.0 ni, 78.9 id,  0.0 wa,  0.0 hi,  0.5 si,  0.0 st
%Cpu(s):  9.5 us,  6.9 sy,  0.0 ni, 82.9 id,  0.0 wa,  0.0 hi,  0.6 si,  0.1 st
%Cpu(s): 12.2 us,  6.6 sy,  0.0 ni, 80.6 id,  0.0 wa,  0.0 hi,  0.5 si,  0.1 st
%Cpu(s): 13.3 us,  7.1 sy,  0.0 ni, 79.0 id,  0.0 wa,  0.0 hi,  0.6 si,  0.0 st
%Cpu(s): 10.8 us,  5.5 sy,  0.0 ni, 83.3 id,  0.0 wa,  0.0 hi,  0.4 si,  0.0 st
%Cpu(s): 12.1 us,  6.3 sy,  0.0 ni, 81.1 id,  0.0 wa,  0.0 hi,  0.5 si,  0.0 st
%Cpu(s): 14.3 us,  5.4 sy,  0.0 ni, 79.3 id,  0.0 wa,  0.0 hi,  1.0 si,  0.0 st
%Cpu(s):  5.7 us,  4.5 sy,  0.0 ni, 89.4 id,  0.0 wa,  0.0 hi,  0.1 si,  0.3 st
%Cpu(s):  3.4 us,  2.4 sy,  0.0 ni, 94.1 id,  0.0 wa,  0.0 hi,  0.0 si,  0.1 st
%Cpu(s):  2.6 us,  2.0 sy,  0.0 ni, 95.1 id,  0.0 wa,  0.0 hi,  0.0 si,  0.3 st
%Cpu(s):  3.0 us,  1.8 sy,  0.0 ni, 95.1 id,  0.0 wa,  0.0 hi,  0.0 si,  0.1 st
%Cpu(s):  1.8 us,  2.4 sy,  0.0 ni, 95.7 id,  0.0 wa,  0.0 hi,  0.0 si,  0.1 st
%Cpu(s):  4.7 us,  1.6 sy,  0.0 ni, 93.2 id,  0.1 wa,  0.0 hi,  0.1 si,  0.3 st
%Cpu(s):  6.4 us,  1.6 sy,  0.0 ni, 91.8 id,  0.0 wa,  0.0 hi,  0.0 si,  0.1 st
%Cpu(s):  4.3 us,  2.1 sy,  0.0 ni, 93.2 id,  0.0 wa,  0.0 hi,  0.1 si,  0.3 st
%Cpu(s):  4.8 us,  2.3 sy,  0.0 ni, 92.7 id,  0.0 wa,  0.0 hi,  0.1 si,  0.1 st
%Cpu(s):  3.0 us,  3.7 sy,  0.0 ni, 92.8 id,  0.0 wa,  0.0 hi,  0.1 si,  0.4 st
%Cpu(s):  3.3 us,  2.5 sy,  0.0 ni, 94.0 id,  0.0 wa,  0.0 hi,  0.1 si,  0.1 st
%Cpu(s):  2.5 us,  1.3 sy,  0.0 ni, 95.9 id,  0.0 wa,  0.0 hi,  0.1 si,  0.1 st
