%Cpu(s):  4.0 us,  0.9 sy,  0.0 ni, 95.0 id,  0.0 wa,  0.0 hi,  0.1 si,  0.0 st
%Cpu(s): 17.8 us,  1.0 sy,  0.0 ni, 81.2 id,  0.0 wa,  0.0 hi,  0.0 si,  0.0 st
%Cpu(s):  0.4 us,  0.1 sy,  0.0 ni, 99.5 id,  0.0 wa,  0.0 hi,  0.0 si,  0.0 st
%Cpu(s):  0.0 us,  0.1 sy,  0.0 ni, 99.9 id,  0.0 wa,  0.0 hi,  0.0 si,  0.0 st
%Cpu(s): 44.3 us,  4.0 sy,  0.0 ni, 51.6 id,  0.1 wa,  0.0 hi,  0.0 si,  0.0 st
%Cpu(s): 82.5 us,  3.8 sy,  0.0 ni, 13.6 id,  0.0 wa,  0.0 hi,  0.0 si,  0.1 st
%Cpu(s): 83.8 us,  1.6 sy,  0.0 ni, 14.4 id,  0.0 wa,  0.0 hi,  0.0 si,  0.1 st
%Cpu(s): 94.0 us,  3.5 sy,  0.0 ni,  2.5 id,  0.0 wa,  0.0 hi,  0.0 si,  0.0 st
%Cpu(s): 92.7 us,  3.0 sy,  0.0 ni,  4.2 id,  0.0 wa,  0.0 hi,  0.1 si,  0.0 st
%Cpu(s): 34.5 us,  1.6 sy,  0.0 ni, 63.6 id,  0.0 wa,  0.0 hi,  0.1 si,  0.1 st
%Cpu(s): 16.3 us,  1.8 sy,  0.0 ni, 81.8 id,  0.0 wa,  0.0 hi,  0.0 si,  0.1 st
%Cpu(s):  7.9 us,  2.4 sy,  0.0 ni, 89.4 id,  0.0 wa,  0.0 hi,  0.1 si,  0.2 st
%Cpu(s):  7.3 us,  2.3 sy,  0.0 ni, 90.4 id,  0.0 wa,  0.0 hi,  0.0 si,  0.1 st
%Cpu(s):  6.3 us,  1.6 sy,  0.0 ni, 92.0 id,  0.0 wa,  0.0 hi,  0.0 si,  0.1 st
%Cpu(s):  6.1 us,  3.1 sy,  0.0 ni, 90.6 id,  0.0 wa,  0.0 hi,  0.0 si,  0.2 st
%Cpu(s):  5.1 us,  2.3 sy,  0.0 ni, 92.1 id,  0.0 wa,  0.0 hi,  0.3 si,  0.3 st
%Cpu(s):  4.3 us,  2.0 sy,  0.0 ni, 93.5 id,  0.0 wa,  0.0 hi,  0.0 si,  0.3 st
%Cpu(s):  3.5 us,  2.0 sy,  0.0 ni, 94.2 id,  0.0 wa,  0.0 hi,  0.0 si,  0.3 st
%Cpu(s): 10.3 us,  2.6 sy,  0.0 ni, 86.8 id,  0.0 wa,  0.0 hi,  0.0 si,  0.3 st
%Cpu(s): 20.8 us,  2.4 sy,  0.0 ni, 76.2 id,  0.1 wa,  0.0 hi,  0.3 si,  0.3 st
%Cpu(s): 56.3 us,  5.9 sy,  0.0 ni, 36.9 id,  0.0 wa,  0.0 hi,  1.0 si,  0.0 st
%Cpu(s): 71.9 us,  5.1 sy,  0.0 ni, 22.0 id,  0.0 wa,  0.0 hi,  1.0 si,  0.0 st
%Cpu(s): 68.3 us,  3.5 sy,  0.0 ni, 27.0 id,  0.0 wa,  0.0 hi,  1.0 si,  0.1 st
%Cpu(s): 55.6 us,  4.9 sy,  0.0 ni, 38.8 id,  0.0 wa,  0.0 hi,  0.6 si,  0.0 st
%Cpu(s): 31.5 us,  4.8 sy,  0.0 ni, 62.3 id,  0.0 wa,  0.0 hi,  1.2 si,  0.1 st
%Cpu(s): 15.5 us,  4.8 sy,  0.0 ni, 78.6 id,  0.0 wa,  0.0 hi,  1.1 si,  0.0 st
%Cpu(s):  9.5 us,  5.8 sy,  0.0 ni, 84.2 id,  0.0 wa,  0.0 hi,  0.5 si,  0.0 st
%Cpu(s): 10.4 us,  4.6 sy,  0.0 ni, 84.3 id,  0.0 wa,  0.0 hi,  0.8 si,  0.0 st
%Cpu(s): 17.0 us,  4.2 sy,  0.0 ni, 78.2 id,  0.0 wa,  0.0 hi,  0.5 si,  0.0 st
%Cpu(s):  9.4 us,  5.4 sy,  0.0 ni, 84.5 id,  0.0 wa,  0.0 hi,  0.6 si,  0.1 st
%Cpu(s):  7.6 us,  5.5 sy,  0.0 ni, 85.9 id,  0.0 wa,  0.0 hi,  0.9 si,  0.1 st
%Cpu(s):  7.5 us,  5.2 sy,  0.0 ni, 86.6 id,  0.0 wa,  0.0 hi,  0.8 si,  0.0 st
%Cpu(s):  9.3 us,  5.3 sy,  0.0 ni, 84.7 id,  0.0 wa,  0.0 hi,  0.8 si,  0.0 st
%Cpu(s): 12.8 us,  4.9 sy,  0.0 ni, 81.6 id,  0.0 wa,  0.0 hi,  0.8 si,  0.0 st
%Cpu(s): 12.6 us,  4.9 sy,  0.0 ni, 81.9 id,  0.1 wa,  0.0 hi,  0.5 si,  0.0 st
%Cpu(s): 11.4 us,  4.4 sy,  0.0 ni, 83.4 id,  0.0 wa,  0.0 hi,  0.8 si,  0.1 st
%Cpu(s):  8.0 us,  5.6 sy,  0.0 ni, 85.1 id,  0.0 wa,  0.0 hi,  1.3 si,  0.0 st
%Cpu(s):  8.6 us,  6.3 sy,  0.0 ni, 84.5 id,  0.0 wa,  0.0 hi,  0.6 si,  0.0 st
%Cpu(s): 18.6 us,  5.2 sy,  0.0 ni, 75.4 id,  0.0 wa,  0.0 hi,  0.8 si,  0.0 st
%Cpu(s):  8.1 us,  6.0 sy,  0.0 ni, 84.8 id,  0.0 wa,  0.0 hi,  1.0 si,  0.1 st
%Cpu(s):  8.7 us,  6.3 sy,  0.0 ni, 84.5 id,  0.0 wa,  0.0 hi,  0.5 si,  0.0 st
%Cpu(s):  7.7 us,  5.3 sy,  0.0 ni, 86.2 id,  0.0 wa,  0.0 hi,  0.8 si,  0.0 st
%Cpu(s):  7.5 us,  5.4 sy,  0.0 ni, 85.8 id,  0.0 wa,  0.0 hi,  1.2 si,  0.1 st
%Cpu(s):  7.8 us,  6.7 sy,  0.0 ni, 84.6 id,  0.0 wa,  0.0 hi,  0.9 si,  0.0 st
%Cpu(s):  6.9 us,  5.2 sy,  0.0 ni, 86.9 id,  0.0 wa,  0.0 hi,  0.9 si,  0.1 st
%Cpu(s):  8.2 us,  5.4 sy,  0.0 ni, 85.7 id,  0.0 wa,  0.0 hi,  0.8 si,  0.0 st
%Cpu(s):  6.3 us,  5.3 sy,  0.0 ni, 87.8 id,  0.0 wa,  0.0 hi,  0.5 si,  0.0 st
%Cpu(s):  8.2 us,  4.9 sy,  0.0 ni, 86.2 id,  0.0 wa,  0.0 hi,  0.8 si,  0.0 st
%Cpu(s):  8.7 us,  5.1 sy,  0.0 ni, 85.2 id,  0.0 wa,  0.0 hi,  1.0 si,  0.0 st
%Cpu(s): 11.5 us,  5.1 sy,  0.0 ni, 82.7 id,  0.0 wa,  0.0 hi,  0.8 si,  0.0 st
%Cpu(s): 10.5 us,  5.0 sy,  0.0 ni, 83.9 id,  0.0 wa,  0.0 hi,  0.6 si,  0.0 st
%Cpu(s): 15.0 us,  4.4 sy,  0.0 ni, 80.2 id,  0.0 wa,  0.0 hi,  0.3 si,  0.1 st
%Cpu(s): 12.5 us,  4.1 sy,  0.0 ni, 82.3 id,  0.0 wa,  0.0 hi,  1.0 si,  0.1 st
%Cpu(s):  9.0 us,  4.6 sy,  0.0 ni, 83.7 id,  1.8 wa,  0.0 hi,  0.9 si,  0.0 st
%Cpu(s):  6.9 us,  5.0 sy,  0.0 ni, 87.5 id,  0.0 wa,  0.0 hi,  0.6 si,  0.0 st
%Cpu(s):  7.1 us,  6.1 sy,  0.0 ni, 86.0 id,  0.0 wa,  0.0 hi,  0.6 si,  0.1 st
%Cpu(s):  7.5 us,  5.4 sy,  0.0 ni, 86.3 id,  0.0 wa,  0.0 hi,  0.8 si,  0.0 st
%Cpu(s):  8.3 us,  6.2 sy,  0.0 ni, 84.8 id,  0.0 wa,  0.0 hi,  0.8 si,  0.0 st
%Cpu(s):  8.2 us,  4.9 sy,  0.0 ni, 86.1 id,  0.0 wa,  0.0 hi,  0.8 si,  0.0 st
%Cpu(s):  8.1 us,  6.5 sy,  0.0 ni, 84.3 id,  0.0 wa,  0.0 hi,  1.0 si,  0.1 st
%Cpu(s):  7.3 us,  5.1 sy,  0.0 ni, 86.6 id,  0.0 wa,  0.0 hi,  1.0 si,  0.0 st
%Cpu(s):  8.5 us,  5.4 sy,  0.0 ni, 85.2 id,  0.0 wa,  0.0 hi,  0.9 si,  0.0 st
%Cpu(s):  8.5 us,  5.2 sy,  0.0 ni, 84.9 id,  0.0 wa,  0.0 hi,  1.4 si,  0.0 st
%Cpu(s):  6.5 us,  5.3 sy,  0.0 ni, 87.4 id,  0.0 wa,  0.0 hi,  0.8 si,  0.0 st
%Cpu(s):  6.9 us,  5.2 sy,  0.0 ni, 87.2 id,  0.0 wa,  0.0 hi,  0.8 si,  0.0 st
%Cpu(s):  8.2 us,  4.7 sy,  0.0 ni, 86.0 id,  0.0 wa,  0.0 hi,  1.0 si,  0.1 st
%Cpu(s):  6.7 us,  6.2 sy,  0.0 ni, 86.1 id,  0.0 wa,  0.0 hi,  1.0 si,  0.0 st
