%Cpu(s):  9.8 us,  1.4 sy,  0.0 ni, 88.7 id,  0.0 wa,  0.0 hi,  0.1 si,  0.0 st
%Cpu(s):  3.7 us,  2.1 sy,  0.0 ni, 94.1 id,  0.0 wa,  0.0 hi,  0.0 si,  0.1 st
%Cpu(s):  4.0 us,  2.0 sy,  0.0 ni, 93.7 id,  0.0 wa,  0.0 hi,  0.0 si,  0.3 st
%Cpu(s):  3.4 us,  2.5 sy,  0.0 ni, 93.8 id,  0.0 wa,  0.0 hi,  0.1 si,  0.2 st
%Cpu(s):  3.6 us,  3.2 sy,  0.0 ni, 92.9 id,  0.0 wa,  0.0 hi,  0.0 si,  0.2 st
%Cpu(s):  6.8 us,  2.0 sy,  0.0 ni, 90.8 id,  0.0 wa,  0.0 hi,  0.1 si,  0.4 st
%Cpu(s): 22.3 us,  2.7 sy,  0.0 ni, 74.5 id,  0.0 wa,  0.0 hi,  0.2 si,  0.1 st
%Cpu(s): 81.0 us,  6.1 sy,  0.0 ni, 11.9 id,  0.0 wa,  0.0 hi,  1.0 si,  0.0 st
%Cpu(s): 89.1 us,  6.9 sy,  0.0 ni,  2.5 id,  0.0 wa,  0.0 hi,  1.5 si,  0.0 st
%Cpu(s): 86.6 us,  6.7 sy,  0.0 ni,  5.2 id,  0.0 wa,  0.0 hi,  1.5 si,  0.0 st
%Cpu(s): 90.6 us,  7.2 sy,  0.0 ni,  0.1 id,  0.0 wa,  0.0 hi,  2.0 si,  0.0 st
%Cpu(s): 90.4 us,  7.5 sy,  0.0 ni,  0.4 id,  0.0 wa,  0.0 hi,  1.7 si,  0.0 st
%Cpu(s): 91.4 us,  6.2 sy,  0.0 ni,  1.1 id,  0.0 wa,  0.0 hi,  1.2 si,  0.0 st
%Cpu(s): 83.9 us,  6.6 sy,  0.0 ni,  7.5 id,  0.0 wa,  0.0 hi,  2.0 si,  0.0 st
%Cpu(s): 79.0 us,  7.9 sy,  0.0 ni, 11.2 id,  0.0 wa,  0.0 hi,  1.9 si,  0.0 st
%Cpu(s): 59.8 us,  7.7 sy,  0.0 ni, 30.6 id,  0.0 wa,  0.0 hi,  1.7 si,  0.1 st
%Cpu(s): 36.7 us,  6.0 sy,  0.0 ni, 55.9 id,  0.0 wa,  0.0 hi,  1.4 si,  0.0 st
%Cpu(s): 36.9 us,  6.3 sy,  0.0 ni, 54.7 id,  0.0 wa,  0.0 hi,  2.1 si,  0.0 st
%Cpu(s): 34.2 us,  6.4 sy,  0.0 ni, 58.2 id,  0.0 wa,  0.0 hi,  1.2 si,  0.0 st
%Cpu(s): 21.7 us,  5.6 sy,  0.0 ni, 71.6 id,  0.0 wa,  0.0 hi,  1.0 si,  0.1 st
%Cpu(s): 12.0 us,  6.4 sy,  0.0 ni, 80.6 id,  0.0 wa,  0.0 hi,  1.0 si,  0.0 st
%Cpu(s): 12.5 us,  6.3 sy,  0.0 ni, 80.0 id,  0.0 wa,  0.0 hi,  1.1 si,  0.0 st
%Cpu(s): 11.0 us,  5.6 sy,  0.0 ni, 81.9 id,  0.0 wa,  0.0 hi,  1.4 si,  0.0 st
%Cpu(s): 12.7 us,  5.9 sy,  0.0 ni, 80.2 id,  0.0 wa,  0.0 hi,  1.3 si,  0.0 st
%Cpu(s): 13.2 us,  5.8 sy,  0.0 ni, 80.1 id,  0.0 wa,  0.0 hi,  1.0 si,  0.0 st
%Cpu(s): 12.9 us,  4.9 sy,  0.0 ni, 80.9 id,  0.0 wa,  0.0 hi,  1.3 si,  0.0 st
%Cpu(s): 11.7 us,  5.6 sy,  0.0 ni, 81.2 id,  0.0 wa,  0.0 hi,  1.3 si,  0.1 st
%Cpu(s): 11.0 us,  6.1 sy,  0.0 ni, 81.2 id,  0.0 wa,  0.0 hi,  1.7 si,  0.0 st
%Cpu(s): 10.2 us,  6.9 sy,  0.0 ni, 81.3 id,  0.0 wa,  0.0 hi,  1.5 si,  0.1 st
%Cpu(s): 12.7 us,  6.5 sy,  0.0 ni, 80.3 id,  0.0 wa,  0.0 hi,  0.6 si,  0.0 st
%Cpu(s):  9.6 us,  6.0 sy,  0.0 ni, 82.9 id,  0.0 wa,  0.0 hi,  1.5 si,  0.0 st
%Cpu(s):  9.9 us,  6.4 sy,  0.0 ni, 81.8 id,  0.0 wa,  0.0 hi,  1.9 si,  0.0 st
%Cpu(s):  9.5 us,  5.8 sy,  0.0 ni, 83.5 id,  0.0 wa,  0.0 hi,  1.1 si,  0.0 st
%Cpu(s):  9.1 us,  6.3 sy,  0.0 ni, 83.3 id,  0.0 wa,  0.0 hi,  1.4 si,  0.0 st
%Cpu(s):  8.7 us,  5.9 sy,  0.0 ni, 84.0 id,  0.0 wa,  0.0 hi,  1.4 si,  0.0 st
%Cpu(s):  8.8 us,  6.2 sy,  0.0 ni, 83.8 id,  0.0 wa,  0.0 hi,  1.3 si,  0.0 st
%Cpu(s): 12.2 us,  5.5 sy,  0.0 ni, 81.2 id,  0.0 wa,  0.0 hi,  1.1 si,  0.0 st
%Cpu(s): 23.1 us,  6.1 sy,  0.0 ni, 69.0 id,  0.0 wa,  0.0 hi,  1.8 si,  0.0 st
%Cpu(s): 16.2 us,  6.9 sy,  0.0 ni, 76.0 id,  0.0 wa,  0.0 hi,  0.8 si,  0.1 st
%Cpu(s): 12.3 us,  4.6 sy,  0.0 ni, 81.6 id,  0.0 wa,  0.0 hi,  1.3 si,  0.1 st
%Cpu(s): 16.0 us,  5.7 sy,  0.0 ni, 77.2 id,  0.0 wa,  0.0 hi,  1.1 si,  0.0 st
%Cpu(s): 15.3 us,  5.6 sy,  0.0 ni, 77.7 id,  0.1 wa,  0.0 hi,  1.3 si,  0.0 st
%Cpu(s): 18.3 us,  6.1 sy,  0.0 ni, 74.0 id,  0.0 wa,  0.0 hi,  1.6 si,  0.0 st
%Cpu(s): 13.6 us,  6.5 sy,  0.0 ni, 78.3 id,  0.0 wa,  0.0 hi,  1.5 si,  0.0 st
%Cpu(s): 11.2 us,  5.7 sy,  0.0 ni, 81.9 id,  0.0 wa,  0.0 hi,  1.1 si,  0.0 st
%Cpu(s):  9.8 us,  5.9 sy,  0.0 ni, 82.9 id,  0.0 wa,  0.0 hi,  1.3 si,  0.1 st
%Cpu(s):  9.3 us,  5.6 sy,  0.0 ni, 84.1 id,  0.0 wa,  0.0 hi,  1.0 si,  0.0 st
%Cpu(s): 11.5 us,  5.9 sy,  0.0 ni, 81.7 id,  0.0 wa,  0.0 hi,  1.0 si,  0.0 st
%Cpu(s):  9.4 us,  7.4 sy,  0.0 ni, 82.3 id,  0.0 wa,  0.0 hi,  1.0 si,  0.0 st
%Cpu(s): 11.4 us,  6.3 sy,  0.0 ni, 81.3 id,  0.0 wa,  0.0 hi,  1.0 si,  0.0 st
%Cpu(s):  8.6 us,  5.3 sy,  0.0 ni, 84.9 id,  0.0 wa,  0.0 hi,  1.0 si,  0.1 st
%Cpu(s):  8.3 us,  5.3 sy,  0.0 ni, 85.4 id,  0.0 wa,  0.0 hi,  1.0 si,  0.0 st
%Cpu(s): 11.3 us,  6.1 sy,  0.0 ni, 81.1 id,  0.0 wa,  0.0 hi,  1.5 si,  0.0 st
%Cpu(s): 10.9 us,  6.2 sy,  0.0 ni, 81.6 id,  0.0 wa,  0.0 hi,  1.3 si,  0.0 st
%Cpu(s):  6.6 us,  5.6 sy,  0.0 ni, 86.8 id,  0.0 wa,  0.0 hi,  0.9 si,  0.1 st
%Cpu(s): 10.2 us,  6.4 sy,  0.0 ni, 82.4 id,  0.0 wa,  0.0 hi,  1.0 si,  0.0 st
%Cpu(s): 10.2 us,  6.0 sy,  0.0 ni, 82.8 id,  0.0 wa,  0.0 hi,  1.0 si,  0.0 st
%Cpu(s):  9.7 us,  5.5 sy,  0.0 ni, 83.3 id,  0.0 wa,  0.0 hi,  1.4 si,  0.1 st
%Cpu(s):  9.1 us,  5.5 sy,  0.0 ni, 84.3 id,  0.0 wa,  0.0 hi,  1.1 si,  0.0 st
%Cpu(s):  8.2 us,  5.5 sy,  0.0 ni, 84.9 id,  0.0 wa,  0.0 hi,  1.3 si,  0.0 st
%Cpu(s):  8.2 us,  5.8 sy,  0.0 ni, 84.8 id,  0.0 wa,  0.0 hi,  1.3 si,  0.0 st
%Cpu(s):  6.7 us,  5.0 sy,  0.0 ni, 86.5 id,  0.1 wa,  0.0 hi,  1.7 si,  0.0 st
%Cpu(s):  6.9 us,  4.4 sy,  0.0 ni, 87.9 id,  0.0 wa,  0.0 hi,  0.8 si,  0.0 st
%Cpu(s):  5.6 us,  3.4 sy,  0.0 ni, 90.2 id,  0.0 wa,  0.0 hi,  0.5 si,  0.3 st
%Cpu(s):  2.6 us,  2.7 sy,  0.0 ni, 94.5 id,  0.0 wa,  0.0 hi,  0.1 si,  0.0 st
%Cpu(s):  2.5 us,  3.0 sy,  0.0 ni, 94.0 id,  0.0 wa,  0.0 hi,  0.1 si,  0.4 st
%Cpu(s):  4.1 us,  2.0 sy,  0.0 ni, 93.8 id,  0.0 wa,  0.0 hi,  0.0 si,  0.1 st
%Cpu(s):  6.8 us,  3.0 sy,  0.0 ni, 89.9 id,  0.0 wa,  0.0 hi,  0.0 si,  0.3 st
%Cpu(s):  4.5 us,  3.1 sy,  0.0 ni, 92.0 id,  0.0 wa,  0.0 hi,  0.3 si,  0.1 st
%Cpu(s): 11.2 us,  1.9 sy,  0.0 ni, 86.9 id,  0.0 wa,  0.0 hi,  0.0 si,  0.0 st
%Cpu(s):  3.6 us,  2.8 sy,  0.0 ni, 93.1 id,  0.0 wa,  0.0 hi,  0.2 si,  0.2 st
%Cpu(s):  3.4 us,  1.8 sy,  0.0 ni, 94.6 id,  0.0 wa,  0.0 hi,  0.0 si,  0.3 st
%Cpu(s):  3.1 us,  2.5 sy,  0.0 ni, 94.1 id,  0.0 wa,  0.0 hi,  0.1 si,  0.1 st
%Cpu(s):  2.8 us,  3.0 sy,  0.0 ni, 93.9 id,  0.0 wa,  0.0 hi,  0.1 si,  0.3 st
%Cpu(s):  2.9 us,  2.6 sy,  0.0 ni, 94.2 id,  0.0 wa,  0.0 hi,  0.0 si,  0.3 st
%Cpu(s):  3.1 us,  2.1 sy,  0.0 ni, 94.5 id,  0.0 wa,  0.0 hi,  0.0 si,  0.2 st
%Cpu(s):  3.1 us,  2.0 sy,  0.0 ni, 94.6 id,  0.0 wa,  0.0 hi,  0.1 si,  0.1 st
%Cpu(s):  4.1 us,  2.9 sy,  0.0 ni, 92.6 id,  0.0 wa,  0.0 hi,  0.1 si,  0.2 st
