%Cpu(s):  1.7 us,  0.7 sy,  0.0 ni, 97.5 id,  0.0 wa,  0.0 hi,  0.1 si,  0.0 st
%Cpu(s): 24.3 us,  0.9 sy,  0.0 ni, 74.6 id,  0.1 wa,  0.0 hi,  0.0 si,  0.1 st
%Cpu(s):  0.5 us,  0.1 sy,  0.0 ni, 99.4 id,  0.0 wa,  0.0 hi,  0.0 si,  0.0 st
%Cpu(s):  0.9 us,  0.2 sy,  0.0 ni, 98.9 id,  0.0 wa,  0.0 hi,  0.0 si,  0.0 st
%Cpu(s): 27.2 us,  2.5 sy,  0.0 ni, 70.2 id,  0.0 wa,  0.0 hi,  0.1 si,  0.0 st
%Cpu(s): 55.9 us,  1.9 sy,  0.0 ni, 42.0 id,  0.0 wa,  0.0 hi,  0.3 si,  0.0 st
%Cpu(s): 71.1 us,  2.3 sy,  0.0 ni, 26.4 id,  0.0 wa,  0.0 hi,  0.0 si,  0.3 st
%Cpu(s): 60.8 us,  1.4 sy,  0.0 ni, 37.7 id,  0.0 wa,  0.0 hi,  0.1 si,  0.0 st
%Cpu(s):  6.6 us,  1.4 sy,  0.0 ni, 92.0 id,  0.0 wa,  0.0 hi,  0.1 si,  0.0 st
%Cpu(s):  1.0 us,  0.8 sy,  0.0 ni, 98.2 id,  0.0 wa,  0.0 hi,  0.0 si,  0.0 st
%Cpu(s):  5.6 us,  2.0 sy,  0.0 ni, 92.5 id,  0.0 wa,  0.0 hi,  0.0 si,  0.0 st
%Cpu(s):  1.4 us,  1.9 sy,  0.0 ni, 96.8 id,  0.0 wa,  0.0 hi,  0.0 si,  0.0 st
%Cpu(s):  4.4 us,  2.7 sy,  0.0 ni, 92.6 id,  0.1 wa,  0.0 hi,  0.0 si,  0.1 st
%Cpu(s):  1.4 us,  1.4 sy,  0.0 ni, 97.3 id,  0.0 wa,  0.0 hi,  0.0 si,  0.0 st
%Cpu(s):  4.1 us,  1.5 sy,  0.0 ni, 94.4 id,  0.0 wa,  0.0 hi,  0.0 si,  0.0 st
%Cpu(s):  4.1 us,  1.7 sy,  0.0 ni, 94.0 id,  0.0 wa,  0.0 hi,  0.1 si,  0.1 st
%Cpu(s):  3.6 us,  1.5 sy,  0.0 ni, 94.9 id,  0.0 wa,  0.0 hi,  0.0 si,  0.0 st
%Cpu(s):  3.9 us,  1.0 sy,  0.0 ni, 95.1 id,  0.0 wa,  0.0 hi,  0.0 si,  0.0 st
%Cpu(s): 41.9 us,  3.3 sy,  0.0 ni, 54.0 id,  0.0 wa,  0.0 hi,  0.8 si,  0.1 st
%Cpu(s): 49.1 us,  4.2 sy,  0.0 ni, 45.2 id,  0.0 wa,  0.0 hi,  1.2 si,  0.1 st
%Cpu(s): 19.7 us,  3.4 sy,  0.0 ni, 76.1 id,  0.0 wa,  0.0 hi,  0.8 si,  0.0 st
%Cpu(s): 13.2 us,  3.6 sy,  0.0 ni, 81.3 id,  0.6 wa,  0.0 hi,  1.1 si,  0.1 st
%Cpu(s):  8.2 us,  3.7 sy,  0.0 ni, 87.6 id,  0.0 wa,  0.0 hi,  0.5 si,  0.0 st
%Cpu(s): 16.6 us,  4.2 sy,  0.0 ni, 78.3 id,  0.0 wa,  0.0 hi,  0.9 si,  0.0 st
%Cpu(s):  8.7 us,  2.9 sy,  0.0 ni, 87.5 id,  0.0 wa,  0.0 hi,  0.9 si,  0.0 st
%Cpu(s):  8.7 us,  3.0 sy,  0.0 ni, 87.2 id,  0.0 wa,  0.0 hi,  1.0 si,  0.0 st
%Cpu(s):  6.9 us,  3.8 sy,  0.0 ni, 88.3 id,  0.0 wa,  0.0 hi,  1.0 si,  0.0 st
%Cpu(s):  5.8 us,  3.6 sy,  0.0 ni, 89.8 id,  0.0 wa,  0.0 hi,  0.6 si,  0.1 st
%Cpu(s):  5.8 us,  3.8 sy,  0.0 ni, 89.6 id,  0.0 wa,  0.0 hi,  0.8 si,  0.0 st
%Cpu(s): 15.9 us,  3.8 sy,  0.0 ni, 79.1 id,  0.0 wa,  0.0 hi,  1.1 si,  0.1 st
%Cpu(s): 18.7 us,  3.9 sy,  0.0 ni, 76.5 id,  0.0 wa,  0.0 hi,  0.8 si,  0.1 st
%Cpu(s): 16.7 us,  3.4 sy,  0.0 ni, 78.5 id,  0.1 wa,  0.0 hi,  1.3 si,  0.0 st
%Cpu(s):  6.5 us,  4.1 sy,  0.0 ni, 88.8 id,  0.0 wa,  0.0 hi,  0.6 si,  0.0 st
%Cpu(s):  5.1 us,  4.0 sy,  0.0 ni, 90.2 id,  0.0 wa,  0.0 hi,  0.6 si,  0.0 st
%Cpu(s):  4.7 us,  3.0 sy,  0.0 ni, 91.7 id,  0.0 wa,  0.0 hi,  0.6 si,  0.0 st
%Cpu(s):  5.7 us,  3.4 sy,  0.0 ni, 90.5 id,  0.0 wa,  0.0 hi,  0.4 si,  0.0 st
%Cpu(s):  5.3 us,  3.0 sy,  0.0 ni, 90.9 id,  0.0 wa,  0.0 hi,  0.8 si,  0.0 st
%Cpu(s):  6.2 us,  3.9 sy,  0.0 ni, 89.3 id,  0.0 wa,  0.0 hi,  0.6 si,  0.0 st
%Cpu(s):  5.8 us,  3.6 sy,  0.0 ni, 90.1 id,  0.0 wa,  0.0 hi,  0.4 si,  0.1 st
%Cpu(s):  5.1 us,  3.8 sy,  0.0 ni, 90.1 id,  0.0 wa,  0.0 hi,  1.0 si,  0.0 st
%Cpu(s):  6.6 us,  4.5 sy,  0.0 ni, 88.1 id,  0.0 wa,  0.0 hi,  0.7 si,  0.1 st
%Cpu(s):  5.4 us,  3.9 sy,  0.0 ni, 87.1 id,  3.2 wa,  0.0 hi,  0.4 si,  0.0 st
%Cpu(s):  4.6 us,  3.2 sy,  0.0 ni, 91.4 id,  0.0 wa,  0.0 hi,  0.7 si,  0.0 st
%Cpu(s):  4.7 us,  3.4 sy,  0.0 ni, 91.0 id,  0.0 wa,  0.0 hi,  0.9 si,  0.0 st
%Cpu(s):  3.6 us,  2.7 sy,  0.0 ni, 93.7 id,  0.0 wa,  0.0 hi,  0.1 si,  0.0 st
%Cpu(s):  4.9 us,  3.8 sy,  0.0 ni, 90.6 id,  0.0 wa,  0.0 hi,  0.8 si,  0.0 st
%Cpu(s):  4.4 us,  3.8 sy,  0.0 ni, 91.2 id,  0.1 wa,  0.0 hi,  0.5 si,  0.0 st
%Cpu(s):  5.6 us,  3.5 sy,  0.0 ni, 90.5 id,  0.0 wa,  0.0 hi,  0.4 si,  0.0 st
%Cpu(s):  5.8 us,  3.8 sy,  0.0 ni, 89.5 id,  0.0 wa,  0.0 hi,  0.9 si,  0.1 st
%Cpu(s):  7.3 us,  4.2 sy,  0.0 ni, 87.8 id,  0.0 wa,  0.0 hi,  0.6 si,  0.0 st
%Cpu(s):  4.0 us,  4.2 sy,  0.0 ni, 90.9 id,  0.0 wa,  0.0 hi,  0.9 si,  0.0 st
%Cpu(s):  5.0 us,  3.4 sy,  0.0 ni, 90.7 id,  0.0 wa,  0.0 hi,  0.9 si,  0.0 st
%Cpu(s):  4.9 us,  3.3 sy,  0.0 ni, 90.8 id,  0.0 wa,  0.0 hi,  1.0 si,  0.0 st
%Cpu(s):  5.2 us,  3.0 sy,  0.0 ni, 90.6 id,  0.0 wa,  0.0 hi,  1.0 si,  0.1 st
%Cpu(s):  5.6 us,  2.9 sy,  0.0 ni, 91.0 id,  0.0 wa,  0.0 hi,  0.5 si,  0.0 st
%Cpu(s):  5.5 us,  3.4 sy,  0.0 ni, 89.9 id,  0.0 wa,  0.0 hi,  1.1 si,  0.0 st
%Cpu(s): 17.4 us,  3.7 sy,  0.0 ni, 78.2 id,  0.1 wa,  0.0 hi,  0.6 si,  0.0 st
%Cpu(s): 18.0 us,  3.3 sy,  0.0 ni, 78.1 id,  0.0 wa,  0.0 hi,  0.6 si,  0.0 st
%Cpu(s): 12.4 us,  3.6 sy,  0.0 ni, 83.1 id,  0.0 wa,  0.0 hi,  0.9 si,  0.0 st
%Cpu(s):  8.5 us,  3.6 sy,  0.0 ni, 86.9 id,  0.0 wa,  0.0 hi,  0.9 si,  0.1 st
%Cpu(s):  9.8 us,  4.1 sy,  0.0 ni, 85.6 id,  0.0 wa,  0.0 hi,  0.5 si,  0.0 st
%Cpu(s):  5.3 us,  2.9 sy,  0.0 ni, 91.2 id,  0.0 wa,  0.0 hi,  0.6 si,  0.0 st
%Cpu(s):  5.5 us,  4.4 sy,  0.0 ni, 89.4 id,  0.0 wa,  0.0 hi,  0.7 si,  0.0 st
%Cpu(s):  3.9 us,  3.4 sy,  0.0 ni, 92.2 id,  0.0 wa,  0.0 hi,  0.4 si,  0.1 st
%Cpu(s):  1.2 us,  1.4 sy,  0.0 ni, 97.4 id,  0.0 wa,  0.0 hi,  0.0 si,  0.0 st
%Cpu(s):  1.1 us,  2.3 sy,  0.0 ni, 96.6 id,  0.0 wa,  0.0 hi,  0.0 si,  0.0 st
%Cpu(s):  1.1 us,  2.5 sy,  0.0 ni, 96.4 id,  0.0 wa,  0.0 hi,  0.0 si,  0.0 st
%Cpu(s):  0.9 us,  1.6 sy,  0.0 ni, 97.5 id,  0.0 wa,  0.0 hi,  0.0 si,  0.0 st
%Cpu(s):  1.0 us,  1.1 sy,  0.0 ni, 97.9 id,  0.0 wa,  0.0 hi,  0.0 si,  0.0 st
%Cpu(s):  1.2 us,  0.6 sy,  0.0 ni, 98.1 id,  0.0 wa,  0.0 hi,  0.0 si,  0.0 st
%Cpu(s):  0.7 us,  1.2 sy,  0.0 ni, 98.0 id,  0.0 wa,  0.0 hi,  0.0 si,  0.0 st
%Cpu(s):  1.4 us,  1.6 sy,  0.0 ni, 96.9 id,  0.0 wa,  0.0 hi,  0.1 si,  0.0 st
