%Cpu(s):  2.8 us,  1.8 sy,  0.0 ni, 95.2 id,  0.0 wa,  0.0 hi,  0.2 si,  0.0 st
%Cpu(s):  1.2 us,  0.2 sy,  0.0 ni, 98.5 id,  0.0 wa,  0.0 hi,  0.0 si,  0.0 st
%Cpu(s):  0.7 us,  0.1 sy,  0.0 ni, 99.1 id,  0.0 wa,  0.0 hi,  0.0 si,  0.0 st
%Cpu(s):  0.5 us,  0.1 sy,  0.0 ni, 99.4 id,  0.0 wa,  0.0 hi,  0.0 si,  0.0 st
%Cpu(s): 25.3 us,  2.4 sy,  0.0 ni, 71.8 id,  0.1 wa,  0.0 hi,  0.4 si,  0.0 st
%Cpu(s): 55.2 us,  7.7 sy,  0.0 ni, 35.5 id,  0.0 wa,  0.0 hi,  1.6 si,  0.0 st
%Cpu(s): 52.7 us,  8.0 sy,  0.0 ni, 38.0 id,  0.0 wa,  0.0 hi,  1.2 si,  0.0 st
%Cpu(s): 50.6 us,  6.9 sy,  0.0 ni, 41.2 id,  0.0 wa,  0.0 hi,  1.4 si,  0.0 st
%Cpu(s): 44.4 us,  7.5 sy,  0.0 ni, 46.8 id,  0.0 wa,  0.0 hi,  1.1 si,  0.1 st
%Cpu(s): 32.0 us,  9.3 sy,  0.0 ni, 56.8 id,  0.1 wa,  0.0 hi,  1.9 si,  0.0 st
%Cpu(s): 26.4 us,  8.8 sy,  0.0 ni, 63.4 id,  0.0 wa,  0.0 hi,  1.4 si,  0.0 st
%Cpu(s): 15.6 us,  8.7 sy,  0.0 ni, 73.8 id,  0.0 wa,  0.0 hi,  1.9 si,  0.0 st
%Cpu(s): 15.2 us,  9.0 sy,  0.0 ni, 73.6 id,  0.0 wa,  0.0 hi,  2.1 si,  0.0 st
%Cpu(s): 13.0 us,  8.8 sy,  0.0 ni, 77.0 id,  0.0 wa,  0.0 hi,  1.3 si,  0.0 st
%Cpu(s): 13.2 us,  8.0 sy,  0.0 ni, 76.8 id,  0.0 wa,  0.0 hi,  2.0 si,  0.0 st
%Cpu(s): 12.8 us,  7.8 sy,  0.0 ni, 78.0 id,  0.0 wa,  0.0 hi,  1.4 si,  0.0 st
%Cpu(s): 13.0 us,  7.7 sy,  0.0 ni, 77.7 id,  0.0 wa,  0.0 hi,  1.6 si,  0.0 st
%Cpu(s): 14.0 us,  8.5 sy,  0.0 ni, 76.3 id,  0.0 wa,  0.0 hi,  1.2 si,  0.0 st
%Cpu(s): 24.1 us,  8.0 sy,  0.0 ni, 66.4 id,  0.0 wa,  0.0 hi,  1.5 si,  0.0 st
%Cpu(s): 19.8 us,  8.1 sy,  0.0 ni, 71.3 id,  0.0 wa,  0.0 hi,  0.8 si,  0.0 st
%Cpu(s): 14.6 us,  8.2 sy,  0.0 ni, 75.9 id,  0.0 wa,  0.0 hi,  1.4 si,  0.0 st
%Cpu(s): 12.9 us,  7.1 sy,  0.0 ni, 78.6 id,  0.0 wa,  0.0 hi,  1.3 si,  0.1 st
%Cpu(s): 12.6 us,  7.1 sy,  0.0 ni, 79.0 id,  0.0 wa,  0.0 hi,  1.3 si,  0.0 st
%Cpu(s): 12.5 us,  8.4 sy,  0.0 ni, 77.5 id,  0.0 wa,  0.0 hi,  1.7 si,  0.0 st
%Cpu(s): 13.7 us,  7.7 sy,  0.0 ni, 76.6 id,  0.1 wa,  0.0 hi,  1.9 si,  0.0 st
%Cpu(s): 11.9 us,  7.7 sy,  0.0 ni, 78.9 id,  0.0 wa,  0.0 hi,  1.5 si,  0.0 st
%Cpu(s): 12.5 us,  7.3 sy,  0.0 ni, 78.4 id,  0.0 wa,  0.0 hi,  1.8 si,  0.0 st
%Cpu(s): 11.6 us,  9.1 sy,  0.0 ni, 78.9 id,  0.0 wa,  0.0 hi,  0.4 si,  0.0 st
%Cpu(s): 11.5 us,  9.1 sy,  0.0 ni, 79.5 id,  0.0 wa,  0.0 hi,  0.0 si,  0.0 st
%Cpu(s): 12.8 us,  7.4 sy,  0.0 ni, 79.7 id,  0.0 wa,  0.0 hi,  0.1 si,  0.0 st
%Cpu(s): 12.9 us,  8.2 sy,  0.0 ni, 79.0 id,  0.0 wa,  0.0 hi,  0.0 si,  0.0 st
%Cpu(s): 11.9 us,  8.2 sy,  0.0 ni, 79.5 id,  0.0 wa,  0.0 hi,  0.4 si,  0.0 st
%Cpu(s): 13.3 us,  7.8 sy,  0.0 ni, 78.1 id,  0.0 wa,  0.0 hi,  0.6 si,  0.1 st
%Cpu(s): 12.8 us,  7.8 sy,  0.0 ni, 79.3 id,  0.0 wa,  0.0 hi,  0.0 si,  0.1 st
%Cpu(s): 11.8 us,  7.8 sy,  0.0 ni, 77.9 id,  1.2 wa,  0.0 hi,  1.3 si,  0.0 st
%Cpu(s): 13.2 us,  8.5 sy,  0.0 ni, 77.4 id,  0.0 wa,  0.0 hi,  0.9 si,  0.0 st
%Cpu(s): 11.6 us,  9.3 sy,  0.0 ni, 79.0 id,  0.0 wa,  0.0 hi,  0.1 si,  0.0 st
%Cpu(s): 14.4 us,  7.8 sy,  0.0 ni, 77.7 id,  0.0 wa,  0.0 hi,  0.1 si,  0.0 st
%Cpu(s): 15.4 us,  8.6 sy,  0.0 ni, 74.6 id,  0.0 wa,  0.0 hi,  1.4 si,  0.0 st
%Cpu(s): 20.8 us,  8.7 sy,  0.0 ni, 68.7 id,  0.0 wa,  0.0 hi,  1.7 si,  0.0 st
%Cpu(s): 15.2 us,  9.9 sy,  0.0 ni, 72.8 id,  0.0 wa,  0.0 hi,  2.1 si,  0.0 st
%Cpu(s): 16.6 us,  9.3 sy,  0.0 ni, 72.0 id,  0.0 wa,  0.0 hi,  2.0 si,  0.0 st
%Cpu(s): 16.2 us,  9.1 sy,  0.0 ni, 71.9 id,  0.0 wa,  0.0 hi,  2.8 si,  0.0 st
%Cpu(s): 14.8 us,  9.8 sy,  0.0 ni, 73.1 id,  0.0 wa,  0.0 hi,  2.3 si,  0.0 st
%Cpu(s): 14.9 us,  8.8 sy,  0.0 ni, 74.3 id,  0.1 wa,  0.0 hi,  1.8 si,  0.0 st
%Cpu(s): 20.5 us,  9.9 sy,  0.0 ni, 67.6 id,  0.0 wa,  0.0 hi,  2.0 si,  0.0 st
%Cpu(s): 15.3 us,  9.1 sy,  0.0 ni, 74.0 id,  0.0 wa,  0.0 hi,  1.6 si,  0.0 st
%Cpu(s): 12.9 us,  9.2 sy,  0.0 ni, 76.4 id,  0.0 wa,  0.0 hi,  1.5 si,  0.0 st
%Cpu(s): 13.3 us,  8.5 sy,  0.0 ni, 76.8 id,  0.0 wa,  0.0 hi,  1.3 si,  0.1 st
%Cpu(s): 12.7 us,  8.9 sy,  0.0 ni, 76.9 id,  0.0 wa,  0.0 hi,  1.5 si,  0.0 st
%Cpu(s): 11.4 us,  8.0 sy,  0.0 ni, 79.4 id,  0.0 wa,  0.0 hi,  1.2 si,  0.0 st
%Cpu(s): 11.6 us,  7.7 sy,  0.0 ni, 78.7 id,  0.0 wa,  0.0 hi,  1.9 si,  0.0 st
%Cpu(s): 12.8 us,  9.1 sy,  0.0 ni, 75.9 id,  0.0 wa,  0.0 hi,  2.1 si,  0.0 st
%Cpu(s): 12.8 us,  8.2 sy,  0.0 ni, 78.0 id,  0.0 wa,  0.0 hi,  1.0 si,  0.0 st
%Cpu(s): 14.2 us,  8.1 sy,  0.0 ni, 76.1 id,  0.1 wa,  0.0 hi,  1.5 si,  0.0 st
%Cpu(s): 12.4 us,  8.7 sy,  0.0 ni, 77.1 id,  0.0 wa,  0.0 hi,  1.8 si,  0.0 st
%Cpu(s): 12.7 us,  8.9 sy,  0.0 ni, 76.8 id,  0.0 wa,  0.0 hi,  1.6 si,  0.0 st
%Cpu(s): 14.5 us,  9.0 sy,  0.0 ni, 74.2 id,  0.0 wa,  0.0 hi,  2.2 si,  0.1 st
%Cpu(s): 15.0 us,  9.7 sy,  0.0 ni, 72.8 id,  0.0 wa,  0.0 hi,  2.5 si,  0.0 st
%Cpu(s): 13.2 us,  8.0 sy,  0.0 ni, 77.3 id,  0.1 wa,  0.0 hi,  1.3 si,  0.0 st
%Cpu(s): 15.1 us,  9.0 sy,  0.0 ni, 74.5 id,  0.0 wa,  0.0 hi,  1.4 si,  0.0 st
%Cpu(s): 13.6 us,  8.7 sy,  0.0 ni, 76.0 id,  0.0 wa,  0.0 hi,  1.8 si,  0.0 st
%Cpu(s): 12.8 us,  7.0 sy,  0.0 ni, 79.1 id,  0.0 wa,  0.0 hi,  1.2 si,  0.0 st
%Cpu(s):  5.9 us,  6.3 sy,  0.0 ni, 87.5 id,  0.0 wa,  0.0 hi,  0.3 si,  0.0 st
%Cpu(s):  6.1 us,  6.2 sy,  0.0 ni, 85.3 id,  0.8 wa,  0.0 hi,  1.5 si,  0.1 st
%Cpu(s):  6.7 us,  6.2 sy,  0.0 ni, 85.1 id,  0.0 wa,  0.0 hi,  1.9 si,  0.0 st
%Cpu(s):  7.4 us,  5.4 sy,  0.0 ni, 85.6 id,  0.0 wa,  0.0 hi,  1.6 si,  0.0 st
%Cpu(s):  7.5 us,  6.0 sy,  0.0 ni, 85.3 id,  0.0 wa,  0.0 hi,  1.1 si,  0.0 st
%Cpu(s):  8.5 us,  4.7 sy,  0.0 ni, 85.4 id,  0.0 wa,  0.0 hi,  1.4 si,  0.0 st
%Cpu(s):  6.8 us,  6.5 sy,  0.0 ni, 85.8 id,  0.0 wa,  0.0 hi,  0.9 si,  0.0 st
%Cpu(s):  6.2 us,  6.0 sy,  0.0 ni, 86.5 id,  0.0 wa,  0.0 hi,  1.4 si,  0.0 st
%Cpu(s):  6.5 us,  6.1 sy,  0.0 ni, 86.5 id,  0.0 wa,  0.0 hi,  0.9 si,  0.0 st
%Cpu(s):  7.2 us,  5.8 sy,  0.0 ni, 85.8 id,  0.0 wa,  0.0 hi,  1.1 si,  0.0 st
%Cpu(s):  6.3 us,  5.4 sy,  0.0 ni, 87.0 id,  0.0 wa,  0.0 hi,  1.3 si,  0.0 st
%Cpu(s):  5.7 us,  4.3 sy,  0.0 ni, 89.3 id,  0.0 wa,  0.0 hi,  0.6 si,  0.0 st
%Cpu(s):  3.9 us,  3.9 sy,  0.0 ni, 91.5 id,  0.0 wa,  0.0 hi,  0.8 si,  0.0 st
%Cpu(s):  3.0 us,  2.1 sy,  0.0 ni, 94.5 id,  0.0 wa,  0.0 hi,  0.3 si,  0.1 st
%Cpu(s):  1.6 us,  1.4 sy,  0.0 ni, 96.4 id,  0.0 wa,  0.0 hi,  0.4 si,  0.2 st
%Cpu(s):  2.0 us,  0.7 sy,  0.0 ni, 96.9 id,  0.0 wa,  0.0 hi,  0.2 si,  0.1 st
%Cpu(s):  2.1 us,  1.1 sy,  0.0 ni, 96.4 id,  0.1 wa,  0.0 hi,  0.1 si,  0.1 st
%Cpu(s):  0.6 us,  0.2 sy,  0.0 ni, 99.0 id,  0.0 wa,  0.0 hi,  0.1 si,  0.0 st
%Cpu(s):  0.1 us,  0.1 sy,  0.0 ni, 99.8 id,  0.0 wa,  0.0 hi,  0.0 si,  0.0 st
%Cpu(s):  0.1 us,  0.0 sy,  0.0 ni, 99.9 id,  0.0 wa,  0.0 hi,  0.0 si,  0.0 st
%Cpu(s):  0.4 us,  0.2 sy,  0.0 ni, 99.4 id,  0.0 wa,  0.0 hi,  0.0 si,  0.0 st
