%Cpu(s):  2.8 us,  1.8 sy,  0.0 ni, 95.2 id,  0.0 wa,  0.0 hi,  0.2 si,  0.0 st
%Cpu(s):  0.5 us,  0.1 sy,  0.0 ni, 99.4 id,  0.0 wa,  0.0 hi,  0.0 si,  0.0 st
%Cpu(s):  0.5 us,  0.2 sy,  0.0 ni, 99.3 id,  0.0 wa,  0.0 hi,  0.0 si,  0.0 st
%Cpu(s):  0.6 us,  0.2 sy,  0.0 ni, 99.1 id,  0.0 wa,  0.0 hi,  0.0 si,  0.0 st
%Cpu(s): 18.1 us,  1.5 sy,  0.0 ni, 79.9 id,  0.1 wa,  0.0 hi,  0.2 si,  0.1 st
%Cpu(s): 57.6 us,  8.2 sy,  0.0 ni, 32.6 id,  0.1 wa,  0.0 hi,  1.5 si,  0.0 st
%Cpu(s): 50.3 us,  9.0 sy,  0.0 ni, 39.0 id,  0.0 wa,  0.0 hi,  1.8 si,  0.0 st
%Cpu(s): 49.8 us,  7.4 sy,  0.0 ni, 41.6 id,  0.0 wa,  0.0 hi,  1.1 si,  0.1 st
%Cpu(s): 46.4 us,  9.6 sy,  0.0 ni, 42.6 id,  0.0 wa,  0.0 hi,  1.2 si,  0.1 st
%Cpu(s): 25.5 us,  8.3 sy,  0.0 ni, 64.9 id,  0.0 wa,  0.0 hi,  1.3 si,  0.0 st
%Cpu(s): 15.6 us,  8.1 sy,  0.0 ni, 74.4 id,  0.1 wa,  0.0 hi,  1.8 si,  0.0 st
%Cpu(s): 15.4 us,  8.0 sy,  0.0 ni, 75.0 id,  0.0 wa,  0.0 hi,  1.6 si,  0.0 st
%Cpu(s): 13.7 us,  9.6 sy,  0.0 ni, 74.6 id,  0.0 wa,  0.0 hi,  2.1 si,  0.0 st
%Cpu(s): 15.0 us,  7.5 sy,  0.0 ni, 75.5 id,  0.0 wa,  0.0 hi,  2.0 si,  0.0 st
%Cpu(s): 13.9 us,  8.7 sy,  0.0 ni, 75.6 id,  0.0 wa,  0.0 hi,  1.7 si,  0.1 st
%Cpu(s): 40.1 us,  9.1 sy,  0.0 ni, 49.0 id,  0.1 wa,  0.0 hi,  1.6 si,  0.0 st
%Cpu(s): 19.4 us,  8.5 sy,  0.0 ni, 70.7 id,  0.0 wa,  0.0 hi,  1.4 si,  0.0 st
%Cpu(s): 28.5 us,  9.8 sy,  0.0 ni, 59.5 id,  0.0 wa,  0.0 hi,  2.2 si,  0.0 st
%Cpu(s): 21.3 us,  8.3 sy,  0.0 ni, 70.3 id,  0.0 wa,  0.0 hi,  0.1 si,  0.0 st
%Cpu(s): 11.9 us, 10.0 sy,  0.0 ni, 77.9 id,  0.0 wa,  0.0 hi,  0.3 si,  0.0 st
%Cpu(s): 14.8 us,  9.6 sy,  0.0 ni, 73.6 id,  0.1 wa,  0.0 hi,  1.8 si,  0.0 st
%Cpu(s): 12.5 us,  9.2 sy,  0.0 ni, 77.1 id,  0.0 wa,  0.0 hi,  1.2 si,  0.0 st
%Cpu(s): 14.0 us, 10.6 sy,  0.0 ni, 75.2 id,  0.0 wa,  0.0 hi,  0.3 si,  0.0 st
%Cpu(s): 12.8 us, 10.2 sy,  0.0 ni, 76.8 id,  0.0 wa,  0.0 hi,  0.1 si,  0.0 st
%Cpu(s): 14.5 us,  9.0 sy,  0.0 ni, 75.5 id,  0.0 wa,  0.0 hi,  1.0 si,  0.0 st
%Cpu(s): 14.5 us,  8.5 sy,  0.0 ni, 76.9 id,  0.0 wa,  0.0 hi,  0.1 si,  0.0 st
%Cpu(s): 16.1 us,  9.8 sy,  0.0 ni, 73.9 id,  0.0 wa,  0.0 hi,  0.3 si,  0.0 st
%Cpu(s): 16.4 us,  9.7 sy,  0.0 ni, 71.5 id,  1.3 wa,  0.0 hi,  1.2 si,  0.0 st
%Cpu(s): 16.7 us,  9.9 sy,  0.0 ni, 71.8 id,  0.0 wa,  0.0 hi,  1.5 si,  0.0 st
%Cpu(s): 15.2 us,  9.6 sy,  0.0 ni, 72.8 id,  0.0 wa,  0.0 hi,  2.4 si,  0.0 st
%Cpu(s): 15.1 us,  9.8 sy,  0.0 ni, 73.0 id,  0.1 wa,  0.0 hi,  1.8 si,  0.1 st
%Cpu(s): 15.8 us,  8.6 sy,  0.0 ni, 73.3 id,  0.0 wa,  0.0 hi,  2.2 si,  0.0 st
%Cpu(s): 14.1 us,  8.9 sy,  0.0 ni, 75.1 id,  0.0 wa,  0.0 hi,  1.9 si,  0.0 st
%Cpu(s): 13.6 us,  7.7 sy,  0.0 ni, 78.5 id,  0.0 wa,  0.0 hi,  0.3 si,  0.0 st
%Cpu(s): 15.4 us,  9.1 sy,  0.0 ni, 73.7 id,  0.0 wa,  0.0 hi,  1.8 si,  0.0 st
%Cpu(s): 15.0 us, 10.0 sy,  0.0 ni, 74.8 id,  0.1 wa,  0.0 hi,  0.1 si,  0.0 st
%Cpu(s): 16.8 us,  7.6 sy,  0.0 ni, 75.4 id,  0.0 wa,  0.0 hi,  0.0 si,  0.1 st
%Cpu(s): 16.5 us,  8.9 sy,  0.0 ni, 73.5 id,  0.0 wa,  0.0 hi,  1.1 si,  0.0 st
%Cpu(s): 13.9 us,  8.6 sy,  0.0 ni, 75.5 id,  0.0 wa,  0.0 hi,  1.9 si,  0.0 st
%Cpu(s): 15.3 us,  9.9 sy,  0.0 ni, 73.1 id,  0.0 wa,  0.0 hi,  1.6 si,  0.0 st
%Cpu(s): 14.7 us, 10.2 sy,  0.0 ni, 73.5 id,  0.1 wa,  0.0 hi,  1.5 si,  0.0 st
%Cpu(s): 14.0 us,  8.8 sy,  0.0 ni, 75.6 id,  0.0 wa,  0.0 hi,  1.6 si,  0.0 st
%Cpu(s): 13.0 us,  9.4 sy,  0.0 ni, 76.0 id,  0.0 wa,  0.0 hi,  1.7 si,  0.0 st
%Cpu(s): 16.3 us, 10.7 sy,  0.0 ni, 71.8 id,  0.0 wa,  0.0 hi,  1.2 si,  0.0 st
%Cpu(s): 15.3 us,  8.2 sy,  0.0 ni, 74.0 id,  0.0 wa,  0.0 hi,  2.4 si,  0.0 st
%Cpu(s): 28.3 us,  9.1 sy,  0.0 ni, 60.7 id,  0.0 wa,  0.0 hi,  1.9 si,  0.0 st
%Cpu(s): 16.5 us,  8.4 sy,  0.0 ni, 73.1 id,  0.0 wa,  0.0 hi,  1.8 si,  0.1 st
%Cpu(s): 15.2 us, 10.0 sy,  0.0 ni, 74.7 id,  0.0 wa,  0.0 hi,  0.1 si,  0.0 st
%Cpu(s): 19.5 us,  8.7 sy,  0.0 ni, 71.7 id,  0.0 wa,  0.0 hi,  0.1 si,  0.0 st
%Cpu(s): 15.7 us,  9.2 sy,  0.0 ni, 73.4 id,  0.0 wa,  0.0 hi,  1.8 si,  0.0 st
%Cpu(s): 15.9 us,  9.0 sy,  0.0 ni, 72.9 id,  0.3 wa,  0.0 hi,  1.9 si,  0.0 st
%Cpu(s): 13.7 us,  9.7 sy,  0.0 ni, 74.3 id,  0.0 wa,  0.0 hi,  2.2 si,  0.0 st
%Cpu(s): 14.9 us,  9.5 sy,  0.0 ni, 75.7 id,  0.0 wa,  0.0 hi,  0.0 si,  0.0 st
%Cpu(s): 14.4 us, 10.1 sy,  0.0 ni, 74.3 id,  0.0 wa,  0.0 hi,  1.1 si,  0.0 st
%Cpu(s): 14.5 us,  9.9 sy,  0.0 ni, 74.3 id,  0.0 wa,  0.0 hi,  1.3 si,  0.0 st
%Cpu(s): 14.6 us, 10.6 sy,  0.0 ni, 72.6 id,  0.1 wa,  0.0 hi,  2.0 si,  0.0 st
%Cpu(s): 14.5 us,  9.6 sy,  0.0 ni, 74.0 id,  0.0 wa,  0.0 hi,  1.9 si,  0.0 st
%Cpu(s): 15.2 us,  9.5 sy,  0.0 ni, 73.1 id,  1.7 wa,  0.0 hi,  0.3 si,  0.3 st
%Cpu(s): 14.9 us,  9.1 sy,  0.0 ni, 75.8 id,  0.0 wa,  0.0 hi,  0.1 si,  0.0 st
%Cpu(s): 15.9 us,  9.8 sy,  0.0 ni, 72.7 id,  0.1 wa,  0.0 hi,  1.5 si,  0.0 st
%Cpu(s): 13.5 us,  9.3 sy,  0.0 ni, 75.2 id,  0.0 wa,  0.0 hi,  1.9 si,  0.0 st
%Cpu(s): 16.1 us, 10.3 sy,  0.0 ni, 73.3 id,  0.0 wa,  0.0 hi,  0.1 si,  0.1 st
%Cpu(s):  9.2 us,  5.9 sy,  0.0 ni, 84.7 id,  0.0 wa,  0.0 hi,  0.1 si,  0.0 st
%Cpu(s):  6.4 us,  6.7 sy,  0.0 ni, 86.7 id,  0.0 wa,  0.0 hi,  0.1 si,  0.0 st
%Cpu(s):  7.1 us,  6.2 sy,  0.0 ni, 86.7 id,  0.0 wa,  0.0 hi,  0.0 si,  0.0 st
%Cpu(s):  7.8 us,  5.1 sy,  0.0 ni, 87.0 id,  0.0 wa,  0.0 hi,  0.1 si,  0.0 st
%Cpu(s):  6.8 us,  5.9 sy,  0.0 ni, 87.2 id,  0.0 wa,  0.0 hi,  0.1 si,  0.0 st
%Cpu(s):  6.7 us,  5.7 sy,  0.0 ni, 87.3 id,  0.0 wa,  0.0 hi,  0.3 si,  0.0 st
%Cpu(s):  6.5 us,  5.6 sy,  0.0 ni, 87.7 id,  0.0 wa,  0.0 hi,  0.3 si,  0.0 st
%Cpu(s):  5.3 us,  5.6 sy,  0.0 ni, 89.1 id,  0.0 wa,  0.0 hi,  0.0 si,  0.0 st
%Cpu(s):  5.7 us,  4.7 sy,  0.0 ni, 89.5 id,  0.0 wa,  0.0 hi,  0.1 si,  0.0 st
%Cpu(s):  4.9 us,  4.7 sy,  0.0 ni, 90.2 id,  0.0 wa,  0.0 hi,  0.1 si,  0.0 st
%Cpu(s):  4.9 us,  4.9 sy,  0.0 ni, 90.1 id,  0.0 wa,  0.0 hi,  0.0 si,  0.0 st
%Cpu(s):  5.8 us,  4.2 sy,  0.0 ni, 89.8 id,  0.0 wa,  0.0 hi,  0.1 si,  0.0 st
%Cpu(s):  4.6 us,  3.6 sy,  0.0 ni, 91.6 id,  0.1 wa,  0.0 hi,  0.1 si,  0.0 st
%Cpu(s):  3.8 us,  3.4 sy,  0.0 ni, 92.8 id,  0.0 wa,  0.0 hi,  0.0 si,  0.0 st
%Cpu(s):  4.0 us,  2.0 sy,  0.0 ni, 93.7 id,  0.0 wa,  0.0 hi,  0.0 si,  0.3 st
%Cpu(s):  2.2 us,  1.1 sy,  0.0 ni, 96.6 id,  0.0 wa,  0.0 hi,  0.0 si,  0.0 st
%Cpu(s):  1.6 us,  1.2 sy,  0.0 ni, 97.0 id,  0.0 wa,  0.0 hi,  0.0 si,  0.1 st
%Cpu(s):  1.6 us,  0.9 sy,  0.0 ni, 97.4 id,  0.0 wa,  0.0 hi,  0.0 si,  0.1 st
%Cpu(s):  0.2 us,  0.1 sy,  0.0 ni, 99.6 id,  0.0 wa,  0.0 hi,  0.0 si,  0.0 st
%Cpu(s):  0.2 us,  0.2 sy,  0.0 ni, 99.5 id,  0.0 wa,  0.0 hi,  0.0 si,  0.0 st
%Cpu(s):  0.1 us,  0.1 sy,  0.0 ni, 99.8 id,  0.0 wa,  0.0 hi,  0.0 si,  0.0 st
%Cpu(s):  0.4 us,  0.1 sy,  0.0 ni, 99.5 id,  0.0 wa,  0.0 hi,  0.0 si,  0.0 st
