%Cpu(s):  1.6 us,  0.7 sy,  0.0 ni, 97.6 id,  0.0 wa,  0.0 hi,  0.1 si,  0.0 st
%Cpu(s): 24.7 us,  0.9 sy,  0.0 ni, 74.3 id,  0.0 wa,  0.0 hi,  0.0 si,  0.1 st
%Cpu(s):  0.5 us,  0.1 sy,  0.0 ni, 99.3 id,  0.0 wa,  0.0 hi,  0.1 si,  0.0 st
%Cpu(s):  0.1 us,  0.0 sy,  0.0 ni, 99.9 id,  0.0 wa,  0.0 hi,  0.0 si,  0.0 st
%Cpu(s): 25.1 us,  2.1 sy,  0.0 ni, 72.6 id,  0.0 wa,  0.0 hi,  0.0 si,  0.1 st
%Cpu(s): 49.0 us,  2.5 sy,  0.0 ni, 48.5 id,  0.0 wa,  0.0 hi,  0.0 si,  0.0 st
%Cpu(s): 71.7 us,  2.0 sy,  0.0 ni, 26.3 id,  0.0 wa,  0.0 hi,  0.0 si,  0.0 st
%Cpu(s): 67.4 us,  1.5 sy,  0.0 ni, 31.0 id,  0.0 wa,  0.0 hi,  0.0 si,  0.1 st
%Cpu(s):  8.3 us,  1.0 sy,  0.0 ni, 90.6 id,  0.0 wa,  0.0 hi,  0.0 si,  0.1 st
%Cpu(s):  1.4 us,  1.7 sy,  0.0 ni, 96.8 id,  0.1 wa,  0.0 hi,  0.0 si,  0.0 st
%Cpu(s):  2.0 us,  1.1 sy,  0.0 ni, 96.9 id,  0.0 wa,  0.0 hi,  0.0 si,  0.0 st
%Cpu(s):  2.1 us,  1.0 sy,  0.0 ni, 96.8 id,  0.0 wa,  0.0 hi,  0.1 si,  0.0 st
%Cpu(s):  1.4 us,  1.6 sy,  0.0 ni, 96.9 id,  0.0 wa,  0.0 hi,  0.0 si,  0.1 st
%Cpu(s):  1.4 us,  1.1 sy,  0.0 ni, 97.5 id,  0.0 wa,  0.0 hi,  0.0 si,  0.0 st
%Cpu(s):  1.0 us,  2.0 sy,  0.0 ni, 96.9 id,  0.0 wa,  0.0 hi,  0.0 si,  0.1 st
%Cpu(s):  5.0 us,  1.2 sy,  0.0 ni, 93.8 id,  0.0 wa,  0.0 hi,  0.0 si,  0.0 st
%Cpu(s):  2.9 us,  1.7 sy,  0.0 ni, 95.4 id,  0.0 wa,  0.0 hi,  0.0 si,  0.0 st
%Cpu(s):  3.8 us,  1.8 sy,  0.0 ni, 94.5 id,  0.0 wa,  0.0 hi,  0.0 si,  0.0 st
%Cpu(s): 42.2 us,  3.1 sy,  0.0 ni, 54.1 id,  0.0 wa,  0.0 hi,  0.6 si,  0.0 st
%Cpu(s): 42.8 us,  2.9 sy,  0.0 ni, 53.2 id,  0.0 wa,  0.0 hi,  1.0 si,  0.1 st
%Cpu(s): 19.6 us,  1.8 sy,  0.0 ni, 78.0 id,  0.0 wa,  0.0 hi,  0.5 si,  0.1 st
%Cpu(s):  9.2 us,  2.5 sy,  0.0 ni, 87.9 id,  0.0 wa,  0.0 hi,  0.4 si,  0.0 st
%Cpu(s): 10.0 us,  3.3 sy,  0.0 ni, 86.3 id,  0.0 wa,  0.0 hi,  0.4 si,  0.0 st
%Cpu(s):  3.9 us,  2.3 sy,  0.0 ni, 93.0 id,  0.0 wa,  0.0 hi,  0.8 si,  0.0 st
%Cpu(s):  8.4 us,  3.0 sy,  0.0 ni, 87.7 id,  0.0 wa,  0.0 hi,  0.8 si,  0.1 st
%Cpu(s):  7.7 us,  3.2 sy,  0.0 ni, 88.5 id,  0.0 wa,  0.0 hi,  0.5 si,  0.0 st
%Cpu(s):  4.7 us,  2.5 sy,  0.0 ni, 92.2 id,  0.0 wa,  0.0 hi,  0.6 si,  0.0 st
%Cpu(s):  5.6 us,  3.0 sy,  0.0 ni, 90.9 id,  0.0 wa,  0.0 hi,  0.5 si,  0.0 st
%Cpu(s):  6.6 us,  3.8 sy,  0.0 ni, 89.2 id,  0.1 wa,  0.0 hi,  0.3 si,  0.0 st
%Cpu(s):  5.1 us,  2.7 sy,  0.0 ni, 91.7 id,  0.0 wa,  0.0 hi,  0.6 si,  0.0 st
%Cpu(s):  4.3 us,  3.4 sy,  0.0 ni, 91.9 id,  0.0 wa,  0.0 hi,  0.3 si,  0.1 st
%Cpu(s):  4.6 us,  3.2 sy,  0.0 ni, 91.7 id,  0.0 wa,  0.0 hi,  0.5 si,  0.0 st
%Cpu(s):  5.5 us,  3.3 sy,  0.0 ni, 90.7 id,  0.0 wa,  0.0 hi,  0.5 si,  0.0 st
%Cpu(s):  3.7 us,  3.4 sy,  0.0 ni, 92.6 id,  0.0 wa,  0.0 hi,  0.3 si,  0.1 st
%Cpu(s):  3.8 us,  2.3 sy,  0.0 ni, 93.6 id,  0.0 wa,  0.0 hi,  0.4 si,  0.0 st
%Cpu(s):  4.9 us,  3.3 sy,  0.0 ni, 91.6 id,  0.0 wa,  0.0 hi,  0.3 si,  0.0 st
%Cpu(s):  5.1 us,  3.8 sy,  0.0 ni, 90.7 id,  0.0 wa,  0.0 hi,  0.4 si,  0.0 st
%Cpu(s):  5.1 us,  2.8 sy,  0.0 ni, 91.6 id,  0.0 wa,  0.0 hi,  0.4 si,  0.1 st
%Cpu(s):  5.3 us,  3.2 sy,  0.0 ni, 91.1 id,  0.0 wa,  0.0 hi,  0.4 si,  0.0 st
%Cpu(s):  4.8 us,  2.7 sy,  0.0 ni, 92.0 id,  0.0 wa,  0.0 hi,  0.5 si,  0.0 st
%Cpu(s):  4.5 us,  3.1 sy,  0.0 ni, 91.8 id,  0.0 wa,  0.0 hi,  0.5 si,  0.0 st
%Cpu(s):  7.0 us,  4.4 sy,  0.0 ni, 88.2 id,  0.0 wa,  0.0 hi,  0.5 si,  0.0 st
%Cpu(s): 16.8 us,  4.4 sy,  0.0 ni, 78.5 id,  0.0 wa,  0.0 hi,  0.4 si,  0.0 st
%Cpu(s): 16.9 us,  4.4 sy,  0.0 ni, 77.6 id,  0.1 wa,  0.0 hi,  0.9 si,  0.1 st
%Cpu(s): 11.4 us,  3.5 sy,  0.0 ni, 84.3 id,  0.0 wa,  0.0 hi,  0.8 si,  0.0 st
%Cpu(s):  3.9 us,  3.3 sy,  0.0 ni, 91.6 id,  0.0 wa,  0.0 hi,  1.1 si,  0.0 st
%Cpu(s):  5.0 us,  2.8 sy,  0.0 ni, 91.4 id,  0.0 wa,  0.0 hi,  0.6 si,  0.1 st
%Cpu(s):  3.7 us,  2.9 sy,  0.0 ni, 93.1 id,  0.0 wa,  0.0 hi,  0.4 si,  0.0 st
%Cpu(s):  4.1 us,  2.8 sy,  0.0 ni, 92.7 id,  0.0 wa,  0.0 hi,  0.4 si,  0.0 st
%Cpu(s):  8.0 us,  2.9 sy,  0.0 ni, 88.7 id,  0.0 wa,  0.0 hi,  0.4 si,  0.0 st
%Cpu(s):  4.1 us,  3.2 sy,  0.0 ni, 92.4 id,  0.0 wa,  0.0 hi,  0.3 si,  0.1 st
%Cpu(s):  4.1 us,  3.4 sy,  0.0 ni, 91.9 id,  0.0 wa,  0.0 hi,  0.5 si,  0.1 st
%Cpu(s):  3.9 us,  2.9 sy,  0.0 ni, 92.7 id,  0.0 wa,  0.0 hi,  0.5 si,  0.0 st
%Cpu(s):  4.7 us,  3.1 sy,  0.0 ni, 91.4 id,  0.1 wa,  0.0 hi,  0.6 si,  0.0 st
%Cpu(s):  4.4 us,  3.0 sy,  0.0 ni, 91.9 id,  0.0 wa,  0.0 hi,  0.6 si,  0.0 st
%Cpu(s):  4.2 us,  3.7 sy,  0.0 ni, 91.5 id,  0.0 wa,  0.0 hi,  0.6 si,  0.0 st
%Cpu(s):  4.8 us,  2.9 sy,  0.0 ni, 91.7 id,  0.0 wa,  0.0 hi,  0.6 si,  0.0 st
%Cpu(s):  3.5 us,  2.4 sy,  0.0 ni, 93.3 id,  0.0 wa,  0.0 hi,  0.8 si,  0.0 st
%Cpu(s): 11.1 us,  2.5 sy,  0.0 ni, 85.5 id,  0.0 wa,  0.0 hi,  0.9 si,  0.0 st
%Cpu(s):  4.5 us,  3.9 sy,  0.0 ni, 91.1 id,  0.0 wa,  0.0 hi,  0.5 si,  0.0 st
%Cpu(s):  4.6 us,  2.8 sy,  0.0 ni, 92.1 id,  0.0 wa,  0.0 hi,  0.5 si,  0.0 st
%Cpu(s):  5.0 us,  3.8 sy,  0.0 ni, 90.3 id,  0.0 wa,  0.0 hi,  0.9 si,  0.0 st
%Cpu(s):  6.0 us,  3.5 sy,  0.0 ni, 89.7 id,  0.0 wa,  0.0 hi,  0.6 si,  0.1 st
%Cpu(s):  5.6 us,  4.0 sy,  0.0 ni, 89.6 id,  0.0 wa,  0.0 hi,  0.6 si,  0.1 st
%Cpu(s):  7.1 us,  4.0 sy,  0.0 ni, 88.3 id,  0.0 wa,  0.0 hi,  0.6 si,  0.0 st
%Cpu(s):  6.1 us,  3.2 sy,  0.0 ni, 90.0 id,  0.0 wa,  0.0 hi,  0.6 si,  0.0 st
%Cpu(s):  5.5 us,  4.3 sy,  0.0 ni, 89.6 id,  0.0 wa,  0.0 hi,  0.6 si,  0.0 st
%Cpu(s): 17.9 us,  4.9 sy,  0.0 ni, 76.5 id,  0.0 wa,  0.0 hi,  0.7 si,  0.0 st
%Cpu(s): 31.3 us,  3.8 sy,  0.0 ni, 63.9 id,  0.0 wa,  0.0 hi,  1.0 si,  0.0 st
%Cpu(s): 14.2 us,  4.2 sy,  0.0 ni, 80.7 id,  0.0 wa,  0.0 hi,  0.9 si,  0.0 st
