%Cpu(s):  2.8 us,  1.8 sy,  0.0 ni, 95.1 id,  0.0 wa,  0.0 hi,  0.2 si,  0.0 st
%Cpu(s):  0.2 us,  0.1 sy,  0.0 ni, 99.6 id,  0.0 wa,  0.0 hi,  0.0 si,  0.0 st
%Cpu(s):  0.7 us,  0.1 sy,  0.0 ni, 99.1 id,  0.0 wa,  0.0 hi,  0.0 si,  0.0 st
%Cpu(s):  0.2 us,  0.1 sy,  0.0 ni, 99.5 id,  0.0 wa,  0.0 hi,  0.0 si,  0.1 st
%Cpu(s): 20.4 us,  2.5 sy,  0.0 ni, 76.8 id,  0.1 wa,  0.0 hi,  0.1 si,  0.0 st
%Cpu(s): 60.0 us,  9.0 sy,  0.0 ni, 29.4 id,  0.0 wa,  0.0 hi,  1.5 si,  0.0 st
%Cpu(s): 65.7 us, 12.2 sy,  0.0 ni, 19.7 id,  0.0 wa,  0.0 hi,  2.4 si,  0.0 st
%Cpu(s): 57.4 us, 13.1 sy,  0.0 ni, 27.4 id,  0.0 wa,  0.0 hi,  2.1 si,  0.0 st
%Cpu(s): 57.0 us, 12.6 sy,  0.0 ni, 27.9 id,  0.0 wa,  0.0 hi,  2.5 si,  0.0 st
%Cpu(s): 51.4 us, 12.1 sy,  0.0 ni, 34.9 id,  0.1 wa,  0.0 hi,  1.5 si,  0.0 st
%Cpu(s): 30.8 us, 12.8 sy,  0.0 ni, 55.1 id,  0.0 wa,  0.0 hi,  1.3 si,  0.0 st
%Cpu(s): 27.6 us, 12.9 sy,  0.0 ni, 57.5 id,  0.0 wa,  0.0 hi,  2.0 si,  0.0 st
%Cpu(s): 18.7 us, 13.8 sy,  0.0 ni, 64.8 id,  0.0 wa,  0.0 hi,  2.7 si,  0.0 st
%Cpu(s): 21.0 us, 13.2 sy,  0.0 ni, 63.2 id,  0.0 wa,  0.0 hi,  2.7 si,  0.0 st
%Cpu(s): 22.2 us, 13.5 sy,  0.0 ni, 61.9 id,  0.1 wa,  0.0 hi,  2.3 si,  0.0 st
%Cpu(s): 22.5 us, 14.3 sy,  0.0 ni, 62.5 id,  0.0 wa,  0.0 hi,  0.6 si,  0.0 st
%Cpu(s): 21.7 us, 14.0 sy,  0.0 ni, 64.3 id,  0.0 wa,  0.0 hi,  0.0 si,  0.0 st
%Cpu(s): 21.5 us, 14.8 sy,  0.0 ni, 63.7 id,  0.0 wa,  0.0 hi,  0.0 si,  0.0 st
%Cpu(s): 22.4 us, 14.4 sy,  0.0 ni, 63.0 id,  0.0 wa,  0.0 hi,  0.1 si,  0.0 st
%Cpu(s): 23.2 us, 13.9 sy,  0.0 ni, 62.8 id,  0.0 wa,  0.0 hi,  0.1 si,  0.0 st
%Cpu(s): 23.2 us, 14.2 sy,  0.0 ni, 61.9 id,  0.0 wa,  0.0 hi,  0.6 si,  0.0 st
%Cpu(s): 22.5 us, 13.1 sy,  0.0 ni, 61.8 id,  0.0 wa,  0.0 hi,  2.5 si,  0.0 st
%Cpu(s): 19.6 us, 13.3 sy,  0.0 ni, 64.4 id,  0.0 wa,  0.0 hi,  2.7 si,  0.0 st
%Cpu(s): 19.0 us, 15.4 sy,  0.0 ni, 63.1 id,  0.0 wa,  0.0 hi,  2.5 si,  0.0 st
%Cpu(s): 20.2 us, 15.0 sy,  0.0 ni, 62.2 id,  0.0 wa,  0.0 hi,  2.5 si,  0.0 st
%Cpu(s): 22.4 us, 13.9 sy,  0.0 ni, 61.5 id,  0.0 wa,  0.0 hi,  2.2 si,  0.0 st
%Cpu(s): 22.2 us, 14.7 sy,  0.0 ni, 60.1 id,  0.0 wa,  0.0 hi,  2.9 si,  0.0 st
%Cpu(s): 21.8 us, 13.5 sy,  0.0 ni, 61.7 id,  0.0 wa,  0.0 hi,  3.0 si,  0.0 st
%Cpu(s): 22.7 us, 13.9 sy,  0.0 ni, 62.7 id,  0.0 wa,  0.0 hi,  0.8 si,  0.0 st
%Cpu(s): 21.4 us, 13.9 sy,  0.0 ni, 61.0 id,  0.1 wa,  0.0 hi,  3.5 si,  0.0 st
%Cpu(s): 21.6 us, 14.7 sy,  0.0 ni, 61.7 id,  0.0 wa,  0.0 hi,  2.1 si,  0.0 st
%Cpu(s): 22.4 us, 13.8 sy,  0.0 ni, 62.6 id,  0.0 wa,  0.0 hi,  1.2 si,  0.0 st
%Cpu(s): 23.0 us, 14.3 sy,  0.0 ni, 61.9 id,  0.0 wa,  0.0 hi,  0.8 si,  0.0 st
%Cpu(s): 21.0 us, 14.6 sy,  0.0 ni, 62.9 id,  0.0 wa,  0.0 hi,  1.5 si,  0.0 st
%Cpu(s): 23.4 us, 13.8 sy,  0.0 ni, 60.4 id,  0.0 wa,  0.0 hi,  2.4 si,  0.0 st
%Cpu(s): 22.8 us, 14.6 sy,  0.0 ni, 60.2 id,  0.0 wa,  0.0 hi,  2.4 si,  0.0 st
%Cpu(s): 24.1 us, 12.2 sy,  0.0 ni, 58.6 id,  1.9 wa,  0.0 hi,  3.2 si,  0.0 st
%Cpu(s): 20.1 us, 15.2 sy,  0.0 ni, 58.8 id,  2.8 wa,  0.0 hi,  3.0 si,  0.1 st
%Cpu(s): 21.9 us, 14.0 sy,  0.0 ni, 60.8 id,  0.0 wa,  0.0 hi,  3.3 si,  0.0 st
%Cpu(s): 27.2 us, 13.7 sy,  0.0 ni, 56.3 id,  0.0 wa,  0.0 hi,  2.8 si,  0.0 st
%Cpu(s): 19.9 us, 14.6 sy,  0.0 ni, 62.8 id,  0.0 wa,  0.0 hi,  2.6 si,  0.1 st
%Cpu(s): 22.8 us, 15.2 sy,  0.0 ni, 59.6 id,  0.0 wa,  0.0 hi,  2.4 si,  0.0 st
%Cpu(s): 22.1 us, 15.6 sy,  0.0 ni, 59.3 id,  0.0 wa,  0.0 hi,  3.0 si,  0.0 st
%Cpu(s): 22.8 us, 14.4 sy,  0.0 ni, 59.9 id,  0.0 wa,  0.0 hi,  2.9 si,  0.0 st
%Cpu(s): 23.4 us, 14.9 sy,  0.0 ni, 60.7 id,  0.3 wa,  0.0 hi,  0.8 si,  0.0 st
%Cpu(s): 29.6 us, 14.7 sy,  0.0 ni, 54.4 id,  0.0 wa,  0.0 hi,  1.3 si,  0.0 st
%Cpu(s): 20.9 us, 14.8 sy,  0.0 ni, 61.8 id,  0.0 wa,  0.0 hi,  2.4 si,  0.0 st
%Cpu(s): 18.3 us, 13.6 sy,  0.0 ni, 65.7 id,  0.0 wa,  0.0 hi,  2.5 si,  0.0 st
%Cpu(s): 19.9 us, 13.9 sy,  0.0 ni, 62.9 id,  0.0 wa,  0.0 hi,  3.2 si,  0.0 st
%Cpu(s): 23.0 us, 13.7 sy,  0.0 ni, 60.7 id,  0.0 wa,  0.0 hi,  2.6 si,  0.0 st
%Cpu(s): 22.4 us, 13.8 sy,  0.0 ni, 61.1 id,  0.0 wa,  0.0 hi,  2.6 si,  0.0 st
%Cpu(s): 21.0 us, 13.4 sy,  0.0 ni, 62.9 id,  0.0 wa,  0.0 hi,  2.7 si,  0.0 st
%Cpu(s): 19.6 us, 14.7 sy,  0.0 ni, 62.6 id,  0.0 wa,  0.0 hi,  3.1 si,  0.0 st
%Cpu(s): 21.9 us, 13.5 sy,  0.0 ni, 61.5 id,  0.0 wa,  0.0 hi,  3.1 si,  0.0 st
%Cpu(s): 21.0 us, 13.9 sy,  0.0 ni, 62.2 id,  0.0 wa,  0.0 hi,  2.8 si,  0.0 st
%Cpu(s): 20.3 us, 13.7 sy,  0.0 ni, 63.3 id,  0.0 wa,  0.0 hi,  2.7 si,  0.0 st
%Cpu(s): 19.4 us, 14.8 sy,  0.0 ni, 62.4 id,  0.0 wa,  0.0 hi,  3.4 si,  0.0 st
%Cpu(s): 21.1 us, 13.1 sy,  0.0 ni, 62.8 id,  0.0 wa,  0.0 hi,  2.9 si,  0.0 st
%Cpu(s): 19.0 us, 13.8 sy,  0.0 ni, 64.2 id,  0.0 wa,  0.0 hi,  2.9 si,  0.0 st
%Cpu(s): 20.2 us, 13.5 sy,  0.0 ni, 63.6 id,  0.1 wa,  0.0 hi,  2.6 si,  0.0 st
%Cpu(s): 21.8 us, 14.1 sy,  0.0 ni, 61.0 id,  0.0 wa,  0.0 hi,  3.0 si,  0.0 st
%Cpu(s): 22.6 us, 13.4 sy,  0.0 ni, 61.6 id,  0.0 wa,  0.0 hi,  2.4 si,  0.0 st
%Cpu(s): 12.3 us,  8.5 sy,  0.0 ni, 78.0 id,  0.0 wa,  0.0 hi,  1.1 si,  0.0 st
%Cpu(s):  6.4 us,  5.9 sy,  0.0 ni, 87.7 id,  0.0 wa,  0.0 hi,  0.0 si,  0.0 st
%Cpu(s):  6.5 us,  6.8 sy,  0.0 ni, 86.3 id,  0.0 wa,  0.0 hi,  0.3 si,  0.1 st
%Cpu(s):  7.0 us,  6.2 sy,  0.0 ni, 86.7 id,  0.0 wa,  0.0 hi,  0.1 si,  0.0 st
%Cpu(s):  6.8 us,  5.5 sy,  0.0 ni, 87.4 id,  0.0 wa,  0.0 hi,  0.3 si,  0.0 st
%Cpu(s):  5.6 us,  6.8 sy,  0.0 ni, 83.6 id,  3.6 wa,  0.0 hi,  0.4 si,  0.0 st
%Cpu(s):  6.3 us,  5.4 sy,  0.0 ni, 88.2 id,  0.0 wa,  0.0 hi,  0.0 si,  0.0 st
%Cpu(s):  6.1 us,  6.3 sy,  0.0 ni, 87.3 id,  0.1 wa,  0.0 hi,  0.1 si,  0.0 st
%Cpu(s):  5.6 us,  4.8 sy,  0.0 ni, 89.5 id,  0.0 wa,  0.0 hi,  0.1 si,  0.0 st
%Cpu(s):  5.5 us,  5.1 sy,  0.0 ni, 89.4 id,  0.0 wa,  0.0 hi,  0.0 si,  0.0 st
%Cpu(s):  6.0 us,  5.2 sy,  0.0 ni, 88.7 id,  0.0 wa,  0.0 hi,  0.1 si,  0.0 st
%Cpu(s):  5.8 us,  6.5 sy,  0.0 ni, 87.6 id,  0.0 wa,  0.0 hi,  0.1 si,  0.0 st
%Cpu(s):  3.6 us,  3.8 sy,  0.0 ni, 92.6 id,  0.0 wa,  0.0 hi,  0.0 si,  0.0 st
%Cpu(s):  4.0 us,  3.5 sy,  0.0 ni, 92.3 id,  0.0 wa,  0.0 hi,  0.1 si,  0.0 st
%Cpu(s):  2.9 us,  2.8 sy,  0.0 ni, 94.2 id,  0.0 wa,  0.0 hi,  0.1 si,  0.0 st
%Cpu(s):  2.0 us,  1.0 sy,  0.0 ni, 96.9 id,  0.0 wa,  0.0 hi,  0.0 si,  0.1 st
%Cpu(s):  1.8 us,  1.1 sy,  0.0 ni, 97.0 id,  0.0 wa,  0.0 hi,  0.0 si,  0.1 st
%Cpu(s):  1.9 us,  1.5 sy,  0.0 ni, 96.5 id,  0.0 wa,  0.0 hi,  0.0 si,  0.1 st
%Cpu(s):  0.6 us,  0.1 sy,  0.0 ni, 99.3 id,  0.0 wa,  0.0 hi,  0.0 si,  0.0 st
%Cpu(s):  0.1 us,  0.1 sy,  0.0 ni, 99.8 id,  0.0 wa,  0.0 hi,  0.0 si,  0.0 st
%Cpu(s):  0.1 us,  0.1 sy,  0.0 ni, 99.8 id,  0.0 wa,  0.0 hi,  0.0 si,  0.0 st
%Cpu(s):  0.1 us,  0.2 sy,  0.0 ni, 99.6 id,  0.0 wa,  0.0 hi,  0.0 si,  0.0 st
