%Cpu(s):  1.6 us,  0.7 sy,  0.0 ni, 97.6 id,  0.0 wa,  0.0 hi,  0.1 si,  0.1 st
%Cpu(s): 35.3 us,  1.4 sy,  0.0 ni, 63.0 id,  0.0 wa,  0.0 hi,  0.0 si,  0.2 st
%Cpu(s):  2.0 us,  0.2 sy,  0.0 ni, 97.8 id,  0.0 wa,  0.0 hi,  0.0 si,  0.0 st
%Cpu(s):  0.0 us,  0.1 sy,  0.0 ni, 99.8 id,  0.1 wa,  0.0 hi,  0.0 si,  0.0 st
%Cpu(s):  0.4 us,  0.4 sy,  0.0 ni, 99.3 id,  0.0 wa,  0.0 hi,  0.0 si,  0.0 st
%Cpu(s): 55.9 us,  3.2 sy,  0.0 ni, 40.7 id,  0.0 wa,  0.0 hi,  0.0 si,  0.1 st
%Cpu(s): 58.2 us,  1.5 sy,  0.0 ni, 40.2 id,  0.0 wa,  0.0 hi,  0.1 si,  0.0 st
%Cpu(s): 79.2 us,  2.5 sy,  0.0 ni, 18.0 id,  0.0 wa,  0.0 hi,  0.1 si,  0.1 st
%Cpu(s): 19.7 us,  1.1 sy,  0.0 ni, 78.8 id,  0.1 wa,  0.0 hi,  0.1 si,  0.1 st
%Cpu(s): 41.0 us,  3.8 sy,  0.0 ni, 54.2 id,  0.0 wa,  0.0 hi,  1.0 si,  0.0 st
%Cpu(s): 43.6 us,  3.4 sy,  0.0 ni, 52.1 id,  0.0 wa,  0.0 hi,  0.9 si,  0.0 st
%Cpu(s): 13.1 us,  3.7 sy,  0.0 ni, 82.2 id,  0.0 wa,  0.0 hi,  0.9 si,  0.1 st
%Cpu(s): 11.8 us,  3.7 sy,  0.0 ni, 83.4 id,  0.0 wa,  0.0 hi,  1.0 si,  0.1 st
%Cpu(s):  8.7 us,  3.8 sy,  0.0 ni, 86.6 id,  0.0 wa,  0.0 hi,  0.9 si,  0.0 st
%Cpu(s):  9.2 us,  2.7 sy,  0.0 ni, 87.1 id,  0.0 wa,  0.0 hi,  1.0 si,  0.0 st
%Cpu(s):  6.4 us,  4.5 sy,  0.0 ni, 88.1 id,  0.0 wa,  0.0 hi,  1.0 si,  0.0 st
%Cpu(s):  4.5 us,  3.3 sy,  0.0 ni, 91.0 id,  0.0 wa,  0.0 hi,  1.2 si,  0.0 st
%Cpu(s):  5.1 us,  3.1 sy,  0.0 ni, 90.1 id,  0.0 wa,  0.0 hi,  1.7 si,  0.0 st
%Cpu(s): 16.4 us,  4.7 sy,  0.0 ni, 77.6 id,  0.1 wa,  0.0 hi,  1.1 si,  0.1 st
%Cpu(s): 26.7 us,  5.1 sy,  0.0 ni, 66.8 id,  0.0 wa,  0.0 hi,  1.4 si,  0.0 st
%Cpu(s): 13.1 us,  4.2 sy,  0.0 ni, 81.5 id,  0.0 wa,  0.0 hi,  1.3 si,  0.0 st
%Cpu(s): 10.3 us,  5.3 sy,  0.0 ni, 82.9 id,  0.0 wa,  0.0 hi,  1.4 si,  0.1 st
%Cpu(s): 10.5 us,  4.2 sy,  0.0 ni, 83.3 id,  0.0 wa,  0.0 hi,  1.9 si,  0.1 st
%Cpu(s):  8.6 us,  4.3 sy,  0.0 ni, 85.2 id,  0.0 wa,  0.0 hi,  1.9 si,  0.0 st
%Cpu(s):  9.2 us,  4.6 sy,  0.0 ni, 84.6 id,  0.0 wa,  0.0 hi,  1.6 si,  0.0 st
%Cpu(s):  8.0 us,  4.4 sy,  0.0 ni, 86.3 id,  0.0 wa,  0.0 hi,  1.3 si,  0.0 st
%Cpu(s): 19.5 us,  5.1 sy,  0.0 ni, 73.9 id,  0.0 wa,  0.0 hi,  1.5 si,  0.0 st
%Cpu(s):  8.1 us,  4.4 sy,  0.0 ni, 85.6 id,  0.0 wa,  0.0 hi,  1.8 si,  0.1 st
%Cpu(s):  6.5 us,  4.3 sy,  0.0 ni, 88.2 id,  0.0 wa,  0.0 hi,  1.0 si,  0.0 st
%Cpu(s):  9.1 us,  4.4 sy,  0.0 ni, 85.3 id,  0.0 wa,  0.0 hi,  1.2 si,  0.0 st
%Cpu(s):  8.0 us,  4.9 sy,  0.0 ni, 85.3 id,  0.0 wa,  0.0 hi,  1.7 si,  0.1 st
%Cpu(s):  5.7 us,  4.6 sy,  0.0 ni, 88.7 id,  0.0 wa,  0.0 hi,  1.0 si,  0.0 st
%Cpu(s):  6.8 us,  3.9 sy,  0.0 ni, 87.9 id,  0.0 wa,  0.0 hi,  1.4 si,  0.0 st
%Cpu(s): 14.3 us,  3.8 sy,  0.0 ni, 80.9 id,  0.0 wa,  0.0 hi,  0.9 si,  0.1 st
%Cpu(s): 13.5 us,  4.0 sy,  0.0 ni, 80.8 id,  0.0 wa,  0.0 hi,  1.6 si,  0.0 st
%Cpu(s):  6.6 us,  5.1 sy,  0.0 ni, 87.4 id,  0.0 wa,  0.0 hi,  1.0 si,  0.0 st
%Cpu(s):  6.8 us,  4.8 sy,  0.0 ni, 87.1 id,  0.0 wa,  0.0 hi,  1.3 si,  0.0 st
%Cpu(s):  7.0 us,  4.2 sy,  0.0 ni, 87.5 id,  0.0 wa,  0.0 hi,  1.3 si,  0.1 st
%Cpu(s):  5.5 us,  3.6 sy,  0.0 ni, 89.8 id,  0.0 wa,  0.0 hi,  1.1 si,  0.0 st
%Cpu(s):  5.2 us,  3.4 sy,  0.0 ni, 89.8 id,  0.0 wa,  0.0 hi,  1.5 si,  0.0 st
%Cpu(s):  5.8 us,  4.6 sy,  0.0 ni, 88.5 id,  0.0 wa,  0.0 hi,  1.0 si,  0.1 st
%Cpu(s): 18.6 us,  5.1 sy,  0.0 ni, 74.9 id,  0.0 wa,  0.0 hi,  1.4 si,  0.0 st
%Cpu(s): 10.4 us,  5.6 sy,  0.0 ni, 83.1 id,  0.0 wa,  0.0 hi,  0.9 si,  0.0 st
%Cpu(s):  6.6 us,  4.5 sy,  0.0 ni, 87.9 id,  0.1 wa,  0.0 hi,  0.9 si,  0.0 st
%Cpu(s):  6.0 us,  3.3 sy,  0.0 ni, 89.8 id,  0.0 wa,  0.0 hi,  0.8 si,  0.1 st
%Cpu(s):  5.5 us,  5.2 sy,  0.0 ni, 88.4 id,  0.0 wa,  0.0 hi,  0.9 si,  0.0 st
%Cpu(s):  6.0 us,  5.2 sy,  0.0 ni, 88.1 id,  0.0 wa,  0.0 hi,  0.8 si,  0.0 st
%Cpu(s):  5.2 us,  3.5 sy,  0.0 ni, 90.4 id,  0.0 wa,  0.0 hi,  0.9 si,  0.0 st
%Cpu(s):  8.6 us,  4.9 sy,  0.0 ni, 83.6 id,  1.5 wa,  0.0 hi,  1.1 si,  0.3 st
%Cpu(s): 19.4 us,  3.8 sy,  0.0 ni, 75.8 id,  0.0 wa,  0.0 hi,  1.0 si,  0.0 st
%Cpu(s):  6.8 us,  4.4 sy,  0.0 ni, 88.3 id,  0.0 wa,  0.0 hi,  0.4 si,  0.0 st
%Cpu(s):  6.3 us,  4.6 sy,  0.0 ni, 88.2 id,  0.0 wa,  0.0 hi,  0.9 si,  0.0 st
%Cpu(s):  6.9 us,  4.3 sy,  0.0 ni, 87.6 id,  0.0 wa,  0.0 hi,  1.3 si,  0.0 st
%Cpu(s):  6.8 us,  3.8 sy,  0.0 ni, 88.1 id,  0.0 wa,  0.0 hi,  1.0 si,  0.3 st
%Cpu(s):  6.4 us,  4.8 sy,  0.0 ni, 87.4 id,  0.0 wa,  0.0 hi,  1.4 si,  0.0 st
%Cpu(s):  6.6 us,  4.6 sy,  0.0 ni, 87.3 id,  0.0 wa,  0.0 hi,  1.4 si,  0.0 st
%Cpu(s): 15.5 us,  3.7 sy,  0.0 ni, 80.3 id,  0.0 wa,  0.0 hi,  0.5 si,  0.0 st
%Cpu(s): 12.5 us,  4.9 sy,  0.0 ni, 81.6 id,  0.0 wa,  0.0 hi,  1.0 si,  0.0 st
%Cpu(s):  5.2 us,  4.8 sy,  0.0 ni, 88.4 id,  0.0 wa,  0.0 hi,  1.4 si,  0.1 st
%Cpu(s):  7.0 us,  3.7 sy,  0.0 ni, 87.9 id,  0.0 wa,  0.0 hi,  1.4 si,  0.0 st
%Cpu(s):  6.1 us,  3.8 sy,  0.0 ni, 88.3 id,  0.0 wa,  0.0 hi,  1.8 si,  0.0 st
%Cpu(s):  6.9 us,  4.5 sy,  0.0 ni, 87.5 id,  0.0 wa,  0.0 hi,  1.1 si,  0.0 st
%Cpu(s): 10.6 us,  5.7 sy,  0.0 ni, 81.9 id,  0.0 wa,  0.0 hi,  1.8 si,  0.0 st
%Cpu(s): 21.9 us,  5.9 sy,  0.0 ni, 70.7 id,  0.0 wa,  0.0 hi,  1.4 si,  0.1 st
%Cpu(s): 14.0 us,  5.6 sy,  0.0 ni, 78.9 id,  0.0 wa,  0.0 hi,  1.5 si,  0.0 st
%Cpu(s): 12.0 us,  6.2 sy,  0.0 ni, 79.7 id,  0.0 wa,  0.0 hi,  2.0 si,  0.1 st
%Cpu(s):  8.3 us,  6.0 sy,  0.0 ni, 83.9 id,  0.0 wa,  0.0 hi,  1.9 si,  0.0 st
%Cpu(s): 18.0 us,  5.3 sy,  0.0 ni, 74.1 id,  0.0 wa,  0.0 hi,  2.6 si,  0.0 st
%Cpu(s): 30.1 us,  5.9 sy,  0.0 ni, 61.7 id,  0.0 wa,  0.0 hi,  2.2 si,  0.1 st
%Cpu(s):  9.2 us,  4.4 sy,  0.0 ni, 84.6 id,  0.0 wa,  0.0 hi,  1.8 si,  0.0 st
%Cpu(s):  7.6 us,  5.4 sy,  0.0 ni, 85.4 id,  0.0 wa,  0.0 hi,  1.6 si,  0.0 st
%Cpu(s):  9.6 us,  3.4 sy,  0.0 ni, 85.2 id,  0.0 wa,  0.0 hi,  1.7 si,  0.1 st
