%Cpu(s):  1.6 us,  0.7 sy,  0.0 ni, 97.6 id,  0.0 wa,  0.0 hi,  0.1 si,  0.0 st
%Cpu(s): 35.6 us,  1.2 sy,  0.0 ni, 63.0 id,  0.0 wa,  0.0 hi,  0.1 si,  0.0 st
%Cpu(s):  4.5 us,  0.2 sy,  0.0 ni, 95.3 id,  0.0 wa,  0.0 hi,  0.0 si,  0.0 st
%Cpu(s):  0.2 us,  0.0 sy,  0.0 ni, 99.8 id,  0.0 wa,  0.0 hi,  0.0 si,  0.0 st
%Cpu(s):  0.1 us,  0.1 sy,  0.0 ni, 99.6 id,  0.0 wa,  0.0 hi,  0.0 si,  0.1 st
%Cpu(s): 55.1 us,  3.3 sy,  0.0 ni, 41.4 id,  0.0 wa,  0.0 hi,  0.1 si,  0.1 st
%Cpu(s): 53.6 us,  1.9 sy,  0.0 ni, 44.4 id,  0.0 wa,  0.0 hi,  0.0 si,  0.1 st
%Cpu(s): 74.4 us,  2.0 sy,  0.0 ni, 23.3 id,  0.0 wa,  0.0 hi,  0.3 si,  0.0 st
%Cpu(s): 23.8 us,  1.4 sy,  0.0 ni, 74.6 id,  0.1 wa,  0.0 hi,  0.1 si,  0.0 st
%Cpu(s): 29.4 us,  2.8 sy,  0.0 ni, 67.0 id,  0.0 wa,  0.0 hi,  0.8 si,  0.1 st
%Cpu(s): 41.8 us,  2.9 sy,  0.0 ni, 54.8 id,  0.0 wa,  0.0 hi,  0.4 si,  0.1 st
%Cpu(s): 15.7 us,  2.4 sy,  0.0 ni, 81.3 id,  0.0 wa,  0.0 hi,  0.6 si,  0.0 st
%Cpu(s):  8.0 us,  3.3 sy,  0.0 ni, 88.1 id,  0.0 wa,  0.0 hi,  0.6 si,  0.0 st
%Cpu(s):  6.5 us,  2.8 sy,  0.0 ni, 89.7 id,  0.0 wa,  0.0 hi,  1.0 si,  0.0 st
%Cpu(s):  8.1 us,  2.7 sy,  0.0 ni, 88.6 id,  0.0 wa,  0.0 hi,  0.5 si,  0.1 st
%Cpu(s):  6.8 us,  2.2 sy,  0.0 ni, 90.5 id,  0.0 wa,  0.0 hi,  0.5 si,  0.0 st
%Cpu(s):  4.6 us,  2.7 sy,  0.0 ni, 91.8 id,  0.0 wa,  0.0 hi,  0.9 si,  0.1 st
%Cpu(s):  4.8 us,  3.4 sy,  0.0 ni, 91.2 id,  0.0 wa,  0.0 hi,  0.6 si,  0.0 st
%Cpu(s):  5.7 us,  3.3 sy,  0.0 ni, 90.2 id,  0.0 wa,  0.0 hi,  0.8 si,  0.0 st
%Cpu(s): 28.5 us,  3.7 sy,  0.0 ni, 67.3 id,  0.0 wa,  0.0 hi,  0.5 si,  0.0 st
%Cpu(s):  8.2 us,  3.8 sy,  0.0 ni, 87.3 id,  0.0 wa,  0.0 hi,  0.8 si,  0.0 st
%Cpu(s):  9.2 us,  3.3 sy,  0.0 ni, 86.6 id,  0.0 wa,  0.0 hi,  0.9 si,  0.0 st
%Cpu(s):  7.7 us,  3.8 sy,  0.0 ni, 87.9 id,  0.0 wa,  0.0 hi,  0.6 si,  0.0 st
%Cpu(s):  6.0 us,  4.0 sy,  0.0 ni, 89.1 id,  0.1 wa,  0.0 hi,  0.8 si,  0.0 st
%Cpu(s): 17.7 us,  3.9 sy,  0.0 ni, 77.6 id,  0.0 wa,  0.0 hi,  0.5 si,  0.3 st
%Cpu(s): 19.5 us,  4.0 sy,  0.0 ni, 75.9 id,  0.0 wa,  0.0 hi,  0.6 si,  0.0 st
%Cpu(s): 15.5 us,  4.4 sy,  0.0 ni, 79.3 id,  0.0 wa,  0.0 hi,  0.8 si,  0.0 st
%Cpu(s):  6.8 us,  4.3 sy,  0.0 ni, 88.1 id,  0.0 wa,  0.0 hi,  0.8 si,  0.0 st
%Cpu(s): 11.4 us,  3.5 sy,  0.0 ni, 84.2 id,  0.0 wa,  0.0 hi,  0.8 si,  0.1 st
%Cpu(s):  7.3 us,  4.1 sy,  0.0 ni, 87.9 id,  0.0 wa,  0.0 hi,  0.6 si,  0.0 st
%Cpu(s):  6.7 us,  3.8 sy,  0.0 ni, 89.2 id,  0.0 wa,  0.0 hi,  0.4 si,  0.0 st
%Cpu(s):  6.4 us,  3.4 sy,  0.0 ni, 89.3 id,  0.0 wa,  0.0 hi,  0.9 si,  0.0 st
%Cpu(s):  5.6 us,  2.9 sy,  0.0 ni, 90.5 id,  0.0 wa,  0.0 hi,  1.0 si,  0.0 st
%Cpu(s):  5.0 us,  3.0 sy,  0.0 ni, 91.2 id,  0.1 wa,  0.0 hi,  0.5 si,  0.1 st
%Cpu(s):  5.5 us,  4.4 sy,  0.0 ni, 89.5 id,  0.0 wa,  0.0 hi,  0.6 si,  0.0 st
%Cpu(s):  5.4 us,  3.3 sy,  0.0 ni, 90.9 id,  0.0 wa,  0.0 hi,  0.4 si,  0.0 st
%Cpu(s):  5.6 us,  3.6 sy,  0.0 ni, 90.2 id,  0.0 wa,  0.0 hi,  0.4 si,  0.1 st
%Cpu(s):  3.0 us,  1.9 sy,  0.0 ni, 94.5 id,  0.0 wa,  0.0 hi,  0.6 si,  0.0 st
%Cpu(s):  4.6 us,  2.2 sy,  0.0 ni, 92.9 id,  0.0 wa,  0.0 hi,  0.4 si,  0.0 st
%Cpu(s):  5.3 us,  3.0 sy,  0.0 ni, 91.0 id,  0.0 wa,  0.0 hi,  0.6 si,  0.1 st
%Cpu(s):  6.5 us,  4.2 sy,  0.0 ni, 88.8 id,  0.0 wa,  0.0 hi,  0.5 si,  0.0 st
%Cpu(s):  6.2 us,  3.9 sy,  0.0 ni, 88.8 id,  0.0 wa,  0.0 hi,  1.1 si,  0.0 st
%Cpu(s):  5.4 us,  3.4 sy,  0.0 ni, 90.5 id,  0.0 wa,  0.0 hi,  0.7 si,  0.0 st
%Cpu(s):  5.6 us,  3.5 sy,  0.0 ni, 89.9 id,  0.1 wa,  0.0 hi,  0.9 si,  0.0 st
%Cpu(s):  4.5 us,  4.4 sy,  0.0 ni, 90.5 id,  0.0 wa,  0.0 hi,  0.6 si,  0.0 st
%Cpu(s):  5.3 us,  3.1 sy,  0.0 ni, 90.7 id,  0.0 wa,  0.0 hi,  0.8 si,  0.1 st
%Cpu(s):  8.8 us,  3.9 sy,  0.0 ni, 86.5 id,  0.0 wa,  0.0 hi,  0.8 si,  0.0 st
%Cpu(s): 17.8 us,  5.7 sy,  0.0 ni, 75.6 id,  0.0 wa,  0.0 hi,  0.7 si,  0.1 st
%Cpu(s): 17.6 us,  5.4 sy,  0.0 ni, 76.0 id,  0.0 wa,  0.0 hi,  1.0 si,  0.0 st
%Cpu(s): 12.4 us,  4.1 sy,  0.0 ni, 82.6 id,  0.0 wa,  0.0 hi,  0.9 si,  0.0 st
%Cpu(s):  5.2 us,  3.9 sy,  0.0 ni, 90.3 id,  0.0 wa,  0.0 hi,  0.6 si,  0.0 st
%Cpu(s):  6.1 us,  4.2 sy,  0.0 ni, 88.9 id,  0.0 wa,  0.0 hi,  0.6 si,  0.1 st
%Cpu(s):  5.8 us,  3.5 sy,  0.0 ni, 89.7 id,  0.0 wa,  0.0 hi,  0.9 si,  0.0 st
%Cpu(s):  5.7 us,  3.2 sy,  0.0 ni, 90.4 id,  0.0 wa,  0.0 hi,  0.6 si,  0.0 st
%Cpu(s):  6.6 us,  3.5 sy,  0.0 ni, 87.8 id,  1.3 wa,  0.0 hi,  0.8 si,  0.0 st
%Cpu(s):  5.6 us,  4.0 sy,  0.0 ni, 89.5 id,  0.0 wa,  0.0 hi,  0.9 si,  0.0 st
%Cpu(s):  6.2 us,  3.3 sy,  0.0 ni, 90.0 id,  0.0 wa,  0.0 hi,  0.4 si,  0.1 st
%Cpu(s):  6.3 us,  4.1 sy,  0.0 ni, 88.6 id,  0.0 wa,  0.0 hi,  1.0 si,  0.0 st
%Cpu(s):  7.1 us,  4.4 sy,  0.0 ni, 87.5 id,  0.0 wa,  0.0 hi,  1.0 si,  0.0 st
%Cpu(s):  6.8 us,  4.7 sy,  0.0 ni, 88.0 id,  0.0 wa,  0.0 hi,  0.5 si,  0.0 st
%Cpu(s):  5.9 us,  3.6 sy,  0.0 ni, 89.4 id,  0.0 wa,  0.0 hi,  0.8 si,  0.3 st
%Cpu(s):  7.0 us,  4.3 sy,  0.0 ni, 87.9 id,  0.0 wa,  0.0 hi,  0.7 si,  0.0 st
%Cpu(s):  7.9 us,  3.9 sy,  0.0 ni, 87.9 id,  0.0 wa,  0.0 hi,  0.4 si,  0.0 st
%Cpu(s):  7.1 us,  4.4 sy,  0.0 ni, 87.5 id,  0.0 wa,  0.0 hi,  1.0 si,  0.0 st
%Cpu(s):  7.2 us,  4.6 sy,  0.0 ni, 87.3 id,  0.0 wa,  0.0 hi,  0.9 si,  0.0 st
%Cpu(s):  7.8 us,  5.1 sy,  0.0 ni, 86.6 id,  0.0 wa,  0.0 hi,  0.5 si,  0.0 st
%Cpu(s): 15.5 us,  4.7 sy,  0.0 ni, 79.1 id,  0.0 wa,  0.0 hi,  0.7 si,  0.0 st
%Cpu(s): 19.1 us,  3.0 sy,  0.0 ni, 77.1 id,  0.0 wa,  0.0 hi,  0.8 si,  0.0 st
%Cpu(s): 35.6 us,  4.1 sy,  0.0 ni, 59.2 id,  0.0 wa,  0.0 hi,  1.0 si,  0.1 st
%Cpu(s):  7.6 us,  4.2 sy,  0.0 ni, 87.5 id,  0.0 wa,  0.0 hi,  0.8 si,  0.0 st
%Cpu(s):  8.3 us,  5.1 sy,  0.0 ni, 85.9 id,  0.0 wa,  0.0 hi,  0.7 si,  0.0 st
