%Cpu(s):  1.5 us,  0.7 sy,  0.0 ni, 97.7 id,  0.0 wa,  0.0 hi,  0.1 si,  0.1 st
%Cpu(s): 21.4 us,  1.0 sy,  0.0 ni, 77.6 id,  0.0 wa,  0.0 hi,  0.0 si,  0.0 st
%Cpu(s):  0.5 us,  0.1 sy,  0.0 ni, 99.4 id,  0.0 wa,  0.0 hi,  0.0 si,  0.0 st
%Cpu(s):  0.1 us,  0.1 sy,  0.0 ni, 99.8 id,  0.0 wa,  0.0 hi,  0.0 si,  0.0 st
%Cpu(s): 28.1 us,  2.2 sy,  0.0 ni, 69.4 id,  0.0 wa,  0.0 hi,  0.1 si,  0.1 st
%Cpu(s): 49.3 us,  2.1 sy,  0.0 ni, 48.5 id,  0.0 wa,  0.0 hi,  0.0 si,  0.1 st
%Cpu(s): 67.4 us,  1.8 sy,  0.0 ni, 30.7 id,  0.0 wa,  0.0 hi,  0.0 si,  0.1 st
%Cpu(s): 53.1 us,  1.7 sy,  0.0 ni, 45.1 id,  0.0 wa,  0.0 hi,  0.0 si,  0.1 st
%Cpu(s):  9.6 us,  0.6 sy,  0.0 ni, 89.7 id,  0.1 wa,  0.0 hi,  0.0 si,  0.0 st
%Cpu(s):  1.6 us,  1.0 sy,  0.0 ni, 97.1 id,  0.0 wa,  0.0 hi,  0.0 si,  0.2 st
%Cpu(s):  1.8 us,  1.3 sy,  0.0 ni, 97.0 id,  0.0 wa,  0.0 hi,  0.0 si,  0.0 st
%Cpu(s):  2.2 us,  1.2 sy,  0.0 ni, 96.2 id,  0.0 wa,  0.0 hi,  0.1 si,  0.2 st
%Cpu(s):  1.9 us,  1.4 sy,  0.0 ni, 96.5 id,  0.0 wa,  0.0 hi,  0.0 si,  0.2 st
%Cpu(s):  3.0 us,  1.1 sy,  0.0 ni, 95.8 id,  0.0 wa,  0.0 hi,  0.0 si,  0.1 st
%Cpu(s):  1.6 us,  1.4 sy,  0.0 ni, 96.8 id,  0.0 wa,  0.0 hi,  0.0 si,  0.2 st
%Cpu(s):  8.9 us,  1.8 sy,  0.0 ni, 89.1 id,  0.0 wa,  0.0 hi,  0.1 si,  0.1 st
%Cpu(s):  8.7 us,  1.8 sy,  0.0 ni, 89.5 id,  0.0 wa,  0.0 hi,  0.0 si,  0.0 st
%Cpu(s):  5.7 us,  1.8 sy,  0.0 ni, 92.3 id,  0.0 wa,  0.0 hi,  0.0 si,  0.1 st
%Cpu(s): 52.7 us,  4.8 sy,  0.0 ni, 40.8 id,  0.1 wa,  0.0 hi,  1.5 si,  0.1 st
%Cpu(s): 52.4 us,  5.0 sy,  0.0 ni, 41.6 id,  0.0 wa,  0.0 hi,  0.9 si,  0.1 st
%Cpu(s): 16.1 us,  4.8 sy,  0.0 ni, 77.6 id,  0.0 wa,  0.0 hi,  1.5 si,  0.0 st
%Cpu(s): 20.2 us,  5.0 sy,  0.0 ni, 73.3 id,  0.0 wa,  0.0 hi,  1.5 si,  0.0 st
%Cpu(s): 19.1 us,  5.4 sy,  0.0 ni, 74.1 id,  0.0 wa,  0.0 hi,  1.4 si,  0.0 st
%Cpu(s):  8.6 us,  5.8 sy,  0.0 ni, 81.9 id,  1.6 wa,  0.0 hi,  1.9 si,  0.1 st
%Cpu(s):  8.6 us,  5.3 sy,  0.0 ni, 84.9 id,  0.0 wa,  0.0 hi,  1.3 si,  0.0 st
%Cpu(s):  7.4 us,  4.8 sy,  0.0 ni, 86.0 id,  0.0 wa,  0.0 hi,  1.5 si,  0.3 st
%Cpu(s):  7.0 us,  4.3 sy,  0.0 ni, 87.7 id,  0.0 wa,  0.0 hi,  1.0 si,  0.0 st
%Cpu(s):  6.3 us,  4.4 sy,  0.0 ni, 88.2 id,  0.0 wa,  0.0 hi,  1.0 si,  0.0 st
%Cpu(s): 11.5 us,  5.5 sy,  0.0 ni, 81.8 id,  0.0 wa,  0.0 hi,  1.2 si,  0.0 st
%Cpu(s): 18.3 us,  4.7 sy,  0.0 ni, 76.1 id,  0.0 wa,  0.0 hi,  0.9 si,  0.0 st
%Cpu(s):  7.3 us,  5.0 sy,  0.0 ni, 86.7 id,  0.0 wa,  0.0 hi,  1.0 si,  0.0 st
%Cpu(s):  8.2 us,  4.5 sy,  0.0 ni, 86.2 id,  0.0 wa,  0.0 hi,  1.0 si,  0.1 st
%Cpu(s):  6.5 us,  4.2 sy,  0.0 ni, 88.1 id,  0.0 wa,  0.0 hi,  1.1 si,  0.1 st
%Cpu(s):  5.0 us,  4.7 sy,  0.0 ni, 88.7 id,  0.1 wa,  0.0 hi,  1.5 si,  0.0 st
%Cpu(s):  6.0 us,  4.4 sy,  0.0 ni, 88.6 id,  0.0 wa,  0.0 hi,  1.0 si,  0.0 st
%Cpu(s): 11.0 us,  4.4 sy,  0.0 ni, 83.3 id,  0.0 wa,  0.0 hi,  1.3 si,  0.0 st
%Cpu(s): 19.3 us,  6.9 sy,  0.0 ni, 72.4 id,  0.0 wa,  0.0 hi,  1.2 si,  0.1 st
%Cpu(s):  6.9 us,  4.6 sy,  0.0 ni, 86.8 id,  0.0 wa,  0.0 hi,  1.7 si,  0.0 st
%Cpu(s):  6.8 us,  4.4 sy,  0.0 ni, 87.7 id,  0.0 wa,  0.0 hi,  1.2 si,  0.0 st
%Cpu(s):  7.3 us,  4.9 sy,  0.0 ni, 86.7 id,  0.0 wa,  0.0 hi,  1.0 si,  0.1 st
%Cpu(s):  6.0 us,  5.0 sy,  0.0 ni, 88.1 id,  0.0 wa,  0.0 hi,  1.0 si,  0.0 st
%Cpu(s):  7.3 us,  5.5 sy,  0.0 ni, 86.2 id,  0.0 wa,  0.0 hi,  1.0 si,  0.0 st
%Cpu(s): 12.1 us,  4.1 sy,  0.0 ni, 82.5 id,  0.0 wa,  0.0 hi,  1.3 si,  0.0 st
%Cpu(s): 15.8 us,  4.9 sy,  0.0 ni, 78.1 id,  0.0 wa,  0.0 hi,  1.0 si,  0.1 st
%Cpu(s):  5.3 us,  5.2 sy,  0.0 ni, 88.5 id,  0.0 wa,  0.0 hi,  1.0 si,  0.0 st
%Cpu(s):  5.3 us,  4.4 sy,  0.0 ni, 89.0 id,  0.0 wa,  0.0 hi,  1.3 si,  0.0 st
%Cpu(s):  5.7 us,  4.4 sy,  0.0 ni, 88.6 id,  0.0 wa,  0.0 hi,  1.1 si,  0.1 st
%Cpu(s):  6.6 us,  4.3 sy,  0.0 ni, 87.6 id,  0.0 wa,  0.0 hi,  1.5 si,  0.0 st
%Cpu(s):  9.4 us,  4.4 sy,  0.0 ni, 84.8 id,  0.0 wa,  0.0 hi,  1.4 si,  0.0 st
%Cpu(s):  6.9 us,  4.3 sy,  0.0 ni, 87.7 id,  0.0 wa,  0.0 hi,  1.0 si,  0.1 st
%Cpu(s): 12.5 us,  3.8 sy,  0.0 ni, 82.5 id,  0.0 wa,  0.0 hi,  1.0 si,  0.1 st
%Cpu(s): 15.1 us,  4.3 sy,  0.0 ni, 79.6 id,  0.0 wa,  0.0 hi,  1.0 si,  0.0 st
%Cpu(s):  5.5 us,  4.2 sy,  0.0 ni, 89.2 id,  0.0 wa,  0.0 hi,  1.0 si,  0.0 st
%Cpu(s):  7.0 us,  4.0 sy,  0.0 ni, 87.7 id,  0.1 wa,  0.0 hi,  1.1 si,  0.0 st
%Cpu(s):  5.3 us,  3.7 sy,  0.0 ni, 90.0 id,  0.0 wa,  0.0 hi,  1.0 si,  0.0 st
%Cpu(s):  5.9 us,  4.5 sy,  0.0 ni, 88.7 id,  0.0 wa,  0.0 hi,  0.9 si,  0.0 st
%Cpu(s):  6.5 us,  4.6 sy,  0.0 ni, 88.2 id,  0.0 wa,  0.0 hi,  0.8 si,  0.0 st
%Cpu(s):  4.7 us,  3.8 sy,  0.0 ni, 90.4 id,  0.0 wa,  0.0 hi,  1.0 si,  0.1 st
%Cpu(s):  9.5 us,  4.6 sy,  0.0 ni, 84.7 id,  0.0 wa,  0.0 hi,  1.2 si,  0.0 st
%Cpu(s): 16.6 us,  4.5 sy,  0.0 ni, 78.0 id,  0.0 wa,  0.0 hi,  0.9 si,  0.0 st
%Cpu(s):  6.0 us,  3.4 sy,  0.0 ni, 89.1 id,  0.0 wa,  0.0 hi,  1.4 si,  0.1 st
%Cpu(s):  5.2 us,  2.9 sy,  0.0 ni, 90.9 id,  0.0 wa,  0.0 hi,  0.8 si,  0.1 st
%Cpu(s):  4.7 us,  3.1 sy,  0.0 ni, 91.5 id,  0.0 wa,  0.0 hi,  0.6 si,  0.1 st
%Cpu(s):  3.4 us,  3.3 sy,  0.0 ni, 92.6 id,  0.0 wa,  0.0 hi,  0.4 si,  0.4 st
%Cpu(s):  4.5 us,  2.8 sy,  0.0 ni, 91.9 id,  0.0 wa,  0.0 hi,  0.8 si,  0.0 st
%Cpu(s):  3.0 us,  3.8 sy,  0.0 ni, 92.6 id,  0.0 wa,  0.0 hi,  0.5 si,  0.1 st
%Cpu(s):  4.5 us,  3.1 sy,  0.0 ni, 91.9 id,  0.0 wa,  0.0 hi,  0.4 si,  0.1 st
%Cpu(s):  5.0 us,  3.6 sy,  0.0 ni, 90.9 id,  0.0 wa,  0.0 hi,  0.4 si,  0.1 st
%Cpu(s): 14.3 us,  2.1 sy,  0.0 ni, 83.1 id,  0.0 wa,  0.0 hi,  0.3 si,  0.3 st
%Cpu(s):  1.0 us,  1.5 sy,  0.0 ni, 97.2 id,  0.0 wa,  0.0 hi,  0.0 si,  0.3 st
%Cpu(s):  0.8 us,  1.0 sy,  0.0 ni, 98.1 id,  0.0 wa,  0.0 hi,  0.0 si,  0.1 st
%Cpu(s):  1.6 us,  1.4 sy,  0.0 ni, 96.8 id,  0.0 wa,  0.0 hi,  0.0 si,  0.2 st
