%Cpu(s):  1.7 us,  0.7 sy,  0.0 ni, 97.5 id,  0.0 wa,  0.0 hi,  0.1 si,  0.0 st
%Cpu(s): 19.1 us,  0.6 sy,  0.0 ni, 80.1 id,  0.0 wa,  0.0 hi,  0.0 si,  0.1 st
%Cpu(s):  0.5 us,  0.1 sy,  0.0 ni, 99.4 id,  0.0 wa,  0.0 hi,  0.0 si,  0.0 st
%Cpu(s):  0.1 us,  0.1 sy,  0.0 ni, 99.6 id,  0.0 wa,  0.0 hi,  0.0 si,  0.1 st
%Cpu(s): 29.8 us,  3.3 sy,  0.0 ni, 66.8 id,  0.1 wa,  0.0 hi,  0.0 si,  0.0 st
%Cpu(s): 51.8 us,  1.9 sy,  0.0 ni, 46.3 id,  0.0 wa,  0.0 hi,  0.0 si,  0.0 st
%Cpu(s): 74.0 us,  1.4 sy,  0.0 ni, 24.5 id,  0.0 wa,  0.0 hi,  0.0 si,  0.1 st
%Cpu(s): 62.6 us,  2.4 sy,  0.0 ni, 34.8 id,  0.0 wa,  0.0 hi,  0.1 si,  0.1 st
%Cpu(s):  8.7 us,  1.5 sy,  0.0 ni, 89.8 id,  0.0 wa,  0.0 hi,  0.0 si,  0.0 st
%Cpu(s):  1.9 us,  1.1 sy,  0.0 ni, 97.0 id,  0.0 wa,  0.0 hi,  0.0 si,  0.0 st
%Cpu(s):  2.6 us,  1.4 sy,  0.0 ni, 95.9 id,  0.0 wa,  0.0 hi,  0.0 si,  0.1 st
%Cpu(s):  2.2 us,  0.4 sy,  0.0 ni, 97.4 id,  0.0 wa,  0.0 hi,  0.0 si,  0.0 st
%Cpu(s):  2.0 us,  2.0 sy,  0.0 ni, 96.1 id,  0.0 wa,  0.0 hi,  0.0 si,  0.0 st
%Cpu(s):  1.2 us,  1.4 sy,  0.0 ni, 97.3 id,  0.0 wa,  0.0 hi,  0.0 si,  0.1 st
%Cpu(s):  1.1 us,  1.5 sy,  0.0 ni, 97.3 id,  0.1 wa,  0.0 hi,  0.0 si,  0.0 st
%Cpu(s):  4.4 us,  1.1 sy,  0.0 ni, 94.5 id,  0.0 wa,  0.0 hi,  0.0 si,  0.0 st
%Cpu(s):  4.1 us,  1.4 sy,  0.0 ni, 94.3 id,  0.0 wa,  0.0 hi,  0.1 si,  0.1 st
%Cpu(s):  3.8 us,  2.0 sy,  0.0 ni, 94.2 id,  0.0 wa,  0.0 hi,  0.0 si,  0.0 st
%Cpu(s): 49.3 us,  3.0 sy,  0.0 ni, 46.7 id,  0.0 wa,  0.0 hi,  1.0 si,  0.0 st
%Cpu(s): 51.1 us,  3.6 sy,  0.0 ni, 44.4 id,  0.0 wa,  0.0 hi,  0.8 si,  0.1 st
%Cpu(s): 16.2 us,  3.4 sy,  0.0 ni, 79.6 id,  0.0 wa,  0.0 hi,  0.8 si,  0.0 st
%Cpu(s): 12.2 us,  3.9 sy,  0.0 ni, 83.0 id,  0.0 wa,  0.0 hi,  0.7 si,  0.1 st
%Cpu(s):  7.9 us,  3.9 sy,  0.0 ni, 88.0 id,  0.0 wa,  0.0 hi,  0.3 si,  0.0 st
%Cpu(s):  7.9 us,  4.3 sy,  0.0 ni, 86.2 id,  0.6 wa,  0.0 hi,  1.0 si,  0.0 st
%Cpu(s):  9.5 us,  3.8 sy,  0.0 ni, 86.1 id,  0.0 wa,  0.0 hi,  0.5 si,  0.1 st
%Cpu(s):  8.0 us,  4.3 sy,  0.0 ni, 86.9 id,  0.0 wa,  0.0 hi,  0.8 si,  0.0 st
%Cpu(s):  7.8 us,  3.9 sy,  0.0 ni, 87.6 id,  0.0 wa,  0.0 hi,  0.8 si,  0.0 st
%Cpu(s):  6.8 us,  3.7 sy,  0.0 ni, 88.4 id,  0.0 wa,  0.0 hi,  1.0 si,  0.1 st
%Cpu(s):  9.4 us,  3.8 sy,  0.0 ni, 85.6 id,  0.0 wa,  0.0 hi,  1.1 si,  0.0 st
%Cpu(s): 16.8 us,  4.0 sy,  0.0 ni, 78.0 id,  0.0 wa,  0.0 hi,  1.1 si,  0.1 st
%Cpu(s): 19.8 us,  4.1 sy,  0.0 ni, 75.5 id,  0.0 wa,  0.0 hi,  0.6 si,  0.0 st
%Cpu(s): 16.4 us,  4.0 sy,  0.0 ni, 78.4 id,  0.0 wa,  0.0 hi,  1.1 si,  0.0 st
%Cpu(s):  6.5 us,  4.2 sy,  0.0 ni, 88.4 id,  0.0 wa,  0.0 hi,  0.9 si,  0.0 st
%Cpu(s):  5.1 us,  3.3 sy,  0.0 ni, 90.7 id,  0.0 wa,  0.0 hi,  0.9 si,  0.0 st
%Cpu(s):  6.0 us,  3.0 sy,  0.0 ni, 90.3 id,  0.0 wa,  0.0 hi,  0.5 si,  0.1 st
%Cpu(s):  6.4 us,  4.0 sy,  0.0 ni, 88.8 id,  0.0 wa,  0.0 hi,  0.8 si,  0.0 st
%Cpu(s):  6.5 us,  3.9 sy,  0.0 ni, 88.7 id,  0.0 wa,  0.0 hi,  0.9 si,  0.0 st
%Cpu(s):  8.6 us,  3.5 sy,  0.0 ni, 87.3 id,  0.0 wa,  0.0 hi,  0.4 si,  0.1 st
%Cpu(s):  6.6 us,  4.4 sy,  0.0 ni, 87.8 id,  0.0 wa,  0.0 hi,  1.1 si,  0.0 st
%Cpu(s):  7.6 us,  4.6 sy,  0.0 ni, 86.8 id,  0.1 wa,  0.0 hi,  0.7 si,  0.1 st
%Cpu(s):  5.8 us,  4.0 sy,  0.0 ni, 89.5 id,  0.0 wa,  0.0 hi,  0.6 si,  0.0 st
%Cpu(s):  6.8 us,  3.6 sy,  0.0 ni, 88.9 id,  0.0 wa,  0.0 hi,  0.8 si,  0.0 st
%Cpu(s):  5.5 us,  3.5 sy,  0.0 ni, 90.2 id,  0.0 wa,  0.0 hi,  0.9 si,  0.0 st
%Cpu(s): 11.5 us,  4.5 sy,  0.0 ni, 83.0 id,  0.0 wa,  0.0 hi,  1.0 si,  0.0 st
%Cpu(s): 19.5 us,  4.3 sy,  0.0 ni, 75.6 id,  0.0 wa,  0.0 hi,  0.6 si,  0.0 st
%Cpu(s): 17.0 us,  4.7 sy,  0.0 ni, 77.1 id,  0.0 wa,  0.0 hi,  1.1 si,  0.1 st
%Cpu(s):  9.3 us,  4.8 sy,  0.0 ni, 85.3 id,  0.0 wa,  0.0 hi,  0.6 si,  0.0 st
%Cpu(s):  5.1 us,  3.6 sy,  0.0 ni, 90.1 id,  0.0 wa,  0.0 hi,  1.1 si,  0.1 st
%Cpu(s):  9.7 us,  3.9 sy,  0.0 ni, 82.6 id,  2.8 wa,  0.0 hi,  0.9 si,  0.1 st
%Cpu(s):  7.7 us,  4.3 sy,  0.0 ni, 87.3 id,  0.0 wa,  0.0 hi,  0.8 si,  0.0 st
%Cpu(s):  6.5 us,  4.7 sy,  0.0 ni, 88.1 id,  0.0 wa,  0.0 hi,  0.7 si,  0.0 st
%Cpu(s): 11.3 us,  3.6 sy,  0.0 ni, 84.5 id,  0.0 wa,  0.0 hi,  0.5 si,  0.0 st
%Cpu(s):  5.2 us,  3.4 sy,  0.0 ni, 90.5 id,  0.0 wa,  0.0 hi,  0.9 si,  0.0 st
%Cpu(s):  6.3 us,  3.7 sy,  0.0 ni, 88.9 id,  0.0 wa,  0.0 hi,  1.0 si,  0.1 st
%Cpu(s):  5.8 us,  4.1 sy,  0.0 ni, 89.1 id,  0.1 wa,  0.0 hi,  0.9 si,  0.0 st
%Cpu(s):  7.0 us,  4.6 sy,  0.0 ni, 87.6 id,  0.0 wa,  0.0 hi,  0.6 si,  0.1 st
%Cpu(s):  7.0 us,  4.6 sy,  0.0 ni, 87.8 id,  0.0 wa,  0.0 hi,  0.6 si,  0.0 st
%Cpu(s):  6.4 us,  4.4 sy,  0.0 ni, 88.4 id,  0.0 wa,  0.0 hi,  0.6 si,  0.1 st
%Cpu(s): 11.4 us,  4.5 sy,  0.0 ni, 82.8 id,  0.0 wa,  0.0 hi,  1.4 si,  0.0 st
%Cpu(s): 16.8 us,  3.5 sy,  0.0 ni, 78.9 id,  0.0 wa,  0.0 hi,  0.8 si,  0.0 st
%Cpu(s): 17.6 us,  3.5 sy,  0.0 ni, 78.2 id,  0.0 wa,  0.0 hi,  0.6 si,  0.0 st
%Cpu(s):  8.0 us,  3.9 sy,  0.0 ni, 87.2 id,  0.0 wa,  0.0 hi,  0.8 si,  0.1 st
%Cpu(s):  4.9 us,  3.9 sy,  0.0 ni, 90.3 id,  0.0 wa,  0.0 hi,  0.9 si,  0.0 st
%Cpu(s):  5.3 us,  3.4 sy,  0.0 ni, 90.3 id,  0.0 wa,  0.0 hi,  1.0 si,  0.0 st
%Cpu(s):  5.0 us,  3.9 sy,  0.0 ni, 90.4 id,  0.0 wa,  0.0 hi,  0.6 si,  0.0 st
%Cpu(s):  6.3 us,  3.0 sy,  0.0 ni, 89.6 id,  0.0 wa,  0.0 hi,  1.1 si,  0.0 st
%Cpu(s):  5.9 us,  4.5 sy,  0.0 ni, 89.0 id,  0.0 wa,  0.0 hi,  0.5 si,  0.0 st
%Cpu(s):  6.2 us,  4.3 sy,  0.0 ni, 88.6 id,  0.0 wa,  0.0 hi,  0.9 si,  0.1 st
%Cpu(s):  6.8 us,  4.2 sy,  0.0 ni, 88.4 id,  0.0 wa,  0.0 hi,  0.6 si,  0.0 st
%Cpu(s):  6.1 us,  4.0 sy,  0.0 ni, 89.1 id,  0.0 wa,  0.0 hi,  0.8 si,  0.0 st
%Cpu(s):  8.6 us,  3.5 sy,  0.0 ni, 87.0 id,  0.0 wa,  0.0 hi,  1.0 si,  0.0 st
%Cpu(s): 16.6 us,  4.0 sy,  0.0 ni, 78.6 id,  0.0 wa,  0.0 hi,  0.8 si,  0.0 st
%Cpu(s):  8.5 us,  3.4 sy,  0.0 ni, 86.9 id,  0.0 wa,  0.0 hi,  1.3 si,  0.0 st
