%Cpu(s):  1.8 us,  0.7 sy,  0.0 ni, 97.3 id,  0.0 wa,  0.0 hi,  0.1 si,  0.1 st
%Cpu(s):  1.1 us,  0.1 sy,  0.0 ni, 98.8 id,  0.0 wa,  0.0 hi,  0.0 si,  0.0 st
%Cpu(s):  0.2 us,  0.1 sy,  0.0 ni, 99.5 id,  0.1 wa,  0.0 hi,  0.0 si,  0.0 st
%Cpu(s):  1.5 us,  0.5 sy,  0.0 ni, 97.8 id,  0.0 wa,  0.0 hi,  0.2 si,  0.0 st
%Cpu(s): 61.7 us,  2.9 sy,  0.0 ni, 35.3 id,  0.0 wa,  0.0 hi,  0.0 si,  0.1 st
%Cpu(s): 56.5 us,  1.8 sy,  0.0 ni, 41.6 id,  0.0 wa,  0.0 hi,  0.0 si,  0.1 st
%Cpu(s): 73.1 us,  2.1 sy,  0.0 ni, 24.7 id,  0.0 wa,  0.0 hi,  0.1 si,  0.0 st
%Cpu(s): 17.0 us,  1.5 sy,  0.0 ni, 81.1 id,  0.0 wa,  0.0 hi,  0.1 si,  0.3 st
%Cpu(s):  4.6 us,  0.6 sy,  0.0 ni, 94.6 id,  0.0 wa,  0.0 hi,  0.0 si,  0.1 st
%Cpu(s):  2.4 us,  1.0 sy,  0.0 ni, 96.5 id,  0.0 wa,  0.0 hi,  0.0 si,  0.1 st
%Cpu(s):  2.8 us,  1.0 sy,  0.0 ni, 96.1 id,  0.0 wa,  0.0 hi,  0.0 si,  0.1 st
%Cpu(s):  2.4 us,  1.0 sy,  0.0 ni, 96.4 id,  0.0 wa,  0.0 hi,  0.0 si,  0.2 st
%Cpu(s):  2.2 us,  1.6 sy,  0.0 ni, 95.9 id,  0.1 wa,  0.0 hi,  0.0 si,  0.1 st
%Cpu(s):  2.0 us,  1.3 sy,  0.0 ni, 96.6 id,  0.0 wa,  0.0 hi,  0.0 si,  0.1 st
%Cpu(s):  1.3 us,  0.8 sy,  0.0 ni, 97.7 id,  0.0 wa,  0.0 hi,  0.0 si,  0.3 st
%Cpu(s): 10.0 us,  1.4 sy,  0.0 ni, 88.4 id,  0.0 wa,  0.0 hi,  0.0 si,  0.3 st
%Cpu(s):  8.2 us,  2.4 sy,  0.0 ni, 89.3 id,  0.0 wa,  0.0 hi,  0.0 si,  0.1 st
%Cpu(s): 11.1 us,  1.7 sy,  0.0 ni, 87.2 id,  0.0 wa,  0.0 hi,  0.1 si,  0.0 st
%Cpu(s): 60.7 us,  6.1 sy,  0.0 ni, 31.3 id,  0.0 wa,  0.0 hi,  1.9 si,  0.0 st
%Cpu(s): 44.6 us,  5.9 sy,  0.0 ni, 47.6 id,  0.0 wa,  0.0 hi,  1.8 si,  0.1 st
%Cpu(s): 16.7 us,  5.8 sy,  0.0 ni, 75.8 id,  0.0 wa,  0.0 hi,  1.8 si,  0.0 st
%Cpu(s): 24.8 us,  5.6 sy,  0.0 ni, 68.2 id,  0.0 wa,  0.0 hi,  1.4 si,  0.0 st
%Cpu(s): 12.8 us,  5.8 sy,  0.0 ni, 79.4 id,  0.5 wa,  0.0 hi,  1.5 si,  0.0 st
%Cpu(s): 10.8 us,  5.3 sy,  0.0 ni, 82.6 id,  0.0 wa,  0.0 hi,  1.3 si,  0.1 st
%Cpu(s): 11.2 us,  5.7 sy,  0.0 ni, 81.9 id,  0.0 wa,  0.0 hi,  1.1 si,  0.0 st
%Cpu(s):  8.2 us,  5.4 sy,  0.0 ni, 84.6 id,  0.0 wa,  0.0 hi,  1.8 si,  0.0 st
%Cpu(s): 19.9 us,  6.8 sy,  0.0 ni, 71.8 id,  0.0 wa,  0.0 hi,  1.5 si,  0.0 st
%Cpu(s): 15.7 us,  6.6 sy,  0.0 ni, 76.1 id,  0.0 wa,  0.0 hi,  1.4 si,  0.1 st
%Cpu(s):  9.1 us,  6.3 sy,  0.0 ni, 83.3 id,  0.0 wa,  0.0 hi,  1.3 si,  0.0 st
%Cpu(s):  7.9 us,  6.0 sy,  0.0 ni, 84.7 id,  0.0 wa,  0.0 hi,  1.4 si,  0.0 st
%Cpu(s):  6.8 us,  3.7 sy,  0.0 ni, 88.6 id,  0.0 wa,  0.0 hi,  0.8 si,  0.1 st
%Cpu(s): 11.1 us,  4.0 sy,  0.0 ni, 83.9 id,  0.0 wa,  0.0 hi,  1.0 si,  0.0 st
%Cpu(s): 17.7 us,  4.7 sy,  0.0 ni, 76.4 id,  0.1 wa,  0.0 hi,  1.2 si,  0.0 st
%Cpu(s):  5.4 us,  3.7 sy,  0.0 ni, 89.6 id,  0.0 wa,  0.0 hi,  1.3 si,  0.0 st
%Cpu(s):  6.6 us,  6.2 sy,  0.0 ni, 86.3 id,  0.0 wa,  0.0 hi,  0.9 si,  0.0 st
%Cpu(s):  4.8 us,  3.5 sy,  0.0 ni, 90.4 id,  0.0 wa,  0.0 hi,  1.3 si,  0.1 st
%Cpu(s):  6.6 us,  4.1 sy,  0.0 ni, 88.3 id,  0.0 wa,  0.0 hi,  0.9 si,  0.1 st
%Cpu(s):  6.2 us,  4.4 sy,  0.0 ni, 88.3 id,  0.0 wa,  0.0 hi,  1.1 si,  0.0 st
%Cpu(s):  5.7 us,  4.7 sy,  0.0 ni, 88.9 id,  0.0 wa,  0.0 hi,  0.8 si,  0.0 st
%Cpu(s):  5.1 us,  5.1 sy,  0.0 ni, 89.1 id,  0.0 wa,  0.0 hi,  0.8 si,  0.0 st
%Cpu(s): 16.1 us,  4.7 sy,  0.0 ni, 77.5 id,  0.0 wa,  0.0 hi,  1.6 si,  0.0 st
%Cpu(s): 11.6 us,  4.8 sy,  0.0 ni, 82.3 id,  0.0 wa,  0.0 hi,  1.4 si,  0.0 st
%Cpu(s):  5.1 us,  3.4 sy,  0.0 ni, 90.4 id,  0.1 wa,  0.0 hi,  1.0 si,  0.0 st
%Cpu(s):  5.7 us,  4.3 sy,  0.0 ni, 89.0 id,  0.0 wa,  0.0 hi,  1.0 si,  0.0 st
%Cpu(s):  5.7 us,  3.2 sy,  0.0 ni, 89.7 id,  0.0 wa,  0.0 hi,  1.4 si,  0.0 st
%Cpu(s):  5.8 us,  4.9 sy,  0.0 ni, 88.9 id,  0.0 wa,  0.0 hi,  0.3 si,  0.1 st
%Cpu(s):  5.2 us,  4.9 sy,  0.0 ni, 88.7 id,  0.0 wa,  0.0 hi,  1.0 si,  0.1 st
%Cpu(s):  6.9 us,  3.6 sy,  0.0 ni, 88.5 id,  0.0 wa,  0.0 hi,  0.9 si,  0.0 st
%Cpu(s):  7.0 us,  4.1 sy,  0.0 ni, 87.8 id,  0.0 wa,  0.0 hi,  1.1 si,  0.0 st
%Cpu(s): 15.3 us,  5.5 sy,  0.0 ni, 77.4 id,  0.0 wa,  0.0 hi,  1.7 si,  0.0 st
%Cpu(s): 11.6 us,  5.7 sy,  0.0 ni, 81.8 id,  0.0 wa,  0.0 hi,  0.9 si,  0.0 st
%Cpu(s):  4.6 us,  3.7 sy,  0.0 ni, 90.6 id,  0.0 wa,  0.0 hi,  0.9 si,  0.1 st
%Cpu(s):  5.7 us,  3.8 sy,  0.0 ni, 89.7 id,  0.0 wa,  0.0 hi,  0.8 si,  0.0 st
%Cpu(s):  4.8 us,  4.0 sy,  0.0 ni, 90.2 id,  0.0 wa,  0.0 hi,  0.9 si,  0.1 st
%Cpu(s):  5.3 us,  4.6 sy,  0.0 ni, 89.1 id,  0.0 wa,  0.0 hi,  1.0 si,  0.0 st
%Cpu(s): 10.8 us,  4.4 sy,  0.0 ni, 84.2 id,  0.0 wa,  0.0 hi,  0.6 si,  0.0 st
%Cpu(s):  8.9 us,  3.3 sy,  0.0 ni, 87.0 id,  0.0 wa,  0.0 hi,  0.9 si,  0.0 st
%Cpu(s):  6.4 us,  4.3 sy,  0.0 ni, 88.2 id,  0.0 wa,  0.0 hi,  1.0 si,  0.1 st
%Cpu(s):  9.0 us,  4.1 sy,  0.0 ni, 85.6 id,  0.0 wa,  0.0 hi,  1.3 si,  0.1 st
%Cpu(s): 15.7 us,  3.5 sy,  0.0 ni, 79.9 id,  0.0 wa,  0.0 hi,  0.9 si,  0.0 st
%Cpu(s):  6.4 us,  4.4 sy,  0.0 ni, 88.3 id,  0.0 wa,  0.0 hi,  0.9 si,  0.0 st
%Cpu(s):  5.4 us,  3.9 sy,  0.0 ni, 89.6 id,  0.0 wa,  0.0 hi,  1.0 si,  0.0 st
%Cpu(s):  5.6 us,  3.4 sy,  0.0 ni, 90.3 id,  0.0 wa,  0.0 hi,  0.6 si,  0.0 st
%Cpu(s):  5.4 us,  4.3 sy,  0.0 ni, 89.5 id,  0.0 wa,  0.0 hi,  0.8 si,  0.0 st
%Cpu(s):  5.4 us,  4.9 sy,  0.0 ni, 88.9 id,  0.0 wa,  0.0 hi,  0.8 si,  0.0 st
%Cpu(s):  5.8 us,  4.9 sy,  0.0 ni, 87.8 id,  0.0 wa,  0.0 hi,  1.4 si,  0.1 st
%Cpu(s):  5.1 us,  4.7 sy,  0.0 ni, 88.8 id,  0.0 wa,  0.0 hi,  1.3 si,  0.1 st
%Cpu(s):  6.1 us,  3.7 sy,  0.0 ni, 89.0 id,  0.0 wa,  0.0 hi,  1.3 si,  0.0 st
%Cpu(s): 14.8 us,  4.3 sy,  0.0 ni, 79.9 id,  0.0 wa,  0.0 hi,  1.0 si,  0.0 st
%Cpu(s): 11.9 us,  3.7 sy,  0.0 ni, 83.7 id,  0.0 wa,  0.0 hi,  0.8 si,  0.0 st
%Cpu(s):  3.9 us,  4.0 sy,  0.0 ni, 91.3 id,  0.0 wa,  0.0 hi,  0.7 si,  0.1 st
%Cpu(s):  1.1 us,  1.1 sy,  0.0 ni, 97.5 id,  0.0 wa,  0.0 hi,  0.0 si,  0.3 st
%Cpu(s):  1.5 us,  2.0 sy,  0.0 ni, 96.3 id,  0.1 wa,  0.0 hi,  0.0 si,  0.1 st
%Cpu(s):  1.0 us,  1.6 sy,  0.0 ni, 97.4 id,  0.0 wa,  0.0 hi,  0.0 si,  0.0 st
%Cpu(s):  0.8 us,  1.0 sy,  0.0 ni, 98.1 id,  0.0 wa,  0.0 hi,  0.0 si,  0.1 st
%Cpu(s):  1.2 us,  1.5 sy,  0.0 ni, 97.1 id,  0.0 wa,  0.0 hi,  0.0 si,  0.1 st
%Cpu(s):  2.0 us,  1.2 sy,  0.0 ni, 96.6 id,  0.0 wa,  0.0 hi,  0.0 si,  0.1 st
%Cpu(s):  2.0 us,  1.4 sy,  0.0 ni, 96.2 id,  0.0 wa,  0.0 hi,  0.0 si,  0.4 st
%Cpu(s):  1.5 us,  1.8 sy,  0.0 ni, 96.4 id,  0.0 wa,  0.0 hi,  0.0 si,  0.4 st
%Cpu(s):  2.2 us,  1.5 sy,  0.0 ni, 96.0 id,  0.0 wa,  0.0 hi,  0.0 si,  0.2 st
