%Cpu(s):  1.7 us,  0.7 sy,  0.0 ni, 97.4 id,  0.0 wa,  0.0 hi,  0.1 si,  0.1 st
%Cpu(s): 22.0 us,  0.9 sy,  0.0 ni, 77.0 id,  0.0 wa,  0.0 hi,  0.0 si,  0.1 st
%Cpu(s):  0.5 us,  0.1 sy,  0.0 ni, 99.4 id,  0.0 wa,  0.0 hi,  0.0 si,  0.0 st
%Cpu(s):  0.2 us,  0.0 sy,  0.0 ni, 99.8 id,  0.0 wa,  0.0 hi,  0.0 si,  0.0 st
%Cpu(s): 28.6 us,  2.3 sy,  0.0 ni, 69.0 id,  0.0 wa,  0.0 hi,  0.0 si,  0.1 st
%Cpu(s): 52.1 us,  1.8 sy,  0.0 ni, 45.8 id,  0.0 wa,  0.0 hi,  0.1 si,  0.1 st
%Cpu(s): 70.6 us,  2.6 sy,  0.0 ni, 26.7 id,  0.0 wa,  0.0 hi,  0.0 si,  0.0 st
%Cpu(s): 51.6 us,  1.2 sy,  0.0 ni, 47.1 id,  0.0 wa,  0.0 hi,  0.0 si,  0.0 st
%Cpu(s):  6.9 us,  0.8 sy,  0.0 ni, 92.0 id,  0.1 wa,  0.0 hi,  0.0 si,  0.3 st
%Cpu(s):  2.1 us,  0.9 sy,  0.0 ni, 96.9 id,  0.0 wa,  0.0 hi,  0.0 si,  0.1 st
%Cpu(s):  2.9 us,  1.1 sy,  0.0 ni, 95.9 id,  0.0 wa,  0.0 hi,  0.0 si,  0.1 st
%Cpu(s):  2.1 us,  0.9 sy,  0.0 ni, 96.9 id,  0.0 wa,  0.0 hi,  0.0 si,  0.1 st
%Cpu(s):  2.0 us,  1.0 sy,  0.0 ni, 96.9 id,  0.0 wa,  0.0 hi,  0.1 si,  0.0 st
%Cpu(s):  2.5 us,  1.9 sy,  0.0 ni, 95.5 id,  0.0 wa,  0.0 hi,  0.0 si,  0.1 st
%Cpu(s):  1.8 us,  1.1 sy,  0.0 ni, 96.9 id,  0.0 wa,  0.0 hi,  0.0 si,  0.3 st
%Cpu(s):  2.8 us,  1.6 sy,  0.0 ni, 95.5 id,  0.0 wa,  0.0 hi,  0.0 si,  0.1 st
%Cpu(s): 11.7 us,  1.5 sy,  0.0 ni, 86.4 id,  0.0 wa,  0.0 hi,  0.0 si,  0.4 st
%Cpu(s): 13.7 us,  2.0 sy,  0.0 ni, 84.2 id,  0.0 wa,  0.0 hi,  0.0 si,  0.0 st
%Cpu(s): 54.8 us,  4.8 sy,  0.0 ni, 39.1 id,  0.1 wa,  0.0 hi,  1.1 si,  0.0 st
%Cpu(s): 60.9 us,  6.1 sy,  0.0 ni, 31.0 id,  0.0 wa,  0.0 hi,  2.0 si,  0.0 st
%Cpu(s): 39.7 us,  5.4 sy,  0.0 ni, 53.7 id,  0.0 wa,  0.0 hi,  1.3 si,  0.0 st
%Cpu(s): 16.1 us,  5.4 sy,  0.0 ni, 76.0 id,  0.0 wa,  0.0 hi,  2.5 si,  0.0 st
%Cpu(s):  9.2 us,  4.4 sy,  0.0 ni, 84.8 id,  0.0 wa,  0.0 hi,  1.6 si,  0.1 st
%Cpu(s):  9.9 us,  4.7 sy,  0.0 ni, 83.5 id,  0.0 wa,  0.0 hi,  1.8 si,  0.0 st
%Cpu(s): 17.6 us,  5.7 sy,  0.0 ni, 75.0 id,  0.0 wa,  0.0 hi,  1.7 si,  0.0 st
%Cpu(s): 17.4 us,  5.4 sy,  0.0 ni, 75.6 id,  0.0 wa,  0.0 hi,  1.5 si,  0.1 st
%Cpu(s):  8.5 us,  5.2 sy,  0.0 ni, 84.8 id,  0.0 wa,  0.0 hi,  1.5 si,  0.0 st
%Cpu(s): 10.4 us,  4.5 sy,  0.0 ni, 83.7 id,  0.0 wa,  0.0 hi,  1.4 si,  0.0 st
%Cpu(s):  8.6 us,  5.6 sy,  0.0 ni, 83.6 id,  0.3 wa,  0.0 hi,  1.9 si,  0.1 st
%Cpu(s): 19.8 us,  5.1 sy,  0.0 ni, 72.5 id,  0.0 wa,  0.0 hi,  2.7 si,  0.0 st
%Cpu(s): 12.7 us,  4.3 sy,  0.0 ni, 80.7 id,  0.0 wa,  0.0 hi,  2.2 si,  0.1 st
%Cpu(s):  7.1 us,  4.9 sy,  0.0 ni, 86.2 id,  0.0 wa,  0.0 hi,  1.8 si,  0.0 st
%Cpu(s):  6.0 us,  4.0 sy,  0.0 ni, 88.8 id,  0.0 wa,  0.0 hi,  1.1 si,  0.0 st
%Cpu(s):  4.6 us,  3.5 sy,  0.0 ni, 91.0 id,  0.0 wa,  0.0 hi,  0.9 si,  0.0 st
%Cpu(s):  6.2 us,  4.0 sy,  0.0 ni, 88.8 id,  0.0 wa,  0.0 hi,  0.9 si,  0.1 st
%Cpu(s):  5.7 us,  3.3 sy,  0.0 ni, 89.6 id,  0.0 wa,  0.0 hi,  1.4 si,  0.0 st
%Cpu(s): 15.8 us,  4.7 sy,  0.0 ni, 78.5 id,  0.0 wa,  0.0 hi,  1.0 si,  0.0 st
%Cpu(s): 11.4 us,  4.1 sy,  0.0 ni, 83.6 id,  0.0 wa,  0.0 hi,  0.9 si,  0.0 st
%Cpu(s):  7.5 us,  4.2 sy,  0.0 ni, 86.9 id,  0.0 wa,  0.0 hi,  1.2 si,  0.1 st
%Cpu(s):  6.1 us,  4.3 sy,  0.0 ni, 88.7 id,  0.0 wa,  0.0 hi,  0.9 si,  0.0 st
%Cpu(s):  5.9 us,  4.1 sy,  0.0 ni, 88.5 id,  0.0 wa,  0.0 hi,  1.4 si,  0.1 st
%Cpu(s):  4.7 us,  3.9 sy,  0.0 ni, 90.2 id,  0.0 wa,  0.0 hi,  1.2 si,  0.0 st
%Cpu(s):  8.3 us,  4.1 sy,  0.0 ni, 86.6 id,  0.0 wa,  0.0 hi,  1.0 si,  0.0 st
%Cpu(s):  6.0 us,  3.7 sy,  0.0 ni, 89.5 id,  0.0 wa,  0.0 hi,  0.8 si,  0.1 st
%Cpu(s):  5.8 us,  4.1 sy,  0.0 ni, 88.5 id,  0.0 wa,  0.0 hi,  1.6 si,  0.0 st
%Cpu(s): 16.4 us,  4.4 sy,  0.0 ni, 78.0 id,  0.0 wa,  0.0 hi,  1.2 si,  0.0 st
%Cpu(s): 11.9 us,  5.7 sy,  0.0 ni, 81.4 id,  0.0 wa,  0.0 hi,  1.0 si,  0.0 st
%Cpu(s):  7.6 us,  4.1 sy,  0.0 ni, 87.2 id,  0.0 wa,  0.0 hi,  1.0 si,  0.1 st
%Cpu(s): 12.6 us,  5.2 sy,  0.0 ni, 80.8 id,  0.1 wa,  0.0 hi,  1.2 si,  0.0 st
%Cpu(s):  7.1 us,  2.8 sy,  0.0 ni, 89.3 id,  0.0 wa,  0.0 hi,  0.8 si,  0.0 st
%Cpu(s):  5.3 us,  4.7 sy,  0.0 ni, 89.3 id,  0.0 wa,  0.0 hi,  0.6 si,  0.1 st
%Cpu(s):  6.1 us,  4.7 sy,  0.0 ni, 88.5 id,  0.0 wa,  0.0 hi,  0.8 si,  0.0 st
%Cpu(s):  6.3 us,  4.5 sy,  0.0 ni, 88.0 id,  0.0 wa,  0.0 hi,  1.0 si,  0.1 st
%Cpu(s):  5.4 us,  4.1 sy,  0.0 ni, 89.9 id,  0.0 wa,  0.0 hi,  0.6 si,  0.0 st
%Cpu(s): 13.2 us,  4.3 sy,  0.0 ni, 81.2 id,  0.0 wa,  0.0 hi,  1.3 si,  0.0 st
%Cpu(s): 13.8 us,  4.5 sy,  0.0 ni, 80.3 id,  0.0 wa,  0.0 hi,  1.4 si,  0.0 st
%Cpu(s):  6.4 us,  4.3 sy,  0.0 ni, 88.3 id,  0.0 wa,  0.0 hi,  1.0 si,  0.0 st
%Cpu(s):  5.7 us,  4.1 sy,  0.0 ni, 89.3 id,  0.0 wa,  0.0 hi,  0.9 si,  0.0 st
%Cpu(s):  5.3 us,  3.3 sy,  0.0 ni, 90.1 id,  0.1 wa,  0.0 hi,  1.0 si,  0.1 st
%Cpu(s):  5.3 us,  4.2 sy,  0.0 ni, 89.4 id,  0.0 wa,  0.0 hi,  1.1 si,  0.0 st
%Cpu(s):  5.2 us,  4.2 sy,  0.0 ni, 89.5 id,  0.0 wa,  0.0 hi,  1.0 si,  0.0 st
%Cpu(s):  5.7 us,  4.4 sy,  0.0 ni, 88.6 id,  0.0 wa,  0.0 hi,  1.3 si,  0.0 st
%Cpu(s):  5.3 us,  3.7 sy,  0.0 ni, 89.7 id,  0.0 wa,  0.0 hi,  1.1 si,  0.1 st
%Cpu(s):  6.2 us,  3.9 sy,  0.0 ni, 88.9 id,  0.0 wa,  0.0 hi,  1.0 si,  0.0 st
%Cpu(s): 15.9 us,  3.6 sy,  0.0 ni, 79.7 id,  0.0 wa,  0.0 hi,  0.8 si,  0.0 st
%Cpu(s):  7.3 us,  3.2 sy,  0.0 ni, 88.7 id,  0.0 wa,  0.0 hi,  0.9 si,  0.0 st
%Cpu(s):  5.5 us,  4.3 sy,  0.0 ni, 88.7 id,  0.0 wa,  0.0 hi,  1.4 si,  0.1 st
%Cpu(s):  5.2 us,  4.7 sy,  0.0 ni, 89.2 id,  0.0 wa,  0.0 hi,  0.9 si,  0.0 st
%Cpu(s):  2.3 us,  2.3 sy,  0.0 ni, 94.8 id,  0.0 wa,  0.0 hi,  0.4 si,  0.3 st
%Cpu(s):  0.9 us,  1.0 sy,  0.0 ni, 97.6 id,  0.0 wa,  0.0 hi,  0.0 si,  0.5 st
%Cpu(s):  1.3 us,  1.1 sy,  0.0 ni, 97.4 id,  0.0 wa,  0.0 hi,  0.0 si,  0.3 st
%Cpu(s):  1.3 us,  1.5 sy,  0.0 ni, 97.0 id,  0.0 wa,  0.0 hi,  0.0 si,  0.3 st
%Cpu(s):  1.0 us,  1.1 sy,  0.0 ni, 97.9 id,  0.0 wa,  0.0 hi,  0.0 si,  0.0 st
%Cpu(s):  1.8 us,  1.3 sy,  0.0 ni, 96.5 id,  0.1 wa,  0.0 hi,  0.0 si,  0.4 st
%Cpu(s):  1.0 us,  1.4 sy,  0.0 ni, 97.4 id,  0.0 wa,  0.0 hi,  0.0 si,  0.2 st
%Cpu(s):  0.8 us,  1.1 sy,  0.0 ni, 98.1 id,  0.0 wa,  0.0 hi,  0.0 si,  0.0 st
%Cpu(s):  0.6 us,  0.5 sy,  0.0 ni, 98.9 id,  0.0 wa,  0.0 hi,  0.0 si,  0.0 st
%Cpu(s):  1.8 us,  1.0 sy,  0.0 ni, 97.0 id,  0.0 wa,  0.0 hi,  0.0 si,  0.3 st
