%Cpu(s):  3.2 us,  1.6 sy,  0.0 ni, 95.0 id,  0.0 wa,  0.0 hi,  0.2 si,  0.0 st
%Cpu(s):  2.5 us,  0.4 sy,  0.0 ni, 97.1 id,  0.0 wa,  0.0 hi,  0.0 si,  0.0 st
%Cpu(s):  0.2 us,  0.1 sy,  0.0 ni, 99.6 id,  0.0 wa,  0.0 hi,  0.0 si,  0.0 st
%Cpu(s):  0.4 us,  0.1 sy,  0.0 ni, 99.5 id,  0.0 wa,  0.0 hi,  0.0 si,  0.0 st
%Cpu(s): 12.6 us,  0.7 sy,  0.0 ni, 86.3 id,  0.2 wa,  0.0 hi,  0.1 si,  0.0 st
%Cpu(s): 52.1 us,  5.1 sy,  0.0 ni, 41.9 id,  0.0 wa,  0.0 hi,  0.8 si,  0.1 st
%Cpu(s): 53.0 us,  7.6 sy,  0.0 ni, 37.1 id,  0.0 wa,  0.0 hi,  2.3 si,  0.0 st
%Cpu(s): 58.5 us, 12.5 sy,  0.0 ni, 25.8 id,  0.0 wa,  0.0 hi,  3.1 si,  0.1 st
%Cpu(s): 39.6 us, 13.9 sy,  0.0 ni, 43.6 id,  0.0 wa,  0.0 hi,  2.8 si,  0.0 st
%Cpu(s): 34.6 us, 14.4 sy,  0.0 ni, 49.0 id,  0.0 wa,  0.0 hi,  2.0 si,  0.0 st
%Cpu(s): 29.5 us, 14.7 sy,  0.0 ni, 53.9 id,  0.0 wa,  0.0 hi,  2.0 si,  0.0 st
%Cpu(s): 27.1 us, 13.2 sy,  0.0 ni, 57.5 id,  0.0 wa,  0.0 hi,  2.2 si,  0.0 st
%Cpu(s): 26.2 us, 14.9 sy,  0.0 ni, 57.2 id,  0.0 wa,  0.0 hi,  1.7 si,  0.0 st
%Cpu(s): 25.3 us, 14.4 sy,  0.0 ni, 57.0 id,  0.4 wa,  0.0 hi,  2.9 si,  0.0 st
%Cpu(s): 27.6 us, 17.6 sy,  0.0 ni, 51.9 id,  0.0 wa,  0.0 hi,  3.0 si,  0.0 st
%Cpu(s): 25.0 us, 15.5 sy,  0.0 ni, 58.0 id,  0.0 wa,  0.0 hi,  1.4 si,  0.1 st
%Cpu(s): 26.3 us, 14.9 sy,  0.0 ni, 56.3 id,  0.0 wa,  0.0 hi,  2.5 si,  0.0 st
%Cpu(s): 25.8 us, 17.3 sy,  0.0 ni, 56.2 id,  0.0 wa,  0.0 hi,  0.7 si,  0.0 st
%Cpu(s): 25.5 us, 18.8 sy,  0.0 ni, 53.1 id,  0.0 wa,  0.0 hi,  2.6 si,  0.0 st
%Cpu(s): 26.7 us, 16.1 sy,  0.0 ni, 54.5 id,  0.0 wa,  0.0 hi,  2.7 si,  0.0 st
%Cpu(s): 32.5 us, 15.7 sy,  0.0 ni, 49.8 id,  0.0 wa,  0.0 hi,  2.0 si,  0.0 st
%Cpu(s): 30.7 us, 14.1 sy,  0.0 ni, 52.7 id,  0.1 wa,  0.0 hi,  2.4 si,  0.0 st
%Cpu(s): 25.0 us, 13.6 sy,  0.0 ni, 58.9 id,  0.0 wa,  0.0 hi,  2.6 si,  0.0 st
%Cpu(s): 25.3 us, 16.3 sy,  0.0 ni, 55.9 id,  0.0 wa,  0.0 hi,  2.5 si,  0.0 st
%Cpu(s): 25.9 us, 17.4 sy,  0.0 ni, 54.6 id,  0.0 wa,  0.0 hi,  2.1 si,  0.0 st
%Cpu(s): 27.0 us, 16.5 sy,  0.0 ni, 54.1 id,  0.0 wa,  0.0 hi,  2.4 si,  0.0 st
%Cpu(s): 25.8 us, 14.0 sy,  0.0 ni, 57.4 id,  0.1 wa,  0.0 hi,  2.6 si,  0.1 st
%Cpu(s): 25.9 us, 15.4 sy,  0.0 ni, 56.6 id,  0.0 wa,  0.0 hi,  2.1 si,  0.0 st
%Cpu(s): 24.1 us, 15.3 sy,  0.0 ni, 57.9 id,  0.0 wa,  0.0 hi,  2.7 si,  0.0 st
%Cpu(s): 25.9 us, 13.7 sy,  0.0 ni, 57.6 id,  0.0 wa,  0.0 hi,  2.8 si,  0.0 st
%Cpu(s): 41.2 us, 13.8 sy,  0.0 ni, 42.7 id,  0.0 wa,  0.0 hi,  2.2 si,  0.0 st
%Cpu(s): 24.1 us, 14.2 sy,  0.0 ni, 59.4 id,  0.0 wa,  0.0 hi,  2.3 si,  0.0 st
%Cpu(s): 24.1 us, 13.5 sy,  0.0 ni, 59.5 id,  0.0 wa,  0.0 hi,  2.8 si,  0.0 st
%Cpu(s): 30.3 us, 14.2 sy,  0.0 ni, 52.5 id,  0.0 wa,  0.0 hi,  3.0 si,  0.0 st
%Cpu(s): 25.1 us, 13.9 sy,  0.0 ni, 58.4 id,  0.0 wa,  0.0 hi,  2.6 si,  0.0 st
%Cpu(s): 25.1 us, 13.5 sy,  0.0 ni, 59.3 id,  0.0 wa,  0.0 hi,  2.2 si,  0.0 st
%Cpu(s): 26.7 us, 12.3 sy,  0.0 ni, 58.8 id,  0.0 wa,  0.0 hi,  2.0 si,  0.1 st
%Cpu(s): 29.4 us, 13.8 sy,  0.0 ni, 53.9 id,  0.0 wa,  0.0 hi,  3.0 si,  0.0 st
%Cpu(s): 27.3 us, 14.4 sy,  0.0 ni, 55.8 id,  0.0 wa,  0.0 hi,  2.5 si,  0.0 st
%Cpu(s): 27.6 us, 17.1 sy,  0.0 ni, 52.4 id,  0.0 wa,  0.0 hi,  2.8 si,  0.0 st
%Cpu(s): 27.5 us, 13.4 sy,  0.0 ni, 57.0 id,  0.0 wa,  0.0 hi,  2.0 si,  0.0 st
%Cpu(s): 26.0 us, 15.8 sy,  0.0 ni, 55.6 id,  0.1 wa,  0.0 hi,  2.5 si,  0.0 st
%Cpu(s): 27.9 us, 13.8 sy,  0.0 ni, 55.8 id,  0.0 wa,  0.0 hi,  2.5 si,  0.0 st
%Cpu(s): 26.6 us, 15.3 sy,  0.0 ni, 53.6 id,  2.3 wa,  0.0 hi,  2.1 si,  0.0 st
%Cpu(s): 29.0 us, 15.6 sy,  0.0 ni, 54.1 id,  0.0 wa,  0.0 hi,  1.3 si,  0.0 st
%Cpu(s): 28.7 us, 15.7 sy,  0.0 ni, 52.6 id,  0.0 wa,  0.0 hi,  3.0 si,  0.0 st
%Cpu(s): 28.4 us, 14.1 sy,  0.0 ni, 55.1 id,  0.1 wa,  0.0 hi,  2.3 si,  0.0 st
%Cpu(s): 26.0 us, 17.5 sy,  0.0 ni, 53.6 id,  0.0 wa,  0.0 hi,  2.8 si,  0.0 st
%Cpu(s): 27.8 us, 14.7 sy,  0.0 ni, 54.6 id,  0.0 wa,  0.0 hi,  2.8 si,  0.1 st
%Cpu(s): 27.7 us, 14.4 sy,  0.0 ni, 55.3 id,  0.0 wa,  0.0 hi,  2.6 si,  0.0 st
%Cpu(s): 26.9 us, 15.4 sy,  0.0 ni, 54.9 id,  0.0 wa,  0.0 hi,  2.8 si,  0.0 st
%Cpu(s): 28.1 us, 16.3 sy,  0.0 ni, 54.6 id,  0.1 wa,  0.0 hi,  0.9 si,  0.0 st
%Cpu(s): 28.6 us, 15.9 sy,  0.0 ni, 54.6 id,  0.0 wa,  0.0 hi,  0.9 si,  0.0 st
%Cpu(s): 27.7 us, 14.9 sy,  0.0 ni, 55.7 id,  0.0 wa,  0.0 hi,  1.8 si,  0.0 st
%Cpu(s): 25.2 us, 15.7 sy,  0.0 ni, 56.2 id,  0.0 wa,  0.0 hi,  3.0 si,  0.0 st
%Cpu(s): 26.1 us, 14.4 sy,  0.0 ni, 56.9 id,  0.0 wa,  0.0 hi,  2.6 si,  0.0 st
%Cpu(s): 29.4 us, 14.5 sy,  0.0 ni, 53.7 id,  0.0 wa,  0.0 hi,  2.4 si,  0.0 st
%Cpu(s): 29.6 us, 17.4 sy,  0.0 ni, 50.4 id,  0.0 wa,  0.0 hi,  2.5 si,  0.0 st
%Cpu(s): 29.0 us, 19.1 sy,  0.0 ni, 51.0 id,  0.0 wa,  0.0 hi,  0.9 si,  0.0 st
%Cpu(s): 30.6 us, 17.9 sy,  0.0 ni, 50.4 id,  0.0 wa,  0.0 hi,  1.1 si,  0.0 st
%Cpu(s): 30.4 us, 16.0 sy,  0.0 ni, 52.4 id,  0.0 wa,  0.0 hi,  1.1 si,  0.1 st
%Cpu(s): 24.0 us, 15.4 sy,  0.0 ni, 59.5 id,  0.0 wa,  0.0 hi,  1.1 si,  0.0 st
%Cpu(s): 21.2 us, 17.0 sy,  0.0 ni, 58.4 id,  0.0 wa,  0.0 hi,  3.3 si,  0.0 st
%Cpu(s): 16.9 us, 13.8 sy,  0.0 ni, 66.2 id,  0.0 wa,  0.0 hi,  3.1 si,  0.0 st
%Cpu(s): 11.6 us, 10.3 sy,  0.0 ni, 75.8 id,  0.0 wa,  0.0 hi,  2.3 si,  0.0 st
%Cpu(s): 10.6 us,  6.7 sy,  0.0 ni, 82.5 id,  0.0 wa,  0.0 hi,  0.3 si,  0.0 st
%Cpu(s):  9.2 us,  8.2 sy,  0.0 ni, 82.4 id,  0.0 wa,  0.0 hi,  0.3 si,  0.0 st
%Cpu(s):  8.5 us,  8.6 sy,  0.0 ni, 82.4 id,  0.0 wa,  0.0 hi,  0.5 si,  0.0 st
%Cpu(s):  8.5 us,  9.0 sy,  0.0 ni, 82.3 id,  0.0 wa,  0.0 hi,  0.3 si,  0.0 st
%Cpu(s):  8.5 us,  8.5 sy,  0.0 ni, 82.7 id,  0.0 wa,  0.0 hi,  0.3 si,  0.0 st
%Cpu(s):  8.2 us,  7.6 sy,  0.0 ni, 83.6 id,  0.0 wa,  0.0 hi,  0.4 si,  0.1 st
%Cpu(s):  9.3 us,  7.4 sy,  0.0 ni, 81.4 id,  0.0 wa,  0.0 hi,  1.9 si,  0.0 st
%Cpu(s):  9.9 us,  7.7 sy,  0.0 ni, 80.8 id,  0.0 wa,  0.0 hi,  1.6 si,  0.0 st
%Cpu(s):  6.6 us,  5.1 sy,  0.0 ni, 85.8 id,  1.1 wa,  0.0 hi,  1.3 si,  0.0 st
%Cpu(s):  0.4 us,  0.4 sy,  0.0 ni, 99.3 id,  0.0 wa,  0.0 hi,  0.0 si,  0.0 st
%Cpu(s):  0.5 us,  0.1 sy,  0.0 ni, 99.4 id,  0.0 wa,  0.0 hi,  0.0 si,  0.0 st
%Cpu(s):  0.2 us,  0.2 sy,  0.0 ni, 99.3 id,  0.1 wa,  0.0 hi,  0.1 si,  0.0 st
%Cpu(s):  0.5 us,  0.1 sy,  0.0 ni, 99.4 id,  0.0 wa,  0.0 hi,  0.0 si,  0.0 st
%Cpu(s):  0.4 us,  0.1 sy,  0.0 ni, 99.5 id,  0.0 wa,  0.0 hi,  0.0 si,  0.0 st
%Cpu(s):  0.5 us,  0.2 sy,  0.0 ni, 99.3 id,  0.0 wa,  0.0 hi,  0.0 si,  0.0 st
%Cpu(s):  0.1 us,  0.1 sy,  0.0 ni, 99.8 id,  0.0 wa,  0.0 hi,  0.0 si,  0.0 st
%Cpu(s):  0.2 us,  0.1 sy,  0.0 ni, 99.6 id,  0.0 wa,  0.0 hi,  0.0 si,  0.0 st
%Cpu(s):  0.5 us,  0.1 sy,  0.0 ni, 99.4 id,  0.0 wa,  0.0 hi,  0.0 si,  0.0 st
%Cpu(s):  0.4 us,  0.0 sy,  0.0 ni, 99.6 id,  0.0 wa,  0.0 hi,  0.0 si,  0.0 st
%Cpu(s):  0.2 us,  0.1 sy,  0.0 ni, 99.6 id,  0.0 wa,  0.0 hi,  0.0 si,  0.0 st
%Cpu(s):  1.2 us,  0.1 sy,  0.0 ni, 98.6 id,  0.0 wa,  0.0 hi,  0.0 si,  0.0 st
%Cpu(s):  0.4 us,  0.1 sy,  0.0 ni, 99.5 id,  0.0 wa,  0.0 hi,  0.0 si,  0.0 st
%Cpu(s):  0.1 us,  0.2 sy,  0.0 ni, 99.6 id,  0.0 wa,  0.0 hi,  0.0 si,  0.0 st
%Cpu(s):  0.2 us,  0.0 sy,  0.0 ni, 99.8 id,  0.0 wa,  0.0 hi,  0.0 si,  0.0 st
%Cpu(s):  0.9 us,  0.6 sy,  0.0 ni, 98.5 id,  0.0 wa,  0.0 hi,  0.0 si,  0.0 st
