%Cpu(s):  2.4 us,  1.2 sy,  0.0 ni, 96.2 id,  0.1 wa,  0.0 hi,  0.1 si,  0.0 st
%Cpu(s):  0.1 us,  0.2 sy,  0.0 ni, 99.6 id,  0.0 wa,  0.0 hi,  0.0 si,  0.0 st
%Cpu(s):  0.2 us,  0.4 sy,  0.0 ni, 99.4 id,  0.0 wa,  0.0 hi,  0.0 si,  0.0 st
%Cpu(s):  0.4 us,  0.1 sy,  0.0 ni, 99.4 id,  0.1 wa,  0.0 hi,  0.0 si,  0.0 st
%Cpu(s): 14.4 us,  1.4 sy,  0.0 ni, 83.7 id,  0.3 wa,  0.0 hi,  0.3 si,  0.0 st
%Cpu(s): 46.3 us,  5.7 sy,  0.0 ni, 47.3 id,  0.0 wa,  0.0 hi,  0.8 si,  0.0 st
%Cpu(s): 41.4 us,  5.5 sy,  0.0 ni, 52.1 id,  0.0 wa,  0.0 hi,  1.0 si,  0.0 st
%Cpu(s): 24.9 us,  5.4 sy,  0.0 ni, 68.9 id,  0.0 wa,  0.0 hi,  0.8 si,  0.0 st
%Cpu(s):  8.9 us,  5.9 sy,  0.0 ni, 84.0 id,  0.1 wa,  0.0 hi,  0.9 si,  0.1 st
%Cpu(s): 10.6 us,  8.2 sy,  0.0 ni, 80.1 id,  0.0 wa,  0.0 hi,  1.1 si,  0.0 st
%Cpu(s):  9.4 us,  6.8 sy,  0.0 ni, 83.3 id,  0.0 wa,  0.0 hi,  0.5 si,  0.0 st
%Cpu(s):  9.4 us,  5.4 sy,  0.0 ni, 83.9 id,  0.0 wa,  0.0 hi,  1.3 si,  0.0 st
%Cpu(s):  7.6 us,  5.2 sy,  0.0 ni, 86.1 id,  0.0 wa,  0.0 hi,  1.0 si,  0.0 st
%Cpu(s):  7.2 us,  5.4 sy,  0.0 ni, 85.9 id,  0.1 wa,  0.0 hi,  1.4 si,  0.0 st
%Cpu(s):  7.3 us,  5.6 sy,  0.0 ni, 86.3 id,  0.0 wa,  0.0 hi,  0.8 si,  0.0 st
%Cpu(s):  8.4 us,  5.6 sy,  0.0 ni, 85.6 id,  0.0 wa,  0.0 hi,  0.4 si,  0.1 st
%Cpu(s):  7.4 us,  5.0 sy,  0.0 ni, 87.0 id,  0.0 wa,  0.0 hi,  0.6 si,  0.0 st
%Cpu(s):  8.6 us,  4.4 sy,  0.0 ni, 86.2 id,  0.0 wa,  0.0 hi,  0.9 si,  0.0 st
%Cpu(s):  8.3 us,  6.0 sy,  0.0 ni, 85.6 id,  0.0 wa,  0.0 hi,  0.1 si,  0.0 st
%Cpu(s):  7.6 us,  6.0 sy,  0.0 ni, 84.7 id,  0.0 wa,  0.0 hi,  1.5 si,  0.1 st
%Cpu(s):  9.4 us,  5.3 sy,  0.0 ni, 84.0 id,  0.0 wa,  0.0 hi,  1.3 si,  0.0 st
%Cpu(s):  8.5 us,  6.0 sy,  0.0 ni, 84.1 id,  0.0 wa,  0.0 hi,  1.4 si,  0.0 st
