%Cpu(s):  0.7 us,  0.3 sy,  0.0 ni, 98.9 id,  0.0 wa,  0.0 hi,  0.0 si,  0.0 st
%Cpu(s):  2.1 us,  0.2 sy,  0.0 ni, 97.6 id,  0.0 wa,  0.0 hi,  0.0 si,  0.0 st
%Cpu(s):  0.7 us,  0.0 sy,  0.0 ni, 99.3 id,  0.0 wa,  0.0 hi,  0.0 si,  0.0 st
%Cpu(s):  0.5 us,  0.1 sy,  0.0 ni, 99.4 id,  0.0 wa,  0.0 hi,  0.0 si,  0.0 st
%Cpu(s): 12.0 us,  0.8 sy,  0.0 ni, 87.0 id,  0.3 wa,  0.0 hi,  0.0 si,  0.0 st
%Cpu(s): 51.4 us,  6.6 sy,  0.0 ni, 41.2 id,  0.0 wa,  0.0 hi,  0.9 si,  0.0 st
%Cpu(s): 56.8 us,  8.0 sy,  0.0 ni, 33.6 id,  0.0 wa,  0.0 hi,  1.6 si,  0.0 st
%Cpu(s): 53.8 us, 10.1 sy,  0.0 ni, 34.4 id,  0.0 wa,  0.0 hi,  1.6 si,  0.1 st
%Cpu(s): 24.6 us,  8.6 sy,  0.0 ni, 65.2 id,  0.0 wa,  0.0 hi,  1.6 si,  0.0 st
%Cpu(s): 18.2 us,  9.1 sy,  0.0 ni, 72.0 id,  0.0 wa,  0.0 hi,  0.8 si,  0.0 st
%Cpu(s): 21.1 us,  8.7 sy,  0.0 ni, 68.5 id,  0.0 wa,  0.0 hi,  1.6 si,  0.0 st
%Cpu(s): 18.6 us,  7.6 sy,  0.0 ni, 72.4 id,  0.0 wa,  0.0 hi,  1.2 si,  0.1 st
%Cpu(s): 17.1 us,  8.9 sy,  0.0 ni, 72.4 id,  0.0 wa,  0.0 hi,  1.6 si,  0.0 st
%Cpu(s): 18.1 us,  9.2 sy,  0.0 ni, 71.5 id,  0.0 wa,  0.0 hi,  1.2 si,  0.0 st
%Cpu(s): 18.2 us,  8.3 sy,  0.0 ni, 72.3 id,  0.0 wa,  0.0 hi,  1.0 si,  0.1 st
%Cpu(s): 18.3 us,  9.4 sy,  0.0 ni, 71.9 id,  0.0 wa,  0.0 hi,  0.5 si,  0.0 st
%Cpu(s): 18.6 us, 10.8 sy,  0.0 ni, 68.5 id,  0.0 wa,  0.0 hi,  2.1 si,  0.0 st
%Cpu(s): 18.7 us, 13.7 sy,  0.0 ni, 66.3 id,  0.0 wa,  0.0 hi,  1.3 si,  0.0 st
%Cpu(s): 17.1 us, 10.0 sy,  0.0 ni, 71.4 id,  0.0 wa,  0.0 hi,  1.5 si,  0.0 st
%Cpu(s): 18.4 us, 10.9 sy,  0.0 ni, 68.6 id,  0.0 wa,  0.0 hi,  2.1 si,  0.0 st
%Cpu(s): 19.1 us, 10.5 sy,  0.0 ni, 69.1 id,  0.0 wa,  0.0 hi,  1.2 si,  0.0 st
%Cpu(s): 18.5 us, 11.6 sy,  0.0 ni, 68.1 id,  0.0 wa,  0.0 hi,  1.6 si,  0.1 st
%Cpu(s): 18.0 us, 13.1 sy,  0.0 ni, 68.3 id,  0.0 wa,  0.0 hi,  0.6 si,  0.0 st
%Cpu(s): 20.4 us, 12.0 sy,  0.0 ni, 67.0 id,  0.0 wa,  0.0 hi,  0.6 si,  0.0 st
%Cpu(s): 16.6 us,  9.5 sy,  0.0 ni, 73.0 id,  0.0 wa,  0.0 hi,  0.9 si,  0.0 st
%Cpu(s): 16.7 us,  8.4 sy,  0.0 ni, 73.1 id,  0.1 wa,  0.0 hi,  1.7 si,  0.0 st
%Cpu(s): 16.7 us,  9.3 sy,  0.0 ni, 73.0 id,  0.0 wa,  0.0 hi,  0.9 si,  0.0 st
%Cpu(s): 15.5 us,  8.9 sy,  0.0 ni, 74.5 id,  0.0 wa,  0.0 hi,  1.2 si,  0.0 st
%Cpu(s): 18.6 us, 12.4 sy,  0.0 ni, 67.4 id,  0.0 wa,  0.0 hi,  1.5 si,  0.1 st
%Cpu(s): 18.3 us, 11.0 sy,  0.0 ni, 69.7 id,  0.0 wa,  0.0 hi,  1.0 si,  0.0 st
%Cpu(s): 42.8 us, 11.4 sy,  0.0 ni, 44.3 id,  0.0 wa,  0.0 hi,  1.6 si,  0.0 st
%Cpu(s): 19.3 us,  9.9 sy,  0.0 ni, 69.7 id,  0.0 wa,  0.0 hi,  0.9 si,  0.1 st
%Cpu(s): 18.4 us, 11.1 sy,  0.0 ni, 68.7 id,  0.0 wa,  0.0 hi,  1.7 si,  0.0 st
%Cpu(s): 18.7 us, 11.3 sy,  0.0 ni, 68.7 id,  0.0 wa,  0.0 hi,  1.3 si,  0.1 st
%Cpu(s): 18.9 us, 10.0 sy,  0.0 ni, 69.3 id,  0.0 wa,  0.0 hi,  1.9 si,  0.0 st
%Cpu(s): 18.1 us, 11.5 sy,  0.0 ni, 68.7 id,  0.0 wa,  0.0 hi,  1.7 si,  0.0 st
%Cpu(s): 17.9 us, 11.3 sy,  0.0 ni, 68.9 id,  0.3 wa,  0.0 hi,  1.6 si,  0.0 st
%Cpu(s): 20.0 us, 14.7 sy,  0.0 ni, 64.1 id,  0.0 wa,  0.0 hi,  1.3 si,  0.0 st
%Cpu(s): 16.7 us, 10.5 sy,  0.0 ni, 69.7 id,  1.8 wa,  0.0 hi,  1.2 si,  0.0 st
%Cpu(s): 16.6 us,  9.8 sy,  0.0 ni, 71.9 id,  0.9 wa,  0.0 hi,  0.8 si,  0.0 st
%Cpu(s): 17.3 us, 10.0 sy,  0.0 ni, 71.3 id,  0.0 wa,  0.0 hi,  1.4 si,  0.0 st
%Cpu(s): 19.4 us,  9.3 sy,  0.0 ni, 69.9 id,  0.0 wa,  0.0 hi,  1.4 si,  0.0 st
%Cpu(s): 19.0 us, 11.0 sy,  0.0 ni, 68.5 id,  0.0 wa,  0.0 hi,  1.5 si,  0.0 st
%Cpu(s): 18.7 us, 10.1 sy,  0.0 ni, 69.7 id,  0.0 wa,  0.0 hi,  1.5 si,  0.0 st
%Cpu(s): 15.7 us,  9.9 sy,  0.0 ni, 73.1 id,  0.0 wa,  0.0 hi,  1.1 si,  0.1 st
%Cpu(s): 17.7 us,  9.4 sy,  0.0 ni, 71.8 id,  0.0 wa,  0.0 hi,  1.1 si,  0.0 st
%Cpu(s): 19.5 us,  8.7 sy,  0.0 ni, 70.4 id,  0.1 wa,  0.0 hi,  1.2 si,  0.1 st
%Cpu(s): 18.1 us,  8.8 sy,  0.0 ni, 71.5 id,  0.0 wa,  0.0 hi,  1.6 si,  0.0 st
%Cpu(s): 17.7 us,  9.0 sy,  0.0 ni, 72.1 id,  0.0 wa,  0.0 hi,  1.1 si,  0.0 st
%Cpu(s): 19.1 us,  9.9 sy,  0.0 ni, 70.0 id,  0.0 wa,  0.0 hi,  0.9 si,  0.0 st
%Cpu(s): 17.0 us,  9.8 sy,  0.0 ni, 72.3 id,  0.0 wa,  0.0 hi,  0.9 si,  0.0 st
%Cpu(s): 19.1 us,  9.7 sy,  0.0 ni, 69.5 id,  0.0 wa,  0.0 hi,  1.6 si,  0.1 st
%Cpu(s): 18.4 us,  8.8 sy,  0.0 ni, 71.5 id,  0.0 wa,  0.0 hi,  1.4 si,  0.0 st
%Cpu(s): 17.5 us,  9.5 sy,  0.0 ni, 70.9 id,  0.0 wa,  0.0 hi,  2.2 si,  0.0 st
%Cpu(s): 19.5 us, 10.4 sy,  0.0 ni, 69.3 id,  0.0 wa,  0.0 hi,  0.7 si,  0.0 st
%Cpu(s): 17.3 us,  9.4 sy,  0.0 ni, 71.8 id,  0.0 wa,  0.0 hi,  1.5 si,  0.0 st
%Cpu(s): 20.2 us,  9.1 sy,  0.0 ni, 69.2 id,  0.3 wa,  0.0 hi,  1.3 si,  0.0 st
%Cpu(s): 20.5 us, 10.3 sy,  0.0 ni, 68.2 id,  0.0 wa,  0.0 hi,  1.0 si,  0.0 st
%Cpu(s): 20.4 us,  9.6 sy,  0.0 ni, 68.3 id,  0.0 wa,  0.0 hi,  1.5 si,  0.1 st
%Cpu(s): 19.9 us,  9.7 sy,  0.0 ni, 69.1 id,  0.0 wa,  0.0 hi,  1.3 si,  0.0 st
%Cpu(s): 18.1 us, 10.1 sy,  0.0 ni, 70.6 id,  0.0 wa,  0.0 hi,  1.3 si,  0.0 st
%Cpu(s): 24.1 us,  7.8 sy,  0.0 ni, 67.4 id,  0.0 wa,  0.0 hi,  0.8 si,  0.0 st
%Cpu(s): 16.3 us,  9.1 sy,  0.0 ni, 73.2 id,  0.0 wa,  0.0 hi,  1.5 si,  0.0 st
%Cpu(s): 15.4 us,  9.9 sy,  0.0 ni, 74.2 id,  0.0 wa,  0.0 hi,  0.5 si,  0.0 st
%Cpu(s): 16.3 us,  9.9 sy,  0.0 ni, 72.8 id,  0.0 wa,  0.0 hi,  1.0 si,  0.0 st
%Cpu(s): 16.3 us, 10.7 sy,  0.0 ni, 72.0 id,  0.0 wa,  0.0 hi,  0.9 si,  0.1 st
%Cpu(s): 18.6 us,  9.7 sy,  0.0 ni, 70.3 id,  0.0 wa,  0.0 hi,  1.4 si,  0.0 st
%Cpu(s): 18.3 us, 10.9 sy,  0.0 ni, 69.6 id,  0.0 wa,  0.0 hi,  1.0 si,  0.1 st
%Cpu(s): 15.5 us,  9.4 sy,  0.0 ni, 73.4 id,  0.0 wa,  0.0 hi,  1.7 si,  0.0 st
%Cpu(s): 15.2 us,  9.2 sy,  0.0 ni, 73.0 id,  1.1 wa,  0.0 hi,  1.5 si,  0.0 st
%Cpu(s): 17.3 us,  8.7 sy,  0.0 ni, 72.6 id,  0.0 wa,  0.0 hi,  1.4 si,  0.0 st
%Cpu(s): 15.4 us, 10.3 sy,  0.0 ni, 72.7 id,  0.1 wa,  0.0 hi,  1.5 si,  0.0 st
%Cpu(s): 16.5 us, 10.2 sy,  0.0 ni, 73.0 id,  0.0 wa,  0.0 hi,  0.3 si,  0.0 st
%Cpu(s): 15.5 us,  9.6 sy,  0.0 ni, 73.7 id,  0.0 wa,  0.0 hi,  1.2 si,  0.0 st
%Cpu(s): 16.7 us, 10.8 sy,  0.0 ni, 71.9 id,  0.0 wa,  0.0 hi,  0.4 si,  0.1 st
%Cpu(s): 15.3 us,  9.4 sy,  0.0 ni, 75.1 id,  0.0 wa,  0.0 hi,  0.1 si,  0.0 st
%Cpu(s): 14.9 us,  9.0 sy,  0.0 ni, 75.9 id,  0.0 wa,  0.0 hi,  0.1 si,  0.0 st
%Cpu(s): 15.4 us,  9.7 sy,  0.0 ni, 74.6 id,  0.0 wa,  0.0 hi,  0.3 si,  0.0 st
%Cpu(s): 14.4 us, 10.3 sy,  0.0 ni, 73.5 id,  0.0 wa,  0.0 hi,  1.8 si,  0.0 st
%Cpu(s): 15.3 us, 10.7 sy,  0.0 ni, 71.6 id,  0.0 wa,  0.0 hi,  2.2 si,  0.1 st
%Cpu(s): 13.9 us,  9.4 sy,  0.0 ni, 74.6 id,  0.0 wa,  0.0 hi,  2.0 si,  0.0 st
%Cpu(s): 15.2 us, 10.9 sy,  0.0 ni, 72.5 id,  0.0 wa,  0.0 hi,  1.4 si,  0.0 st
%Cpu(s): 13.1 us, 10.7 sy,  0.0 ni, 74.2 id,  0.0 wa,  0.0 hi,  2.0 si,  0.0 st
%Cpu(s): 10.5 us,  8.7 sy,  0.0 ni, 79.7 id,  0.0 wa,  0.0 hi,  1.0 si,  0.0 st
%Cpu(s):  9.0 us,  6.8 sy,  0.0 ni, 82.8 id,  0.0 wa,  0.0 hi,  1.4 si,  0.0 st
%Cpu(s):  2.9 us,  2.5 sy,  0.0 ni, 93.9 id,  0.0 wa,  0.0 hi,  0.8 si,  0.0 st
%Cpu(s):  0.2 us,  0.2 sy,  0.0 ni, 99.5 id,  0.0 wa,  0.0 hi,  0.0 si,  0.0 st
%Cpu(s):  0.1 us,  0.1 sy,  0.0 ni, 99.8 id,  0.0 wa,  0.0 hi,  0.0 si,  0.0 st
%Cpu(s):  0.4 us,  0.1 sy,  0.0 ni, 99.5 id,  0.0 wa,  0.0 hi,  0.0 si,  0.0 st
