%Cpu(s):  3.7 us,  1.8 sy,  0.0 ni, 94.3 id,  0.0 wa,  0.0 hi,  0.2 si,  0.0 st
%Cpu(s):  0.7 us,  0.2 sy,  0.0 ni, 99.0 id,  0.0 wa,  0.0 hi,  0.0 si,  0.0 st
%Cpu(s):  0.1 us,  0.2 sy,  0.0 ni, 99.6 id,  0.0 wa,  0.0 hi,  0.0 si,  0.0 st
%Cpu(s):  0.2 us,  0.1 sy,  0.0 ni, 99.6 id,  0.0 wa,  0.0 hi,  0.0 si,  0.0 st
%Cpu(s): 14.5 us,  0.9 sy,  0.0 ni, 84.3 id,  0.2 wa,  0.0 hi,  0.0 si,  0.1 st
%Cpu(s): 53.5 us,  7.0 sy,  0.0 ni, 38.2 id,  0.0 wa,  0.0 hi,  1.2 si,  0.0 st
%Cpu(s): 55.7 us, 10.1 sy,  0.0 ni, 32.4 id,  0.0 wa,  0.0 hi,  1.8 si,  0.0 st
%Cpu(s): 53.3 us,  9.0 sy,  0.0 ni, 36.3 id,  0.0 wa,  0.0 hi,  1.3 si,  0.1 st
%Cpu(s): 22.6 us, 11.6 sy,  0.0 ni, 64.3 id,  0.0 wa,  0.0 hi,  1.5 si,  0.0 st
%Cpu(s): 21.0 us,  9.0 sy,  0.0 ni, 68.6 id,  0.0 wa,  0.0 hi,  1.5 si,  0.0 st
%Cpu(s): 18.9 us, 11.0 sy,  0.0 ni, 68.9 id,  0.0 wa,  0.0 hi,  1.3 si,  0.0 st
%Cpu(s): 19.0 us, 10.0 sy,  0.0 ni, 70.1 id,  0.1 wa,  0.0 hi,  0.8 si,  0.0 st
%Cpu(s): 20.2 us,  8.7 sy,  0.0 ni, 69.5 id,  0.0 wa,  0.0 hi,  1.6 si,  0.0 st
%Cpu(s): 16.3 us, 10.0 sy,  0.0 ni, 72.0 id,  0.0 wa,  0.0 hi,  1.5 si,  0.1 st
%Cpu(s): 19.5 us, 11.2 sy,  0.0 ni, 67.8 id,  0.0 wa,  0.0 hi,  1.5 si,  0.0 st
%Cpu(s): 18.4 us, 13.0 sy,  0.0 ni, 67.2 id,  0.0 wa,  0.0 hi,  1.4 si,  0.0 st
%Cpu(s): 19.2 us,  9.9 sy,  0.0 ni, 70.1 id,  0.1 wa,  0.0 hi,  0.6 si,  0.0 st
%Cpu(s): 18.2 us,  9.7 sy,  0.0 ni, 71.4 id,  0.0 wa,  0.0 hi,  0.6 si,  0.0 st
%Cpu(s): 18.4 us, 12.0 sy,  0.0 ni, 68.8 id,  0.0 wa,  0.0 hi,  0.8 si,  0.0 st
%Cpu(s): 21.2 us, 10.4 sy,  0.0 ni, 68.2 id,  0.0 wa,  0.0 hi,  0.1 si,  0.0 st
%Cpu(s): 18.0 us, 10.6 sy,  0.0 ni, 70.5 id,  0.0 wa,  0.0 hi,  0.8 si,  0.1 st
%Cpu(s): 19.4 us, 10.0 sy,  0.0 ni, 70.1 id,  0.0 wa,  0.0 hi,  0.5 si,  0.0 st
%Cpu(s): 18.1 us, 13.3 sy,  0.0 ni, 67.5 id,  0.0 wa,  0.0 hi,  1.2 si,  0.0 st
%Cpu(s): 19.4 us, 13.6 sy,  0.0 ni, 64.8 id,  0.0 wa,  0.0 hi,  2.0 si,  0.1 st
%Cpu(s): 21.8 us, 11.0 sy,  0.0 ni, 65.2 id,  0.0 wa,  0.0 hi,  2.0 si,  0.0 st
%Cpu(s): 21.0 us, 11.2 sy,  0.0 ni, 65.8 id,  0.0 wa,  0.0 hi,  2.0 si,  0.0 st
%Cpu(s): 19.3 us, 10.0 sy,  0.0 ni, 68.8 id,  0.1 wa,  0.0 hi,  1.8 si,  0.0 st
%Cpu(s): 19.9 us,  9.9 sy,  0.0 ni, 68.8 id,  0.0 wa,  0.0 hi,  1.4 si,  0.1 st
%Cpu(s): 18.3 us, 10.5 sy,  0.0 ni, 69.7 id,  0.0 wa,  0.0 hi,  1.5 si,  0.0 st
%Cpu(s): 16.9 us, 10.6 sy,  0.0 ni, 70.6 id,  0.0 wa,  0.0 hi,  1.8 si,  0.0 st
%Cpu(s): 39.8 us, 13.8 sy,  0.0 ni, 45.6 id,  0.0 wa,  0.0 hi,  0.9 si,  0.0 st
%Cpu(s): 18.2 us, 13.4 sy,  0.0 ni, 66.8 id,  0.0 wa,  0.0 hi,  1.6 si,  0.0 st
%Cpu(s): 18.0 us, 11.7 sy,  0.0 ni, 69.7 id,  0.0 wa,  0.0 hi,  0.6 si,  0.0 st
%Cpu(s): 19.5 us, 11.1 sy,  0.0 ni, 68.7 id,  0.0 wa,  0.0 hi,  0.6 si,  0.0 st
%Cpu(s): 18.6 us, 10.9 sy,  0.0 ni, 70.0 id,  0.0 wa,  0.0 hi,  0.5 si,  0.0 st
%Cpu(s): 20.8 us,  9.3 sy,  0.0 ni, 67.5 id,  1.1 wa,  0.0 hi,  1.1 si,  0.1 st
%Cpu(s): 21.1 us, 10.0 sy,  0.0 ni, 67.0 id,  0.1 wa,  0.0 hi,  1.8 si,  0.0 st
%Cpu(s): 20.5 us, 10.7 sy,  0.0 ni, 67.1 id,  0.0 wa,  0.0 hi,  1.5 si,  0.1 st
%Cpu(s): 22.6 us, 11.7 sy,  0.0 ni, 63.8 id,  0.0 wa,  0.0 hi,  1.9 si,  0.0 st
%Cpu(s): 22.9 us, 11.5 sy,  0.0 ni, 64.6 id,  0.0 wa,  0.0 hi,  1.0 si,  0.0 st
%Cpu(s): 21.3 us, 10.6 sy,  0.0 ni, 66.5 id,  0.0 wa,  0.0 hi,  1.4 si,  0.1 st
%Cpu(s): 20.6 us,  9.9 sy,  0.0 ni, 68.9 id,  0.0 wa,  0.0 hi,  0.6 si,  0.0 st
%Cpu(s): 18.9 us, 10.9 sy,  0.0 ni, 68.7 id,  0.0 wa,  0.0 hi,  1.5 si,  0.0 st
%Cpu(s): 19.2 us, 10.5 sy,  0.0 ni, 69.8 id,  0.0 wa,  0.0 hi,  0.4 si,  0.1 st
%Cpu(s): 18.1 us,  9.1 sy,  0.0 ni, 70.8 id,  0.0 wa,  0.0 hi,  2.0 si,  0.0 st
%Cpu(s): 21.9 us, 10.2 sy,  0.0 ni, 66.3 id,  0.0 wa,  0.0 hi,  1.6 si,  0.0 st
%Cpu(s): 18.1 us,  9.8 sy,  0.0 ni, 71.4 id,  0.1 wa,  0.0 hi,  0.5 si,  0.0 st
%Cpu(s): 19.0 us, 11.3 sy,  0.0 ni, 68.9 id,  0.0 wa,  0.0 hi,  0.8 si,  0.0 st
%Cpu(s): 19.2 us, 10.1 sy,  0.0 ni, 70.2 id,  0.0 wa,  0.0 hi,  0.5 si,  0.0 st
%Cpu(s): 21.8 us, 10.8 sy,  0.0 ni, 67.0 id,  0.0 wa,  0.0 hi,  0.4 si,  0.0 st
%Cpu(s): 19.6 us,  9.8 sy,  0.0 ni, 68.8 id,  0.0 wa,  0.0 hi,  1.7 si,  0.1 st
%Cpu(s): 19.0 us, 11.1 sy,  0.0 ni, 68.0 id,  0.1 wa,  0.0 hi,  1.8 si,  0.0 st
%Cpu(s): 18.9 us, 12.1 sy,  0.0 ni, 67.3 id,  0.0 wa,  0.0 hi,  1.8 si,  0.0 st
%Cpu(s): 19.0 us, 10.3 sy,  0.0 ni, 68.9 id,  0.0 wa,  0.0 hi,  1.8 si,  0.0 st
%Cpu(s): 19.4 us, 11.0 sy,  0.0 ni, 68.7 id,  0.0 wa,  0.0 hi,  0.8 si,  0.1 st
%Cpu(s): 18.7 us, 10.5 sy,  0.0 ni, 70.0 id,  0.0 wa,  0.0 hi,  0.8 si,  0.0 st
%Cpu(s): 20.1 us,  9.2 sy,  0.0 ni, 70.2 id,  0.0 wa,  0.0 hi,  0.5 si,  0.0 st
%Cpu(s): 19.9 us,  9.4 sy,  0.0 ni, 68.7 id,  0.0 wa,  0.0 hi,  2.0 si,  0.0 st
%Cpu(s): 17.1 us, 11.0 sy,  0.0 ni, 70.2 id,  0.0 wa,  0.0 hi,  1.7 si,  0.0 st
%Cpu(s): 17.3 us, 11.1 sy,  0.0 ni, 70.9 id,  0.0 wa,  0.0 hi,  0.5 si,  0.1 st
%Cpu(s): 18.5 us,  9.3 sy,  0.0 ni, 70.6 id,  0.0 wa,  0.0 hi,  1.6 si,  0.0 st
%Cpu(s): 21.1 us,  9.9 sy,  0.0 ni, 68.1 id,  0.1 wa,  0.0 hi,  0.8 si,  0.0 st
%Cpu(s): 16.1 us,  9.6 sy,  0.0 ni, 72.9 id,  0.0 wa,  0.0 hi,  1.4 si,  0.0 st
%Cpu(s): 14.5 us, 10.6 sy,  0.0 ni, 72.9 id,  0.0 wa,  0.0 hi,  1.9 si,  0.0 st
%Cpu(s): 15.1 us, 10.3 sy,  0.0 ni, 72.8 id,  0.0 wa,  0.0 hi,  1.8 si,  0.0 st
%Cpu(s): 18.7 us, 10.8 sy,  0.0 ni, 66.6 id,  2.6 wa,  0.0 hi,  1.2 si,  0.1 st
%Cpu(s): 18.7 us,  9.4 sy,  0.0 ni, 71.3 id,  0.3 wa,  0.0 hi,  0.4 si,  0.0 st
%Cpu(s): 17.0 us, 10.8 sy,  0.0 ni, 71.9 id,  0.0 wa,  0.0 hi,  0.3 si,  0.0 st
%Cpu(s): 18.1 us, 10.0 sy,  0.0 ni, 69.9 id,  0.0 wa,  0.0 hi,  2.0 si,  0.0 st
%Cpu(s): 17.8 us,  9.5 sy,  0.0 ni, 71.9 id,  0.0 wa,  0.0 hi,  0.8 si,  0.0 st
%Cpu(s): 17.3 us,  9.2 sy,  0.0 ni, 71.8 id,  0.0 wa,  0.0 hi,  1.6 si,  0.1 st
%Cpu(s): 17.0 us, 10.7 sy,  0.0 ni, 71.6 id,  0.0 wa,  0.0 hi,  0.8 si,  0.0 st
%Cpu(s): 19.0 us, 12.0 sy,  0.0 ni, 68.8 id,  0.0 wa,  0.0 hi,  0.3 si,  0.0 st
%Cpu(s): 18.0 us, 10.8 sy,  0.0 ni, 70.0 id,  0.0 wa,  0.0 hi,  1.2 si,  0.0 st
%Cpu(s): 17.4 us, 10.0 sy,  0.0 ni, 70.8 id,  0.0 wa,  0.0 hi,  1.8 si,  0.1 st
%Cpu(s): 18.4 us,  9.5 sy,  0.0 ni, 70.7 id,  0.0 wa,  0.0 hi,  1.4 si,  0.0 st
%Cpu(s): 17.3 us, 10.6 sy,  0.0 ni, 70.8 id,  0.0 wa,  0.0 hi,  1.3 si,  0.0 st
%Cpu(s): 16.2 us, 12.2 sy,  0.0 ni, 69.3 id,  0.0 wa,  0.0 hi,  2.3 si,  0.0 st
%Cpu(s): 18.3 us, 11.3 sy,  0.0 ni, 69.0 id,  0.0 wa,  0.0 hi,  1.4 si,  0.0 st
%Cpu(s): 18.3 us, 13.0 sy,  0.0 ni, 66.3 id,  0.0 wa,  0.0 hi,  2.4 si,  0.0 st
%Cpu(s): 16.4 us, 13.5 sy,  0.0 ni, 67.8 id,  0.0 wa,  0.0 hi,  2.3 si,  0.0 st
%Cpu(s): 16.0 us, 13.2 sy,  0.0 ni, 68.1 id,  0.1 wa,  0.0 hi,  2.5 si,  0.0 st
%Cpu(s): 15.0 us, 10.5 sy,  0.0 ni, 72.2 id,  0.0 wa,  0.0 hi,  2.4 si,  0.0 st
%Cpu(s): 11.0 us,  8.9 sy,  0.0 ni, 78.5 id,  0.0 wa,  0.0 hi,  1.6 si,  0.0 st
%Cpu(s):  5.6 us,  2.7 sy,  0.0 ni, 91.0 id,  0.0 wa,  0.0 hi,  0.4 si,  0.2 st
%Cpu(s):  4.1 us,  2.2 sy,  0.0 ni, 93.4 id,  0.0 wa,  0.0 hi,  0.1 si,  0.1 st
%Cpu(s):  3.3 us,  1.6 sy,  0.0 ni, 94.9 id,  0.0 wa,  0.0 hi,  0.0 si,  0.1 st
%Cpu(s):  3.6 us,  2.1 sy,  0.0 ni, 94.0 id,  0.0 wa,  0.0 hi,  0.0 si,  0.3 st
