%Cpu(s):  2.2 us,  1.0 sy,  0.0 ni, 96.6 id,  0.1 wa,  0.0 hi,  0.1 si,  0.0 st
%Cpu(s):  0.1 us,  0.1 sy,  0.0 ni, 99.8 id,  0.0 wa,  0.0 hi,  0.0 si,  0.0 st
%Cpu(s):  0.2 us,  0.0 sy,  0.0 ni, 99.8 id,  0.0 wa,  0.0 hi,  0.0 si,  0.0 st
%Cpu(s):  0.2 us,  0.2 sy,  0.0 ni, 99.5 id,  0.0 wa,  0.0 hi,  0.0 si,  0.0 st
%Cpu(s): 13.1 us,  1.0 sy,  0.0 ni, 85.4 id,  0.4 wa,  0.0 hi,  0.1 si,  0.0 st
%Cpu(s): 49.0 us,  4.7 sy,  0.0 ni, 45.5 id,  0.0 wa,  0.0 hi,  0.7 si,  0.0 st
%Cpu(s): 42.3 us,  4.8 sy,  0.0 ni, 52.0 id,  0.0 wa,  0.0 hi,  0.8 si,  0.1 st
%Cpu(s): 18.5 us,  4.5 sy,  0.0 ni, 75.9 id,  0.0 wa,  0.0 hi,  1.0 si,  0.0 st
%Cpu(s): 10.0 us,  5.6 sy,  0.0 ni, 83.6 id,  0.0 wa,  0.0 hi,  0.8 si,  0.0 st
%Cpu(s): 12.5 us,  6.4 sy,  0.0 ni, 80.7 id,  0.0 wa,  0.0 hi,  0.4 si,  0.0 st
%Cpu(s):  8.7 us,  5.6 sy,  0.0 ni, 84.5 id,  0.0 wa,  0.0 hi,  1.3 si,  0.0 st
%Cpu(s):  9.3 us,  7.4 sy,  0.0 ni, 83.3 id,  0.0 wa,  0.0 hi,  0.0 si,  0.0 st
%Cpu(s):  8.1 us,  5.2 sy,  0.0 ni, 85.9 id,  0.0 wa,  0.0 hi,  0.9 si,  0.0 st
%Cpu(s):  8.1 us,  4.0 sy,  0.0 ni, 86.6 id,  0.1 wa,  0.0 hi,  1.1 si,  0.0 st
%Cpu(s):  8.8 us,  4.9 sy,  0.0 ni, 85.4 id,  0.0 wa,  0.0 hi,  0.9 si,  0.0 st
%Cpu(s):  7.2 us,  4.6 sy,  0.0 ni, 87.7 id,  0.0 wa,  0.0 hi,  0.3 si,  0.3 st
%Cpu(s):  6.8 us,  5.0 sy,  0.0 ni, 86.9 id,  0.0 wa,  0.0 hi,  1.4 si,  0.0 st
%Cpu(s):  8.0 us,  5.9 sy,  0.0 ni, 85.1 id,  0.0 wa,  0.0 hi,  1.0 si,  0.1 st
%Cpu(s):  9.2 us,  5.7 sy,  0.0 ni, 84.7 id,  0.0 wa,  0.0 hi,  0.4 si,  0.0 st
%Cpu(s): 11.1 us,  6.7 sy,  0.0 ni, 81.9 id,  0.0 wa,  0.0 hi,  0.3 si,  0.0 st
%Cpu(s): 12.8 us,  6.7 sy,  0.0 ni, 80.1 id,  0.0 wa,  0.0 hi,  0.3 si,  0.1 st
%Cpu(s): 11.5 us,  6.3 sy,  0.0 ni, 81.2 id,  0.0 wa,  0.0 hi,  1.0 si,  0.0 st
%Cpu(s): 12.2 us,  8.1 sy,  0.0 ni, 78.4 id,  0.0 wa,  0.0 hi,  1.3 si,  0.0 st
%Cpu(s): 12.1 us,  7.4 sy,  0.0 ni, 80.3 id,  0.0 wa,  0.0 hi,  0.1 si,  0.0 st
%Cpu(s): 10.9 us,  6.5 sy,  0.0 ni, 82.0 id,  0.0 wa,  0.0 hi,  0.6 si,  0.0 st
