%Cpu(s):  2.9 us,  0.3 sy,  0.0 ni, 96.7 id,  0.0 wa,  0.0 hi,  0.1 si,  0.0 st
%Cpu(s): 16.2 us,  1.0 sy,  0.0 ni, 82.3 id,  0.0 wa,  0.0 hi,  0.1 si,  0.4 st
%Cpu(s):  3.0 us,  0.8 sy,  0.0 ni, 96.2 id,  0.0 wa,  0.0 hi,  0.0 si,  0.0 st
%Cpu(s):  2.9 us,  1.3 sy,  0.0 ni, 95.8 id,  0.0 wa,  0.0 hi,  0.0 si,  0.0 st
%Cpu(s): 18.2 us,  1.9 sy,  0.0 ni, 79.9 id,  0.0 wa,  0.0 hi,  0.0 si,  0.0 st
%Cpu(s): 80.1 us,  6.4 sy,  0.0 ni, 12.4 id,  0.0 wa,  0.0 hi,  1.1 si,  0.0 st
%Cpu(s): 86.7 us, 10.4 sy,  0.0 ni,  0.2 id,  0.0 wa,  0.0 hi,  2.6 si,  0.0 st
%Cpu(s): 87.8 us,  9.1 sy,  0.0 ni,  0.1 id,  0.0 wa,  0.0 hi,  2.9 si,  0.1 st
%Cpu(s): 88.6 us,  8.7 sy,  0.0 ni,  0.6 id,  0.0 wa,  0.0 hi,  2.1 si,  0.0 st
%Cpu(s): 87.9 us,  9.3 sy,  0.0 ni,  0.5 id,  0.0 wa,  0.0 hi,  2.2 si,  0.0 st
%Cpu(s): 88.3 us,  8.9 sy,  0.0 ni,  0.0 id,  0.0 wa,  0.0 hi,  2.6 si,  0.1 st
%Cpu(s): 89.7 us,  7.3 sy,  0.0 ni,  0.4 id,  0.0 wa,  0.0 hi,  2.6 si,  0.0 st
%Cpu(s): 88.1 us,  9.4 sy,  0.0 ni,  0.2 id,  0.0 wa,  0.0 hi,  2.2 si,  0.0 st
%Cpu(s): 87.2 us,  9.4 sy,  0.0 ni,  1.0 id,  0.0 wa,  0.0 hi,  2.5 si,  0.0 st
%Cpu(s): 87.4 us,  8.7 sy,  0.0 ni,  0.9 id,  0.0 wa,  0.0 hi,  3.0 si,  0.0 st
%Cpu(s): 88.2 us,  8.8 sy,  0.0 ni,  0.4 id,  0.0 wa,  0.0 hi,  2.6 si,  0.0 st
%Cpu(s): 86.5 us, 10.0 sy,  0.0 ni,  0.5 id,  0.0 wa,  0.0 hi,  3.0 si,  0.0 st
%Cpu(s): 89.9 us,  6.5 sy,  0.0 ni,  1.2 id,  0.0 wa,  0.0 hi,  2.4 si,  0.0 st
%Cpu(s): 83.1 us, 10.2 sy,  0.0 ni,  4.4 id,  0.0 wa,  0.0 hi,  2.4 si,  0.0 st
%Cpu(s): 70.1 us,  8.3 sy,  0.0 ni, 19.2 id,  0.0 wa,  0.0 hi,  2.3 si,  0.1 st
%Cpu(s): 58.7 us,  7.5 sy,  0.0 ni, 31.8 id,  0.0 wa,  0.0 hi,  1.8 si,  0.1 st
%Cpu(s): 58.9 us,  9.3 sy,  0.0 ni, 30.2 id,  0.0 wa,  0.0 hi,  1.6 si,  0.0 st
%Cpu(s): 52.0 us,  9.3 sy,  0.0 ni, 36.6 id,  0.0 wa,  0.0 hi,  2.0 si,  0.1 st
%Cpu(s): 62.0 us,  8.7 sy,  0.0 ni, 27.8 id,  0.0 wa,  0.0 hi,  1.4 si,  0.1 st
%Cpu(s): 51.4 us,  9.4 sy,  0.0 ni, 37.4 id,  0.0 wa,  0.0 hi,  1.8 si,  0.0 st
%Cpu(s): 39.1 us,  8.2 sy,  0.0 ni, 51.8 id,  0.0 wa,  0.0 hi,  0.9 si,  0.0 st
%Cpu(s): 34.9 us,  7.3 sy,  0.0 ni, 56.6 id,  0.0 wa,  0.0 hi,  1.3 si,  0.0 st
%Cpu(s): 32.5 us,  7.9 sy,  0.0 ni, 58.8 id,  0.0 wa,  0.0 hi,  0.8 si,  0.0 st
%Cpu(s): 29.8 us,  9.3 sy,  0.0 ni, 59.3 id,  0.0 wa,  0.0 hi,  1.4 si,  0.3 st
%Cpu(s): 33.7 us,  7.8 sy,  0.0 ni, 56.7 id,  0.0 wa,  0.0 hi,  1.8 si,  0.0 st
%Cpu(s): 46.4 us,  7.5 sy,  0.0 ni, 43.0 id,  0.0 wa,  0.0 hi,  2.9 si,  0.1 st
%Cpu(s): 37.1 us,  7.9 sy,  0.0 ni, 52.7 id,  0.0 wa,  0.0 hi,  2.0 si,  0.3 st
%Cpu(s): 23.8 us,  7.8 sy,  0.0 ni, 67.3 id,  0.0 wa,  0.0 hi,  0.9 si,  0.1 st
%Cpu(s): 29.5 us,  7.0 sy,  0.0 ni, 62.0 id,  0.0 wa,  0.0 hi,  1.6 si,  0.0 st
%Cpu(s): 63.5 us,  8.8 sy,  0.0 ni, 25.0 id,  0.0 wa,  0.0 hi,  2.6 si,  0.0 st
%Cpu(s): 84.8 us,  9.1 sy,  0.0 ni,  2.5 id,  0.0 wa,  0.0 hi,  3.5 si,  0.1 st
%Cpu(s): 70.8 us,  9.3 sy,  0.0 ni, 16.8 id,  0.0 wa,  0.0 hi,  3.1 si,  0.0 st
%Cpu(s): 32.2 us,  9.0 sy,  0.0 ni, 56.3 id,  0.0 wa,  0.0 hi,  2.5 si,  0.0 st
%Cpu(s): 21.5 us,  7.9 sy,  0.0 ni, 68.2 id,  0.0 wa,  0.0 hi,  2.4 si,  0.0 st
%Cpu(s): 38.6 us,  7.8 sy,  0.0 ni, 50.6 id,  0.0 wa,  0.0 hi,  2.7 si,  0.3 st
%Cpu(s): 25.0 us,  7.3 sy,  0.0 ni, 66.7 id,  0.0 wa,  0.0 hi,  1.0 si,  0.0 st
%Cpu(s): 39.1 us,  8.7 sy,  0.0 ni, 49.9 id,  0.0 wa,  0.0 hi,  2.3 si,  0.0 st
%Cpu(s): 30.2 us,  7.7 sy,  0.0 ni, 59.8 id,  0.0 wa,  0.0 hi,  2.2 si,  0.1 st
%Cpu(s): 25.5 us,  7.7 sy,  0.0 ni, 64.7 id,  0.0 wa,  0.0 hi,  2.0 si,  0.1 st
%Cpu(s): 23.4 us,  6.8 sy,  0.0 ni, 68.5 id,  0.0 wa,  0.0 hi,  1.2 si,  0.1 st
%Cpu(s): 24.9 us,  6.7 sy,  0.0 ni, 65.2 id,  0.0 wa,  0.0 hi,  3.0 si,  0.1 st
%Cpu(s): 29.8 us,  6.5 sy,  0.0 ni, 61.6 id,  0.0 wa,  0.0 hi,  2.1 si,  0.0 st
%Cpu(s): 22.7 us,  8.0 sy,  0.0 ni, 67.9 id,  0.0 wa,  0.0 hi,  1.3 si,  0.1 st
%Cpu(s): 22.0 us,  8.2 sy,  0.0 ni, 68.5 id,  0.0 wa,  0.0 hi,  1.3 si,  0.1 st
%Cpu(s): 20.8 us,  7.2 sy,  0.0 ni, 70.9 id,  0.0 wa,  0.0 hi,  1.0 si,  0.0 st
%Cpu(s): 21.2 us,  7.4 sy,  0.0 ni, 70.2 id,  0.0 wa,  0.0 hi,  1.2 si,  0.1 st
%Cpu(s): 21.4 us,  8.0 sy,  0.0 ni, 69.4 id,  0.1 wa,  0.0 hi,  1.0 si,  0.1 st
%Cpu(s): 22.5 us,  7.7 sy,  0.0 ni, 68.6 id,  0.0 wa,  0.0 hi,  1.2 si,  0.0 st
%Cpu(s): 25.2 us,  8.5 sy,  0.0 ni, 65.1 id,  0.0 wa,  0.0 hi,  1.0 si,  0.1 st
%Cpu(s): 25.2 us,  7.3 sy,  0.0 ni, 66.4 id,  0.0 wa,  0.0 hi,  1.2 si,  0.0 st
%Cpu(s): 21.5 us,  8.5 sy,  0.0 ni, 68.8 id,  0.0 wa,  0.0 hi,  1.2 si,  0.0 st
%Cpu(s): 23.6 us,  6.9 sy,  0.0 ni, 67.7 id,  0.0 wa,  0.0 hi,  1.5 si,  0.3 st
%Cpu(s): 22.0 us,  6.8 sy,  0.0 ni, 69.8 id,  0.0 wa,  0.0 hi,  1.3 si,  0.1 st
%Cpu(s): 21.4 us,  7.6 sy,  0.0 ni, 69.0 id,  0.0 wa,  0.0 hi,  1.8 si,  0.1 st
%Cpu(s): 26.1 us,  8.1 sy,  0.0 ni, 64.0 id,  0.0 wa,  0.0 hi,  1.8 si,  0.0 st
%Cpu(s): 70.8 us,  8.2 sy,  0.0 ni, 18.1 id,  0.0 wa,  0.0 hi,  2.9 si,  0.1 st
%Cpu(s): 80.6 us,  8.4 sy,  0.0 ni,  7.8 id,  0.0 wa,  0.0 hi,  3.1 si,  0.0 st
%Cpu(s): 58.9 us,  9.4 sy,  0.0 ni, 29.1 id,  0.0 wa,  0.0 hi,  2.5 si,  0.0 st
%Cpu(s): 38.8 us,  7.9 sy,  0.0 ni, 51.6 id,  0.0 wa,  0.0 hi,  1.5 si,  0.1 st
%Cpu(s): 29.0 us,  8.1 sy,  0.0 ni, 61.5 id,  0.0 wa,  0.0 hi,  1.3 si,  0.1 st
%Cpu(s): 27.8 us,  9.1 sy,  0.0 ni, 62.1 id,  0.0 wa,  0.0 hi,  1.0 si,  0.0 st
%Cpu(s): 27.8 us,  8.0 sy,  0.0 ni, 62.4 id,  0.0 wa,  0.0 hi,  1.7 si,  0.1 st
%Cpu(s): 29.7 us,  9.3 sy,  0.0 ni, 59.1 id,  0.0 wa,  0.0 hi,  1.8 si,  0.1 st
%Cpu(s): 31.0 us,  8.9 sy,  0.0 ni, 56.8 id,  0.0 wa,  0.0 hi,  3.3 si,  0.0 st
%Cpu(s): 37.1 us,  9.0 sy,  0.0 ni, 52.3 id,  0.0 wa,  0.0 hi,  1.4 si,  0.1 st
%Cpu(s): 30.8 us,  8.5 sy,  0.0 ni, 59.8 id,  0.0 wa,  0.0 hi,  0.9 si,  0.0 st
%Cpu(s): 29.1 us,  8.4 sy,  0.0 ni, 61.5 id,  0.0 wa,  0.0 hi,  0.9 si,  0.1 st
%Cpu(s): 27.1 us,  8.6 sy,  0.0 ni, 62.8 id,  0.0 wa,  0.0 hi,  1.4 si,  0.1 st
%Cpu(s): 50.8 us,  8.4 sy,  0.0 ni, 38.2 id,  0.0 wa,  0.0 hi,  2.4 si,  0.1 st
%Cpu(s): 36.1 us,  9.6 sy,  0.0 ni, 52.8 id,  0.0 wa,  0.0 hi,  1.5 si,  0.0 st
