%Cpu(s): 12.6 us,  1.4 sy,  0.0 ni, 85.8 id,  0.0 wa,  0.0 hi,  0.2 si,  0.0 st
%Cpu(s): 54.4 us,  1.5 sy,  0.0 ni, 44.2 id,  0.0 wa,  0.0 hi,  0.0 si,  0.0 st
%Cpu(s): 15.2 us,  1.1 sy,  0.0 ni, 83.7 id,  0.0 wa,  0.0 hi,  0.0 si,  0.0 st
%Cpu(s):  9.6 us,  1.1 sy,  0.0 ni, 89.3 id,  0.0 wa,  0.0 hi,  0.0 si,  0.0 st
%Cpu(s): 18.0 us,  1.9 sy,  0.0 ni, 79.9 id,  0.0 wa,  0.0 hi,  0.1 si,  0.1 st
%Cpu(s): 90.8 us,  6.4 sy,  0.0 ni,  1.7 id,  0.0 wa,  0.0 hi,  1.1 si,  0.0 st
%Cpu(s): 89.8 us,  7.8 sy,  0.0 ni,  0.5 id,  0.0 wa,  0.0 hi,  1.7 si,  0.1 st
%Cpu(s): 89.2 us,  8.8 sy,  0.0 ni,  0.0 id,  0.0 wa,  0.0 hi,  2.0 si,  0.0 st
%Cpu(s): 88.2 us,  9.1 sy,  0.0 ni,  0.0 id,  0.0 wa,  0.0 hi,  2.6 si,  0.1 st
%Cpu(s): 89.1 us,  8.7 sy,  0.0 ni,  0.0 id,  0.0 wa,  0.0 hi,  2.2 si,  0.0 st
%Cpu(s): 86.5 us, 10.4 sy,  0.0 ni,  1.0 id,  0.0 wa,  0.0 hi,  2.0 si,  0.1 st
%Cpu(s): 88.4 us,  9.2 sy,  0.0 ni,  0.4 id,  0.0 wa,  0.0 hi,  2.0 si,  0.0 st
%Cpu(s): 87.8 us,  9.8 sy,  0.0 ni,  0.0 id,  0.0 wa,  0.0 hi,  2.2 si,  0.1 st
%Cpu(s): 88.0 us,  9.1 sy,  0.0 ni,  0.1 id,  0.0 wa,  0.0 hi,  2.7 si,  0.1 st
%Cpu(s): 89.8 us,  7.7 sy,  0.0 ni,  0.9 id,  0.0 wa,  0.0 hi,  1.6 si,  0.0 st
%Cpu(s): 89.3 us,  8.4 sy,  0.0 ni,  0.2 id,  0.0 wa,  0.0 hi,  2.0 si,  0.0 st
%Cpu(s): 86.6 us,  8.5 sy,  0.0 ni,  2.9 id,  0.0 wa,  0.0 hi,  2.0 si,  0.0 st
%Cpu(s): 83.3 us,  7.5 sy,  0.0 ni,  7.2 id,  0.0 wa,  0.0 hi,  2.0 si,  0.0 st
%Cpu(s): 63.4 us,  6.9 sy,  0.0 ni, 28.5 id,  0.0 wa,  0.0 hi,  1.2 si,  0.0 st
%Cpu(s): 65.2 us,  5.9 sy,  0.0 ni, 27.3 id,  0.0 wa,  0.0 hi,  1.4 si,  0.1 st
%Cpu(s): 43.1 us,  7.7 sy,  0.0 ni, 48.2 id,  0.0 wa,  0.0 hi,  0.9 si,  0.1 st
%Cpu(s): 30.6 us,  8.6 sy,  0.0 ni, 59.8 id,  0.0 wa,  0.0 hi,  0.9 si,  0.1 st
%Cpu(s): 30.7 us,  7.3 sy,  0.0 ni, 60.9 id,  0.0 wa,  0.0 hi,  0.9 si,  0.1 st
%Cpu(s): 24.4 us,  7.3 sy,  0.0 ni, 67.1 id,  0.0 wa,  0.0 hi,  1.0 si,  0.1 st
%Cpu(s): 21.4 us,  7.9 sy,  0.0 ni, 70.2 id,  0.0 wa,  0.0 hi,  0.5 si,  0.0 st
%Cpu(s): 19.2 us,  6.9 sy,  0.0 ni, 73.2 id,  0.0 wa,  0.0 hi,  0.5 si,  0.1 st
%Cpu(s): 19.2 us,  7.1 sy,  0.0 ni, 72.5 id,  0.0 wa,  0.0 hi,  1.0 si,  0.1 st
%Cpu(s): 18.3 us,  7.9 sy,  0.0 ni, 72.8 id,  0.0 wa,  0.0 hi,  1.0 si,  0.0 st
%Cpu(s): 19.4 us,  7.5 sy,  0.0 ni, 72.5 id,  0.0 wa,  0.0 hi,  0.5 si,  0.1 st
%Cpu(s): 23.5 us,  8.5 sy,  0.0 ni, 67.5 id,  0.0 wa,  0.0 hi,  0.5 si,  0.0 st
%Cpu(s): 38.6 us,  6.8 sy,  0.0 ni, 53.7 id,  0.0 wa,  0.0 hi,  0.8 si,  0.1 st
%Cpu(s): 29.7 us,  7.7 sy,  0.0 ni, 61.9 id,  0.0 wa,  0.0 hi,  0.8 si,  0.0 st
%Cpu(s): 18.7 us,  6.8 sy,  0.0 ni, 74.1 id,  0.0 wa,  0.0 hi,  0.3 si,  0.1 st
%Cpu(s): 51.3 us,  8.1 sy,  0.0 ni, 39.4 id,  0.0 wa,  0.0 hi,  1.1 si,  0.1 st
%Cpu(s): 54.2 us,  7.1 sy,  0.0 ni, 37.2 id,  0.0 wa,  0.0 hi,  1.5 si,  0.0 st
%Cpu(s): 27.2 us,  7.3 sy,  0.0 ni, 64.5 id,  0.0 wa,  0.0 hi,  0.9 si,  0.1 st
%Cpu(s): 20.0 us,  7.0 sy,  0.0 ni, 72.7 id,  0.0 wa,  0.0 hi,  0.3 si,  0.0 st
%Cpu(s): 17.7 us,  8.7 sy,  0.0 ni, 73.0 id,  0.0 wa,  0.0 hi,  0.5 si,  0.1 st
%Cpu(s): 19.8 us,  7.1 sy,  0.0 ni, 72.0 id,  0.0 wa,  0.0 hi,  0.9 si,  0.1 st
%Cpu(s): 18.2 us,  7.7 sy,  0.0 ni, 73.2 id,  0.0 wa,  0.0 hi,  0.8 si,  0.1 st
%Cpu(s): 16.6 us,  8.3 sy,  0.0 ni, 74.4 id,  0.1 wa,  0.0 hi,  0.5 si,  0.1 st
%Cpu(s): 19.5 us,  7.7 sy,  0.0 ni, 71.9 id,  0.0 wa,  0.0 hi,  0.8 si,  0.1 st
%Cpu(s): 21.3 us,  8.6 sy,  0.0 ni, 69.0 id,  0.0 wa,  0.0 hi,  0.9 si,  0.1 st
%Cpu(s): 21.2 us,  7.8 sy,  0.0 ni, 70.5 id,  0.0 wa,  0.0 hi,  0.5 si,  0.0 st
%Cpu(s): 19.1 us,  6.7 sy,  0.0 ni, 73.7 id,  0.0 wa,  0.0 hi,  0.4 si,  0.0 st
%Cpu(s): 17.3 us,  7.2 sy,  0.0 ni, 74.7 id,  0.0 wa,  0.0 hi,  0.7 si,  0.1 st
%Cpu(s): 19.1 us,  6.5 sy,  0.0 ni, 73.8 id,  0.0 wa,  0.0 hi,  0.5 si,  0.1 st
%Cpu(s): 19.6 us,  7.5 sy,  0.0 ni, 72.1 id,  0.0 wa,  0.0 hi,  0.6 si,  0.1 st
%Cpu(s): 19.8 us,  7.4 sy,  0.0 ni, 72.3 id,  0.0 wa,  0.0 hi,  0.5 si,  0.0 st
%Cpu(s): 17.8 us,  8.0 sy,  0.0 ni, 73.4 id,  0.0 wa,  0.0 hi,  0.6 si,  0.1 st
%Cpu(s): 19.2 us,  7.0 sy,  0.0 ni, 73.2 id,  0.0 wa,  0.0 hi,  0.6 si,  0.0 st
%Cpu(s): 18.0 us,  8.1 sy,  0.0 ni, 73.4 id,  0.0 wa,  0.0 hi,  0.4 si,  0.1 st
%Cpu(s): 17.7 us,  7.6 sy,  0.0 ni, 74.3 id,  0.0 wa,  0.0 hi,  0.4 si,  0.0 st
%Cpu(s): 17.9 us,  6.8 sy,  0.0 ni, 74.5 id,  0.0 wa,  0.0 hi,  0.7 si,  0.1 st
%Cpu(s): 24.7 us,  7.2 sy,  0.0 ni, 67.3 id,  0.0 wa,  0.0 hi,  0.6 si,  0.1 st
%Cpu(s): 26.0 us,  7.3 sy,  0.0 ni, 66.0 id,  0.0 wa,  0.0 hi,  0.6 si,  0.0 st
%Cpu(s): 19.4 us,  6.5 sy,  0.0 ni, 73.2 id,  0.0 wa,  0.0 hi,  0.8 si,  0.1 st
%Cpu(s): 17.4 us,  6.8 sy,  0.0 ni, 75.2 id,  0.0 wa,  0.0 hi,  0.5 si,  0.0 st
%Cpu(s): 18.6 us,  7.0 sy,  0.0 ni, 73.6 id,  0.0 wa,  0.0 hi,  0.8 si,  0.1 st
%Cpu(s): 33.4 us,  7.2 sy,  0.0 ni, 58.8 id,  0.0 wa,  0.0 hi,  0.6 si,  0.0 st
%Cpu(s): 76.6 us,  8.0 sy,  0.0 ni, 13.4 id,  0.0 wa,  0.0 hi,  1.9 si,  0.1 st
%Cpu(s): 89.2 us,  8.9 sy,  0.0 ni,  0.1 id,  0.0 wa,  0.0 hi,  1.7 si,  0.0 st
%Cpu(s): 83.9 us,  9.0 sy,  0.0 ni,  5.5 id,  0.0 wa,  0.0 hi,  1.6 si,  0.0 st
%Cpu(s): 63.4 us,  8.6 sy,  0.0 ni, 27.0 id,  0.0 wa,  0.0 hi,  1.0 si,  0.0 st
%Cpu(s): 32.2 us,  7.8 sy,  0.0 ni, 59.2 id,  0.0 wa,  0.0 hi,  0.6 si,  0.1 st
%Cpu(s): 15.2 us,  7.5 sy,  0.0 ni, 76.5 id,  0.1 wa,  0.0 hi,  0.7 si,  0.0 st
%Cpu(s): 19.4 us,  7.4 sy,  0.0 ni, 72.8 id,  0.0 wa,  0.0 hi,  0.3 si,  0.1 st
%Cpu(s): 19.3 us,  7.5 sy,  0.0 ni, 72.8 id,  0.0 wa,  0.0 hi,  0.4 si,  0.0 st
%Cpu(s): 18.2 us,  7.2 sy,  0.0 ni, 74.0 id,  0.0 wa,  0.0 hi,  0.7 si,  0.0 st
%Cpu(s): 22.9 us,  8.7 sy,  0.0 ni, 67.8 id,  0.0 wa,  0.0 hi,  0.6 si,  0.0 st
%Cpu(s): 15.2 us,  7.9 sy,  0.0 ni, 76.5 id,  0.0 wa,  0.0 hi,  0.3 si,  0.1 st
%Cpu(s): 34.4 us,  8.0 sy,  0.0 ni, 56.4 id,  0.0 wa,  0.0 hi,  1.2 si,  0.0 st
%Cpu(s): 40.5 us,  7.1 sy,  0.0 ni, 51.1 id,  0.0 wa,  0.0 hi,  1.2 si,  0.1 st
%Cpu(s): 24.5 us,  6.7 sy,  0.0 ni, 68.4 id,  0.0 wa,  0.0 hi,  0.4 si,  0.0 st
%Cpu(s): 24.3 us,  1.0 sy,  0.0 ni, 74.7 id,  0.0 wa,  0.0 hi,  0.0 si,  0.0 st
%Cpu(s): 13.6 us,  0.8 sy,  0.0 ni, 85.5 id,  0.0 wa,  0.0 hi,  0.0 si,  0.1 st
%Cpu(s): 10.1 us,  1.3 sy,  0.0 ni, 88.6 id,  0.0 wa,  0.0 hi,  0.0 si,  0.0 st
%Cpu(s):  2.6 us,  0.8 sy,  0.0 ni, 96.6 id,  0.0 wa,  0.0 hi,  0.0 si,  0.0 st
%Cpu(s):  1.7 us,  0.9 sy,  0.0 ni, 97.3 id,  0.0 wa,  0.0 hi,  0.1 si,  0.0 st
