%Cpu(s):  4.8 us,  0.6 sy,  0.0 ni, 94.5 id,  0.0 wa,  0.0 hi,  0.1 si,  0.0 st
%Cpu(s): 18.9 us,  2.7 sy,  0.0 ni, 78.2 id,  0.0 wa,  0.0 hi,  0.1 si,  0.0 st
%Cpu(s): 89.8 us,  4.9 sy,  0.0 ni,  5.3 id,  0.0 wa,  0.0 hi,  0.0 si,  0.0 st
%Cpu(s): 83.4 us,  2.4 sy,  0.0 ni, 14.2 id,  0.0 wa,  0.0 hi,  0.0 si,  0.0 st
%Cpu(s): 76.2 us,  2.8 sy,  0.0 ni, 21.1 id,  0.0 wa,  0.0 hi,  0.0 si,  0.0 st
%Cpu(s): 93.0 us,  2.0 sy,  0.0 ni,  4.9 id,  0.0 wa,  0.0 hi,  0.1 si,  0.0 st
%Cpu(s): 96.0 us,  2.8 sy,  0.0 ni,  1.2 id,  0.0 wa,  0.0 hi,  0.0 si,  0.0 st
%Cpu(s): 95.3 us,  2.9 sy,  0.0 ni,  1.6 id,  0.0 wa,  0.0 hi,  0.2 si,  0.0 st
%Cpu(s): 95.8 us,  3.1 sy,  0.0 ni,  1.0 id,  0.0 wa,  0.0 hi,  0.0 si,  0.1 st
%Cpu(s): 95.1 us,  2.9 sy,  0.0 ni,  1.8 id,  0.0 wa,  0.0 hi,  0.2 si,  0.0 st
%Cpu(s): 96.6 us,  2.7 sy,  0.0 ni,  0.5 id,  0.0 wa,  0.0 hi,  0.1 si,  0.0 st
%Cpu(s): 92.6 us,  6.3 sy,  0.0 ni,  0.0 id,  0.0 wa,  0.0 hi,  1.1 si,  0.0 st
%Cpu(s): 90.3 us,  7.8 sy,  0.0 ni,  0.1 id,  0.0 wa,  0.0 hi,  1.7 si,  0.0 st
%Cpu(s): 87.8 us, 10.3 sy,  0.0 ni,  0.0 id,  0.0 wa,  0.0 hi,  1.9 si,  0.0 st
%Cpu(s): 88.5 us,  9.6 sy,  0.0 ni,  0.0 id,  0.0 wa,  0.0 hi,  2.0 si,  0.0 st
%Cpu(s): 86.9 us, 10.8 sy,  0.0 ni,  0.1 id,  0.0 wa,  0.0 hi,  2.2 si,  0.0 st
%Cpu(s): 87.2 us, 10.5 sy,  0.0 ni,  0.0 id,  0.0 wa,  0.0 hi,  2.2 si,  0.1 st
%Cpu(s): 90.2 us,  7.8 sy,  0.0 ni,  0.0 id,  0.0 wa,  0.0 hi,  2.0 si,  0.0 st
%Cpu(s): 90.8 us,  6.6 sy,  0.0 ni,  0.1 id,  0.0 wa,  0.0 hi,  2.5 si,  0.0 st
%Cpu(s): 90.8 us,  6.5 sy,  0.0 ni,  0.7 id,  0.0 wa,  0.0 hi,  1.9 si,  0.1 st
%Cpu(s): 85.8 us,  7.0 sy,  0.0 ni,  5.1 id,  0.0 wa,  0.0 hi,  2.1 si,  0.0 st
%Cpu(s): 53.5 us,  4.7 sy,  0.0 ni, 40.1 id,  0.0 wa,  0.0 hi,  1.6 si,  0.1 st
%Cpu(s): 57.2 us,  5.1 sy,  0.0 ni, 35.9 id,  0.0 wa,  0.0 hi,  1.6 si,  0.1 st
%Cpu(s): 36.1 us,  4.6 sy,  0.0 ni, 57.9 id,  0.0 wa,  0.0 hi,  1.4 si,  0.0 st
%Cpu(s): 32.4 us,  5.5 sy,  0.0 ni, 60.8 id,  0.0 wa,  0.0 hi,  1.2 si,  0.1 st
%Cpu(s): 34.3 us,  4.6 sy,  0.0 ni, 60.1 id,  0.0 wa,  0.0 hi,  1.0 si,  0.0 st
%Cpu(s): 40.4 us,  4.9 sy,  0.0 ni, 52.8 id,  0.0 wa,  0.0 hi,  1.8 si,  0.1 st
%Cpu(s): 45.3 us,  7.8 sy,  0.0 ni, 44.4 id,  0.0 wa,  0.0 hi,  2.4 si,  0.1 st
%Cpu(s): 22.9 us,  7.0 sy,  0.0 ni, 67.5 id,  0.0 wa,  0.0 hi,  2.4 si,  0.1 st
%Cpu(s): 19.4 us,  5.0 sy,  0.0 ni, 74.5 id,  0.0 wa,  0.0 hi,  1.1 si,  0.0 st
%Cpu(s): 19.5 us,  4.6 sy,  0.0 ni, 74.7 id,  0.0 wa,  0.0 hi,  1.0 si,  0.1 st
%Cpu(s): 17.9 us,  5.4 sy,  0.0 ni, 75.3 id,  0.0 wa,  0.0 hi,  1.4 si,  0.1 st
%Cpu(s): 17.6 us,  5.5 sy,  0.0 ni, 76.1 id,  0.0 wa,  0.0 hi,  0.8 si,  0.0 st
%Cpu(s): 24.2 us,  4.3 sy,  0.0 ni, 69.9 id,  0.0 wa,  0.0 hi,  1.4 si,  0.1 st
%Cpu(s): 17.9 us,  4.8 sy,  0.0 ni, 76.3 id,  0.0 wa,  0.0 hi,  0.9 si,  0.1 st
%Cpu(s): 22.0 us,  4.6 sy,  0.0 ni, 72.4 id,  0.0 wa,  0.0 hi,  1.0 si,  0.0 st
%Cpu(s): 27.7 us,  4.2 sy,  0.0 ni, 66.8 id,  0.0 wa,  0.0 hi,  1.1 si,  0.1 st
%Cpu(s): 18.5 us,  4.1 sy,  0.0 ni, 76.3 id,  0.0 wa,  0.0 hi,  0.9 si,  0.1 st
%Cpu(s): 28.4 us,  5.2 sy,  0.0 ni, 64.5 id,  0.1 wa,  0.0 hi,  1.5 si,  0.3 st
%Cpu(s): 18.3 us,  4.5 sy,  0.0 ni, 76.1 id,  0.0 wa,  0.0 hi,  1.2 si,  0.0 st
%Cpu(s): 41.8 us,  4.6 sy,  0.0 ni, 51.7 id,  0.0 wa,  0.0 hi,  1.6 si,  0.3 st
%Cpu(s): 29.3 us,  5.3 sy,  0.0 ni, 64.1 id,  0.0 wa,  0.0 hi,  1.1 si,  0.1 st
%Cpu(s): 42.4 us,  4.7 sy,  0.0 ni, 51.3 id,  0.0 wa,  0.0 hi,  1.4 si,  0.3 st
%Cpu(s): 39.8 us,  4.7 sy,  0.0 ni, 54.4 id,  0.0 wa,  0.0 hi,  1.0 si,  0.0 st
%Cpu(s): 18.4 us,  5.7 sy,  0.0 ni, 74.4 id,  0.0 wa,  0.0 hi,  1.4 si,  0.1 st
%Cpu(s): 16.2 us,  6.1 sy,  0.0 ni, 76.6 id,  0.0 wa,  0.0 hi,  1.0 si,  0.1 st
%Cpu(s): 19.5 us,  4.5 sy,  0.0 ni, 74.3 id,  0.0 wa,  0.0 hi,  1.4 si,  0.3 st
%Cpu(s): 20.9 us,  4.3 sy,  0.0 ni, 73.3 id,  0.0 wa,  0.0 hi,  1.5 si,  0.0 st
%Cpu(s): 16.3 us,  4.8 sy,  0.0 ni, 77.6 id,  0.1 wa,  0.0 hi,  1.0 si,  0.1 st
%Cpu(s): 19.0 us,  4.1 sy,  0.0 ni, 75.6 id,  0.0 wa,  0.0 hi,  1.2 si,  0.0 st
%Cpu(s): 17.0 us,  4.9 sy,  0.0 ni, 77.2 id,  0.0 wa,  0.0 hi,  0.9 si,  0.0 st
%Cpu(s): 15.2 us,  4.8 sy,  0.0 ni, 78.6 id,  0.0 wa,  0.0 hi,  1.3 si,  0.1 st
%Cpu(s): 18.8 us,  4.0 sy,  0.0 ni, 76.5 id,  0.0 wa,  0.0 hi,  0.8 si,  0.0 st
%Cpu(s): 18.4 us,  4.5 sy,  0.0 ni, 75.9 id,  0.0 wa,  0.0 hi,  1.0 si,  0.1 st
%Cpu(s): 16.3 us,  4.0 sy,  0.0 ni, 78.2 id,  0.0 wa,  0.0 hi,  1.3 si,  0.3 st
%Cpu(s): 19.5 us,  4.5 sy,  0.0 ni, 75.0 id,  0.0 wa,  0.0 hi,  1.0 si,  0.0 st
%Cpu(s): 19.3 us,  4.9 sy,  0.0 ni, 75.1 id,  0.0 wa,  0.0 hi,  0.8 si,  0.0 st
%Cpu(s): 16.8 us,  4.9 sy,  0.0 ni, 77.5 id,  0.0 wa,  0.0 hi,  0.8 si,  0.0 st
%Cpu(s): 20.2 us,  5.1 sy,  0.0 ni, 73.4 id,  0.0 wa,  0.0 hi,  1.1 si,  0.3 st
%Cpu(s): 17.2 us,  3.5 sy,  0.0 ni, 78.2 id,  0.0 wa,  0.0 hi,  1.0 si,  0.1 st
%Cpu(s): 17.8 us,  5.2 sy,  0.0 ni, 76.2 id,  0.0 wa,  0.0 hi,  0.8 si,  0.0 st
%Cpu(s): 16.9 us,  5.0 sy,  0.0 ni, 77.1 id,  0.0 wa,  0.0 hi,  0.9 si,  0.1 st
%Cpu(s): 15.8 us,  5.1 sy,  0.0 ni, 78.3 id,  0.0 wa,  0.0 hi,  0.8 si,  0.0 st
%Cpu(s): 17.4 us,  4.0 sy,  0.0 ni, 77.2 id,  0.0 wa,  0.0 hi,  1.3 si,  0.1 st
%Cpu(s): 17.5 us,  5.6 sy,  0.0 ni, 76.0 id,  0.0 wa,  0.0 hi,  0.9 si,  0.0 st
%Cpu(s): 32.6 us,  5.7 sy,  0.0 ni, 60.2 id,  0.0 wa,  0.0 hi,  1.4 si,  0.1 st
%Cpu(s): 19.8 us,  7.3 sy,  0.0 ni, 71.2 id,  0.0 wa,  0.0 hi,  1.6 si,  0.1 st
%Cpu(s): 20.0 us,  5.8 sy,  0.0 ni, 72.8 id,  0.0 wa,  0.0 hi,  1.3 si,  0.1 st
%Cpu(s): 47.4 us,  6.7 sy,  0.0 ni, 44.1 id,  0.0 wa,  0.0 hi,  1.9 si,  0.0 st
%Cpu(s): 37.1 us,  6.6 sy,  0.0 ni, 54.3 id,  0.0 wa,  0.0 hi,  2.0 si,  0.0 st
%Cpu(s): 72.7 us,  8.3 sy,  0.0 ni, 16.9 id,  0.0 wa,  0.0 hi,  2.1 si,  0.0 st
%Cpu(s): 81.8 us,  9.0 sy,  0.0 ni,  7.1 id,  0.0 wa,  0.0 hi,  2.0 si,  0.1 st
%Cpu(s): 62.0 us,  9.0 sy,  0.0 ni, 26.5 id,  0.0 wa,  0.0 hi,  2.4 si,  0.1 st
%Cpu(s): 51.8 us,  9.0 sy,  0.0 ni, 37.0 id,  0.0 wa,  0.0 hi,  2.0 si,  0.1 st
%Cpu(s): 36.5 us,  9.5 sy,  0.0 ni, 51.7 id,  0.0 wa,  0.0 hi,  2.1 si,  0.1 st
%Cpu(s): 27.7 us,  9.8 sy,  0.0 ni, 60.7 id,  0.0 wa,  0.0 hi,  1.8 si,  0.0 st
%Cpu(s): 30.0 us,  9.9 sy,  0.0 ni, 57.9 id,  0.0 wa,  0.0 hi,  2.1 si,  0.1 st
%Cpu(s): 27.8 us,  9.2 sy,  0.0 ni, 61.3 id,  0.0 wa,  0.0 hi,  1.5 si,  0.1 st
%Cpu(s): 32.9 us,  8.9 sy,  0.0 ni, 55.8 id,  0.0 wa,  0.0 hi,  2.4 si,  0.1 st
%Cpu(s): 29.5 us, 10.4 sy,  0.0 ni, 58.1 id,  0.0 wa,  0.0 hi,  2.0 si,  0.0 st
%Cpu(s): 37.1 us,  8.2 sy,  0.0 ni, 52.3 id,  0.0 wa,  0.0 hi,  2.3 si,  0.0 st
