%Cpu(s):  1.5 us,  0.8 sy,  0.0 ni, 97.6 id,  0.0 wa,  0.0 hi,  0.1 si,  0.0 st
%Cpu(s): 29.9 us,  1.2 sy,  0.0 ni, 68.8 id,  0.0 wa,  0.0 hi,  0.0 si,  0.1 st
%Cpu(s):  0.6 us,  0.1 sy,  0.0 ni, 99.3 id,  0.0 wa,  0.0 hi,  0.0 si,  0.0 st
%Cpu(s):  0.1 us,  0.0 sy,  0.0 ni, 99.9 id,  0.0 wa,  0.0 hi,  0.0 si,  0.0 st
%Cpu(s): 13.6 us,  2.4 sy,  0.0 ni, 84.0 id,  0.0 wa,  0.0 hi,  0.0 si,  0.0 st
%Cpu(s): 56.0 us,  2.0 sy,  0.0 ni, 41.8 id,  0.0 wa,  0.0 hi,  0.0 si,  0.1 st
%Cpu(s): 65.0 us,  1.9 sy,  0.0 ni, 33.0 id,  0.0 wa,  0.0 hi,  0.0 si,  0.1 st
%Cpu(s): 72.2 us,  1.9 sy,  0.0 ni, 25.8 id,  0.0 wa,  0.0 hi,  0.1 si,  0.0 st
%Cpu(s): 34.7 us,  1.5 sy,  0.0 ni, 63.5 id,  0.0 wa,  0.0 hi,  0.3 si,  0.0 st
%Cpu(s): 52.1 us,  3.9 sy,  0.0 ni, 42.9 id,  0.0 wa,  0.0 hi,  1.1 si,  0.0 st
%Cpu(s): 29.7 us,  3.3 sy,  0.0 ni, 65.9 id,  0.0 wa,  0.0 hi,  0.9 si,  0.1 st
%Cpu(s): 11.3 us,  3.4 sy,  0.0 ni, 84.6 id,  0.0 wa,  0.0 hi,  0.6 si,  0.0 st
%Cpu(s): 10.8 us,  3.5 sy,  0.0 ni, 85.3 id,  0.0 wa,  0.0 hi,  0.4 si,  0.0 st
%Cpu(s): 10.3 us,  3.5 sy,  0.0 ni, 85.1 id,  0.0 wa,  0.0 hi,  1.0 si,  0.1 st
%Cpu(s): 10.7 us,  4.0 sy,  0.0 ni, 84.4 id,  0.1 wa,  0.0 hi,  0.7 si,  0.0 st
%Cpu(s):  9.1 us,  3.8 sy,  0.0 ni, 86.3 id,  0.0 wa,  0.0 hi,  0.9 si,  0.0 st
%Cpu(s):  5.7 us,  3.7 sy,  0.0 ni, 89.5 id,  0.0 wa,  0.0 hi,  1.0 si,  0.1 st
%Cpu(s):  6.4 us,  4.1 sy,  0.0 ni, 89.0 id,  0.0 wa,  0.0 hi,  0.5 si,  0.0 st
%Cpu(s):  8.7 us,  3.4 sy,  0.0 ni, 83.1 id,  3.9 wa,  0.0 hi,  0.9 si,  0.0 st
%Cpu(s):  7.1 us,  2.9 sy,  0.0 ni, 89.4 id,  0.0 wa,  0.0 hi,  0.6 si,  0.0 st
%Cpu(s):  7.2 us,  3.6 sy,  0.0 ni, 88.5 id,  0.0 wa,  0.0 hi,  0.6 si,  0.0 st
%Cpu(s):  6.9 us,  4.0 sy,  0.0 ni, 88.1 id,  0.0 wa,  0.0 hi,  0.9 si,  0.0 st
%Cpu(s):  7.0 us,  2.9 sy,  0.0 ni, 89.7 id,  0.0 wa,  0.0 hi,  0.4 si,  0.0 st
%Cpu(s):  6.0 us,  3.0 sy,  0.0 ni, 89.8 id,  0.0 wa,  0.0 hi,  0.9 si,  0.4 st
%Cpu(s): 12.1 us,  4.0 sy,  0.0 ni, 83.0 id,  0.0 wa,  0.0 hi,  0.8 si,  0.1 st
%Cpu(s): 17.8 us,  3.3 sy,  0.0 ni, 77.7 id,  0.0 wa,  0.0 hi,  1.1 si,  0.1 st
%Cpu(s): 16.6 us,  3.5 sy,  0.0 ni, 78.9 id,  0.0 wa,  0.0 hi,  0.8 si,  0.1 st
%Cpu(s):  6.8 us,  3.4 sy,  0.0 ni, 88.7 id,  0.0 wa,  0.0 hi,  1.0 si,  0.0 st
%Cpu(s):  5.9 us,  2.9 sy,  0.0 ni, 90.7 id,  0.0 wa,  0.0 hi,  0.5 si,  0.0 st
%Cpu(s):  6.2 us,  3.4 sy,  0.0 ni, 89.6 id,  0.0 wa,  0.0 hi,  0.8 si,  0.0 st
%Cpu(s):  6.7 us,  4.3 sy,  0.0 ni, 87.7 id,  0.0 wa,  0.0 hi,  1.4 si,  0.0 st
%Cpu(s):  8.0 us,  3.5 sy,  0.0 ni, 87.8 id,  0.0 wa,  0.0 hi,  0.7 si,  0.0 st
%Cpu(s):  6.5 us,  4.8 sy,  0.0 ni, 87.9 id,  0.0 wa,  0.0 hi,  0.9 si,  0.0 st
%Cpu(s):  6.5 us,  3.2 sy,  0.0 ni, 89.6 id,  0.0 wa,  0.0 hi,  0.8 si,  0.0 st
%Cpu(s):  6.6 us,  4.2 sy,  0.0 ni, 88.0 id,  0.1 wa,  0.0 hi,  1.0 si,  0.0 st
%Cpu(s):  5.8 us,  3.4 sy,  0.0 ni, 89.8 id,  0.0 wa,  0.0 hi,  0.9 si,  0.0 st
%Cpu(s):  6.3 us,  3.5 sy,  0.0 ni, 89.8 id,  0.0 wa,  0.0 hi,  0.4 si,  0.0 st
%Cpu(s): 14.4 us,  3.5 sy,  0.0 ni, 81.5 id,  0.0 wa,  0.0 hi,  0.5 si,  0.1 st
%Cpu(s): 19.8 us,  3.1 sy,  0.0 ni, 76.5 id,  0.0 wa,  0.0 hi,  0.5 si,  0.0 st
%Cpu(s): 16.2 us,  4.4 sy,  0.0 ni, 78.7 id,  0.0 wa,  0.0 hi,  0.7 si,  0.0 st
%Cpu(s):  5.7 us,  3.9 sy,  0.0 ni, 89.9 id,  0.0 wa,  0.0 hi,  0.5 si,  0.0 st
%Cpu(s):  6.6 us,  4.2 sy,  0.0 ni, 88.2 id,  0.0 wa,  0.0 hi,  0.9 si,  0.1 st
%Cpu(s):  7.4 us,  4.1 sy,  0.0 ni, 87.6 id,  0.0 wa,  0.0 hi,  0.9 si,  0.0 st
%Cpu(s):  7.7 us,  3.6 sy,  0.0 ni, 88.1 id,  0.0 wa,  0.0 hi,  0.6 si,  0.0 st
%Cpu(s):  6.1 us,  3.3 sy,  0.0 ni, 89.7 id,  0.0 wa,  0.0 hi,  1.0 si,  0.0 st
%Cpu(s):  6.0 us,  2.8 sy,  0.0 ni, 90.5 id,  0.0 wa,  0.0 hi,  0.8 si,  0.0 st
%Cpu(s):  7.5 us,  3.9 sy,  0.0 ni, 87.9 id,  0.0 wa,  0.0 hi,  0.6 si,  0.0 st
%Cpu(s): 13.8 us,  3.4 sy,  0.0 ni, 81.6 id,  0.0 wa,  0.0 hi,  1.1 si,  0.1 st
%Cpu(s):  5.5 us,  3.8 sy,  0.0 ni, 90.0 id,  0.0 wa,  0.0 hi,  0.6 si,  0.0 st
%Cpu(s):  7.9 us,  3.8 sy,  0.0 ni, 87.5 id,  0.0 wa,  0.0 hi,  0.9 si,  0.0 st
%Cpu(s):  9.0 us,  3.9 sy,  0.0 ni, 86.5 id,  0.0 wa,  0.0 hi,  0.6 si,  0.0 st
%Cpu(s): 17.9 us,  4.3 sy,  0.0 ni, 77.1 id,  0.0 wa,  0.0 hi,  0.8 si,  0.0 st
%Cpu(s): 18.6 us,  3.9 sy,  0.0 ni, 76.8 id,  0.0 wa,  0.0 hi,  0.8 si,  0.0 st
%Cpu(s):  9.9 us,  4.5 sy,  0.0 ni, 84.6 id,  0.0 wa,  0.0 hi,  0.9 si,  0.1 st
%Cpu(s):  6.9 us,  3.8 sy,  0.0 ni, 88.5 id,  0.0 wa,  0.0 hi,  0.8 si,  0.0 st
%Cpu(s):  6.8 us,  2.6 sy,  0.0 ni, 89.7 id,  0.0 wa,  0.0 hi,  0.9 si,  0.0 st
%Cpu(s):  6.5 us,  3.9 sy,  0.0 ni, 88.7 id,  0.0 wa,  0.0 hi,  0.9 si,  0.0 st
%Cpu(s):  5.8 us,  3.9 sy,  0.0 ni, 89.0 id,  0.0 wa,  0.0 hi,  1.1 si,  0.1 st
%Cpu(s):  6.4 us,  3.8 sy,  0.0 ni, 88.7 id,  0.0 wa,  0.0 hi,  1.0 si,  0.0 st
%Cpu(s):  6.1 us,  4.7 sy,  0.0 ni, 88.0 id,  0.0 wa,  0.0 hi,  1.1 si,  0.0 st
%Cpu(s):  3.8 us,  4.2 sy,  0.0 ni, 91.4 id,  0.0 wa,  0.0 hi,  0.6 si,  0.0 st
%Cpu(s):  6.5 us,  3.3 sy,  0.0 ni, 89.3 id,  0.0 wa,  0.0 hi,  0.8 si,  0.1 st
%Cpu(s):  6.8 us,  4.3 sy,  0.0 ni, 88.3 id,  0.0 wa,  0.0 hi,  0.6 si,  0.0 st
%Cpu(s):  8.8 us,  3.6 sy,  0.0 ni, 86.8 id,  0.0 wa,  0.0 hi,  0.9 si,  0.0 st
%Cpu(s): 17.8 us,  4.4 sy,  0.0 ni, 77.0 id,  0.0 wa,  0.0 hi,  0.8 si,  0.0 st
%Cpu(s): 18.1 us,  4.2 sy,  0.0 ni, 77.0 id,  0.0 wa,  0.0 hi,  0.8 si,  0.0 st
%Cpu(s):  8.8 us,  4.2 sy,  0.0 ni, 86.0 id,  0.0 wa,  0.0 hi,  1.0 si,  0.0 st
%Cpu(s): 15.5 us,  3.6 sy,  0.0 ni, 80.1 id,  0.0 wa,  0.0 hi,  0.8 si,  0.0 st
%Cpu(s): 14.4 us,  3.5 sy,  0.0 ni, 81.5 id,  0.0 wa,  0.0 hi,  0.5 si,  0.1 st
%Cpu(s): 11.0 us,  3.7 sy,  0.0 ni, 84.4 id,  0.1 wa,  0.0 hi,  0.6 si,  0.1 st
