%Cpu(s):  7.3 us,  1.4 sy,  0.0 ni, 91.1 id,  0.0 wa,  0.0 hi,  0.1 si,  0.0 st
%Cpu(s):  4.1 us,  2.7 sy,  0.0 ni, 92.9 id,  0.0 wa,  0.0 hi,  0.0 si,  0.2 st
%Cpu(s):  3.8 us,  2.3 sy,  0.0 ni, 93.8 id,  0.0 wa,  0.0 hi,  0.0 si,  0.1 st
%Cpu(s):  2.9 us,  2.6 sy,  0.0 ni, 94.1 id,  0.0 wa,  0.0 hi,  0.0 si,  0.4 st
%Cpu(s):  3.9 us,  4.3 sy,  0.0 ni, 91.6 id,  0.0 wa,  0.0 hi,  0.0 si,  0.1 st
%Cpu(s):  5.9 us,  2.9 sy,  0.0 ni, 90.9 id,  0.0 wa,  0.0 hi,  0.0 si,  0.4 st
%Cpu(s):  4.1 us,  2.9 sy,  0.0 ni, 92.8 id,  0.0 wa,  0.0 hi,  0.1 si,  0.1 st
%Cpu(s): 64.9 us,  3.5 sy,  0.0 ni, 31.3 id,  0.0 wa,  0.0 hi,  0.3 si,  0.0 st
%Cpu(s): 90.2 us,  7.5 sy,  0.0 ni,  0.7 id,  0.0 wa,  0.0 hi,  1.6 si,  0.0 st
%Cpu(s): 89.8 us,  8.7 sy,  0.0 ni,  0.1 id,  0.0 wa,  0.0 hi,  1.4 si,  0.0 st
%Cpu(s): 89.3 us,  9.0 sy,  0.0 ni,  0.5 id,  0.0 wa,  0.0 hi,  1.2 si,  0.0 st
%Cpu(s): 90.3 us,  8.1 sy,  0.0 ni,  0.0 id,  0.0 wa,  0.0 hi,  1.6 si,  0.0 st
%Cpu(s): 87.0 us, 10.1 sy,  0.0 ni,  0.7 id,  0.0 wa,  0.0 hi,  2.2 si,  0.0 st
%Cpu(s): 89.3 us,  7.7 sy,  0.0 ni,  1.4 id,  0.0 wa,  0.0 hi,  1.6 si,  0.0 st
%Cpu(s): 72.9 us,  6.7 sy,  0.0 ni, 18.7 id,  0.0 wa,  0.0 hi,  1.6 si,  0.1 st
%Cpu(s): 24.8 us,  6.7 sy,  0.0 ni, 67.5 id,  0.0 wa,  0.0 hi,  1.0 si,  0.0 st
%Cpu(s): 19.1 us,  7.3 sy,  0.0 ni, 72.8 id,  0.0 wa,  0.0 hi,  0.8 si,  0.1 st
%Cpu(s): 21.2 us,  6.7 sy,  0.0 ni, 71.3 id,  0.0 wa,  0.0 hi,  0.8 si,  0.0 st
%Cpu(s): 12.3 us,  6.6 sy,  0.0 ni, 80.8 id,  0.0 wa,  0.0 hi,  0.3 si,  0.0 st
%Cpu(s): 12.8 us,  6.0 sy,  0.0 ni, 80.4 id,  0.0 wa,  0.0 hi,  0.8 si,  0.0 st
%Cpu(s): 12.0 us,  6.7 sy,  0.0 ni, 80.9 id,  0.0 wa,  0.0 hi,  0.4 si,  0.0 st
%Cpu(s): 15.6 us,  6.4 sy,  0.0 ni, 77.1 id,  0.0 wa,  0.0 hi,  0.8 si,  0.1 st
%Cpu(s): 16.9 us,  7.7 sy,  0.0 ni, 74.6 id,  0.0 wa,  0.0 hi,  0.9 si,  0.0 st
%Cpu(s): 14.1 us,  6.4 sy,  0.0 ni, 79.0 id,  0.0 wa,  0.0 hi,  0.5 si,  0.0 st
%Cpu(s): 14.1 us,  6.0 sy,  0.0 ni, 79.5 id,  0.0 wa,  0.0 hi,  0.4 si,  0.0 st
%Cpu(s): 13.1 us,  6.6 sy,  0.0 ni, 79.6 id,  0.0 wa,  0.0 hi,  0.6 si,  0.0 st
%Cpu(s): 14.7 us,  7.2 sy,  0.0 ni, 77.3 id,  0.0 wa,  0.0 hi,  0.8 si,  0.0 st
%Cpu(s): 12.8 us,  6.5 sy,  0.0 ni, 79.7 id,  0.0 wa,  0.0 hi,  0.8 si,  0.1 st
%Cpu(s): 15.6 us,  6.9 sy,  0.0 ni, 76.8 id,  0.0 wa,  0.0 hi,  0.6 si,  0.0 st
%Cpu(s): 14.4 us,  7.3 sy,  0.0 ni, 77.1 id,  0.0 wa,  0.0 hi,  1.1 si,  0.0 st
%Cpu(s): 14.0 us,  6.1 sy,  0.0 ni, 79.0 id,  0.1 wa,  0.0 hi,  0.8 si,  0.0 st
%Cpu(s): 13.4 us,  7.7 sy,  0.0 ni, 77.9 id,  0.0 wa,  0.0 hi,  1.0 si,  0.0 st
%Cpu(s): 13.7 us,  6.7 sy,  0.0 ni, 78.8 id,  0.0 wa,  0.0 hi,  0.8 si,  0.0 st
%Cpu(s): 13.2 us,  6.6 sy,  0.0 ni, 79.7 id,  0.0 wa,  0.0 hi,  0.5 si,  0.0 st
%Cpu(s): 15.2 us,  6.4 sy,  0.0 ni, 77.9 id,  0.0 wa,  0.0 hi,  0.5 si,  0.0 st
%Cpu(s): 17.2 us,  7.4 sy,  0.0 ni, 74.8 id,  0.0 wa,  0.0 hi,  0.5 si,  0.1 st
%Cpu(s): 17.1 us,  7.1 sy,  0.0 ni, 75.2 id,  0.0 wa,  0.0 hi,  0.6 si,  0.0 st
%Cpu(s): 33.0 us,  6.5 sy,  0.0 ni, 59.2 id,  0.0 wa,  0.0 hi,  1.1 si,  0.1 st
%Cpu(s): 19.5 us,  7.1 sy,  0.0 ni, 72.4 id,  0.0 wa,  0.0 hi,  1.0 si,  0.0 st
%Cpu(s): 37.2 us,  7.6 sy,  0.0 ni, 53.9 id,  0.0 wa,  0.0 hi,  1.3 si,  0.0 st
%Cpu(s): 36.8 us,  6.5 sy,  0.0 ni, 55.8 id,  0.0 wa,  0.0 hi,  0.9 si,  0.0 st
%Cpu(s): 31.9 us,  6.7 sy,  0.0 ni, 60.5 id,  0.0 wa,  0.0 hi,  0.9 si,  0.0 st
%Cpu(s): 14.7 us,  7.1 sy,  0.0 ni, 77.1 id,  0.0 wa,  0.0 hi,  1.0 si,  0.0 st
%Cpu(s): 21.3 us,  6.5 sy,  0.0 ni, 71.1 id,  0.0 wa,  0.0 hi,  1.2 si,  0.0 st
%Cpu(s): 14.2 us,  5.2 sy,  0.0 ni, 79.8 id,  0.0 wa,  0.0 hi,  0.8 si,  0.0 st
%Cpu(s): 17.3 us,  6.0 sy,  0.0 ni, 75.8 id,  0.0 wa,  0.0 hi,  0.9 si,  0.0 st
%Cpu(s): 16.0 us,  6.5 sy,  0.0 ni, 76.7 id,  0.0 wa,  0.0 hi,  0.8 si,  0.0 st
%Cpu(s): 15.8 us,  6.8 sy,  0.0 ni, 76.5 id,  0.0 wa,  0.0 hi,  0.9 si,  0.0 st
%Cpu(s): 20.5 us,  6.8 sy,  0.0 ni, 71.8 id,  0.0 wa,  0.0 hi,  0.8 si,  0.1 st
%Cpu(s): 13.5 us,  7.0 sy,  0.0 ni, 78.8 id,  0.0 wa,  0.0 hi,  0.7 si,  0.0 st
%Cpu(s): 20.9 us,  7.0 sy,  0.0 ni, 71.6 id,  0.0 wa,  0.0 hi,  0.5 si,  0.0 st
%Cpu(s): 26.9 us,  7.4 sy,  0.0 ni, 64.8 id,  0.0 wa,  0.0 hi,  0.8 si,  0.1 st
%Cpu(s): 20.9 us,  7.9 sy,  0.0 ni, 70.1 id,  0.0 wa,  0.0 hi,  1.1 si,  0.0 st
%Cpu(s): 15.8 us,  7.1 sy,  0.0 ni, 75.9 id,  0.0 wa,  0.0 hi,  1.1 si,  0.0 st
%Cpu(s): 13.5 us,  7.9 sy,  0.0 ni, 77.9 id,  0.0 wa,  0.0 hi,  0.6 si,  0.0 st
%Cpu(s): 21.1 us,  5.9 sy,  0.0 ni, 71.7 id,  0.1 wa,  0.0 hi,  1.2 si,  0.0 st
%Cpu(s): 21.7 us,  7.0 sy,  0.0 ni, 70.5 id,  0.0 wa,  0.0 hi,  0.9 si,  0.0 st
%Cpu(s): 15.7 us,  7.1 sy,  0.0 ni, 76.2 id,  0.0 wa,  0.0 hi,  0.9 si,  0.1 st
%Cpu(s): 13.0 us,  7.5 sy,  0.0 ni, 78.8 id,  0.0 wa,  0.0 hi,  0.8 si,  0.0 st
%Cpu(s): 13.2 us,  7.2 sy,  0.0 ni, 78.6 id,  0.0 wa,  0.0 hi,  1.0 si,  0.0 st
%Cpu(s): 13.9 us,  8.3 sy,  0.0 ni, 77.2 id,  0.0 wa,  0.0 hi,  0.6 si,  0.0 st
%Cpu(s): 13.7 us,  7.9 sy,  0.0 ni, 77.3 id,  0.0 wa,  0.0 hi,  1.1 si,  0.0 st
%Cpu(s):  9.5 us,  5.2 sy,  0.0 ni, 85.1 id,  0.0 wa,  0.0 hi,  0.3 si,  0.0 st
%Cpu(s):  8.1 us,  2.5 sy,  0.0 ni, 89.1 id,  0.0 wa,  0.0 hi,  0.1 si,  0.1 st
%Cpu(s):  8.2 us,  3.1 sy,  0.0 ni, 88.3 id,  0.0 wa,  0.0 hi,  0.4 si,  0.0 st
%Cpu(s):  3.4 us,  3.5 sy,  0.0 ni, 93.0 id,  0.0 wa,  0.0 hi,  0.1 si,  0.0 st
%Cpu(s):  4.8 us,  2.8 sy,  0.0 ni, 92.2 id,  0.0 wa,  0.0 hi,  0.0 si,  0.3 st
%Cpu(s): 22.5 us,  3.1 sy,  0.0 ni, 74.2 id,  0.0 wa,  0.0 hi,  0.1 si,  0.0 st
%Cpu(s): 21.8 us,  2.2 sy,  0.0 ni, 75.6 id,  0.0 wa,  0.0 hi,  0.2 si,  0.1 st
%Cpu(s): 13.7 us,  2.7 sy,  0.0 ni, 83.6 id,  0.0 wa,  0.0 hi,  0.0 si,  0.0 st
%Cpu(s):  3.8 us,  2.6 sy,  0.0 ni, 93.5 id,  0.0 wa,  0.0 hi,  0.1 si,  0.0 st
%Cpu(s):  4.8 us,  2.0 sy,  0.0 ni, 93.1 id,  0.0 wa,  0.0 hi,  0.0 si,  0.0 st
%Cpu(s):  7.0 us,  1.9 sy,  0.0 ni, 90.8 id,  0.0 wa,  0.0 hi,  0.1 si,  0.1 st
