%Cpu(s):  7.3 us,  1.3 sy,  0.0 ni, 91.2 id,  0.0 wa,  0.0 hi,  0.1 si,  0.0 st
%Cpu(s):  2.5 us,  2.3 sy,  0.0 ni, 95.1 id,  0.1 wa,  0.0 hi,  0.0 si,  0.0 st
%Cpu(s):  3.6 us,  3.2 sy,  0.0 ni, 92.9 id,  0.0 wa,  0.0 hi,  0.0 si,  0.2 st
%Cpu(s):  2.3 us,  2.3 sy,  0.0 ni, 95.3 id,  0.0 wa,  0.0 hi,  0.0 si,  0.1 st
%Cpu(s):  2.4 us,  1.6 sy,  0.0 ni, 95.9 id,  0.0 wa,  0.0 hi,  0.0 si,  0.1 st
%Cpu(s):  5.3 us,  2.9 sy,  0.0 ni, 91.6 id,  0.0 wa,  0.0 hi,  0.0 si,  0.3 st
%Cpu(s):  6.2 us,  1.8 sy,  0.0 ni, 91.8 id,  0.0 wa,  0.0 hi,  0.1 si,  0.1 st
%Cpu(s): 74.2 us,  5.0 sy,  0.0 ni, 19.8 id,  0.0 wa,  0.0 hi,  0.9 si,  0.1 st
%Cpu(s): 89.8 us,  8.0 sy,  0.0 ni,  0.7 id,  0.0 wa,  0.0 hi,  1.5 si,  0.0 st
%Cpu(s): 89.8 us,  8.1 sy,  0.0 ni,  0.0 id,  0.0 wa,  0.0 hi,  2.1 si,  0.0 st
%Cpu(s): 88.0 us,  9.7 sy,  0.0 ni,  0.1 id,  0.0 wa,  0.0 hi,  2.1 si,  0.0 st
%Cpu(s): 90.3 us,  7.6 sy,  0.0 ni,  0.4 id,  0.0 wa,  0.0 hi,  1.7 si,  0.0 st
%Cpu(s): 89.4 us,  8.7 sy,  0.0 ni,  0.2 id,  0.0 wa,  0.0 hi,  1.6 si,  0.0 st
%Cpu(s): 88.1 us,  8.7 sy,  0.0 ni,  0.5 id,  0.0 wa,  0.0 hi,  2.7 si,  0.0 st
%Cpu(s): 67.3 us,  7.3 sy,  0.0 ni, 23.9 id,  0.0 wa,  0.0 hi,  1.5 si,  0.0 st
%Cpu(s): 20.0 us,  7.2 sy,  0.0 ni, 71.8 id,  0.0 wa,  0.0 hi,  1.0 si,  0.0 st
%Cpu(s): 18.8 us,  7.9 sy,  0.0 ni, 72.7 id,  0.0 wa,  0.0 hi,  0.5 si,  0.0 st
%Cpu(s): 21.3 us,  6.8 sy,  0.0 ni, 70.7 id,  0.0 wa,  0.0 hi,  1.2 si,  0.0 st
%Cpu(s): 16.2 us,  6.2 sy,  0.0 ni, 76.7 id,  0.0 wa,  0.0 hi,  0.9 si,  0.0 st
%Cpu(s): 14.7 us,  7.0 sy,  0.0 ni, 77.7 id,  0.0 wa,  0.0 hi,  0.5 si,  0.0 st
%Cpu(s): 19.8 us,  6.4 sy,  0.0 ni, 73.1 id,  0.0 wa,  0.0 hi,  0.6 si,  0.1 st
%Cpu(s): 12.5 us,  6.2 sy,  0.0 ni, 80.6 id,  0.1 wa,  0.0 hi,  0.5 si,  0.0 st
%Cpu(s): 15.2 us,  6.6 sy,  0.0 ni, 77.7 id,  0.0 wa,  0.0 hi,  0.5 si,  0.0 st
%Cpu(s): 18.9 us,  7.1 sy,  0.0 ni, 73.4 id,  0.0 wa,  0.0 hi,  0.6 si,  0.0 st
%Cpu(s): 13.8 us,  6.8 sy,  0.0 ni, 78.7 id,  0.0 wa,  0.0 hi,  0.6 si,  0.1 st
%Cpu(s): 24.0 us,  7.2 sy,  0.0 ni, 67.9 id,  0.0 wa,  0.0 hi,  0.9 si,  0.0 st
%Cpu(s): 19.3 us,  6.5 sy,  0.0 ni, 73.7 id,  0.0 wa,  0.0 hi,  0.5 si,  0.0 st
%Cpu(s): 14.3 us,  7.2 sy,  0.0 ni, 77.5 id,  0.0 wa,  0.0 hi,  1.0 si,  0.0 st
%Cpu(s): 22.7 us,  7.7 sy,  0.0 ni, 68.8 id,  0.0 wa,  0.0 hi,  0.8 si,  0.0 st
%Cpu(s): 18.3 us,  6.3 sy,  0.0 ni, 74.8 id,  0.0 wa,  0.0 hi,  0.6 si,  0.0 st
%Cpu(s): 17.8 us,  6.2 sy,  0.0 ni, 75.4 id,  0.0 wa,  0.0 hi,  0.6 si,  0.0 st
%Cpu(s): 17.5 us,  6.9 sy,  0.0 ni, 74.6 id,  0.0 wa,  0.0 hi,  0.8 si,  0.1 st
%Cpu(s): 13.5 us,  7.7 sy,  0.0 ni, 78.2 id,  0.0 wa,  0.0 hi,  0.5 si,  0.1 st
%Cpu(s): 14.0 us,  6.2 sy,  0.0 ni, 79.1 id,  0.0 wa,  0.0 hi,  0.8 si,  0.0 st
%Cpu(s): 11.8 us,  6.7 sy,  0.0 ni, 80.7 id,  0.0 wa,  0.0 hi,  0.8 si,  0.0 st
%Cpu(s): 12.3 us,  7.5 sy,  0.0 ni, 79.4 id,  0.0 wa,  0.0 hi,  0.8 si,  0.0 st
%Cpu(s): 16.8 us,  7.2 sy,  0.0 ni, 75.3 id,  0.0 wa,  0.0 hi,  0.6 si,  0.0 st
%Cpu(s): 29.8 us,  6.3 sy,  0.0 ni, 62.8 id,  0.0 wa,  0.0 hi,  1.0 si,  0.0 st
%Cpu(s): 15.7 us,  7.7 sy,  0.0 ni, 75.9 id,  0.0 wa,  0.0 hi,  0.6 si,  0.0 st
%Cpu(s): 37.6 us,  8.2 sy,  0.0 ni, 53.1 id,  0.0 wa,  0.0 hi,  1.1 si,  0.0 st
%Cpu(s): 29.9 us,  6.0 sy,  0.0 ni, 62.8 id,  0.0 wa,  0.0 hi,  1.3 si,  0.0 st
%Cpu(s): 26.3 us,  7.2 sy,  0.0 ni, 65.6 id,  0.1 wa,  0.0 hi,  0.8 si,  0.0 st
%Cpu(s): 12.0 us,  8.2 sy,  0.0 ni, 79.0 id,  0.0 wa,  0.0 hi,  0.6 si,  0.1 st
%Cpu(s): 13.7 us,  5.8 sy,  0.0 ni, 79.7 id,  0.0 wa,  0.0 hi,  0.8 si,  0.0 st
%Cpu(s): 19.5 us,  6.8 sy,  0.0 ni, 72.9 id,  0.0 wa,  0.0 hi,  0.9 si,  0.0 st
%Cpu(s): 18.1 us,  7.5 sy,  0.0 ni, 73.4 id,  0.0 wa,  0.0 hi,  0.9 si,  0.0 st
%Cpu(s): 18.2 us,  6.8 sy,  0.0 ni, 73.4 id,  0.0 wa,  0.0 hi,  1.4 si,  0.1 st
%Cpu(s): 13.4 us,  7.8 sy,  0.0 ni, 78.2 id,  0.0 wa,  0.0 hi,  0.6 si,  0.0 st
%Cpu(s): 14.7 us,  7.7 sy,  0.0 ni, 76.9 id,  0.0 wa,  0.0 hi,  0.8 si,  0.0 st
%Cpu(s): 12.2 us,  5.7 sy,  0.0 ni, 81.8 id,  0.0 wa,  0.0 hi,  0.4 si,  0.0 st
%Cpu(s): 26.5 us,  6.6 sy,  0.0 ni, 66.0 id,  0.0 wa,  0.0 hi,  0.9 si,  0.0 st
%Cpu(s): 13.7 us,  7.7 sy,  0.0 ni, 77.9 id,  0.0 wa,  0.0 hi,  0.6 si,  0.0 st
%Cpu(s): 12.3 us,  7.0 sy,  0.0 ni, 80.1 id,  0.0 wa,  0.0 hi,  0.6 si,  0.0 st
%Cpu(s): 12.0 us,  6.7 sy,  0.0 ni, 81.0 id,  0.0 wa,  0.0 hi,  0.3 si,  0.0 st
%Cpu(s): 17.2 us,  6.2 sy,  0.0 ni, 75.7 id,  0.0 wa,  0.0 hi,  0.9 si,  0.0 st
%Cpu(s): 15.4 us,  7.8 sy,  0.0 ni, 76.2 id,  0.0 wa,  0.0 hi,  0.6 si,  0.0 st
%Cpu(s): 20.5 us,  7.4 sy,  0.0 ni, 71.1 id,  0.0 wa,  0.0 hi,  0.8 si,  0.1 st
%Cpu(s): 16.1 us,  7.2 sy,  0.0 ni, 76.1 id,  0.0 wa,  0.0 hi,  0.6 si,  0.0 st
%Cpu(s): 14.2 us,  6.8 sy,  0.0 ni, 77.8 id,  0.0 wa,  0.0 hi,  1.1 si,  0.0 st
%Cpu(s): 16.7 us,  7.0 sy,  0.0 ni, 75.2 id,  0.0 wa,  0.0 hi,  1.0 si,  0.1 st
%Cpu(s): 15.5 us,  7.6 sy,  0.0 ni, 76.6 id,  0.0 wa,  0.0 hi,  0.4 si,  0.0 st
%Cpu(s): 11.4 us,  6.2 sy,  0.0 ni, 82.1 id,  0.0 wa,  0.0 hi,  0.4 si,  0.0 st
%Cpu(s):  8.6 us,  4.9 sy,  0.0 ni, 86.4 id,  0.0 wa,  0.0 hi,  0.1 si,  0.0 st
%Cpu(s):  4.5 us,  3.9 sy,  0.0 ni, 91.4 id,  0.0 wa,  0.0 hi,  0.3 si,  0.0 st
%Cpu(s):  4.0 us,  2.9 sy,  0.0 ni, 92.9 id,  0.0 wa,  0.0 hi,  0.1 si,  0.1 st
%Cpu(s):  3.3 us,  2.5 sy,  0.0 ni, 94.2 id,  0.0 wa,  0.0 hi,  0.0 si,  0.0 st
%Cpu(s):  3.9 us,  2.9 sy,  0.0 ni, 93.0 id,  0.0 wa,  0.0 hi,  0.0 si,  0.1 st
%Cpu(s): 17.3 us,  2.5 sy,  0.0 ni, 79.8 id,  0.0 wa,  0.0 hi,  0.4 si,  0.0 st
%Cpu(s):  7.5 us,  2.8 sy,  0.0 ni, 89.6 id,  0.0 wa,  0.0 hi,  0.1 si,  0.0 st
%Cpu(s):  4.4 us,  3.3 sy,  0.0 ni, 92.2 id,  0.0 wa,  0.0 hi,  0.0 si,  0.1 st
%Cpu(s):  4.4 us,  3.2 sy,  0.0 ni, 92.3 id,  0.0 wa,  0.0 hi,  0.0 si,  0.1 st
%Cpu(s): 13.1 us,  4.2 sy,  0.0 ni, 82.6 id,  0.0 wa,  0.0 hi,  0.1 si,  0.0 st
