%Cpu(s):  1.5 us,  0.3 sy,  0.0 ni, 98.2 id,  0.0 wa,  0.0 hi,  0.0 si,  0.0 st
%Cpu(s):  9.8 us,  1.9 sy,  0.0 ni, 88.3 id,  0.0 wa,  0.0 hi,  0.0 si,  0.0 st
%Cpu(s):  2.5 us,  2.5 sy,  0.0 ni, 94.7 id,  0.0 wa,  0.0 hi,  0.0 si,  0.3 st
%Cpu(s):  3.4 us,  2.6 sy,  0.0 ni, 93.5 id,  0.0 wa,  0.0 hi,  0.1 si,  0.4 st
%Cpu(s):  3.9 us,  2.5 sy,  0.0 ni, 93.3 id,  0.0 wa,  0.0 hi,  0.0 si,  0.3 st
%Cpu(s):  6.3 us,  1.4 sy,  0.0 ni, 92.0 id,  0.1 wa,  0.0 hi,  0.0 si,  0.1 st
%Cpu(s): 16.6 us,  2.3 sy,  0.0 ni, 80.8 id,  0.0 wa,  0.0 hi,  0.1 si,  0.3 st
%Cpu(s): 69.9 us,  4.1 sy,  0.0 ni, 25.4 id,  0.0 wa,  0.0 hi,  0.6 si,  0.0 st
%Cpu(s): 71.2 us,  4.8 sy,  0.0 ni, 23.0 id,  0.0 wa,  0.0 hi,  1.0 si,  0.0 st
%Cpu(s): 77.0 us,  5.1 sy,  0.0 ni, 16.9 id,  0.0 wa,  0.0 hi,  0.9 si,  0.1 st
%Cpu(s): 92.1 us,  5.0 sy,  0.0 ni,  1.9 id,  0.0 wa,  0.0 hi,  1.0 si,  0.0 st
%Cpu(s): 91.1 us,  4.0 sy,  0.0 ni,  3.7 id,  0.0 wa,  0.0 hi,  1.1 si,  0.0 st
%Cpu(s): 85.7 us,  5.0 sy,  0.0 ni,  7.5 id,  0.0 wa,  0.0 hi,  1.9 si,  0.0 st
%Cpu(s): 60.3 us,  5.6 sy,  0.0 ni, 32.4 id,  0.0 wa,  0.0 hi,  1.7 si,  0.0 st
%Cpu(s): 44.1 us,  6.0 sy,  0.0 ni, 49.4 id,  0.0 wa,  0.0 hi,  0.5 si,  0.0 st
%Cpu(s): 28.9 us,  6.1 sy,  0.0 ni, 64.5 id,  0.0 wa,  0.0 hi,  0.4 si,  0.0 st
%Cpu(s): 20.4 us,  6.2 sy,  0.0 ni, 72.6 id,  0.0 wa,  0.0 hi,  0.6 si,  0.1 st
%Cpu(s): 21.8 us,  5.1 sy,  0.0 ni, 72.8 id,  0.0 wa,  0.0 hi,  0.3 si,  0.0 st
%Cpu(s): 28.0 us,  6.1 sy,  0.0 ni, 65.2 id,  0.0 wa,  0.0 hi,  0.5 si,  0.1 st
%Cpu(s): 28.6 us,  7.0 sy,  0.0 ni, 63.4 id,  0.0 wa,  0.0 hi,  1.0 si,  0.0 st
%Cpu(s): 12.7 us,  6.0 sy,  0.0 ni, 80.8 id,  0.0 wa,  0.0 hi,  0.5 si,  0.0 st
%Cpu(s): 15.5 us,  6.8 sy,  0.0 ni, 77.4 id,  0.0 wa,  0.0 hi,  0.3 si,  0.0 st
%Cpu(s): 11.5 us,  5.6 sy,  0.0 ni, 82.2 id,  0.0 wa,  0.0 hi,  0.6 si,  0.0 st
%Cpu(s): 12.0 us,  5.8 sy,  0.0 ni, 81.7 id,  0.0 wa,  0.0 hi,  0.4 si,  0.1 st
%Cpu(s): 14.8 us,  6.8 sy,  0.0 ni, 77.6 id,  0.0 wa,  0.0 hi,  0.8 si,  0.0 st
%Cpu(s): 14.7 us,  7.5 sy,  0.0 ni, 77.4 id,  0.0 wa,  0.0 hi,  0.4 si,  0.0 st
%Cpu(s): 15.1 us,  6.4 sy,  0.0 ni, 77.8 id,  0.0 wa,  0.0 hi,  0.6 si,  0.0 st
%Cpu(s): 21.8 us,  6.0 sy,  0.0 ni, 71.4 id,  0.0 wa,  0.0 hi,  0.6 si,  0.1 st
%Cpu(s): 14.1 us,  7.1 sy,  0.0 ni, 78.5 id,  0.0 wa,  0.0 hi,  0.4 si,  0.0 st
%Cpu(s): 13.4 us,  6.6 sy,  0.0 ni, 79.8 id,  0.0 wa,  0.0 hi,  0.3 si,  0.0 st
%Cpu(s): 11.8 us,  4.7 sy,  0.0 ni, 82.7 id,  0.0 wa,  0.0 hi,  0.6 si,  0.1 st
%Cpu(s): 14.7 us,  6.8 sy,  0.0 ni, 78.1 id,  0.0 wa,  0.0 hi,  0.4 si,  0.0 st
%Cpu(s): 11.4 us,  5.8 sy,  0.0 ni, 82.3 id,  0.0 wa,  0.0 hi,  0.5 si,  0.0 st
%Cpu(s): 13.6 us,  5.8 sy,  0.0 ni, 80.3 id,  0.0 wa,  0.0 hi,  0.3 si,  0.0 st
%Cpu(s): 11.2 us,  6.4 sy,  0.0 ni, 81.3 id,  0.0 wa,  0.0 hi,  1.0 si,  0.1 st
%Cpu(s): 10.1 us,  6.3 sy,  0.0 ni, 83.2 id,  0.0 wa,  0.0 hi,  0.4 si,  0.0 st
%Cpu(s): 11.9 us,  6.1 sy,  0.0 ni, 81.2 id,  0.0 wa,  0.0 hi,  0.6 si,  0.1 st
%Cpu(s): 21.4 us,  5.9 sy,  0.0 ni, 72.0 id,  0.0 wa,  0.0 hi,  0.6 si,  0.0 st
%Cpu(s): 16.7 us,  5.4 sy,  0.0 ni, 77.3 id,  0.0 wa,  0.0 hi,  0.6 si,  0.0 st
%Cpu(s): 12.0 us,  6.3 sy,  0.0 ni, 81.2 id,  0.0 wa,  0.0 hi,  0.5 si,  0.0 st
%Cpu(s): 14.1 us,  6.9 sy,  0.0 ni, 78.3 id,  0.0 wa,  0.0 hi,  0.6 si,  0.0 st
%Cpu(s): 24.0 us,  5.3 sy,  0.0 ni, 70.3 id,  0.0 wa,  0.0 hi,  0.4 si,  0.0 st
%Cpu(s): 13.9 us,  6.0 sy,  0.0 ni, 79.5 id,  0.0 wa,  0.0 hi,  0.5 si,  0.1 st
%Cpu(s): 13.1 us,  6.2 sy,  0.0 ni, 80.3 id,  0.0 wa,  0.0 hi,  0.5 si,  0.0 st
%Cpu(s): 10.7 us,  5.7 sy,  0.0 ni, 83.2 id,  0.0 wa,  0.0 hi,  0.3 si,  0.1 st
%Cpu(s): 10.1 us,  6.1 sy,  0.0 ni, 83.6 id,  0.0 wa,  0.0 hi,  0.3 si,  0.0 st
%Cpu(s): 10.9 us,  5.8 sy,  0.0 ni, 82.6 id,  0.0 wa,  0.0 hi,  0.5 si,  0.1 st
%Cpu(s):  9.5 us,  5.6 sy,  0.0 ni, 83.8 id,  0.0 wa,  0.0 hi,  1.0 si,  0.0 st
%Cpu(s):  9.3 us,  6.5 sy,  0.0 ni, 83.8 id,  0.0 wa,  0.0 hi,  0.5 si,  0.0 st
%Cpu(s): 10.7 us,  6.8 sy,  0.0 ni, 82.3 id,  0.0 wa,  0.0 hi,  0.3 si,  0.0 st
%Cpu(s): 11.4 us,  6.0 sy,  0.0 ni, 82.3 id,  0.0 wa,  0.0 hi,  0.3 si,  0.1 st
%Cpu(s):  9.5 us,  6.2 sy,  0.0 ni, 83.2 id,  0.0 wa,  0.0 hi,  1.0 si,  0.0 st
%Cpu(s): 12.0 us,  6.8 sy,  0.0 ni, 80.7 id,  0.0 wa,  0.0 hi,  0.5 si,  0.0 st
%Cpu(s): 12.6 us,  8.0 sy,  0.0 ni, 79.1 id,  0.0 wa,  0.0 hi,  0.2 si,  0.0 st
%Cpu(s): 10.5 us,  6.9 sy,  0.0 ni, 81.9 id,  0.0 wa,  0.0 hi,  0.8 si,  0.0 st
%Cpu(s):  8.7 us,  5.8 sy,  0.0 ni, 85.0 id,  0.1 wa,  0.0 hi,  0.3 si,  0.1 st
%Cpu(s):  9.4 us,  6.5 sy,  0.0 ni, 83.5 id,  0.0 wa,  0.0 hi,  0.6 si,  0.0 st
%Cpu(s): 12.8 us,  7.8 sy,  0.0 ni, 78.7 id,  0.0 wa,  0.0 hi,  0.6 si,  0.1 st
%Cpu(s): 11.0 us,  7.3 sy,  0.0 ni, 81.2 id,  0.0 wa,  0.0 hi,  0.5 si,  0.0 st
%Cpu(s): 10.2 us,  5.5 sy,  0.0 ni, 83.7 id,  0.0 wa,  0.0 hi,  0.6 si,  0.0 st
%Cpu(s): 11.4 us,  7.0 sy,  0.0 ni, 81.2 id,  0.0 wa,  0.0 hi,  0.5 si,  0.0 st
%Cpu(s): 11.6 us,  6.5 sy,  0.0 ni, 81.2 id,  0.0 wa,  0.0 hi,  0.5 si,  0.1 st
%Cpu(s): 13.2 us,  6.4 sy,  0.0 ni, 80.0 id,  0.0 wa,  0.0 hi,  0.4 si,  0.0 st
%Cpu(s): 11.0 us,  6.5 sy,  0.0 ni, 81.9 id,  0.0 wa,  0.0 hi,  0.5 si,  0.0 st
%Cpu(s): 11.2 us,  5.6 sy,  0.0 ni, 83.1 id,  0.0 wa,  0.0 hi,  0.1 si,  0.0 st
%Cpu(s): 11.0 us,  7.0 sy,  0.0 ni, 81.3 id,  0.0 wa,  0.0 hi,  0.6 si,  0.1 st
%Cpu(s): 20.2 us,  6.4 sy,  0.0 ni, 72.9 id,  0.0 wa,  0.0 hi,  0.5 si,  0.0 st
%Cpu(s): 48.8 us,  6.3 sy,  0.0 ni, 42.9 id,  0.0 wa,  0.0 hi,  2.0 si,  0.0 st
%Cpu(s): 48.7 us,  5.9 sy,  0.0 ni, 44.9 id,  0.0 wa,  0.0 hi,  0.5 si,  0.0 st
%Cpu(s): 18.4 us,  6.6 sy,  0.0 ni, 74.5 id,  0.0 wa,  0.0 hi,  0.4 si,  0.1 st
%Cpu(s): 15.3 us,  6.8 sy,  0.0 ni, 77.2 id,  0.0 wa,  0.0 hi,  0.6 si,  0.0 st
%Cpu(s): 13.6 us,  5.2 sy,  0.0 ni, 80.4 id,  0.0 wa,  0.0 hi,  0.8 si,  0.0 st
%Cpu(s): 11.2 us,  5.9 sy,  0.0 ni, 82.4 id,  0.0 wa,  0.0 hi,  0.5 si,  0.0 st
