%Cpu(s): 11.2 us,  1.8 sy,  0.0 ni, 86.7 id,  0.0 wa,  0.0 hi,  0.2 si,  0.0 st
%Cpu(s):  9.8 us,  1.5 sy,  0.0 ni, 88.6 id,  0.0 wa,  0.0 hi,  0.0 si,  0.1 st
%Cpu(s):  2.8 us,  1.4 sy,  0.0 ni, 95.9 id,  0.0 wa,  0.0 hi,  0.0 si,  0.0 st
%Cpu(s):  2.4 us,  1.9 sy,  0.0 ni, 95.6 id,  0.0 wa,  0.0 hi,  0.0 si,  0.1 st
%Cpu(s):  3.9 us,  1.8 sy,  0.0 ni, 94.2 id,  0.0 wa,  0.0 hi,  0.0 si,  0.1 st
%Cpu(s): 12.2 us,  1.8 sy,  0.0 ni, 85.9 id,  0.0 wa,  0.0 hi,  0.1 si,  0.0 st
%Cpu(s): 21.7 us,  2.2 sy,  0.0 ni, 75.8 id,  0.0 wa,  0.0 hi,  0.1 si,  0.1 st
%Cpu(s): 13.6 us,  5.1 sy,  0.0 ni, 81.0 id,  0.0 wa,  0.0 hi,  0.3 si,  0.0 st
%Cpu(s): 46.5 us,  4.6 sy,  0.0 ni, 47.1 id,  0.0 wa,  0.0 hi,  1.7 si,  0.1 st
%Cpu(s): 91.2 us,  5.7 sy,  0.0 ni,  0.7 id,  0.0 wa,  0.0 hi,  2.4 si,  0.0 st
%Cpu(s): 90.0 us,  7.2 sy,  0.0 ni,  0.1 id,  0.0 wa,  0.0 hi,  2.6 si,  0.1 st
%Cpu(s): 87.8 us,  9.5 sy,  0.0 ni,  0.0 id,  0.0 wa,  0.0 hi,  2.7 si,  0.0 st
%Cpu(s): 86.3 us, 10.1 sy,  0.0 ni,  0.2 id,  0.0 wa,  0.0 hi,  3.2 si,  0.1 st
%Cpu(s): 87.8 us,  9.8 sy,  0.0 ni,  0.1 id,  0.0 wa,  0.0 hi,  2.2 si,  0.0 st
%Cpu(s): 87.7 us,  9.4 sy,  0.0 ni,  0.0 id,  0.0 wa,  0.0 hi,  2.7 si,  0.1 st
%Cpu(s): 87.8 us,  9.2 sy,  0.0 ni,  0.1 id,  0.0 wa,  0.0 hi,  2.9 si,  0.0 st
%Cpu(s): 90.7 us,  7.2 sy,  0.0 ni,  0.0 id,  0.0 wa,  0.0 hi,  2.1 si,  0.0 st
%Cpu(s): 87.1 us, 10.4 sy,  0.0 ni,  0.1 id,  0.0 wa,  0.0 hi,  2.4 si,  0.0 st
%Cpu(s): 86.9 us, 10.3 sy,  0.0 ni,  0.1 id,  0.0 wa,  0.0 hi,  2.6 si,  0.0 st
%Cpu(s): 86.3 us, 10.6 sy,  0.0 ni,  0.2 id,  0.0 wa,  0.0 hi,  2.9 si,  0.0 st
%Cpu(s): 87.5 us,  9.9 sy,  0.0 ni,  0.0 id,  0.0 wa,  0.0 hi,  2.6 si,  0.0 st
%Cpu(s): 88.3 us,  8.7 sy,  0.0 ni,  0.9 id,  0.0 wa,  0.0 hi,  2.1 si,  0.0 st
%Cpu(s): 88.0 us,  8.1 sy,  0.0 ni,  1.0 id,  0.0 wa,  0.0 hi,  2.9 si,  0.1 st
%Cpu(s): 83.6 us,  7.3 sy,  0.0 ni,  7.1 id,  0.0 wa,  0.0 hi,  1.9 si,  0.1 st
%Cpu(s): 82.9 us,  9.2 sy,  0.0 ni,  4.9 id,  0.0 wa,  0.0 hi,  2.9 si,  0.1 st
%Cpu(s): 85.4 us,  9.4 sy,  0.0 ni,  2.0 id,  0.0 wa,  0.0 hi,  3.2 si,  0.0 st
%Cpu(s): 77.5 us,  9.0 sy,  0.0 ni, 10.5 id,  0.0 wa,  0.0 hi,  2.9 si,  0.1 st
%Cpu(s): 70.0 us, 10.0 sy,  0.0 ni, 17.1 id,  0.0 wa,  0.0 hi,  2.9 si,  0.0 st
%Cpu(s): 73.8 us,  9.8 sy,  0.0 ni, 13.1 id,  0.0 wa,  0.0 hi,  3.1 si,  0.1 st
%Cpu(s): 75.5 us,  7.3 sy,  0.0 ni, 14.1 id,  0.0 wa,  0.0 hi,  3.1 si,  0.0 st
%Cpu(s): 72.8 us,  9.5 sy,  0.0 ni, 14.5 id,  0.0 wa,  0.0 hi,  3.1 si,  0.1 st
%Cpu(s): 82.3 us,  7.5 sy,  0.0 ni,  7.8 id,  0.0 wa,  0.0 hi,  2.4 si,  0.0 st
%Cpu(s): 75.0 us,  8.7 sy,  0.0 ni, 13.3 id,  0.0 wa,  0.0 hi,  2.9 si,  0.1 st
%Cpu(s): 46.0 us,  7.6 sy,  0.0 ni, 44.0 id,  0.0 wa,  0.0 hi,  2.2 si,  0.1 st
%Cpu(s): 49.8 us,  8.1 sy,  0.0 ni, 39.7 id,  0.0 wa,  0.0 hi,  2.3 si,  0.0 st
%Cpu(s): 33.9 us,  8.5 sy,  0.0 ni, 56.3 id,  0.0 wa,  0.0 hi,  1.3 si,  0.0 st
%Cpu(s): 34.1 us,  7.2 sy,  0.0 ni, 57.0 id,  0.0 wa,  0.0 hi,  1.7 si,  0.0 st
%Cpu(s): 50.5 us,  6.1 sy,  0.0 ni, 41.2 id,  0.0 wa,  0.0 hi,  1.9 si,  0.3 st
%Cpu(s): 42.4 us,  7.5 sy,  0.0 ni, 48.0 id,  0.0 wa,  0.0 hi,  2.2 si,  0.0 st
%Cpu(s): 53.5 us,  7.3 sy,  0.0 ni, 37.0 id,  0.0 wa,  0.0 hi,  2.1 si,  0.1 st
%Cpu(s): 40.7 us,  6.9 sy,  0.0 ni, 50.0 id,  0.0 wa,  0.0 hi,  2.4 si,  0.0 st
%Cpu(s): 39.8 us,  7.9 sy,  0.0 ni, 49.7 id,  0.0 wa,  0.0 hi,  2.7 si,  0.0 st
%Cpu(s): 30.9 us, 10.2 sy,  0.0 ni, 55.8 id,  0.0 wa,  0.0 hi,  2.8 si,  0.3 st
%Cpu(s): 55.6 us,  8.7 sy,  0.0 ni, 32.7 id,  0.0 wa,  0.0 hi,  3.1 si,  0.0 st
%Cpu(s): 49.4 us,  8.1 sy,  0.0 ni, 39.8 id,  0.0 wa,  0.0 hi,  2.4 si,  0.3 st
%Cpu(s): 38.1 us,  9.2 sy,  0.0 ni, 51.5 id,  0.0 wa,  0.0 hi,  1.0 si,  0.1 st
%Cpu(s): 30.2 us, 10.1 sy,  0.0 ni, 58.6 id,  0.0 wa,  0.0 hi,  1.2 si,  0.0 st
%Cpu(s): 44.2 us,  7.5 sy,  0.0 ni, 46.1 id,  0.0 wa,  0.0 hi,  2.1 si,  0.1 st
%Cpu(s): 38.8 us,  8.0 sy,  0.0 ni, 51.4 id,  0.0 wa,  0.0 hi,  1.7 si,  0.1 st
%Cpu(s): 30.7 us,  9.7 sy,  0.0 ni, 57.1 id,  0.0 wa,  0.0 hi,  2.3 si,  0.1 st
%Cpu(s): 28.8 us,  8.4 sy,  0.0 ni, 59.1 id,  0.0 wa,  0.0 hi,  3.4 si,  0.3 st
%Cpu(s): 27.8 us,  7.8 sy,  0.0 ni, 62.2 id,  0.0 wa,  0.0 hi,  2.0 si,  0.3 st
%Cpu(s): 27.4 us,  7.8 sy,  0.0 ni, 62.6 id,  0.0 wa,  0.0 hi,  2.2 si,  0.0 st
%Cpu(s): 28.5 us,  6.7 sy,  0.0 ni, 62.3 id,  0.1 wa,  0.0 hi,  2.3 si,  0.0 st
%Cpu(s): 25.7 us,  7.2 sy,  0.0 ni, 64.7 id,  0.0 wa,  0.0 hi,  2.4 si,  0.0 st
%Cpu(s): 23.6 us,  7.3 sy,  0.0 ni, 67.2 id,  0.0 wa,  0.0 hi,  1.8 si,  0.1 st
%Cpu(s): 24.0 us,  7.0 sy,  0.0 ni, 67.1 id,  0.0 wa,  0.0 hi,  1.8 si,  0.1 st
%Cpu(s): 26.4 us,  7.0 sy,  0.0 ni, 65.7 id,  0.0 wa,  0.0 hi,  0.9 si,  0.0 st
%Cpu(s): 28.1 us,  8.3 sy,  0.0 ni, 61.6 id,  0.0 wa,  0.0 hi,  1.7 si,  0.1 st
%Cpu(s): 24.4 us,  7.0 sy,  0.0 ni, 66.3 id,  0.0 wa,  0.0 hi,  2.3 si,  0.0 st
%Cpu(s): 25.1 us,  5.8 sy,  0.0 ni, 66.5 id,  0.0 wa,  0.0 hi,  2.3 si,  0.3 st
%Cpu(s): 25.6 us,  7.5 sy,  0.0 ni, 64.2 id,  0.0 wa,  0.0 hi,  2.5 si,  0.3 st
%Cpu(s): 26.4 us,  9.9 sy,  0.0 ni, 61.4 id,  0.0 wa,  0.0 hi,  2.3 si,  0.0 st
%Cpu(s): 28.2 us,  9.2 sy,  0.0 ni, 59.4 id,  0.0 wa,  0.0 hi,  3.1 si,  0.1 st
%Cpu(s): 29.0 us, 10.3 sy,  0.0 ni, 58.1 id,  0.0 wa,  0.0 hi,  2.7 si,  0.0 st
%Cpu(s): 28.5 us,  9.4 sy,  0.0 ni, 59.6 id,  0.0 wa,  0.0 hi,  2.4 si,  0.1 st
%Cpu(s): 28.6 us,  8.7 sy,  0.0 ni, 60.9 id,  0.0 wa,  0.0 hi,  1.9 si,  0.0 st
%Cpu(s): 27.6 us,  9.2 sy,  0.0 ni, 59.6 id,  0.0 wa,  0.0 hi,  3.4 si,  0.1 st
%Cpu(s): 44.0 us,  8.8 sy,  0.0 ni, 44.0 id,  0.0 wa,  0.0 hi,  3.0 si,  0.1 st
%Cpu(s): 57.0 us, 10.0 sy,  0.0 ni, 30.4 id,  0.0 wa,  0.0 hi,  2.6 si,  0.0 st
%Cpu(s): 38.3 us,  9.3 sy,  0.0 ni, 49.2 id,  0.0 wa,  0.0 hi,  3.1 si,  0.1 st
%Cpu(s): 29.5 us,  7.5 sy,  0.0 ni, 60.3 id,  0.0 wa,  0.0 hi,  2.4 si,  0.3 st
%Cpu(s): 46.9 us,  8.3 sy,  0.0 ni, 42.6 id,  0.0 wa,  0.0 hi,  2.1 si,  0.1 st
%Cpu(s): 44.0 us,  8.0 sy,  0.0 ni, 46.6 id,  0.0 wa,  0.0 hi,  1.4 si,  0.0 st
%Cpu(s): 37.3 us,  9.7 sy,  0.0 ni, 50.6 id,  0.0 wa,  0.0 hi,  2.5 si,  0.0 st
