%Cpu(s):  7.4 us,  1.2 sy,  0.0 ni, 91.2 id,  0.0 wa,  0.0 hi,  0.1 si,  0.0 st
%Cpu(s):  1.8 us,  1.1 sy,  0.0 ni, 97.0 id,  0.0 wa,  0.0 hi,  0.1 si,  0.0 st
%Cpu(s):  2.4 us,  1.4 sy,  0.0 ni, 96.3 id,  0.0 wa,  0.0 hi,  0.0 si,  0.0 st
%Cpu(s):  1.8 us,  1.0 sy,  0.0 ni, 97.2 id,  0.0 wa,  0.0 hi,  0.0 si,  0.0 st
%Cpu(s):  1.9 us,  0.8 sy,  0.0 ni, 97.2 id,  0.0 wa,  0.0 hi,  0.0 si,  0.1 st
%Cpu(s):  3.6 us,  1.0 sy,  0.0 ni, 95.2 id,  0.0 wa,  0.0 hi,  0.0 si,  0.1 st
%Cpu(s):  2.9 us,  1.8 sy,  0.0 ni, 95.4 id,  0.0 wa,  0.0 hi,  0.0 si,  0.0 st
%Cpu(s): 58.6 us,  4.8 sy,  0.0 ni, 35.7 id,  0.1 wa,  0.0 hi,  0.8 si,  0.0 st
%Cpu(s): 88.4 us,  8.0 sy,  0.0 ni,  2.4 id,  0.0 wa,  0.0 hi,  1.2 si,  0.0 st
%Cpu(s): 87.2 us, 11.0 sy,  0.0 ni,  0.0 id,  0.0 wa,  0.0 hi,  1.9 si,  0.0 st
%Cpu(s): 85.8 us, 12.3 sy,  0.0 ni,  0.1 id,  0.0 wa,  0.0 hi,  1.7 si,  0.0 st
%Cpu(s): 85.0 us, 13.3 sy,  0.0 ni,  0.0 id,  0.0 wa,  0.0 hi,  1.6 si,  0.1 st
%Cpu(s): 86.9 us, 10.0 sy,  0.0 ni,  0.2 id,  0.0 wa,  0.0 hi,  2.9 si,  0.0 st
%Cpu(s): 86.8 us, 10.8 sy,  0.0 ni,  0.5 id,  0.0 wa,  0.0 hi,  1.9 si,  0.0 st
%Cpu(s): 86.5 us, 11.1 sy,  0.0 ni,  0.1 id,  0.0 wa,  0.0 hi,  2.2 si,  0.0 st
%Cpu(s): 85.7 us, 10.2 sy,  0.0 ni,  1.9 id,  0.0 wa,  0.0 hi,  2.2 si,  0.0 st
%Cpu(s): 81.6 us, 10.8 sy,  0.0 ni,  5.3 id,  0.0 wa,  0.0 hi,  2.2 si,  0.0 st
%Cpu(s): 74.5 us, 10.2 sy,  0.0 ni, 13.2 id,  0.0 wa,  0.0 hi,  2.0 si,  0.0 st
%Cpu(s): 45.4 us,  7.7 sy,  0.0 ni, 46.1 id,  0.0 wa,  0.0 hi,  0.8 si,  0.0 st
%Cpu(s): 19.5 us,  7.9 sy,  0.0 ni, 71.7 id,  0.0 wa,  0.0 hi,  0.8 si,  0.1 st
%Cpu(s): 19.5 us,  7.8 sy,  0.0 ni, 72.0 id,  0.0 wa,  0.0 hi,  0.8 si,  0.0 st
%Cpu(s): 12.7 us,  7.2 sy,  0.0 ni, 79.4 id,  0.0 wa,  0.0 hi,  0.8 si,  0.0 st
%Cpu(s): 14.3 us,  9.1 sy,  0.0 ni, 75.6 id,  0.0 wa,  0.0 hi,  0.9 si,  0.1 st
%Cpu(s): 14.3 us,  8.2 sy,  0.0 ni, 76.7 id,  0.0 wa,  0.0 hi,  0.6 si,  0.1 st
%Cpu(s): 13.7 us,  7.3 sy,  0.0 ni, 78.7 id,  0.0 wa,  0.0 hi,  0.4 si,  0.0 st
%Cpu(s): 13.2 us,  7.2 sy,  0.0 ni, 78.3 id,  0.0 wa,  0.0 hi,  1.2 si,  0.1 st
%Cpu(s): 17.7 us,  7.8 sy,  0.0 ni, 73.8 id,  0.0 wa,  0.0 hi,  0.8 si,  0.0 st
%Cpu(s): 15.6 us,  7.5 sy,  0.0 ni, 76.6 id,  0.0 wa,  0.0 hi,  0.3 si,  0.0 st
%Cpu(s): 13.7 us,  8.6 sy,  0.0 ni, 77.0 id,  0.0 wa,  0.0 hi,  0.5 si,  0.1 st
%Cpu(s): 14.6 us,  7.8 sy,  0.0 ni, 77.2 id,  0.0 wa,  0.0 hi,  0.4 si,  0.0 st
%Cpu(s): 25.9 us,  8.3 sy,  0.0 ni, 64.6 id,  0.0 wa,  0.0 hi,  1.0 si,  0.1 st
%Cpu(s): 19.0 us,  8.0 sy,  0.0 ni, 71.6 id,  0.0 wa,  0.0 hi,  1.4 si,  0.0 st
%Cpu(s): 13.2 us,  6.6 sy,  0.0 ni, 79.5 id,  0.0 wa,  0.0 hi,  0.6 si,  0.1 st
%Cpu(s): 14.9 us,  7.1 sy,  0.0 ni, 77.5 id,  0.0 wa,  0.0 hi,  0.5 si,  0.0 st
%Cpu(s): 14.3 us,  6.6 sy,  0.0 ni, 78.4 id,  0.0 wa,  0.0 hi,  0.6 si,  0.0 st
%Cpu(s): 15.9 us,  8.2 sy,  0.0 ni, 75.5 id,  0.0 wa,  0.0 hi,  0.3 si,  0.1 st
%Cpu(s): 16.1 us,  8.6 sy,  0.0 ni, 74.8 id,  0.0 wa,  0.0 hi,  0.5 si,  0.0 st
%Cpu(s): 27.9 us,  8.1 sy,  0.0 ni, 62.9 id,  0.0 wa,  0.0 hi,  1.1 si,  0.0 st
%Cpu(s): 21.7 us,  8.2 sy,  0.0 ni, 68.9 id,  0.0 wa,  0.0 hi,  1.0 si,  0.1 st
%Cpu(s): 26.0 us,  8.7 sy,  0.0 ni, 64.6 id,  0.0 wa,  0.0 hi,  0.6 si,  0.0 st
%Cpu(s): 21.6 us,  7.3 sy,  0.0 ni, 70.5 id,  0.0 wa,  0.0 hi,  0.5 si,  0.1 st
%Cpu(s): 19.2 us,  8.5 sy,  0.0 ni, 71.4 id,  0.0 wa,  0.0 hi,  0.8 si,  0.1 st
%Cpu(s): 15.9 us,  8.6 sy,  0.0 ni, 75.0 id,  0.0 wa,  0.0 hi,  0.5 si,  0.0 st
%Cpu(s): 13.7 us,  7.4 sy,  0.0 ni, 78.1 id,  0.0 wa,  0.0 hi,  0.7 si,  0.1 st
%Cpu(s): 14.0 us,  8.0 sy,  0.0 ni, 77.4 id,  0.0 wa,  0.0 hi,  0.6 si,  0.0 st
%Cpu(s): 15.0 us,  8.1 sy,  0.0 ni, 76.4 id,  0.0 wa,  0.0 hi,  0.5 si,  0.0 st
%Cpu(s): 14.8 us,  8.3 sy,  0.0 ni, 76.3 id,  0.0 wa,  0.0 hi,  0.5 si,  0.1 st
%Cpu(s): 14.3 us,  7.6 sy,  0.0 ni, 77.2 id,  0.0 wa,  0.0 hi,  0.9 si,  0.0 st
%Cpu(s): 14.5 us,  7.6 sy,  0.0 ni, 76.8 id,  0.0 wa,  0.0 hi,  0.9 si,  0.1 st
%Cpu(s): 14.7 us,  7.7 sy,  0.0 ni, 77.1 id,  0.0 wa,  0.0 hi,  0.5 si,  0.0 st
%Cpu(s): 14.2 us,  8.3 sy,  0.0 ni, 76.7 id,  0.0 wa,  0.0 hi,  0.6 si,  0.1 st
%Cpu(s): 14.5 us,  9.9 sy,  0.0 ni, 75.0 id,  0.0 wa,  0.0 hi,  0.6 si,  0.0 st
%Cpu(s): 13.5 us,  7.9 sy,  0.0 ni, 78.1 id,  0.0 wa,  0.0 hi,  0.5 si,  0.0 st
%Cpu(s): 14.2 us,  8.3 sy,  0.0 ni, 76.9 id,  0.0 wa,  0.0 hi,  0.6 si,  0.0 st
%Cpu(s): 15.4 us,  7.2 sy,  0.0 ni, 76.5 id,  0.0 wa,  0.0 hi,  0.6 si,  0.3 st
%Cpu(s): 15.4 us,  7.3 sy,  0.0 ni, 76.6 id,  0.0 wa,  0.0 hi,  0.6 si,  0.0 st
%Cpu(s): 15.1 us,  7.3 sy,  0.0 ni, 76.6 id,  0.0 wa,  0.0 hi,  1.0 si,  0.0 st
%Cpu(s): 14.7 us,  7.4 sy,  0.0 ni, 76.8 id,  0.1 wa,  0.0 hi,  0.9 si,  0.1 st
%Cpu(s): 11.7 us,  8.0 sy,  0.0 ni, 79.5 id,  0.0 wa,  0.0 hi,  0.8 si,  0.0 st
%Cpu(s): 12.8 us,  8.8 sy,  0.0 ni, 77.3 id,  0.0 wa,  0.0 hi,  1.0 si,  0.0 st
%Cpu(s): 14.0 us,  7.7 sy,  0.0 ni, 77.4 id,  0.0 wa,  0.0 hi,  0.8 si,  0.1 st
%Cpu(s): 14.9 us,  8.4 sy,  0.0 ni, 76.2 id,  0.0 wa,  0.0 hi,  0.5 si,  0.0 st
%Cpu(s): 17.2 us,  8.7 sy,  0.0 ni, 73.2 id,  0.0 wa,  0.0 hi,  0.9 si,  0.0 st
%Cpu(s): 18.1 us,  9.4 sy,  0.0 ni, 71.0 id,  0.0 wa,  0.0 hi,  1.4 si,  0.1 st
%Cpu(s): 10.0 us,  5.6 sy,  0.0 ni, 83.9 id,  0.0 wa,  0.0 hi,  0.5 si,  0.0 st
%Cpu(s):  2.7 us,  1.9 sy,  0.0 ni, 95.4 id,  0.0 wa,  0.0 hi,  0.0 si,  0.0 st
%Cpu(s):  2.7 us,  1.5 sy,  0.0 ni, 95.5 id,  0.0 wa,  0.0 hi,  0.2 si,  0.0 st
%Cpu(s):  6.5 us,  1.3 sy,  0.0 ni, 92.2 id,  0.0 wa,  0.0 hi,  0.0 si,  0.0 st
%Cpu(s):  8.5 us,  1.6 sy,  0.0 ni, 89.8 id,  0.0 wa,  0.0 hi,  0.0 si,  0.0 st
%Cpu(s):  5.0 us,  1.6 sy,  0.0 ni, 93.3 id,  0.0 wa,  0.0 hi,  0.0 si,  0.1 st
%Cpu(s):  1.8 us,  1.4 sy,  0.0 ni, 96.9 id,  0.0 wa,  0.0 hi,  0.0 si,  0.0 st
%Cpu(s):  2.2 us,  1.5 sy,  0.0 ni, 95.6 id,  0.0 wa,  0.0 hi,  0.0 si,  0.6 st
%Cpu(s):  3.4 us,  2.6 sy,  0.0 ni, 93.9 id,  0.0 wa,  0.0 hi,  0.1 si,  0.0 st
%Cpu(s):  2.1 us,  2.0 sy,  0.0 ni, 95.9 id,  0.0 wa,  0.0 hi,  0.0 si,  0.0 st
%Cpu(s):  1.1 us,  1.1 sy,  0.0 ni, 97.8 id,  0.0 wa,  0.0 hi,  0.0 si,  0.0 st
%Cpu(s):  1.4 us,  1.0 sy,  0.0 ni, 97.6 id,  0.0 wa,  0.0 hi,  0.0 si,  0.0 st
%Cpu(s):  2.1 us,  1.6 sy,  0.0 ni, 96.3 id,  0.0 wa,  0.0 hi,  0.0 si,  0.0 st
%Cpu(s):  0.6 us,  0.6 sy,  0.0 ni, 98.6 id,  0.1 wa,  0.0 hi,  0.0 si,  0.0 st
%Cpu(s):  1.0 us,  1.5 sy,  0.0 ni, 97.4 id,  0.0 wa,  0.0 hi,  0.0 si,  0.1 st
%Cpu(s):  1.5 us,  2.2 sy,  0.0 ni, 96.3 id,  0.0 wa,  0.0 hi,  0.0 si,  0.0 st
%Cpu(s):  1.0 us,  1.0 sy,  0.0 ni, 98.0 id,  0.0 wa,  0.0 hi,  0.0 si,  0.0 st
%Cpu(s):  1.5 us,  1.6 sy,  0.0 ni, 96.9 id,  0.0 wa,  0.0 hi,  0.0 si,  0.0 st
%Cpu(s):  1.1 us,  1.5 sy,  0.0 ni, 97.3 id,  0.0 wa,  0.0 hi,  0.1 si,  0.0 st
%Cpu(s):  1.7 us,  1.1 sy,  0.0 ni, 97.1 id,  0.0 wa,  0.0 hi,  0.0 si,  0.0 st
%Cpu(s):  1.4 us,  1.7 sy,  0.0 ni, 96.8 id,  0.0 wa,  0.0 hi,  0.1 si,  0.0 st
