%Cpu(s):  1.6 us,  0.3 sy,  0.0 ni, 98.1 id,  0.0 wa,  0.0 hi,  0.0 si,  0.0 st
%Cpu(s):  2.6 us,  1.6 sy,  0.0 ni, 95.6 id,  0.0 wa,  0.0 hi,  0.0 si,  0.1 st
%Cpu(s):  2.9 us,  1.9 sy,  0.0 ni, 95.1 id,  0.0 wa,  0.0 hi,  0.0 si,  0.1 st
%Cpu(s):  3.5 us,  2.3 sy,  0.0 ni, 94.0 id,  0.0 wa,  0.0 hi,  0.0 si,  0.3 st
%Cpu(s):  3.9 us,  1.5 sy,  0.0 ni, 94.4 id,  0.0 wa,  0.0 hi,  0.0 si,  0.1 st
%Cpu(s):  5.9 us,  2.8 sy,  0.0 ni, 90.7 id,  0.1 wa,  0.0 hi,  0.1 si,  0.4 st
%Cpu(s):  7.0 us,  2.0 sy,  0.0 ni, 90.9 id,  0.0 wa,  0.0 hi,  0.0 si,  0.1 st
%Cpu(s): 70.9 us,  4.7 sy,  0.0 ni, 23.7 id,  0.0 wa,  0.0 hi,  0.8 si,  0.0 st
%Cpu(s): 74.1 us,  5.5 sy,  0.0 ni, 19.3 id,  0.0 wa,  0.0 hi,  1.0 si,  0.0 st
%Cpu(s): 70.0 us,  5.5 sy,  0.0 ni, 24.0 id,  0.0 wa,  0.0 hi,  0.5 si,  0.0 st
%Cpu(s): 93.8 us,  4.6 sy,  0.0 ni,  0.5 id,  0.0 wa,  0.0 hi,  1.1 si,  0.0 st
%Cpu(s): 93.4 us,  5.2 sy,  0.0 ni,  0.5 id,  0.0 wa,  0.0 hi,  0.9 si,  0.0 st
%Cpu(s): 93.8 us,  4.9 sy,  0.0 ni,  0.1 id,  0.0 wa,  0.0 hi,  1.2 si,  0.0 st
%Cpu(s): 65.8 us,  4.4 sy,  0.0 ni, 29.0 id,  0.0 wa,  0.0 hi,  0.8 si,  0.0 st
%Cpu(s): 51.6 us,  6.3 sy,  0.0 ni, 41.3 id,  0.0 wa,  0.0 hi,  0.8 si,  0.1 st
%Cpu(s): 26.2 us,  4.7 sy,  0.0 ni, 68.7 id,  0.0 wa,  0.0 hi,  0.4 si,  0.1 st
%Cpu(s): 21.9 us,  5.4 sy,  0.0 ni, 72.3 id,  0.0 wa,  0.0 hi,  0.4 si,  0.0 st
%Cpu(s): 12.2 us,  6.1 sy,  0.0 ni, 81.4 id,  0.0 wa,  0.0 hi,  0.3 si,  0.0 st
%Cpu(s): 19.9 us,  6.5 sy,  0.0 ni, 73.1 id,  0.0 wa,  0.0 hi,  0.5 si,  0.0 st
%Cpu(s): 23.7 us,  5.8 sy,  0.0 ni, 70.1 id,  0.0 wa,  0.0 hi,  0.4 si,  0.0 st
%Cpu(s): 11.7 us,  5.3 sy,  0.0 ni, 82.8 id,  0.0 wa,  0.0 hi,  0.1 si,  0.1 st
%Cpu(s): 15.5 us,  5.6 sy,  0.0 ni, 78.5 id,  0.0 wa,  0.0 hi,  0.4 si,  0.0 st
%Cpu(s): 11.6 us,  5.0 sy,  0.0 ni, 83.1 id,  0.0 wa,  0.0 hi,  0.4 si,  0.0 st
%Cpu(s): 11.3 us,  5.4 sy,  0.0 ni, 83.0 id,  0.0 wa,  0.0 hi,  0.3 si,  0.0 st
%Cpu(s): 11.3 us,  6.2 sy,  0.0 ni, 82.0 id,  0.0 wa,  0.0 hi,  0.5 si,  0.0 st
%Cpu(s):  8.5 us,  6.3 sy,  0.0 ni, 84.2 id,  0.1 wa,  0.0 hi,  0.8 si,  0.1 st
%Cpu(s): 10.9 us,  6.2 sy,  0.0 ni, 82.3 id,  0.0 wa,  0.0 hi,  0.5 si,  0.1 st
%Cpu(s): 10.6 us,  5.8 sy,  0.0 ni, 82.9 id,  0.0 wa,  0.0 hi,  0.8 si,  0.0 st
%Cpu(s):  9.4 us,  6.8 sy,  0.0 ni, 83.4 id,  0.0 wa,  0.0 hi,  0.5 si,  0.0 st
%Cpu(s): 11.1 us,  6.4 sy,  0.0 ni, 82.2 id,  0.0 wa,  0.0 hi,  0.3 si,  0.0 st
%Cpu(s):  9.5 us,  5.6 sy,  0.0 ni, 84.0 id,  0.0 wa,  0.0 hi,  0.8 si,  0.1 st
%Cpu(s):  9.1 us,  5.1 sy,  0.0 ni, 85.5 id,  0.0 wa,  0.0 hi,  0.3 si,  0.0 st
%Cpu(s): 11.4 us,  5.6 sy,  0.0 ni, 82.8 id,  0.0 wa,  0.0 hi,  0.3 si,  0.0 st
%Cpu(s): 10.3 us,  6.5 sy,  0.0 ni, 82.7 id,  0.0 wa,  0.0 hi,  0.5 si,  0.0 st
%Cpu(s):  8.7 us,  7.3 sy,  0.0 ni, 83.5 id,  0.0 wa,  0.0 hi,  0.5 si,  0.0 st
%Cpu(s):  9.8 us,  6.2 sy,  0.0 ni, 83.7 id,  0.0 wa,  0.0 hi,  0.1 si,  0.1 st
%Cpu(s):  9.4 us,  6.2 sy,  0.0 ni, 84.1 id,  0.0 wa,  0.0 hi,  0.3 si,  0.0 st
%Cpu(s): 22.8 us,  6.1 sy,  0.0 ni, 70.5 id,  0.0 wa,  0.0 hi,  0.5 si,  0.1 st
%Cpu(s): 17.2 us,  5.7 sy,  0.0 ni, 76.9 id,  0.0 wa,  0.0 hi,  0.3 si,  0.0 st
%Cpu(s): 10.8 us,  5.4 sy,  0.0 ni, 83.3 id,  0.0 wa,  0.0 hi,  0.5 si,  0.0 st
%Cpu(s): 12.5 us,  6.1 sy,  0.0 ni, 80.8 id,  0.1 wa,  0.0 hi,  0.5 si,  0.0 st
%Cpu(s): 20.6 us,  6.1 sy,  0.0 ni, 72.4 id,  0.0 wa,  0.0 hi,  0.9 si,  0.1 st
%Cpu(s): 12.0 us,  5.6 sy,  0.0 ni, 81.7 id,  0.0 wa,  0.0 hi,  0.8 si,  0.0 st
%Cpu(s): 12.1 us,  5.7 sy,  0.0 ni, 81.6 id,  0.0 wa,  0.0 hi,  0.6 si,  0.0 st
%Cpu(s): 10.1 us,  6.1 sy,  0.0 ni, 83.1 id,  0.0 wa,  0.0 hi,  0.6 si,  0.0 st
%Cpu(s):  8.1 us,  6.3 sy,  0.0 ni, 85.3 id,  0.0 wa,  0.0 hi,  0.3 si,  0.1 st
%Cpu(s): 10.2 us,  5.5 sy,  0.0 ni, 83.9 id,  0.0 wa,  0.0 hi,  0.4 si,  0.0 st
%Cpu(s):  9.3 us,  6.7 sy,  0.0 ni, 83.4 id,  0.0 wa,  0.0 hi,  0.6 si,  0.0 st
%Cpu(s):  9.6 us,  6.1 sy,  0.0 ni, 83.7 id,  0.0 wa,  0.0 hi,  0.6 si,  0.0 st
%Cpu(s):  8.8 us,  7.3 sy,  0.0 ni, 83.2 id,  0.0 wa,  0.0 hi,  0.6 si,  0.1 st
%Cpu(s):  8.7 us,  5.7 sy,  0.0 ni, 85.4 id,  0.0 wa,  0.0 hi,  0.3 si,  0.0 st
%Cpu(s): 10.3 us,  6.5 sy,  0.0 ni, 82.9 id,  0.0 wa,  0.0 hi,  0.3 si,  0.0 st
%Cpu(s):  8.3 us,  5.2 sy,  0.0 ni, 85.9 id,  0.0 wa,  0.0 hi,  0.6 si,  0.0 st
%Cpu(s):  9.1 us,  7.5 sy,  0.0 ni, 82.8 id,  0.0 wa,  0.0 hi,  0.5 si,  0.1 st
%Cpu(s):  8.6 us,  6.1 sy,  0.0 ni, 84.8 id,  0.0 wa,  0.0 hi,  0.5 si,  0.0 st
%Cpu(s):  8.8 us,  6.8 sy,  0.0 ni, 83.7 id,  0.0 wa,  0.0 hi,  0.6 si,  0.1 st
%Cpu(s): 12.0 us,  6.1 sy,  0.0 ni, 81.6 id,  0.0 wa,  0.0 hi,  0.3 si,  0.0 st
%Cpu(s):  9.0 us,  5.5 sy,  0.0 ni, 85.2 id,  0.0 wa,  0.0 hi,  0.4 si,  0.0 st
%Cpu(s):  8.2 us,  5.9 sy,  0.0 ni, 85.5 id,  0.0 wa,  0.0 hi,  0.4 si,  0.0 st
%Cpu(s):  8.8 us,  5.0 sy,  0.0 ni, 85.6 id,  0.0 wa,  0.0 hi,  0.6 si,  0.0 st
%Cpu(s):  8.1 us,  6.2 sy,  0.0 ni, 84.9 id,  0.0 wa,  0.0 hi,  0.6 si,  0.1 st
%Cpu(s): 10.8 us,  6.1 sy,  0.0 ni, 82.7 id,  0.0 wa,  0.0 hi,  0.4 si,  0.0 st
%Cpu(s): 10.3 us,  5.8 sy,  0.0 ni, 83.3 id,  0.0 wa,  0.0 hi,  0.6 si,  0.0 st
%Cpu(s): 11.1 us,  5.9 sy,  0.0 ni, 82.4 id,  0.0 wa,  0.0 hi,  0.7 si,  0.0 st
%Cpu(s):  8.5 us,  5.6 sy,  0.0 ni, 85.5 id,  0.0 wa,  0.0 hi,  0.4 si,  0.0 st
%Cpu(s):  9.0 us,  5.4 sy,  0.0 ni, 85.0 id,  0.0 wa,  0.0 hi,  0.5 si,  0.1 st
%Cpu(s): 15.7 us,  6.5 sy,  0.0 ni, 77.0 id,  0.0 wa,  0.0 hi,  0.8 si,  0.0 st
%Cpu(s): 45.5 us,  6.5 sy,  0.0 ni, 47.5 id,  0.0 wa,  0.0 hi,  0.5 si,  0.0 st
%Cpu(s): 23.6 us,  6.3 sy,  0.0 ni, 68.9 id,  0.0 wa,  0.0 hi,  1.1 si,  0.0 st
%Cpu(s): 13.6 us,  7.4 sy,  0.0 ni, 78.2 id,  0.0 wa,  0.0 hi,  0.6 si,  0.1 st
%Cpu(s): 15.3 us,  7.8 sy,  0.0 ni, 76.1 id,  0.1 wa,  0.0 hi,  0.8 si,  0.0 st
%Cpu(s): 11.4 us,  5.7 sy,  0.0 ni, 82.4 id,  0.0 wa,  0.0 hi,  0.5 si,  0.0 st
%Cpu(s): 11.6 us,  6.2 sy,  0.0 ni, 81.8 id,  0.0 wa,  0.0 hi,  0.3 si,  0.1 st
%Cpu(s): 19.5 us,  5.7 sy,  0.0 ni, 74.2 id,  0.0 wa,  0.0 hi,  0.5 si,  0.0 st
%Cpu(s): 15.0 us,  6.5 sy,  0.0 ni, 77.6 id,  0.0 wa,  0.0 hi,  0.9 si,  0.0 st
%Cpu(s): 13.9 us,  6.8 sy,  0.0 ni, 78.5 id,  0.0 wa,  0.0 hi,  0.8 si,  0.0 st
%Cpu(s): 11.2 us,  5.0 sy,  0.0 ni, 83.3 id,  0.0 wa,  0.0 hi,  0.5 si,  0.0 st
%Cpu(s):  9.5 us,  5.5 sy,  0.0 ni, 84.5 id,  0.0 wa,  0.0 hi,  0.4 si,  0.0 st
