%Cpu(s):  1.5 us,  0.7 sy,  0.0 ni, 97.6 id,  0.0 wa,  0.0 hi,  0.1 si,  0.1 st
%Cpu(s): 26.8 us,  0.9 sy,  0.0 ni, 72.3 id,  0.0 wa,  0.0 hi,  0.0 si,  0.0 st
%Cpu(s):  0.5 us,  0.1 sy,  0.0 ni, 99.4 id,  0.0 wa,  0.0 hi,  0.0 si,  0.0 st
%Cpu(s):  0.1 us,  0.1 sy,  0.0 ni, 99.6 id,  0.0 wa,  0.0 hi,  0.0 si,  0.1 st
%Cpu(s): 19.6 us,  2.4 sy,  0.0 ni, 77.8 id,  0.1 wa,  0.0 hi,  0.1 si,  0.0 st
%Cpu(s): 54.0 us,  2.1 sy,  0.0 ni, 43.7 id,  0.0 wa,  0.0 hi,  0.0 si,  0.1 st
%Cpu(s): 69.8 us,  1.9 sy,  0.0 ni, 28.2 id,  0.0 wa,  0.0 hi,  0.0 si,  0.1 st
%Cpu(s): 70.6 us,  1.2 sy,  0.0 ni, 27.9 id,  0.0 wa,  0.0 hi,  0.1 si,  0.1 st
%Cpu(s): 39.6 us,  2.0 sy,  0.0 ni, 57.7 id,  0.0 wa,  0.0 hi,  0.6 si,  0.0 st
%Cpu(s): 61.7 us,  4.1 sy,  0.0 ni, 32.5 id,  0.0 wa,  0.0 hi,  1.6 si,  0.0 st
%Cpu(s): 19.2 us,  3.9 sy,  0.0 ni, 75.3 id,  0.0 wa,  0.0 hi,  1.6 si,  0.0 st
%Cpu(s): 14.8 us,  5.1 sy,  0.0 ni, 78.4 id,  0.0 wa,  0.0 hi,  1.8 si,  0.0 st
%Cpu(s): 21.8 us,  4.3 sy,  0.0 ni, 72.0 id,  0.0 wa,  0.0 hi,  1.9 si,  0.1 st
%Cpu(s): 21.7 us,  4.9 sy,  0.0 ni, 71.7 id,  0.0 wa,  0.0 hi,  1.8 si,  0.0 st
%Cpu(s):  9.5 us,  5.1 sy,  0.0 ni, 83.5 id,  0.0 wa,  0.0 hi,  1.9 si,  0.0 st
%Cpu(s): 12.8 us,  3.9 sy,  0.0 ni, 81.4 id,  0.0 wa,  0.0 hi,  1.9 si,  0.1 st
%Cpu(s):  8.7 us,  3.8 sy,  0.0 ni, 85.9 id,  0.0 wa,  0.0 hi,  1.6 si,  0.0 st
%Cpu(s):  9.4 us,  4.8 sy,  0.0 ni, 83.8 id,  0.0 wa,  0.0 hi,  2.0 si,  0.0 st
%Cpu(s): 19.7 us,  5.0 sy,  0.0 ni, 67.2 id,  5.9 wa,  0.0 hi,  2.1 si,  0.0 st
%Cpu(s): 13.2 us,  6.1 sy,  0.0 ni, 78.9 id,  0.0 wa,  0.0 hi,  1.8 si,  0.0 st
%Cpu(s):  9.0 us,  5.4 sy,  0.0 ni, 83.8 id,  0.0 wa,  0.0 hi,  1.8 si,  0.0 st
%Cpu(s): 10.0 us,  5.5 sy,  0.0 ni, 82.6 id,  0.0 wa,  0.0 hi,  1.9 si,  0.0 st
%Cpu(s): 14.5 us,  5.3 sy,  0.0 ni, 78.5 id,  0.0 wa,  0.0 hi,  1.5 si,  0.1 st
%Cpu(s): 22.8 us,  5.7 sy,  0.0 ni, 70.3 id,  0.0 wa,  0.0 hi,  1.3 si,  0.0 st
%Cpu(s):  9.0 us,  5.9 sy,  0.0 ni, 82.4 id,  0.1 wa,  0.0 hi,  2.4 si,  0.1 st
%Cpu(s):  9.1 us,  5.1 sy,  0.0 ni, 83.9 id,  0.0 wa,  0.0 hi,  1.9 si,  0.0 st
%Cpu(s): 10.1 us,  5.8 sy,  0.0 ni, 82.9 id,  0.0 wa,  0.0 hi,  1.1 si,  0.0 st
%Cpu(s): 20.9 us,  5.2 sy,  0.0 ni, 72.5 id,  0.0 wa,  0.0 hi,  1.4 si,  0.0 st
%Cpu(s): 11.4 us,  4.3 sy,  0.0 ni, 82.4 id,  0.0 wa,  0.0 hi,  1.9 si,  0.0 st
%Cpu(s): 14.0 us,  4.0 sy,  0.0 ni, 79.2 id,  0.0 wa,  0.0 hi,  2.8 si,  0.0 st
%Cpu(s): 11.4 us,  5.7 sy,  0.0 ni, 80.7 id,  0.0 wa,  0.0 hi,  2.1 si,  0.1 st
%Cpu(s): 19.7 us,  4.3 sy,  0.0 ni, 73.7 id,  0.0 wa,  0.0 hi,  2.2 si,  0.1 st
%Cpu(s): 14.0 us,  5.8 sy,  0.0 ni, 78.0 id,  0.0 wa,  0.0 hi,  2.3 si,  0.0 st
%Cpu(s):  7.7 us,  4.9 sy,  0.0 ni, 85.8 id,  0.0 wa,  0.0 hi,  1.7 si,  0.0 st
%Cpu(s):  7.4 us,  4.9 sy,  0.0 ni, 86.0 id,  0.0 wa,  0.0 hi,  1.7 si,  0.0 st
%Cpu(s): 15.6 us,  4.7 sy,  0.0 ni, 77.7 id,  0.0 wa,  0.0 hi,  1.9 si,  0.1 st
%Cpu(s): 15.1 us,  5.9 sy,  0.0 ni, 77.4 id,  0.0 wa,  0.0 hi,  1.6 si,  0.0 st
%Cpu(s):  7.2 us,  4.6 sy,  0.0 ni, 86.7 id,  0.0 wa,  0.0 hi,  1.5 si,  0.0 st
%Cpu(s): 15.1 us,  3.5 sy,  0.0 ni, 79.3 id,  0.0 wa,  0.0 hi,  2.0 si,  0.0 st
%Cpu(s): 10.2 us,  5.4 sy,  0.0 ni, 81.5 id,  0.0 wa,  0.0 hi,  2.7 si,  0.1 st
%Cpu(s): 20.0 us,  5.2 sy,  0.0 ni, 72.3 id,  0.0 wa,  0.0 hi,  2.5 si,  0.0 st
%Cpu(s): 13.8 us,  5.9 sy,  0.0 ni, 77.3 id,  0.0 wa,  0.0 hi,  3.0 si,  0.0 st
%Cpu(s):  8.6 us,  5.0 sy,  0.0 ni, 83.9 id,  0.0 wa,  0.0 hi,  2.5 si,  0.0 st
%Cpu(s):  9.0 us,  5.4 sy,  0.0 ni, 83.2 id,  0.0 wa,  0.0 hi,  2.4 si,  0.0 st
%Cpu(s): 17.4 us,  6.2 sy,  0.0 ni, 74.7 id,  0.0 wa,  0.0 hi,  1.8 si,  0.0 st
%Cpu(s): 18.5 us,  5.3 sy,  0.0 ni, 74.8 id,  0.0 wa,  0.0 hi,  1.4 si,  0.0 st
%Cpu(s):  9.4 us,  5.2 sy,  0.0 ni, 83.0 id,  0.0 wa,  0.0 hi,  2.3 si,  0.1 st
%Cpu(s):  9.7 us,  5.5 sy,  0.0 ni, 83.0 id,  0.0 wa,  0.0 hi,  1.8 si,  0.1 st
%Cpu(s): 12.6 us,  6.1 sy,  0.0 ni, 79.5 id,  0.0 wa,  0.0 hi,  1.8 si,  0.0 st
%Cpu(s): 22.2 us,  7.4 sy,  0.0 ni, 69.1 id,  0.1 wa,  0.0 hi,  1.3 si,  0.0 st
%Cpu(s):  8.5 us,  4.5 sy,  0.0 ni, 85.0 id,  0.0 wa,  0.0 hi,  2.0 si,  0.0 st
%Cpu(s):  8.9 us,  5.2 sy,  0.0 ni, 83.8 id,  0.0 wa,  0.0 hi,  2.2 si,  0.0 st
%Cpu(s):  9.3 us,  5.7 sy,  0.0 ni, 83.5 id,  0.0 wa,  0.0 hi,  1.4 si,  0.1 st
%Cpu(s): 20.4 us,  5.7 sy,  0.0 ni, 71.9 id,  0.0 wa,  0.0 hi,  2.0 si,  0.0 st
%Cpu(s): 14.0 us,  5.6 sy,  0.0 ni, 78.1 id,  0.0 wa,  0.0 hi,  2.3 si,  0.0 st
%Cpu(s):  7.4 us,  5.1 sy,  0.0 ni, 86.0 id,  0.0 wa,  0.0 hi,  1.5 si,  0.0 st
%Cpu(s):  7.9 us,  4.7 sy,  0.0 ni, 85.4 id,  0.0 wa,  0.0 hi,  2.0 si,  0.0 st
%Cpu(s): 12.9 us,  5.6 sy,  0.0 ni, 79.6 id,  0.0 wa,  0.0 hi,  1.8 si,  0.1 st
%Cpu(s): 18.6 us,  5.5 sy,  0.0 ni, 74.1 id,  0.0 wa,  0.0 hi,  1.8 si,  0.0 st
%Cpu(s):  8.6 us,  5.1 sy,  0.0 ni, 84.6 id,  0.0 wa,  0.0 hi,  1.6 si,  0.0 st
%Cpu(s):  7.9 us,  5.2 sy,  0.0 ni, 84.7 id,  0.0 wa,  0.0 hi,  2.0 si,  0.1 st
%Cpu(s): 11.8 us,  6.1 sy,  0.0 ni, 80.0 id,  0.0 wa,  0.0 hi,  2.1 si,  0.0 st
%Cpu(s): 21.2 us,  5.7 sy,  0.0 ni, 70.9 id,  0.0 wa,  0.0 hi,  2.2 si,  0.0 st
%Cpu(s): 13.2 us,  6.7 sy,  0.0 ni, 78.4 id,  0.0 wa,  0.0 hi,  1.6 si,  0.1 st
%Cpu(s): 10.3 us,  6.1 sy,  0.0 ni, 82.1 id,  0.0 wa,  0.0 hi,  1.5 si,  0.0 st
%Cpu(s): 11.0 us,  5.4 sy,  0.0 ni, 82.1 id,  0.0 wa,  0.0 hi,  1.5 si,  0.0 st
%Cpu(s): 21.4 us,  5.9 sy,  0.0 ni, 70.4 id,  0.0 wa,  0.0 hi,  2.3 si,  0.0 st
%Cpu(s): 22.1 us,  5.3 sy,  0.0 ni, 70.8 id,  0.0 wa,  0.0 hi,  1.8 si,  0.0 st
%Cpu(s): 16.5 us,  4.8 sy,  0.0 ni, 76.6 id,  0.0 wa,  0.0 hi,  2.0 si,  0.1 st
%Cpu(s):  7.5 us,  3.9 sy,  0.0 ni, 86.8 id,  0.1 wa,  0.0 hi,  1.5 si,  0.1 st
%Cpu(s): 13.8 us,  4.8 sy,  0.0 ni, 79.2 id,  0.0 wa,  0.0 hi,  2.2 si,  0.0 st
