%Cpu(s):  1.7 us,  0.3 sy,  0.0 ni, 98.0 id,  0.0 wa,  0.0 hi,  0.0 si,  0.0 st
%Cpu(s):  2.0 us,  1.4 sy,  0.0 ni, 96.7 id,  0.0 wa,  0.0 hi,  0.0 si,  0.0 st
%Cpu(s):  1.8 us,  1.1 sy,  0.0 ni, 97.1 id,  0.0 wa,  0.0 hi,  0.0 si,  0.0 st
%Cpu(s):  2.1 us,  0.9 sy,  0.0 ni, 97.0 id,  0.0 wa,  0.0 hi,  0.0 si,  0.0 st
%Cpu(s):  1.1 us,  0.9 sy,  0.0 ni, 98.0 id,  0.0 wa,  0.0 hi,  0.0 si,  0.0 st
%Cpu(s):  4.2 us,  1.5 sy,  0.0 ni, 94.1 id,  0.0 wa,  0.0 hi,  0.0 si,  0.1 st
%Cpu(s):  4.3 us,  1.8 sy,  0.0 ni, 94.0 id,  0.0 wa,  0.0 hi,  0.0 si,  0.0 st
%Cpu(s): 57.0 us,  3.9 sy,  0.0 ni, 38.7 id,  0.0 wa,  0.0 hi,  0.4 si,  0.0 st
%Cpu(s): 84.8 us,  7.1 sy,  0.0 ni,  6.7 id,  0.0 wa,  0.0 hi,  1.5 si,  0.0 st
%Cpu(s): 88.3 us,  6.6 sy,  0.0 ni,  4.0 id,  0.0 wa,  0.0 hi,  1.1 si,  0.0 st
%Cpu(s): 86.3 us,  7.3 sy,  0.0 ni,  5.1 id,  0.0 wa,  0.0 hi,  1.3 si,  0.0 st
%Cpu(s): 90.4 us,  6.9 sy,  0.0 ni,  1.4 id,  0.0 wa,  0.0 hi,  1.4 si,  0.0 st
%Cpu(s): 90.9 us,  7.5 sy,  0.0 ni,  0.0 id,  0.0 wa,  0.0 hi,  1.6 si,  0.0 st
%Cpu(s): 88.9 us,  9.5 sy,  0.0 ni,  0.2 id,  0.0 wa,  0.0 hi,  1.4 si,  0.0 st
%Cpu(s): 89.3 us,  8.7 sy,  0.0 ni,  0.1 id,  0.0 wa,  0.0 hi,  1.7 si,  0.1 st
%Cpu(s): 76.2 us,  6.7 sy,  0.0 ni, 15.7 id,  0.0 wa,  0.0 hi,  1.4 si,  0.0 st
%Cpu(s): 53.8 us,  6.1 sy,  0.0 ni, 39.2 id,  0.0 wa,  0.0 hi,  0.9 si,  0.0 st
%Cpu(s): 20.3 us,  4.6 sy,  0.0 ni, 73.9 id,  0.0 wa,  0.0 hi,  0.6 si,  0.6 st
%Cpu(s): 38.8 us,  5.3 sy,  0.0 ni, 54.9 id,  0.0 wa,  0.0 hi,  1.0 si,  0.0 st
%Cpu(s): 62.0 us,  7.3 sy,  0.0 ni, 29.5 id,  0.0 wa,  0.0 hi,  1.0 si,  0.1 st
%Cpu(s): 40.6 us,  6.5 sy,  0.0 ni, 52.0 id,  0.0 wa,  0.0 hi,  0.8 si,  0.1 st
%Cpu(s): 30.4 us,  5.9 sy,  0.0 ni, 63.1 id,  0.0 wa,  0.0 hi,  0.5 si,  0.0 st
%Cpu(s): 15.1 us,  5.5 sy,  0.0 ni, 78.4 id,  0.0 wa,  0.0 hi,  0.9 si,  0.1 st
%Cpu(s): 12.1 us,  4.5 sy,  0.0 ni, 82.7 id,  0.0 wa,  0.0 hi,  0.8 si,  0.0 st
%Cpu(s): 13.3 us,  5.5 sy,  0.0 ni, 81.0 id,  0.0 wa,  0.0 hi,  0.1 si,  0.0 st
%Cpu(s):  8.9 us,  5.4 sy,  0.0 ni, 85.0 id,  0.1 wa,  0.0 hi,  0.4 si,  0.1 st
%Cpu(s): 11.2 us,  5.4 sy,  0.0 ni, 83.1 id,  0.0 wa,  0.0 hi,  0.3 si,  0.1 st
%Cpu(s): 12.7 us,  6.0 sy,  0.0 ni, 80.8 id,  0.0 wa,  0.0 hi,  0.5 si,  0.0 st
%Cpu(s):  9.5 us,  6.3 sy,  0.0 ni, 83.8 id,  0.0 wa,  0.0 hi,  0.4 si,  0.0 st
%Cpu(s): 10.5 us,  5.8 sy,  0.0 ni, 83.2 id,  0.0 wa,  0.0 hi,  0.4 si,  0.1 st
%Cpu(s): 11.1 us,  5.1 sy,  0.0 ni, 82.7 id,  0.0 wa,  0.0 hi,  0.9 si,  0.3 st
%Cpu(s): 13.4 us,  4.2 sy,  0.0 ni, 81.6 id,  0.0 wa,  0.0 hi,  0.8 si,  0.0 st
%Cpu(s):  9.8 us,  4.6 sy,  0.0 ni, 85.3 id,  0.0 wa,  0.0 hi,  0.3 si,  0.0 st
%Cpu(s): 10.1 us,  5.7 sy,  0.0 ni, 83.6 id,  0.0 wa,  0.0 hi,  0.5 si,  0.1 st
%Cpu(s):  8.1 us,  5.2 sy,  0.0 ni, 86.0 id,  0.0 wa,  0.0 hi,  0.5 si,  0.1 st
%Cpu(s): 11.3 us,  5.2 sy,  0.0 ni, 83.1 id,  0.0 wa,  0.0 hi,  0.4 si,  0.0 st
%Cpu(s): 10.3 us,  6.3 sy,  0.0 ni, 82.9 id,  0.0 wa,  0.0 hi,  0.4 si,  0.1 st
%Cpu(s): 18.9 us,  6.3 sy,  0.0 ni, 74.1 id,  0.0 wa,  0.0 hi,  0.5 si,  0.1 st
%Cpu(s): 15.2 us,  5.1 sy,  0.0 ni, 79.1 id,  0.0 wa,  0.0 hi,  0.5 si,  0.0 st
%Cpu(s): 10.5 us,  5.3 sy,  0.0 ni, 83.7 id,  0.0 wa,  0.0 hi,  0.4 si,  0.1 st
%Cpu(s): 10.1 us,  5.1 sy,  0.0 ni, 84.3 id,  0.0 wa,  0.0 hi,  0.4 si,  0.1 st
%Cpu(s): 21.8 us,  5.4 sy,  0.0 ni, 71.8 id,  0.0 wa,  0.0 hi,  0.9 si,  0.1 st
%Cpu(s): 15.4 us,  6.3 sy,  0.0 ni, 77.7 id,  0.0 wa,  0.0 hi,  0.5 si,  0.0 st
%Cpu(s): 10.8 us,  5.3 sy,  0.0 ni, 83.4 id,  0.0 wa,  0.0 hi,  0.5 si,  0.0 st
%Cpu(s): 12.6 us,  5.4 sy,  0.0 ni, 81.4 id,  0.0 wa,  0.0 hi,  0.6 si,  0.0 st
%Cpu(s):  9.1 us,  5.4 sy,  0.0 ni, 84.6 id,  0.0 wa,  0.0 hi,  0.8 si,  0.1 st
%Cpu(s):  8.9 us,  5.3 sy,  0.0 ni, 85.6 id,  0.0 wa,  0.0 hi,  0.3 si,  0.0 st
%Cpu(s): 10.2 us,  5.0 sy,  0.0 ni, 84.2 id,  0.0 wa,  0.0 hi,  0.5 si,  0.1 st
%Cpu(s):  9.2 us,  4.6 sy,  0.0 ni, 85.7 id,  0.0 wa,  0.0 hi,  0.5 si,  0.0 st
%Cpu(s): 10.5 us,  5.0 sy,  0.0 ni, 83.9 id,  0.0 wa,  0.0 hi,  0.6 si,  0.0 st
%Cpu(s): 10.8 us,  4.8 sy,  0.0 ni, 83.5 id,  0.0 wa,  0.0 hi,  0.9 si,  0.1 st
%Cpu(s):  8.6 us,  6.1 sy,  0.0 ni, 85.1 id,  0.0 wa,  0.0 hi,  0.3 si,  0.0 st
%Cpu(s):  9.4 us,  4.4 sy,  0.0 ni, 85.8 id,  0.0 wa,  0.0 hi,  0.4 si,  0.1 st
%Cpu(s):  9.1 us,  6.0 sy,  0.0 ni, 84.6 id,  0.0 wa,  0.0 hi,  0.1 si,  0.1 st
%Cpu(s):  9.3 us,  5.9 sy,  0.0 ni, 84.2 id,  0.0 wa,  0.0 hi,  0.6 si,  0.0 st
%Cpu(s):  8.6 us,  4.9 sy,  0.0 ni, 85.8 id,  0.1 wa,  0.0 hi,  0.6 si,  0.0 st
%Cpu(s):  9.4 us,  5.5 sy,  0.0 ni, 84.0 id,  0.0 wa,  0.0 hi,  1.0 si,  0.0 st
%Cpu(s):  9.5 us,  4.4 sy,  0.0 ni, 85.4 id,  0.0 wa,  0.0 hi,  0.8 si,  0.0 st
%Cpu(s):  8.5 us,  5.0 sy,  0.0 ni, 86.0 id,  0.0 wa,  0.0 hi,  0.4 si,  0.1 st
%Cpu(s):  7.6 us,  4.6 sy,  0.0 ni, 87.1 id,  0.0 wa,  0.0 hi,  0.6 si,  0.0 st
%Cpu(s):  8.7 us,  4.9 sy,  0.0 ni, 85.9 id,  0.0 wa,  0.0 hi,  0.4 si,  0.1 st
%Cpu(s):  8.2 us,  5.4 sy,  0.0 ni, 85.7 id,  0.0 wa,  0.0 hi,  0.6 si,  0.0 st
%Cpu(s): 10.5 us,  5.7 sy,  0.0 ni, 83.4 id,  0.0 wa,  0.0 hi,  0.4 si,  0.0 st
%Cpu(s): 11.6 us,  5.7 sy,  0.0 ni, 81.8 id,  0.0 wa,  0.0 hi,  0.8 si,  0.1 st
%Cpu(s):  9.3 us,  5.9 sy,  0.0 ni, 84.0 id,  0.0 wa,  0.0 hi,  0.8 si,  0.0 st
%Cpu(s):  9.1 us,  6.1 sy,  0.0 ni, 84.4 id,  0.0 wa,  0.0 hi,  0.4 si,  0.0 st
%Cpu(s): 11.0 us,  6.4 sy,  0.0 ni, 82.1 id,  0.0 wa,  0.0 hi,  0.5 si,  0.0 st
%Cpu(s): 41.5 us,  6.5 sy,  0.0 ni, 51.1 id,  0.0 wa,  0.0 hi,  0.8 si,  0.1 st
%Cpu(s): 47.8 us,  5.6 sy,  0.0 ni, 45.1 id,  0.0 wa,  0.0 hi,  1.4 si,  0.0 st
%Cpu(s): 28.1 us,  7.0 sy,  0.0 ni, 64.3 id,  0.0 wa,  0.0 hi,  0.5 si,  0.0 st
%Cpu(s): 15.2 us,  7.1 sy,  0.0 ni, 77.3 id,  0.0 wa,  0.0 hi,  0.4 si,  0.0 st
%Cpu(s): 12.5 us,  5.3 sy,  0.0 ni, 82.0 id,  0.0 wa,  0.0 hi,  0.1 si,  0.1 st
%Cpu(s): 13.3 us,  5.2 sy,  0.0 ni, 81.2 id,  0.0 wa,  0.0 hi,  0.1 si,  0.1 st
%Cpu(s): 15.9 us,  7.1 sy,  0.0 ni, 76.2 id,  0.0 wa,  0.0 hi,  0.9 si,  0.0 st
%Cpu(s): 15.9 us,  5.9 sy,  0.0 ni, 77.3 id,  0.0 wa,  0.0 hi,  0.9 si,  0.0 st
%Cpu(s): 18.6 us,  6.2 sy,  0.0 ni, 74.6 id,  0.0 wa,  0.0 hi,  0.5 si,  0.1 st
%Cpu(s): 10.8 us,  4.9 sy,  0.0 ni, 84.0 id,  0.0 wa,  0.0 hi,  0.3 si,  0.1 st
%Cpu(s): 11.2 us,  5.7 sy,  0.0 ni, 82.6 id,  0.0 wa,  0.0 hi,  0.5 si,  0.0 st
%Cpu(s): 10.3 us,  5.6 sy,  0.0 ni, 83.7 id,  0.0 wa,  0.0 hi,  0.4 si,  0.0 st
%Cpu(s): 11.1 us,  4.9 sy,  0.0 ni, 82.9 id,  0.0 wa,  0.0 hi,  1.2 si,  0.0 st
%Cpu(s): 10.1 us,  6.0 sy,  0.0 ni, 83.3 id,  0.0 wa,  0.0 hi,  0.7 si,  0.0 st
%Cpu(s): 16.7 us,  7.3 sy,  0.0 ni, 75.6 id,  0.0 wa,  0.0 hi,  0.4 si,  0.0 st
%Cpu(s): 16.2 us,  6.8 sy,  0.0 ni, 76.2 id,  0.0 wa,  0.0 hi,  0.6 si,  0.1 st
%Cpu(s): 20.2 us,  8.3 sy,  0.0 ni, 70.7 id,  0.0 wa,  0.0 hi,  0.8 si,  0.0 st
