%Cpu(s):  2.8 us,  0.6 sy,  0.0 ni, 96.5 id,  0.0 wa,  0.0 hi,  0.1 si,  0.0 st
%Cpu(s): 73.8 us,  5.3 sy,  0.0 ni, 20.9 id,  0.0 wa,  0.0 hi,  0.0 si,  0.0 st
%Cpu(s): 78.9 us,  3.0 sy,  0.0 ni, 17.9 id,  0.0 wa,  0.0 hi,  0.0 si,  0.1 st
%Cpu(s): 90.9 us,  1.9 sy,  0.0 ni,  7.3 id,  0.0 wa,  0.0 hi,  0.0 si,  0.0 st
%Cpu(s): 94.2 us,  2.9 sy,  0.0 ni,  2.8 id,  0.0 wa,  0.0 hi,  0.1 si,  0.0 st
%Cpu(s): 94.1 us,  2.8 sy,  0.0 ni,  3.0 id,  0.0 wa,  0.0 hi,  0.1 si,  0.0 st
%Cpu(s): 32.0 us,  2.1 sy,  0.0 ni, 65.5 id,  0.0 wa,  0.0 hi,  0.2 si,  0.1 st
%Cpu(s):  9.0 us,  2.5 sy,  0.0 ni, 88.0 id,  0.0 wa,  0.0 hi,  0.3 si,  0.3 st
%Cpu(s):  7.4 us,  3.2 sy,  0.0 ni, 89.2 id,  0.0 wa,  0.0 hi,  0.1 si,  0.1 st
%Cpu(s):  5.4 us,  3.9 sy,  0.0 ni, 90.6 id,  0.0 wa,  0.0 hi,  0.0 si,  0.1 st
%Cpu(s):  4.3 us,  2.5 sy,  0.0 ni, 92.9 id,  0.0 wa,  0.0 hi,  0.1 si,  0.1 st
%Cpu(s): 12.0 us,  2.0 sy,  0.0 ni, 85.4 id,  0.0 wa,  0.0 hi,  0.1 si,  0.4 st
%Cpu(s):  9.2 us,  2.0 sy,  0.0 ni, 88.5 id,  0.0 wa,  0.0 hi,  0.0 si,  0.3 st
%Cpu(s):  9.8 us,  2.8 sy,  0.0 ni, 87.2 id,  0.0 wa,  0.0 hi,  0.1 si,  0.0 st
%Cpu(s): 12.4 us,  4.4 sy,  0.0 ni, 82.9 id,  0.0 wa,  0.0 hi,  0.1 si,  0.1 st
%Cpu(s): 14.0 us,  5.6 sy,  0.0 ni, 80.3 id,  0.0 wa,  0.0 hi,  0.1 si,  0.0 st
%Cpu(s): 76.7 us,  7.6 sy,  0.0 ni, 14.8 id,  0.0 wa,  0.0 hi,  0.9 si,  0.0 st
%Cpu(s): 86.5 us, 10.4 sy,  0.0 ni,  1.0 id,  0.0 wa,  0.0 hi,  2.1 si,  0.0 st
%Cpu(s): 84.7 us, 12.0 sy,  0.0 ni,  0.4 id,  0.0 wa,  0.0 hi,  3.0 si,  0.0 st
%Cpu(s): 84.8 us, 12.5 sy,  0.0 ni,  0.0 id,  0.0 wa,  0.0 hi,  2.7 si,  0.0 st
%Cpu(s): 83.7 us, 13.2 sy,  0.0 ni,  0.0 id,  0.0 wa,  0.0 hi,  3.1 si,  0.0 st
%Cpu(s): 85.8 us, 11.4 sy,  0.0 ni,  0.1 id,  0.0 wa,  0.0 hi,  2.6 si,  0.0 st
%Cpu(s): 85.2 us, 11.6 sy,  0.0 ni,  0.0 id,  0.0 wa,  0.0 hi,  3.2 si,  0.0 st
%Cpu(s): 84.0 us, 11.7 sy,  0.0 ni,  0.7 id,  0.0 wa,  0.0 hi,  3.6 si,  0.0 st
%Cpu(s): 79.2 us, 12.9 sy,  0.0 ni,  4.1 id,  0.0 wa,  0.0 hi,  3.8 si,  0.0 st
%Cpu(s): 71.4 us, 12.0 sy,  0.0 ni, 13.6 id,  0.0 wa,  0.0 hi,  2.9 si,  0.0 st
%Cpu(s): 35.8 us, 10.7 sy,  0.0 ni, 51.5 id,  0.0 wa,  0.0 hi,  1.9 si,  0.1 st
%Cpu(s): 25.3 us, 10.1 sy,  0.0 ni, 62.8 id,  0.0 wa,  0.0 hi,  1.8 si,  0.0 st
%Cpu(s): 21.7 us, 10.7 sy,  0.0 ni, 66.1 id,  0.0 wa,  0.0 hi,  1.4 si,  0.0 st
%Cpu(s): 20.8 us, 11.7 sy,  0.0 ni, 65.2 id,  0.0 wa,  0.0 hi,  2.4 si,  0.0 st
%Cpu(s): 29.0 us,  8.3 sy,  0.0 ni, 60.1 id,  0.0 wa,  0.0 hi,  2.6 si,  0.0 st
%Cpu(s): 26.6 us,  9.7 sy,  0.0 ni, 61.1 id,  0.0 wa,  0.0 hi,  2.6 si,  0.0 st
%Cpu(s): 27.5 us, 10.7 sy,  0.0 ni, 60.6 id,  0.0 wa,  0.0 hi,  1.1 si,  0.0 st
%Cpu(s): 23.5 us, 10.8 sy,  0.0 ni, 63.9 id,  0.0 wa,  0.0 hi,  1.8 si,  0.0 st
%Cpu(s): 22.4 us,  9.3 sy,  0.0 ni, 66.6 id,  0.0 wa,  0.0 hi,  1.6 si,  0.1 st
%Cpu(s): 22.4 us, 11.4 sy,  0.0 ni, 65.2 id,  0.1 wa,  0.0 hi,  0.9 si,  0.0 st
%Cpu(s): 20.6 us, 10.6 sy,  0.0 ni, 67.4 id,  0.0 wa,  0.0 hi,  1.3 si,  0.0 st
%Cpu(s): 23.1 us, 10.5 sy,  0.0 ni, 64.7 id,  0.0 wa,  0.0 hi,  1.5 si,  0.1 st
%Cpu(s): 19.6 us, 11.0 sy,  0.0 ni, 67.3 id,  0.0 wa,  0.0 hi,  2.0 si,  0.0 st
%Cpu(s): 21.8 us, 10.4 sy,  0.0 ni, 65.5 id,  0.0 wa,  0.0 hi,  2.3 si,  0.0 st
%Cpu(s): 21.3 us, 10.3 sy,  0.0 ni, 67.0 id,  0.0 wa,  0.0 hi,  1.4 si,  0.0 st
%Cpu(s): 21.7 us, 10.2 sy,  0.0 ni, 66.7 id,  0.0 wa,  0.0 hi,  1.4 si,  0.0 st
%Cpu(s): 19.4 us,  9.4 sy,  0.0 ni, 70.1 id,  0.0 wa,  0.0 hi,  1.1 si,  0.0 st
%Cpu(s): 23.4 us, 10.3 sy,  0.0 ni, 64.9 id,  0.0 wa,  0.0 hi,  1.4 si,  0.0 st
%Cpu(s): 20.3 us, 10.2 sy,  0.0 ni, 67.9 id,  0.0 wa,  0.0 hi,  1.6 si,  0.0 st
%Cpu(s): 23.0 us, 10.8 sy,  0.0 ni, 64.5 id,  0.0 wa,  0.0 hi,  1.7 si,  0.0 st
%Cpu(s): 32.0 us,  9.3 sy,  0.0 ni, 56.3 id,  0.0 wa,  0.0 hi,  2.2 si,  0.1 st
%Cpu(s): 34.1 us,  9.5 sy,  0.0 ni, 54.3 id,  0.0 wa,  0.0 hi,  2.0 si,  0.0 st
%Cpu(s): 33.1 us, 10.7 sy,  0.0 ni, 53.8 id,  0.0 wa,  0.0 hi,  2.4 si,  0.0 st
%Cpu(s): 26.7 us,  9.0 sy,  0.0 ni, 62.7 id,  0.0 wa,  0.0 hi,  1.6 si,  0.0 st
%Cpu(s): 20.0 us,  9.7 sy,  0.0 ni, 68.7 id,  0.0 wa,  0.0 hi,  1.6 si,  0.0 st
%Cpu(s): 22.5 us,  9.8 sy,  0.0 ni, 66.4 id,  0.0 wa,  0.0 hi,  1.3 si,  0.0 st
%Cpu(s): 20.8 us, 10.4 sy,  0.0 ni, 67.2 id,  0.0 wa,  0.0 hi,  1.7 si,  0.0 st
%Cpu(s): 20.7 us, 10.8 sy,  0.0 ni, 66.7 id,  0.0 wa,  0.0 hi,  1.8 si,  0.0 st
%Cpu(s): 22.0 us,  9.6 sy,  0.0 ni, 65.7 id,  0.0 wa,  0.0 hi,  2.6 si,  0.1 st
%Cpu(s): 19.5 us, 10.2 sy,  0.0 ni, 67.9 id,  0.0 wa,  0.0 hi,  2.5 si,  0.0 st
%Cpu(s): 20.8 us, 10.1 sy,  0.0 ni, 65.7 id,  0.0 wa,  0.0 hi,  3.3 si,  0.0 st
%Cpu(s): 21.4 us,  9.6 sy,  0.0 ni, 67.0 id,  0.0 wa,  0.0 hi,  2.1 si,  0.0 st
%Cpu(s): 21.3 us, 10.2 sy,  0.0 ni, 65.7 id,  0.0 wa,  0.0 hi,  2.8 si,  0.0 st
%Cpu(s): 39.6 us, 11.3 sy,  0.0 ni, 46.6 id,  0.0 wa,  0.0 hi,  2.4 si,  0.0 st
%Cpu(s): 50.6 us, 11.1 sy,  0.0 ni, 35.4 id,  0.0 wa,  0.0 hi,  2.9 si,  0.0 st
%Cpu(s): 60.9 us, 10.0 sy,  0.0 ni, 26.1 id,  0.0 wa,  0.0 hi,  2.9 si,  0.0 st
%Cpu(s): 54.6 us,  9.8 sy,  0.0 ni, 32.7 id,  0.0 wa,  0.0 hi,  2.9 si,  0.0 st
%Cpu(s): 29.5 us, 10.9 sy,  0.0 ni, 56.9 id,  0.0 wa,  0.0 hi,  2.7 si,  0.0 st
%Cpu(s): 19.0 us,  9.5 sy,  0.0 ni, 69.6 id,  0.0 wa,  0.0 hi,  1.9 si,  0.0 st
%Cpu(s): 11.3 us,  6.2 sy,  0.0 ni, 81.8 id,  0.0 wa,  0.0 hi,  0.8 si,  0.0 st
%Cpu(s): 14.6 us,  5.2 sy,  0.0 ni, 79.2 id,  0.0 wa,  0.0 hi,  0.9 si,  0.1 st
%Cpu(s):  9.1 us,  5.8 sy,  0.0 ni, 84.2 id,  0.0 wa,  0.0 hi,  0.9 si,  0.0 st
%Cpu(s): 10.7 us,  7.0 sy,  0.0 ni, 81.3 id,  0.0 wa,  0.0 hi,  1.0 si,  0.0 st
%Cpu(s):  9.5 us,  5.4 sy,  0.0 ni, 83.7 id,  0.0 wa,  0.0 hi,  1.3 si,  0.0 st
%Cpu(s):  9.8 us,  5.8 sy,  0.0 ni, 83.3 id,  0.0 wa,  0.0 hi,  1.0 si,  0.1 st
%Cpu(s):  7.9 us,  5.5 sy,  0.0 ni, 85.7 id,  0.0 wa,  0.0 hi,  0.9 si,  0.0 st
%Cpu(s): 14.0 us,  5.1 sy,  0.0 ni, 80.1 id,  0.0 wa,  0.0 hi,  0.8 si,  0.0 st
%Cpu(s): 12.3 us,  5.4 sy,  0.0 ni, 81.6 id,  0.0 wa,  0.0 hi,  0.8 si,  0.0 st
