%Cpu(s):  2.8 us,  0.5 sy,  0.0 ni, 96.5 id,  0.0 wa,  0.0 hi,  0.1 si,  0.0 st
%Cpu(s): 80.5 us,  4.2 sy,  0.0 ni, 15.3 id,  0.0 wa,  0.0 hi,  0.0 si,  0.0 st
%Cpu(s): 83.4 us,  3.5 sy,  0.0 ni, 13.1 id,  0.0 wa,  0.0 hi,  0.0 si,  0.0 st
%Cpu(s): 95.4 us,  2.3 sy,  0.0 ni,  2.4 id,  0.0 wa,  0.0 hi,  0.0 si,  0.0 st
%Cpu(s): 97.3 us,  1.7 sy,  0.0 ni,  1.0 id,  0.0 wa,  0.0 hi,  0.0 si,  0.0 st
%Cpu(s): 87.0 us,  2.1 sy,  0.0 ni, 10.7 id,  0.0 wa,  0.0 hi,  0.3 si,  0.0 st
%Cpu(s): 25.2 us,  1.8 sy,  0.0 ni, 72.8 id,  0.0 wa,  0.0 hi,  0.0 si,  0.3 st
%Cpu(s):  9.0 us,  2.1 sy,  0.0 ni, 88.6 id,  0.0 wa,  0.0 hi,  0.1 si,  0.1 st
%Cpu(s):  8.9 us,  3.3 sy,  0.0 ni, 87.5 id,  0.0 wa,  0.0 hi,  0.0 si,  0.2 st
%Cpu(s): 12.5 us,  3.2 sy,  0.0 ni, 84.3 id,  0.0 wa,  0.0 hi,  0.0 si,  0.0 st
%Cpu(s):  4.9 us,  6.8 sy,  0.0 ni, 88.2 id,  0.0 wa,  0.0 hi,  0.0 si,  0.1 st
%Cpu(s): 10.5 us,  1.7 sy,  0.0 ni, 87.4 id,  0.0 wa,  0.0 hi,  0.1 si,  0.2 st
%Cpu(s):  9.2 us,  2.0 sy,  0.0 ni, 88.6 id,  0.0 wa,  0.0 hi,  0.0 si,  0.1 st
%Cpu(s):  5.1 us,  3.1 sy,  0.0 ni, 91.8 id,  0.0 wa,  0.0 hi,  0.0 si,  0.0 st
%Cpu(s): 13.1 us,  4.0 sy,  0.0 ni, 82.8 id,  0.0 wa,  0.0 hi,  0.1 si,  0.0 st
%Cpu(s): 19.2 us,  4.2 sy,  0.0 ni, 76.5 id,  0.0 wa,  0.0 hi,  0.0 si,  0.1 st
%Cpu(s): 78.3 us,  8.9 sy,  0.0 ni, 11.6 id,  0.0 wa,  0.0 hi,  1.2 si,  0.0 st
%Cpu(s): 85.6 us, 11.2 sy,  0.0 ni,  0.7 id,  0.0 wa,  0.0 hi,  2.5 si,  0.0 st
%Cpu(s): 85.4 us, 11.3 sy,  0.0 ni,  0.0 id,  0.0 wa,  0.0 hi,  3.2 si,  0.0 st
%Cpu(s): 84.4 us, 12.6 sy,  0.0 ni,  0.2 id,  0.0 wa,  0.0 hi,  2.7 si,  0.0 st
%Cpu(s): 85.7 us, 11.1 sy,  0.0 ni,  0.1 id,  0.0 wa,  0.0 hi,  3.1 si,  0.0 st
%Cpu(s): 83.5 us, 13.6 sy,  0.0 ni,  0.1 id,  0.0 wa,  0.0 hi,  2.9 si,  0.0 st
%Cpu(s): 84.4 us, 12.0 sy,  0.0 ni,  0.2 id,  0.0 wa,  0.0 hi,  3.4 si,  0.0 st
%Cpu(s): 83.3 us, 12.3 sy,  0.0 ni,  1.5 id,  0.0 wa,  0.0 hi,  2.9 si,  0.0 st
%Cpu(s): 68.8 us, 12.5 sy,  0.0 ni, 15.6 id,  0.0 wa,  0.0 hi,  3.1 si,  0.0 st
%Cpu(s): 47.6 us, 10.7 sy,  0.0 ni, 39.7 id,  0.0 wa,  0.0 hi,  1.9 si,  0.0 st
%Cpu(s): 37.5 us, 10.5 sy,  0.0 ni, 50.7 id,  0.0 wa,  0.0 hi,  1.3 si,  0.0 st
%Cpu(s): 17.7 us,  8.7 sy,  0.0 ni, 72.6 id,  0.0 wa,  0.0 hi,  1.0 si,  0.0 st
%Cpu(s): 16.6 us,  8.7 sy,  0.0 ni, 73.2 id,  0.0 wa,  0.0 hi,  1.3 si,  0.1 st
%Cpu(s): 19.3 us,  9.2 sy,  0.0 ni, 69.7 id,  0.0 wa,  0.0 hi,  1.8 si,  0.0 st
%Cpu(s): 15.7 us,  8.7 sy,  0.0 ni, 74.3 id,  0.0 wa,  0.0 hi,  1.3 si,  0.0 st
%Cpu(s): 13.9 us,  8.7 sy,  0.0 ni, 76.2 id,  0.0 wa,  0.0 hi,  1.2 si,  0.0 st
%Cpu(s): 14.6 us,  9.3 sy,  0.0 ni, 74.8 id,  0.0 wa,  0.0 hi,  1.3 si,  0.0 st
%Cpu(s): 17.9 us,  9.0 sy,  0.0 ni, 71.7 id,  0.0 wa,  0.0 hi,  1.4 si,  0.0 st
%Cpu(s): 17.3 us,  9.2 sy,  0.0 ni, 72.4 id,  0.0 wa,  0.0 hi,  1.2 si,  0.0 st
%Cpu(s): 16.2 us,  8.9 sy,  0.0 ni, 72.8 id,  0.0 wa,  0.0 hi,  2.0 si,  0.0 st
%Cpu(s): 18.0 us,  9.9 sy,  0.0 ni, 70.2 id,  0.0 wa,  0.0 hi,  1.9 si,  0.0 st
%Cpu(s): 14.6 us,  8.9 sy,  0.0 ni, 74.7 id,  0.0 wa,  0.0 hi,  1.7 si,  0.1 st
%Cpu(s): 15.4 us,  9.1 sy,  0.0 ni, 73.8 id,  0.0 wa,  0.0 hi,  1.7 si,  0.0 st
%Cpu(s): 16.2 us,  8.8 sy,  0.0 ni, 73.1 id,  0.0 wa,  0.0 hi,  1.9 si,  0.0 st
%Cpu(s): 16.5 us,  8.6 sy,  0.0 ni, 73.6 id,  0.0 wa,  0.0 hi,  1.3 si,  0.0 st
%Cpu(s): 17.3 us,  7.9 sy,  0.0 ni, 72.8 id,  0.0 wa,  0.0 hi,  2.0 si,  0.0 st
%Cpu(s): 15.7 us,  8.7 sy,  0.0 ni, 73.6 id,  0.0 wa,  0.0 hi,  1.9 si,  0.0 st
%Cpu(s): 16.5 us,  8.8 sy,  0.0 ni, 73.6 id,  0.0 wa,  0.0 hi,  1.0 si,  0.0 st
%Cpu(s): 17.8 us,  9.1 sy,  0.0 ni, 71.5 id,  0.0 wa,  0.0 hi,  1.6 si,  0.0 st
%Cpu(s): 17.1 us,  7.6 sy,  0.0 ni, 74.0 id,  0.0 wa,  0.0 hi,  1.3 si,  0.0 st
%Cpu(s): 27.2 us,  8.2 sy,  0.0 ni, 62.7 id,  0.0 wa,  0.0 hi,  1.8 si,  0.1 st
%Cpu(s): 29.1 us,  8.7 sy,  0.0 ni, 61.2 id,  0.0 wa,  0.0 hi,  1.0 si,  0.0 st
%Cpu(s): 24.9 us,  9.9 sy,  0.0 ni, 64.0 id,  0.0 wa,  0.0 hi,  1.1 si,  0.0 st
%Cpu(s): 22.4 us,  9.2 sy,  0.0 ni, 67.3 id,  0.0 wa,  0.0 hi,  1.1 si,  0.0 st
%Cpu(s): 17.3 us, 10.1 sy,  0.0 ni, 71.0 id,  0.0 wa,  0.0 hi,  1.6 si,  0.0 st
%Cpu(s): 17.6 us,  8.2 sy,  0.0 ni, 72.8 id,  0.0 wa,  0.0 hi,  1.4 si,  0.0 st
%Cpu(s): 19.6 us,  8.8 sy,  0.0 ni, 69.4 id,  0.0 wa,  0.0 hi,  2.2 si,  0.0 st
%Cpu(s): 48.8 us, 10.2 sy,  0.0 ni, 39.1 id,  0.0 wa,  0.0 hi,  1.9 si,  0.0 st
%Cpu(s): 25.8 us, 10.0 sy,  0.0 ni, 62.9 id,  0.0 wa,  0.0 hi,  1.3 si,  0.0 st
%Cpu(s): 19.3 us, 10.9 sy,  0.0 ni, 67.8 id,  0.1 wa,  0.0 hi,  1.8 si,  0.1 st
%Cpu(s): 42.0 us, 11.6 sy,  0.0 ni, 44.1 id,  0.0 wa,  0.0 hi,  2.3 si,  0.0 st
%Cpu(s): 19.5 us,  8.7 sy,  0.0 ni, 68.7 id,  0.0 wa,  0.0 hi,  3.1 si,  0.0 st
%Cpu(s): 29.2 us,  7.8 sy,  0.0 ni, 60.9 id,  0.0 wa,  0.0 hi,  2.2 si,  0.0 st
%Cpu(s): 28.8 us, 10.9 sy,  0.0 ni, 58.4 id,  0.0 wa,  0.0 hi,  1.9 si,  0.0 st
%Cpu(s): 33.3 us, 11.2 sy,  0.0 ni, 54.2 id,  0.0 wa,  0.0 hi,  1.3 si,  0.0 st
%Cpu(s): 19.9 us,  8.6 sy,  0.0 ni, 69.9 id,  0.0 wa,  0.0 hi,  1.5 si,  0.0 st
%Cpu(s): 26.8 us,  8.3 sy,  0.0 ni, 63.6 id,  0.0 wa,  0.0 hi,  1.3 si,  0.0 st
%Cpu(s): 38.1 us,  8.2 sy,  0.0 ni, 52.5 id,  0.0 wa,  0.0 hi,  1.2 si,  0.0 st
%Cpu(s): 28.6 us,  9.0 sy,  0.0 ni, 61.8 id,  0.0 wa,  0.0 hi,  0.6 si,  0.0 st
%Cpu(s): 14.4 us,  5.7 sy,  0.0 ni, 78.5 id,  0.0 wa,  0.0 hi,  1.2 si,  0.1 st
%Cpu(s):  8.1 us,  5.3 sy,  0.0 ni, 86.0 id,  0.0 wa,  0.0 hi,  0.6 si,  0.0 st
%Cpu(s):  5.7 us,  4.5 sy,  0.0 ni, 89.2 id,  0.0 wa,  0.0 hi,  0.5 si,  0.0 st
%Cpu(s):  5.8 us,  6.1 sy,  0.0 ni, 87.3 id,  0.0 wa,  0.0 hi,  0.8 si,  0.0 st
%Cpu(s):  6.2 us,  5.3 sy,  0.0 ni, 87.8 id,  0.0 wa,  0.0 hi,  0.5 si,  0.1 st
%Cpu(s):  6.0 us,  5.1 sy,  0.0 ni, 88.0 id,  0.1 wa,  0.0 hi,  0.8 si,  0.0 st
%Cpu(s):  5.2 us,  5.1 sy,  0.0 ni, 89.2 id,  0.0 wa,  0.0 hi,  0.5 si,  0.0 st
%Cpu(s): 10.4 us,  5.6 sy,  0.0 ni, 83.6 id,  0.0 wa,  0.0 hi,  0.4 si,  0.0 st
%Cpu(s):  8.9 us,  5.6 sy,  0.0 ni, 84.8 id,  0.0 wa,  0.0 hi,  0.6 si,  0.1 st
%Cpu(s):  9.3 us,  5.1 sy,  0.0 ni, 85.2 id,  0.0 wa,  0.0 hi,  0.4 si,  0.0 st
%Cpu(s):  8.5 us,  4.9 sy,  0.0 ni, 86.5 id,  0.0 wa,  0.0 hi,  0.1 si,  0.0 st
%Cpu(s): 12.1 us,  4.4 sy,  0.0 ni, 83.3 id,  0.0 wa,  0.0 hi,  0.1 si,  0.1 st
%Cpu(s):  9.2 us,  4.4 sy,  0.0 ni, 86.4 id,  0.0 wa,  0.0 hi,  0.0 si,  0.0 st
%Cpu(s):  5.7 us,  3.8 sy,  0.0 ni, 90.2 id,  0.0 wa,  0.0 hi,  0.1 si,  0.1 st
%Cpu(s): 16.4 us,  3.5 sy,  0.0 ni, 80.1 id,  0.0 wa,  0.0 hi,  0.0 si,  0.0 st
%Cpu(s):  6.3 us,  4.0 sy,  0.0 ni, 89.3 id,  0.0 wa,  0.0 hi,  0.3 si,  0.1 st
%Cpu(s):  6.4 us,  3.9 sy,  0.0 ni, 89.7 id,  0.0 wa,  0.0 hi,  0.1 si,  0.0 st
