%Cpu(s):  7.2 us,  1.4 sy,  0.0 ni, 91.3 id,  0.0 wa,  0.0 hi,  0.1 si,  0.0 st
%Cpu(s):  2.9 us,  2.3 sy,  0.0 ni, 94.5 id,  0.0 wa,  0.0 hi,  0.0 si,  0.3 st
%Cpu(s):  3.9 us,  3.2 sy,  0.0 ni, 92.8 id,  0.0 wa,  0.0 hi,  0.0 si,  0.1 st
%Cpu(s):  3.0 us,  2.1 sy,  0.0 ni, 94.6 id,  0.0 wa,  0.0 hi,  0.0 si,  0.3 st
%Cpu(s):  3.3 us,  2.2 sy,  0.0 ni, 94.3 id,  0.0 wa,  0.0 hi,  0.0 si,  0.3 st
%Cpu(s):  5.9 us,  2.5 sy,  0.0 ni, 91.2 id,  0.0 wa,  0.0 hi,  0.1 si,  0.3 st
%Cpu(s): 11.9 us,  2.3 sy,  0.0 ni, 85.6 id,  0.0 wa,  0.0 hi,  0.0 si,  0.3 st
%Cpu(s): 70.5 us,  5.9 sy,  0.0 ni, 23.1 id,  0.0 wa,  0.0 hi,  0.5 si,  0.0 st
%Cpu(s): 89.7 us,  7.3 sy,  0.0 ni,  1.2 id,  0.0 wa,  0.0 hi,  1.7 si,  0.0 st
%Cpu(s): 88.0 us,  9.5 sy,  0.0 ni,  0.1 id,  0.0 wa,  0.0 hi,  2.4 si,  0.0 st
%Cpu(s): 88.4 us,  9.6 sy,  0.0 ni,  0.2 id,  0.0 wa,  0.0 hi,  1.7 si,  0.0 st
%Cpu(s): 89.0 us,  9.2 sy,  0.0 ni,  0.0 id,  0.0 wa,  0.0 hi,  1.7 si,  0.0 st
%Cpu(s): 86.8 us, 10.6 sy,  0.0 ni,  0.2 id,  0.0 wa,  0.0 hi,  2.4 si,  0.0 st
%Cpu(s): 88.1 us,  8.6 sy,  0.0 ni,  1.1 id,  0.0 wa,  0.0 hi,  2.2 si,  0.0 st
%Cpu(s): 89.5 us,  6.9 sy,  0.0 ni,  1.2 id,  0.0 wa,  0.0 hi,  2.4 si,  0.0 st
%Cpu(s): 46.6 us,  6.8 sy,  0.0 ni, 45.5 id,  0.0 wa,  0.0 hi,  1.1 si,  0.0 st
%Cpu(s): 23.3 us,  7.4 sy,  0.0 ni, 67.7 id,  0.4 wa,  0.0 hi,  1.1 si,  0.0 st
%Cpu(s): 20.8 us,  8.4 sy,  0.0 ni, 70.1 id,  0.0 wa,  0.0 hi,  0.8 si,  0.0 st
%Cpu(s): 16.3 us,  6.6 sy,  0.0 ni, 76.0 id,  0.0 wa,  0.0 hi,  1.0 si,  0.1 st
%Cpu(s): 23.7 us,  7.5 sy,  0.0 ni, 67.4 id,  0.0 wa,  0.0 hi,  1.4 si,  0.0 st
%Cpu(s): 26.5 us,  6.0 sy,  0.0 ni, 67.1 id,  0.0 wa,  0.0 hi,  0.4 si,  0.0 st
%Cpu(s): 16.9 us,  6.2 sy,  0.0 ni, 76.5 id,  0.1 wa,  0.0 hi,  0.3 si,  0.0 st
%Cpu(s): 16.7 us,  7.8 sy,  0.0 ni, 74.8 id,  0.0 wa,  0.0 hi,  0.5 si,  0.1 st
%Cpu(s): 14.3 us,  7.3 sy,  0.0 ni, 77.3 id,  0.0 wa,  0.0 hi,  1.1 si,  0.0 st
%Cpu(s): 15.4 us,  6.6 sy,  0.0 ni, 77.5 id,  0.0 wa,  0.0 hi,  0.4 si,  0.1 st
%Cpu(s): 14.3 us,  7.1 sy,  0.0 ni, 78.0 id,  0.0 wa,  0.0 hi,  0.6 si,  0.0 st
%Cpu(s): 16.5 us,  8.1 sy,  0.0 ni, 74.6 id,  0.0 wa,  0.0 hi,  0.9 si,  0.0 st
%Cpu(s): 21.3 us,  6.9 sy,  0.0 ni, 70.6 id,  0.0 wa,  0.0 hi,  1.1 si,  0.0 st
%Cpu(s): 18.0 us,  7.0 sy,  0.0 ni, 73.9 id,  0.0 wa,  0.0 hi,  1.1 si,  0.0 st
%Cpu(s): 22.4 us,  7.1 sy,  0.0 ni, 69.7 id,  0.0 wa,  0.0 hi,  0.8 si,  0.0 st
%Cpu(s): 15.3 us,  6.8 sy,  0.0 ni, 76.9 id,  0.0 wa,  0.0 hi,  1.0 si,  0.0 st
%Cpu(s): 14.8 us,  7.5 sy,  0.0 ni, 76.6 id,  0.0 wa,  0.0 hi,  1.0 si,  0.1 st
%Cpu(s): 13.0 us,  6.5 sy,  0.0 ni, 80.0 id,  0.0 wa,  0.0 hi,  0.5 si,  0.0 st
%Cpu(s): 29.0 us,  6.7 sy,  0.0 ni, 63.2 id,  0.0 wa,  0.0 hi,  1.1 si,  0.0 st
%Cpu(s): 28.8 us,  7.0 sy,  0.0 ni, 63.2 id,  0.0 wa,  0.0 hi,  1.0 si,  0.0 st
%Cpu(s): 40.7 us,  7.6 sy,  0.0 ni, 49.8 id,  0.0 wa,  0.0 hi,  1.9 si,  0.0 st
%Cpu(s): 25.8 us,  7.4 sy,  0.0 ni, 65.6 id,  0.0 wa,  0.0 hi,  1.2 si,  0.0 st
%Cpu(s): 31.8 us,  6.0 sy,  0.0 ni, 61.3 id,  0.0 wa,  0.0 hi,  0.9 si,  0.0 st
%Cpu(s): 15.6 us,  7.1 sy,  0.0 ni, 76.4 id,  0.0 wa,  0.0 hi,  0.8 si,  0.1 st
%Cpu(s): 45.2 us,  8.4 sy,  0.0 ni, 44.6 id,  0.0 wa,  0.0 hi,  1.7 si,  0.1 st
%Cpu(s): 54.9 us,  6.7 sy,  0.0 ni, 36.7 id,  0.0 wa,  0.0 hi,  1.7 si,  0.0 st
%Cpu(s): 27.3 us,  7.4 sy,  0.0 ni, 64.0 id,  0.0 wa,  0.0 hi,  1.3 si,  0.0 st
%Cpu(s): 16.7 us,  6.5 sy,  0.0 ni, 76.1 id,  0.0 wa,  0.0 hi,  0.8 si,  0.0 st
%Cpu(s): 14.1 us,  7.7 sy,  0.0 ni, 77.4 id,  0.0 wa,  0.0 hi,  0.8 si,  0.0 st
%Cpu(s): 12.3 us,  7.5 sy,  0.0 ni, 79.7 id,  0.0 wa,  0.0 hi,  0.5 si,  0.0 st
%Cpu(s): 14.6 us,  7.9 sy,  0.0 ni, 76.8 id,  0.0 wa,  0.0 hi,  0.7 si,  0.0 st
%Cpu(s): 14.4 us,  6.9 sy,  0.0 ni, 78.1 id,  0.1 wa,  0.0 hi,  0.5 si,  0.0 st
%Cpu(s): 13.4 us,  7.3 sy,  0.0 ni, 78.8 id,  0.0 wa,  0.0 hi,  0.5 si,  0.0 st
%Cpu(s): 12.7 us,  6.7 sy,  0.0 ni, 80.1 id,  0.0 wa,  0.0 hi,  0.5 si,  0.0 st
%Cpu(s): 13.4 us,  6.6 sy,  0.0 ni, 79.5 id,  0.0 wa,  0.0 hi,  0.5 si,  0.0 st
%Cpu(s): 13.4 us,  7.2 sy,  0.0 ni, 78.9 id,  0.0 wa,  0.0 hi,  0.5 si,  0.0 st
%Cpu(s): 23.5 us,  6.4 sy,  0.0 ni, 69.9 id,  0.0 wa,  0.0 hi,  0.0 si,  0.1 st
%Cpu(s): 13.5 us,  6.4 sy,  0.0 ni, 79.7 id,  0.0 wa,  0.0 hi,  0.4 si,  0.0 st
%Cpu(s): 10.4 us,  6.7 sy,  0.0 ni, 81.9 id,  0.0 wa,  0.0 hi,  1.0 si,  0.0 st
%Cpu(s): 10.9 us,  6.9 sy,  0.0 ni, 81.6 id,  0.0 wa,  0.0 hi,  0.5 si,  0.1 st
%Cpu(s): 10.3 us,  7.6 sy,  0.0 ni, 81.6 id,  0.0 wa,  0.0 hi,  0.5 si,  0.0 st
%Cpu(s): 13.0 us,  7.3 sy,  0.0 ni, 79.0 id,  0.0 wa,  0.0 hi,  0.6 si,  0.0 st
%Cpu(s): 11.3 us,  6.4 sy,  0.0 ni, 81.7 id,  0.0 wa,  0.0 hi,  0.6 si,  0.0 st
%Cpu(s): 11.9 us,  7.4 sy,  0.0 ni, 80.1 id,  0.0 wa,  0.0 hi,  0.6 si,  0.0 st
%Cpu(s): 13.2 us,  5.7 sy,  0.0 ni, 80.5 id,  0.0 wa,  0.0 hi,  0.5 si,  0.0 st
%Cpu(s): 12.6 us,  7.2 sy,  0.0 ni, 79.4 id,  0.0 wa,  0.0 hi,  0.8 si,  0.0 st
%Cpu(s): 11.6 us,  5.2 sy,  0.0 ni, 82.8 id,  0.0 wa,  0.0 hi,  0.3 si,  0.1 st
%Cpu(s):  8.7 us,  3.8 sy,  0.0 ni, 87.0 id,  0.0 wa,  0.0 hi,  0.5 si,  0.0 st
%Cpu(s):  3.2 us,  2.6 sy,  0.0 ni, 94.3 id,  0.0 wa,  0.0 hi,  0.0 si,  0.0 st
%Cpu(s):  3.1 us,  2.3 sy,  0.0 ni, 94.5 id,  0.0 wa,  0.0 hi,  0.0 si,  0.1 st
%Cpu(s):  3.2 us,  3.4 sy,  0.0 ni, 93.4 id,  0.0 wa,  0.0 hi,  0.0 si,  0.0 st
%Cpu(s):  7.1 us,  2.6 sy,  0.0 ni, 89.8 id,  0.0 wa,  0.0 hi,  0.4 si,  0.0 st
%Cpu(s): 16.1 us,  1.6 sy,  0.0 ni, 82.1 id,  0.0 wa,  0.0 hi,  0.1 si,  0.0 st
%Cpu(s):  8.1 us,  2.1 sy,  0.0 ni, 89.5 id,  0.0 wa,  0.0 hi,  0.1 si,  0.1 st
%Cpu(s):  5.0 us,  1.5 sy,  0.0 ni, 93.2 id,  0.0 wa,  0.0 hi,  0.1 si,  0.1 st
%Cpu(s):  3.1 us,  2.8 sy,  0.0 ni, 93.9 id,  0.0 wa,  0.0 hi,  0.1 si,  0.1 st
%Cpu(s):  3.5 us,  2.6 sy,  0.0 ni, 93.7 id,  0.0 wa,  0.0 hi,  0.1 si,  0.0 st
%Cpu(s):  6.4 us,  1.5 sy,  0.0 ni, 92.0 id,  0.0 wa,  0.0 hi,  0.0 si,  0.0 st
%Cpu(s):  6.9 us,  2.8 sy,  0.0 ni, 90.0 id,  0.0 wa,  0.0 hi,  0.3 si,  0.1 st
%Cpu(s):  3.1 us,  1.5 sy,  0.0 ni, 95.1 id,  0.0 wa,  0.0 hi,  0.0 si,  0.3 st
%Cpu(s):  2.7 us,  2.7 sy,  0.0 ni, 94.4 id,  0.0 wa,  0.0 hi,  0.0 si,  0.3 st
