%Cpu(s):  3.0 us,  0.6 sy,  0.0 ni, 96.4 id,  0.0 wa,  0.0 hi,  0.1 si,  0.0 st
%Cpu(s): 69.3 us,  5.5 sy,  0.0 ni, 24.8 id,  0.0 wa,  0.0 hi,  0.3 si,  0.1 st
%Cpu(s): 75.1 us,  3.5 sy,  0.0 ni, 21.4 id,  0.0 wa,  0.0 hi,  0.0 si,  0.0 st
%Cpu(s): 88.3 us,  2.5 sy,  0.0 ni,  9.2 id,  0.0 wa,  0.0 hi,  0.0 si,  0.0 st
%Cpu(s): 95.5 us,  3.1 sy,  0.0 ni,  1.3 id,  0.0 wa,  0.0 hi,  0.1 si,  0.0 st
%Cpu(s): 95.8 us,  2.9 sy,  0.0 ni,  1.4 id,  0.0 wa,  0.0 hi,  0.0 si,  0.0 st
%Cpu(s): 48.6 us,  1.9 sy,  0.0 ni, 49.1 id,  0.0 wa,  0.0 hi,  0.4 si,  0.0 st
%Cpu(s):  9.3 us,  2.9 sy,  0.0 ni, 87.6 id,  0.0 wa,  0.0 hi,  0.1 si,  0.1 st
%Cpu(s):  7.7 us,  3.3 sy,  0.0 ni, 88.9 id,  0.0 wa,  0.0 hi,  0.1 si,  0.0 st
%Cpu(s):  4.5 us,  1.6 sy,  0.0 ni, 93.8 id,  0.0 wa,  0.0 hi,  0.0 si,  0.0 st
%Cpu(s):  3.8 us,  2.9 sy,  0.0 ni, 92.4 id,  1.0 wa,  0.0 hi,  0.0 si,  0.0 st
%Cpu(s): 10.8 us,  1.9 sy,  0.0 ni, 86.9 id,  0.0 wa,  0.0 hi,  0.1 si,  0.3 st
%Cpu(s): 10.6 us,  2.3 sy,  0.0 ni, 86.9 id,  0.0 wa,  0.0 hi,  0.1 si,  0.0 st
%Cpu(s):  4.6 us,  2.8 sy,  0.0 ni, 92.7 id,  0.0 wa,  0.0 hi,  0.0 si,  0.0 st
%Cpu(s): 12.3 us,  3.6 sy,  0.0 ni, 84.0 id,  0.0 wa,  0.0 hi,  0.1 si,  0.0 st
%Cpu(s):  8.3 us,  3.8 sy,  0.0 ni, 88.0 id,  0.0 wa,  0.0 hi,  0.0 si,  0.0 st
%Cpu(s): 49.8 us,  5.0 sy,  0.0 ni, 44.8 id,  0.0 wa,  0.0 hi,  0.4 si,  0.0 st
%Cpu(s): 86.0 us,  9.4 sy,  0.0 ni,  2.9 id,  0.0 wa,  0.0 hi,  1.8 si,  0.0 st
%Cpu(s): 86.0 us, 11.1 sy,  0.0 ni,  0.1 id,  0.0 wa,  0.0 hi,  2.6 si,  0.2 st
%Cpu(s): 88.5 us,  9.2 sy,  0.0 ni,  0.1 id,  0.0 wa,  0.0 hi,  2.1 si,  0.0 st
%Cpu(s): 87.3 us, 10.1 sy,  0.0 ni,  0.4 id,  0.0 wa,  0.0 hi,  2.2 si,  0.0 st
%Cpu(s): 87.6 us,  9.9 sy,  0.0 ni,  0.7 id,  0.0 wa,  0.0 hi,  1.7 si,  0.0 st
%Cpu(s): 89.7 us,  8.7 sy,  0.0 ni,  0.1 id,  0.0 wa,  0.0 hi,  1.5 si,  0.0 st
%Cpu(s): 86.2 us,  9.1 sy,  0.0 ni,  2.7 id,  0.0 wa,  0.0 hi,  1.9 si,  0.1 st
%Cpu(s): 58.6 us,  8.0 sy,  0.0 ni, 31.4 id,  0.0 wa,  0.0 hi,  1.9 si,  0.1 st
%Cpu(s): 32.8 us,  8.2 sy,  0.0 ni, 57.9 id,  0.0 wa,  0.0 hi,  1.1 si,  0.0 st
%Cpu(s): 48.1 us,  8.9 sy,  0.0 ni, 41.1 id,  0.0 wa,  0.0 hi,  1.9 si,  0.0 st
%Cpu(s): 68.8 us,  8.4 sy,  0.0 ni, 21.8 id,  0.0 wa,  0.0 hi,  1.0 si,  0.0 st
%Cpu(s): 70.3 us,  6.8 sy,  0.0 ni, 21.6 id,  0.0 wa,  0.0 hi,  1.1 si,  0.1 st
%Cpu(s): 67.2 us,  9.5 sy,  0.0 ni, 21.8 id,  0.0 wa,  0.0 hi,  1.4 si,  0.1 st
%Cpu(s): 31.0 us,  6.2 sy,  0.0 ni, 61.7 id,  0.0 wa,  0.0 hi,  1.2 si,  0.0 st
%Cpu(s): 17.5 us,  6.7 sy,  0.0 ni, 74.7 id,  0.0 wa,  0.0 hi,  1.0 si,  0.0 st
%Cpu(s): 15.4 us,  8.1 sy,  0.0 ni, 75.2 id,  0.0 wa,  0.0 hi,  1.2 si,  0.1 st
%Cpu(s): 15.0 us,  6.9 sy,  0.0 ni, 76.5 id,  0.0 wa,  0.0 hi,  1.4 si,  0.1 st
%Cpu(s): 13.7 us,  7.5 sy,  0.0 ni, 77.7 id,  0.1 wa,  0.0 hi,  0.9 si,  0.1 st
%Cpu(s): 15.4 us,  9.5 sy,  0.0 ni, 73.8 id,  0.0 wa,  0.0 hi,  1.2 si,  0.0 st
%Cpu(s): 15.8 us,  7.7 sy,  0.0 ni, 75.5 id,  0.0 wa,  0.0 hi,  1.0 si,  0.0 st
%Cpu(s): 12.2 us,  7.2 sy,  0.0 ni, 79.7 id,  0.0 wa,  0.0 hi,  0.9 si,  0.0 st
%Cpu(s): 13.0 us,  5.5 sy,  0.0 ni, 80.4 id,  0.0 wa,  0.0 hi,  1.0 si,  0.1 st
%Cpu(s): 14.6 us,  6.2 sy,  0.0 ni, 77.8 id,  0.0 wa,  0.0 hi,  1.2 si,  0.3 st
%Cpu(s): 12.6 us,  7.5 sy,  0.0 ni, 79.3 id,  0.0 wa,  0.0 hi,  0.5 si,  0.0 st
%Cpu(s): 15.1 us,  7.8 sy,  0.0 ni, 75.6 id,  0.0 wa,  0.0 hi,  1.5 si,  0.0 st
%Cpu(s): 14.6 us,  7.7 sy,  0.0 ni, 76.4 id,  0.0 wa,  0.0 hi,  1.3 si,  0.0 st
%Cpu(s): 16.4 us,  7.2 sy,  0.0 ni, 75.2 id,  0.0 wa,  0.0 hi,  1.0 si,  0.1 st
%Cpu(s): 14.2 us,  7.6 sy,  0.0 ni, 76.2 id,  0.0 wa,  0.0 hi,  1.9 si,  0.1 st
%Cpu(s): 15.8 us,  5.6 sy,  0.0 ni, 77.0 id,  0.0 wa,  0.0 hi,  1.4 si,  0.1 st
%Cpu(s): 23.1 us,  6.2 sy,  0.0 ni, 69.1 id,  0.0 wa,  0.0 hi,  1.5 si,  0.0 st
%Cpu(s): 31.1 us,  7.4 sy,  0.0 ni, 59.9 id,  0.0 wa,  0.0 hi,  1.4 si,  0.1 st
%Cpu(s): 13.7 us,  6.8 sy,  0.0 ni, 78.4 id,  0.0 wa,  0.0 hi,  1.0 si,  0.0 st
%Cpu(s): 18.9 us,  7.1 sy,  0.0 ni, 72.9 id,  0.0 wa,  0.0 hi,  1.1 si,  0.0 st
%Cpu(s): 26.0 us,  7.5 sy,  0.0 ni, 64.6 id,  0.0 wa,  0.0 hi,  1.6 si,  0.2 st
%Cpu(s): 15.3 us,  7.2 sy,  0.0 ni, 76.3 id,  0.0 wa,  0.0 hi,  1.2 si,  0.0 st
%Cpu(s): 15.2 us,  8.3 sy,  0.0 ni, 75.1 id,  0.0 wa,  0.0 hi,  1.1 si,  0.3 st
%Cpu(s): 16.1 us,  7.2 sy,  0.0 ni, 75.6 id,  0.0 wa,  0.0 hi,  1.0 si,  0.0 st
%Cpu(s): 15.3 us,  7.2 sy,  0.0 ni, 76.5 id,  0.0 wa,  0.0 hi,  1.0 si,  0.0 st
%Cpu(s): 12.1 us,  6.0 sy,  0.0 ni, 80.6 id,  0.0 wa,  0.0 hi,  1.2 si,  0.1 st
%Cpu(s): 13.4 us,  6.8 sy,  0.0 ni, 78.2 id,  0.0 wa,  0.0 hi,  1.6 si,  0.1 st
%Cpu(s): 15.3 us,  6.4 sy,  0.0 ni, 77.0 id,  0.0 wa,  0.0 hi,  1.2 si,  0.1 st
%Cpu(s): 14.1 us,  7.9 sy,  0.0 ni, 77.1 id,  0.0 wa,  0.0 hi,  0.9 si,  0.0 st
%Cpu(s): 13.5 us,  6.4 sy,  0.0 ni, 78.8 id,  0.0 wa,  0.0 hi,  1.3 si,  0.0 st
%Cpu(s): 12.3 us,  6.1 sy,  0.0 ni, 80.4 id,  0.0 wa,  0.0 hi,  1.0 si,  0.1 st
%Cpu(s): 13.4 us,  7.6 sy,  0.0 ni, 77.8 id,  0.0 wa,  0.0 hi,  1.2 si,  0.1 st
%Cpu(s): 13.8 us,  7.5 sy,  0.0 ni, 77.3 id,  0.0 wa,  0.0 hi,  1.4 si,  0.0 st
%Cpu(s): 16.3 us,  8.0 sy,  0.0 ni, 74.5 id,  0.0 wa,  0.0 hi,  1.3 si,  0.0 st
%Cpu(s): 14.2 us,  8.0 sy,  0.0 ni, 76.8 id,  0.0 wa,  0.0 hi,  0.9 si,  0.1 st
%Cpu(s): 14.5 us,  8.4 sy,  0.0 ni, 76.0 id,  0.0 wa,  0.0 hi,  1.1 si,  0.0 st
%Cpu(s): 14.0 us,  7.6 sy,  0.0 ni, 76.8 id,  0.0 wa,  0.0 hi,  1.6 si,  0.1 st
%Cpu(s): 14.9 us,  7.6 sy,  0.0 ni, 76.1 id,  0.0 wa,  0.0 hi,  1.4 si,  0.0 st
%Cpu(s): 16.5 us,  8.8 sy,  0.0 ni, 73.0 id,  0.0 wa,  0.0 hi,  1.5 si,  0.1 st
%Cpu(s): 18.4 us,  8.8 sy,  0.0 ni, 71.1 id,  0.0 wa,  0.0 hi,  1.6 si,  0.1 st
%Cpu(s): 14.3 us,  8.1 sy,  0.0 ni, 76.3 id,  0.0 wa,  0.0 hi,  1.3 si,  0.0 st
%Cpu(s): 13.4 us,  7.7 sy,  0.0 ni, 77.3 id,  0.0 wa,  0.0 hi,  1.4 si,  0.1 st
%Cpu(s): 23.1 us,  8.2 sy,  0.0 ni, 67.0 id,  0.0 wa,  0.0 hi,  1.6 si,  0.0 st
%Cpu(s): 22.3 us,  8.6 sy,  0.0 ni, 67.5 id,  0.0 wa,  0.0 hi,  1.5 si,  0.1 st
%Cpu(s): 23.7 us,  8.2 sy,  0.0 ni, 66.1 id,  0.1 wa,  0.0 hi,  1.8 si,  0.1 st
%Cpu(s): 22.0 us,  7.4 sy,  0.0 ni, 69.3 id,  0.0 wa,  0.0 hi,  1.3 si,  0.0 st
