%Cpu(s):  3.0 us,  0.5 sy,  0.0 ni, 96.4 id,  0.0 wa,  0.0 hi,  0.1 si,  0.0 st
%Cpu(s): 38.7 us,  5.0 sy,  0.0 ni, 56.3 id,  0.0 wa,  0.0 hi,  0.0 si,  0.0 st
%Cpu(s): 87.2 us,  3.8 sy,  0.0 ni,  9.0 id,  0.0 wa,  0.0 hi,  0.0 si,  0.0 st
%Cpu(s): 79.5 us,  2.8 sy,  0.0 ni, 17.6 id,  0.0 wa,  0.0 hi,  0.1 si,  0.0 st
%Cpu(s): 96.8 us,  2.0 sy,  0.0 ni,  1.2 id,  0.0 wa,  0.0 hi,  0.0 si,  0.0 st
%Cpu(s): 95.0 us,  2.9 sy,  0.0 ni,  2.1 id,  0.0 wa,  0.0 hi,  0.0 si,  0.0 st
%Cpu(s): 94.8 us,  3.0 sy,  0.0 ni,  2.1 id,  0.0 wa,  0.0 hi,  0.1 si,  0.0 st
%Cpu(s): 39.9 us,  1.5 sy,  0.0 ni, 58.4 id,  0.0 wa,  0.0 hi,  0.1 si,  0.0 st
%Cpu(s): 11.1 us,  0.6 sy,  0.0 ni, 88.1 id,  0.0 wa,  0.0 hi,  0.0 si,  0.1 st
%Cpu(s):  5.3 us,  1.4 sy,  0.0 ni, 93.3 id,  0.0 wa,  0.0 hi,  0.0 si,  0.0 st
%Cpu(s):  2.4 us,  1.6 sy,  0.0 ni, 96.0 id,  0.0 wa,  0.0 hi,  0.0 si,  0.0 st
%Cpu(s):  5.6 us,  1.4 sy,  0.0 ni, 92.7 id,  0.0 wa,  0.0 hi,  0.0 si,  0.3 st
%Cpu(s):  5.0 us,  0.9 sy,  0.0 ni, 94.0 id,  0.0 wa,  0.0 hi,  0.1 si,  0.0 st
%Cpu(s):  2.8 us,  1.6 sy,  0.0 ni, 95.6 id,  0.0 wa,  0.0 hi,  0.0 si,  0.0 st
%Cpu(s): 10.8 us,  3.5 sy,  0.0 ni, 85.5 id,  0.0 wa,  0.0 hi,  0.1 si,  0.0 st
%Cpu(s):  5.2 us,  3.1 sy,  0.0 ni, 91.7 id,  0.0 wa,  0.0 hi,  0.0 si,  0.0 st
%Cpu(s):  9.9 us,  2.9 sy,  0.0 ni, 86.7 id,  0.0 wa,  0.0 hi,  0.5 si,  0.0 st
%Cpu(s): 79.7 us,  9.5 sy,  0.0 ni,  9.0 id,  0.0 wa,  0.0 hi,  1.8 si,  0.0 st
%Cpu(s): 83.7 us, 13.2 sy,  0.0 ni,  0.4 id,  0.0 wa,  0.0 hi,  2.7 si,  0.0 st
%Cpu(s): 83.8 us, 13.5 sy,  0.0 ni,  0.2 id,  0.0 wa,  0.0 hi,  2.5 si,  0.0 st
%Cpu(s): 83.1 us, 13.6 sy,  0.0 ni,  0.4 id,  0.0 wa,  0.0 hi,  3.0 si,  0.0 st
%Cpu(s): 84.8 us, 12.3 sy,  0.0 ni,  0.4 id,  0.0 wa,  0.0 hi,  2.5 si,  0.0 st
%Cpu(s): 84.5 us, 12.2 sy,  0.0 ni,  0.5 id,  0.0 wa,  0.0 hi,  2.9 si,  0.0 st
%Cpu(s): 83.3 us, 12.7 sy,  0.0 ni,  0.4 id,  0.0 wa,  0.0 hi,  3.6 si,  0.0 st
%Cpu(s): 83.1 us, 13.5 sy,  0.0 ni,  0.4 id,  0.0 wa,  0.0 hi,  3.0 si,  0.0 st
%Cpu(s): 84.2 us, 14.1 sy,  0.0 ni,  0.0 id,  0.0 wa,  0.0 hi,  1.7 si,  0.0 st
%Cpu(s): 84.5 us, 11.0 sy,  0.0 ni,  1.7 id,  0.0 wa,  0.0 hi,  2.7 si,  0.0 st
%Cpu(s): 81.0 us, 12.5 sy,  0.0 ni,  3.9 id,  0.0 wa,  0.0 hi,  2.6 si,  0.0 st
%Cpu(s): 48.7 us, 10.1 sy,  0.0 ni, 39.0 id,  0.0 wa,  0.0 hi,  2.2 si,  0.0 st
%Cpu(s): 17.6 us, 10.4 sy,  0.0 ni, 70.9 id,  0.0 wa,  0.0 hi,  1.2 si,  0.0 st
%Cpu(s): 16.7 us, 10.7 sy,  0.0 ni, 71.2 id,  0.0 wa,  0.0 hi,  1.4 si,  0.0 st
%Cpu(s): 18.7 us,  8.9 sy,  0.0 ni, 70.9 id,  0.0 wa,  0.0 hi,  1.6 si,  0.0 st
%Cpu(s): 17.4 us,  9.3 sy,  0.0 ni, 71.5 id,  0.0 wa,  0.0 hi,  1.8 si,  0.0 st
%Cpu(s): 16.8 us,  9.1 sy,  0.0 ni, 72.7 id,  0.0 wa,  0.0 hi,  1.5 si,  0.0 st
%Cpu(s): 20.1 us, 10.4 sy,  0.0 ni, 67.3 id,  0.0 wa,  0.0 hi,  2.2 si,  0.1 st
%Cpu(s): 19.6 us, 10.4 sy,  0.0 ni, 67.4 id,  0.0 wa,  0.0 hi,  2.7 si,  0.0 st
%Cpu(s): 19.0 us,  9.8 sy,  0.0 ni, 69.3 id,  0.0 wa,  0.0 hi,  2.0 si,  0.0 st
%Cpu(s): 19.8 us, 10.0 sy,  0.0 ni, 68.1 id,  0.1 wa,  0.0 hi,  1.9 si,  0.0 st
%Cpu(s): 17.1 us,  9.0 sy,  0.0 ni, 72.2 id,  0.0 wa,  0.0 hi,  1.7 si,  0.0 st
%Cpu(s): 19.8 us, 10.4 sy,  0.0 ni, 68.3 id,  0.0 wa,  0.0 hi,  1.6 si,  0.0 st
%Cpu(s): 17.8 us, 10.7 sy,  0.0 ni, 69.7 id,  0.0 wa,  0.0 hi,  1.9 si,  0.0 st
%Cpu(s): 18.2 us,  9.6 sy,  0.0 ni, 70.2 id,  0.0 wa,  0.0 hi,  2.0 si,  0.0 st
%Cpu(s): 17.0 us, 10.4 sy,  0.0 ni, 70.8 id,  0.0 wa,  0.0 hi,  1.8 si,  0.0 st
%Cpu(s): 16.8 us, 12.2 sy,  0.0 ni, 69.9 id,  0.0 wa,  0.0 hi,  1.2 si,  0.0 st
%Cpu(s): 16.2 us, 10.5 sy,  0.0 ni, 72.0 id,  0.0 wa,  0.0 hi,  1.3 si,  0.0 st
%Cpu(s): 17.8 us,  9.4 sy,  0.0 ni, 71.6 id,  0.0 wa,  0.0 hi,  1.2 si,  0.0 st
%Cpu(s): 19.0 us,  9.4 sy,  0.0 ni, 70.5 id,  0.0 wa,  0.0 hi,  1.0 si,  0.0 st
%Cpu(s): 34.1 us,  9.6 sy,  0.0 ni, 53.9 id,  0.0 wa,  0.0 hi,  2.3 si,  0.1 st
%Cpu(s): 29.2 us,  9.7 sy,  0.0 ni, 58.7 id,  0.0 wa,  0.0 hi,  2.3 si,  0.0 st
%Cpu(s): 30.3 us, 10.4 sy,  0.0 ni, 56.3 id,  0.0 wa,  0.0 hi,  3.1 si,  0.0 st
%Cpu(s): 24.5 us, 10.1 sy,  0.0 ni, 62.6 id,  0.0 wa,  0.0 hi,  2.8 si,  0.0 st
%Cpu(s): 18.6 us,  9.8 sy,  0.0 ni, 69.5 id,  0.0 wa,  0.0 hi,  2.2 si,  0.0 st
%Cpu(s): 15.7 us, 10.9 sy,  0.0 ni, 71.6 id,  0.0 wa,  0.0 hi,  1.8 si,  0.0 st
%Cpu(s): 16.6 us,  9.1 sy,  0.0 ni, 72.1 id,  0.0 wa,  0.0 hi,  2.0 si,  0.1 st
%Cpu(s): 16.6 us,  9.9 sy,  0.0 ni, 71.0 id,  0.0 wa,  0.0 hi,  2.5 si,  0.0 st
%Cpu(s): 16.2 us, 10.4 sy,  0.0 ni, 71.5 id,  0.0 wa,  0.0 hi,  1.9 si,  0.0 st
%Cpu(s): 17.3 us, 10.6 sy,  0.0 ni, 70.5 id,  0.0 wa,  0.0 hi,  1.5 si,  0.0 st
%Cpu(s): 15.7 us, 10.4 sy,  0.0 ni, 71.9 id,  0.0 wa,  0.0 hi,  1.9 si,  0.0 st
%Cpu(s): 17.9 us, 10.5 sy,  0.0 ni, 69.7 id,  0.0 wa,  0.0 hi,  1.8 si,  0.1 st
%Cpu(s): 15.2 us,  8.9 sy,  0.0 ni, 74.3 id,  0.0 wa,  0.0 hi,  1.6 si,  0.0 st
%Cpu(s): 17.0 us, 11.1 sy,  0.0 ni, 70.3 id,  0.0 wa,  0.0 hi,  1.7 si,  0.0 st
%Cpu(s): 18.1 us,  9.9 sy,  0.0 ni, 70.0 id,  0.0 wa,  0.0 hi,  2.0 si,  0.0 st
%Cpu(s): 20.5 us, 10.5 sy,  0.0 ni, 67.1 id,  0.0 wa,  0.0 hi,  1.8 si,  0.0 st
%Cpu(s): 21.2 us, 10.0 sy,  0.0 ni, 67.5 id,  0.0 wa,  0.0 hi,  1.3 si,  0.0 st
%Cpu(s): 18.9 us, 10.8 sy,  0.0 ni, 68.2 id,  0.0 wa,  0.0 hi,  2.1 si,  0.0 st
%Cpu(s): 21.6 us, 11.6 sy,  0.0 ni, 65.0 id,  0.0 wa,  0.0 hi,  1.8 si,  0.0 st
%Cpu(s): 22.8 us, 11.9 sy,  0.0 ni, 63.3 id,  0.0 wa,  0.0 hi,  2.1 si,  0.0 st
%Cpu(s): 19.9 us, 12.0 sy,  0.0 ni, 65.3 id,  0.1 wa,  0.0 hi,  2.6 si,  0.0 st
%Cpu(s): 16.0 us, 10.4 sy,  0.0 ni, 72.5 id,  0.0 wa,  0.0 hi,  1.0 si,  0.0 st
%Cpu(s): 16.4 us,  8.8 sy,  0.0 ni, 73.7 id,  0.0 wa,  0.0 hi,  1.2 si,  0.0 st
%Cpu(s): 12.3 us,  8.5 sy,  0.0 ni, 78.4 id,  0.0 wa,  0.0 hi,  0.9 si,  0.0 st
%Cpu(s):  6.0 us,  5.2 sy,  0.0 ni, 88.0 id,  0.0 wa,  0.0 hi,  0.7 si,  0.0 st
%Cpu(s): 10.1 us,  4.2 sy,  0.0 ni, 84.8 id,  0.0 wa,  0.0 hi,  0.8 si,  0.1 st
%Cpu(s):  9.3 us,  3.9 sy,  0.0 ni, 86.2 id,  0.0 wa,  0.0 hi,  0.5 si,  0.0 st
%Cpu(s):  8.7 us,  4.0 sy,  0.0 ni, 86.8 id,  0.0 wa,  0.0 hi,  0.5 si,  0.0 st
%Cpu(s):  3.7 us,  3.0 sy,  0.0 ni, 93.0 id,  0.0 wa,  0.0 hi,  0.3 si,  0.0 st
%Cpu(s):  5.1 us,  3.6 sy,  0.0 ni, 90.8 id,  0.0 wa,  0.0 hi,  0.4 si,  0.1 st
%Cpu(s): 13.1 us,  2.4 sy,  0.0 ni, 84.2 id,  0.0 wa,  0.0 hi,  0.1 si,  0.1 st
%Cpu(s): 10.4 us,  2.5 sy,  0.0 ni, 86.9 id,  0.0 wa,  0.0 hi,  0.1 si,  0.0 st
%Cpu(s):  6.0 us,  3.1 sy,  0.0 ni, 90.7 id,  0.0 wa,  0.0 hi,  0.1 si,  0.0 st
%Cpu(s):  3.4 us,  2.6 sy,  0.0 ni, 93.9 id,  0.0 wa,  0.0 hi,  0.0 si,  0.0 st
%Cpu(s):  3.3 us,  1.9 sy,  0.0 ni, 94.7 id,  0.0 wa,  0.0 hi,  0.1 si,  0.0 st
%Cpu(s):  1.6 us,  1.8 sy,  0.0 ni, 96.6 id,  0.0 wa,  0.0 hi,  0.0 si,  0.0 st
%Cpu(s):  1.6 us,  1.8 sy,  0.0 ni, 96.5 id,  0.0 wa,  0.0 hi,  0.0 si,  0.1 st
