%Cpu(s):  2.7 us,  0.5 sy,  0.0 ni, 96.7 id,  0.0 wa,  0.0 hi,  0.1 si,  0.0 st
%Cpu(s): 18.4 us,  3.4 sy,  0.0 ni, 78.0 id,  0.0 wa,  0.0 hi,  0.1 si,  0.1 st
%Cpu(s): 85.8 us,  4.3 sy,  0.0 ni,  9.9 id,  0.0 wa,  0.0 hi,  0.0 si,  0.0 st
%Cpu(s): 71.2 us,  2.7 sy,  0.0 ni, 25.9 id,  0.0 wa,  0.0 hi,  0.0 si,  0.3 st
%Cpu(s): 94.6 us,  3.0 sy,  0.0 ni,  2.4 id,  0.0 wa,  0.0 hi,  0.0 si,  0.0 st
%Cpu(s): 94.4 us,  2.8 sy,  0.0 ni,  2.9 id,  0.0 wa,  0.0 hi,  0.0 si,  0.0 st
%Cpu(s): 87.5 us,  3.1 sy,  0.0 ni,  9.2 id,  0.0 wa,  0.0 hi,  0.1 si,  0.0 st
%Cpu(s): 13.7 us,  2.0 sy,  0.0 ni, 84.0 id,  0.0 wa,  0.0 hi,  0.0 si,  0.3 st
%Cpu(s):  7.6 us,  1.8 sy,  0.0 ni, 90.5 id,  0.0 wa,  0.0 hi,  0.0 si,  0.1 st
%Cpu(s):  6.9 us,  2.5 sy,  0.0 ni, 90.3 id,  0.0 wa,  0.0 hi,  0.0 si,  0.3 st
%Cpu(s):  4.3 us,  2.9 sy,  0.0 ni, 92.5 id,  0.0 wa,  0.0 hi,  0.0 si,  0.3 st
%Cpu(s): 12.2 us,  2.4 sy,  0.0 ni, 85.1 id,  0.0 wa,  0.0 hi,  0.1 si,  0.3 st
%Cpu(s): 12.3 us,  2.0 sy,  0.0 ni, 85.2 id,  0.0 wa,  0.0 hi,  0.1 si,  0.4 st
%Cpu(s):  5.7 us,  3.3 sy,  0.0 ni, 90.8 id,  0.0 wa,  0.0 hi,  0.1 si,  0.1 st
%Cpu(s): 11.6 us,  3.5 sy,  0.0 ni, 84.6 id,  0.0 wa,  0.0 hi,  0.1 si,  0.1 st
%Cpu(s):  5.9 us,  3.3 sy,  0.0 ni, 90.7 id,  0.0 wa,  0.0 hi,  0.1 si,  0.0 st
%Cpu(s): 28.2 us,  4.2 sy,  0.0 ni, 67.3 id,  0.0 wa,  0.0 hi,  0.3 si,  0.0 st
%Cpu(s): 84.7 us,  8.8 sy,  0.0 ni,  5.0 id,  0.0 wa,  0.0 hi,  1.5 si,  0.0 st
%Cpu(s): 85.5 us, 11.9 sy,  0.0 ni,  0.5 id,  0.0 wa,  0.0 hi,  2.1 si,  0.0 st
%Cpu(s): 85.3 us, 11.2 sy,  0.0 ni,  0.5 id,  0.0 wa,  0.0 hi,  3.0 si,  0.0 st
%Cpu(s): 84.4 us, 12.2 sy,  0.0 ni,  0.4 id,  0.0 wa,  0.0 hi,  3.0 si,  0.0 st
%Cpu(s): 84.2 us, 12.6 sy,  0.0 ni,  0.0 id,  0.0 wa,  0.0 hi,  3.2 si,  0.0 st
%Cpu(s): 85.9 us, 10.8 sy,  0.0 ni,  0.1 id,  0.0 wa,  0.0 hi,  3.1 si,  0.0 st
%Cpu(s): 85.6 us, 10.1 sy,  0.0 ni,  1.1 id,  0.0 wa,  0.0 hi,  3.1 si,  0.0 st
%Cpu(s): 84.0 us, 11.5 sy,  0.0 ni,  1.5 id,  0.0 wa,  0.0 hi,  3.0 si,  0.0 st
%Cpu(s): 60.8 us, 10.8 sy,  0.0 ni, 25.4 id,  0.1 wa,  0.0 hi,  2.9 si,  0.0 st
%Cpu(s): 25.4 us,  9.1 sy,  0.0 ni, 64.0 id,  0.0 wa,  0.0 hi,  1.3 si,  0.1 st
%Cpu(s): 42.4 us,  7.7 sy,  0.0 ni, 47.9 id,  0.0 wa,  0.0 hi,  2.1 si,  0.0 st
%Cpu(s): 46.0 us, 10.6 sy,  0.0 ni, 41.9 id,  0.0 wa,  0.0 hi,  1.5 si,  0.0 st
%Cpu(s): 23.1 us,  9.1 sy,  0.0 ni, 65.9 id,  0.0 wa,  0.0 hi,  1.9 si,  0.0 st
%Cpu(s): 19.3 us,  9.2 sy,  0.0 ni, 69.7 id,  0.0 wa,  0.0 hi,  1.8 si,  0.0 st
%Cpu(s): 19.3 us,  8.3 sy,  0.0 ni, 71.2 id,  0.0 wa,  0.0 hi,  1.2 si,  0.0 st
%Cpu(s): 17.1 us,  9.3 sy,  0.0 ni, 72.0 id,  0.0 wa,  0.0 hi,  1.6 si,  0.0 st
%Cpu(s): 17.0 us,  8.9 sy,  0.0 ni, 72.6 id,  0.0 wa,  0.0 hi,  1.4 si,  0.0 st
%Cpu(s): 16.7 us,  8.2 sy,  0.0 ni, 73.7 id,  0.0 wa,  0.0 hi,  1.3 si,  0.0 st
%Cpu(s): 17.0 us,  8.7 sy,  0.0 ni, 72.6 id,  0.0 wa,  0.0 hi,  1.5 si,  0.1 st
%Cpu(s): 18.1 us,  9.5 sy,  0.0 ni, 70.7 id,  0.0 wa,  0.0 hi,  1.7 si,  0.0 st
%Cpu(s): 16.2 us,  8.1 sy,  0.0 ni, 74.4 id,  0.0 wa,  0.0 hi,  1.3 si,  0.0 st
%Cpu(s): 14.7 us,  7.8 sy,  0.0 ni, 76.3 id,  0.0 wa,  0.0 hi,  1.2 si,  0.0 st
%Cpu(s): 18.7 us,  8.4 sy,  0.0 ni, 71.9 id,  0.0 wa,  0.0 hi,  1.0 si,  0.0 st
%Cpu(s): 16.6 us,  8.2 sy,  0.0 ni, 74.0 id,  0.0 wa,  0.0 hi,  1.2 si,  0.0 st
%Cpu(s): 17.0 us, 10.6 sy,  0.0 ni, 71.0 id,  0.0 wa,  0.0 hi,  1.3 si,  0.1 st
%Cpu(s): 15.7 us,  9.2 sy,  0.0 ni, 74.0 id,  0.0 wa,  0.0 hi,  1.0 si,  0.0 st
%Cpu(s): 15.0 us,  8.1 sy,  0.0 ni, 75.4 id,  0.0 wa,  0.0 hi,  1.5 si,  0.0 st
%Cpu(s): 16.6 us,  9.4 sy,  0.0 ni, 72.8 id,  0.0 wa,  0.0 hi,  1.3 si,  0.0 st
%Cpu(s): 16.3 us,  9.2 sy,  0.0 ni, 72.9 id,  0.0 wa,  0.0 hi,  1.6 si,  0.1 st
%Cpu(s): 17.3 us,  8.4 sy,  0.0 ni, 72.7 id,  0.0 wa,  0.0 hi,  1.6 si,  0.0 st
%Cpu(s): 37.5 us,  8.6 sy,  0.0 ni, 51.3 id,  0.0 wa,  0.0 hi,  2.5 si,  0.0 st
%Cpu(s): 34.6 us,  9.6 sy,  0.0 ni, 53.9 id,  0.0 wa,  0.0 hi,  1.9 si,  0.0 st
%Cpu(s): 22.2 us,  9.5 sy,  0.0 ni, 66.8 id,  0.0 wa,  0.0 hi,  1.5 si,  0.0 st
%Cpu(s): 22.7 us,  8.9 sy,  0.0 ni, 67.3 id,  0.0 wa,  0.0 hi,  1.0 si,  0.0 st
%Cpu(s): 15.9 us,  8.7 sy,  0.0 ni, 73.9 id,  0.0 wa,  0.0 hi,  1.6 si,  0.0 st
%Cpu(s): 16.6 us,  7.8 sy,  0.0 ni, 73.9 id,  0.0 wa,  0.0 hi,  1.7 si,  0.0 st
%Cpu(s): 15.7 us,  8.8 sy,  0.0 ni, 74.1 id,  0.0 wa,  0.0 hi,  1.4 si,  0.0 st
%Cpu(s): 16.1 us,  9.7 sy,  0.0 ni, 72.2 id,  0.0 wa,  0.0 hi,  2.0 si,  0.0 st
%Cpu(s): 17.7 us,  9.2 sy,  0.0 ni, 71.8 id,  0.0 wa,  0.0 hi,  1.3 si,  0.0 st
%Cpu(s): 25.3 us,  9.4 sy,  0.0 ni, 63.8 id,  0.0 wa,  0.0 hi,  1.4 si,  0.1 st
%Cpu(s): 24.3 us,  9.1 sy,  0.0 ni, 65.2 id,  0.0 wa,  0.0 hi,  1.4 si,  0.0 st
%Cpu(s): 16.3 us,  7.9 sy,  0.0 ni, 74.5 id,  0.0 wa,  0.0 hi,  1.3 si,  0.0 st
%Cpu(s): 26.7 us,  9.3 sy,  0.0 ni, 61.5 id,  0.0 wa,  0.0 hi,  2.5 si,  0.0 st
%Cpu(s): 24.9 us,  9.6 sy,  0.0 ni, 63.7 id,  0.0 wa,  0.0 hi,  1.8 si,  0.0 st
%Cpu(s): 14.7 us,  9.8 sy,  0.0 ni, 74.5 id,  0.0 wa,  0.0 hi,  1.0 si,  0.0 st
%Cpu(s): 17.5 us,  8.5 sy,  0.0 ni, 72.2 id,  0.0 wa,  0.0 hi,  1.9 si,  0.0 st
%Cpu(s): 15.2 us,  7.8 sy,  0.0 ni, 75.2 id,  0.0 wa,  0.0 hi,  1.7 si,  0.1 st
%Cpu(s): 11.3 us,  7.5 sy,  0.0 ni, 79.3 id,  0.0 wa,  0.0 hi,  1.9 si,  0.0 st
%Cpu(s):  6.7 us,  6.2 sy,  0.0 ni, 86.2 id,  0.1 wa,  0.0 hi,  0.8 si,  0.0 st
%Cpu(s): 11.0 us,  5.1 sy,  0.0 ni, 82.9 id,  0.0 wa,  0.0 hi,  0.9 si,  0.0 st
%Cpu(s): 12.4 us,  6.6 sy,  0.0 ni, 80.2 id,  0.0 wa,  0.0 hi,  0.8 si,  0.0 st
%Cpu(s):  7.5 us,  5.2 sy,  0.0 ni, 86.6 id,  0.0 wa,  0.0 hi,  0.6 si,  0.1 st
%Cpu(s):  5.9 us,  5.0 sy,  0.0 ni, 88.2 id,  0.0 wa,  0.0 hi,  0.9 si,  0.0 st
%Cpu(s):  7.7 us,  5.9 sy,  0.0 ni, 85.9 id,  0.0 wa,  0.0 hi,  0.5 si,  0.0 st
%Cpu(s):  5.4 us,  6.2 sy,  0.0 ni, 87.9 id,  0.0 wa,  0.0 hi,  0.5 si,  0.0 st
