%Cpu(s): 10.8 us,  1.6 sy,  0.0 ni, 87.4 id,  0.0 wa,  0.0 hi,  0.2 si,  0.0 st
%Cpu(s):  2.5 us,  1.6 sy,  0.0 ni, 95.7 id,  0.0 wa,  0.0 hi,  0.1 si,  0.0 st
%Cpu(s):  2.3 us,  1.8 sy,  0.0 ni, 96.0 id,  0.0 wa,  0.0 hi,  0.0 si,  0.0 st
%Cpu(s):  3.1 us,  1.1 sy,  0.0 ni, 95.6 id,  0.0 wa,  0.0 hi,  0.0 si,  0.1 st
%Cpu(s):  1.9 us,  1.1 sy,  0.0 ni, 97.0 id,  0.0 wa,  0.0 hi,  0.0 si,  0.0 st
%Cpu(s):  4.2 us,  1.8 sy,  0.0 ni, 94.0 id,  0.0 wa,  0.0 hi,  0.0 si,  0.0 st
%Cpu(s): 12.5 us,  2.2 sy,  0.0 ni, 85.0 id,  0.1 wa,  0.0 hi,  0.0 si,  0.1 st
%Cpu(s): 62.0 us,  5.8 sy,  0.0 ni, 31.4 id,  0.0 wa,  0.0 hi,  0.8 si,  0.0 st
%Cpu(s): 84.1 us,  7.6 sy,  0.0 ni,  6.7 id,  0.0 wa,  0.0 hi,  1.5 si,  0.0 st
%Cpu(s): 89.0 us,  7.7 sy,  0.0 ni,  1.5 id,  0.0 wa,  0.0 hi,  1.7 si,  0.0 st
%Cpu(s): 89.2 us,  8.5 sy,  0.0 ni,  0.5 id,  0.0 wa,  0.0 hi,  1.9 si,  0.0 st
%Cpu(s): 89.1 us,  8.8 sy,  0.0 ni,  0.2 id,  0.0 wa,  0.0 hi,  1.9 si,  0.0 st
%Cpu(s): 87.7 us, 10.2 sy,  0.0 ni,  0.0 id,  0.0 wa,  0.0 hi,  2.1 si,  0.0 st
%Cpu(s): 88.7 us,  9.2 sy,  0.0 ni,  0.1 id,  0.0 wa,  0.0 hi,  2.0 si,  0.0 st
%Cpu(s): 88.8 us,  9.3 sy,  0.0 ni,  0.1 id,  0.0 wa,  0.0 hi,  1.7 si,  0.0 st
%Cpu(s): 79.3 us, 10.2 sy,  0.0 ni,  8.6 id,  0.0 wa,  0.0 hi,  1.9 si,  0.0 st
%Cpu(s): 48.6 us,  7.4 sy,  0.0 ni, 42.8 id,  0.0 wa,  0.0 hi,  1.2 si,  0.0 st
%Cpu(s): 48.7 us,  7.5 sy,  0.0 ni, 42.2 id,  0.0 wa,  0.0 hi,  1.5 si,  0.1 st
%Cpu(s): 20.9 us,  6.6 sy,  0.0 ni, 71.8 id,  0.0 wa,  0.0 hi,  0.8 si,  0.0 st
%Cpu(s): 14.6 us,  7.0 sy,  0.0 ni, 77.1 id,  0.0 wa,  0.0 hi,  1.3 si,  0.1 st
%Cpu(s): 16.4 us,  7.1 sy,  0.0 ni, 75.6 id,  0.0 wa,  0.0 hi,  0.8 si,  0.1 st
%Cpu(s): 19.6 us,  7.6 sy,  0.0 ni, 71.8 id,  0.0 wa,  0.0 hi,  1.0 si,  0.0 st
%Cpu(s): 26.0 us,  6.3 sy,  0.0 ni, 66.8 id,  0.0 wa,  0.0 hi,  0.9 si,  0.0 st
%Cpu(s): 22.1 us,  7.1 sy,  0.0 ni, 69.7 id,  0.0 wa,  0.0 hi,  1.0 si,  0.1 st
%Cpu(s): 52.8 us,  7.3 sy,  0.0 ni, 38.7 id,  0.0 wa,  0.0 hi,  1.3 si,  0.0 st
%Cpu(s): 34.3 us,  6.5 sy,  0.0 ni, 58.4 id,  0.0 wa,  0.0 hi,  0.8 si,  0.0 st
%Cpu(s): 14.1 us,  6.7 sy,  0.0 ni, 78.3 id,  0.0 wa,  0.0 hi,  0.9 si,  0.0 st
%Cpu(s): 12.1 us,  6.9 sy,  0.0 ni, 79.6 id,  0.0 wa,  0.0 hi,  1.3 si,  0.1 st
%Cpu(s): 13.4 us,  7.5 sy,  0.0 ni, 77.9 id,  0.0 wa,  0.0 hi,  1.2 si,  0.0 st
%Cpu(s): 10.5 us,  6.7 sy,  0.0 ni, 81.6 id,  0.0 wa,  0.0 hi,  1.1 si,  0.0 st
%Cpu(s): 12.1 us,  6.9 sy,  0.0 ni, 80.3 id,  0.0 wa,  0.0 hi,  0.6 si,  0.0 st
%Cpu(s): 11.9 us,  5.9 sy,  0.0 ni, 81.0 id,  0.0 wa,  0.0 hi,  1.0 si,  0.1 st
%Cpu(s): 10.5 us,  6.6 sy,  0.0 ni, 81.9 id,  0.0 wa,  0.0 hi,  0.9 si,  0.1 st
%Cpu(s): 13.3 us,  7.0 sy,  0.0 ni, 78.4 id,  0.0 wa,  0.0 hi,  1.2 si,  0.1 st
%Cpu(s): 13.7 us,  7.4 sy,  0.0 ni, 78.1 id,  0.0 wa,  0.0 hi,  0.9 si,  0.0 st
%Cpu(s): 13.3 us,  6.5 sy,  0.0 ni, 79.4 id,  0.0 wa,  0.0 hi,  0.6 si,  0.1 st
%Cpu(s): 13.7 us,  7.4 sy,  0.0 ni, 78.1 id,  0.0 wa,  0.0 hi,  0.8 si,  0.0 st
%Cpu(s): 24.1 us,  7.2 sy,  0.0 ni, 67.4 id,  0.0 wa,  0.0 hi,  1.3 si,  0.0 st
%Cpu(s): 21.0 us,  7.0 sy,  0.0 ni, 71.0 id,  0.0 wa,  0.0 hi,  0.9 si,  0.1 st
%Cpu(s): 16.2 us,  7.6 sy,  0.0 ni, 75.2 id,  0.0 wa,  0.0 hi,  0.9 si,  0.1 st
%Cpu(s): 23.5 us,  6.4 sy,  0.0 ni, 68.7 id,  0.0 wa,  0.0 hi,  1.3 si,  0.1 st
%Cpu(s): 18.4 us,  7.7 sy,  0.0 ni, 72.3 id,  0.0 wa,  0.0 hi,  1.2 si,  0.4 st
%Cpu(s): 12.9 us,  6.3 sy,  0.0 ni, 79.9 id,  0.0 wa,  0.0 hi,  0.9 si,  0.0 st
%Cpu(s): 13.9 us,  6.4 sy,  0.0 ni, 78.7 id,  0.0 wa,  0.0 hi,  0.9 si,  0.1 st
%Cpu(s): 11.4 us,  7.6 sy,  0.0 ni, 79.7 id,  0.0 wa,  0.0 hi,  1.3 si,  0.0 st
%Cpu(s): 11.8 us,  7.1 sy,  0.0 ni, 80.5 id,  0.0 wa,  0.0 hi,  0.7 si,  0.0 st
%Cpu(s): 11.1 us,  6.9 sy,  0.0 ni, 81.0 id,  0.0 wa,  0.0 hi,  0.8 si,  0.3 st
%Cpu(s): 12.3 us,  4.5 sy,  0.0 ni, 82.0 id,  0.0 wa,  0.0 hi,  1.0 si,  0.1 st
%Cpu(s): 11.4 us,  6.9 sy,  0.0 ni, 80.3 id,  0.0 wa,  0.0 hi,  1.4 si,  0.0 st
%Cpu(s): 10.1 us,  6.5 sy,  0.0 ni, 82.0 id,  0.0 wa,  0.0 hi,  1.4 si,  0.0 st
%Cpu(s): 11.7 us,  6.3 sy,  0.0 ni, 80.8 id,  0.0 wa,  0.0 hi,  1.0 si,  0.1 st
%Cpu(s): 11.6 us,  8.7 sy,  0.0 ni, 79.0 id,  0.0 wa,  0.0 hi,  0.8 si,  0.0 st
%Cpu(s): 12.5 us,  6.9 sy,  0.0 ni, 79.3 id,  0.0 wa,  0.0 hi,  1.1 si,  0.1 st
%Cpu(s): 11.3 us,  7.3 sy,  0.0 ni, 80.4 id,  0.0 wa,  0.0 hi,  1.0 si,  0.0 st
%Cpu(s): 17.1 us,  7.5 sy,  0.0 ni, 73.9 id,  0.0 wa,  0.0 hi,  1.4 si,  0.1 st
%Cpu(s): 13.0 us,  6.1 sy,  0.0 ni, 79.4 id,  0.0 wa,  0.0 hi,  1.3 si,  0.1 st
%Cpu(s): 13.3 us,  6.1 sy,  0.0 ni, 79.5 id,  0.0 wa,  0.0 hi,  1.1 si,  0.0 st
%Cpu(s):  9.3 us,  7.0 sy,  0.0 ni, 82.5 id,  0.0 wa,  0.0 hi,  1.2 si,  0.0 st
%Cpu(s):  9.5 us,  6.5 sy,  0.0 ni, 82.9 id,  0.0 wa,  0.0 hi,  1.1 si,  0.0 st
%Cpu(s): 10.9 us,  6.8 sy,  0.0 ni, 81.1 id,  0.0 wa,  0.0 hi,  1.2 si,  0.0 st
%Cpu(s): 12.3 us,  6.2 sy,  0.0 ni, 80.2 id,  0.0 wa,  0.0 hi,  1.0 si,  0.3 st
%Cpu(s): 12.7 us,  6.3 sy,  0.0 ni, 80.3 id,  0.0 wa,  0.0 hi,  0.8 si,  0.0 st
%Cpu(s): 11.3 us,  6.5 sy,  0.0 ni, 81.2 id,  0.0 wa,  0.0 hi,  1.0 si,  0.0 st
%Cpu(s): 11.1 us,  7.1 sy,  0.0 ni, 81.0 id,  0.0 wa,  0.0 hi,  0.6 si,  0.1 st
%Cpu(s): 10.5 us,  7.0 sy,  0.0 ni, 81.7 id,  0.0 wa,  0.0 hi,  0.9 si,  0.0 st
%Cpu(s): 10.8 us,  7.5 sy,  0.0 ni, 81.0 id,  0.0 wa,  0.0 hi,  0.6 si,  0.1 st
%Cpu(s): 14.6 us,  6.8 sy,  0.0 ni, 77.8 id,  0.0 wa,  0.0 hi,  0.8 si,  0.0 st
%Cpu(s): 50.2 us,  8.2 sy,  0.0 ni, 39.9 id,  0.0 wa,  0.0 hi,  1.6 si,  0.1 st
%Cpu(s): 86.3 us,  7.4 sy,  0.0 ni,  3.8 id,  0.0 wa,  0.0 hi,  2.5 si,  0.0 st
%Cpu(s): 56.7 us,  7.7 sy,  0.0 ni, 34.7 id,  0.0 wa,  0.0 hi,  0.9 si,  0.0 st
%Cpu(s): 16.5 us,  7.2 sy,  0.0 ni, 75.2 id,  0.0 wa,  0.0 hi,  1.2 si,  0.0 st
%Cpu(s): 11.8 us,  5.6 sy,  0.0 ni, 81.5 id,  0.0 wa,  0.0 hi,  1.0 si,  0.0 st
%Cpu(s): 18.2 us,  5.6 sy,  0.0 ni, 75.1 id,  0.0 wa,  0.0 hi,  0.9 si,  0.1 st
%Cpu(s): 14.3 us,  5.9 sy,  0.0 ni, 78.4 id,  0.0 wa,  0.0 hi,  1.4 si,  0.0 st
%Cpu(s): 17.2 us,  6.6 sy,  0.0 ni, 75.1 id,  0.0 wa,  0.0 hi,  1.2 si,  0.0 st
%Cpu(s): 15.9 us,  6.2 sy,  0.0 ni, 76.9 id,  0.0 wa,  0.0 hi,  0.6 si,  0.3 st
%Cpu(s): 12.5 us,  6.1 sy,  0.0 ni, 80.6 id,  0.0 wa,  0.0 hi,  0.8 si,  0.0 st
%Cpu(s): 16.2 us,  6.8 sy,  0.0 ni, 76.3 id,  0.0 wa,  0.0 hi,  0.8 si,  0.0 st
%Cpu(s): 15.8 us,  6.7 sy,  0.0 ni, 76.7 id,  0.0 wa,  0.0 hi,  0.8 si,  0.0 st
%Cpu(s): 16.9 us,  6.6 sy,  0.0 ni, 75.6 id,  0.0 wa,  0.0 hi,  0.8 si,  0.1 st
%Cpu(s): 16.5 us,  7.8 sy,  0.0 ni, 74.7 id,  0.0 wa,  0.0 hi,  1.0 si,  0.0 st
%Cpu(s): 20.6 us,  8.8 sy,  0.0 ni, 68.6 id,  0.0 wa,  0.0 hi,  2.0 si,  0.0 st
%Cpu(s): 20.3 us,  7.5 sy,  0.0 ni, 71.3 id,  0.0 wa,  0.0 hi,  0.8 si,  0.1 st
%Cpu(s): 20.1 us,  9.4 sy,  0.0 ni, 69.7 id,  0.0 wa,  0.0 hi,  0.9 si,  0.0 st
