%Cpu(s):  2.6 us,  0.3 sy,  0.0 ni, 97.1 id,  0.0 wa,  0.0 hi,  0.0 si,  0.0 st
%Cpu(s): 54.6 us,  2.0 sy,  0.0 ni, 43.4 id,  0.0 wa,  0.0 hi,  0.0 si,  0.0 st
%Cpu(s):  7.6 us,  1.4 sy,  0.0 ni, 90.9 id,  0.0 wa,  0.0 hi,  0.0 si,  0.1 st
%Cpu(s):  4.1 us,  1.4 sy,  0.0 ni, 94.5 id,  0.0 wa,  0.0 hi,  0.0 si,  0.0 st
%Cpu(s): 19.2 us,  2.3 sy,  0.0 ni, 78.4 id,  0.0 wa,  0.0 hi,  0.1 si,  0.0 st
%Cpu(s): 77.7 us,  6.0 sy,  0.0 ni, 15.0 id,  0.0 wa,  0.0 hi,  1.2 si,  0.0 st
%Cpu(s): 88.1 us,  8.2 sy,  0.0 ni,  1.6 id,  0.0 wa,  0.0 hi,  2.0 si,  0.0 st
%Cpu(s): 89.5 us,  8.2 sy,  0.0 ni,  0.5 id,  0.0 wa,  0.0 hi,  1.7 si,  0.0 st
%Cpu(s): 90.8 us,  7.1 sy,  0.0 ni,  0.9 id,  0.0 wa,  0.0 hi,  1.2 si,  0.0 st
%Cpu(s): 90.1 us,  7.4 sy,  0.0 ni,  0.5 id,  0.0 wa,  0.0 hi,  1.9 si,  0.1 st
%Cpu(s): 89.0 us,  9.0 sy,  0.0 ni,  0.2 id,  0.0 wa,  0.0 hi,  1.7 si,  0.0 st
%Cpu(s): 90.9 us,  7.7 sy,  0.0 ni,  0.0 id,  0.0 wa,  0.0 hi,  1.4 si,  0.0 st
%Cpu(s): 89.5 us,  8.0 sy,  0.0 ni,  0.4 id,  0.0 wa,  0.0 hi,  2.0 si,  0.1 st
%Cpu(s): 89.2 us,  8.1 sy,  0.0 ni,  0.6 id,  0.0 wa,  0.0 hi,  2.1 si,  0.0 st
%Cpu(s): 91.1 us,  6.7 sy,  0.0 ni,  0.6 id,  0.0 wa,  0.0 hi,  1.6 si,  0.0 st
%Cpu(s): 89.4 us,  8.7 sy,  0.0 ni,  0.1 id,  0.0 wa,  0.0 hi,  1.7 si,  0.0 st
%Cpu(s): 87.3 us,  6.9 sy,  0.0 ni,  4.1 id,  0.0 wa,  0.0 hi,  1.5 si,  0.1 st
%Cpu(s): 59.6 us,  6.3 sy,  0.0 ni, 32.5 id,  0.0 wa,  0.0 hi,  1.6 si,  0.0 st
%Cpu(s): 50.1 us,  6.9 sy,  0.0 ni, 41.7 id,  0.0 wa,  0.0 hi,  1.3 si,  0.1 st
%Cpu(s): 44.6 us,  7.5 sy,  0.0 ni, 46.4 id,  0.0 wa,  0.0 hi,  1.5 si,  0.0 st
%Cpu(s): 36.2 us,  7.2 sy,  0.0 ni, 54.7 id,  0.0 wa,  0.0 hi,  1.7 si,  0.1 st
%Cpu(s): 37.9 us,  6.1 sy,  0.0 ni, 54.8 id,  0.0 wa,  0.0 hi,  1.0 si,  0.1 st
%Cpu(s): 31.9 us,  7.4 sy,  0.0 ni, 59.4 id,  0.0 wa,  0.0 hi,  1.2 si,  0.1 st
%Cpu(s): 19.1 us,  5.5 sy,  0.0 ni, 74.7 id,  0.0 wa,  0.0 hi,  0.5 si,  0.1 st
%Cpu(s): 17.2 us,  5.6 sy,  0.0 ni, 76.2 id,  0.0 wa,  0.0 hi,  0.8 si,  0.3 st
%Cpu(s): 18.0 us,  6.9 sy,  0.0 ni, 74.1 id,  0.0 wa,  0.0 hi,  0.9 si,  0.0 st
%Cpu(s): 17.6 us,  5.9 sy,  0.0 ni, 75.8 id,  0.0 wa,  0.0 hi,  0.6 si,  0.1 st
%Cpu(s): 18.2 us,  7.0 sy,  0.0 ni, 73.8 id,  0.0 wa,  0.0 hi,  0.9 si,  0.1 st
%Cpu(s): 23.5 us,  7.4 sy,  0.0 ni, 68.2 id,  0.0 wa,  0.0 hi,  0.8 si,  0.1 st
%Cpu(s): 17.8 us,  6.6 sy,  0.0 ni, 74.9 id,  0.0 wa,  0.0 hi,  0.7 si,  0.0 st
%Cpu(s): 22.5 us,  7.3 sy,  0.0 ni, 69.3 id,  0.0 wa,  0.0 hi,  0.9 si,  0.0 st
%Cpu(s): 28.6 us,  6.4 sy,  0.0 ni, 63.7 id,  0.0 wa,  0.0 hi,  1.1 si,  0.1 st
%Cpu(s): 19.3 us,  5.8 sy,  0.0 ni, 74.3 id,  0.0 wa,  0.0 hi,  0.5 si,  0.1 st
%Cpu(s): 19.6 us,  6.9 sy,  0.0 ni, 72.5 id,  0.0 wa,  0.0 hi,  0.9 si,  0.1 st
%Cpu(s): 35.7 us,  6.6 sy,  0.0 ni, 56.1 id,  0.0 wa,  0.0 hi,  1.4 si,  0.3 st
%Cpu(s): 68.8 us,  8.0 sy,  0.0 ni, 20.7 id,  0.0 wa,  0.0 hi,  2.5 si,  0.0 st
%Cpu(s): 59.5 us,  8.0 sy,  0.0 ni, 31.1 id,  0.0 wa,  0.0 hi,  1.3 si,  0.1 st
%Cpu(s): 41.9 us,  6.7 sy,  0.0 ni, 50.1 id,  0.0 wa,  0.0 hi,  1.3 si,  0.0 st
%Cpu(s): 20.7 us,  5.4 sy,  0.0 ni, 72.4 id,  0.0 wa,  0.0 hi,  1.5 si,  0.0 st
%Cpu(s): 22.9 us,  5.8 sy,  0.0 ni, 69.9 id,  0.0 wa,  0.0 hi,  1.1 si,  0.3 st
%Cpu(s): 27.9 us,  6.9 sy,  0.0 ni, 64.2 id,  0.1 wa,  0.0 hi,  0.9 si,  0.0 st
%Cpu(s): 21.0 us,  6.1 sy,  0.0 ni, 71.4 id,  0.0 wa,  0.0 hi,  1.4 si,  0.1 st
%Cpu(s): 15.4 us,  6.5 sy,  0.0 ni, 77.2 id,  0.0 wa,  0.0 hi,  0.9 si,  0.0 st
%Cpu(s): 16.3 us,  7.6 sy,  0.0 ni, 75.2 id,  0.0 wa,  0.0 hi,  0.9 si,  0.1 st
%Cpu(s): 15.2 us,  6.1 sy,  0.0 ni, 77.9 id,  0.0 wa,  0.0 hi,  0.8 si,  0.0 st
%Cpu(s): 15.9 us,  6.6 sy,  0.0 ni, 76.4 id,  0.0 wa,  0.0 hi,  0.9 si,  0.1 st
%Cpu(s): 20.1 us,  5.1 sy,  0.0 ni, 73.6 id,  0.0 wa,  0.0 hi,  0.9 si,  0.3 st
%Cpu(s): 17.0 us,  6.1 sy,  0.0 ni, 76.3 id,  0.0 wa,  0.0 hi,  0.6 si,  0.0 st
%Cpu(s): 16.1 us,  6.6 sy,  0.0 ni, 76.5 id,  0.0 wa,  0.0 hi,  0.6 si,  0.1 st
%Cpu(s): 14.8 us,  6.3 sy,  0.0 ni, 77.7 id,  0.0 wa,  0.0 hi,  1.1 si,  0.1 st
%Cpu(s): 12.8 us,  5.8 sy,  0.0 ni, 80.4 id,  0.0 wa,  0.0 hi,  0.9 si,  0.0 st
%Cpu(s): 14.0 us,  6.5 sy,  0.0 ni, 78.6 id,  0.0 wa,  0.0 hi,  0.6 si,  0.3 st
%Cpu(s): 15.1 us,  7.0 sy,  0.0 ni, 76.9 id,  0.0 wa,  0.0 hi,  1.0 si,  0.0 st
%Cpu(s): 16.6 us,  7.1 sy,  0.0 ni, 75.2 id,  0.0 wa,  0.0 hi,  1.0 si,  0.1 st
%Cpu(s): 15.2 us,  6.0 sy,  0.0 ni, 77.6 id,  0.1 wa,  0.0 hi,  0.8 si,  0.3 st
%Cpu(s): 15.0 us,  5.9 sy,  0.0 ni, 78.1 id,  0.0 wa,  0.0 hi,  0.9 si,  0.1 st
%Cpu(s): 14.9 us,  6.3 sy,  0.0 ni, 77.7 id,  0.0 wa,  0.0 hi,  0.9 si,  0.3 st
%Cpu(s): 15.1 us,  6.9 sy,  0.0 ni, 77.0 id,  0.0 wa,  0.0 hi,  1.0 si,  0.0 st
%Cpu(s): 14.3 us,  6.0 sy,  0.0 ni, 79.0 id,  0.0 wa,  0.0 hi,  0.5 si,  0.1 st
%Cpu(s): 16.1 us,  5.7 sy,  0.0 ni, 77.3 id,  0.0 wa,  0.0 hi,  0.7 si,  0.1 st
%Cpu(s): 54.2 us,  6.8 sy,  0.0 ni, 37.4 id,  0.0 wa,  0.0 hi,  1.6 si,  0.0 st
%Cpu(s): 75.5 us,  8.4 sy,  0.0 ni, 14.0 id,  0.0 wa,  0.0 hi,  1.9 si,  0.2 st
%Cpu(s): 53.2 us,  8.1 sy,  0.0 ni, 36.7 id,  0.0 wa,  0.0 hi,  2.0 si,  0.0 st
%Cpu(s): 30.6 us,  7.9 sy,  0.0 ni, 60.6 id,  0.0 wa,  0.0 hi,  0.8 si,  0.1 st
%Cpu(s): 21.3 us,  6.5 sy,  0.0 ni, 71.2 id,  0.0 wa,  0.0 hi,  0.9 si,  0.1 st
%Cpu(s): 17.4 us,  7.9 sy,  0.0 ni, 73.9 id,  0.0 wa,  0.0 hi,  0.5 si,  0.3 st
%Cpu(s): 15.7 us,  7.2 sy,  0.0 ni, 75.3 id,  0.0 wa,  0.0 hi,  1.7 si,  0.1 st
%Cpu(s): 17.2 us,  7.4 sy,  0.0 ni, 74.3 id,  0.0 wa,  0.0 hi,  0.6 si,  0.4 st
%Cpu(s): 17.2 us,  7.1 sy,  0.0 ni, 74.7 id,  0.0 wa,  0.0 hi,  0.9 si,  0.1 st
%Cpu(s): 33.3 us,  8.6 sy,  0.0 ni, 56.6 id,  0.0 wa,  0.0 hi,  1.3 si,  0.1 st
%Cpu(s): 18.0 us,  6.7 sy,  0.0 ni, 74.5 id,  0.0 wa,  0.0 hi,  0.6 si,  0.1 st
%Cpu(s): 17.0 us,  8.3 sy,  0.0 ni, 74.1 id,  0.0 wa,  0.0 hi,  0.5 si,  0.1 st
%Cpu(s): 32.5 us,  6.6 sy,  0.0 ni, 60.2 id,  0.0 wa,  0.0 hi,  0.6 si,  0.1 st
%Cpu(s): 45.7 us,  7.3 sy,  0.0 ni, 45.7 id,  0.0 wa,  0.0 hi,  1.3 si,  0.1 st
%Cpu(s): 33.5 us,  6.8 sy,  0.0 ni, 58.7 id,  0.0 wa,  0.0 hi,  1.0 si,  0.0 st
%Cpu(s): 22.4 us,  6.2 sy,  0.0 ni, 70.1 id,  0.0 wa,  0.0 hi,  1.0 si,  0.3 st
%Cpu(s): 16.2 us,  6.6 sy,  0.0 ni, 76.4 id,  0.0 wa,  0.0 hi,  0.8 si,  0.0 st
%Cpu(s): 13.8 us,  6.7 sy,  0.0 ni, 78.2 id,  0.0 wa,  0.0 hi,  1.0 si,  0.3 st
%Cpu(s): 15.6 us,  5.6 sy,  0.0 ni, 78.1 id,  0.0 wa,  0.0 hi,  0.6 si,  0.1 st
