%Cpu(s): 10.6 us,  1.6 sy,  0.0 ni, 87.6 id,  0.0 wa,  0.0 hi,  0.2 si,  0.0 st
%Cpu(s):  1.3 us,  1.0 sy,  0.0 ni, 97.7 id,  0.0 wa,  0.0 hi,  0.0 si,  0.0 st
%Cpu(s):  1.1 us,  1.2 sy,  0.0 ni, 97.6 id,  0.0 wa,  0.0 hi,  0.0 si,  0.0 st
%Cpu(s):  0.9 us,  0.6 sy,  0.0 ni, 98.5 id,  0.0 wa,  0.0 hi,  0.0 si,  0.0 st
%Cpu(s):  1.0 us,  0.4 sy,  0.0 ni, 98.5 id,  0.0 wa,  0.0 hi,  0.0 si,  0.1 st
%Cpu(s):  5.3 us,  1.5 sy,  0.0 ni, 93.1 id,  0.0 wa,  0.0 hi,  0.1 si,  0.0 st
%Cpu(s): 44.0 us,  2.9 sy,  0.0 ni, 52.8 id,  0.0 wa,  0.0 hi,  0.2 si,  0.1 st
%Cpu(s): 89.5 us,  6.8 sy,  0.0 ni,  2.9 id,  0.0 wa,  0.0 hi,  0.9 si,  0.0 st
%Cpu(s): 88.5 us,  9.0 sy,  0.0 ni,  0.7 id,  0.0 wa,  0.0 hi,  1.7 si,  0.0 st
%Cpu(s): 88.4 us,  9.6 sy,  0.0 ni,  0.2 id,  0.0 wa,  0.0 hi,  1.7 si,  0.0 st
%Cpu(s): 89.2 us,  9.3 sy,  0.0 ni,  0.0 id,  0.0 wa,  0.0 hi,  1.5 si,  0.0 st
%Cpu(s): 90.3 us,  7.8 sy,  0.0 ni,  0.1 id,  0.0 wa,  0.0 hi,  1.7 si,  0.0 st
%Cpu(s): 88.4 us,  9.5 sy,  0.0 ni,  0.6 id,  0.0 wa,  0.0 hi,  1.5 si,  0.0 st
%Cpu(s): 78.2 us,  8.2 sy,  0.0 ni, 12.1 id,  0.0 wa,  0.0 hi,  1.5 si,  0.0 st
%Cpu(s): 63.7 us,  7.0 sy,  0.0 ni, 27.7 id,  0.0 wa,  0.0 hi,  1.5 si,  0.0 st
%Cpu(s): 38.1 us,  6.2 sy,  0.0 ni, 54.1 id,  0.0 wa,  0.0 hi,  1.5 si,  0.0 st
%Cpu(s): 24.6 us,  4.7 sy,  0.0 ni, 69.8 id,  0.0 wa,  0.0 hi,  0.9 si,  0.0 st
%Cpu(s): 35.5 us,  5.8 sy,  0.0 ni, 57.3 id,  0.0 wa,  0.0 hi,  1.4 si,  0.0 st
%Cpu(s): 27.5 us,  6.6 sy,  0.0 ni, 65.1 id,  0.0 wa,  0.0 hi,  0.8 si,  0.0 st
%Cpu(s): 23.0 us,  6.5 sy,  0.0 ni, 69.5 id,  0.0 wa,  0.0 hi,  1.0 si,  0.0 st
%Cpu(s): 13.9 us,  5.5 sy,  0.0 ni, 79.3 id,  0.0 wa,  0.0 hi,  1.3 si,  0.0 st
%Cpu(s): 20.1 us,  5.5 sy,  0.0 ni, 72.9 id,  0.0 wa,  0.0 hi,  1.4 si,  0.1 st
%Cpu(s): 12.0 us,  5.4 sy,  0.0 ni, 81.3 id,  0.0 wa,  0.0 hi,  1.1 si,  0.1 st
%Cpu(s): 17.1 us,  6.4 sy,  0.0 ni, 74.9 id,  0.0 wa,  0.0 hi,  1.5 si,  0.0 st
%Cpu(s): 13.6 us,  6.1 sy,  0.0 ni, 79.1 id,  0.0 wa,  0.0 hi,  1.1 si,  0.0 st
%Cpu(s): 10.7 us,  5.8 sy,  0.0 ni, 82.8 id,  0.0 wa,  0.0 hi,  0.5 si,  0.1 st
%Cpu(s): 10.3 us,  5.1 sy,  0.0 ni, 83.4 id,  0.0 wa,  0.0 hi,  1.2 si,  0.0 st
%Cpu(s):  9.1 us,  5.9 sy,  0.0 ni, 83.5 id,  0.0 wa,  0.0 hi,  1.5 si,  0.0 st
%Cpu(s): 12.2 us,  6.7 sy,  0.0 ni, 80.1 id,  0.0 wa,  0.0 hi,  1.0 si,  0.0 st
%Cpu(s):  9.7 us,  5.9 sy,  0.0 ni, 83.4 id,  0.0 wa,  0.0 hi,  0.9 si,  0.0 st
%Cpu(s):  9.7 us,  6.4 sy,  0.0 ni, 83.3 id,  0.0 wa,  0.0 hi,  0.6 si,  0.0 st
%Cpu(s):  8.6 us,  7.1 sy,  0.0 ni, 83.2 id,  0.0 wa,  0.0 hi,  0.9 si,  0.1 st
%Cpu(s): 10.4 us,  5.9 sy,  0.0 ni, 82.7 id,  0.0 wa,  0.0 hi,  1.0 si,  0.0 st
%Cpu(s): 10.4 us,  5.7 sy,  0.0 ni, 82.7 id,  0.0 wa,  0.0 hi,  1.1 si,  0.0 st
%Cpu(s): 10.4 us,  5.7 sy,  0.0 ni, 82.8 id,  0.0 wa,  0.0 hi,  1.2 si,  0.0 st
%Cpu(s): 10.3 us,  5.5 sy,  0.0 ni, 83.6 id,  0.0 wa,  0.0 hi,  0.5 si,  0.1 st
%Cpu(s): 16.0 us,  6.1 sy,  0.0 ni, 76.7 id,  0.0 wa,  0.0 hi,  1.1 si,  0.0 st
%Cpu(s): 25.9 us,  6.1 sy,  0.0 ni, 67.3 id,  0.0 wa,  0.0 hi,  0.8 si,  0.0 st
%Cpu(s): 11.8 us,  6.9 sy,  0.0 ni, 80.4 id,  0.0 wa,  0.0 hi,  0.9 si,  0.0 st
%Cpu(s): 16.2 us,  6.7 sy,  0.0 ni, 76.0 id,  0.0 wa,  0.0 hi,  1.0 si,  0.0 st
%Cpu(s): 25.8 us,  6.1 sy,  0.0 ni, 67.4 id,  0.0 wa,  0.0 hi,  0.7 si,  0.0 st
%Cpu(s): 11.1 us,  6.6 sy,  0.0 ni, 81.1 id,  0.0 wa,  0.0 hi,  1.3 si,  0.0 st
%Cpu(s):  7.9 us,  6.9 sy,  0.0 ni, 83.9 id,  0.0 wa,  0.0 hi,  1.1 si,  0.1 st
%Cpu(s):  9.4 us,  5.7 sy,  0.0 ni, 83.3 id,  0.1 wa,  0.0 hi,  1.4 si,  0.0 st
%Cpu(s):  9.3 us,  5.7 sy,  0.0 ni, 84.1 id,  0.0 wa,  0.0 hi,  1.0 si,  0.0 st
%Cpu(s): 10.3 us,  6.1 sy,  0.0 ni, 82.8 id,  0.0 wa,  0.0 hi,  0.8 si,  0.0 st
%Cpu(s):  9.8 us,  6.8 sy,  0.0 ni, 82.6 id,  0.0 wa,  0.0 hi,  0.8 si,  0.0 st
%Cpu(s):  7.8 us,  5.8 sy,  0.0 ni, 85.0 id,  0.0 wa,  0.0 hi,  1.3 si,  0.1 st
%Cpu(s):  9.0 us,  6.6 sy,  0.0 ni, 83.1 id,  0.0 wa,  0.0 hi,  1.3 si,  0.0 st
%Cpu(s):  9.6 us,  6.9 sy,  0.0 ni, 82.3 id,  0.0 wa,  0.0 hi,  1.3 si,  0.0 st
%Cpu(s): 10.4 us,  6.4 sy,  0.0 ni, 82.4 id,  0.0 wa,  0.0 hi,  0.8 si,  0.0 st
%Cpu(s): 12.1 us,  6.6 sy,  0.0 ni, 79.9 id,  0.0 wa,  0.0 hi,  1.4 si,  0.0 st
%Cpu(s): 10.4 us,  6.3 sy,  0.0 ni, 82.3 id,  0.0 wa,  0.0 hi,  0.8 si,  0.1 st
%Cpu(s): 11.0 us,  7.8 sy,  0.0 ni, 80.1 id,  0.0 wa,  0.0 hi,  0.9 si,  0.1 st
%Cpu(s):  9.4 us,  6.2 sy,  0.0 ni, 83.3 id,  0.0 wa,  0.0 hi,  1.2 si,  0.0 st
%Cpu(s):  9.9 us,  5.2 sy,  0.0 ni, 84.1 id,  0.0 wa,  0.0 hi,  0.8 si,  0.0 st
%Cpu(s):  9.2 us,  5.8 sy,  0.0 ni, 84.3 id,  0.0 wa,  0.0 hi,  0.8 si,  0.0 st
%Cpu(s):  9.2 us,  5.4 sy,  0.0 ni, 84.4 id,  0.0 wa,  0.0 hi,  0.9 si,  0.0 st
%Cpu(s):  9.2 us,  6.0 sy,  0.0 ni, 83.6 id,  0.1 wa,  0.0 hi,  1.0 si,  0.1 st
%Cpu(s):  9.4 us,  5.4 sy,  0.0 ni, 84.5 id,  0.0 wa,  0.0 hi,  0.6 si,  0.0 st
%Cpu(s):  9.9 us,  6.6 sy,  0.0 ni, 82.4 id,  0.0 wa,  0.0 hi,  1.1 si,  0.0 st
%Cpu(s): 10.5 us,  6.5 sy,  0.0 ni, 82.1 id,  0.0 wa,  0.0 hi,  0.9 si,  0.0 st
%Cpu(s):  9.3 us,  6.8 sy,  0.0 ni, 82.5 id,  0.0 wa,  0.0 hi,  1.4 si,  0.0 st
%Cpu(s): 10.3 us,  6.4 sy,  0.0 ni, 82.2 id,  0.0 wa,  0.0 hi,  1.0 si,  0.0 st
%Cpu(s):  9.9 us,  7.0 sy,  0.0 ni, 82.0 id,  0.0 wa,  0.0 hi,  1.0 si,  0.1 st
%Cpu(s): 11.1 us,  6.8 sy,  0.0 ni, 81.4 id,  0.0 wa,  0.0 hi,  0.8 si,  0.0 st
%Cpu(s): 50.3 us,  8.4 sy,  0.0 ni, 39.2 id,  0.0 wa,  0.0 hi,  2.1 si,  0.0 st
%Cpu(s): 78.4 us,  7.8 sy,  0.0 ni, 12.1 id,  0.0 wa,  0.0 hi,  1.8 si,  0.0 st
%Cpu(s): 43.3 us,  7.3 sy,  0.0 ni, 48.4 id,  0.0 wa,  0.0 hi,  1.0 si,  0.0 st
%Cpu(s): 14.9 us,  7.2 sy,  0.0 ni, 76.4 id,  0.0 wa,  0.0 hi,  1.5 si,  0.0 st
%Cpu(s): 11.2 us,  6.6 sy,  0.0 ni, 81.3 id,  0.0 wa,  0.0 hi,  0.9 si,  0.0 st
%Cpu(s): 10.1 us,  7.6 sy,  0.0 ni, 81.1 id,  0.0 wa,  0.0 hi,  1.3 si,  0.0 st
%Cpu(s): 17.3 us,  6.4 sy,  0.0 ni, 75.1 id,  0.0 wa,  0.0 hi,  1.2 si,  0.0 st
%Cpu(s): 15.5 us,  8.1 sy,  0.0 ni, 75.6 id,  0.0 wa,  0.0 hi,  0.9 si,  0.0 st
%Cpu(s): 17.9 us,  6.7 sy,  0.0 ni, 74.3 id,  0.0 wa,  0.0 hi,  1.0 si,  0.1 st
%Cpu(s): 14.2 us,  5.9 sy,  0.0 ni, 79.2 id,  0.0 wa,  0.0 hi,  0.6 si,  0.1 st
%Cpu(s): 14.8 us,  6.1 sy,  0.0 ni, 78.4 id,  0.0 wa,  0.0 hi,  0.6 si,  0.1 st
%Cpu(s): 15.3 us,  6.7 sy,  0.0 ni, 77.6 id,  0.0 wa,  0.0 hi,  0.4 si,  0.0 st
%Cpu(s): 15.9 us,  6.7 sy,  0.0 ni, 76.6 id,  0.3 wa,  0.0 hi,  0.6 si,  0.0 st
%Cpu(s): 15.1 us,  7.5 sy,  0.0 ni, 76.1 id,  0.0 wa,  0.0 hi,  1.3 si,  0.0 st
%Cpu(s): 14.9 us,  8.6 sy,  0.0 ni, 75.8 id,  0.0 wa,  0.0 hi,  0.6 si,  0.0 st
%Cpu(s): 21.2 us,  9.4 sy,  0.0 ni, 68.0 id,  0.0 wa,  0.0 hi,  1.4 si,  0.0 st
