%Cpu(s):  2.9 us,  1.8 sy,  0.0 ni, 95.0 id,  0.0 wa,  0.0 hi,  0.2 si,  0.0 st
%Cpu(s):  0.2 us,  0.1 sy,  0.0 ni, 99.6 id,  0.0 wa,  0.0 hi,  0.0 si,  0.0 st
%Cpu(s):  0.1 us,  0.1 sy,  0.0 ni, 99.8 id,  0.0 wa,  0.0 hi,  0.0 si,  0.0 st
%Cpu(s):  0.1 us,  0.2 sy,  0.0 ni, 99.6 id,  0.0 wa,  0.0 hi,  0.0 si,  0.0 st
%Cpu(s):  6.3 us,  0.5 sy,  0.0 ni, 93.1 id,  0.1 wa,  0.0 hi,  0.0 si,  0.0 st
%Cpu(s): 38.4 us,  4.8 sy,  0.0 ni, 56.4 id,  0.0 wa,  0.0 hi,  0.3 si,  0.1 st
%Cpu(s): 38.0 us,  4.3 sy,  0.0 ni, 57.1 id,  0.0 wa,  0.0 hi,  0.5 si,  0.1 st
%Cpu(s): 31.9 us,  4.2 sy,  0.0 ni, 63.6 id,  0.0 wa,  0.0 hi,  0.3 si,  0.0 st
%Cpu(s): 32.2 us,  4.7 sy,  0.0 ni, 62.4 id,  0.0 wa,  0.0 hi,  0.7 si,  0.0 st
%Cpu(s): 23.4 us,  7.0 sy,  0.0 ni, 68.0 id,  0.0 wa,  0.0 hi,  1.6 si,  0.0 st
%Cpu(s): 11.2 us,  6.4 sy,  0.0 ni, 80.8 id,  0.1 wa,  0.0 hi,  1.5 si,  0.0 st
%Cpu(s): 14.4 us,  6.4 sy,  0.0 ni, 77.8 id,  0.0 wa,  0.0 hi,  1.4 si,  0.0 st
%Cpu(s): 10.7 us,  6.8 sy,  0.0 ni, 81.1 id,  0.0 wa,  0.0 hi,  1.4 si,  0.0 st
%Cpu(s):  8.6 us,  8.9 sy,  0.0 ni, 81.4 id,  0.0 wa,  0.0 hi,  1.1 si,  0.0 st
%Cpu(s):  9.3 us,  7.1 sy,  0.0 ni, 82.0 id,  0.0 wa,  0.0 hi,  1.5 si,  0.1 st
%Cpu(s):  9.3 us,  6.6 sy,  0.0 ni, 82.1 id,  0.0 wa,  0.0 hi,  2.0 si,  0.0 st
%Cpu(s):  8.6 us,  6.4 sy,  0.0 ni, 83.2 id,  0.0 wa,  0.0 hi,  1.8 si,  0.0 st
%Cpu(s):  9.3 us,  6.6 sy,  0.0 ni, 82.8 id,  0.0 wa,  0.0 hi,  1.3 si,  0.0 st
%Cpu(s): 10.2 us,  7.6 sy,  0.0 ni, 80.7 id,  0.0 wa,  0.0 hi,  1.5 si,  0.0 st
%Cpu(s):  9.6 us,  7.6 sy,  0.0 ni, 81.8 id,  0.0 wa,  0.0 hi,  1.0 si,  0.0 st
%Cpu(s): 12.2 us,  7.2 sy,  0.0 ni, 79.0 id,  0.1 wa,  0.0 hi,  1.5 si,  0.0 st
%Cpu(s):  9.0 us,  6.8 sy,  0.0 ni, 82.8 id,  0.0 wa,  0.0 hi,  1.4 si,  0.0 st
%Cpu(s):  9.7 us,  6.4 sy,  0.0 ni, 83.2 id,  0.0 wa,  0.0 hi,  0.6 si,  0.0 st
%Cpu(s): 10.4 us,  7.0 sy,  0.0 ni, 81.3 id,  0.0 wa,  0.0 hi,  1.4 si,  0.0 st
%Cpu(s):  9.1 us,  7.8 sy,  0.0 ni, 81.5 id,  0.0 wa,  0.0 hi,  1.6 si,  0.0 st
%Cpu(s):  9.9 us,  6.2 sy,  0.0 ni, 82.4 id,  0.1 wa,  0.0 hi,  1.4 si,  0.0 st
%Cpu(s):  9.2 us,  7.8 sy,  0.0 ni, 81.3 id,  0.0 wa,  0.0 hi,  1.6 si,  0.1 st
%Cpu(s): 10.1 us,  7.1 sy,  0.0 ni, 80.8 id,  0.0 wa,  0.0 hi,  2.0 si,  0.0 st
%Cpu(s): 10.2 us,  8.6 sy,  0.0 ni, 79.8 id,  0.0 wa,  0.0 hi,  1.4 si,  0.0 st
%Cpu(s):  9.4 us,  8.3 sy,  0.0 ni, 80.6 id,  0.0 wa,  0.0 hi,  1.6 si,  0.0 st
%Cpu(s):  9.2 us,  7.5 sy,  0.0 ni, 81.5 id,  0.0 wa,  0.0 hi,  1.8 si,  0.0 st
%Cpu(s):  9.6 us,  8.1 sy,  0.0 ni, 80.0 id,  0.0 wa,  0.0 hi,  2.3 si,  0.0 st
%Cpu(s): 10.1 us,  8.0 sy,  0.0 ni, 80.2 id,  0.0 wa,  0.0 hi,  1.8 si,  0.0 st
%Cpu(s):  9.3 us,  7.6 sy,  0.0 ni, 81.0 id,  0.0 wa,  0.0 hi,  2.2 si,  0.0 st
%Cpu(s):  8.8 us,  8.2 sy,  0.0 ni, 81.8 id,  0.0 wa,  0.0 hi,  1.2 si,  0.0 st
%Cpu(s):  9.2 us,  8.0 sy,  0.0 ni, 82.3 id,  0.0 wa,  0.0 hi,  0.5 si,  0.0 st
%Cpu(s):  9.8 us,  8.5 sy,  0.0 ni, 81.5 id,  0.0 wa,  0.0 hi,  0.1 si,  0.0 st
%Cpu(s):  8.8 us,  9.6 sy,  0.0 ni, 81.4 id,  0.0 wa,  0.0 hi,  0.1 si,  0.0 st
%Cpu(s): 22.6 us,  7.6 sy,  0.0 ni, 69.6 id,  0.0 wa,  0.0 hi,  0.3 si,  0.0 st
%Cpu(s): 16.8 us,  8.7 sy,  0.0 ni, 73.8 id,  0.5 wa,  0.0 hi,  0.3 si,  0.0 st
%Cpu(s): 10.0 us,  8.4 sy,  0.0 ni, 81.5 id,  0.0 wa,  0.0 hi,  0.1 si,  0.0 st
%Cpu(s): 10.1 us,  8.8 sy,  0.0 ni, 80.8 id,  0.0 wa,  0.0 hi,  0.3 si,  0.0 st
%Cpu(s):  8.4 us,  8.9 sy,  0.0 ni, 82.0 id,  0.0 wa,  0.0 hi,  0.6 si,  0.0 st
%Cpu(s):  9.4 us,  7.5 sy,  0.0 ni, 82.9 id,  0.0 wa,  0.0 hi,  0.0 si,  0.1 st
%Cpu(s):  8.6 us,  8.5 sy,  0.0 ni, 82.3 id,  0.0 wa,  0.0 hi,  0.6 si,  0.0 st
%Cpu(s):  9.8 us,  8.6 sy,  0.0 ni, 81.4 id,  0.0 wa,  0.0 hi,  0.1 si,  0.0 st
%Cpu(s):  8.5 us,  8.0 sy,  0.0 ni, 83.4 id,  0.0 wa,  0.0 hi,  0.1 si,  0.0 st
%Cpu(s):  8.6 us,  8.4 sy,  0.0 ni, 82.6 id,  0.0 wa,  0.0 hi,  0.4 si,  0.0 st
%Cpu(s):  8.8 us,  8.0 sy,  0.0 ni, 82.7 id,  0.0 wa,  0.0 hi,  0.5 si,  0.0 st
%Cpu(s): 10.3 us,  8.9 sy,  0.0 ni, 80.5 id,  0.0 wa,  0.0 hi,  0.2 si,  0.0 st
%Cpu(s):  9.7 us,  7.2 sy,  0.0 ni, 82.7 id,  0.1 wa,  0.0 hi,  0.3 si,  0.0 st
%Cpu(s): 11.0 us,  8.9 sy,  0.0 ni, 78.5 id,  0.0 wa,  0.0 hi,  1.6 si,  0.0 st
%Cpu(s): 11.2 us,  7.5 sy,  0.0 ni, 81.0 id,  0.0 wa,  0.0 hi,  0.3 si,  0.0 st
%Cpu(s): 10.7 us,  8.2 sy,  0.0 ni, 80.6 id,  0.0 wa,  0.0 hi,  0.4 si,  0.1 st
%Cpu(s):  9.5 us,  7.2 sy,  0.0 ni, 83.0 id,  0.0 wa,  0.0 hi,  0.3 si,  0.0 st
%Cpu(s): 10.1 us,  9.1 sy,  0.0 ni, 80.7 id,  0.0 wa,  0.0 hi,  0.1 si,  0.0 st
%Cpu(s):  9.5 us,  8.5 sy,  0.0 ni, 81.7 id,  0.0 wa,  0.0 hi,  0.3 si,  0.0 st
%Cpu(s):  9.6 us,  8.2 sy,  0.0 ni, 81.9 id,  0.0 wa,  0.0 hi,  0.3 si,  0.0 st
%Cpu(s):  9.7 us,  7.7 sy,  0.0 ni, 82.3 id,  0.0 wa,  0.0 hi,  0.3 si,  0.0 st
%Cpu(s):  9.0 us,  8.1 sy,  0.0 ni, 82.6 id,  0.0 wa,  0.0 hi,  0.4 si,  0.0 st
%Cpu(s): 12.6 us,  7.7 sy,  0.0 ni, 79.2 id,  0.1 wa,  0.0 hi,  0.4 si,  0.0 st
%Cpu(s):  7.4 us,  6.1 sy,  0.0 ni, 86.4 id,  0.0 wa,  0.0 hi,  0.1 si,  0.0 st
%Cpu(s):  6.2 us,  6.0 sy,  0.0 ni, 87.6 id,  0.0 wa,  0.0 hi,  0.1 si,  0.0 st
%Cpu(s):  5.9 us,  6.5 sy,  0.0 ni, 87.7 id,  0.0 wa,  0.0 hi,  0.0 si,  0.0 st
%Cpu(s):  6.0 us,  5.7 sy,  0.0 ni, 88.3 id,  0.0 wa,  0.0 hi,  0.0 si,  0.0 st
%Cpu(s):  5.8 us,  6.3 sy,  0.0 ni, 87.7 id,  0.0 wa,  0.0 hi,  0.1 si,  0.0 st
%Cpu(s):  6.6 us,  6.1 sy,  0.0 ni, 87.3 id,  0.0 wa,  0.0 hi,  0.0 si,  0.0 st
%Cpu(s):  5.6 us,  5.2 sy,  0.0 ni, 89.1 id,  0.0 wa,  0.0 hi,  0.0 si,  0.0 st
%Cpu(s):  4.8 us,  4.8 sy,  0.0 ni, 90.2 id,  0.0 wa,  0.0 hi,  0.1 si,  0.0 st
%Cpu(s):  4.8 us,  5.5 sy,  0.0 ni, 89.7 id,  0.0 wa,  0.0 hi,  0.0 si,  0.0 st
%Cpu(s):  4.4 us,  4.4 sy,  0.0 ni, 91.1 id,  0.0 wa,  0.0 hi,  0.1 si,  0.0 st
%Cpu(s):  4.7 us,  4.3 sy,  0.0 ni, 91.0 id,  0.0 wa,  0.0 hi,  0.0 si,  0.0 st
%Cpu(s):  5.5 us,  5.3 sy,  0.0 ni, 89.1 id,  0.0 wa,  0.0 hi,  0.1 si,  0.0 st
%Cpu(s):  3.3 us,  3.8 sy,  0.0 ni, 92.9 id,  0.0 wa,  0.0 hi,  0.0 si,  0.0 st
%Cpu(s):  3.3 us,  2.8 sy,  0.0 ni, 94.0 id,  0.0 wa,  0.0 hi,  0.0 si,  0.0 st
%Cpu(s):  2.9 us,  2.5 sy,  0.0 ni, 94.5 id,  0.1 wa,  0.0 hi,  0.0 si,  0.0 st
%Cpu(s):  1.0 us,  1.4 sy,  0.0 ni, 97.4 id,  0.0 wa,  0.0 hi,  0.0 si,  0.3 st
%Cpu(s):  1.4 us,  1.1 sy,  0.0 ni, 97.5 id,  0.0 wa,  0.0 hi,  0.0 si,  0.0 st
%Cpu(s):  1.5 us,  1.0 sy,  0.0 ni, 97.1 id,  0.0 wa,  0.0 hi,  0.1 si,  0.2 st
%Cpu(s):  0.2 us,  0.1 sy,  0.0 ni, 99.6 id,  0.0 wa,  0.0 hi,  0.0 si,  0.0 st
%Cpu(s):  0.1 us,  0.1 sy,  0.0 ni, 99.8 id,  0.0 wa,  0.0 hi,  0.0 si,  0.0 st
%Cpu(s):  0.1 us,  0.1 sy,  0.0 ni, 99.8 id,  0.0 wa,  0.0 hi,  0.0 si,  0.0 st
%Cpu(s):  0.6 us,  0.1 sy,  0.0 ni, 99.3 id,  0.0 wa,  0.0 hi,  0.0 si,  0.0 st
