%Cpu(s):  1.7 us,  1.0 sy,  0.0 ni, 97.2 id,  0.0 wa,  0.0 hi,  0.1 si,  0.0 st
%Cpu(s):  0.2 us,  0.0 sy,  0.0 ni, 99.8 id,  0.0 wa,  0.0 hi,  0.0 si,  0.0 st
%Cpu(s):  0.1 us,  0.1 sy,  0.0 ni, 99.8 id,  0.0 wa,  0.0 hi,  0.0 si,  0.0 st
%Cpu(s):  0.2 us,  0.1 sy,  0.0 ni, 99.6 id,  0.0 wa,  0.0 hi,  0.0 si,  0.0 st
%Cpu(s): 19.0 us,  2.1 sy,  0.0 ni, 78.5 id,  0.1 wa,  0.0 hi,  0.2 si,  0.0 st
%Cpu(s): 48.0 us,  6.3 sy,  0.0 ni, 44.8 id,  0.0 wa,  0.0 hi,  0.9 si,  0.0 st
%Cpu(s): 46.6 us,  5.9 sy,  0.0 ni, 46.7 id,  0.0 wa,  0.0 hi,  0.6 si,  0.1 st
%Cpu(s): 37.8 us,  6.9 sy,  0.0 ni, 53.6 id,  0.0 wa,  0.0 hi,  1.7 si,  0.0 st
%Cpu(s): 10.4 us,  6.4 sy,  0.0 ni, 81.8 id,  0.0 wa,  0.0 hi,  1.3 si,  0.1 st
%Cpu(s):  8.9 us,  6.1 sy,  0.0 ni, 84.0 id,  0.0 wa,  0.0 hi,  1.0 si,  0.0 st
%Cpu(s):  9.4 us,  6.3 sy,  0.0 ni, 83.5 id,  0.0 wa,  0.0 hi,  0.7 si,  0.0 st
%Cpu(s):  8.6 us,  5.7 sy,  0.0 ni, 84.9 id,  0.0 wa,  0.0 hi,  0.7 si,  0.0 st
%Cpu(s):  7.9 us,  6.2 sy,  0.0 ni, 84.8 id,  0.0 wa,  0.0 hi,  1.1 si,  0.0 st
%Cpu(s):  8.5 us,  5.8 sy,  0.0 ni, 84.6 id,  0.0 wa,  0.0 hi,  1.1 si,  0.0 st
%Cpu(s):  9.6 us,  5.8 sy,  0.0 ni, 83.7 id,  0.0 wa,  0.0 hi,  0.7 si,  0.1 st
%Cpu(s): 10.6 us,  5.7 sy,  0.0 ni, 82.6 id,  0.0 wa,  0.0 hi,  1.0 si,  0.1 st
%Cpu(s):  8.5 us,  5.8 sy,  0.0 ni, 84.4 id,  0.0 wa,  0.0 hi,  1.3 si,  0.0 st
%Cpu(s):  8.3 us,  5.2 sy,  0.0 ni, 85.6 id,  0.0 wa,  0.0 hi,  0.8 si,  0.1 st
%Cpu(s):  7.7 us,  6.5 sy,  0.0 ni, 84.9 id,  0.0 wa,  0.0 hi,  1.0 si,  0.0 st
%Cpu(s):  7.9 us,  6.2 sy,  0.0 ni, 85.1 id,  0.0 wa,  0.0 hi,  0.7 si,  0.1 st
%Cpu(s):  8.0 us,  6.0 sy,  0.0 ni, 84.6 id,  0.0 wa,  0.0 hi,  1.4 si,  0.0 st
%Cpu(s):  8.2 us,  6.6 sy,  0.0 ni, 84.0 id,  0.0 wa,  0.0 hi,  1.0 si,  0.1 st
%Cpu(s):  7.0 us,  6.6 sy,  0.0 ni, 85.1 id,  0.0 wa,  0.0 hi,  1.3 si,  0.0 st
%Cpu(s):  8.0 us,  6.1 sy,  0.0 ni, 84.7 id,  0.0 wa,  0.0 hi,  1.2 si,  0.0 st
%Cpu(s):  8.2 us,  5.9 sy,  0.0 ni, 84.4 id,  0.0 wa,  0.0 hi,  1.4 si,  0.1 st
%Cpu(s):  9.6 us,  7.2 sy,  0.0 ni, 82.1 id,  0.1 wa,  0.0 hi,  1.0 si,  0.0 st
%Cpu(s):  8.9 us,  7.1 sy,  0.0 ni, 82.3 id,  0.0 wa,  0.0 hi,  1.2 si,  0.5 st
%Cpu(s): 10.0 us,  6.9 sy,  0.0 ni, 82.0 id,  0.0 wa,  0.0 hi,  1.0 si,  0.1 st
%Cpu(s):  8.2 us,  6.3 sy,  0.0 ni, 84.4 id,  0.0 wa,  0.0 hi,  0.9 si,  0.3 st
%Cpu(s):  8.2 us,  7.4 sy,  0.0 ni, 83.1 id,  0.0 wa,  0.0 hi,  1.4 si,  0.0 st
%Cpu(s):  8.4 us,  6.0 sy,  0.0 ni, 84.3 id,  0.0 wa,  0.0 hi,  1.2 si,  0.1 st
%Cpu(s):  9.5 us,  5.3 sy,  0.0 ni, 84.2 id,  0.0 wa,  0.0 hi,  1.0 si,  0.0 st
%Cpu(s):  8.6 us,  6.7 sy,  0.0 ni, 83.5 id,  0.0 wa,  0.0 hi,  1.2 si,  0.0 st
%Cpu(s):  9.0 us,  6.2 sy,  0.0 ni, 83.7 id,  0.0 wa,  0.0 hi,  1.1 si,  0.0 st
%Cpu(s): 23.0 us,  5.6 sy,  0.0 ni, 71.2 id,  0.0 wa,  0.0 hi,  0.3 si,  0.0 st
%Cpu(s):  7.9 us,  6.3 sy,  0.0 ni, 85.1 id,  0.1 wa,  0.0 hi,  0.6 si,  0.0 st
%Cpu(s):  8.1 us,  5.4 sy,  0.0 ni, 86.3 id,  0.1 wa,  0.0 hi,  0.0 si,  0.1 st
%Cpu(s):  7.5 us,  5.3 sy,  0.0 ni, 87.2 id,  0.0 wa,  0.0 hi,  0.0 si,  0.0 st
%Cpu(s):  7.8 us,  5.6 sy,  0.0 ni, 86.7 id,  0.0 wa,  0.0 hi,  0.0 si,  0.0 st
%Cpu(s):  8.0 us,  7.1 sy,  0.0 ni, 84.6 id,  0.0 wa,  0.0 hi,  0.3 si,  0.0 st
%Cpu(s):  7.3 us,  6.6 sy,  0.0 ni, 86.0 id,  0.0 wa,  0.0 hi,  0.0 si,  0.1 st
%Cpu(s):  9.3 us,  6.5 sy,  0.0 ni, 84.0 id,  0.0 wa,  0.0 hi,  0.1 si,  0.0 st
%Cpu(s):  9.0 us,  5.6 sy,  0.0 ni, 85.1 id,  0.0 wa,  0.0 hi,  0.1 si,  0.1 st
%Cpu(s):  8.4 us,  7.0 sy,  0.0 ni, 84.4 id,  0.0 wa,  0.0 hi,  0.1 si,  0.0 st
%Cpu(s):  8.8 us,  5.8 sy,  0.0 ni, 85.4 id,  0.0 wa,  0.0 hi,  0.0 si,  0.0 st
%Cpu(s): 10.1 us,  5.5 sy,  0.0 ni, 84.2 id,  0.1 wa,  0.0 hi,  0.0 si,  0.0 st
%Cpu(s):  8.7 us,  6.1 sy,  0.0 ni, 85.0 id,  0.0 wa,  0.0 hi,  0.2 si,  0.0 st
%Cpu(s):  8.8 us,  6.3 sy,  0.0 ni, 83.8 id,  0.0 wa,  0.0 hi,  1.1 si,  0.0 st
%Cpu(s):  8.1 us,  5.9 sy,  0.0 ni, 84.8 id,  0.0 wa,  0.0 hi,  1.3 si,  0.0 st
%Cpu(s):  7.4 us,  6.2 sy,  0.0 ni, 85.7 id,  0.0 wa,  0.0 hi,  0.6 si,  0.1 st
%Cpu(s):  7.3 us,  5.8 sy,  0.0 ni, 85.6 id,  0.1 wa,  0.0 hi,  1.1 si,  0.1 st
%Cpu(s):  7.5 us,  6.3 sy,  0.0 ni, 85.2 id,  0.0 wa,  0.0 hi,  1.0 si,  0.0 st
%Cpu(s):  7.3 us,  5.5 sy,  0.0 ni, 85.9 id,  0.0 wa,  0.0 hi,  1.3 si,  0.0 st
%Cpu(s):  6.1 us,  5.8 sy,  0.0 ni, 87.0 id,  0.0 wa,  0.0 hi,  1.1 si,  0.0 st
%Cpu(s):  6.9 us,  5.7 sy,  0.0 ni, 86.2 id,  0.0 wa,  0.0 hi,  1.1 si,  0.1 st
%Cpu(s):  6.4 us,  5.2 sy,  0.0 ni, 87.4 id,  0.0 wa,  0.0 hi,  1.0 si,  0.0 st
%Cpu(s):  8.6 us,  5.5 sy,  0.0 ni, 84.9 id,  0.0 wa,  0.0 hi,  0.9 si,  0.1 st
%Cpu(s):  7.5 us,  7.9 sy,  0.0 ni, 84.3 id,  0.0 wa,  0.0 hi,  0.1 si,  0.1 st
%Cpu(s):  7.9 us,  6.6 sy,  0.0 ni, 85.3 id,  0.0 wa,  0.0 hi,  0.0 si,  0.1 st
%Cpu(s): 10.9 us,  7.1 sy,  0.0 ni, 81.7 id,  0.0 wa,  0.0 hi,  0.2 si,  0.0 st
%Cpu(s):  5.5 us,  4.1 sy,  0.0 ni, 89.2 id,  0.0 wa,  0.0 hi,  1.1 si,  0.0 st
%Cpu(s):  4.0 us,  4.5 sy,  0.0 ni, 90.5 id,  0.0 wa,  0.0 hi,  1.0 si,  0.0 st
%Cpu(s):  4.0 us,  4.1 sy,  0.0 ni, 91.0 id,  0.0 wa,  0.0 hi,  0.9 si,  0.0 st
%Cpu(s):  5.0 us,  3.9 sy,  0.0 ni, 90.5 id,  0.0 wa,  0.0 hi,  0.6 si,  0.0 st
%Cpu(s):  4.4 us,  3.6 sy,  0.0 ni, 91.1 id,  0.0 wa,  0.0 hi,  0.9 si,  0.0 st
%Cpu(s):  4.0 us,  4.3 sy,  0.0 ni, 90.9 id,  0.0 wa,  0.0 hi,  0.6 si,  0.1 st
%Cpu(s):  5.2 us,  4.7 sy,  0.0 ni, 89.0 id,  0.0 wa,  0.0 hi,  1.1 si,  0.0 st
%Cpu(s):  4.0 us,  3.9 sy,  0.0 ni, 91.2 id,  0.0 wa,  0.0 hi,  0.9 si,  0.0 st
%Cpu(s):  3.7 us,  4.4 sy,  0.0 ni, 91.3 id,  0.0 wa,  0.0 hi,  0.6 si,  0.0 st
%Cpu(s):  4.3 us,  4.0 sy,  0.0 ni, 91.6 id,  0.0 wa,  0.0 hi,  0.1 si,  0.0 st
%Cpu(s):  4.4 us,  4.5 sy,  0.0 ni, 90.9 id,  0.0 wa,  0.0 hi,  0.1 si,  0.1 st
%Cpu(s):  3.6 us,  2.7 sy,  0.0 ni, 93.7 id,  0.0 wa,  0.0 hi,  0.0 si,  0.0 st
%Cpu(s): 10.5 us,  3.2 sy,  0.0 ni, 86.4 id,  0.0 wa,  0.0 hi,  0.0 si,  0.0 st
%Cpu(s):  5.1 us,  3.8 sy,  0.0 ni, 91.1 id,  0.0 wa,  0.0 hi,  0.0 si,  0.0 st
%Cpu(s):  4.4 us,  3.9 sy,  0.0 ni, 91.7 id,  0.0 wa,  0.0 hi,  0.0 si,  0.0 st
%Cpu(s):  4.4 us,  3.4 sy,  0.0 ni, 92.0 id,  0.0 wa,  0.0 hi,  0.1 si,  0.0 st
%Cpu(s):  3.3 us,  4.3 sy,  0.0 ni, 92.4 id,  0.0 wa,  0.0 hi,  0.0 si,  0.0 st
%Cpu(s):  3.0 us,  3.8 sy,  0.0 ni, 93.1 id,  0.0 wa,  0.0 hi,  0.1 si,  0.0 st
%Cpu(s):  2.8 us,  2.3 sy,  0.0 ni, 94.9 id,  0.0 wa,  0.0 hi,  0.0 si,  0.0 st
%Cpu(s):  2.8 us,  2.5 sy,  0.0 ni, 94.7 id,  0.0 wa,  0.0 hi,  0.0 si,  0.0 st
%Cpu(s):  2.0 us,  1.0 sy,  0.0 ni, 96.9 id,  0.1 wa,  0.0 hi,  0.0 si,  0.0 st
%Cpu(s):  1.3 us,  1.0 sy,  0.0 ni, 97.7 id,  0.0 wa,  0.0 hi,  0.0 si,  0.0 st
%Cpu(s):  1.6 us,  0.9 sy,  0.0 ni, 97.5 id,  0.0 wa,  0.0 hi,  0.0 si,  0.0 st
%Cpu(s):  0.1 us,  0.1 sy,  0.0 ni, 99.8 id,  0.0 wa,  0.0 hi,  0.0 si,  0.0 st
%Cpu(s):  0.1 us,  0.0 sy,  0.0 ni, 99.9 id,  0.0 wa,  0.0 hi,  0.0 si,  0.0 st
%Cpu(s):  0.2 us,  0.1 sy,  0.0 ni, 99.6 id,  0.0 wa,  0.0 hi,  0.0 si,  0.0 st
%Cpu(s):  0.4 us,  0.5 sy,  0.0 ni, 99.1 id,  0.0 wa,  0.0 hi,  0.0 si,  0.0 st
