%Cpu(s):  1.8 us,  0.8 sy,  0.0 ni, 97.3 id,  0.0 wa,  0.0 hi,  0.1 si,  0.0 st
%Cpu(s):  0.0 us,  0.1 sy,  0.0 ni, 99.9 id,  0.0 wa,  0.0 hi,  0.0 si,  0.0 st
%Cpu(s):  0.1 us,  0.1 sy,  0.0 ni, 99.8 id,  0.0 wa,  0.0 hi,  0.0 si,  0.0 st
%Cpu(s):  0.9 us,  0.1 sy,  0.0 ni, 98.9 id,  0.1 wa,  0.0 hi,  0.0 si,  0.0 st
%Cpu(s):  0.1 us,  0.1 sy,  0.0 ni, 99.8 id,  0.0 wa,  0.0 hi,  0.0 si,  0.0 st
%Cpu(s): 32.5 us,  3.0 sy,  0.0 ni, 64.2 id,  0.1 wa,  0.0 hi,  0.3 si,  0.0 st
%Cpu(s): 32.2 us,  3.0 sy,  0.0 ni, 64.2 id,  0.0 wa,  0.0 hi,  0.5 si,  0.0 st
%Cpu(s): 34.9 us,  2.5 sy,  0.0 ni, 62.3 id,  0.0 wa,  0.0 hi,  0.3 si,  0.0 st
%Cpu(s): 21.6 us,  3.4 sy,  0.0 ni, 74.4 id,  0.1 wa,  0.0 hi,  0.4 si,  0.1 st
%Cpu(s):  8.7 us,  4.5 sy,  0.0 ni, 86.4 id,  0.0 wa,  0.0 hi,  0.4 si,  0.0 st
%Cpu(s): 10.4 us,  3.9 sy,  0.0 ni, 85.3 id,  0.0 wa,  0.0 hi,  0.3 si,  0.1 st
%Cpu(s):  9.3 us,  4.6 sy,  0.0 ni, 85.6 id,  0.0 wa,  0.0 hi,  0.5 si,  0.0 st
%Cpu(s):  5.3 us,  3.8 sy,  0.0 ni, 90.2 id,  0.0 wa,  0.0 hi,  0.5 si,  0.1 st
%Cpu(s):  6.2 us,  4.4 sy,  0.0 ni, 89.0 id,  0.0 wa,  0.0 hi,  0.4 si,  0.0 st
%Cpu(s):  6.9 us,  4.7 sy,  0.0 ni, 88.0 id,  0.0 wa,  0.0 hi,  0.4 si,  0.0 st
%Cpu(s):  7.1 us,  2.7 sy,  0.0 ni, 89.9 id,  0.0 wa,  0.0 hi,  0.3 si,  0.0 st
%Cpu(s):  6.6 us,  3.8 sy,  0.0 ni, 89.3 id,  0.0 wa,  0.0 hi,  0.4 si,  0.0 st
%Cpu(s):  5.9 us,  3.6 sy,  0.0 ni, 89.8 id,  0.0 wa,  0.0 hi,  0.6 si,  0.0 st
%Cpu(s): 13.2 us,  4.1 sy,  0.0 ni, 81.5 id,  0.1 wa,  0.0 hi,  0.9 si,  0.1 st
%Cpu(s):  9.2 us,  4.7 sy,  0.0 ni, 85.4 id,  0.0 wa,  0.0 hi,  0.7 si,  0.0 st
%Cpu(s): 23.6 us,  5.5 sy,  0.0 ni, 70.2 id,  0.0 wa,  0.0 hi,  0.7 si,  0.0 st
%Cpu(s): 10.6 us,  5.9 sy,  0.0 ni, 82.2 id,  0.0 wa,  0.0 hi,  1.3 si,  0.0 st
%Cpu(s):  8.1 us,  6.3 sy,  0.0 ni, 83.9 id,  0.0 wa,  0.0 hi,  1.8 si,  0.0 st
%Cpu(s): 12.5 us,  7.1 sy,  0.0 ni, 79.2 id,  0.0 wa,  0.0 hi,  1.3 si,  0.0 st
%Cpu(s):  9.5 us,  8.1 sy,  0.0 ni, 81.1 id,  0.0 wa,  0.0 hi,  1.1 si,  0.1 st
%Cpu(s):  9.9 us,  8.4 sy,  0.0 ni, 80.1 id,  0.0 wa,  0.0 hi,  1.6 si,  0.0 st
%Cpu(s): 12.5 us,  7.8 sy,  0.0 ni, 78.2 id,  0.0 wa,  0.0 hi,  1.5 si,  0.0 st
%Cpu(s): 10.9 us,  8.8 sy,  0.0 ni, 78.9 id,  0.0 wa,  0.0 hi,  1.4 si,  0.0 st
%Cpu(s): 10.8 us,  6.8 sy,  0.0 ni, 81.4 id,  0.1 wa,  0.0 hi,  0.8 si,  0.0 st
%Cpu(s): 10.3 us,  8.4 sy,  0.0 ni, 81.2 id,  0.0 wa,  0.0 hi,  0.0 si,  0.0 st
%Cpu(s): 10.6 us,  7.4 sy,  0.0 ni, 81.8 id,  0.0 wa,  0.0 hi,  0.0 si,  0.1 st
%Cpu(s): 12.0 us,  7.2 sy,  0.0 ni, 80.9 id,  0.0 wa,  0.0 hi,  0.0 si,  0.0 st
%Cpu(s):  9.7 us,  7.8 sy,  0.0 ni, 81.7 id,  0.0 wa,  0.0 hi,  0.8 si,  0.0 st
%Cpu(s):  9.7 us,  8.3 sy,  0.0 ni, 79.9 id,  0.0 wa,  0.0 hi,  2.0 si,  0.0 st
%Cpu(s): 10.2 us,  8.0 sy,  0.0 ni, 80.4 id,  0.0 wa,  0.0 hi,  1.4 si,  0.0 st
%Cpu(s):  9.6 us,  8.9 sy,  0.0 ni, 79.4 id,  0.0 wa,  0.0 hi,  2.0 si,  0.0 st
%Cpu(s):  8.4 us,  7.8 sy,  0.0 ni, 81.7 id,  0.0 wa,  0.0 hi,  2.0 si,  0.0 st
%Cpu(s): 10.1 us,  7.2 sy,  0.0 ni, 80.8 id,  0.0 wa,  0.0 hi,  1.9 si,  0.0 st
%Cpu(s):  9.8 us,  8.0 sy,  0.0 ni, 79.8 id,  0.8 wa,  0.0 hi,  1.6 si,  0.0 st
%Cpu(s):  9.6 us,  7.3 sy,  0.0 ni, 81.2 id,  0.0 wa,  0.0 hi,  1.9 si,  0.0 st
%Cpu(s): 10.2 us,  8.3 sy,  0.0 ni, 80.2 id,  0.0 wa,  0.0 hi,  1.4 si,  0.0 st
%Cpu(s): 10.7 us,  7.5 sy,  0.0 ni, 79.9 id,  0.0 wa,  0.0 hi,  1.9 si,  0.0 st
%Cpu(s): 10.3 us,  7.5 sy,  0.0 ni, 80.6 id,  0.0 wa,  0.0 hi,  1.5 si,  0.0 st
%Cpu(s):  8.3 us,  7.2 sy,  0.0 ni, 82.7 id,  0.0 wa,  0.0 hi,  1.8 si,  0.0 st
%Cpu(s):  8.8 us,  8.8 sy,  0.0 ni, 80.3 id,  0.0 wa,  0.0 hi,  2.0 si,  0.0 st
%Cpu(s):  9.6 us,  8.7 sy,  0.0 ni, 80.0 id,  0.0 wa,  0.0 hi,  1.8 si,  0.0 st
%Cpu(s):  9.1 us,  7.4 sy,  0.0 ni, 81.9 id,  0.0 wa,  0.0 hi,  1.5 si,  0.0 st
%Cpu(s): 11.0 us,  7.6 sy,  0.0 ni, 79.7 id,  0.1 wa,  0.0 hi,  1.5 si,  0.0 st
%Cpu(s): 18.8 us,  8.0 sy,  0.0 ni, 71.5 id,  0.1 wa,  0.0 hi,  1.6 si,  0.0 st
%Cpu(s): 12.1 us,  5.8 sy,  0.0 ni, 80.1 id,  0.0 wa,  0.0 hi,  2.1 si,  0.0 st
%Cpu(s): 11.9 us,  8.8 sy,  0.0 ni, 78.2 id,  0.0 wa,  0.0 hi,  1.1 si,  0.0 st
%Cpu(s): 13.2 us,  8.0 sy,  0.0 ni, 77.6 id,  0.0 wa,  0.0 hi,  1.2 si,  0.0 st
%Cpu(s):  9.8 us,  7.2 sy,  0.0 ni, 81.8 id,  0.0 wa,  0.0 hi,  1.1 si,  0.0 st
%Cpu(s):  9.5 us,  7.9 sy,  0.0 ni, 82.3 id,  0.1 wa,  0.0 hi,  0.1 si,  0.0 st
%Cpu(s):  9.1 us,  6.6 sy,  0.0 ni, 84.1 id,  0.0 wa,  0.0 hi,  0.1 si,  0.0 st
%Cpu(s):  8.7 us,  9.3 sy,  0.0 ni, 81.7 id,  0.0 wa,  0.0 hi,  0.3 si,  0.0 st
%Cpu(s):  9.4 us,  7.8 sy,  0.0 ni, 82.7 id,  0.0 wa,  0.0 hi,  0.1 si,  0.0 st
%Cpu(s):  9.0 us,  7.0 sy,  0.0 ni, 84.0 id,  0.0 wa,  0.0 hi,  0.0 si,  0.0 st
%Cpu(s):  8.7 us,  9.5 sy,  0.0 ni, 81.4 id,  0.1 wa,  0.0 hi,  0.3 si,  0.0 st
%Cpu(s):  9.6 us,  7.1 sy,  0.0 ni, 83.1 id,  0.0 wa,  0.0 hi,  0.3 si,  0.0 st
%Cpu(s): 11.0 us,  8.8 sy,  0.0 ni, 79.8 id,  0.0 wa,  0.0 hi,  0.4 si,  0.0 st
%Cpu(s):  8.7 us,  7.2 sy,  0.0 ni, 83.0 id,  0.0 wa,  0.0 hi,  1.1 si,  0.0 st
%Cpu(s):  7.5 us,  6.3 sy,  0.0 ni, 85.2 id,  0.0 wa,  0.0 hi,  1.0 si,  0.0 st
%Cpu(s):  6.9 us,  6.5 sy,  0.0 ni, 85.5 id,  0.0 wa,  0.0 hi,  1.1 si,  0.0 st
%Cpu(s):  6.8 us,  6.4 sy,  0.0 ni, 85.4 id,  0.0 wa,  0.0 hi,  1.4 si,  0.0 st
%Cpu(s):  6.1 us,  5.8 sy,  0.0 ni, 86.7 id,  0.0 wa,  0.0 hi,  1.4 si,  0.0 st
%Cpu(s):  6.8 us,  5.3 sy,  0.0 ni, 86.4 id,  0.0 wa,  0.0 hi,  1.4 si,  0.0 st
%Cpu(s):  5.9 us,  4.4 sy,  0.0 ni, 88.8 id,  0.0 wa,  0.0 hi,  0.9 si,  0.0 st
%Cpu(s):  5.5 us,  5.1 sy,  0.0 ni, 88.2 id,  0.1 wa,  0.0 hi,  0.9 si,  0.1 st
%Cpu(s):  6.1 us,  4.6 sy,  0.0 ni, 88.3 id,  0.0 wa,  0.0 hi,  1.0 si,  0.0 st
%Cpu(s):  3.8 us,  4.1 sy,  0.0 ni, 91.3 id,  0.0 wa,  0.0 hi,  0.8 si,  0.0 st
%Cpu(s):  5.1 us,  3.2 sy,  0.0 ni, 91.1 id,  0.0 wa,  0.0 hi,  0.5 si,  0.0 st
%Cpu(s):  4.0 us,  2.9 sy,  0.0 ni, 92.6 id,  0.0 wa,  0.0 hi,  0.5 si,  0.0 st
%Cpu(s):  3.0 us,  2.0 sy,  0.0 ni, 94.4 id,  0.1 wa,  0.0 hi,  0.5 si,  0.0 st
%Cpu(s):  2.9 us,  2.3 sy,  0.0 ni, 94.4 id,  0.0 wa,  0.0 hi,  0.4 si,  0.1 st
%Cpu(s):  3.4 us,  2.9 sy,  0.0 ni, 93.2 id,  0.0 wa,  0.0 hi,  0.6 si,  0.0 st
%Cpu(s):  1.9 us,  1.1 sy,  0.0 ni, 96.7 id,  0.0 wa,  0.0 hi,  0.0 si,  0.3 st
%Cpu(s):  1.4 us,  0.7 sy,  0.0 ni, 97.9 id,  0.0 wa,  0.0 hi,  0.0 si,  0.0 st
%Cpu(s):  0.1 us,  0.1 sy,  0.0 ni, 99.6 id,  0.0 wa,  0.0 hi,  0.1 si,  0.0 st
%Cpu(s):  0.2 us,  0.1 sy,  0.0 ni, 99.6 id,  0.0 wa,  0.0 hi,  0.0 si,  0.0 st
%Cpu(s):  0.1 us,  0.0 sy,  0.0 ni, 99.9 id,  0.0 wa,  0.0 hi,  0.0 si,  0.0 st
%Cpu(s):  0.1 us,  0.2 sy,  0.0 ni, 99.6 id,  0.0 wa,  0.0 hi,  0.0 si,  0.0 st
%Cpu(s):  0.5 us,  0.0 sy,  0.0 ni, 99.5 id,  0.0 wa,  0.0 hi,  0.0 si,  0.0 st
