%Cpu(s):  0.7 us,  0.1 sy,  0.0 ni, 99.2 id,  0.0 wa,  0.0 hi,  0.0 si,  0.0 st
%Cpu(s):  5.9 us,  1.0 sy,  0.0 ni, 93.1 id,  0.0 wa,  0.0 hi,  0.0 si,  0.0 st
%Cpu(s):  2.5 us,  1.3 sy,  0.0 ni, 96.0 id,  0.0 wa,  0.0 hi,  0.0 si,  0.3 st
%Cpu(s):  4.3 us,  0.9 sy,  0.0 ni, 94.8 id,  0.0 wa,  0.0 hi,  0.0 si,  0.0 st
%Cpu(s): 31.1 us,  2.4 sy,  0.0 ni, 66.3 id,  0.0 wa,  0.0 hi,  0.1 si,  0.0 st
%Cpu(s): 85.5 us,  6.0 sy,  0.0 ni,  7.4 id,  0.0 wa,  0.0 hi,  1.1 si,  0.0 st
%Cpu(s): 88.7 us,  5.1 sy,  0.0 ni,  5.1 id,  0.0 wa,  0.0 hi,  0.9 si,  0.1 st
%Cpu(s): 88.4 us,  7.6 sy,  0.0 ni,  2.4 id,  0.0 wa,  0.0 hi,  1.6 si,  0.0 st
%Cpu(s): 86.9 us,  8.3 sy,  0.0 ni,  2.7 id,  0.0 wa,  0.0 hi,  2.1 si,  0.0 st
%Cpu(s): 90.4 us,  7.2 sy,  0.0 ni,  0.4 id,  0.0 wa,  0.0 hi,  2.0 si,  0.0 st
%Cpu(s): 87.8 us,  8.7 sy,  0.0 ni,  0.6 id,  0.0 wa,  0.0 hi,  2.9 si,  0.0 st
%Cpu(s): 88.4 us,  8.9 sy,  0.0 ni,  0.1 id,  0.0 wa,  0.0 hi,  2.4 si,  0.1 st
%Cpu(s): 87.3 us,  9.9 sy,  0.0 ni,  0.0 id,  0.0 wa,  0.0 hi,  2.7 si,  0.0 st
%Cpu(s): 88.4 us,  8.5 sy,  0.0 ni,  0.9 id,  0.0 wa,  0.0 hi,  2.2 si,  0.0 st
%Cpu(s): 86.6 us,  8.5 sy,  0.0 ni,  2.6 id,  0.0 wa,  0.0 hi,  2.4 si,  0.0 st
%Cpu(s): 89.7 us,  7.2 sy,  0.0 ni,  1.0 id,  0.0 wa,  0.0 hi,  2.0 si,  0.1 st
%Cpu(s): 87.9 us,  9.7 sy,  0.0 ni,  0.2 id,  0.0 wa,  0.0 hi,  2.1 si,  0.0 st
%Cpu(s): 88.7 us,  8.7 sy,  0.0 ni,  0.2 id,  0.0 wa,  0.0 hi,  2.4 si,  0.0 st
%Cpu(s): 87.6 us,  9.1 sy,  0.0 ni,  0.2 id,  0.0 wa,  0.0 hi,  3.1 si,  0.0 st
%Cpu(s): 88.5 us,  8.6 sy,  0.0 ni,  0.0 id,  0.0 wa,  0.0 hi,  2.7 si,  0.1 st
%Cpu(s): 88.1 us,  9.3 sy,  0.0 ni,  0.2 id,  0.0 wa,  0.0 hi,  2.4 si,  0.0 st
%Cpu(s): 87.3 us,  9.7 sy,  0.0 ni,  0.9 id,  0.0 wa,  0.0 hi,  2.1 si,  0.0 st
%Cpu(s): 80.0 us,  8.2 sy,  0.0 ni,  9.1 id,  0.0 wa,  0.0 hi,  2.6 si,  0.1 st
%Cpu(s): 49.0 us,  9.3 sy,  0.0 ni, 39.8 id,  0.0 wa,  0.0 hi,  1.9 si,  0.0 st
%Cpu(s): 51.1 us,  8.2 sy,  0.0 ni, 38.7 id,  0.0 wa,  0.0 hi,  1.8 si,  0.1 st
%Cpu(s): 53.4 us,  7.2 sy,  0.0 ni, 38.0 id,  0.0 wa,  0.0 hi,  1.4 si,  0.0 st
%Cpu(s): 42.6 us,  7.7 sy,  0.0 ni, 48.3 id,  0.0 wa,  0.0 hi,  1.4 si,  0.0 st
%Cpu(s): 21.8 us,  7.3 sy,  0.0 ni, 69.6 id,  0.0 wa,  0.0 hi,  1.0 si,  0.3 st
%Cpu(s): 26.4 us,  7.1 sy,  0.0 ni, 65.1 id,  0.0 wa,  0.0 hi,  1.4 si,  0.0 st
%Cpu(s): 29.8 us,  6.4 sy,  0.0 ni, 61.2 id,  0.0 wa,  0.0 hi,  2.6 si,  0.0 st
%Cpu(s): 38.5 us,  7.5 sy,  0.0 ni, 52.4 id,  0.0 wa,  0.0 hi,  1.5 si,  0.1 st
%Cpu(s): 47.2 us,  7.7 sy,  0.0 ni, 44.1 id,  0.0 wa,  0.0 hi,  1.0 si,  0.0 st
%Cpu(s): 26.5 us,  7.7 sy,  0.0 ni, 64.3 id,  0.0 wa,  0.0 hi,  1.4 si,  0.1 st
%Cpu(s): 30.1 us,  6.7 sy,  0.0 ni, 61.8 id,  0.1 wa,  0.0 hi,  1.3 si,  0.0 st
%Cpu(s): 33.9 us,  7.5 sy,  0.0 ni, 57.6 id,  0.0 wa,  0.0 hi,  1.0 si,  0.0 st
%Cpu(s): 38.3 us,  5.9 sy,  0.0 ni, 54.5 id,  0.0 wa,  0.0 hi,  1.2 si,  0.1 st
%Cpu(s): 33.9 us,  6.6 sy,  0.0 ni, 57.5 id,  0.0 wa,  0.0 hi,  1.8 si,  0.1 st
%Cpu(s): 27.0 us,  6.6 sy,  0.0 ni, 64.6 id,  0.0 wa,  0.0 hi,  1.8 si,  0.1 st
%Cpu(s): 20.1 us,  7.5 sy,  0.0 ni, 70.8 id,  0.0 wa,  0.0 hi,  1.5 si,  0.1 st
%Cpu(s): 22.0 us,  6.9 sy,  0.0 ni, 70.1 id,  0.0 wa,  0.0 hi,  0.9 si,  0.1 st
%Cpu(s): 24.9 us,  7.8 sy,  0.0 ni, 65.1 id,  0.0 wa,  0.0 hi,  2.0 si,  0.1 st
%Cpu(s): 22.9 us,  7.8 sy,  0.0 ni, 67.9 id,  0.0 wa,  0.0 hi,  1.3 si,  0.0 st
%Cpu(s): 21.9 us,  7.1 sy,  0.0 ni, 69.2 id,  0.0 wa,  0.0 hi,  1.5 si,  0.3 st
%Cpu(s): 19.9 us,  6.6 sy,  0.0 ni, 71.6 id,  0.0 wa,  0.0 hi,  1.7 si,  0.1 st
%Cpu(s): 24.6 us,  7.1 sy,  0.0 ni, 66.2 id,  0.0 wa,  0.0 hi,  1.9 si,  0.1 st
%Cpu(s): 23.3 us,  7.1 sy,  0.0 ni, 68.5 id,  0.0 wa,  0.0 hi,  1.0 si,  0.1 st
%Cpu(s): 19.7 us,  7.2 sy,  0.0 ni, 71.5 id,  0.0 wa,  0.0 hi,  1.5 si,  0.0 st
%Cpu(s): 21.0 us,  7.6 sy,  0.0 ni, 69.7 id,  0.0 wa,  0.0 hi,  1.6 si,  0.0 st
%Cpu(s): 21.9 us,  7.2 sy,  0.0 ni, 69.8 id,  0.0 wa,  0.0 hi,  0.9 si,  0.3 st
%Cpu(s): 25.2 us,  6.9 sy,  0.0 ni, 66.6 id,  0.0 wa,  0.0 hi,  1.2 si,  0.1 st
%Cpu(s): 20.2 us,  8.0 sy,  0.0 ni, 70.8 id,  0.0 wa,  0.0 hi,  1.0 si,  0.0 st
%Cpu(s): 20.4 us,  8.0 sy,  0.0 ni, 70.4 id,  0.0 wa,  0.0 hi,  1.1 si,  0.1 st
%Cpu(s): 21.1 us,  7.0 sy,  0.0 ni, 70.5 id,  0.0 wa,  0.0 hi,  1.3 si,  0.1 st
%Cpu(s): 21.0 us,  5.8 sy,  0.0 ni, 72.2 id,  0.0 wa,  0.0 hi,  1.0 si,  0.0 st
%Cpu(s): 18.1 us,  7.7 sy,  0.0 ni, 72.9 id,  0.0 wa,  0.0 hi,  1.0 si,  0.3 st
%Cpu(s): 21.1 us,  6.9 sy,  0.0 ni, 70.7 id,  0.0 wa,  0.0 hi,  1.3 si,  0.0 st
%Cpu(s): 18.9 us,  5.9 sy,  0.0 ni, 73.9 id,  0.0 wa,  0.0 hi,  1.3 si,  0.0 st
%Cpu(s): 18.6 us,  7.6 sy,  0.0 ni, 73.1 id,  0.0 wa,  0.0 hi,  0.5 si,  0.1 st
%Cpu(s): 19.7 us,  7.4 sy,  0.0 ni, 71.6 id,  0.0 wa,  0.0 hi,  1.0 si,  0.3 st
%Cpu(s): 26.3 us,  6.8 sy,  0.0 ni, 65.1 id,  0.0 wa,  0.0 hi,  1.8 si,  0.0 st
%Cpu(s): 43.1 us,  8.3 sy,  0.0 ni, 46.9 id,  0.0 wa,  0.0 hi,  1.5 si,  0.1 st
%Cpu(s): 26.5 us,  2.4 sy,  0.0 ni, 70.3 id,  0.1 wa,  0.0 hi,  0.6 si,  0.0 st
%Cpu(s):  2.0 us,  1.1 sy,  0.0 ni, 96.7 id,  0.0 wa,  0.0 hi,  0.0 si,  0.1 st
%Cpu(s):  1.4 us,  1.1 sy,  0.0 ni, 97.2 id,  0.0 wa,  0.0 hi,  0.1 si,  0.1 st
%Cpu(s):  1.1 us,  0.8 sy,  0.0 ni, 98.1 id,  0.0 wa,  0.0 hi,  0.0 si,  0.0 st
%Cpu(s):  2.5 us,  1.5 sy,  0.0 ni, 95.9 id,  0.0 wa,  0.0 hi,  0.1 si,  0.0 st
%Cpu(s):  2.4 us,  1.1 sy,  0.0 ni, 96.4 id,  0.0 wa,  0.0 hi,  0.0 si,  0.1 st
%Cpu(s):  2.1 us,  1.4 sy,  0.0 ni, 96.5 id,  0.0 wa,  0.0 hi,  0.0 si,  0.0 st
%Cpu(s):  2.5 us,  1.6 sy,  0.0 ni, 95.9 id,  0.0 wa,  0.0 hi,  0.0 si,  0.0 st
%Cpu(s):  2.6 us,  1.3 sy,  0.0 ni, 96.1 id,  0.0 wa,  0.0 hi,  0.0 si,  0.0 st
%Cpu(s):  3.0 us,  1.0 sy,  0.0 ni, 96.0 id,  0.0 wa,  0.0 hi,  0.0 si,  0.0 st
%Cpu(s): 11.5 us,  1.4 sy,  0.0 ni, 86.9 id,  0.0 wa,  0.0 hi,  0.1 si,  0.1 st
%Cpu(s):  5.8 us,  1.0 sy,  0.0 ni, 93.2 id,  0.0 wa,  0.0 hi,  0.0 si,  0.0 st
%Cpu(s):  1.8 us,  2.1 sy,  0.0 ni, 96.1 id,  0.0 wa,  0.0 hi,  0.0 si,  0.0 st
%Cpu(s):  3.3 us,  2.1 sy,  0.0 ni, 94.6 id,  0.0 wa,  0.0 hi,  0.0 si,  0.0 st
