%Cpu(s):  0.8 us,  0.1 sy,  0.0 ni, 99.1 id,  0.0 wa,  0.0 hi,  0.0 si,  0.0 st
%Cpu(s): 83.2 us,  5.5 sy,  0.0 ni, 11.1 id,  0.0 wa,  0.0 hi,  0.1 si,  0.0 st
%Cpu(s): 74.7 us,  3.8 sy,  0.0 ni, 21.6 id,  0.0 wa,  0.0 hi,  0.0 si,  0.0 st
%Cpu(s): 90.8 us,  2.4 sy,  0.0 ni,  6.8 id,  0.0 wa,  0.0 hi,  0.0 si,  0.0 st
%Cpu(s): 94.1 us,  3.1 sy,  0.0 ni,  2.7 id,  0.0 wa,  0.0 hi,  0.0 si,  0.0 st
%Cpu(s): 94.9 us,  3.1 sy,  0.0 ni,  2.0 id,  0.0 wa,  0.0 hi,  0.0 si,  0.0 st
%Cpu(s): 55.9 us,  1.1 sy,  0.0 ni, 42.8 id,  0.0 wa,  0.0 hi,  0.0 si,  0.1 st
%Cpu(s):  4.5 us,  0.9 sy,  0.0 ni, 94.6 id,  0.0 wa,  0.0 hi,  0.0 si,  0.0 st
%Cpu(s):  3.3 us,  1.0 sy,  0.0 ni, 95.7 id,  0.0 wa,  0.0 hi,  0.0 si,  0.0 st
%Cpu(s):  2.0 us,  1.4 sy,  0.0 ni, 96.6 id,  0.0 wa,  0.0 hi,  0.0 si,  0.0 st
%Cpu(s):  2.2 us,  0.9 sy,  0.0 ni, 96.8 id,  0.0 wa,  0.0 hi,  0.0 si,  0.1 st
%Cpu(s):  5.6 us,  1.1 sy,  0.0 ni, 93.3 id,  0.0 wa,  0.0 hi,  0.0 si,  0.0 st
%Cpu(s):  6.2 us,  1.2 sy,  0.0 ni, 92.4 id,  0.0 wa,  0.0 hi,  0.1 si,  0.0 st
%Cpu(s):  1.1 us,  0.9 sy,  0.0 ni, 97.9 id,  0.0 wa,  0.0 hi,  0.0 si,  0.1 st
%Cpu(s):  3.5 us,  1.9 sy,  0.0 ni, 94.4 id,  0.0 wa,  0.0 hi,  0.1 si,  0.1 st
%Cpu(s):  8.4 us,  2.3 sy,  0.0 ni, 89.3 id,  0.0 wa,  0.0 hi,  0.0 si,  0.0 st
%Cpu(s): 63.1 us,  7.0 sy,  0.0 ni, 29.3 id,  0.0 wa,  0.0 hi,  0.6 si,  0.0 st
%Cpu(s): 87.6 us,  9.7 sy,  0.0 ni,  0.6 id,  0.0 wa,  0.0 hi,  2.1 si,  0.0 st
%Cpu(s): 85.2 us, 11.7 sy,  0.0 ni,  0.0 id,  0.0 wa,  0.0 hi,  3.1 si,  0.0 st
%Cpu(s): 85.2 us, 12.0 sy,  0.0 ni,  0.2 id,  0.0 wa,  0.0 hi,  2.6 si,  0.0 st
%Cpu(s): 82.7 us, 11.4 sy,  0.0 ni,  3.2 id,  0.0 wa,  0.0 hi,  2.6 si,  0.0 st
%Cpu(s): 85.2 us,  9.9 sy,  0.0 ni,  2.9 id,  0.0 wa,  0.0 hi,  2.0 si,  0.0 st
%Cpu(s): 85.7 us,  8.1 sy,  0.0 ni,  3.5 id,  0.0 wa,  0.0 hi,  2.7 si,  0.0 st
%Cpu(s): 86.8 us, 10.8 sy,  0.0 ni,  0.2 id,  0.0 wa,  0.0 hi,  2.1 si,  0.0 st
%Cpu(s): 87.0 us,  9.3 sy,  0.0 ni,  1.2 id,  0.0 wa,  0.0 hi,  2.4 si,  0.0 st
%Cpu(s): 78.4 us,  9.2 sy,  0.0 ni, 10.2 id,  0.1 wa,  0.0 hi,  2.1 si,  0.0 st
%Cpu(s): 48.1 us,  9.6 sy,  0.0 ni, 40.3 id,  0.0 wa,  0.0 hi,  2.1 si,  0.0 st
%Cpu(s): 19.6 us,  8.6 sy,  0.0 ni, 70.2 id,  0.0 wa,  0.0 hi,  1.6 si,  0.0 st
%Cpu(s): 57.8 us,  7.9 sy,  0.0 ni, 32.0 id,  0.0 wa,  0.0 hi,  2.3 si,  0.0 st
%Cpu(s): 36.9 us,  8.3 sy,  0.0 ni, 53.5 id,  0.0 wa,  0.0 hi,  1.4 si,  0.0 st
%Cpu(s): 33.8 us,  8.4 sy,  0.0 ni, 55.9 id,  0.0 wa,  0.0 hi,  1.9 si,  0.0 st
%Cpu(s): 18.1 us,  7.7 sy,  0.0 ni, 72.6 id,  0.0 wa,  0.0 hi,  1.6 si,  0.0 st
%Cpu(s): 14.7 us,  7.6 sy,  0.0 ni, 76.4 id,  0.0 wa,  0.0 hi,  1.4 si,  0.0 st
%Cpu(s): 21.4 us,  7.9 sy,  0.0 ni, 69.5 id,  0.0 wa,  0.0 hi,  1.3 si,  0.0 st
%Cpu(s): 40.6 us,  9.1 sy,  0.0 ni, 48.1 id,  0.0 wa,  0.0 hi,  2.3 si,  0.0 st
%Cpu(s): 33.8 us,  8.0 sy,  0.0 ni, 56.6 id,  0.0 wa,  0.0 hi,  1.5 si,  0.1 st
%Cpu(s): 28.6 us,  7.1 sy,  0.0 ni, 62.3 id,  0.0 wa,  0.0 hi,  2.0 si,  0.0 st
%Cpu(s): 24.6 us,  8.3 sy,  0.0 ni, 65.8 id,  0.0 wa,  0.0 hi,  1.4 si,  0.0 st
%Cpu(s): 31.2 us,  7.3 sy,  0.0 ni, 59.3 id,  0.0 wa,  0.0 hi,  2.0 si,  0.1 st
%Cpu(s): 34.2 us,  7.7 sy,  0.0 ni, 56.7 id,  0.0 wa,  0.0 hi,  1.4 si,  0.0 st
%Cpu(s): 26.1 us,  7.8 sy,  0.0 ni, 65.3 id,  0.0 wa,  0.0 hi,  0.8 si,  0.0 st
%Cpu(s): 11.0 us,  6.2 sy,  0.0 ni, 80.6 id,  0.0 wa,  0.0 hi,  2.2 si,  0.0 st
%Cpu(s): 10.9 us,  7.2 sy,  0.0 ni, 79.4 id,  0.0 wa,  0.0 hi,  2.4 si,  0.0 st
%Cpu(s): 10.7 us,  7.6 sy,  0.0 ni, 80.4 id,  0.0 wa,  0.0 hi,  1.4 si,  0.0 st
%Cpu(s): 11.5 us,  7.1 sy,  0.0 ni, 79.2 id,  0.0 wa,  0.0 hi,  2.2 si,  0.0 st
%Cpu(s): 12.0 us,  8.0 sy,  0.0 ni, 77.7 id,  0.0 wa,  0.0 hi,  2.2 si,  0.1 st
%Cpu(s): 17.5 us,  7.3 sy,  0.0 ni, 73.2 id,  0.0 wa,  0.0 hi,  2.0 si,  0.0 st
%Cpu(s): 25.9 us,  6.4 sy,  0.0 ni, 65.7 id,  0.0 wa,  0.0 hi,  1.9 si,  0.0 st
%Cpu(s): 18.9 us,  7.3 sy,  0.0 ni, 71.4 id,  0.0 wa,  0.0 hi,  2.4 si,  0.0 st
%Cpu(s): 12.1 us,  7.6 sy,  0.0 ni, 78.8 id,  0.0 wa,  0.0 hi,  1.5 si,  0.0 st
%Cpu(s): 12.0 us,  7.8 sy,  0.0 ni, 78.0 id,  0.0 wa,  0.0 hi,  1.9 si,  0.3 st
%Cpu(s): 10.4 us,  7.3 sy,  0.0 ni, 79.2 id,  0.0 wa,  0.0 hi,  3.0 si,  0.0 st
%Cpu(s): 18.8 us,  7.5 sy,  0.0 ni, 71.4 id,  0.0 wa,  0.0 hi,  2.3 si,  0.0 st
%Cpu(s): 17.0 us,  7.7 sy,  0.0 ni, 72.6 id,  0.0 wa,  0.0 hi,  2.8 si,  0.0 st
%Cpu(s): 12.0 us,  6.9 sy,  0.0 ni, 79.3 id,  0.0 wa,  0.0 hi,  1.8 si,  0.0 st
%Cpu(s): 10.5 us,  7.1 sy,  0.0 ni, 80.6 id,  0.1 wa,  0.0 hi,  1.6 si,  0.1 st
%Cpu(s): 10.8 us,  7.3 sy,  0.0 ni, 79.5 id,  0.0 wa,  0.0 hi,  2.3 si,  0.1 st
%Cpu(s): 10.3 us,  7.4 sy,  0.0 ni, 80.4 id,  0.0 wa,  0.0 hi,  1.9 si,  0.0 st
%Cpu(s): 10.4 us,  8.6 sy,  0.0 ni, 78.9 id,  0.0 wa,  0.0 hi,  2.1 si,  0.0 st
%Cpu(s): 10.0 us,  7.3 sy,  0.0 ni, 81.2 id,  0.0 wa,  0.0 hi,  1.5 si,  0.0 st
%Cpu(s): 10.2 us,  6.2 sy,  0.0 ni, 81.8 id,  0.0 wa,  0.0 hi,  1.7 si,  0.1 st
%Cpu(s):  2.3 us,  1.4 sy,  0.0 ni, 95.8 id,  0.0 wa,  0.0 hi,  0.5 si,  0.0 st
%Cpu(s):  2.0 us,  1.4 sy,  0.0 ni, 96.6 id,  0.0 wa,  0.0 hi,  0.0 si,  0.0 st
%Cpu(s):  1.6 us,  1.1 sy,  0.0 ni, 97.2 id,  0.0 wa,  0.0 hi,  0.0 si,  0.0 st
%Cpu(s):  1.5 us,  1.2 sy,  0.0 ni, 97.2 id,  0.0 wa,  0.0 hi,  0.0 si,  0.0 st
%Cpu(s):  2.4 us,  0.9 sy,  0.0 ni, 96.7 id,  0.0 wa,  0.0 hi,  0.0 si,  0.0 st
%Cpu(s):  2.4 us,  1.1 sy,  0.0 ni, 96.5 id,  0.0 wa,  0.0 hi,  0.0 si,  0.0 st
%Cpu(s):  1.7 us,  1.1 sy,  0.0 ni, 97.1 id,  0.0 wa,  0.0 hi,  0.0 si,  0.0 st
%Cpu(s):  1.8 us,  1.3 sy,  0.0 ni, 97.0 id,  0.0 wa,  0.0 hi,  0.0 si,  0.0 st
%Cpu(s):  1.7 us,  1.0 sy,  0.0 ni, 97.1 id,  0.0 wa,  0.0 hi,  0.0 si,  0.1 st
%Cpu(s):  1.6 us,  1.1 sy,  0.0 ni, 97.1 id,  0.0 wa,  0.0 hi,  0.0 si,  0.1 st
%Cpu(s):  1.6 us,  0.9 sy,  0.0 ni, 97.5 id,  0.0 wa,  0.0 hi,  0.0 si,  0.0 st
%Cpu(s):  1.6 us,  1.1 sy,  0.0 ni, 97.1 id,  0.0 wa,  0.0 hi,  0.0 si,  0.1 st
%Cpu(s):  2.9 us,  1.4 sy,  0.0 ni, 95.8 id,  0.0 wa,  0.0 hi,  0.0 si,  0.0 st
%Cpu(s):  1.5 us,  1.2 sy,  0.0 ni, 97.1 id,  0.0 wa,  0.0 hi,  0.0 si,  0.1 st
%Cpu(s):  1.4 us,  1.4 sy,  0.0 ni, 97.0 id,  0.1 wa,  0.0 hi,  0.1 si,  0.0 st
%Cpu(s):  3.4 us,  1.1 sy,  0.0 ni, 95.5 id,  0.0 wa,  0.0 hi,  0.0 si,  0.0 st
%Cpu(s):  2.0 us,  1.1 sy,  0.0 ni, 96.9 id,  0.0 wa,  0.0 hi,  0.0 si,  0.0 st
%Cpu(s):  1.1 us,  1.6 sy,  0.0 ni, 97.1 id,  0.0 wa,  0.0 hi,  0.1 si,  0.0 st
%Cpu(s):  1.8 us,  1.1 sy,  0.0 ni, 97.1 id,  0.0 wa,  0.0 hi,  0.0 si,  0.0 st
%Cpu(s):  1.6 us,  0.9 sy,  0.0 ni, 97.5 id,  0.0 wa,  0.0 hi,  0.0 si,  0.0 st
%Cpu(s):  2.0 us,  1.0 sy,  0.0 ni, 97.0 id,  0.0 wa,  0.0 hi,  0.0 si,  0.0 st
