%Cpu(s):  9.8 us,  1.3 sy,  0.0 ni, 88.7 id,  0.0 wa,  0.0 hi,  0.1 si,  0.0 st
%Cpu(s):  4.2 us,  3.3 sy,  0.0 ni, 92.2 id,  0.0 wa,  0.0 hi,  0.3 si,  0.1 st
%Cpu(s):  2.7 us,  1.4 sy,  0.0 ni, 95.6 id,  0.0 wa,  0.0 hi,  0.0 si,  0.4 st
%Cpu(s):  2.6 us,  2.3 sy,  0.0 ni, 94.8 id,  0.0 wa,  0.0 hi,  0.0 si,  0.3 st
%Cpu(s):  3.3 us,  1.7 sy,  0.0 ni, 94.8 id,  0.0 wa,  0.0 hi,  0.0 si,  0.3 st
%Cpu(s):  7.3 us,  2.1 sy,  0.0 ni, 90.2 id,  0.0 wa,  0.0 hi,  0.1 si,  0.3 st
%Cpu(s): 70.1 us,  4.3 sy,  0.0 ni, 24.8 id,  0.0 wa,  0.0 hi,  0.6 si,  0.1 st
%Cpu(s): 89.6 us,  7.6 sy,  0.0 ni,  0.9 id,  0.0 wa,  0.0 hi,  1.9 si,  0.0 st
%Cpu(s): 89.5 us,  6.7 sy,  0.0 ni,  1.2 id,  0.0 wa,  0.0 hi,  2.5 si,  0.0 st
%Cpu(s): 91.5 us,  6.6 sy,  0.0 ni,  0.0 id,  0.0 wa,  0.0 hi,  1.9 si,  0.0 st
%Cpu(s): 86.0 us,  7.4 sy,  0.0 ni,  4.6 id,  0.0 wa,  0.0 hi,  2.0 si,  0.0 st
%Cpu(s): 87.2 us,  6.1 sy,  0.0 ni,  4.6 id,  0.0 wa,  0.0 hi,  2.0 si,  0.0 st
%Cpu(s): 59.6 us,  6.8 sy,  0.0 ni, 31.8 id,  0.0 wa,  0.0 hi,  1.8 si,  0.0 st
%Cpu(s): 60.4 us,  5.8 sy,  0.0 ni, 32.1 id,  0.0 wa,  0.0 hi,  1.8 si,  0.0 st
%Cpu(s): 59.7 us,  5.9 sy,  0.0 ni, 32.9 id,  0.0 wa,  0.0 hi,  1.5 si,  0.0 st
%Cpu(s): 49.4 us,  5.1 sy,  0.0 ni, 44.2 id,  0.0 wa,  0.0 hi,  1.3 si,  0.0 st
%Cpu(s): 28.9 us,  5.3 sy,  0.0 ni, 64.3 id,  0.0 wa,  0.0 hi,  1.4 si,  0.0 st
%Cpu(s): 27.4 us,  6.6 sy,  0.0 ni, 65.5 id,  0.0 wa,  0.0 hi,  0.5 si,  0.0 st
%Cpu(s): 25.3 us,  5.6 sy,  0.0 ni, 67.8 id,  0.0 wa,  0.0 hi,  1.3 si,  0.0 st
%Cpu(s): 11.0 us,  5.5 sy,  0.0 ni, 82.2 id,  0.0 wa,  0.0 hi,  1.2 si,  0.1 st
%Cpu(s): 11.4 us,  6.0 sy,  0.0 ni, 81.0 id,  0.1 wa,  0.0 hi,  1.4 si,  0.0 st
%Cpu(s): 10.4 us,  5.7 sy,  0.0 ni, 82.6 id,  0.0 wa,  0.0 hi,  1.3 si,  0.0 st
%Cpu(s):  9.9 us,  5.0 sy,  0.0 ni, 83.2 id,  0.0 wa,  0.0 hi,  1.8 si,  0.1 st
%Cpu(s): 12.9 us,  4.8 sy,  0.0 ni, 80.8 id,  0.0 wa,  0.0 hi,  1.4 si,  0.0 st
%Cpu(s): 10.4 us,  5.5 sy,  0.0 ni, 82.3 id,  0.0 wa,  0.0 hi,  1.8 si,  0.0 st
%Cpu(s): 10.9 us,  5.9 sy,  0.0 ni, 82.0 id,  0.0 wa,  0.0 hi,  1.1 si,  0.0 st
%Cpu(s): 12.6 us,  5.9 sy,  0.0 ni, 79.9 id,  0.0 wa,  0.0 hi,  1.6 si,  0.0 st
%Cpu(s): 11.6 us,  6.6 sy,  0.0 ni, 80.6 id,  0.0 wa,  0.0 hi,  1.1 si,  0.1 st
%Cpu(s): 11.9 us,  4.9 sy,  0.0 ni, 82.1 id,  0.0 wa,  0.0 hi,  1.2 si,  0.0 st
%Cpu(s): 11.0 us,  5.1 sy,  0.0 ni, 83.2 id,  0.0 wa,  0.0 hi,  0.8 si,  0.0 st
%Cpu(s):  8.5 us,  5.7 sy,  0.0 ni, 84.3 id,  0.0 wa,  0.0 hi,  1.5 si,  0.0 st
%Cpu(s): 10.4 us,  5.1 sy,  0.0 ni, 82.9 id,  0.0 wa,  0.0 hi,  1.5 si,  0.0 st
%Cpu(s):  9.2 us,  5.4 sy,  0.0 ni, 83.5 id,  0.0 wa,  0.0 hi,  1.9 si,  0.0 st
%Cpu(s):  9.4 us,  5.5 sy,  0.0 ni, 83.2 id,  0.0 wa,  0.0 hi,  1.6 si,  0.1 st
%Cpu(s): 10.1 us,  5.8 sy,  0.0 ni, 82.9 id,  0.0 wa,  0.0 hi,  1.0 si,  0.1 st
%Cpu(s):  9.6 us,  5.8 sy,  0.0 ni, 82.7 id,  0.1 wa,  0.0 hi,  1.8 si,  0.0 st
%Cpu(s): 20.1 us,  6.2 sy,  0.0 ni, 72.6 id,  0.0 wa,  0.0 hi,  1.0 si,  0.0 st
%Cpu(s): 23.4 us,  5.1 sy,  0.0 ni, 70.2 id,  0.0 wa,  0.0 hi,  1.3 si,  0.0 st
%Cpu(s): 15.9 us,  6.3 sy,  0.0 ni, 76.8 id,  0.0 wa,  0.0 hi,  1.0 si,  0.0 st
%Cpu(s): 13.7 us,  6.3 sy,  0.0 ni, 78.6 id,  0.0 wa,  0.0 hi,  1.4 si,  0.1 st
%Cpu(s): 11.5 us,  6.3 sy,  0.0 ni, 81.1 id,  0.0 wa,  0.0 hi,  1.1 si,  0.0 st
%Cpu(s): 12.8 us,  5.8 sy,  0.0 ni, 80.4 id,  0.0 wa,  0.0 hi,  1.0 si,  0.0 st
%Cpu(s): 15.0 us,  6.1 sy,  0.0 ni, 77.2 id,  0.0 wa,  0.0 hi,  1.5 si,  0.1 st
%Cpu(s): 12.5 us,  5.6 sy,  0.0 ni, 80.4 id,  0.0 wa,  0.0 hi,  1.5 si,  0.0 st
%Cpu(s): 11.8 us,  5.7 sy,  0.0 ni, 81.3 id,  0.0 wa,  0.0 hi,  1.2 si,  0.0 st
%Cpu(s): 10.2 us,  4.8 sy,  0.0 ni, 83.0 id,  0.0 wa,  0.0 hi,  2.0 si,  0.0 st
%Cpu(s):  8.8 us,  5.7 sy,  0.0 ni, 84.1 id,  0.0 wa,  0.0 hi,  1.4 si,  0.0 st
%Cpu(s):  8.4 us,  5.1 sy,  0.0 ni, 84.8 id,  0.0 wa,  0.0 hi,  1.5 si,  0.1 st
%Cpu(s):  8.1 us,  5.6 sy,  0.0 ni, 85.3 id,  0.0 wa,  0.0 hi,  1.0 si,  0.0 st
%Cpu(s):  9.9 us,  5.8 sy,  0.0 ni, 82.8 id,  0.0 wa,  0.0 hi,  1.5 si,  0.0 st
%Cpu(s): 10.9 us,  6.1 sy,  0.0 ni, 81.6 id,  0.0 wa,  0.0 hi,  1.4 si,  0.0 st
%Cpu(s):  9.1 us,  5.8 sy,  0.0 ni, 83.5 id,  0.0 wa,  0.0 hi,  1.6 si,  0.0 st
%Cpu(s):  8.5 us,  6.5 sy,  0.0 ni, 83.9 id,  0.0 wa,  0.0 hi,  1.1 si,  0.0 st
%Cpu(s): 10.1 us,  4.8 sy,  0.0 ni, 83.5 id,  0.0 wa,  0.0 hi,  1.5 si,  0.1 st
%Cpu(s):  8.5 us,  5.7 sy,  0.0 ni, 84.3 id,  0.0 wa,  0.0 hi,  1.5 si,  0.0 st
%Cpu(s):  9.1 us,  6.1 sy,  0.0 ni, 83.3 id,  0.0 wa,  0.0 hi,  1.5 si,  0.0 st
%Cpu(s):  9.1 us,  5.7 sy,  0.0 ni, 83.9 id,  0.0 wa,  0.0 hi,  1.3 si,  0.0 st
%Cpu(s):  9.6 us,  6.1 sy,  0.0 ni, 82.9 id,  0.0 wa,  0.0 hi,  1.4 si,  0.0 st
%Cpu(s):  8.8 us,  5.5 sy,  0.0 ni, 84.2 id,  0.0 wa,  0.0 hi,  1.5 si,  0.0 st
%Cpu(s):  7.9 us,  5.5 sy,  0.0 ni, 85.1 id,  0.0 wa,  0.0 hi,  1.4 si,  0.1 st
%Cpu(s):  8.4 us,  4.6 sy,  0.0 ni, 85.8 id,  0.0 wa,  0.0 hi,  1.3 si,  0.0 st
%Cpu(s):  2.9 us,  1.3 sy,  0.0 ni, 95.6 id,  0.0 wa,  0.0 hi,  0.0 si,  0.3 st
%Cpu(s):  1.6 us,  1.6 sy,  0.0 ni, 96.6 id,  0.0 wa,  0.0 hi,  0.0 si,  0.1 st
%Cpu(s):  2.1 us,  1.9 sy,  0.0 ni, 95.7 id,  0.0 wa,  0.0 hi,  0.0 si,  0.3 st
%Cpu(s):  3.4 us,  2.2 sy,  0.0 ni, 94.1 id,  0.0 wa,  0.0 hi,  0.0 si,  0.2 st
%Cpu(s):  4.9 us,  2.5 sy,  0.0 ni, 92.2 id,  0.1 wa,  0.0 hi,  0.1 si,  0.1 st
%Cpu(s):  9.8 us,  1.4 sy,  0.0 ni, 88.4 id,  0.0 wa,  0.0 hi,  0.1 si,  0.2 st
%Cpu(s):  9.6 us,  1.9 sy,  0.0 ni, 88.4 id,  0.0 wa,  0.0 hi,  0.0 si,  0.1 st
%Cpu(s):  4.4 us,  1.4 sy,  0.0 ni, 93.9 id,  0.0 wa,  0.0 hi,  0.0 si,  0.3 st
%Cpu(s):  2.2 us,  1.4 sy,  0.0 ni, 96.2 id,  0.0 wa,  0.0 hi,  0.0 si,  0.3 st
%Cpu(s):  3.5 us,  2.4 sy,  0.0 ni, 93.9 id,  0.0 wa,  0.0 hi,  0.0 si,  0.3 st
%Cpu(s):  3.0 us,  2.3 sy,  0.0 ni, 94.7 id,  0.0 wa,  0.0 hi,  0.0 si,  0.0 st
