%Cpu(s):  5.2 us,  0.8 sy,  0.0 ni, 93.8 id,  0.0 wa,  0.0 hi,  0.2 si,  0.0 st
%Cpu(s): 21.1 us,  1.0 sy,  0.0 ni, 77.8 id,  0.0 wa,  0.0 hi,  0.1 si,  0.0 st
%Cpu(s): 27.3 us,  1.1 sy,  0.0 ni, 71.6 id,  0.0 wa,  0.0 hi,  0.0 si,  0.0 st
%Cpu(s): 27.7 us,  1.5 sy,  0.0 ni, 70.8 id,  0.0 wa,  0.0 hi,  0.0 si,  0.0 st
%Cpu(s): 24.3 us,  0.7 sy,  0.0 ni, 74.9 id,  0.0 wa,  0.0 hi,  0.0 si,  0.0 st
%Cpu(s): 36.4 us,  0.4 sy,  0.0 ni, 63.2 id,  0.0 wa,  0.0 hi,  0.0 si,  0.0 st
%Cpu(s): 20.6 us,  0.5 sy,  0.0 ni, 78.8 id,  0.0 wa,  0.0 hi,  0.1 si,  0.0 st
%Cpu(s):  0.4 us,  0.0 sy,  0.0 ni, 99.6 id,  0.0 wa,  0.0 hi,  0.0 si,  0.0 st
%Cpu(s):  0.0 us,  0.0 sy,  0.0 ni,100.0 id,  0.0 wa,  0.0 hi,  0.0 si,  0.0 st
%Cpu(s): 53.0 us,  4.7 sy,  0.0 ni, 42.0 id,  0.1 wa,  0.0 hi,  0.1 si,  0.0 st
%Cpu(s): 82.2 us,  3.3 sy,  0.0 ni, 14.4 id,  0.0 wa,  0.0 hi,  0.1 si,  0.0 st
%Cpu(s): 81.3 us,  3.4 sy,  0.0 ni, 15.3 id,  0.0 wa,  0.0 hi,  0.0 si,  0.0 st
%Cpu(s): 80.2 us,  2.1 sy,  0.0 ni, 17.6 id,  0.0 wa,  0.0 hi,  0.1 si,  0.0 st
%Cpu(s): 96.8 us,  2.2 sy,  0.0 ni,  1.0 id,  0.0 wa,  0.0 hi,  0.0 si,  0.0 st
%Cpu(s): 94.4 us,  2.7 sy,  0.0 ni,  2.9 id,  0.0 wa,  0.0 hi,  0.0 si,  0.0 st
%Cpu(s): 95.8 us,  3.0 sy,  0.0 ni,  1.1 id,  0.0 wa,  0.0 hi,  0.1 si,  0.0 st
%Cpu(s): 95.9 us,  3.4 sy,  0.0 ni,  0.6 id,  0.0 wa,  0.0 hi,  0.1 si,  0.0 st
%Cpu(s): 60.5 us,  1.4 sy,  0.0 ni, 38.1 id,  0.0 wa,  0.0 hi,  0.0 si,  0.0 st
%Cpu(s): 29.9 us,  1.6 sy,  0.0 ni, 68.2 id,  0.0 wa,  0.0 hi,  0.2 si,  0.0 st
%Cpu(s): 42.8 us,  2.0 sy,  0.0 ni, 54.7 id,  0.0 wa,  0.0 hi,  0.5 si,  0.0 st
%Cpu(s): 54.6 us,  4.1 sy,  0.0 ni, 40.2 id,  0.0 wa,  0.0 hi,  1.0 si,  0.0 st
%Cpu(s): 57.6 us,  5.0 sy,  0.0 ni, 34.3 id,  0.0 wa,  0.0 hi,  3.2 si,  0.0 st
%Cpu(s): 40.8 us,  6.5 sy,  0.0 ni, 50.6 id,  0.0 wa,  0.0 hi,  2.2 si,  0.0 st
%Cpu(s): 51.3 us,  7.1 sy,  0.0 ni, 38.6 id,  0.0 wa,  0.0 hi,  2.8 si,  0.1 st
%Cpu(s): 74.7 us,  7.8 sy,  0.0 ni, 14.2 id,  0.0 wa,  0.0 hi,  3.3 si,  0.0 st
%Cpu(s): 54.9 us,  7.8 sy,  0.0 ni, 33.8 id,  0.4 wa,  0.0 hi,  3.2 si,  0.0 st
%Cpu(s): 17.5 us,  6.6 sy,  0.0 ni, 73.1 id,  0.0 wa,  0.0 hi,  2.8 si,  0.0 st
%Cpu(s): 20.3 us,  8.0 sy,  0.0 ni, 68.9 id,  0.0 wa,  0.0 hi,  2.8 si,  0.0 st
%Cpu(s): 18.1 us,  7.8 sy,  0.0 ni, 71.3 id,  0.0 wa,  0.0 hi,  2.8 si,  0.0 st
%Cpu(s): 28.7 us,  7.2 sy,  0.0 ni, 61.9 id,  0.0 wa,  0.0 hi,  2.1 si,  0.0 st
%Cpu(s): 26.7 us,  7.6 sy,  0.0 ni, 63.5 id,  0.0 wa,  0.0 hi,  2.3 si,  0.0 st
%Cpu(s): 22.8 us,  8.1 sy,  0.0 ni, 66.0 id,  0.0 wa,  0.0 hi,  3.0 si,  0.0 st
%Cpu(s): 16.5 us,  7.6 sy,  0.0 ni, 73.0 id,  0.0 wa,  0.0 hi,  2.8 si,  0.1 st
%Cpu(s): 26.9 us,  7.2 sy,  0.0 ni, 62.3 id,  0.0 wa,  0.0 hi,  3.6 si,  0.0 st
%Cpu(s): 32.1 us,  7.6 sy,  0.0 ni, 57.2 id,  0.0 wa,  0.0 hi,  3.0 si,  0.0 st
%Cpu(s): 34.9 us,  8.8 sy,  0.0 ni, 53.6 id,  0.0 wa,  0.0 hi,  2.6 si,  0.0 st
%Cpu(s): 30.4 us,  6.7 sy,  0.0 ni, 60.2 id,  0.0 wa,  0.0 hi,  2.7 si,  0.0 st
%Cpu(s): 24.1 us,  8.5 sy,  0.0 ni, 64.4 id,  0.0 wa,  0.0 hi,  3.1 si,  0.0 st
%Cpu(s): 41.9 us,  6.7 sy,  0.0 ni, 47.8 id,  0.0 wa,  0.0 hi,  3.6 si,  0.0 st
%Cpu(s): 13.2 us,  7.4 sy,  0.0 ni, 77.4 id,  0.0 wa,  0.0 hi,  2.1 si,  0.0 st
%Cpu(s): 18.1 us,  7.7 sy,  0.0 ni, 71.9 id,  0.0 wa,  0.0 hi,  2.2 si,  0.0 st
%Cpu(s): 25.7 us,  7.7 sy,  0.0 ni, 64.5 id,  0.0 wa,  0.0 hi,  2.2 si,  0.0 st
%Cpu(s): 27.3 us,  8.7 sy,  0.0 ni, 61.5 id,  0.0 wa,  0.0 hi,  2.4 si,  0.0 st
%Cpu(s): 22.6 us,  8.3 sy,  0.0 ni, 66.0 id,  0.0 wa,  0.0 hi,  3.1 si,  0.0 st
%Cpu(s): 19.5 us,  7.0 sy,  0.0 ni, 70.3 id,  0.0 wa,  0.0 hi,  3.2 si,  0.0 st
%Cpu(s): 18.0 us,  7.3 sy,  0.0 ni, 71.9 id,  0.0 wa,  0.0 hi,  2.7 si,  0.0 st
%Cpu(s): 18.7 us,  7.3 sy,  0.0 ni, 70.5 id,  0.0 wa,  0.0 hi,  3.5 si,  0.0 st
%Cpu(s): 30.8 us,  7.1 sy,  0.0 ni, 59.2 id,  0.0 wa,  0.0 hi,  2.8 si,  0.1 st
%Cpu(s): 27.3 us,  7.3 sy,  0.0 ni, 62.8 id,  0.0 wa,  0.0 hi,  2.6 si,  0.0 st
%Cpu(s): 30.9 us,  7.6 sy,  0.0 ni, 59.5 id,  0.0 wa,  0.0 hi,  2.0 si,  0.0 st
%Cpu(s): 37.6 us,  7.3 sy,  0.0 ni, 52.5 id,  0.0 wa,  0.0 hi,  2.6 si,  0.0 st
%Cpu(s): 21.1 us,  6.9 sy,  0.0 ni, 69.1 id,  0.0 wa,  0.0 hi,  2.9 si,  0.0 st
%Cpu(s): 24.1 us,  6.5 sy,  0.0 ni, 66.5 id,  0.0 wa,  0.0 hi,  2.9 si,  0.0 st
%Cpu(s): 28.7 us,  8.6 sy,  0.0 ni, 60.1 id,  0.1 wa,  0.0 hi,  2.5 si,  0.0 st
%Cpu(s): 24.1 us,  8.7 sy,  0.0 ni, 64.6 id,  0.0 wa,  0.0 hi,  2.5 si,  0.1 st
%Cpu(s): 19.9 us,  7.4 sy,  0.0 ni, 68.5 id,  1.7 wa,  0.0 hi,  2.4 si,  0.0 st
%Cpu(s): 18.2 us,  7.4 sy,  0.0 ni, 71.8 id,  0.0 wa,  0.0 hi,  2.6 si,  0.0 st
%Cpu(s): 17.6 us,  6.5 sy,  0.0 ni, 72.7 id,  0.0 wa,  0.0 hi,  3.1 si,  0.0 st
%Cpu(s): 23.0 us,  7.9 sy,  0.0 ni, 67.1 id,  0.0 wa,  0.0 hi,  1.9 si,  0.0 st
%Cpu(s): 31.9 us,  6.5 sy,  0.0 ni, 58.8 id,  0.0 wa,  0.0 hi,  2.9 si,  0.0 st
%Cpu(s): 28.7 us,  6.1 sy,  0.0 ni, 62.3 id,  0.0 wa,  0.0 hi,  2.9 si,  0.0 st
%Cpu(s): 20.8 us,  7.5 sy,  0.0 ni, 68.5 id,  0.0 wa,  0.0 hi,  3.2 si,  0.0 st
%Cpu(s): 17.5 us,  8.1 sy,  0.0 ni, 72.1 id,  0.0 wa,  0.0 hi,  2.3 si,  0.0 st
%Cpu(s): 18.1 us,  6.9 sy,  0.0 ni, 72.4 id,  0.0 wa,  0.0 hi,  2.6 si,  0.0 st
%Cpu(s): 25.8 us,  7.4 sy,  0.0 ni, 64.2 id,  0.0 wa,  0.0 hi,  2.6 si,  0.0 st
%Cpu(s): 48.0 us,  5.9 sy,  0.0 ni, 43.9 id,  0.0 wa,  0.0 hi,  2.0 si,  0.1 st
%Cpu(s): 28.6 us,  7.2 sy,  0.0 ni, 61.2 id,  0.0 wa,  0.0 hi,  3.0 si,  0.0 st
%Cpu(s): 50.1 us,  7.4 sy,  0.0 ni, 40.0 id,  0.0 wa,  0.0 hi,  2.5 si,  0.0 st
%Cpu(s): 26.5 us,  7.2 sy,  0.0 ni, 63.8 id,  0.0 wa,  0.0 hi,  2.5 si,  0.0 st
%Cpu(s): 26.3 us,  6.7 sy,  0.0 ni, 64.8 id,  0.0 wa,  0.0 hi,  2.1 si,  0.1 st
%Cpu(s): 36.7 us,  6.5 sy,  0.0 ni, 54.3 id,  0.0 wa,  0.0 hi,  2.5 si,  0.0 st
%Cpu(s): 42.6 us,  5.7 sy,  0.0 ni, 49.1 id,  0.0 wa,  0.0 hi,  2.7 si,  0.0 st
%Cpu(s): 29.2 us,  5.9 sy,  0.0 ni, 63.1 id,  0.0 wa,  0.0 hi,  1.8 si,  0.0 st
%Cpu(s): 45.7 us,  7.3 sy,  0.0 ni, 43.8 id,  0.1 wa,  0.0 hi,  3.0 si,  0.0 st
%Cpu(s): 21.5 us,  5.3 sy,  0.0 ni, 71.4 id,  0.0 wa,  0.0 hi,  1.8 si,  0.0 st
%Cpu(s): 15.4 us,  5.9 sy,  0.0 ni, 75.8 id,  0.0 wa,  0.0 hi,  2.9 si,  0.0 st
%Cpu(s): 19.6 us,  4.6 sy,  0.0 ni, 73.7 id,  0.0 wa,  0.0 hi,  2.2 si,  0.0 st
%Cpu(s): 28.0 us,  5.4 sy,  0.0 ni, 64.6 id,  0.0 wa,  0.0 hi,  2.0 si,  0.0 st
%Cpu(s): 26.3 us,  5.7 sy,  0.0 ni, 65.5 id,  0.0 wa,  0.0 hi,  2.5 si,  0.0 st
