%Cpu(s):  2.6 us,  0.4 sy,  0.0 ni, 96.9 id,  0.0 wa,  0.0 hi,  0.1 si,  0.0 st
%Cpu(s): 20.7 us,  3.4 sy,  0.0 ni, 75.9 id,  0.0 wa,  0.0 hi,  0.0 si,  0.0 st
%Cpu(s): 89.5 us,  5.1 sy,  0.0 ni,  5.4 id,  0.0 wa,  0.0 hi,  0.0 si,  0.0 st
%Cpu(s): 84.1 us,  2.7 sy,  0.0 ni, 13.1 id,  0.0 wa,  0.0 hi,  0.0 si,  0.0 st
%Cpu(s): 76.7 us,  2.0 sy,  0.0 ni, 21.3 id,  0.0 wa,  0.0 hi,  0.0 si,  0.0 st
%Cpu(s): 96.3 us,  1.7 sy,  0.0 ni,  2.0 id,  0.0 wa,  0.0 hi,  0.0 si,  0.0 st
%Cpu(s): 96.4 us,  2.6 sy,  0.0 ni,  0.9 id,  0.0 wa,  0.0 hi,  0.1 si,  0.0 st
%Cpu(s): 96.8 us,  1.9 sy,  0.0 ni,  1.2 id,  0.0 wa,  0.0 hi,  0.1 si,  0.0 st
%Cpu(s): 95.8 us,  2.4 sy,  0.0 ni,  1.7 id,  0.0 wa,  0.0 hi,  0.1 si,  0.0 st
%Cpu(s): 72.5 us,  1.9 sy,  0.0 ni, 25.7 id,  0.0 wa,  0.0 hi,  0.0 si,  0.0 st
%Cpu(s):  6.1 us,  0.9 sy,  0.0 ni, 93.0 id,  0.0 wa,  0.0 hi,  0.0 si,  0.0 st
%Cpu(s):  2.2 us,  1.6 sy,  0.0 ni, 96.1 id,  0.0 wa,  0.0 hi,  0.0 si,  0.0 st
%Cpu(s):  3.0 us,  1.5 sy,  0.0 ni, 95.5 id,  0.0 wa,  0.0 hi,  0.0 si,  0.0 st
%Cpu(s):  1.5 us,  0.8 sy,  0.0 ni, 97.6 id,  0.0 wa,  0.0 hi,  0.0 si,  0.1 st
%Cpu(s):  2.2 us,  1.0 sy,  0.0 ni, 96.8 id,  0.0 wa,  0.0 hi,  0.0 si,  0.0 st
%Cpu(s):  1.7 us,  1.1 sy,  0.0 ni, 97.1 id,  0.0 wa,  0.0 hi,  0.0 si,  0.0 st
%Cpu(s): 45.1 us,  3.2 sy,  0.0 ni, 51.0 id,  0.0 wa,  0.0 hi,  0.8 si,  0.0 st
%Cpu(s): 71.3 us,  5.8 sy,  0.0 ni, 20.6 id,  0.0 wa,  0.0 hi,  2.4 si,  0.0 st
%Cpu(s): 58.9 us,  7.3 sy,  0.0 ni, 30.8 id,  0.0 wa,  0.0 hi,  3.0 si,  0.0 st
%Cpu(s): 51.3 us,  6.3 sy,  0.0 ni, 39.8 id,  0.0 wa,  0.0 hi,  2.6 si,  0.0 st
%Cpu(s): 79.8 us,  7.2 sy,  0.0 ni, 10.6 id,  0.0 wa,  0.0 hi,  2.5 si,  0.0 st
%Cpu(s): 36.5 us,  8.4 sy,  0.0 ni, 51.1 id,  1.4 wa,  0.0 hi,  2.5 si,  0.0 st
%Cpu(s): 26.1 us,  7.3 sy,  0.0 ni, 62.0 id,  1.5 wa,  0.0 hi,  3.1 si,  0.0 st
%Cpu(s): 22.2 us,  8.9 sy,  0.0 ni, 66.1 id,  0.0 wa,  0.0 hi,  2.8 si,  0.0 st
%Cpu(s): 29.4 us,  7.0 sy,  0.0 ni, 61.2 id,  0.0 wa,  0.0 hi,  2.4 si,  0.0 st
%Cpu(s): 29.0 us,  7.3 sy,  0.0 ni, 61.6 id,  0.0 wa,  0.0 hi,  2.2 si,  0.0 st
%Cpu(s): 25.2 us,  6.7 sy,  0.0 ni, 63.4 id,  1.9 wa,  0.0 hi,  2.8 si,  0.0 st
%Cpu(s): 37.2 us,  7.8 sy,  0.0 ni, 51.7 id,  0.1 wa,  0.0 hi,  3.1 si,  0.0 st
%Cpu(s): 19.1 us,  9.1 sy,  0.0 ni, 69.4 id,  0.0 wa,  0.0 hi,  2.4 si,  0.0 st
%Cpu(s): 27.4 us,  7.2 sy,  0.0 ni, 61.6 id,  0.0 wa,  0.0 hi,  3.7 si,  0.1 st
%Cpu(s): 27.5 us,  8.0 sy,  0.0 ni, 60.8 id,  0.0 wa,  0.0 hi,  3.7 si,  0.0 st
%Cpu(s): 37.5 us,  6.9 sy,  0.0 ni, 51.6 id,  0.1 wa,  0.0 hi,  3.9 si,  0.0 st
%Cpu(s): 16.6 us,  8.6 sy,  0.0 ni, 71.8 id,  0.0 wa,  0.0 hi,  3.0 si,  0.0 st
%Cpu(s): 22.0 us,  6.7 sy,  0.0 ni, 67.6 id,  0.0 wa,  0.0 hi,  3.7 si,  0.0 st
%Cpu(s): 26.3 us,  6.9 sy,  0.0 ni, 62.8 id,  0.0 wa,  0.0 hi,  4.1 si,  0.0 st
%Cpu(s): 24.2 us,  7.9 sy,  0.0 ni, 64.0 id,  0.0 wa,  0.0 hi,  3.9 si,  0.0 st
%Cpu(s): 26.4 us,  7.9 sy,  0.0 ni, 62.7 id,  0.0 wa,  0.0 hi,  2.9 si,  0.0 st
%Cpu(s): 21.3 us,  8.2 sy,  0.0 ni, 66.7 id,  0.0 wa,  0.0 hi,  3.8 si,  0.0 st
%Cpu(s): 17.2 us,  7.4 sy,  0.0 ni, 72.8 id,  0.0 wa,  0.0 hi,  2.4 si,  0.1 st
%Cpu(s): 19.0 us,  7.1 sy,  0.0 ni, 71.6 id,  0.0 wa,  0.0 hi,  2.3 si,  0.0 st
%Cpu(s): 23.9 us,  8.9 sy,  0.0 ni, 63.4 id,  0.0 wa,  0.0 hi,  3.8 si,  0.0 st
%Cpu(s): 38.6 us,  7.5 sy,  0.0 ni, 50.4 id,  0.0 wa,  0.0 hi,  3.4 si,  0.0 st
%Cpu(s): 27.0 us,  6.7 sy,  0.0 ni, 62.8 id,  0.0 wa,  0.0 hi,  3.4 si,  0.0 st
%Cpu(s): 11.9 us,  6.5 sy,  0.0 ni, 78.3 id,  0.0 wa,  0.0 hi,  3.3 si,  0.0 st
%Cpu(s): 14.6 us,  7.7 sy,  0.0 ni, 74.2 id,  0.0 wa,  0.0 hi,  3.3 si,  0.1 st
%Cpu(s): 16.3 us,  8.4 sy,  0.0 ni, 72.3 id,  0.0 wa,  0.0 hi,  3.1 si,  0.0 st
%Cpu(s): 26.1 us,  8.3 sy,  0.0 ni, 63.1 id,  0.0 wa,  0.0 hi,  2.5 si,  0.0 st
%Cpu(s): 23.5 us,  8.5 sy,  0.0 ni, 65.0 id,  0.0 wa,  0.0 hi,  3.0 si,  0.0 st
%Cpu(s): 18.3 us,  7.6 sy,  0.0 ni, 69.9 id,  0.0 wa,  0.0 hi,  4.1 si,  0.0 st
%Cpu(s): 11.4 us,  7.4 sy,  0.0 ni, 77.0 id,  0.0 wa,  0.0 hi,  4.2 si,  0.0 st
%Cpu(s): 16.4 us,  5.6 sy,  0.0 ni, 74.2 id,  0.0 wa,  0.0 hi,  3.8 si,  0.0 st
%Cpu(s): 16.5 us,  7.9 sy,  0.0 ni, 71.4 id,  0.6 wa,  0.0 hi,  3.5 si,  0.0 st
%Cpu(s): 25.0 us,  7.2 sy,  0.0 ni, 63.7 id,  0.0 wa,  0.0 hi,  4.1 si,  0.0 st
%Cpu(s): 24.1 us,  8.0 sy,  0.0 ni, 64.4 id,  0.0 wa,  0.0 hi,  3.5 si,  0.0 st
%Cpu(s): 16.7 us,  8.1 sy,  0.0 ni, 71.7 id,  0.0 wa,  0.0 hi,  3.5 si,  0.0 st
%Cpu(s): 14.0 us,  6.2 sy,  0.0 ni, 76.1 id,  0.0 wa,  0.0 hi,  3.6 si,  0.1 st
%Cpu(s): 15.4 us,  7.4 sy,  0.0 ni, 74.5 id,  0.0 wa,  0.0 hi,  2.7 si,  0.0 st
%Cpu(s): 15.2 us,  7.2 sy,  0.0 ni, 74.4 id,  0.0 wa,  0.0 hi,  3.1 si,  0.0 st
%Cpu(s): 29.5 us,  8.6 sy,  0.0 ni, 58.8 id,  0.0 wa,  0.0 hi,  3.1 si,  0.0 st
%Cpu(s): 37.2 us,  7.8 sy,  0.0 ni, 52.6 id,  0.0 wa,  0.0 hi,  2.3 si,  0.1 st
%Cpu(s): 24.1 us,  7.4 sy,  0.0 ni, 65.8 id,  0.0 wa,  0.0 hi,  2.7 si,  0.0 st
%Cpu(s): 15.9 us,  7.3 sy,  0.0 ni, 74.4 id,  0.0 wa,  0.0 hi,  2.4 si,  0.0 st
%Cpu(s): 14.0 us,  6.2 sy,  0.0 ni, 77.4 id,  0.0 wa,  0.0 hi,  2.5 si,  0.0 st
%Cpu(s): 24.0 us,  7.3 sy,  0.0 ni, 66.0 id,  0.0 wa,  0.0 hi,  2.7 si,  0.0 st
%Cpu(s): 25.7 us,  7.2 sy,  0.0 ni, 64.0 id,  0.0 wa,  0.0 hi,  3.1 si,  0.0 st
%Cpu(s): 25.5 us,  7.7 sy,  0.0 ni, 63.7 id,  0.0 wa,  0.0 hi,  3.0 si,  0.0 st
%Cpu(s): 26.6 us,  6.6 sy,  0.0 ni, 64.0 id,  0.0 wa,  0.0 hi,  2.8 si,  0.0 st
%Cpu(s): 20.4 us,  8.0 sy,  0.0 ni, 68.7 id,  0.0 wa,  0.0 hi,  2.8 si,  0.0 st
%Cpu(s): 23.4 us,  6.6 sy,  0.0 ni, 66.6 id,  0.0 wa,  0.0 hi,  3.4 si,  0.0 st
%Cpu(s): 37.0 us,  7.6 sy,  0.0 ni, 52.2 id,  0.0 wa,  0.0 hi,  3.2 si,  0.0 st
%Cpu(s): 31.7 us,  7.6 sy,  0.0 ni, 57.9 id,  0.0 wa,  0.0 hi,  2.8 si,  0.0 st
%Cpu(s): 24.0 us,  8.2 sy,  0.0 ni, 64.9 id,  0.0 wa,  0.0 hi,  2.9 si,  0.0 st
%Cpu(s): 37.8 us,  5.6 sy,  0.0 ni, 53.4 id,  0.0 wa,  0.0 hi,  3.2 si,  0.0 st
%Cpu(s): 25.1 us,  6.9 sy,  0.0 ni, 65.7 id,  0.0 wa,  0.0 hi,  2.3 si,  0.0 st
%Cpu(s): 25.9 us,  6.9 sy,  0.0 ni, 64.1 id,  0.0 wa,  0.0 hi,  3.1 si,  0.0 st
%Cpu(s): 27.6 us,  6.7 sy,  0.0 ni, 63.2 id,  0.0 wa,  0.0 hi,  2.4 si,  0.0 st
%Cpu(s): 27.3 us,  6.7 sy,  0.0 ni, 62.8 id,  0.0 wa,  0.0 hi,  3.0 si,  0.1 st
%Cpu(s): 14.5 us,  6.1 sy,  0.0 ni, 76.4 id,  0.0 wa,  0.0 hi,  3.0 si,  0.0 st
%Cpu(s): 18.0 us,  6.2 sy,  0.0 ni, 72.9 id,  0.0 wa,  0.0 hi,  2.9 si,  0.0 st
%Cpu(s): 21.3 us,  5.9 sy,  0.0 ni, 70.3 id,  0.0 wa,  0.0 hi,  2.6 si,  0.0 st
%Cpu(s): 17.6 us,  5.4 sy,  0.0 ni, 74.7 id,  0.0 wa,  0.0 hi,  2.3 si,  0.0 st
%Cpu(s): 28.0 us,  5.1 sy,  0.0 ni, 64.5 id,  0.0 wa,  0.0 hi,  2.3 si,  0.1 st
%Cpu(s): 25.8 us,  5.7 sy,  0.0 ni, 65.9 id,  0.0 wa,  0.0 hi,  2.7 si,  0.0 st
%Cpu(s): 15.6 us,  6.1 sy,  0.0 ni, 76.2 id,  0.0 wa,  0.0 hi,  2.2 si,  0.0 st
%Cpu(s): 14.8 us,  5.3 sy,  0.0 ni, 78.0 id,  0.0 wa,  0.0 hi,  1.9 si,  0.0 st
