%Cpu(s):  4.9 us,  0.7 sy,  0.0 ni, 94.4 id,  0.0 wa,  0.0 hi,  0.1 si,  0.0 st
%Cpu(s): 19.4 us,  0.9 sy,  0.0 ni, 79.8 id,  0.0 wa,  0.0 hi,  0.0 si,  0.0 st
%Cpu(s): 26.4 us,  1.0 sy,  0.0 ni, 72.6 id,  0.0 wa,  0.0 hi,  0.0 si,  0.0 st
%Cpu(s): 28.4 us,  0.9 sy,  0.0 ni, 70.6 id,  0.0 wa,  0.0 hi,  0.1 si,  0.0 st
%Cpu(s): 19.5 us,  0.6 sy,  0.0 ni, 79.8 id,  0.0 wa,  0.0 hi,  0.0 si,  0.1 st
%Cpu(s): 30.8 us,  0.7 sy,  0.0 ni, 68.4 id,  0.0 wa,  0.0 hi,  0.0 si,  0.0 st
%Cpu(s): 36.1 us,  1.1 sy,  0.0 ni, 62.8 id,  0.0 wa,  0.0 hi,  0.0 si,  0.0 st
%Cpu(s):  3.0 us,  0.0 sy,  0.0 ni, 97.0 id,  0.0 wa,  0.0 hi,  0.0 si,  0.0 st
%Cpu(s):  0.1 us,  0.0 sy,  0.0 ni, 99.9 id,  0.0 wa,  0.0 hi,  0.0 si,  0.0 st
%Cpu(s): 15.7 us,  2.5 sy,  0.0 ni, 81.6 id,  0.0 wa,  0.0 hi,  0.1 si,  0.1 st
%Cpu(s): 88.9 us,  4.8 sy,  0.0 ni,  6.0 id,  0.0 wa,  0.0 hi,  0.1 si,  0.1 st
%Cpu(s): 85.4 us,  3.3 sy,  0.0 ni, 11.4 id,  0.0 wa,  0.0 hi,  0.0 si,  0.0 st
%Cpu(s): 79.5 us,  2.3 sy,  0.0 ni, 18.1 id,  0.0 wa,  0.0 hi,  0.1 si,  0.0 st
%Cpu(s): 96.6 us,  2.1 sy,  0.0 ni,  1.1 id,  0.0 wa,  0.0 hi,  0.1 si,  0.0 st
%Cpu(s): 96.0 us,  2.6 sy,  0.0 ni,  1.4 id,  0.0 wa,  0.0 hi,  0.0 si,  0.0 st
%Cpu(s): 96.5 us,  2.6 sy,  0.0 ni,  0.9 id,  0.0 wa,  0.0 hi,  0.0 si,  0.0 st
%Cpu(s): 96.0 us,  2.1 sy,  0.0 ni,  1.7 id,  0.0 wa,  0.0 hi,  0.1 si,  0.0 st
%Cpu(s): 74.9 us,  1.7 sy,  0.0 ni, 23.2 id,  0.0 wa,  0.0 hi,  0.1 si,  0.0 st
%Cpu(s): 42.1 us,  2.9 sy,  0.0 ni, 54.5 id,  0.0 wa,  0.0 hi,  0.5 si,  0.0 st
%Cpu(s): 55.8 us,  3.5 sy,  0.0 ni, 40.0 id,  0.1 wa,  0.0 hi,  0.4 si,  0.1 st
%Cpu(s): 56.4 us,  3.9 sy,  0.0 ni, 39.4 id,  0.0 wa,  0.0 hi,  0.4 si,  0.0 st
%Cpu(s): 57.4 us,  4.7 sy,  0.0 ni, 37.2 id,  0.0 wa,  0.0 hi,  0.8 si,  0.0 st
%Cpu(s): 51.2 us,  3.9 sy,  0.0 ni, 44.0 id,  0.0 wa,  0.0 hi,  0.9 si,  0.0 st
%Cpu(s): 60.4 us,  4.3 sy,  0.0 ni, 34.2 id,  0.0 wa,  0.0 hi,  1.1 si,  0.0 st
%Cpu(s): 66.0 us,  5.3 sy,  0.0 ni, 27.3 id,  0.0 wa,  0.0 hi,  1.4 si,  0.0 st
%Cpu(s): 25.8 us,  4.8 sy,  0.0 ni, 68.1 id,  0.0 wa,  0.0 hi,  1.4 si,  0.0 st
%Cpu(s): 13.1 us,  4.8 sy,  0.0 ni, 81.2 id,  0.0 wa,  0.0 hi,  0.6 si,  0.1 st
%Cpu(s): 22.4 us,  4.6 sy,  0.0 ni, 72.1 id,  0.0 wa,  0.0 hi,  0.9 si,  0.0 st
%Cpu(s):  7.3 us,  5.0 sy,  0.0 ni, 87.0 id,  0.0 wa,  0.0 hi,  0.5 si,  0.1 st
%Cpu(s): 11.8 us,  4.3 sy,  0.0 ni, 83.1 id,  0.0 wa,  0.0 hi,  0.9 si,  0.0 st
%Cpu(s):  8.7 us,  4.3 sy,  0.0 ni, 86.1 id,  0.0 wa,  0.0 hi,  0.9 si,  0.0 st
%Cpu(s):  9.8 us,  4.1 sy,  0.0 ni, 85.5 id,  0.0 wa,  0.0 hi,  0.5 si,  0.0 st
%Cpu(s):  9.0 us,  4.1 sy,  0.0 ni, 86.6 id,  0.0 wa,  0.0 hi,  0.3 si,  0.0 st
%Cpu(s): 20.7 us,  4.1 sy,  0.0 ni, 74.6 id,  0.0 wa,  0.0 hi,  0.6 si,  0.0 st
%Cpu(s): 18.8 us,  4.2 sy,  0.0 ni, 76.6 id,  0.0 wa,  0.0 hi,  0.4 si,  0.0 st
%Cpu(s): 11.5 us,  4.2 sy,  0.0 ni, 83.1 id,  0.0 wa,  0.0 hi,  1.1 si,  0.1 st
%Cpu(s): 11.8 us,  4.8 sy,  0.0 ni, 82.8 id,  0.0 wa,  0.0 hi,  0.6 si,  0.0 st
%Cpu(s): 13.1 us,  4.7 sy,  0.0 ni, 81.7 id,  0.0 wa,  0.0 hi,  0.4 si,  0.1 st
%Cpu(s): 29.4 us,  4.8 sy,  0.0 ni, 65.3 id,  0.0 wa,  0.0 hi,  0.5 si,  0.0 st
%Cpu(s):  8.3 us,  4.4 sy,  0.0 ni, 86.0 id,  0.0 wa,  0.0 hi,  0.8 si,  0.5 st
%Cpu(s):  6.0 us,  4.4 sy,  0.0 ni, 88.8 id,  0.0 wa,  0.0 hi,  0.8 si,  0.0 st
%Cpu(s):  8.2 us,  4.5 sy,  0.0 ni, 86.3 id,  0.0 wa,  0.0 hi,  1.0 si,  0.0 st
%Cpu(s):  7.6 us,  4.4 sy,  0.0 ni, 87.7 id,  0.0 wa,  0.0 hi,  0.4 si,  0.0 st
%Cpu(s):  6.9 us,  4.0 sy,  0.0 ni, 88.3 id,  0.0 wa,  0.0 hi,  0.8 si,  0.0 st
%Cpu(s): 13.2 us,  4.3 sy,  0.0 ni, 81.1 id,  0.0 wa,  0.0 hi,  1.4 si,  0.0 st
%Cpu(s):  7.6 us,  4.1 sy,  0.0 ni, 87.7 id,  0.0 wa,  0.0 hi,  0.6 si,  0.0 st
%Cpu(s):  9.1 us,  4.1 sy,  0.0 ni, 86.3 id,  0.0 wa,  0.0 hi,  0.3 si,  0.3 st
%Cpu(s): 12.8 us,  4.3 sy,  0.0 ni, 82.5 id,  0.0 wa,  0.0 hi,  0.4 si,  0.0 st
%Cpu(s): 17.0 us,  4.1 sy,  0.0 ni, 78.3 id,  0.0 wa,  0.0 hi,  0.6 si,  0.0 st
%Cpu(s): 21.7 us,  5.0 sy,  0.0 ni, 72.9 id,  0.0 wa,  0.0 hi,  0.4 si,  0.0 st
%Cpu(s): 16.0 us,  3.8 sy,  0.0 ni, 79.2 id,  0.0 wa,  0.0 hi,  0.9 si,  0.1 st
%Cpu(s):  6.7 us,  3.4 sy,  0.0 ni, 89.2 id,  0.0 wa,  0.0 hi,  0.8 si,  0.0 st
%Cpu(s):  7.2 us,  4.4 sy,  0.0 ni, 87.8 id,  0.0 wa,  0.0 hi,  0.6 si,  0.0 st
%Cpu(s):  6.7 us,  4.6 sy,  0.0 ni, 87.8 id,  0.0 wa,  0.0 hi,  0.8 si,  0.1 st
%Cpu(s):  5.9 us,  4.0 sy,  0.0 ni, 89.7 id,  0.1 wa,  0.0 hi,  0.4 si,  0.0 st
%Cpu(s):  6.5 us,  5.6 sy,  0.0 ni, 87.6 id,  0.0 wa,  0.0 hi,  0.3 si,  0.0 st
%Cpu(s): 10.0 us,  4.3 sy,  0.0 ni, 85.2 id,  0.0 wa,  0.0 hi,  0.5 si,  0.0 st
%Cpu(s):  8.7 us,  4.0 sy,  0.0 ni, 86.0 id,  0.0 wa,  0.0 hi,  1.3 si,  0.0 st
%Cpu(s):  6.9 us,  4.9 sy,  0.0 ni, 87.5 id,  0.0 wa,  0.0 hi,  0.6 si,  0.0 st
%Cpu(s):  6.5 us,  4.1 sy,  0.0 ni, 88.6 id,  0.0 wa,  0.0 hi,  0.8 si,  0.1 st
%Cpu(s):  6.5 us,  5.3 sy,  0.0 ni, 87.6 id,  0.0 wa,  0.0 hi,  0.4 si,  0.3 st
%Cpu(s):  7.8 us,  4.5 sy,  0.0 ni, 86.7 id,  0.0 wa,  0.0 hi,  1.0 si,  0.0 st
%Cpu(s):  6.8 us,  4.5 sy,  0.0 ni, 87.9 id,  0.0 wa,  0.0 hi,  0.8 si,  0.0 st
%Cpu(s):  5.8 us,  4.4 sy,  0.0 ni, 89.1 id,  0.0 wa,  0.0 hi,  0.8 si,  0.0 st
%Cpu(s):  7.2 us,  4.1 sy,  0.0 ni, 88.0 id,  0.0 wa,  0.0 hi,  0.8 si,  0.0 st
%Cpu(s):  6.1 us,  3.8 sy,  0.0 ni, 89.1 id,  0.0 wa,  0.0 hi,  0.8 si,  0.1 st
%Cpu(s):  8.8 us,  4.9 sy,  0.0 ni, 86.0 id,  0.0 wa,  0.0 hi,  0.3 si,  0.0 st
%Cpu(s): 13.8 us,  3.9 sy,  0.0 ni, 81.0 id,  0.0 wa,  0.0 hi,  1.1 si,  0.1 st
%Cpu(s): 11.9 us,  3.2 sy,  0.0 ni, 84.3 id,  0.0 wa,  0.0 hi,  0.6 si,  0.0 st
%Cpu(s):  9.1 us,  3.9 sy,  0.0 ni, 85.4 id,  0.0 wa,  0.0 hi,  1.1 si,  0.4 st
