%Cpu(s):  1.4 us,  0.7 sy,  0.0 ni, 97.7 id,  0.0 wa,  0.0 hi,  0.1 si,  0.1 st
%Cpu(s): 16.7 us,  0.7 sy,  0.0 ni, 82.4 id,  0.0 wa,  0.0 hi,  0.1 si,  0.0 st
%Cpu(s):  0.5 us,  0.0 sy,  0.0 ni, 99.5 id,  0.0 wa,  0.0 hi,  0.0 si,  0.0 st
%Cpu(s):  0.0 us,  0.1 sy,  0.0 ni, 99.9 id,  0.0 wa,  0.0 hi,  0.0 si,  0.0 st
%Cpu(s): 35.9 us,  2.6 sy,  0.0 ni, 61.5 id,  0.0 wa,  0.0 hi,  0.0 si,  0.0 st
%Cpu(s): 53.9 us,  2.0 sy,  0.0 ni, 43.9 id,  0.0 wa,  0.0 hi,  0.0 si,  0.3 st
%Cpu(s): 77.2 us,  2.4 sy,  0.0 ni, 20.4 id,  0.0 wa,  0.0 hi,  0.0 si,  0.0 st
%Cpu(s): 37.6 us,  1.2 sy,  0.0 ni, 61.0 id,  0.0 wa,  0.0 hi,  0.0 si,  0.1 st
%Cpu(s): 41.5 us,  2.7 sy,  0.0 ni, 54.7 id,  0.1 wa,  0.0 hi,  0.7 si,  0.1 st
%Cpu(s): 55.7 us,  4.5 sy,  0.0 ni, 38.1 id,  0.0 wa,  0.0 hi,  1.6 si,  0.1 st
%Cpu(s): 19.2 us,  4.6 sy,  0.0 ni, 74.2 id,  0.0 wa,  0.0 hi,  2.0 si,  0.0 st
%Cpu(s): 14.7 us,  4.4 sy,  0.0 ni, 79.1 id,  0.0 wa,  0.0 hi,  1.9 si,  0.0 st
%Cpu(s): 12.4 us,  4.5 sy,  0.0 ni, 81.0 id,  0.0 wa,  0.0 hi,  2.1 si,  0.0 st
%Cpu(s): 14.7 us,  4.7 sy,  0.0 ni, 77.6 id,  0.1 wa,  0.0 hi,  2.9 si,  0.0 st
%Cpu(s): 20.8 us,  4.0 sy,  0.0 ni, 73.7 id,  0.0 wa,  0.0 hi,  1.4 si,  0.1 st
%Cpu(s):  8.0 us,  4.2 sy,  0.0 ni, 85.9 id,  0.0 wa,  0.0 hi,  1.8 si,  0.1 st
%Cpu(s):  8.2 us,  3.8 sy,  0.0 ni, 86.5 id,  0.0 wa,  0.0 hi,  1.5 si,  0.0 st
%Cpu(s):  6.6 us,  4.6 sy,  0.0 ni, 87.4 id,  0.0 wa,  0.0 hi,  1.4 si,  0.0 st
%Cpu(s):  8.2 us,  6.2 sy,  0.0 ni, 83.9 id,  0.0 wa,  0.0 hi,  1.6 si,  0.0 st
%Cpu(s): 18.1 us,  5.1 sy,  0.0 ni, 75.0 id,  0.0 wa,  0.0 hi,  1.9 si,  0.0 st
%Cpu(s): 14.1 us,  4.5 sy,  0.0 ni, 79.3 id,  0.0 wa,  0.0 hi,  1.9 si,  0.1 st
%Cpu(s):  8.8 us,  4.8 sy,  0.0 ni, 85.1 id,  0.0 wa,  0.0 hi,  1.4 si,  0.0 st
%Cpu(s):  9.3 us,  5.6 sy,  0.0 ni, 83.7 id,  0.0 wa,  0.0 hi,  1.4 si,  0.0 st
%Cpu(s):  8.7 us,  5.7 sy,  0.0 ni, 83.9 id,  0.0 wa,  0.0 hi,  1.5 si,  0.1 st
%Cpu(s): 21.9 us,  4.6 sy,  0.0 ni, 71.8 id,  0.0 wa,  0.0 hi,  1.8 si,  0.0 st
%Cpu(s): 12.2 us,  5.8 sy,  0.0 ni, 80.4 id,  0.0 wa,  0.0 hi,  1.6 si,  0.0 st
%Cpu(s):  8.8 us,  5.6 sy,  0.0 ni, 84.3 id,  0.0 wa,  0.0 hi,  1.1 si,  0.1 st
%Cpu(s):  8.5 us,  5.4 sy,  0.0 ni, 84.8 id,  0.0 wa,  0.0 hi,  1.3 si,  0.0 st
%Cpu(s): 11.6 us,  4.5 sy,  0.0 ni, 82.2 id,  0.0 wa,  0.0 hi,  1.8 si,  0.0 st
%Cpu(s): 20.4 us,  4.6 sy,  0.0 ni, 73.2 id,  0.0 wa,  0.0 hi,  1.7 si,  0.1 st
%Cpu(s):  7.5 us,  4.7 sy,  0.0 ni, 85.5 id,  0.0 wa,  0.0 hi,  2.3 si,  0.0 st
%Cpu(s):  8.3 us,  5.3 sy,  0.0 ni, 84.8 id,  0.0 wa,  0.0 hi,  1.6 si,  0.0 st
%Cpu(s):  8.7 us,  5.1 sy,  0.0 ni, 84.7 id,  0.0 wa,  0.0 hi,  1.5 si,  0.0 st
%Cpu(s): 16.0 us,  4.8 sy,  0.0 ni, 77.9 id,  0.0 wa,  0.0 hi,  1.3 si,  0.0 st
%Cpu(s): 15.2 us,  4.3 sy,  0.0 ni, 78.4 id,  0.0 wa,  0.0 hi,  2.0 si,  0.0 st
%Cpu(s):  8.1 us,  5.4 sy,  0.0 ni, 85.0 id,  0.0 wa,  0.0 hi,  1.5 si,  0.0 st
%Cpu(s):  8.6 us,  4.2 sy,  0.0 ni, 84.8 id,  0.0 wa,  0.0 hi,  2.3 si,  0.1 st
%Cpu(s):  8.5 us,  4.5 sy,  0.0 ni, 85.1 id,  0.0 wa,  0.0 hi,  1.9 si,  0.0 st
%Cpu(s): 28.2 us,  5.1 sy,  0.0 ni, 64.9 id,  0.0 wa,  0.0 hi,  1.8 si,  0.0 st
%Cpu(s): 16.0 us,  5.2 sy,  0.0 ni, 77.2 id,  0.0 wa,  0.0 hi,  1.6 si,  0.0 st
%Cpu(s):  9.3 us,  5.8 sy,  0.0 ni, 83.0 id,  0.0 wa,  0.0 hi,  1.9 si,  0.0 st
%Cpu(s):  8.8 us,  4.8 sy,  0.0 ni, 83.9 id,  0.0 wa,  0.0 hi,  2.4 si,  0.1 st
%Cpu(s):  9.8 us,  5.5 sy,  0.0 ni, 83.2 id,  0.0 wa,  0.0 hi,  1.5 si,  0.0 st
%Cpu(s): 19.9 us,  6.2 sy,  0.0 ni, 70.6 id,  1.5 wa,  0.0 hi,  1.8 si,  0.0 st
%Cpu(s): 12.5 us,  6.4 sy,  0.0 ni, 79.5 id,  0.0 wa,  0.0 hi,  1.7 si,  0.0 st
%Cpu(s):  8.1 us,  6.1 sy,  0.0 ni, 84.2 id,  0.0 wa,  0.0 hi,  1.5 si,  0.1 st
%Cpu(s):  9.6 us,  5.2 sy,  0.0 ni, 83.4 id,  0.0 wa,  0.0 hi,  1.8 si,  0.0 st
%Cpu(s): 15.4 us,  5.4 sy,  0.0 ni, 76.7 id,  0.0 wa,  0.0 hi,  2.5 si,  0.0 st
%Cpu(s): 17.7 us,  6.3 sy,  0.0 ni, 73.1 id,  0.0 wa,  0.0 hi,  2.9 si,  0.0 st
%Cpu(s):  7.3 us,  5.1 sy,  0.0 ni, 85.3 id,  0.0 wa,  0.0 hi,  2.2 si,  0.1 st
%Cpu(s):  7.5 us,  5.2 sy,  0.0 ni, 85.4 id,  0.0 wa,  0.0 hi,  1.9 si,  0.0 st
%Cpu(s):  8.6 us,  4.5 sy,  0.0 ni, 85.1 id,  0.0 wa,  0.0 hi,  1.8 si,  0.0 st
%Cpu(s): 17.8 us,  4.5 sy,  0.0 ni, 76.1 id,  0.0 wa,  0.0 hi,  1.5 si,  0.0 st
%Cpu(s): 14.7 us,  5.7 sy,  0.0 ni, 77.9 id,  0.0 wa,  0.0 hi,  1.6 si,  0.1 st
%Cpu(s):  9.1 us,  4.7 sy,  0.0 ni, 84.7 id,  0.0 wa,  0.0 hi,  1.5 si,  0.0 st
%Cpu(s):  7.4 us,  5.4 sy,  0.0 ni, 85.8 id,  0.0 wa,  0.0 hi,  1.4 si,  0.0 st
%Cpu(s):  9.4 us,  6.8 sy,  0.0 ni, 82.3 id,  0.0 wa,  0.0 hi,  1.4 si,  0.1 st
%Cpu(s): 20.5 us,  5.3 sy,  0.0 ni, 72.3 id,  0.0 wa,  0.0 hi,  1.8 si,  0.1 st
%Cpu(s): 12.5 us,  5.6 sy,  0.0 ni, 79.6 id,  0.0 wa,  0.0 hi,  2.2 si,  0.0 st
%Cpu(s):  7.9 us,  5.4 sy,  0.0 ni, 84.5 id,  0.1 wa,  0.0 hi,  2.0 si,  0.0 st
%Cpu(s):  7.9 us,  4.5 sy,  0.0 ni, 85.6 id,  0.0 wa,  0.0 hi,  1.9 si,  0.0 st
%Cpu(s): 13.4 us,  4.7 sy,  0.0 ni, 79.6 id,  0.0 wa,  0.0 hi,  2.3 si,  0.0 st
%Cpu(s): 19.5 us,  6.1 sy,  0.0 ni, 72.3 id,  0.0 wa,  0.0 hi,  2.0 si,  0.0 st
%Cpu(s):  9.0 us,  4.5 sy,  0.0 ni, 84.1 id,  0.0 wa,  0.0 hi,  2.4 si,  0.0 st
%Cpu(s):  9.0 us,  4.4 sy,  0.0 ni, 84.7 id,  0.0 wa,  0.0 hi,  1.8 si,  0.1 st
%Cpu(s):  9.8 us,  5.0 sy,  0.0 ni, 83.8 id,  0.0 wa,  0.0 hi,  1.4 si,  0.0 st
%Cpu(s): 24.0 us,  5.7 sy,  0.0 ni, 68.6 id,  0.0 wa,  0.0 hi,  1.7 si,  0.0 st
%Cpu(s): 24.5 us,  6.1 sy,  0.0 ni, 67.1 id,  0.0 wa,  0.0 hi,  2.3 si,  0.0 st
%Cpu(s): 12.0 us,  3.8 sy,  0.0 ni, 82.5 id,  0.0 wa,  0.0 hi,  1.7 si,  0.0 st
%Cpu(s):  7.1 us,  4.8 sy,  0.0 ni, 86.8 id,  0.0 wa,  0.0 hi,  1.3 si,  0.0 st
%Cpu(s):  9.6 us,  3.6 sy,  0.0 ni, 85.0 id,  0.0 wa,  0.0 hi,  1.6 si,  0.1 st
