%Cpu(s):  3.5 us,  0.8 sy,  0.0 ni, 95.6 id,  0.0 wa,  0.0 hi,  0.1 si,  0.1 st
%Cpu(s): 25.4 us,  0.6 sy,  0.0 ni, 73.8 id,  0.0 wa,  0.0 hi,  0.0 si,  0.1 st
%Cpu(s):  0.7 us,  0.1 sy,  0.0 ni, 99.1 id,  0.0 wa,  0.0 hi,  0.0 si,  0.0 st
%Cpu(s):  0.1 us,  0.1 sy,  0.0 ni, 99.8 id,  0.0 wa,  0.0 hi,  0.0 si,  0.0 st
%Cpu(s): 31.4 us,  4.0 sy,  0.0 ni, 64.1 id,  0.1 wa,  0.0 hi,  0.2 si,  0.1 st
%Cpu(s): 84.5 us,  3.1 sy,  0.0 ni, 12.4 id,  0.0 wa,  0.0 hi,  0.0 si,  0.0 st
%Cpu(s): 79.8 us,  2.6 sy,  0.0 ni, 17.5 id,  0.0 wa,  0.0 hi,  0.0 si,  0.0 st
%Cpu(s): 94.9 us,  3.0 sy,  0.0 ni,  2.1 id,  0.0 wa,  0.0 hi,  0.0 si,  0.0 st
%Cpu(s): 96.1 us,  2.4 sy,  0.0 ni,  1.5 id,  0.0 wa,  0.0 hi,  0.0 si,  0.0 st
%Cpu(s): 72.8 us,  1.4 sy,  0.0 ni, 25.6 id,  0.0 wa,  0.0 hi,  0.1 si,  0.1 st
%Cpu(s): 14.7 us,  1.9 sy,  0.0 ni, 83.0 id,  0.0 wa,  0.0 hi,  0.2 si,  0.1 st
%Cpu(s):  8.1 us,  2.1 sy,  0.0 ni, 89.4 id,  0.0 wa,  0.0 hi,  0.1 si,  0.3 st
%Cpu(s):  7.4 us,  2.6 sy,  0.0 ni, 89.8 id,  0.0 wa,  0.0 hi,  0.0 si,  0.1 st
%Cpu(s):  7.2 us,  2.6 sy,  0.0 ni, 89.6 id,  0.0 wa,  0.0 hi,  0.1 si,  0.4 st
%Cpu(s):  6.9 us,  2.8 sy,  0.0 ni, 90.4 id,  0.0 wa,  0.0 hi,  0.0 si,  0.0 st
%Cpu(s): 11.7 us,  2.1 sy,  0.0 ni, 85.8 id,  0.0 wa,  0.0 hi,  0.0 si,  0.4 st
%Cpu(s):  4.5 us,  2.5 sy,  0.0 ni, 92.7 id,  0.0 wa,  0.0 hi,  0.1 si,  0.1 st
%Cpu(s):  3.1 us,  2.3 sy,  0.0 ni, 94.4 id,  0.0 wa,  0.0 hi,  0.0 si,  0.3 st
%Cpu(s):  7.7 us,  1.5 sy,  0.0 ni, 90.3 id,  0.1 wa,  0.0 hi,  0.0 si,  0.4 st
%Cpu(s): 13.5 us,  2.3 sy,  0.0 ni, 84.0 id,  0.0 wa,  0.0 hi,  0.0 si,  0.3 st
%Cpu(s): 34.1 us,  2.5 sy,  0.0 ni, 62.8 id,  0.0 wa,  0.0 hi,  0.4 si,  0.1 st
%Cpu(s): 62.6 us,  5.9 sy,  0.0 ni, 30.5 id,  0.0 wa,  0.0 hi,  1.0 si,  0.0 st
%Cpu(s): 80.3 us,  4.2 sy,  0.0 ni, 14.1 id,  0.0 wa,  0.0 hi,  1.4 si,  0.0 st
%Cpu(s): 79.6 us,  5.1 sy,  0.0 ni, 14.0 id,  0.0 wa,  0.0 hi,  1.2 si,  0.0 st
%Cpu(s): 62.6 us,  5.0 sy,  0.0 ni, 31.4 id,  0.0 wa,  0.0 hi,  1.0 si,  0.0 st
%Cpu(s): 21.6 us,  5.3 sy,  0.0 ni, 72.7 id,  0.0 wa,  0.0 hi,  0.4 si,  0.1 st
%Cpu(s): 10.8 us,  6.1 sy,  0.0 ni, 82.1 id,  0.0 wa,  0.0 hi,  0.9 si,  0.1 st
%Cpu(s): 17.8 us,  4.6 sy,  0.0 ni, 77.5 id,  0.0 wa,  0.0 hi,  0.1 si,  0.0 st
%Cpu(s): 10.4 us,  6.2 sy,  0.0 ni, 82.6 id,  0.0 wa,  0.0 hi,  0.9 si,  0.0 st
%Cpu(s):  7.0 us,  5.2 sy,  0.0 ni, 87.4 id,  0.0 wa,  0.0 hi,  0.4 si,  0.0 st
%Cpu(s):  8.6 us,  5.5 sy,  0.0 ni, 85.2 id,  0.0 wa,  0.0 hi,  0.7 si,  0.0 st
%Cpu(s):  8.7 us,  5.3 sy,  0.0 ni, 85.1 id,  0.0 wa,  0.0 hi,  0.8 si,  0.1 st
%Cpu(s):  8.1 us,  5.4 sy,  0.0 ni, 86.1 id,  0.0 wa,  0.0 hi,  0.4 si,  0.0 st
%Cpu(s): 11.5 us,  4.4 sy,  0.0 ni, 83.0 id,  0.0 wa,  0.0 hi,  1.0 si,  0.1 st
%Cpu(s): 12.7 us,  5.6 sy,  0.0 ni, 80.8 id,  0.0 wa,  0.0 hi,  1.0 si,  0.0 st
%Cpu(s): 11.6 us,  5.2 sy,  0.0 ni, 82.5 id,  0.0 wa,  0.0 hi,  0.8 si,  0.0 st
%Cpu(s): 11.5 us,  5.5 sy,  0.0 ni, 82.3 id,  0.0 wa,  0.0 hi,  0.8 si,  0.0 st
%Cpu(s): 12.3 us,  5.8 sy,  0.0 ni, 80.8 id,  0.0 wa,  0.0 hi,  1.1 si,  0.0 st
%Cpu(s): 16.7 us,  4.2 sy,  0.0 ni, 78.0 id,  0.0 wa,  0.0 hi,  0.9 si,  0.1 st
%Cpu(s):  8.4 us,  5.4 sy,  0.0 ni, 85.1 id,  0.1 wa,  0.0 hi,  1.0 si,  0.0 st
%Cpu(s): 11.0 us,  5.6 sy,  0.0 ni, 82.7 id,  0.0 wa,  0.0 hi,  0.5 si,  0.1 st
%Cpu(s):  8.9 us,  5.3 sy,  0.0 ni, 85.3 id,  0.0 wa,  0.0 hi,  0.5 si,  0.0 st
%Cpu(s):  7.7 us,  6.0 sy,  0.0 ni, 85.0 id,  0.0 wa,  0.0 hi,  1.3 si,  0.0 st
%Cpu(s):  9.4 us,  4.9 sy,  0.0 ni, 85.1 id,  0.0 wa,  0.0 hi,  0.5 si,  0.1 st
%Cpu(s):  6.2 us,  5.4 sy,  0.0 ni, 87.6 id,  0.0 wa,  0.0 hi,  0.8 si,  0.0 st
%Cpu(s):  6.8 us,  5.4 sy,  0.0 ni, 87.1 id,  0.0 wa,  0.0 hi,  0.8 si,  0.0 st
%Cpu(s):  7.4 us,  5.3 sy,  0.0 ni, 86.4 id,  0.0 wa,  0.0 hi,  0.9 si,  0.0 st
%Cpu(s):  8.0 us,  5.2 sy,  0.0 ni, 85.8 id,  0.0 wa,  0.0 hi,  0.9 si,  0.1 st
%Cpu(s):  7.5 us,  4.8 sy,  0.0 ni, 86.9 id,  0.0 wa,  0.0 hi,  0.8 si,  0.0 st
%Cpu(s): 10.6 us,  5.5 sy,  0.0 ni, 83.3 id,  0.0 wa,  0.0 hi,  0.6 si,  0.0 st
%Cpu(s): 13.6 us,  4.9 sy,  0.0 ni, 80.0 id,  0.0 wa,  0.0 hi,  1.4 si,  0.1 st
%Cpu(s): 11.1 us,  5.6 sy,  0.0 ni, 82.5 id,  0.0 wa,  0.0 hi,  0.8 si,  0.0 st
%Cpu(s): 13.3 us,  4.4 sy,  0.0 ni, 82.1 id,  0.0 wa,  0.0 hi,  0.3 si,  0.0 st
%Cpu(s):  7.1 us,  6.7 sy,  0.0 ni, 83.3 id,  2.3 wa,  0.0 hi,  0.6 si,  0.0 st
%Cpu(s):  8.1 us,  4.7 sy,  0.0 ni, 86.2 id,  0.0 wa,  0.0 hi,  0.9 si,  0.1 st
%Cpu(s):  6.7 us,  6.3 sy,  0.0 ni, 86.3 id,  0.0 wa,  0.0 hi,  0.8 si,  0.0 st
%Cpu(s):  6.4 us,  5.7 sy,  0.0 ni, 86.7 id,  0.0 wa,  0.0 hi,  1.1 si,  0.0 st
%Cpu(s):  7.0 us,  4.7 sy,  0.0 ni, 87.3 id,  0.0 wa,  0.0 hi,  0.9 si,  0.1 st
%Cpu(s):  8.5 us,  4.3 sy,  0.0 ni, 86.4 id,  0.0 wa,  0.0 hi,  0.8 si,  0.0 st
%Cpu(s):  6.7 us,  5.3 sy,  0.0 ni, 87.1 id,  0.0 wa,  0.0 hi,  0.8 si,  0.1 st
%Cpu(s): 18.4 us,  5.7 sy,  0.0 ni, 75.2 id,  0.0 wa,  0.0 hi,  0.8 si,  0.0 st
%Cpu(s): 18.8 us,  5.0 sy,  0.0 ni, 75.8 id,  0.0 wa,  0.0 hi,  0.5 si,  0.0 st
%Cpu(s): 12.9 us,  5.7 sy,  0.0 ni, 80.6 id,  0.0 wa,  0.0 hi,  0.8 si,  0.0 st
%Cpu(s):  7.4 us,  5.1 sy,  0.0 ni, 86.5 id,  0.0 wa,  0.0 hi,  1.0 si,  0.0 st
%Cpu(s):  6.8 us,  5.0 sy,  0.0 ni, 87.0 id,  0.1 wa,  0.0 hi,  1.0 si,  0.0 st
%Cpu(s):  7.0 us,  4.3 sy,  0.0 ni, 88.2 id,  0.0 wa,  0.0 hi,  0.4 si,  0.1 st
%Cpu(s):  9.8 us,  5.0 sy,  0.0 ni, 84.3 id,  0.0 wa,  0.0 hi,  0.9 si,  0.0 st
