%Cpu(s):  0.4 us,  0.1 sy,  0.0 ni, 99.5 id,  0.0 wa,  0.0 hi,  0.0 si,  0.0 st
%Cpu(s):  2.4 us,  2.6 sy,  0.0 ni, 95.0 id,  0.0 wa,  0.0 hi,  0.0 si,  0.0 st
%Cpu(s):  2.6 us,  1.9 sy,  0.0 ni, 95.2 id,  0.0 wa,  0.0 hi,  0.1 si,  0.1 st
%Cpu(s):  2.8 us,  1.8 sy,  0.0 ni, 95.3 id,  0.0 wa,  0.0 hi,  0.0 si,  0.1 st
%Cpu(s):  2.3 us,  1.9 sy,  0.0 ni, 95.8 id,  0.0 wa,  0.0 hi,  0.0 si,  0.0 st
%Cpu(s):  8.3 us,  1.5 sy,  0.0 ni, 90.1 id,  0.0 wa,  0.0 hi,  0.0 si,  0.1 st
%Cpu(s): 13.0 us,  2.6 sy,  0.0 ni, 84.4 id,  0.0 wa,  0.0 hi,  0.0 si,  0.0 st
%Cpu(s): 62.0 us,  4.3 sy,  0.0 ni, 33.1 id,  0.0 wa,  0.0 hi,  0.5 si,  0.1 st
%Cpu(s): 87.2 us,  6.5 sy,  0.0 ni,  5.0 id,  0.0 wa,  0.0 hi,  1.4 si,  0.0 st
%Cpu(s): 91.6 us,  6.2 sy,  0.0 ni,  1.1 id,  0.0 wa,  0.0 hi,  1.0 si,  0.0 st
%Cpu(s): 93.4 us,  5.1 sy,  0.0 ni,  0.4 id,  0.0 wa,  0.0 hi,  1.1 si,  0.0 st
%Cpu(s): 91.9 us,  6.1 sy,  0.0 ni,  0.9 id,  0.0 wa,  0.0 hi,  1.1 si,  0.0 st
%Cpu(s): 90.8 us,  6.8 sy,  0.0 ni,  0.5 id,  0.0 wa,  0.0 hi,  1.9 si,  0.0 st
%Cpu(s): 88.4 us,  5.0 sy,  0.0 ni,  5.1 id,  0.0 wa,  0.0 hi,  1.5 si,  0.0 st
%Cpu(s): 54.0 us,  5.8 sy,  0.0 ni, 39.0 id,  0.0 wa,  0.0 hi,  1.2 si,  0.0 st
%Cpu(s): 49.6 us,  4.3 sy,  0.0 ni, 44.3 id,  0.0 wa,  0.0 hi,  1.8 si,  0.0 st
%Cpu(s): 55.6 us,  4.8 sy,  0.0 ni, 38.5 id,  0.0 wa,  0.0 hi,  0.9 si,  0.3 st
%Cpu(s): 59.8 us,  5.7 sy,  0.0 ni, 33.2 id,  0.0 wa,  0.0 hi,  1.3 si,  0.0 st
%Cpu(s): 43.0 us,  5.2 sy,  0.0 ni, 50.3 id,  0.0 wa,  0.0 hi,  1.5 si,  0.0 st
%Cpu(s): 19.7 us,  5.4 sy,  0.0 ni, 74.4 id,  0.0 wa,  0.0 hi,  0.5 si,  0.0 st
%Cpu(s): 21.4 us,  4.6 sy,  0.0 ni, 73.4 id,  0.0 wa,  0.0 hi,  0.6 si,  0.0 st
%Cpu(s): 17.5 us,  5.5 sy,  0.0 ni, 76.5 id,  0.0 wa,  0.0 hi,  0.4 si,  0.0 st
%Cpu(s): 11.4 us,  6.2 sy,  0.0 ni, 81.8 id,  0.0 wa,  0.0 hi,  0.6 si,  0.0 st
%Cpu(s): 15.3 us,  7.3 sy,  0.0 ni, 76.9 id,  0.0 wa,  0.0 hi,  0.5 si,  0.0 st
%Cpu(s): 15.9 us,  5.8 sy,  0.0 ni, 77.4 id,  0.0 wa,  0.0 hi,  0.9 si,  0.1 st
%Cpu(s): 19.4 us,  6.2 sy,  0.0 ni, 73.8 id,  0.0 wa,  0.0 hi,  0.5 si,  0.1 st
%Cpu(s): 14.3 us,  6.8 sy,  0.0 ni, 77.9 id,  0.1 wa,  0.0 hi,  0.9 si,  0.0 st
%Cpu(s): 12.9 us,  5.6 sy,  0.0 ni, 80.8 id,  0.0 wa,  0.0 hi,  0.8 si,  0.0 st
%Cpu(s): 12.4 us,  6.1 sy,  0.0 ni, 81.0 id,  0.0 wa,  0.0 hi,  0.5 si,  0.0 st
%Cpu(s): 10.5 us,  4.7 sy,  0.0 ni, 84.0 id,  0.0 wa,  0.0 hi,  0.8 si,  0.0 st
%Cpu(s): 14.4 us,  5.8 sy,  0.0 ni, 79.2 id,  0.0 wa,  0.0 hi,  0.5 si,  0.0 st
%Cpu(s): 10.5 us,  6.3 sy,  0.0 ni, 82.3 id,  0.1 wa,  0.0 hi,  0.6 si,  0.1 st
%Cpu(s): 14.7 us,  6.2 sy,  0.0 ni, 78.5 id,  0.0 wa,  0.0 hi,  0.5 si,  0.1 st
%Cpu(s): 14.9 us,  5.7 sy,  0.0 ni, 77.7 id,  0.0 wa,  0.0 hi,  1.6 si,  0.0 st
%Cpu(s): 12.3 us,  5.5 sy,  0.0 ni, 81.5 id,  0.0 wa,  0.0 hi,  0.8 si,  0.0 st
%Cpu(s): 10.2 us,  5.0 sy,  0.0 ni, 84.1 id,  0.0 wa,  0.0 hi,  0.6 si,  0.0 st
%Cpu(s): 11.9 us,  6.1 sy,  0.0 ni, 80.7 id,  0.0 wa,  0.0 hi,  1.1 si,  0.1 st
%Cpu(s): 21.1 us,  5.0 sy,  0.0 ni, 73.4 id,  0.0 wa,  0.0 hi,  0.5 si,  0.0 st
%Cpu(s): 22.5 us,  5.8 sy,  0.0 ni, 70.9 id,  0.0 wa,  0.0 hi,  0.8 si,  0.0 st
%Cpu(s): 14.0 us,  5.9 sy,  0.0 ni, 79.2 id,  0.0 wa,  0.0 hi,  0.8 si,  0.1 st
%Cpu(s): 14.9 us,  5.3 sy,  0.0 ni, 79.3 id,  0.0 wa,  0.0 hi,  0.5 si,  0.0 st
%Cpu(s): 13.4 us,  6.8 sy,  0.0 ni, 79.4 id,  0.0 wa,  0.0 hi,  0.5 si,  0.0 st
%Cpu(s): 12.4 us,  6.3 sy,  0.0 ni, 81.1 id,  0.0 wa,  0.0 hi,  0.3 si,  0.0 st
%Cpu(s): 20.2 us,  4.9 sy,  0.0 ni, 74.0 id,  0.0 wa,  0.0 hi,  1.0 si,  0.0 st
%Cpu(s): 15.3 us,  5.9 sy,  0.0 ni, 78.0 id,  0.0 wa,  0.0 hi,  0.8 si,  0.0 st
%Cpu(s): 12.1 us,  5.4 sy,  0.0 ni, 81.7 id,  0.0 wa,  0.0 hi,  0.6 si,  0.1 st
%Cpu(s): 13.2 us,  6.6 sy,  0.0 ni, 79.6 id,  0.0 wa,  0.0 hi,  0.5 si,  0.1 st
%Cpu(s): 11.8 us,  6.2 sy,  0.0 ni, 81.4 id,  0.0 wa,  0.0 hi,  0.6 si,  0.0 st
%Cpu(s): 10.9 us,  5.8 sy,  0.0 ni, 82.6 id,  0.0 wa,  0.0 hi,  0.8 si,  0.0 st
%Cpu(s):  9.4 us,  5.3 sy,  0.0 ni, 84.9 id,  0.0 wa,  0.0 hi,  0.4 si,  0.0 st
%Cpu(s): 10.7 us,  5.5 sy,  0.0 ni, 83.1 id,  0.0 wa,  0.0 hi,  0.8 si,  0.0 st
%Cpu(s): 10.5 us,  5.9 sy,  0.0 ni, 83.1 id,  0.1 wa,  0.0 hi,  0.4 si,  0.0 st
%Cpu(s): 10.7 us,  6.2 sy,  0.0 ni, 82.2 id,  0.0 wa,  0.0 hi,  0.8 si,  0.1 st
%Cpu(s): 10.9 us,  6.5 sy,  0.0 ni, 82.2 id,  0.0 wa,  0.0 hi,  0.4 si,  0.0 st
%Cpu(s): 11.8 us,  5.9 sy,  0.0 ni, 81.9 id,  0.0 wa,  0.0 hi,  0.4 si,  0.0 st
%Cpu(s): 11.0 us,  6.0 sy,  0.0 ni, 82.1 id,  0.0 wa,  0.0 hi,  0.8 si,  0.1 st
%Cpu(s): 12.4 us,  6.8 sy,  0.0 ni, 80.0 id,  0.0 wa,  0.0 hi,  0.9 si,  0.0 st
%Cpu(s): 10.1 us,  6.2 sy,  0.0 ni, 83.2 id,  0.0 wa,  0.0 hi,  0.5 si,  0.0 st
%Cpu(s): 12.3 us,  5.5 sy,  0.0 ni, 81.4 id,  0.0 wa,  0.0 hi,  0.9 si,  0.0 st
%Cpu(s): 12.5 us,  6.1 sy,  0.0 ni, 80.5 id,  0.0 wa,  0.0 hi,  0.8 si,  0.1 st
%Cpu(s): 11.4 us,  6.4 sy,  0.0 ni, 81.2 id,  0.0 wa,  0.0 hi,  1.0 si,  0.0 st
%Cpu(s):  4.5 us,  2.6 sy,  0.0 ni, 92.4 id,  0.1 wa,  0.0 hi,  0.2 si,  0.1 st
%Cpu(s):  3.0 us,  1.1 sy,  0.0 ni, 95.8 id,  0.0 wa,  0.0 hi,  0.0 si,  0.1 st
%Cpu(s):  2.9 us,  2.1 sy,  0.0 ni, 94.8 id,  0.0 wa,  0.0 hi,  0.1 si,  0.0 st
%Cpu(s):  1.9 us,  2.4 sy,  0.0 ni, 95.4 id,  0.0 wa,  0.0 hi,  0.1 si,  0.2 st
%Cpu(s):  2.5 us,  1.6 sy,  0.0 ni, 95.6 id,  0.0 wa,  0.0 hi,  0.0 si,  0.3 st
%Cpu(s):  3.5 us,  1.9 sy,  0.0 ni, 94.5 id,  0.0 wa,  0.0 hi,  0.0 si,  0.1 st
%Cpu(s):  3.8 us,  2.0 sy,  0.0 ni, 93.9 id,  0.0 wa,  0.0 hi,  0.1 si,  0.1 st
%Cpu(s):  4.1 us,  1.1 sy,  0.0 ni, 94.8 id,  0.0 wa,  0.0 hi,  0.0 si,  0.0 st
%Cpu(s):  3.9 us,  2.4 sy,  0.0 ni, 93.5 id,  0.0 wa,  0.0 hi,  0.1 si,  0.1 st
%Cpu(s):  3.2 us,  1.5 sy,  0.0 ni, 95.0 id,  0.0 wa,  0.0 hi,  0.0 si,  0.2 st
%Cpu(s):  2.5 us,  2.6 sy,  0.0 ni, 94.8 id,  0.0 wa,  0.0 hi,  0.1 si,  0.0 st
%Cpu(s):  3.0 us,  1.5 sy,  0.0 ni, 95.4 id,  0.1 wa,  0.0 hi,  0.0 si,  0.0 st
%Cpu(s):  2.6 us,  2.6 sy,  0.0 ni, 94.8 id,  0.0 wa,  0.0 hi,  0.0 si,  0.0 st
%Cpu(s):  2.0 us,  2.3 sy,  0.0 ni, 95.5 id,  0.0 wa,  0.0 hi,  0.0 si,  0.3 st
%Cpu(s):  2.1 us,  1.9 sy,  0.0 ni, 95.9 id,  0.0 wa,  0.0 hi,  0.1 si,  0.0 st
%Cpu(s):  2.9 us,  2.6 sy,  0.0 ni, 94.4 id,  0.0 wa,  0.0 hi,  0.0 si,  0.1 st
%Cpu(s):  2.5 us,  2.8 sy,  0.0 ni, 94.8 id,  0.0 wa,  0.0 hi,  0.0 si,  0.0 st
%Cpu(s):  2.0 us,  3.5 sy,  0.0 ni, 94.5 id,  0.0 wa,  0.0 hi,  0.0 si,  0.0 st
%Cpu(s):  2.0 us,  2.9 sy,  0.0 ni, 95.0 id,  0.0 wa,  0.0 hi,  0.0 si,  0.1 st
%Cpu(s):  2.1 us,  3.1 sy,  0.0 ni, 94.6 id,  0.0 wa,  0.0 hi,  0.1 si,  0.0 st
