%Cpu(s):  3.8 us,  0.5 sy,  0.0 ni, 95.6 id,  0.0 wa,  0.0 hi,  0.1 si,  0.0 st
%Cpu(s):  1.5 us,  1.6 sy,  0.0 ni, 96.9 id,  0.0 wa,  0.0 hi,  0.0 si,  0.0 st
%Cpu(s):  1.6 us,  1.9 sy,  0.0 ni, 96.5 id,  0.0 wa,  0.0 hi,  0.0 si,  0.0 st
%Cpu(s):  2.6 us,  1.7 sy,  0.0 ni, 95.6 id,  0.0 wa,  0.0 hi,  0.0 si,  0.1 st
%Cpu(s):  1.3 us,  1.8 sy,  0.0 ni, 97.0 id,  0.0 wa,  0.0 hi,  0.0 si,  0.0 st
%Cpu(s):  3.5 us,  1.1 sy,  0.0 ni, 95.4 id,  0.0 wa,  0.0 hi,  0.0 si,  0.0 st
%Cpu(s): 13.7 us,  2.0 sy,  0.0 ni, 84.3 id,  0.0 wa,  0.0 hi,  0.0 si,  0.0 st
%Cpu(s): 76.6 us,  6.0 sy,  0.0 ni, 16.5 id,  0.0 wa,  0.0 hi,  0.9 si,  0.0 st
%Cpu(s): 86.8 us,  9.9 sy,  0.0 ni,  1.1 id,  0.0 wa,  0.0 hi,  2.1 si,  0.0 st
%Cpu(s): 90.0 us,  7.8 sy,  0.0 ni,  0.5 id,  0.0 wa,  0.0 hi,  1.6 si,  0.0 st
%Cpu(s): 88.8 us,  8.8 sy,  0.0 ni,  0.5 id,  0.0 wa,  0.0 hi,  1.9 si,  0.0 st
%Cpu(s): 88.3 us,  9.4 sy,  0.0 ni,  0.2 id,  0.0 wa,  0.0 hi,  2.0 si,  0.0 st
%Cpu(s): 88.3 us,  9.2 sy,  0.0 ni,  0.2 id,  0.0 wa,  0.0 hi,  2.2 si,  0.0 st
%Cpu(s): 91.3 us,  6.7 sy,  0.0 ni,  0.4 id,  0.0 wa,  0.0 hi,  1.6 si,  0.0 st
%Cpu(s): 89.6 us,  7.2 sy,  0.0 ni,  1.0 id,  0.0 wa,  0.0 hi,  2.1 si,  0.0 st
%Cpu(s): 83.8 us,  7.0 sy,  0.0 ni,  7.8 id,  0.0 wa,  0.0 hi,  1.4 si,  0.0 st
%Cpu(s): 75.8 us,  5.5 sy,  0.0 ni, 16.7 id,  0.0 wa,  0.0 hi,  2.0 si,  0.0 st
%Cpu(s): 89.0 us,  7.5 sy,  0.0 ni,  1.2 id,  0.0 wa,  0.0 hi,  2.1 si,  0.1 st
%Cpu(s): 66.0 us,  7.2 sy,  0.0 ni, 25.3 id,  0.0 wa,  0.0 hi,  1.5 si,  0.0 st
%Cpu(s): 32.7 us,  4.7 sy,  0.0 ni, 61.6 id,  0.0 wa,  0.0 hi,  0.9 si,  0.0 st
%Cpu(s): 20.7 us,  5.2 sy,  0.0 ni, 73.3 id,  0.0 wa,  0.0 hi,  0.9 si,  0.0 st
%Cpu(s): 16.5 us,  4.6 sy,  0.0 ni, 78.0 id,  0.0 wa,  0.0 hi,  0.9 si,  0.0 st
%Cpu(s): 10.3 us,  5.8 sy,  0.0 ni, 82.7 id,  0.0 wa,  0.0 hi,  1.1 si,  0.0 st
%Cpu(s): 10.4 us,  6.1 sy,  0.0 ni, 83.1 id,  0.0 wa,  0.0 hi,  0.3 si,  0.1 st
%Cpu(s):  9.0 us,  5.2 sy,  0.0 ni, 84.5 id,  0.0 wa,  0.0 hi,  1.4 si,  0.0 st
%Cpu(s):  8.1 us,  5.4 sy,  0.0 ni, 85.4 id,  0.0 wa,  0.0 hi,  1.0 si,  0.0 st
%Cpu(s): 11.0 us,  5.1 sy,  0.0 ni, 83.5 id,  0.0 wa,  0.0 hi,  0.5 si,  0.0 st
%Cpu(s):  9.5 us,  5.3 sy,  0.0 ni, 84.6 id,  0.0 wa,  0.0 hi,  0.5 si,  0.1 st
%Cpu(s):  9.1 us,  5.1 sy,  0.0 ni, 85.0 id,  0.0 wa,  0.0 hi,  0.8 si,  0.0 st
%Cpu(s):  9.7 us,  5.3 sy,  0.0 ni, 83.5 id,  0.0 wa,  0.0 hi,  1.4 si,  0.1 st
%Cpu(s): 10.9 us,  4.8 sy,  0.0 ni, 83.3 id,  0.0 wa,  0.0 hi,  0.9 si,  0.0 st
%Cpu(s):  8.5 us,  5.1 sy,  0.0 ni, 85.5 id,  0.0 wa,  0.0 hi,  0.9 si,  0.1 st
%Cpu(s): 10.2 us,  6.1 sy,  0.0 ni, 82.8 id,  0.1 wa,  0.0 hi,  0.8 si,  0.0 st
%Cpu(s):  9.5 us,  5.4 sy,  0.0 ni, 84.5 id,  0.0 wa,  0.0 hi,  0.5 si,  0.1 st
%Cpu(s):  8.3 us,  4.9 sy,  0.0 ni, 85.8 id,  0.0 wa,  0.0 hi,  1.0 si,  0.0 st
%Cpu(s):  8.1 us,  6.0 sy,  0.0 ni, 85.7 id,  0.0 wa,  0.0 hi,  0.3 si,  0.0 st
%Cpu(s): 10.4 us,  5.4 sy,  0.0 ni, 82.9 id,  0.0 wa,  0.0 hi,  1.1 si,  0.1 st
%Cpu(s): 21.1 us,  4.8 sy,  0.0 ni, 73.5 id,  0.0 wa,  0.0 hi,  0.6 si,  0.0 st
%Cpu(s): 23.5 us,  6.0 sy,  0.0 ni, 69.1 id,  0.0 wa,  0.0 hi,  1.0 si,  0.4 st
%Cpu(s): 10.6 us,  4.8 sy,  0.0 ni, 83.8 id,  0.0 wa,  0.0 hi,  0.8 si,  0.0 st
%Cpu(s): 12.3 us,  5.5 sy,  0.0 ni, 81.7 id,  0.0 wa,  0.0 hi,  0.4 si,  0.1 st
%Cpu(s): 10.4 us,  4.1 sy,  0.0 ni, 84.7 id,  0.0 wa,  0.0 hi,  0.6 si,  0.1 st
%Cpu(s): 10.4 us,  5.2 sy,  0.0 ni, 83.9 id,  0.0 wa,  0.0 hi,  0.5 si,  0.0 st
%Cpu(s): 28.6 us,  4.9 sy,  0.0 ni, 66.0 id,  0.0 wa,  0.0 hi,  0.5 si,  0.0 st
%Cpu(s):  8.7 us,  5.6 sy,  0.0 ni, 84.7 id,  0.0 wa,  0.0 hi,  1.0 si,  0.0 st
%Cpu(s): 10.6 us,  5.3 sy,  0.0 ni, 83.2 id,  0.0 wa,  0.0 hi,  0.8 si,  0.1 st
%Cpu(s): 10.8 us,  5.3 sy,  0.0 ni, 83.0 id,  0.0 wa,  0.0 hi,  0.9 si,  0.0 st
%Cpu(s):  7.4 us,  5.3 sy,  0.0 ni, 86.6 id,  0.0 wa,  0.0 hi,  0.6 si,  0.0 st
%Cpu(s):  8.1 us,  4.5 sy,  0.0 ni, 86.5 id,  0.0 wa,  0.0 hi,  0.8 si,  0.1 st
%Cpu(s):  8.7 us,  5.1 sy,  0.0 ni, 85.6 id,  0.0 wa,  0.0 hi,  0.6 si,  0.0 st
%Cpu(s):  8.8 us,  4.4 sy,  0.0 ni, 86.0 id,  0.0 wa,  0.0 hi,  0.6 si,  0.1 st
%Cpu(s):  9.4 us,  5.7 sy,  0.0 ni, 84.6 id,  0.0 wa,  0.0 hi,  0.4 si,  0.0 st
%Cpu(s):  9.5 us,  6.1 sy,  0.0 ni, 83.5 id,  0.0 wa,  0.0 hi,  0.9 si,  0.0 st
%Cpu(s):  7.5 us,  5.3 sy,  0.0 ni, 86.4 id,  0.0 wa,  0.0 hi,  0.8 si,  0.0 st
%Cpu(s):  8.2 us,  5.1 sy,  0.0 ni, 85.8 id,  0.0 wa,  0.0 hi,  0.8 si,  0.1 st
%Cpu(s):  9.0 us,  5.0 sy,  0.0 ni, 85.0 id,  0.0 wa,  0.0 hi,  1.0 si,  0.0 st
%Cpu(s):  8.9 us,  4.8 sy,  0.0 ni, 85.7 id,  0.0 wa,  0.0 hi,  0.6 si,  0.0 st
%Cpu(s):  9.1 us,  4.7 sy,  0.0 ni, 85.5 id,  0.0 wa,  0.0 hi,  0.5 si,  0.1 st
%Cpu(s):  8.4 us,  4.7 sy,  0.0 ni, 86.0 id,  0.0 wa,  0.0 hi,  0.9 si,  0.0 st
%Cpu(s):  9.1 us,  4.8 sy,  0.0 ni, 85.3 id,  0.0 wa,  0.0 hi,  0.8 si,  0.0 st
%Cpu(s):  7.5 us,  4.6 sy,  0.0 ni, 87.1 id,  0.0 wa,  0.0 hi,  0.8 si,  0.0 st
%Cpu(s):  0.8 us,  0.5 sy,  0.0 ni, 98.8 id,  0.0 wa,  0.0 hi,  0.0 si,  0.0 st
%Cpu(s):  1.5 us,  1.2 sy,  0.0 ni, 97.1 id,  0.1 wa,  0.0 hi,  0.0 si,  0.0 st
%Cpu(s):  1.2 us,  1.7 sy,  0.0 ni, 97.0 id,  0.0 wa,  0.0 hi,  0.0 si,  0.0 st
%Cpu(s):  1.0 us,  1.7 sy,  0.0 ni, 97.2 id,  0.0 wa,  0.0 hi,  0.1 si,  0.0 st
%Cpu(s):  0.6 us,  0.6 sy,  0.0 ni, 98.7 id,  0.0 wa,  0.0 hi,  0.0 si,  0.0 st
%Cpu(s):  1.9 us,  0.9 sy,  0.0 ni, 97.1 id,  0.0 wa,  0.0 hi,  0.0 si,  0.1 st
%Cpu(s):  7.5 us,  1.2 sy,  0.0 ni, 91.3 id,  0.0 wa,  0.0 hi,  0.0 si,  0.0 st
%Cpu(s):  3.2 us,  0.6 sy,  0.0 ni, 96.2 id,  0.0 wa,  0.0 hi,  0.0 si,  0.0 st
%Cpu(s):  1.1 us,  1.4 sy,  0.0 ni, 97.4 id,  0.0 wa,  0.0 hi,  0.0 si,  0.1 st
%Cpu(s):  1.6 us,  2.3 sy,  0.0 ni, 96.1 id,  0.0 wa,  0.0 hi,  0.0 si,  0.0 st
%Cpu(s):  1.7 us,  1.6 sy,  0.0 ni, 96.4 id,  0.0 wa,  0.0 hi,  0.1 si,  0.1 st
%Cpu(s):  1.6 us,  1.7 sy,  0.0 ni, 96.7 id,  0.0 wa,  0.0 hi,  0.0 si,  0.0 st
%Cpu(s):  1.2 us,  1.0 sy,  0.0 ni, 97.8 id,  0.0 wa,  0.0 hi,  0.0 si,  0.0 st
%Cpu(s):  1.1 us,  0.9 sy,  0.0 ni, 98.0 id,  0.0 wa,  0.0 hi,  0.0 si,  0.0 st
%Cpu(s):  1.0 us,  1.1 sy,  0.0 ni, 97.9 id,  0.0 wa,  0.0 hi,  0.0 si,  0.0 st
%Cpu(s):  0.8 us,  0.6 sy,  0.0 ni, 98.6 id,  0.0 wa,  0.0 hi,  0.0 si,  0.0 st
%Cpu(s):  1.2 us,  1.9 sy,  0.0 ni, 96.8 id,  0.0 wa,  0.0 hi,  0.1 si,  0.0 st
%Cpu(s):  0.9 us,  0.7 sy,  0.0 ni, 98.4 id,  0.0 wa,  0.0 hi,  0.0 si,  0.0 st
%Cpu(s):  0.9 us,  2.0 sy,  0.0 ni, 97.1 id,  0.0 wa,  0.0 hi,  0.0 si,  0.0 st
%Cpu(s):  1.0 us,  1.5 sy,  0.0 ni, 97.5 id,  0.0 wa,  0.0 hi,  0.0 si,  0.0 st
%Cpu(s):  1.0 us,  2.0 sy,  0.0 ni, 97.0 id,  0.0 wa,  0.0 hi,  0.0 si,  0.0 st
%Cpu(s):  1.5 us,  2.1 sy,  0.0 ni, 96.4 id,  0.0 wa,  0.0 hi,  0.0 si,  0.0 st
%Cpu(s):  1.4 us,  1.6 sy,  0.0 ni, 96.8 id,  0.0 wa,  0.0 hi,  0.1 si,  0.1 st
