%Cpu(s):  3.9 us,  0.6 sy,  0.0 ni, 95.4 id,  0.0 wa,  0.0 hi,  0.1 si,  0.0 st
%Cpu(s):  2.3 us,  3.3 sy,  0.0 ni, 94.2 id,  0.0 wa,  0.0 hi,  0.0 si,  0.3 st
%Cpu(s):  3.5 us,  2.7 sy,  0.0 ni, 93.5 id,  0.0 wa,  0.0 hi,  0.0 si,  0.2 st
%Cpu(s):  3.0 us,  2.1 sy,  0.0 ni, 94.6 id,  0.0 wa,  0.0 hi,  0.0 si,  0.3 st
%Cpu(s):  3.3 us,  2.8 sy,  0.0 ni, 93.9 id,  0.0 wa,  0.0 hi,  0.0 si,  0.1 st
%Cpu(s):  4.2 us,  1.8 sy,  0.0 ni, 93.5 id,  0.0 wa,  0.0 hi,  0.1 si,  0.4 st
%Cpu(s): 13.3 us,  2.3 sy,  0.0 ni, 84.1 id,  0.0 wa,  0.0 hi,  0.0 si,  0.3 st
%Cpu(s): 66.3 us,  4.5 sy,  0.0 ni, 28.1 id,  0.0 wa,  0.0 hi,  1.0 si,  0.0 st
%Cpu(s): 86.4 us,  6.5 sy,  0.0 ni,  5.8 id,  0.0 wa,  0.0 hi,  1.4 si,  0.0 st
%Cpu(s): 89.6 us,  7.1 sy,  0.0 ni,  1.9 id,  0.0 wa,  0.0 hi,  1.4 si,  0.0 st
%Cpu(s): 90.6 us,  6.5 sy,  0.0 ni,  1.5 id,  0.1 wa,  0.0 hi,  1.2 si,  0.0 st
%Cpu(s): 88.7 us,  6.1 sy,  0.0 ni,  3.9 id,  0.0 wa,  0.0 hi,  1.4 si,  0.0 st
%Cpu(s): 80.4 us,  6.0 sy,  0.0 ni, 12.5 id,  0.0 wa,  0.0 hi,  1.0 si,  0.0 st
%Cpu(s): 78.1 us,  5.9 sy,  0.0 ni, 14.5 id,  0.0 wa,  0.0 hi,  1.5 si,  0.0 st
%Cpu(s): 65.3 us,  4.4 sy,  0.0 ni, 28.8 id,  0.0 wa,  0.0 hi,  1.4 si,  0.1 st
%Cpu(s): 46.6 us,  6.3 sy,  0.0 ni, 46.2 id,  0.0 wa,  0.0 hi,  1.0 si,  0.0 st
%Cpu(s): 44.1 us,  5.6 sy,  0.0 ni, 49.5 id,  0.0 wa,  0.0 hi,  0.9 si,  0.0 st
%Cpu(s): 70.2 us,  5.3 sy,  0.0 ni, 23.4 id,  0.0 wa,  0.0 hi,  1.0 si,  0.1 st
%Cpu(s): 28.9 us,  5.2 sy,  0.0 ni, 65.6 id,  0.0 wa,  0.0 hi,  0.3 si,  0.0 st
%Cpu(s): 10.3 us,  5.5 sy,  0.0 ni, 83.6 id,  0.0 wa,  0.0 hi,  0.6 si,  0.0 st
%Cpu(s): 12.2 us,  5.4 sy,  0.0 ni, 81.7 id,  0.0 wa,  0.0 hi,  0.8 si,  0.0 st
%Cpu(s): 16.5 us,  5.9 sy,  0.0 ni, 77.3 id,  0.0 wa,  0.0 hi,  0.4 si,  0.0 st
%Cpu(s):  9.9 us,  7.4 sy,  0.0 ni, 82.3 id,  0.0 wa,  0.0 hi,  0.4 si,  0.0 st
%Cpu(s): 17.8 us,  5.1 sy,  0.0 ni, 76.7 id,  0.0 wa,  0.0 hi,  0.3 si,  0.1 st
%Cpu(s): 10.8 us,  5.4 sy,  0.0 ni, 83.4 id,  0.0 wa,  0.0 hi,  0.4 si,  0.0 st
%Cpu(s):  8.5 us,  5.1 sy,  0.0 ni, 86.0 id,  0.0 wa,  0.0 hi,  0.4 si,  0.0 st
%Cpu(s): 15.4 us,  5.4 sy,  0.0 ni, 78.5 id,  0.0 wa,  0.0 hi,  0.8 si,  0.0 st
%Cpu(s):  9.7 us,  5.1 sy,  0.0 ni, 84.5 id,  0.0 wa,  0.0 hi,  0.6 si,  0.0 st
%Cpu(s): 11.1 us,  5.4 sy,  0.0 ni, 83.1 id,  0.0 wa,  0.0 hi,  0.4 si,  0.0 st
%Cpu(s): 10.4 us,  4.9 sy,  0.0 ni, 84.0 id,  0.0 wa,  0.0 hi,  0.6 si,  0.1 st
%Cpu(s): 13.1 us,  6.4 sy,  0.0 ni, 80.0 id,  0.0 wa,  0.0 hi,  0.4 si,  0.1 st
%Cpu(s):  9.1 us,  5.7 sy,  0.0 ni, 84.1 id,  0.0 wa,  0.0 hi,  1.1 si,  0.0 st
%Cpu(s): 10.1 us,  5.7 sy,  0.0 ni, 83.5 id,  0.0 wa,  0.0 hi,  0.8 si,  0.0 st
%Cpu(s):  9.0 us,  5.4 sy,  0.0 ni, 85.0 id,  0.0 wa,  0.0 hi,  0.5 si,  0.0 st
%Cpu(s):  9.3 us,  5.6 sy,  0.0 ni, 84.4 id,  0.0 wa,  0.0 hi,  0.6 si,  0.0 st
%Cpu(s):  8.2 us,  5.7 sy,  0.0 ni, 85.5 id,  0.1 wa,  0.0 hi,  0.4 si,  0.0 st
%Cpu(s): 10.9 us,  5.4 sy,  0.0 ni, 83.5 id,  0.0 wa,  0.0 hi,  0.2 si,  0.0 st
%Cpu(s): 26.0 us,  5.4 sy,  0.0 ni, 67.9 id,  0.0 wa,  0.0 hi,  0.6 si,  0.1 st
%Cpu(s): 18.4 us,  5.7 sy,  0.0 ni, 75.1 id,  0.0 wa,  0.0 hi,  0.8 si,  0.0 st
%Cpu(s): 16.5 us,  5.0 sy,  0.0 ni, 77.8 id,  0.0 wa,  0.0 hi,  0.5 si,  0.1 st
%Cpu(s): 11.9 us,  5.2 sy,  0.0 ni, 82.3 id,  0.0 wa,  0.0 hi,  0.5 si,  0.0 st
%Cpu(s): 12.7 us,  5.9 sy,  0.0 ni, 80.9 id,  0.0 wa,  0.0 hi,  0.4 si,  0.1 st
%Cpu(s): 10.7 us,  5.8 sy,  0.0 ni, 83.2 id,  0.0 wa,  0.0 hi,  0.4 si,  0.0 st
%Cpu(s): 17.0 us,  6.4 sy,  0.0 ni, 76.0 id,  0.0 wa,  0.0 hi,  0.6 si,  0.0 st
%Cpu(s): 12.4 us,  5.4 sy,  0.0 ni, 81.9 id,  0.0 wa,  0.0 hi,  0.4 si,  0.0 st
%Cpu(s):  7.9 us,  6.5 sy,  0.0 ni, 85.2 id,  0.0 wa,  0.0 hi,  0.4 si,  0.0 st
%Cpu(s): 13.3 us,  5.9 sy,  0.0 ni, 80.1 id,  0.0 wa,  0.0 hi,  0.6 si,  0.0 st
%Cpu(s): 11.2 us,  5.7 sy,  0.0 ni, 82.5 id,  0.0 wa,  0.0 hi,  0.6 si,  0.0 st
%Cpu(s):  9.0 us,  6.5 sy,  0.0 ni, 83.9 id,  0.0 wa,  0.0 hi,  0.6 si,  0.0 st
%Cpu(s):  8.2 us,  6.1 sy,  0.0 ni, 85.1 id,  0.0 wa,  0.0 hi,  0.5 si,  0.1 st
%Cpu(s): 10.8 us,  5.5 sy,  0.0 ni, 83.3 id,  0.0 wa,  0.0 hi,  0.4 si,  0.0 st
%Cpu(s):  8.4 us,  5.9 sy,  0.0 ni, 85.0 id,  0.0 wa,  0.0 hi,  0.6 si,  0.1 st
%Cpu(s):  9.3 us,  5.5 sy,  0.0 ni, 84.5 id,  0.0 wa,  0.0 hi,  0.6 si,  0.0 st
%Cpu(s):  7.7 us,  5.4 sy,  0.0 ni, 86.4 id,  0.0 wa,  0.0 hi,  0.5 si,  0.0 st
%Cpu(s):  7.9 us,  4.9 sy,  0.0 ni, 86.3 id,  0.0 wa,  0.0 hi,  0.8 si,  0.1 st
%Cpu(s):  8.8 us,  5.5 sy,  0.0 ni, 84.9 id,  0.0 wa,  0.0 hi,  0.8 si,  0.0 st
%Cpu(s):  7.9 us,  5.7 sy,  0.0 ni, 85.7 id,  0.0 wa,  0.0 hi,  0.6 si,  0.0 st
%Cpu(s):  8.7 us,  6.6 sy,  0.0 ni, 84.0 id,  0.0 wa,  0.0 hi,  0.6 si,  0.0 st
%Cpu(s):  9.0 us,  5.0 sy,  0.0 ni, 85.5 id,  0.0 wa,  0.0 hi,  0.4 si,  0.0 st
%Cpu(s):  7.6 us,  5.7 sy,  0.0 ni, 86.5 id,  0.0 wa,  0.0 hi,  0.3 si,  0.0 st
%Cpu(s):  7.3 us,  6.2 sy,  0.0 ni, 85.6 id,  0.0 wa,  0.0 hi,  0.9 si,  0.0 st
%Cpu(s):  2.4 us,  1.6 sy,  0.0 ni, 95.4 id,  0.0 wa,  0.0 hi,  0.1 si,  0.4 st
%Cpu(s):  2.5 us,  1.4 sy,  0.0 ni, 95.7 id,  0.0 wa,  0.0 hi,  0.1 si,  0.3 st
%Cpu(s):  2.8 us,  2.9 sy,  0.0 ni, 94.1 id,  0.0 wa,  0.0 hi,  0.0 si,  0.3 st
%Cpu(s):  3.0 us,  1.9 sy,  0.0 ni, 94.8 id,  0.0 wa,  0.0 hi,  0.0 si,  0.3 st
%Cpu(s):  3.1 us,  1.6 sy,  0.0 ni, 95.0 id,  0.0 wa,  0.0 hi,  0.0 si,  0.3 st
%Cpu(s):  4.8 us,  1.3 sy,  0.0 ni, 93.6 id,  0.0 wa,  0.0 hi,  0.1 si,  0.3 st
%Cpu(s):  4.9 us,  2.9 sy,  0.0 ni, 91.9 id,  0.0 wa,  0.0 hi,  0.1 si,  0.2 st
%Cpu(s):  8.3 us,  1.6 sy,  0.0 ni, 89.8 id,  0.0 wa,  0.0 hi,  0.0 si,  0.3 st
%Cpu(s):  6.6 us,  2.5 sy,  0.0 ni, 90.7 id,  0.0 wa,  0.0 hi,  0.0 si,  0.1 st
%Cpu(s):  3.8 us,  1.9 sy,  0.0 ni, 94.1 id,  0.0 wa,  0.0 hi,  0.0 si,  0.3 st
%Cpu(s):  2.1 us,  1.9 sy,  0.0 ni, 95.5 id,  0.0 wa,  0.0 hi,  0.1 si,  0.4 st
%Cpu(s):  3.1 us,  2.3 sy,  0.0 ni, 94.4 id,  0.1 wa,  0.0 hi,  0.0 si,  0.1 st
%Cpu(s):  3.8 us,  1.4 sy,  0.0 ni, 94.6 id,  0.0 wa,  0.0 hi,  0.0 si,  0.3 st
%Cpu(s):  3.7 us,  2.1 sy,  0.0 ni, 93.6 id,  0.0 wa,  0.0 hi,  0.1 si,  0.4 st
%Cpu(s):  3.1 us,  3.0 sy,  0.0 ni, 93.6 id,  0.1 wa,  0.0 hi,  0.0 si,  0.1 st
%Cpu(s):  3.0 us,  2.8 sy,  0.0 ni, 94.0 id,  0.0 wa,  0.0 hi,  0.0 si,  0.1 st
%Cpu(s):  4.5 us,  3.0 sy,  0.0 ni, 92.1 id,  0.0 wa,  0.0 hi,  0.1 si,  0.3 st
