%Cpu(s):  3.4 us,  0.7 sy,  0.0 ni, 95.7 id,  0.0 wa,  0.0 hi,  0.1 si,  0.1 st
%Cpu(s): 21.5 us,  0.6 sy,  0.0 ni, 77.8 id,  0.0 wa,  0.0 hi,  0.0 si,  0.1 st
%Cpu(s):  1.2 us,  0.1 sy,  0.0 ni, 98.6 id,  0.0 wa,  0.0 hi,  0.0 si,  0.0 st
%Cpu(s):  0.2 us,  0.0 sy,  0.0 ni, 99.8 id,  0.0 wa,  0.0 hi,  0.0 si,  0.0 st
%Cpu(s): 39.8 us,  4.5 sy,  0.0 ni, 55.4 id,  0.0 wa,  0.0 hi,  0.1 si,  0.1 st
%Cpu(s): 79.7 us,  3.1 sy,  0.0 ni, 17.2 id,  0.0 wa,  0.0 hi,  0.0 si,  0.0 st
%Cpu(s): 81.5 us,  1.9 sy,  0.0 ni, 16.4 id,  0.0 wa,  0.0 hi,  0.1 si,  0.1 st
%Cpu(s): 95.4 us,  2.4 sy,  0.0 ni,  2.3 id,  0.0 wa,  0.0 hi,  0.0 si,  0.0 st
%Cpu(s): 94.5 us,  2.4 sy,  0.0 ni,  3.1 id,  0.0 wa,  0.0 hi,  0.0 si,  0.0 st
%Cpu(s): 55.5 us,  2.2 sy,  0.0 ni, 42.0 id,  0.0 wa,  0.0 hi,  0.2 si,  0.0 st
%Cpu(s): 11.8 us,  2.5 sy,  0.0 ni, 85.3 id,  0.0 wa,  0.0 hi,  0.1 si,  0.2 st
%Cpu(s):  4.8 us,  2.9 sy,  0.0 ni, 92.1 id,  0.0 wa,  0.0 hi,  0.0 si,  0.3 st
%Cpu(s):  5.4 us,  2.1 sy,  0.0 ni, 92.2 id,  0.0 wa,  0.0 hi,  0.1 si,  0.1 st
%Cpu(s):  6.0 us,  1.9 sy,  0.0 ni, 91.8 id,  0.0 wa,  0.0 hi,  0.0 si,  0.3 st
%Cpu(s):  5.1 us,  2.0 sy,  0.0 ni, 92.2 id,  0.1 wa,  0.0 hi,  0.1 si,  0.4 st
%Cpu(s):  4.6 us,  2.5 sy,  0.0 ni, 92.6 id,  0.0 wa,  0.0 hi,  0.0 si,  0.3 st
%Cpu(s):  3.3 us,  1.5 sy,  0.0 ni, 94.8 id,  0.0 wa,  0.0 hi,  0.1 si,  0.3 st
%Cpu(s):  2.1 us,  1.6 sy,  0.0 ni, 96.0 id,  0.0 wa,  0.0 hi,  0.0 si,  0.3 st
%Cpu(s):  9.2 us,  1.9 sy,  0.0 ni, 88.5 id,  0.0 wa,  0.0 hi,  0.1 si,  0.3 st
%Cpu(s): 24.2 us,  2.5 sy,  0.0 ni, 72.7 id,  0.1 wa,  0.0 hi,  0.4 si,  0.1 st
%Cpu(s): 49.2 us,  2.4 sy,  0.0 ni, 47.9 id,  0.0 wa,  0.0 hi,  0.4 si,  0.1 st
%Cpu(s): 28.4 us,  4.5 sy,  0.0 ni, 65.9 id,  0.0 wa,  0.0 hi,  1.0 si,  0.1 st
%Cpu(s): 17.7 us,  3.3 sy,  0.0 ni, 78.4 id,  0.0 wa,  0.0 hi,  0.4 si,  0.1 st
%Cpu(s): 26.0 us,  4.3 sy,  0.0 ni, 68.9 id,  0.0 wa,  0.0 hi,  0.8 si,  0.0 st
%Cpu(s): 35.6 us,  3.9 sy,  0.0 ni, 59.7 id,  0.0 wa,  0.0 hi,  0.6 si,  0.1 st
%Cpu(s): 10.7 us,  4.5 sy,  0.0 ni, 83.8 id,  0.0 wa,  0.0 hi,  1.0 si,  0.0 st
%Cpu(s):  9.8 us,  4.0 sy,  0.0 ni, 85.2 id,  0.0 wa,  0.0 hi,  0.9 si,  0.1 st
%Cpu(s):  9.6 us,  5.7 sy,  0.0 ni, 83.6 id,  0.0 wa,  0.0 hi,  1.0 si,  0.1 st
%Cpu(s):  7.9 us,  5.2 sy,  0.0 ni, 86.0 id,  0.0 wa,  0.0 hi,  0.9 si,  0.0 st
%Cpu(s):  7.9 us,  5.3 sy,  0.0 ni, 85.1 id,  0.1 wa,  0.0 hi,  1.5 si,  0.1 st
%Cpu(s): 18.6 us,  4.9 sy,  0.0 ni, 75.3 id,  0.0 wa,  0.0 hi,  1.3 si,  0.0 st
%Cpu(s): 20.3 us,  5.2 sy,  0.0 ni, 73.4 id,  0.0 wa,  0.0 hi,  0.9 si,  0.1 st
%Cpu(s): 16.8 us,  4.3 sy,  0.0 ni, 77.5 id,  0.0 wa,  0.0 hi,  1.4 si,  0.0 st
%Cpu(s): 17.4 us,  4.1 sy,  0.0 ni, 77.7 id,  0.0 wa,  0.0 hi,  0.9 si,  0.0 st
%Cpu(s): 10.8 us,  4.8 sy,  0.0 ni, 83.3 id,  0.0 wa,  0.0 hi,  1.0 si,  0.1 st
%Cpu(s): 10.1 us,  5.5 sy,  0.0 ni, 80.4 id,  3.2 wa,  0.0 hi,  0.8 si,  0.1 st
%Cpu(s):  8.2 us,  4.6 sy,  0.0 ni, 86.3 id,  0.0 wa,  0.0 hi,  0.9 si,  0.0 st
%Cpu(s): 29.0 us,  4.5 sy,  0.0 ni, 65.6 id,  0.0 wa,  0.0 hi,  0.9 si,  0.0 st
%Cpu(s): 11.5 us,  4.5 sy,  0.0 ni, 82.8 id,  0.0 wa,  0.0 hi,  1.0 si,  0.1 st
%Cpu(s): 11.3 us,  4.5 sy,  0.0 ni, 83.5 id,  0.0 wa,  0.0 hi,  0.6 si,  0.1 st
%Cpu(s): 12.9 us,  4.9 sy,  0.0 ni, 81.1 id,  0.0 wa,  0.0 hi,  1.1 si,  0.0 st
%Cpu(s):  8.4 us,  5.0 sy,  0.0 ni, 85.6 id,  0.0 wa,  0.0 hi,  1.0 si,  0.0 st
%Cpu(s):  7.3 us,  4.6 sy,  0.0 ni, 86.7 id,  0.0 wa,  0.0 hi,  1.3 si,  0.1 st
%Cpu(s):  7.0 us,  5.0 sy,  0.0 ni, 86.5 id,  0.0 wa,  0.0 hi,  1.5 si,  0.0 st
%Cpu(s):  7.3 us,  5.4 sy,  0.0 ni, 86.6 id,  0.0 wa,  0.0 hi,  0.6 si,  0.0 st
%Cpu(s):  6.4 us,  4.4 sy,  0.0 ni, 88.3 id,  0.0 wa,  0.0 hi,  0.8 si,  0.1 st
%Cpu(s):  6.9 us,  5.5 sy,  0.0 ni, 86.8 id,  0.0 wa,  0.0 hi,  0.8 si,  0.0 st
%Cpu(s):  9.3 us,  4.6 sy,  0.0 ni, 85.5 id,  0.0 wa,  0.0 hi,  0.6 si,  0.0 st
%Cpu(s): 19.1 us,  4.3 sy,  0.0 ni, 75.9 id,  0.0 wa,  0.0 hi,  0.6 si,  0.1 st
%Cpu(s): 20.8 us,  4.1 sy,  0.0 ni, 74.6 id,  0.0 wa,  0.0 hi,  0.5 si,  0.0 st
%Cpu(s): 14.5 us,  5.0 sy,  0.0 ni, 79.6 id,  0.0 wa,  0.0 hi,  0.8 si,  0.1 st
%Cpu(s):  9.6 us,  5.6 sy,  0.0 ni, 84.1 id,  0.0 wa,  0.0 hi,  0.8 si,  0.0 st
%Cpu(s): 10.3 us,  3.5 sy,  0.0 ni, 85.4 id,  0.0 wa,  0.0 hi,  0.8 si,  0.1 st
%Cpu(s):  6.9 us,  3.2 sy,  0.0 ni, 89.1 id,  0.0 wa,  0.0 hi,  0.6 si,  0.1 st
%Cpu(s):  6.7 us,  4.7 sy,  0.0 ni, 87.7 id,  0.0 wa,  0.0 hi,  0.8 si,  0.1 st
%Cpu(s):  7.0 us,  5.2 sy,  0.0 ni, 86.8 id,  0.0 wa,  0.0 hi,  1.0 si,  0.0 st
%Cpu(s):  8.1 us,  4.9 sy,  0.0 ni, 86.5 id,  0.0 wa,  0.0 hi,  0.5 si,  0.0 st
%Cpu(s):  6.9 us,  5.5 sy,  0.0 ni, 87.0 id,  0.0 wa,  0.0 hi,  0.6 si,  0.0 st
%Cpu(s):  6.4 us,  4.7 sy,  0.0 ni, 88.2 id,  0.0 wa,  0.0 hi,  0.6 si,  0.1 st
%Cpu(s):  8.8 us,  4.8 sy,  0.0 ni, 85.7 id,  0.0 wa,  0.0 hi,  0.8 si,  0.0 st
%Cpu(s):  5.4 us,  4.4 sy,  0.0 ni, 89.0 id,  0.0 wa,  0.0 hi,  1.0 si,  0.3 st
%Cpu(s):  9.4 us,  4.8 sy,  0.0 ni, 84.9 id,  0.0 wa,  0.0 hi,  0.9 si,  0.0 st
%Cpu(s):  7.9 us,  5.3 sy,  0.0 ni, 85.6 id,  0.0 wa,  0.0 hi,  1.1 si,  0.0 st
%Cpu(s):  9.1 us,  5.5 sy,  0.0 ni, 84.8 id,  0.0 wa,  0.0 hi,  0.6 si,  0.0 st
%Cpu(s):  5.7 us,  4.2 sy,  0.0 ni, 89.1 id,  0.0 wa,  0.0 hi,  0.9 si,  0.1 st
%Cpu(s):  5.8 us,  3.8 sy,  0.0 ni, 89.7 id,  0.1 wa,  0.0 hi,  0.5 si,  0.1 st
%Cpu(s): 17.5 us,  3.7 sy,  0.0 ni, 78.2 id,  0.0 wa,  0.0 hi,  0.5 si,  0.0 st
%Cpu(s): 23.5 us,  3.9 sy,  0.0 ni, 72.0 id,  0.0 wa,  0.0 hi,  0.5 si,  0.0 st
%Cpu(s): 20.5 us,  3.8 sy,  0.0 ni, 74.9 id,  0.0 wa,  0.0 hi,  0.9 si,  0.0 st
%Cpu(s): 13.5 us,  4.3 sy,  0.0 ni, 81.5 id,  0.0 wa,  0.0 hi,  0.6 si,  0.1 st
%Cpu(s): 10.9 us,  3.9 sy,  0.0 ni, 84.2 id,  0.0 wa,  0.0 hi,  0.8 si,  0.2 st
%Cpu(s): 10.0 us,  4.5 sy,  0.0 ni, 84.2 id,  0.0 wa,  0.0 hi,  1.1 si,  0.1 st
