%Cpu(s):  0.4 us,  0.1 sy,  0.0 ni, 99.5 id,  0.0 wa,  0.0 hi,  0.0 si,  0.0 st
%Cpu(s):  2.0 us,  1.5 sy,  0.0 ni, 96.5 id,  0.0 wa,  0.0 hi,  0.0 si,  0.0 st
%Cpu(s):  1.6 us,  1.9 sy,  0.0 ni, 96.4 id,  0.0 wa,  0.0 hi,  0.1 si,  0.0 st
%Cpu(s):  1.6 us,  1.4 sy,  0.0 ni, 97.0 id,  0.0 wa,  0.0 hi,  0.0 si,  0.0 st
%Cpu(s):  1.6 us,  1.6 sy,  0.0 ni, 96.7 id,  0.0 wa,  0.0 hi,  0.0 si,  0.0 st
%Cpu(s):  3.2 us,  1.0 sy,  0.0 ni, 95.8 id,  0.0 wa,  0.0 hi,  0.0 si,  0.0 st
%Cpu(s):  1.8 us,  0.9 sy,  0.0 ni, 97.4 id,  0.0 wa,  0.0 hi,  0.0 si,  0.0 st
%Cpu(s): 68.3 us,  4.0 sy,  0.0 ni, 26.8 id,  0.1 wa,  0.0 hi,  0.6 si,  0.1 st
%Cpu(s): 88.2 us,  7.4 sy,  0.0 ni,  3.1 id,  0.0 wa,  0.0 hi,  1.2 si,  0.0 st
%Cpu(s): 87.8 us,  7.7 sy,  0.0 ni,  3.4 id,  0.0 wa,  0.0 hi,  1.1 si,  0.0 st
%Cpu(s): 90.4 us,  6.4 sy,  0.0 ni,  2.1 id,  0.0 wa,  0.0 hi,  1.1 si,  0.0 st
%Cpu(s): 90.6 us,  7.1 sy,  0.0 ni,  0.0 id,  0.0 wa,  0.0 hi,  2.2 si,  0.0 st
%Cpu(s): 90.8 us,  7.7 sy,  0.0 ni,  0.4 id,  0.0 wa,  0.0 hi,  1.1 si,  0.0 st
%Cpu(s): 87.8 us,  9.0 sy,  0.0 ni,  1.4 id,  0.0 wa,  0.0 hi,  1.9 si,  0.0 st
%Cpu(s): 90.7 us,  7.3 sy,  0.0 ni,  0.2 id,  0.0 wa,  0.0 hi,  1.7 si,  0.0 st
%Cpu(s): 80.4 us,  6.7 sy,  0.0 ni, 11.3 id,  0.0 wa,  0.0 hi,  1.4 si,  0.1 st
%Cpu(s): 82.8 us,  7.2 sy,  0.0 ni,  8.1 id,  0.0 wa,  0.0 hi,  1.9 si,  0.0 st
%Cpu(s): 87.8 us,  6.3 sy,  0.0 ni,  4.3 id,  0.0 wa,  0.0 hi,  1.6 si,  0.0 st
%Cpu(s): 58.3 us,  5.4 sy,  0.0 ni, 35.1 id,  0.0 wa,  0.0 hi,  1.3 si,  0.0 st
%Cpu(s): 47.3 us,  6.2 sy,  0.0 ni, 45.4 id,  0.0 wa,  0.0 hi,  1.1 si,  0.0 st
%Cpu(s): 24.9 us,  5.9 sy,  0.0 ni, 68.4 id,  0.0 wa,  0.0 hi,  0.8 si,  0.0 st
%Cpu(s): 26.7 us,  5.2 sy,  0.0 ni, 67.0 id,  0.0 wa,  0.0 hi,  0.9 si,  0.1 st
%Cpu(s): 17.9 us,  4.8 sy,  0.0 ni, 76.9 id,  0.0 wa,  0.0 hi,  0.3 si,  0.1 st
%Cpu(s): 19.4 us,  5.8 sy,  0.0 ni, 74.4 id,  0.0 wa,  0.0 hi,  0.5 si,  0.0 st
%Cpu(s): 13.0 us,  6.5 sy,  0.0 ni, 79.5 id,  0.0 wa,  0.0 hi,  0.9 si,  0.0 st
%Cpu(s): 11.0 us,  5.9 sy,  0.0 ni, 82.4 id,  0.0 wa,  0.0 hi,  0.8 si,  0.0 st
%Cpu(s): 10.0 us,  5.8 sy,  0.0 ni, 83.3 id,  0.0 wa,  0.0 hi,  0.8 si,  0.1 st
%Cpu(s): 12.8 us,  5.5 sy,  0.0 ni, 80.5 id,  0.0 wa,  0.0 hi,  1.0 si,  0.1 st
%Cpu(s):  8.7 us,  5.5 sy,  0.0 ni, 85.4 id,  0.0 wa,  0.0 hi,  0.5 si,  0.0 st
%Cpu(s):  8.9 us,  5.2 sy,  0.0 ni, 85.1 id,  0.0 wa,  0.0 hi,  0.8 si,  0.0 st
%Cpu(s): 10.4 us,  5.1 sy,  0.0 ni, 83.7 id,  0.0 wa,  0.0 hi,  0.8 si,  0.0 st
%Cpu(s):  8.9 us,  4.4 sy,  0.0 ni, 86.2 id,  0.0 wa,  0.0 hi,  0.4 si,  0.1 st
%Cpu(s):  8.6 us,  6.0 sy,  0.0 ni, 84.9 id,  0.0 wa,  0.0 hi,  0.4 si,  0.1 st
%Cpu(s): 11.0 us,  5.6 sy,  0.0 ni, 82.6 id,  0.0 wa,  0.0 hi,  0.8 si,  0.0 st
%Cpu(s):  9.8 us,  5.1 sy,  0.0 ni, 84.4 id,  0.0 wa,  0.0 hi,  0.8 si,  0.0 st
%Cpu(s):  9.0 us,  6.2 sy,  0.0 ni, 84.3 id,  0.0 wa,  0.0 hi,  0.5 si,  0.0 st
%Cpu(s):  9.8 us,  5.7 sy,  0.0 ni, 83.7 id,  0.0 wa,  0.0 hi,  0.8 si,  0.0 st
%Cpu(s): 20.3 us,  4.0 sy,  0.0 ni, 74.8 id,  0.0 wa,  0.0 hi,  0.6 si,  0.3 st
%Cpu(s): 22.2 us,  5.3 sy,  0.0 ni, 71.4 id,  0.0 wa,  0.0 hi,  1.0 si,  0.0 st
%Cpu(s): 12.7 us,  4.7 sy,  0.0 ni, 81.7 id,  0.0 wa,  0.0 hi,  0.9 si,  0.0 st
%Cpu(s): 11.3 us,  4.5 sy,  0.0 ni, 83.2 id,  0.0 wa,  0.0 hi,  0.5 si,  0.4 st
%Cpu(s): 10.7 us,  5.3 sy,  0.0 ni, 83.8 id,  0.0 wa,  0.0 hi,  0.3 si,  0.0 st
%Cpu(s): 13.7 us,  5.1 sy,  0.0 ni, 80.5 id,  0.0 wa,  0.0 hi,  0.8 si,  0.0 st
%Cpu(s): 19.4 us,  4.5 sy,  0.0 ni, 75.0 id,  0.0 wa,  0.0 hi,  1.0 si,  0.1 st
%Cpu(s):  9.6 us,  4.5 sy,  0.0 ni, 85.0 id,  0.0 wa,  0.0 hi,  0.9 si,  0.1 st
%Cpu(s): 10.2 us,  6.0 sy,  0.0 ni, 83.3 id,  0.0 wa,  0.0 hi,  0.5 si,  0.0 st
%Cpu(s):  9.1 us,  5.8 sy,  0.0 ni, 84.2 id,  0.0 wa,  0.0 hi,  0.9 si,  0.0 st
%Cpu(s):  9.2 us,  5.4 sy,  0.0 ni, 84.4 id,  0.0 wa,  0.0 hi,  1.0 si,  0.0 st
%Cpu(s):  9.1 us,  4.5 sy,  0.0 ni, 85.5 id,  0.0 wa,  0.0 hi,  0.9 si,  0.0 st
%Cpu(s):  8.9 us,  5.7 sy,  0.0 ni, 85.2 id,  0.0 wa,  0.0 hi,  0.1 si,  0.0 st
%Cpu(s):  7.8 us,  5.3 sy,  0.0 ni, 86.0 id,  0.0 wa,  0.0 hi,  0.8 si,  0.1 st
%Cpu(s):  8.2 us,  5.4 sy,  0.0 ni, 85.6 id,  0.0 wa,  0.0 hi,  0.8 si,  0.0 st
%Cpu(s):  9.1 us,  5.5 sy,  0.0 ni, 84.3 id,  0.0 wa,  0.0 hi,  1.0 si,  0.1 st
%Cpu(s):  8.2 us,  6.0 sy,  0.0 ni, 84.9 id,  0.0 wa,  0.0 hi,  0.9 si,  0.0 st
%Cpu(s):  8.2 us,  5.6 sy,  0.0 ni, 85.4 id,  0.0 wa,  0.0 hi,  0.8 si,  0.0 st
%Cpu(s):  9.3 us,  5.0 sy,  0.0 ni, 84.8 id,  0.0 wa,  0.0 hi,  0.8 si,  0.1 st
%Cpu(s):  9.1 us,  5.5 sy,  0.0 ni, 84.7 id,  0.0 wa,  0.0 hi,  0.6 si,  0.1 st
%Cpu(s):  8.8 us,  5.0 sy,  0.0 ni, 85.5 id,  0.0 wa,  0.0 hi,  0.6 si,  0.0 st
%Cpu(s):  8.6 us,  4.2 sy,  0.0 ni, 86.4 id,  0.0 wa,  0.0 hi,  0.6 si,  0.1 st
%Cpu(s):  8.7 us,  5.0 sy,  0.0 ni, 85.3 id,  0.0 wa,  0.0 hi,  1.0 si,  0.0 st
%Cpu(s):  8.8 us,  5.2 sy,  0.0 ni, 85.1 id,  0.0 wa,  0.0 hi,  0.9 si,  0.0 st
%Cpu(s):  3.3 us,  1.8 sy,  0.0 ni, 94.6 id,  0.0 wa,  0.0 hi,  0.4 si,  0.0 st
%Cpu(s):  0.8 us,  0.4 sy,  0.0 ni, 98.9 id,  0.0 wa,  0.0 hi,  0.0 si,  0.0 st
%Cpu(s):  1.5 us,  1.6 sy,  0.0 ni, 96.9 id,  0.0 wa,  0.0 hi,  0.0 si,  0.0 st
%Cpu(s):  1.2 us,  2.5 sy,  0.0 ni, 96.3 id,  0.0 wa,  0.0 hi,  0.0 si,  0.0 st
%Cpu(s):  1.4 us,  1.6 sy,  0.0 ni, 96.8 id,  0.1 wa,  0.0 hi,  0.1 si,  0.0 st
%Cpu(s):  1.6 us,  1.5 sy,  0.0 ni, 96.9 id,  0.0 wa,  0.0 hi,  0.0 si,  0.0 st
%Cpu(s):  2.1 us,  1.6 sy,  0.0 ni, 96.3 id,  0.0 wa,  0.0 hi,  0.0 si,  0.0 st
%Cpu(s):  3.1 us,  2.0 sy,  0.0 ni, 94.9 id,  0.0 wa,  0.0 hi,  0.0 si,  0.0 st
%Cpu(s):  1.7 us,  1.9 sy,  0.0 ni, 96.4 id,  0.0 wa,  0.0 hi,  0.0 si,  0.0 st
%Cpu(s):  1.2 us,  2.3 sy,  0.0 ni, 96.2 id,  0.0 wa,  0.0 hi,  0.1 si,  0.1 st
%Cpu(s):  1.4 us,  2.1 sy,  0.0 ni, 96.5 id,  0.0 wa,  0.0 hi,  0.0 si,  0.0 st
%Cpu(s):  2.0 us,  1.4 sy,  0.0 ni, 96.7 id,  0.0 wa,  0.0 hi,  0.0 si,  0.0 st
%Cpu(s):  1.1 us,  1.5 sy,  0.0 ni, 97.3 id,  0.0 wa,  0.0 hi,  0.1 si,  0.0 st
%Cpu(s):  1.6 us,  1.7 sy,  0.0 ni, 96.5 id,  0.0 wa,  0.0 hi,  0.1 si,  0.0 st
%Cpu(s):  1.1 us,  1.0 sy,  0.0 ni, 97.6 id,  0.1 wa,  0.0 hi,  0.0 si,  0.1 st
%Cpu(s):  1.8 us,  2.3 sy,  0.0 ni, 95.7 id,  0.0 wa,  0.0 hi,  0.0 si,  0.1 st
%Cpu(s):  1.5 us,  2.1 sy,  0.0 ni, 96.4 id,  0.0 wa,  0.0 hi,  0.0 si,  0.0 st
%Cpu(s):  1.1 us,  0.5 sy,  0.0 ni, 98.4 id,  0.0 wa,  0.0 hi,  0.0 si,  0.0 st
%Cpu(s):  0.7 us,  1.6 sy,  0.0 ni, 97.4 id,  0.0 wa,  0.0 hi,  0.1 si,  0.1 st
%Cpu(s):  1.1 us,  1.5 sy,  0.0 ni, 97.4 id,  0.0 wa,  0.0 hi,  0.0 si,  0.0 st
%Cpu(s):  1.2 us,  1.6 sy,  0.0 ni, 97.2 id,  0.0 wa,  0.0 hi,  0.0 si,  0.0 st
%Cpu(s):  1.0 us,  1.5 sy,  0.0 ni, 97.5 id,  0.0 wa,  0.0 hi,  0.0 si,  0.0 st
%Cpu(s):  1.8 us,  0.9 sy,  0.0 ni, 97.4 id,  0.0 wa,  0.0 hi,  0.0 si,  0.0 st
