%Cpu(s):  4.2 us,  0.7 sy,  0.0 ni, 95.0 id,  0.0 wa,  0.0 hi,  0.1 si,  0.0 st
%Cpu(s):  3.3 us,  2.5 sy,  0.0 ni, 94.2 id,  0.0 wa,  0.0 hi,  0.0 si,  0.0 st
%Cpu(s):  3.4 us,  2.4 sy,  0.0 ni, 94.2 id,  0.0 wa,  0.0 hi,  0.0 si,  0.0 st
%Cpu(s):  2.6 us,  2.0 sy,  0.0 ni, 95.3 id,  0.0 wa,  0.0 hi,  0.0 si,  0.1 st
%Cpu(s):  2.2 us,  3.3 sy,  0.0 ni, 94.4 id,  0.0 wa,  0.0 hi,  0.1 si,  0.0 st
%Cpu(s):  7.4 us,  2.1 sy,  0.0 ni, 90.4 id,  0.1 wa,  0.0 hi,  0.0 si,  0.0 st
%Cpu(s): 64.5 us,  3.7 sy,  0.0 ni, 31.2 id,  0.0 wa,  0.0 hi,  0.5 si,  0.1 st
%Cpu(s): 87.5 us,  7.2 sy,  0.0 ni,  3.2 id,  0.0 wa,  0.0 hi,  2.0 si,  0.0 st
%Cpu(s): 89.4 us,  8.0 sy,  0.0 ni,  0.4 id,  0.0 wa,  0.0 hi,  2.2 si,  0.0 st
%Cpu(s): 89.6 us,  8.0 sy,  0.0 ni,  0.5 id,  0.0 wa,  0.0 hi,  2.0 si,  0.0 st
%Cpu(s): 90.3 us,  7.5 sy,  0.0 ni,  0.4 id,  0.0 wa,  0.0 hi,  1.7 si,  0.1 st
%Cpu(s): 87.9 us,  7.5 sy,  0.0 ni,  1.9 id,  0.0 wa,  0.0 hi,  2.6 si,  0.1 st
%Cpu(s): 76.9 us,  6.1 sy,  0.0 ni, 15.2 id,  0.0 wa,  0.0 hi,  1.8 si,  0.0 st
%Cpu(s): 59.0 us,  6.7 sy,  0.0 ni, 32.6 id,  0.0 wa,  0.0 hi,  1.6 si,  0.1 st
%Cpu(s): 77.3 us,  6.5 sy,  0.0 ni, 14.2 id,  0.0 wa,  0.0 hi,  2.0 si,  0.0 st
%Cpu(s): 87.5 us,  6.3 sy,  0.0 ni,  3.9 id,  0.0 wa,  0.0 hi,  2.4 si,  0.0 st
%Cpu(s): 56.0 us,  6.5 sy,  0.0 ni, 36.4 id,  0.0 wa,  0.0 hi,  1.0 si,  0.0 st
%Cpu(s): 30.6 us,  5.5 sy,  0.0 ni, 62.6 id,  0.0 wa,  0.0 hi,  1.0 si,  0.3 st
%Cpu(s): 20.6 us,  6.0 sy,  0.0 ni, 71.9 id,  0.0 wa,  0.0 hi,  1.4 si,  0.1 st
%Cpu(s): 25.7 us,  5.9 sy,  0.0 ni, 67.8 id,  0.0 wa,  0.0 hi,  0.6 si,  0.0 st
%Cpu(s): 18.2 us,  6.1 sy,  0.0 ni, 75.4 id,  0.0 wa,  0.0 hi,  0.3 si,  0.0 st
%Cpu(s): 14.2 us,  6.9 sy,  0.0 ni, 78.2 id,  0.0 wa,  0.0 hi,  0.5 si,  0.1 st
%Cpu(s): 13.4 us,  6.5 sy,  0.0 ni, 79.6 id,  0.0 wa,  0.0 hi,  0.5 si,  0.0 st
%Cpu(s): 14.7 us,  6.8 sy,  0.0 ni, 77.7 id,  0.0 wa,  0.0 hi,  0.8 si,  0.1 st
%Cpu(s): 15.4 us,  5.6 sy,  0.0 ni, 78.5 id,  0.0 wa,  0.0 hi,  0.5 si,  0.0 st
%Cpu(s): 13.3 us,  5.9 sy,  0.0 ni, 79.7 id,  0.1 wa,  0.0 hi,  0.8 si,  0.1 st
%Cpu(s): 15.3 us,  7.4 sy,  0.0 ni, 76.4 id,  0.0 wa,  0.0 hi,  0.8 si,  0.1 st
%Cpu(s): 12.6 us,  5.3 sy,  0.0 ni, 81.7 id,  0.0 wa,  0.0 hi,  0.4 si,  0.0 st
%Cpu(s): 14.4 us,  7.1 sy,  0.0 ni, 77.8 id,  0.0 wa,  0.0 hi,  0.6 si,  0.0 st
%Cpu(s): 14.6 us,  6.1 sy,  0.0 ni, 78.4 id,  0.0 wa,  0.0 hi,  0.9 si,  0.0 st
%Cpu(s): 13.3 us,  6.5 sy,  0.0 ni, 79.4 id,  0.0 wa,  0.0 hi,  0.8 si,  0.0 st
%Cpu(s): 12.7 us,  6.3 sy,  0.0 ni, 80.0 id,  0.0 wa,  0.0 hi,  0.8 si,  0.3 st
%Cpu(s): 12.4 us,  6.3 sy,  0.0 ni, 80.7 id,  0.0 wa,  0.0 hi,  0.7 si,  0.0 st
%Cpu(s): 14.3 us,  7.0 sy,  0.0 ni, 78.1 id,  0.0 wa,  0.0 hi,  0.6 si,  0.0 st
%Cpu(s): 15.0 us,  7.7 sy,  0.0 ni, 76.1 id,  0.0 wa,  0.0 hi,  1.0 si,  0.1 st
%Cpu(s): 13.5 us,  7.0 sy,  0.0 ni, 78.3 id,  0.0 wa,  0.0 hi,  1.0 si,  0.1 st
%Cpu(s): 23.2 us,  6.1 sy,  0.0 ni, 69.7 id,  0.0 wa,  0.0 hi,  0.9 si,  0.1 st
%Cpu(s): 27.8 us,  6.8 sy,  0.0 ni, 64.4 id,  0.0 wa,  0.0 hi,  1.0 si,  0.0 st
%Cpu(s): 17.4 us,  6.5 sy,  0.0 ni, 75.5 id,  0.0 wa,  0.0 hi,  0.6 si,  0.0 st
%Cpu(s): 16.8 us,  5.6 sy,  0.0 ni, 77.2 id,  0.0 wa,  0.0 hi,  0.4 si,  0.0 st
%Cpu(s): 16.4 us,  7.4 sy,  0.0 ni, 75.1 id,  0.1 wa,  0.0 hi,  0.6 si,  0.3 st
%Cpu(s): 15.1 us,  6.5 sy,  0.0 ni, 77.7 id,  0.0 wa,  0.0 hi,  0.6 si,  0.0 st
%Cpu(s): 17.3 us,  6.3 sy,  0.0 ni, 75.3 id,  0.0 wa,  0.0 hi,  1.0 si,  0.1 st
%Cpu(s): 18.9 us,  7.6 sy,  0.0 ni, 72.4 id,  0.0 wa,  0.0 hi,  1.1 si,  0.0 st
%Cpu(s): 16.1 us,  6.0 sy,  0.0 ni, 76.8 id,  0.0 wa,  0.0 hi,  0.9 si,  0.1 st
%Cpu(s): 15.1 us,  7.0 sy,  0.0 ni, 77.2 id,  0.0 wa,  0.0 hi,  0.8 si,  0.0 st
%Cpu(s): 16.6 us,  6.4 sy,  0.0 ni, 76.4 id,  0.0 wa,  0.0 hi,  0.5 si,  0.1 st
%Cpu(s): 12.8 us,  6.5 sy,  0.0 ni, 79.6 id,  0.0 wa,  0.0 hi,  0.9 si,  0.1 st
%Cpu(s): 13.6 us,  7.4 sy,  0.0 ni, 78.0 id,  0.0 wa,  0.0 hi,  0.9 si,  0.1 st
%Cpu(s): 13.5 us,  6.5 sy,  0.0 ni, 79.2 id,  0.0 wa,  0.0 hi,  0.7 si,  0.1 st
%Cpu(s): 14.2 us,  6.5 sy,  0.0 ni, 78.7 id,  0.0 wa,  0.0 hi,  0.6 si,  0.0 st
%Cpu(s): 13.4 us,  6.9 sy,  0.0 ni, 78.8 id,  0.0 wa,  0.0 hi,  0.9 si,  0.1 st
%Cpu(s): 14.5 us,  5.9 sy,  0.0 ni, 78.7 id,  0.0 wa,  0.0 hi,  0.9 si,  0.0 st
%Cpu(s): 14.5 us,  6.2 sy,  0.0 ni, 78.1 id,  0.0 wa,  0.0 hi,  1.0 si,  0.1 st
%Cpu(s): 14.1 us,  6.7 sy,  0.0 ni, 78.6 id,  0.0 wa,  0.0 hi,  0.5 si,  0.1 st
%Cpu(s): 14.0 us,  5.9 sy,  0.0 ni, 79.7 id,  0.0 wa,  0.0 hi,  0.4 si,  0.0 st
%Cpu(s): 12.6 us,  6.4 sy,  0.0 ni, 80.6 id,  0.0 wa,  0.0 hi,  0.4 si,  0.0 st
%Cpu(s): 15.2 us,  5.6 sy,  0.0 ni, 78.6 id,  0.0 wa,  0.0 hi,  0.5 si,  0.1 st
%Cpu(s): 15.1 us,  6.8 sy,  0.0 ni, 77.7 id,  0.0 wa,  0.0 hi,  0.5 si,  0.0 st
%Cpu(s): 14.0 us,  6.0 sy,  0.0 ni, 79.3 id,  0.0 wa,  0.0 hi,  0.6 si,  0.1 st
%Cpu(s): 14.1 us,  6.9 sy,  0.0 ni, 78.0 id,  0.0 wa,  0.0 hi,  0.9 si,  0.1 st
%Cpu(s):  3.1 us,  2.4 sy,  0.0 ni, 94.5 id,  0.0 wa,  0.0 hi,  0.0 si,  0.0 st
%Cpu(s):  2.0 us,  1.8 sy,  0.0 ni, 96.1 id,  0.0 wa,  0.0 hi,  0.0 si,  0.1 st
%Cpu(s):  3.3 us,  2.4 sy,  0.0 ni, 94.3 id,  0.0 wa,  0.0 hi,  0.0 si,  0.0 st
%Cpu(s):  2.6 us,  2.1 sy,  0.0 ni, 95.0 id,  0.0 wa,  0.0 hi,  0.1 si,  0.1 st
%Cpu(s):  3.8 us,  1.9 sy,  0.0 ni, 94.1 id,  0.1 wa,  0.0 hi,  0.1 si,  0.0 st
%Cpu(s):  4.5 us,  2.4 sy,  0.0 ni, 93.1 id,  0.0 wa,  0.0 hi,  0.0 si,  0.0 st
%Cpu(s):  9.6 us,  2.1 sy,  0.0 ni, 88.2 id,  0.0 wa,  0.0 hi,  0.0 si,  0.0 st
%Cpu(s):  3.6 us,  2.5 sy,  0.0 ni, 93.9 id,  0.0 wa,  0.0 hi,  0.0 si,  0.0 st
%Cpu(s):  5.1 us,  2.5 sy,  0.0 ni, 92.3 id,  0.0 wa,  0.0 hi,  0.0 si,  0.1 st
%Cpu(s):  5.1 us,  1.6 sy,  0.0 ni, 93.3 id,  0.0 wa,  0.0 hi,  0.0 si,  0.0 st
%Cpu(s):  3.0 us,  3.1 sy,  0.0 ni, 93.8 id,  0.0 wa,  0.0 hi,  0.0 si,  0.1 st
%Cpu(s):  2.5 us,  1.9 sy,  0.0 ni, 95.6 id,  0.0 wa,  0.0 hi,  0.0 si,  0.0 st
%Cpu(s):  3.6 us,  2.1 sy,  0.0 ni, 94.2 id,  0.0 wa,  0.0 hi,  0.0 si,  0.0 st
%Cpu(s):  3.1 us,  3.8 sy,  0.0 ni, 93.0 id,  0.0 wa,  0.0 hi,  0.1 si,  0.0 st
