%Cpu(s):  1.6 us,  0.3 sy,  0.0 ni, 98.1 id,  0.0 wa,  0.0 hi,  0.0 si,  0.0 st
%Cpu(s): 66.2 us,  6.4 sy,  0.0 ni, 26.9 id,  0.1 wa,  0.0 hi,  0.1 si,  0.1 st
%Cpu(s): 75.9 us,  3.3 sy,  0.0 ni, 20.7 id,  0.0 wa,  0.0 hi,  0.0 si,  0.1 st
%Cpu(s): 81.4 us,  2.3 sy,  0.0 ni, 16.4 id,  0.0 wa,  0.0 hi,  0.0 si,  0.0 st
%Cpu(s): 95.9 us,  2.2 sy,  0.0 ni,  1.9 id,  0.0 wa,  0.0 hi,  0.0 si,  0.0 st
%Cpu(s): 96.0 us,  2.6 sy,  0.0 ni,  1.4 id,  0.0 wa,  0.0 hi,  0.0 si,  0.0 st
%Cpu(s): 58.5 us,  1.5 sy,  0.0 ni, 40.0 id,  0.0 wa,  0.0 hi,  0.0 si,  0.0 st
%Cpu(s): 13.8 us,  0.7 sy,  0.0 ni, 85.4 id,  0.0 wa,  0.0 hi,  0.0 si,  0.0 st
%Cpu(s):  1.7 us,  0.9 sy,  0.0 ni, 97.4 id,  0.0 wa,  0.0 hi,  0.0 si,  0.0 st
%Cpu(s):  1.8 us,  1.0 sy,  0.0 ni, 97.2 id,  0.0 wa,  0.0 hi,  0.0 si,  0.0 st
%Cpu(s):  1.0 us,  1.5 sy,  0.0 ni, 97.4 id,  0.0 wa,  0.0 hi,  0.0 si,  0.1 st
%Cpu(s):  1.3 us,  0.6 sy,  0.0 ni, 98.1 id,  0.0 wa,  0.0 hi,  0.0 si,  0.0 st
%Cpu(s):  1.0 us,  1.0 sy,  0.0 ni, 98.0 id,  0.0 wa,  0.0 hi,  0.0 si,  0.0 st
%Cpu(s):  0.8 us,  0.9 sy,  0.0 ni, 98.2 id,  0.0 wa,  0.0 hi,  0.0 si,  0.1 st
%Cpu(s):  0.9 us,  0.6 sy,  0.0 ni, 98.5 id,  0.0 wa,  0.0 hi,  0.0 si,  0.0 st
%Cpu(s):  1.1 us,  0.9 sy,  0.0 ni, 98.0 id,  0.0 wa,  0.0 hi,  0.0 si,  0.0 st
%Cpu(s):  8.5 us,  2.1 sy,  0.0 ni, 89.1 id,  0.0 wa,  0.0 hi,  0.1 si,  0.1 st
%Cpu(s): 53.1 us,  4.4 sy,  0.0 ni, 42.0 id,  0.0 wa,  0.0 hi,  0.5 si,  0.1 st
%Cpu(s): 61.1 us,  5.6 sy,  0.0 ni, 31.8 id,  0.0 wa,  0.0 hi,  1.5 si,  0.0 st
%Cpu(s): 64.7 us,  4.6 sy,  0.0 ni, 29.7 id,  0.0 wa,  0.0 hi,  1.0 si,  0.0 st
%Cpu(s): 55.8 us,  4.5 sy,  0.0 ni, 38.8 id,  0.0 wa,  0.0 hi,  1.0 si,  0.0 st
%Cpu(s): 32.2 us,  4.4 sy,  0.0 ni, 62.7 id,  0.0 wa,  0.0 hi,  0.6 si,  0.0 st
%Cpu(s): 14.5 us,  4.3 sy,  0.0 ni, 80.5 id,  0.0 wa,  0.0 hi,  0.6 si,  0.0 st
%Cpu(s):  8.7 us,  4.4 sy,  0.0 ni, 86.4 id,  0.0 wa,  0.0 hi,  0.5 si,  0.0 st
%Cpu(s):  8.6 us,  3.6 sy,  0.0 ni, 87.1 id,  0.0 wa,  0.0 hi,  0.8 si,  0.0 st
%Cpu(s):  6.7 us,  3.6 sy,  0.0 ni, 89.1 id,  0.0 wa,  0.0 hi,  0.6 si,  0.0 st
%Cpu(s): 10.3 us,  3.9 sy,  0.0 ni, 85.3 id,  0.0 wa,  0.0 hi,  0.5 si,  0.0 st
%Cpu(s): 13.5 us,  4.5 sy,  0.0 ni, 81.3 id,  0.0 wa,  0.0 hi,  0.8 si,  0.0 st
%Cpu(s):  8.2 us,  4.3 sy,  0.0 ni, 87.0 id,  0.0 wa,  0.0 hi,  0.4 si,  0.1 st
%Cpu(s):  5.7 us,  4.3 sy,  0.0 ni, 89.3 id,  0.0 wa,  0.0 hi,  0.8 si,  0.0 st
%Cpu(s):  9.3 us,  3.3 sy,  0.0 ni, 86.7 id,  0.0 wa,  0.0 hi,  0.6 si,  0.0 st
%Cpu(s):  6.5 us,  3.3 sy,  0.0 ni, 87.0 id,  1.9 wa,  0.0 hi,  1.2 si,  0.1 st
%Cpu(s):  5.4 us,  4.1 sy,  0.0 ni, 89.9 id,  0.0 wa,  0.0 hi,  0.6 si,  0.0 st
%Cpu(s):  7.4 us,  4.3 sy,  0.0 ni, 87.9 id,  0.0 wa,  0.0 hi,  0.4 si,  0.0 st
%Cpu(s):  4.4 us,  4.0 sy,  0.0 ni, 91.3 id,  0.0 wa,  0.0 hi,  0.3 si,  0.1 st
%Cpu(s):  6.7 us,  4.7 sy,  0.0 ni, 88.0 id,  0.0 wa,  0.0 hi,  0.6 si,  0.0 st
%Cpu(s):  7.8 us,  4.2 sy,  0.0 ni, 87.4 id,  0.0 wa,  0.0 hi,  0.6 si,  0.0 st
%Cpu(s):  4.5 us,  4.4 sy,  0.0 ni, 90.5 id,  0.0 wa,  0.0 hi,  0.6 si,  0.0 st
%Cpu(s):  7.8 us,  4.2 sy,  0.0 ni, 87.5 id,  0.0 wa,  0.0 hi,  0.5 si,  0.0 st
%Cpu(s):  8.2 us,  3.6 sy,  0.0 ni, 87.9 id,  0.0 wa,  0.0 hi,  0.4 si,  0.0 st
%Cpu(s):  9.5 us,  5.1 sy,  0.0 ni, 84.6 id,  0.0 wa,  0.0 hi,  0.8 si,  0.0 st
%Cpu(s):  3.8 us,  3.6 sy,  0.0 ni, 91.7 id,  0.1 wa,  0.0 hi,  0.8 si,  0.0 st
%Cpu(s):  5.2 us,  4.7 sy,  0.0 ni, 89.3 id,  0.0 wa,  0.0 hi,  0.7 si,  0.0 st
%Cpu(s):  5.7 us,  3.1 sy,  0.0 ni, 90.4 id,  0.0 wa,  0.0 hi,  0.8 si,  0.0 st
%Cpu(s):  5.0 us,  4.6 sy,  0.0 ni, 89.5 id,  0.0 wa,  0.0 hi,  0.9 si,  0.0 st
%Cpu(s):  5.4 us,  4.3 sy,  0.0 ni, 89.6 id,  0.0 wa,  0.0 hi,  0.6 si,  0.0 st
%Cpu(s):  7.0 us,  5.0 sy,  0.0 ni, 87.4 id,  0.0 wa,  0.0 hi,  0.6 si,  0.0 st
%Cpu(s): 10.7 us,  5.4 sy,  0.0 ni, 83.2 id,  0.0 wa,  0.0 hi,  0.6 si,  0.1 st
%Cpu(s):  9.1 us,  3.5 sy,  0.0 ni, 86.5 id,  0.0 wa,  0.0 hi,  0.8 si,  0.1 st
%Cpu(s): 10.3 us,  4.5 sy,  0.0 ni, 84.5 id,  0.0 wa,  0.0 hi,  0.6 si,  0.0 st
%Cpu(s):  4.1 us,  3.6 sy,  0.0 ni, 91.7 id,  0.0 wa,  0.0 hi,  0.6 si,  0.0 st
%Cpu(s):  4.5 us,  4.0 sy,  0.0 ni, 90.9 id,  0.0 wa,  0.0 hi,  0.6 si,  0.0 st
%Cpu(s):  6.0 us,  4.3 sy,  0.0 ni, 89.2 id,  0.0 wa,  0.0 hi,  0.5 si,  0.0 st
%Cpu(s):  5.6 us,  3.7 sy,  0.0 ni, 90.1 id,  0.0 wa,  0.0 hi,  0.6 si,  0.0 st
%Cpu(s):  5.3 us,  3.0 sy,  0.0 ni, 90.8 id,  0.0 wa,  0.0 hi,  0.9 si,  0.0 st
%Cpu(s):  4.5 us,  3.7 sy,  0.0 ni, 91.5 id,  0.0 wa,  0.0 hi,  0.4 si,  0.0 st
%Cpu(s):  5.2 us,  4.0 sy,  0.0 ni, 90.2 id,  0.1 wa,  0.0 hi,  0.5 si,  0.0 st
%Cpu(s):  5.3 us,  3.7 sy,  0.0 ni, 90.4 id,  0.0 wa,  0.0 hi,  0.6 si,  0.0 st
%Cpu(s):  4.8 us,  3.3 sy,  0.0 ni, 90.7 id,  0.0 wa,  0.0 hi,  1.1 si,  0.0 st
%Cpu(s):  5.4 us,  3.9 sy,  0.0 ni, 90.2 id,  0.0 wa,  0.0 hi,  0.5 si,  0.0 st
%Cpu(s):  4.7 us,  3.9 sy,  0.0 ni, 90.7 id,  0.0 wa,  0.0 hi,  0.6 si,  0.0 st
%Cpu(s):  5.2 us,  4.7 sy,  0.0 ni, 88.9 id,  0.0 wa,  0.0 hi,  0.9 si,  0.2 st
%Cpu(s):  4.9 us,  4.4 sy,  0.0 ni, 90.0 id,  0.0 wa,  0.0 hi,  0.6 si,  0.0 st
%Cpu(s):  4.9 us,  4.0 sy,  0.0 ni, 90.4 id,  0.0 wa,  0.0 hi,  0.6 si,  0.0 st
%Cpu(s):  4.7 us,  3.7 sy,  0.0 ni, 90.9 id,  0.0 wa,  0.0 hi,  0.6 si,  0.0 st
%Cpu(s):  4.8 us,  4.3 sy,  0.0 ni, 90.3 id,  0.0 wa,  0.0 hi,  0.6 si,  0.0 st
%Cpu(s): 10.1 us,  4.1 sy,  0.0 ni, 85.0 id,  0.0 wa,  0.0 hi,  0.8 si,  0.0 st
%Cpu(s):  9.8 us,  4.4 sy,  0.0 ni, 84.6 id,  0.0 wa,  0.0 hi,  1.0 si,  0.1 st
%Cpu(s):  7.1 us,  4.5 sy,  0.0 ni, 87.5 id,  0.0 wa,  0.0 hi,  0.8 si,  0.1 st
%Cpu(s): 20.7 us,  4.4 sy,  0.0 ni, 74.5 id,  0.0 wa,  0.0 hi,  0.4 si,  0.0 st
%Cpu(s): 18.4 us,  5.2 sy,  0.0 ni, 75.8 id,  0.0 wa,  0.0 hi,  0.6 si,  0.0 st
%Cpu(s): 15.4 us,  4.3 sy,  0.0 ni, 79.6 id,  0.1 wa,  0.0 hi,  0.6 si,  0.0 st
%Cpu(s): 15.7 us,  4.0 sy,  0.0 ni, 79.6 id,  0.0 wa,  0.0 hi,  0.5 si,  0.1 st
%Cpu(s):  9.3 us,  3.9 sy,  0.0 ni, 86.3 id,  0.0 wa,  0.0 hi,  0.5 si,  0.0 st
%Cpu(s): 13.0 us,  3.9 sy,  0.0 ni, 82.1 id,  0.0 wa,  0.0 hi,  1.0 si,  0.0 st
%Cpu(s):  6.4 us,  3.5 sy,  0.0 ni, 89.7 id,  0.0 wa,  0.0 hi,  0.4 si,  0.0 st
%Cpu(s):  7.6 us,  3.0 sy,  0.0 ni, 88.7 id,  0.0 wa,  0.0 hi,  0.5 si,  0.1 st
%Cpu(s): 13.1 us,  2.8 sy,  0.0 ni, 83.8 id,  0.0 wa,  0.0 hi,  0.4 si,  0.0 st
%Cpu(s):  9.4 us,  3.6 sy,  0.0 ni, 86.3 id,  0.0 wa,  0.0 hi,  0.7 si,  0.0 st
%Cpu(s):  9.4 us,  3.3 sy,  0.0 ni, 86.9 id,  0.0 wa,  0.0 hi,  0.4 si,  0.0 st
%Cpu(s):  5.9 us,  1.8 sy,  0.0 ni, 92.1 id,  0.0 wa,  0.0 hi,  0.3 si,  0.0 st
%Cpu(s):  7.1 us,  2.5 sy,  0.0 ni, 90.1 id,  0.0 wa,  0.0 hi,  0.1 si,  0.1 st
%Cpu(s): 33.5 us,  2.5 sy,  0.0 ni, 63.7 id,  0.0 wa,  0.0 hi,  0.4 si,  0.0 st
%Cpu(s): 18.7 us,  2.6 sy,  0.0 ni, 78.7 id,  0.0 wa,  0.0 hi,  0.0 si,  0.0 st
