%Cpu(s):  0.8 us,  0.2 sy,  0.0 ni, 99.0 id,  0.0 wa,  0.0 hi,  0.0 si,  0.0 st
%Cpu(s): 57.9 us,  3.8 sy,  0.0 ni, 38.1 id,  0.0 wa,  0.0 hi,  0.3 si,  0.0 st
%Cpu(s): 75.7 us,  2.8 sy,  0.0 ni, 21.6 id,  0.0 wa,  0.0 hi,  0.0 si,  0.0 st
%Cpu(s): 84.9 us,  2.4 sy,  0.0 ni, 12.7 id,  0.0 wa,  0.0 hi,  0.0 si,  0.0 st
%Cpu(s): 95.1 us,  2.2 sy,  0.0 ni,  2.6 id,  0.0 wa,  0.0 hi,  0.0 si,  0.0 st
%Cpu(s): 94.7 us,  3.4 sy,  0.0 ni,  1.9 id,  0.0 wa,  0.0 hi,  0.0 si,  0.0 st
%Cpu(s): 60.3 us,  2.6 sy,  0.0 ni, 37.0 id,  0.0 wa,  0.0 hi,  0.1 si,  0.0 st
%Cpu(s): 11.0 us,  1.3 sy,  0.0 ni, 87.6 id,  0.0 wa,  0.0 hi,  0.0 si,  0.1 st
%Cpu(s):  6.2 us,  1.5 sy,  0.0 ni, 92.2 id,  0.0 wa,  0.0 hi,  0.0 si,  0.1 st
%Cpu(s):  4.3 us,  3.8 sy,  0.0 ni, 91.7 id,  0.0 wa,  0.0 hi,  0.1 si,  0.0 st
%Cpu(s):  2.9 us,  2.5 sy,  0.0 ni, 94.6 id,  0.0 wa,  0.0 hi,  0.0 si,  0.0 st
%Cpu(s): 11.3 us,  3.3 sy,  0.0 ni, 85.5 id,  0.0 wa,  0.0 hi,  0.0 si,  0.0 st
%Cpu(s): 10.7 us,  4.2 sy,  0.0 ni, 84.9 id,  0.0 wa,  0.0 hi,  0.0 si,  0.1 st
%Cpu(s):  4.4 us,  3.5 sy,  0.0 ni, 91.9 id,  0.0 wa,  0.0 hi,  0.1 si,  0.1 st
%Cpu(s):  3.6 us,  2.5 sy,  0.0 ni, 93.9 id,  0.0 wa,  0.0 hi,  0.0 si,  0.0 st
%Cpu(s):  5.4 us,  3.3 sy,  0.0 ni, 91.1 id,  0.0 wa,  0.0 hi,  0.1 si,  0.0 st
%Cpu(s): 44.3 us,  4.7 sy,  0.0 ni, 50.4 id,  0.0 wa,  0.0 hi,  0.6 si,  0.0 st
%Cpu(s): 85.6 us,  9.4 sy,  0.0 ni,  3.1 id,  0.0 wa,  0.0 hi,  1.9 si,  0.0 st
%Cpu(s): 87.0 us,  9.7 sy,  0.0 ni,  1.6 id,  0.0 wa,  0.0 hi,  1.6 si,  0.1 st
%Cpu(s): 88.3 us,  9.3 sy,  0.0 ni,  0.5 id,  0.0 wa,  0.0 hi,  1.9 si,  0.0 st
%Cpu(s): 89.6 us,  8.7 sy,  0.0 ni,  0.5 id,  0.0 wa,  0.0 hi,  1.1 si,  0.1 st
%Cpu(s): 87.7 us,  9.9 sy,  0.0 ni,  0.7 id,  0.0 wa,  0.0 hi,  1.7 si,  0.0 st
%Cpu(s): 87.5 us,  9.0 sy,  0.0 ni,  2.4 id,  0.0 wa,  0.0 hi,  1.1 si,  0.0 st
%Cpu(s): 87.2 us,  6.9 sy,  0.0 ni,  4.9 id,  0.0 wa,  0.0 hi,  1.0 si,  0.0 st
%Cpu(s): 54.7 us,  7.1 sy,  0.0 ni, 37.0 id,  0.0 wa,  0.0 hi,  1.2 si,  0.0 st
%Cpu(s): 35.9 us,  6.5 sy,  0.0 ni, 56.2 id,  0.1 wa,  0.0 hi,  1.3 si,  0.0 st
%Cpu(s): 21.6 us,  6.9 sy,  0.0 ni, 70.2 id,  0.0 wa,  0.0 hi,  1.2 si,  0.1 st
%Cpu(s): 17.4 us,  6.3 sy,  0.0 ni, 75.2 id,  0.0 wa,  0.0 hi,  0.9 si,  0.3 st
%Cpu(s): 28.9 us,  8.1 sy,  0.0 ni, 62.3 id,  0.0 wa,  0.0 hi,  0.8 si,  0.0 st
%Cpu(s): 53.6 us,  6.9 sy,  0.0 ni, 38.1 id,  0.0 wa,  0.0 hi,  1.4 si,  0.0 st
%Cpu(s): 72.2 us,  6.2 sy,  0.0 ni, 20.2 id,  0.0 wa,  0.0 hi,  1.4 si,  0.0 st
%Cpu(s): 30.2 us,  5.8 sy,  0.0 ni, 62.9 id,  0.0 wa,  0.0 hi,  1.0 si,  0.1 st
%Cpu(s): 13.2 us,  6.9 sy,  0.0 ni, 79.0 id,  0.0 wa,  0.0 hi,  0.9 si,  0.0 st
%Cpu(s): 10.8 us,  6.0 sy,  0.0 ni, 82.4 id,  0.0 wa,  0.0 hi,  0.8 si,  0.0 st
%Cpu(s): 11.0 us,  6.6 sy,  0.0 ni, 81.5 id,  0.0 wa,  0.0 hi,  0.8 si,  0.1 st
%Cpu(s): 12.8 us,  5.7 sy,  0.0 ni, 80.4 id,  0.0 wa,  0.0 hi,  1.1 si,  0.0 st
%Cpu(s): 11.0 us,  6.6 sy,  0.0 ni, 81.1 id,  0.0 wa,  0.0 hi,  1.2 si,  0.1 st
%Cpu(s): 13.8 us,  6.5 sy,  0.0 ni, 78.5 id,  0.0 wa,  0.0 hi,  1.2 si,  0.0 st
%Cpu(s): 14.0 us,  7.9 sy,  0.0 ni, 77.4 id,  0.0 wa,  0.0 hi,  0.6 si,  0.1 st
%Cpu(s): 11.7 us,  6.0 sy,  0.0 ni, 81.2 id,  0.0 wa,  0.0 hi,  1.2 si,  0.0 st
%Cpu(s): 12.0 us,  7.3 sy,  0.0 ni, 80.0 id,  0.0 wa,  0.0 hi,  0.8 si,  0.0 st
%Cpu(s): 14.3 us,  5.5 sy,  0.0 ni, 78.7 id,  0.0 wa,  0.0 hi,  1.2 si,  0.4 st
%Cpu(s): 18.4 us,  6.1 sy,  0.0 ni, 74.1 id,  0.0 wa,  0.0 hi,  1.4 si,  0.0 st
%Cpu(s): 33.5 us,  6.7 sy,  0.0 ni, 58.5 id,  0.0 wa,  0.0 hi,  1.3 si,  0.0 st
%Cpu(s): 38.4 us,  6.6 sy,  0.0 ni, 54.0 id,  0.0 wa,  0.0 hi,  1.0 si,  0.0 st
%Cpu(s): 29.6 us,  6.6 sy,  0.0 ni, 62.0 id,  0.0 wa,  0.0 hi,  1.5 si,  0.2 st
%Cpu(s): 26.8 us,  6.1 sy,  0.0 ni, 65.8 id,  0.0 wa,  0.0 hi,  1.3 si,  0.0 st
%Cpu(s): 37.4 us,  6.3 sy,  0.0 ni, 55.4 id,  0.0 wa,  0.0 hi,  0.9 si,  0.0 st
%Cpu(s): 44.6 us,  7.1 sy,  0.0 ni, 46.7 id,  0.0 wa,  0.0 hi,  1.6 si,  0.0 st
%Cpu(s): 28.2 us,  6.0 sy,  0.0 ni, 64.7 id,  0.0 wa,  0.0 hi,  1.0 si,  0.1 st
%Cpu(s): 23.0 us,  6.6 sy,  0.0 ni, 68.8 id,  0.1 wa,  0.0 hi,  1.5 si,  0.0 st
%Cpu(s): 17.4 us,  6.4 sy,  0.0 ni, 74.8 id,  0.0 wa,  0.0 hi,  1.3 si,  0.1 st
%Cpu(s): 13.1 us,  5.7 sy,  0.0 ni, 80.1 id,  0.0 wa,  0.0 hi,  1.0 si,  0.0 st
%Cpu(s): 19.2 us,  6.6 sy,  0.0 ni, 72.9 id,  0.0 wa,  0.0 hi,  1.2 si,  0.0 st
%Cpu(s):  9.6 us,  6.0 sy,  0.0 ni, 83.2 id,  0.0 wa,  0.0 hi,  1.2 si,  0.0 st
%Cpu(s): 13.4 us,  6.8 sy,  0.0 ni, 78.3 id,  0.0 wa,  0.0 hi,  1.1 si,  0.3 st
%Cpu(s): 12.5 us,  7.1 sy,  0.0 ni, 78.9 id,  0.0 wa,  0.0 hi,  1.5 si,  0.0 st
%Cpu(s): 11.4 us,  6.1 sy,  0.0 ni, 80.8 id,  0.0 wa,  0.0 hi,  1.6 si,  0.1 st
%Cpu(s):  9.8 us,  7.0 sy,  0.0 ni, 81.2 id,  0.0 wa,  0.0 hi,  2.0 si,  0.0 st
%Cpu(s):  9.8 us,  5.8 sy,  0.0 ni, 83.0 id,  0.0 wa,  0.0 hi,  1.3 si,  0.1 st
%Cpu(s): 10.4 us,  6.8 sy,  0.0 ni, 81.6 id,  0.0 wa,  0.0 hi,  1.3 si,  0.0 st
%Cpu(s):  4.8 us,  3.4 sy,  0.0 ni, 91.4 id,  0.0 wa,  0.0 hi,  0.3 si,  0.1 st
%Cpu(s):  2.2 us,  2.3 sy,  0.0 ni, 95.5 id,  0.0 wa,  0.0 hi,  0.0 si,  0.0 st
%Cpu(s):  3.9 us,  2.3 sy,  0.0 ni, 93.7 id,  0.0 wa,  0.0 hi,  0.0 si,  0.1 st
%Cpu(s):  2.8 us,  2.8 sy,  0.0 ni, 94.4 id,  0.0 wa,  0.0 hi,  0.0 si,  0.0 st
%Cpu(s):  2.7 us,  2.4 sy,  0.0 ni, 94.9 id,  0.0 wa,  0.0 hi,  0.0 si,  0.0 st
%Cpu(s):  3.7 us,  2.5 sy,  0.0 ni, 93.7 id,  0.0 wa,  0.0 hi,  0.1 si,  0.0 st
%Cpu(s):  3.4 us,  2.2 sy,  0.0 ni, 94.4 id,  0.0 wa,  0.0 hi,  0.0 si,  0.0 st
%Cpu(s):  4.4 us,  2.8 sy,  0.0 ni, 92.6 id,  0.0 wa,  0.0 hi,  0.0 si,  0.3 st
%Cpu(s):  4.1 us,  2.9 sy,  0.0 ni, 93.0 id,  0.0 wa,  0.0 hi,  0.0 si,  0.0 st
%Cpu(s):  2.0 us,  2.5 sy,  0.0 ni, 95.3 id,  0.1 wa,  0.0 hi,  0.0 si,  0.0 st
%Cpu(s):  3.7 us,  2.5 sy,  0.0 ni, 93.8 id,  0.0 wa,  0.0 hi,  0.0 si,  0.0 st
%Cpu(s):  4.4 us,  2.5 sy,  0.0 ni, 93.1 id,  0.0 wa,  0.0 hi,  0.0 si,  0.0 st
%Cpu(s):  3.6 us,  3.1 sy,  0.0 ni, 93.1 id,  0.0 wa,  0.0 hi,  0.0 si,  0.1 st
