%Cpu(s):  1.3 us,  0.5 sy,  0.0 ni, 98.1 id,  0.0 wa,  0.0 hi,  0.1 si,  0.1 st
%Cpu(s): 52.7 us,  2.0 sy,  0.0 ni, 45.2 id,  0.0 wa,  0.0 hi,  0.0 si,  0.1 st
%Cpu(s): 76.1 us,  2.6 sy,  0.0 ni, 21.1 id,  0.0 wa,  0.0 hi,  0.1 si,  0.1 st
%Cpu(s): 24.6 us,  1.1 sy,  0.0 ni, 74.2 id,  0.0 wa,  0.0 hi,  0.0 si,  0.0 st
%Cpu(s): 16.4 us,  1.3 sy,  0.0 ni, 81.5 id,  0.1 wa,  0.0 hi,  0.5 si,  0.3 st
%Cpu(s): 49.9 us,  3.2 sy,  0.0 ni, 45.5 id,  0.0 wa,  0.0 hi,  1.3 si,  0.1 st
%Cpu(s): 43.4 us,  2.9 sy,  0.0 ni, 52.7 id,  0.0 wa,  0.0 hi,  0.9 si,  0.1 st
%Cpu(s): 14.6 us,  3.7 sy,  0.0 ni, 80.4 id,  0.0 wa,  0.0 hi,  1.2 si,  0.0 st
%Cpu(s): 12.7 us,  3.3 sy,  0.0 ni, 82.6 id,  0.0 wa,  0.0 hi,  1.5 si,  0.0 st
%Cpu(s): 11.4 us,  3.9 sy,  0.0 ni, 84.2 id,  0.0 wa,  0.0 hi,  0.4 si,  0.1 st
%Cpu(s):  9.1 us,  3.6 sy,  0.0 ni, 86.5 id,  0.0 wa,  0.0 hi,  0.8 si,  0.0 st
%Cpu(s):  9.1 us,  3.6 sy,  0.0 ni, 86.2 id,  0.0 wa,  0.0 hi,  1.0 si,  0.0 st
%Cpu(s):  7.8 us,  3.1 sy,  0.0 ni, 88.0 id,  0.0 wa,  0.0 hi,  1.0 si,  0.1 st
%Cpu(s):  7.1 us,  3.8 sy,  0.0 ni, 87.9 id,  0.0 wa,  0.0 hi,  1.3 si,  0.0 st
%Cpu(s):  6.2 us,  2.9 sy,  0.0 ni, 89.3 id,  0.0 wa,  0.0 hi,  1.4 si,  0.1 st
%Cpu(s):  9.7 us,  3.9 sy,  0.0 ni, 85.3 id,  0.0 wa,  0.0 hi,  1.1 si,  0.0 st
%Cpu(s): 19.4 us,  3.8 sy,  0.0 ni, 75.4 id,  0.0 wa,  0.0 hi,  1.3 si,  0.1 st
%Cpu(s):  6.4 us,  3.1 sy,  0.0 ni, 89.9 id,  0.0 wa,  0.0 hi,  0.6 si,  0.0 st
%Cpu(s):  6.5 us,  3.7 sy,  0.0 ni, 88.6 id,  0.0 wa,  0.0 hi,  1.1 si,  0.1 st
%Cpu(s):  5.7 us,  3.5 sy,  0.0 ni, 89.9 id,  0.0 wa,  0.0 hi,  0.9 si,  0.0 st
%Cpu(s):  6.1 us,  3.5 sy,  0.0 ni, 89.2 id,  0.0 wa,  0.0 hi,  1.3 si,  0.0 st
%Cpu(s):  6.6 us,  3.4 sy,  0.0 ni, 89.0 id,  0.0 wa,  0.0 hi,  0.9 si,  0.1 st
%Cpu(s):  6.2 us,  3.5 sy,  0.0 ni, 89.4 id,  0.0 wa,  0.0 hi,  0.9 si,  0.0 st
%Cpu(s):  6.2 us,  3.4 sy,  0.0 ni, 89.5 id,  0.0 wa,  0.0 hi,  0.9 si,  0.0 st
%Cpu(s):  9.0 us,  2.7 sy,  0.0 ni, 87.1 id,  0.1 wa,  0.0 hi,  1.1 si,  0.0 st
%Cpu(s): 18.0 us,  3.6 sy,  0.0 ni, 77.5 id,  0.0 wa,  0.0 hi,  0.9 si,  0.0 st
%Cpu(s):  7.3 us,  4.1 sy,  0.0 ni, 87.5 id,  0.0 wa,  0.0 hi,  1.0 si,  0.1 st
%Cpu(s):  4.4 us,  3.3 sy,  0.0 ni, 91.4 id,  0.0 wa,  0.0 hi,  0.9 si,  0.0 st
%Cpu(s):  6.8 us,  3.7 sy,  0.0 ni, 88.4 id,  0.0 wa,  0.0 hi,  1.1 si,  0.0 st
%Cpu(s):  5.2 us,  3.7 sy,  0.0 ni, 90.6 id,  0.0 wa,  0.0 hi,  0.4 si,  0.1 st
%Cpu(s):  5.5 us,  3.3 sy,  0.0 ni, 90.3 id,  0.0 wa,  0.0 hi,  0.9 si,  0.0 st
%Cpu(s):  5.7 us,  3.5 sy,  0.0 ni, 89.6 id,  0.0 wa,  0.0 hi,  1.1 si,  0.0 st
%Cpu(s):  6.2 us,  3.7 sy,  0.0 ni, 89.0 id,  0.0 wa,  0.0 hi,  0.9 si,  0.1 st
%Cpu(s):  9.3 us,  4.4 sy,  0.0 ni, 84.9 id,  0.0 wa,  0.0 hi,  1.3 si,  0.1 st
%Cpu(s): 19.4 us,  3.9 sy,  0.0 ni, 75.1 id,  1.0 wa,  0.0 hi,  0.5 si,  0.0 st
%Cpu(s):  5.7 us,  3.8 sy,  0.0 ni, 89.9 id,  0.0 wa,  0.0 hi,  0.6 si,  0.0 st
%Cpu(s):  5.5 us,  3.6 sy,  0.0 ni, 90.1 id,  0.0 wa,  0.0 hi,  0.9 si,  0.0 st
%Cpu(s):  5.7 us,  3.4 sy,  0.0 ni, 89.8 id,  0.0 wa,  0.0 hi,  1.1 si,  0.0 st
%Cpu(s):  5.5 us,  3.3 sy,  0.0 ni, 89.9 id,  0.0 wa,  0.0 hi,  1.1 si,  0.1 st
%Cpu(s):  5.2 us,  3.7 sy,  0.0 ni, 86.5 id,  2.9 wa,  0.0 hi,  1.8 si,  0.0 st
%Cpu(s):  4.6 us,  3.9 sy,  0.0 ni, 90.5 id,  0.0 wa,  0.0 hi,  0.9 si,  0.1 st
%Cpu(s):  5.8 us,  4.4 sy,  0.0 ni, 88.5 id,  0.0 wa,  0.0 hi,  1.3 si,  0.0 st
%Cpu(s):  7.5 us,  3.2 sy,  0.0 ni, 88.4 id,  0.0 wa,  0.0 hi,  0.9 si,  0.0 st
%Cpu(s): 17.7 us,  3.9 sy,  0.0 ni, 76.4 id,  0.0 wa,  0.0 hi,  2.0 si,  0.1 st
%Cpu(s): 10.0 us,  4.2 sy,  0.0 ni, 84.5 id,  0.0 wa,  0.0 hi,  1.3 si,  0.0 st
%Cpu(s):  5.7 us,  3.2 sy,  0.0 ni, 89.6 id,  0.0 wa,  0.0 hi,  1.4 si,  0.1 st
%Cpu(s):  4.7 us,  4.1 sy,  0.0 ni, 90.5 id,  0.0 wa,  0.0 hi,  0.8 si,  0.0 st
%Cpu(s):  5.3 us,  3.9 sy,  0.0 ni, 89.8 id,  0.0 wa,  0.0 hi,  1.0 si,  0.0 st
%Cpu(s):  5.5 us,  3.8 sy,  0.0 ni, 89.8 id,  0.0 wa,  0.0 hi,  0.9 si,  0.0 st
%Cpu(s):  5.8 us,  3.3 sy,  0.0 ni, 90.0 id,  0.0 wa,  0.0 hi,  0.8 si,  0.1 st
%Cpu(s):  5.6 us,  3.3 sy,  0.0 ni, 90.3 id,  0.0 wa,  0.0 hi,  0.8 si,  0.1 st
%Cpu(s): 10.2 us,  3.8 sy,  0.0 ni, 85.3 id,  0.0 wa,  0.0 hi,  0.8 si,  0.0 st
%Cpu(s): 15.3 us,  3.8 sy,  0.0 ni, 80.2 id,  0.0 wa,  0.0 hi,  0.8 si,  0.0 st
%Cpu(s):  5.6 us,  3.4 sy,  0.0 ni, 90.1 id,  0.0 wa,  0.0 hi,  0.9 si,  0.0 st
%Cpu(s):  5.2 us,  3.0 sy,  0.0 ni, 90.6 id,  0.0 wa,  0.0 hi,  1.1 si,  0.0 st
%Cpu(s):  5.3 us,  3.7 sy,  0.0 ni, 89.3 id,  0.0 wa,  0.0 hi,  1.6 si,  0.0 st
%Cpu(s):  5.3 us,  2.4 sy,  0.0 ni, 91.3 id,  0.0 wa,  0.0 hi,  1.0 si,  0.0 st
%Cpu(s):  5.3 us,  3.4 sy,  0.0 ni, 90.2 id,  0.0 wa,  0.0 hi,  1.0 si,  0.0 st
%Cpu(s):  5.4 us,  4.3 sy,  0.0 ni, 88.4 id,  0.0 wa,  0.0 hi,  1.7 si,  0.1 st
%Cpu(s):  5.4 us,  3.1 sy,  0.0 ni, 90.2 id,  0.1 wa,  0.0 hi,  1.1 si,  0.0 st
%Cpu(s):  8.7 us,  4.3 sy,  0.0 ni, 85.8 id,  0.0 wa,  0.0 hi,  1.0 si,  0.1 st
%Cpu(s): 17.8 us,  4.8 sy,  0.0 ni, 76.5 id,  0.0 wa,  0.0 hi,  0.9 si,  0.0 st
%Cpu(s):  6.8 us,  3.8 sy,  0.0 ni, 87.9 id,  0.0 wa,  0.0 hi,  1.3 si,  0.3 st
%Cpu(s): 15.6 us,  3.5 sy,  0.0 ni, 79.0 id,  0.0 wa,  0.0 hi,  1.9 si,  0.0 st
%Cpu(s): 15.6 us,  5.0 sy,  0.0 ni, 78.7 id,  0.0 wa,  0.0 hi,  0.7 si,  0.0 st
%Cpu(s):  7.0 us,  4.3 sy,  0.0 ni, 87.6 id,  0.0 wa,  0.0 hi,  1.1 si,  0.0 st
%Cpu(s):  7.1 us,  4.7 sy,  0.0 ni, 87.2 id,  0.0 wa,  0.0 hi,  1.0 si,  0.0 st
%Cpu(s):  7.9 us,  4.4 sy,  0.0 ni, 86.3 id,  0.0 wa,  0.0 hi,  1.4 si,  0.0 st
%Cpu(s): 16.5 us,  4.2 sy,  0.0 ni, 78.2 id,  0.0 wa,  0.0 hi,  1.1 si,  0.0 st
%Cpu(s):  5.9 us,  3.5 sy,  0.0 ni, 89.4 id,  0.0 wa,  0.0 hi,  1.1 si,  0.0 st
%Cpu(s):  6.2 us,  4.2 sy,  0.0 ni, 88.4 id,  0.0 wa,  0.0 hi,  1.0 si,  0.1 st
%Cpu(s): 17.2 us,  3.9 sy,  0.0 ni, 77.1 id,  0.0 wa,  0.0 hi,  1.8 si,  0.0 st
%Cpu(s):  7.3 us,  3.7 sy,  0.0 ni, 88.0 id,  0.0 wa,  0.0 hi,  1.0 si,  0.0 st
%Cpu(s):  6.8 us,  4.3 sy,  0.0 ni, 87.2 id,  0.0 wa,  0.0 hi,  1.6 si,  0.1 st
%Cpu(s):  6.2 us,  3.0 sy,  0.0 ni, 87.0 id,  2.5 wa,  0.0 hi,  1.3 si,  0.0 st
