%Cpu(s):  0.4 us,  0.1 sy,  0.0 ni, 99.5 id,  0.0 wa,  0.0 hi,  0.0 si,  0.0 st
%Cpu(s):  0.9 us,  0.8 sy,  0.0 ni, 98.4 id,  0.0 wa,  0.0 hi,  0.0 si,  0.0 st
%Cpu(s):  1.4 us,  1.1 sy,  0.0 ni, 97.4 id,  0.0 wa,  0.0 hi,  0.0 si,  0.1 st
%Cpu(s):  1.6 us,  0.5 sy,  0.0 ni, 97.9 id,  0.0 wa,  0.0 hi,  0.0 si,  0.0 st
%Cpu(s):  1.4 us,  0.5 sy,  0.0 ni, 98.1 id,  0.0 wa,  0.0 hi,  0.0 si,  0.0 st
%Cpu(s):  2.6 us,  1.4 sy,  0.0 ni, 95.9 id,  0.0 wa,  0.0 hi,  0.1 si,  0.0 st
%Cpu(s):  1.1 us,  0.5 sy,  0.0 ni, 97.9 id,  0.5 wa,  0.0 hi,  0.0 si,  0.0 st
%Cpu(s): 37.9 us,  3.2 sy,  0.0 ni, 58.2 id,  0.0 wa,  0.0 hi,  0.5 si,  0.1 st
%Cpu(s): 80.7 us,  6.7 sy,  0.0 ni, 10.8 id,  0.0 wa,  0.0 hi,  1.8 si,  0.0 st
%Cpu(s): 89.0 us,  8.2 sy,  0.0 ni,  0.9 id,  0.0 wa,  0.0 hi,  1.9 si,  0.0 st
%Cpu(s): 87.9 us,  8.8 sy,  0.0 ni,  0.9 id,  0.0 wa,  0.0 hi,  2.4 si,  0.0 st
%Cpu(s): 90.8 us,  8.0 sy,  0.0 ni,  0.0 id,  0.0 wa,  0.0 hi,  1.2 si,  0.0 st
%Cpu(s): 89.0 us,  8.6 sy,  0.0 ni,  0.1 id,  0.0 wa,  0.0 hi,  2.2 si,  0.0 st
%Cpu(s): 83.9 us,  7.2 sy,  0.0 ni,  6.5 id,  0.0 wa,  0.0 hi,  2.4 si,  0.0 st
%Cpu(s): 88.7 us,  7.7 sy,  0.0 ni,  0.5 id,  0.0 wa,  0.0 hi,  3.1 si,  0.0 st
%Cpu(s): 86.8 us,  8.2 sy,  0.0 ni,  1.9 id,  0.0 wa,  0.0 hi,  3.1 si,  0.0 st
%Cpu(s): 76.5 us,  7.5 sy,  0.0 ni, 13.4 id,  0.0 wa,  0.0 hi,  2.5 si,  0.1 st
%Cpu(s): 53.4 us,  7.1 sy,  0.0 ni, 38.0 id,  0.0 wa,  0.0 hi,  1.4 si,  0.1 st
%Cpu(s): 36.0 us,  5.9 sy,  0.0 ni, 56.8 id,  0.0 wa,  0.0 hi,  1.3 si,  0.0 st
%Cpu(s): 31.9 us,  7.2 sy,  0.0 ni, 58.5 id,  0.0 wa,  0.0 hi,  2.4 si,  0.0 st
%Cpu(s): 20.8 us,  6.1 sy,  0.0 ni, 71.2 id,  0.0 wa,  0.0 hi,  1.9 si,  0.0 st
%Cpu(s):  9.5 us,  6.0 sy,  0.0 ni, 83.2 id,  0.1 wa,  0.0 hi,  1.1 si,  0.0 st
%Cpu(s):  9.1 us,  5.5 sy,  0.0 ni, 84.9 id,  0.0 wa,  0.0 hi,  0.5 si,  0.0 st
%Cpu(s): 16.1 us,  7.0 sy,  0.0 ni, 76.5 id,  0.0 wa,  0.0 hi,  0.4 si,  0.0 st
%Cpu(s):  9.8 us,  5.7 sy,  0.0 ni, 83.9 id,  0.0 wa,  0.0 hi,  0.5 si,  0.0 st
%Cpu(s):  9.4 us,  5.7 sy,  0.0 ni, 83.9 id,  0.0 wa,  0.0 hi,  1.0 si,  0.0 st
%Cpu(s):  7.7 us,  6.6 sy,  0.0 ni, 84.3 id,  0.1 wa,  0.0 hi,  1.1 si,  0.1 st
%Cpu(s): 13.4 us,  5.4 sy,  0.0 ni, 80.4 id,  0.0 wa,  0.0 hi,  0.9 si,  0.0 st
%Cpu(s): 11.8 us,  5.7 sy,  0.0 ni, 81.6 id,  0.0 wa,  0.0 hi,  0.9 si,  0.0 st
%Cpu(s):  7.3 us,  5.2 sy,  0.0 ni, 86.2 id,  0.0 wa,  0.0 hi,  1.1 si,  0.1 st
%Cpu(s): 10.0 us,  5.3 sy,  0.0 ni, 83.5 id,  0.0 wa,  0.0 hi,  1.3 si,  0.0 st
%Cpu(s):  7.6 us,  3.8 sy,  0.0 ni, 87.8 id,  0.0 wa,  0.0 hi,  0.8 si,  0.0 st
%Cpu(s):  8.7 us,  5.6 sy,  0.0 ni, 84.8 id,  0.0 wa,  0.0 hi,  0.9 si,  0.0 st
%Cpu(s):  7.6 us,  4.7 sy,  0.0 ni, 86.6 id,  0.0 wa,  0.0 hi,  1.2 si,  0.0 st
%Cpu(s):  7.8 us,  5.0 sy,  0.0 ni, 86.6 id,  0.0 wa,  0.0 hi,  0.6 si,  0.0 st
%Cpu(s):  7.2 us,  6.6 sy,  0.0 ni, 85.8 id,  0.0 wa,  0.0 hi,  0.4 si,  0.1 st
%Cpu(s):  7.1 us,  5.0 sy,  0.0 ni, 87.3 id,  0.0 wa,  0.0 hi,  0.6 si,  0.0 st
%Cpu(s): 10.3 us,  4.4 sy,  0.0 ni, 84.0 id,  0.0 wa,  0.0 hi,  1.3 si,  0.0 st
%Cpu(s): 28.8 us,  5.1 sy,  0.0 ni, 65.0 id,  0.0 wa,  0.0 hi,  1.0 si,  0.1 st
%Cpu(s): 16.0 us,  4.4 sy,  0.0 ni, 78.8 id,  0.0 wa,  0.0 hi,  0.8 si,  0.0 st
%Cpu(s): 12.2 us,  5.3 sy,  0.0 ni, 81.6 id,  0.0 wa,  0.0 hi,  0.8 si,  0.1 st
%Cpu(s): 13.1 us,  4.8 sy,  0.0 ni, 81.0 id,  0.0 wa,  0.0 hi,  1.1 si,  0.0 st
%Cpu(s):  8.4 us,  5.9 sy,  0.0 ni, 84.7 id,  0.0 wa,  0.0 hi,  1.0 si,  0.0 st
%Cpu(s): 15.4 us,  5.4 sy,  0.0 ni, 77.8 id,  0.0 wa,  0.0 hi,  1.4 si,  0.0 st
%Cpu(s): 17.7 us,  5.8 sy,  0.0 ni, 75.5 id,  0.0 wa,  0.0 hi,  1.0 si,  0.0 st
%Cpu(s):  7.4 us,  5.7 sy,  0.0 ni, 86.3 id,  0.0 wa,  0.0 hi,  0.6 si,  0.0 st
%Cpu(s):  9.7 us,  5.4 sy,  0.0 ni, 84.0 id,  0.0 wa,  0.0 hi,  0.9 si,  0.0 st
%Cpu(s):  7.5 us,  4.8 sy,  0.0 ni, 87.0 id,  0.0 wa,  0.0 hi,  0.8 si,  0.0 st
%Cpu(s):  7.9 us,  4.6 sy,  0.0 ni, 86.5 id,  0.0 wa,  0.0 hi,  1.0 si,  0.0 st
%Cpu(s):  7.8 us,  4.8 sy,  0.0 ni, 86.1 id,  0.0 wa,  0.0 hi,  1.1 si,  0.1 st
%Cpu(s):  7.8 us,  5.6 sy,  0.0 ni, 85.7 id,  0.0 wa,  0.0 hi,  0.9 si,  0.0 st
%Cpu(s):  6.9 us,  4.5 sy,  0.0 ni, 87.7 id,  0.0 wa,  0.0 hi,  0.9 si,  0.0 st
%Cpu(s):  5.6 us,  6.0 sy,  0.0 ni, 87.5 id,  0.0 wa,  0.0 hi,  0.9 si,  0.0 st
%Cpu(s):  7.7 us,  4.7 sy,  0.0 ni, 86.8 id,  0.0 wa,  0.0 hi,  0.6 si,  0.1 st
%Cpu(s):  7.0 us,  4.9 sy,  0.0 ni, 87.5 id,  0.0 wa,  0.0 hi,  0.6 si,  0.0 st
%Cpu(s):  6.6 us,  5.2 sy,  0.0 ni, 87.5 id,  0.0 wa,  0.0 hi,  0.8 si,  0.0 st
%Cpu(s):  7.4 us,  5.5 sy,  0.0 ni, 86.6 id,  0.0 wa,  0.0 hi,  0.5 si,  0.0 st
%Cpu(s):  8.9 us,  5.1 sy,  0.0 ni, 85.5 id,  0.0 wa,  0.0 hi,  0.5 si,  0.0 st
%Cpu(s):  7.4 us,  5.0 sy,  0.0 ni, 87.0 id,  0.0 wa,  0.0 hi,  0.6 si,  0.0 st
%Cpu(s):  8.0 us,  5.4 sy,  0.0 ni, 85.7 id,  0.0 wa,  0.0 hi,  0.6 si,  0.3 st
%Cpu(s):  8.1 us,  5.6 sy,  0.0 ni, 85.7 id,  0.0 wa,  0.0 hi,  0.6 si,  0.0 st
%Cpu(s):  3.3 us,  2.5 sy,  0.0 ni, 93.9 id,  0.1 wa,  0.0 hi,  0.3 si,  0.0 st
%Cpu(s):  1.2 us,  1.0 sy,  0.0 ni, 97.8 id,  0.0 wa,  0.0 hi,  0.0 si,  0.0 st
%Cpu(s):  1.1 us,  1.2 sy,  0.0 ni, 97.6 id,  0.0 wa,  0.0 hi,  0.0 si,  0.0 st
%Cpu(s):  1.2 us,  2.1 sy,  0.0 ni, 96.6 id,  0.0 wa,  0.0 hi,  0.0 si,  0.0 st
%Cpu(s):  1.2 us,  2.3 sy,  0.0 ni, 96.2 id,  0.0 wa,  0.0 hi,  0.1 si,  0.1 st
%Cpu(s):  1.6 us,  1.6 sy,  0.0 ni, 96.6 id,  0.1 wa,  0.0 hi,  0.0 si,  0.0 st
%Cpu(s):  2.5 us,  1.1 sy,  0.0 ni, 96.4 id,  0.0 wa,  0.0 hi,  0.0 si,  0.0 st
%Cpu(s):  3.1 us,  1.5 sy,  0.0 ni, 95.4 id,  0.0 wa,  0.0 hi,  0.0 si,  0.0 st
%Cpu(s):  2.1 us,  1.0 sy,  0.0 ni, 96.8 id,  0.0 wa,  0.0 hi,  0.0 si,  0.1 st
%Cpu(s):  1.8 us,  0.8 sy,  0.0 ni, 97.5 id,  0.0 wa,  0.0 hi,  0.0 si,  0.0 st
%Cpu(s):  1.0 us,  1.1 sy,  0.0 ni, 97.9 id,  0.0 wa,  0.0 hi,  0.0 si,  0.0 st
%Cpu(s):  1.7 us,  1.5 sy,  0.0 ni, 96.8 id,  0.0 wa,  0.0 hi,  0.0 si,  0.0 st
%Cpu(s):  0.8 us,  1.9 sy,  0.0 ni, 97.1 id,  0.0 wa,  0.0 hi,  0.0 si,  0.3 st
%Cpu(s):  1.0 us,  0.8 sy,  0.0 ni, 98.2 id,  0.0 wa,  0.0 hi,  0.0 si,  0.0 st
%Cpu(s):  1.0 us,  0.9 sy,  0.0 ni, 98.1 id,  0.0 wa,  0.0 hi,  0.0 si,  0.0 st
%Cpu(s):  1.0 us,  0.9 sy,  0.0 ni, 98.1 id,  0.0 wa,  0.0 hi,  0.0 si,  0.0 st
%Cpu(s):  1.5 us,  1.4 sy,  0.0 ni, 97.1 id,  0.0 wa,  0.0 hi,  0.0 si,  0.0 st
%Cpu(s):  1.0 us,  1.1 sy,  0.0 ni, 97.9 id,  0.0 wa,  0.0 hi,  0.0 si,  0.0 st
%Cpu(s):  1.0 us,  1.0 sy,  0.0 ni, 97.9 id,  0.0 wa,  0.0 hi,  0.0 si,  0.1 st
%Cpu(s):  1.2 us,  0.9 sy,  0.0 ni, 97.9 id,  0.0 wa,  0.0 hi,  0.0 si,  0.0 st
%Cpu(s):  1.0 us,  1.5 sy,  0.0 ni, 97.4 id,  0.0 wa,  0.0 hi,  0.1 si,  0.0 st
%Cpu(s):  1.3 us,  0.6 sy,  0.0 ni, 98.0 id,  0.0 wa,  0.0 hi,  0.0 si,  0.1 st
