%Cpu(s):  0.8 us,  0.1 sy,  0.0 ni, 99.1 id,  0.0 wa,  0.0 hi,  0.0 si,  0.0 st
%Cpu(s): 57.4 us,  5.1 sy,  0.0 ni, 37.4 id,  0.0 wa,  0.0 hi,  0.0 si,  0.0 st
%Cpu(s): 77.0 us,  3.7 sy,  0.0 ni, 19.3 id,  0.0 wa,  0.0 hi,  0.0 si,  0.0 st
%Cpu(s): 86.1 us,  2.4 sy,  0.0 ni, 11.5 id,  0.0 wa,  0.0 hi,  0.0 si,  0.0 st
%Cpu(s): 95.5 us,  2.1 sy,  0.0 ni,  2.4 id,  0.0 wa,  0.0 hi,  0.0 si,  0.0 st
%Cpu(s): 95.6 us,  2.5 sy,  0.0 ni,  1.6 id,  0.0 wa,  0.0 hi,  0.2 si,  0.0 st
%Cpu(s): 54.1 us,  2.1 sy,  0.0 ni, 43.4 id,  0.0 wa,  0.0 hi,  0.2 si,  0.1 st
%Cpu(s):  8.6 us,  1.8 sy,  0.0 ni, 89.2 id,  0.0 wa,  0.0 hi,  0.0 si,  0.4 st
%Cpu(s):  7.6 us,  2.7 sy,  0.0 ni, 89.5 id,  0.1 wa,  0.0 hi,  0.0 si,  0.1 st
%Cpu(s):  4.3 us,  3.0 sy,  0.0 ni, 92.6 id,  0.0 wa,  0.0 hi,  0.0 si,  0.1 st
%Cpu(s):  3.5 us,  2.4 sy,  0.0 ni, 93.8 id,  0.0 wa,  0.0 hi,  0.0 si,  0.3 st
%Cpu(s): 11.1 us,  2.3 sy,  0.0 ni, 86.3 id,  0.0 wa,  0.0 hi,  0.1 si,  0.3 st
%Cpu(s): 12.2 us,  2.0 sy,  0.0 ni, 85.3 id,  0.0 wa,  0.0 hi,  0.1 si,  0.3 st
%Cpu(s):  4.2 us,  2.0 sy,  0.0 ni, 93.4 id,  0.0 wa,  0.0 hi,  0.0 si,  0.4 st
%Cpu(s):  5.3 us,  2.3 sy,  0.0 ni, 92.2 id,  0.0 wa,  0.0 hi,  0.0 si,  0.3 st
%Cpu(s):  5.7 us,  2.5 sy,  0.0 ni, 91.3 id,  0.0 wa,  0.0 hi,  0.1 si,  0.3 st
%Cpu(s): 51.1 us,  4.8 sy,  0.0 ni, 43.6 id,  0.0 wa,  0.0 hi,  0.4 si,  0.1 st
%Cpu(s): 85.2 us, 10.6 sy,  0.0 ni,  2.0 id,  0.0 wa,  0.0 hi,  2.1 si,  0.0 st
%Cpu(s): 86.4 us, 11.1 sy,  0.0 ni,  0.1 id,  0.0 wa,  0.0 hi,  2.4 si,  0.0 st
%Cpu(s): 86.6 us, 10.4 sy,  0.0 ni,  0.7 id,  0.0 wa,  0.0 hi,  2.2 si,  0.0 st
%Cpu(s): 87.5 us, 10.0 sy,  0.0 ni,  0.4 id,  0.0 wa,  0.0 hi,  2.1 si,  0.0 st
%Cpu(s): 87.4 us,  9.8 sy,  0.0 ni,  0.7 id,  0.0 wa,  0.0 hi,  2.0 si,  0.0 st
%Cpu(s): 87.2 us,  8.9 sy,  0.0 ni,  1.5 id,  0.0 wa,  0.0 hi,  2.4 si,  0.0 st
%Cpu(s): 85.1 us,  9.3 sy,  0.0 ni,  3.1 id,  0.0 wa,  0.0 hi,  2.5 si,  0.0 st
%Cpu(s): 67.0 us,  8.0 sy,  0.0 ni, 23.4 id,  0.0 wa,  0.0 hi,  1.6 si,  0.0 st
%Cpu(s): 66.2 us,  7.4 sy,  0.0 ni, 25.1 id,  0.0 wa,  0.0 hi,  1.3 si,  0.0 st
%Cpu(s): 57.6 us,  7.3 sy,  0.0 ni, 32.8 id,  0.0 wa,  0.0 hi,  2.3 si,  0.0 st
%Cpu(s): 29.9 us,  7.1 sy,  0.0 ni, 61.0 id,  0.0 wa,  0.0 hi,  2.0 si,  0.0 st
%Cpu(s): 20.7 us,  7.0 sy,  0.0 ni, 71.0 id,  0.0 wa,  0.0 hi,  1.3 si,  0.0 st
%Cpu(s): 19.0 us,  7.2 sy,  0.0 ni, 71.8 id,  0.0 wa,  0.0 hi,  1.9 si,  0.0 st
%Cpu(s): 41.8 us,  6.9 sy,  0.0 ni, 49.4 id,  0.0 wa,  0.0 hi,  2.0 si,  0.0 st
%Cpu(s): 32.9 us,  6.6 sy,  0.0 ni, 58.3 id,  0.0 wa,  0.0 hi,  2.2 si,  0.0 st
%Cpu(s): 25.1 us,  7.8 sy,  0.0 ni, 65.8 id,  0.0 wa,  0.0 hi,  1.4 si,  0.0 st
%Cpu(s): 12.5 us,  6.3 sy,  0.0 ni, 79.3 id,  0.1 wa,  0.0 hi,  1.8 si,  0.0 st
%Cpu(s): 32.3 us,  6.6 sy,  0.0 ni, 59.2 id,  0.0 wa,  0.0 hi,  1.8 si,  0.1 st
%Cpu(s): 40.5 us,  7.4 sy,  0.0 ni, 50.1 id,  0.0 wa,  0.0 hi,  2.0 si,  0.0 st
%Cpu(s): 30.5 us,  8.5 sy,  0.0 ni, 59.6 id,  0.0 wa,  0.0 hi,  1.4 si,  0.0 st
%Cpu(s): 21.7 us,  6.7 sy,  0.0 ni, 69.6 id,  0.0 wa,  0.0 hi,  1.9 si,  0.1 st
%Cpu(s): 14.5 us,  5.9 sy,  0.0 ni, 77.9 id,  0.0 wa,  0.0 hi,  1.7 si,  0.0 st
%Cpu(s): 11.8 us,  7.4 sy,  0.0 ni, 79.5 id,  0.0 wa,  0.0 hi,  1.3 si,  0.0 st
%Cpu(s): 10.3 us,  7.2 sy,  0.0 ni, 81.1 id,  0.0 wa,  0.0 hi,  1.3 si,  0.0 st
%Cpu(s): 10.9 us,  5.9 sy,  0.0 ni, 81.1 id,  0.0 wa,  0.0 hi,  2.1 si,  0.0 st
%Cpu(s):  8.8 us,  5.2 sy,  0.0 ni, 84.5 id,  0.0 wa,  0.0 hi,  1.4 si,  0.0 st
%Cpu(s):  9.3 us,  6.7 sy,  0.0 ni, 82.1 id,  0.1 wa,  0.0 hi,  1.8 si,  0.0 st
%Cpu(s): 12.3 us,  6.4 sy,  0.0 ni, 79.6 id,  0.0 wa,  0.0 hi,  1.7 si,  0.0 st
%Cpu(s): 10.2 us,  6.1 sy,  0.0 ni, 82.2 id,  0.0 wa,  0.0 hi,  1.4 si,  0.0 st
%Cpu(s): 14.3 us,  6.2 sy,  0.0 ni, 77.1 id,  0.0 wa,  0.0 hi,  2.2 si,  0.1 st
%Cpu(s): 21.7 us,  5.6 sy,  0.0 ni, 71.2 id,  0.0 wa,  0.0 hi,  1.6 si,  0.0 st
%Cpu(s): 32.1 us,  6.6 sy,  0.0 ni, 60.1 id,  0.0 wa,  0.0 hi,  1.3 si,  0.0 st
%Cpu(s): 12.6 us,  6.7 sy,  0.0 ni, 79.4 id,  0.0 wa,  0.0 hi,  1.4 si,  0.0 st
%Cpu(s): 11.8 us,  7.4 sy,  0.0 ni, 79.1 id,  0.0 wa,  0.0 hi,  1.5 si,  0.1 st
%Cpu(s):  9.3 us,  7.0 sy,  0.0 ni, 82.0 id,  0.0 wa,  0.0 hi,  1.8 si,  0.0 st
%Cpu(s): 15.0 us,  6.5 sy,  0.0 ni, 76.8 id,  0.0 wa,  0.0 hi,  1.7 si,  0.0 st
%Cpu(s): 29.2 us,  6.0 sy,  0.0 ni, 63.5 id,  0.0 wa,  0.0 hi,  1.3 si,  0.0 st
%Cpu(s): 10.0 us,  6.4 sy,  0.0 ni, 81.6 id,  0.0 wa,  0.0 hi,  2.0 si,  0.0 st
%Cpu(s):  9.5 us,  7.0 sy,  0.0 ni, 81.7 id,  0.0 wa,  0.0 hi,  1.8 si,  0.0 st
%Cpu(s): 12.6 us,  6.1 sy,  0.0 ni, 79.8 id,  0.0 wa,  0.0 hi,  1.6 si,  0.0 st
%Cpu(s): 10.4 us,  6.2 sy,  0.0 ni, 82.2 id,  0.0 wa,  0.0 hi,  1.2 si,  0.1 st
%Cpu(s):  9.5 us,  6.6 sy,  0.0 ni, 82.0 id,  0.0 wa,  0.0 hi,  1.9 si,  0.0 st
%Cpu(s):  9.0 us,  5.8 sy,  0.0 ni, 83.5 id,  0.0 wa,  0.0 hi,  1.7 si,  0.0 st
%Cpu(s):  8.7 us,  5.9 sy,  0.0 ni, 83.6 id,  0.0 wa,  0.0 hi,  1.8 si,  0.1 st
%Cpu(s):  3.0 us,  3.6 sy,  0.0 ni, 93.1 id,  0.0 wa,  0.0 hi,  0.3 si,  0.0 st
%Cpu(s):  3.4 us,  3.0 sy,  0.0 ni, 93.4 id,  0.0 wa,  0.0 hi,  0.0 si,  0.1 st
%Cpu(s):  3.3 us,  3.0 sy,  0.0 ni, 93.5 id,  0.0 wa,  0.0 hi,  0.0 si,  0.1 st
%Cpu(s):  2.9 us,  1.9 sy,  0.0 ni, 94.8 id,  0.0 wa,  0.0 hi,  0.0 si,  0.4 st
%Cpu(s):  2.6 us,  3.2 sy,  0.0 ni, 94.1 id,  0.0 wa,  0.0 hi,  0.0 si,  0.1 st
%Cpu(s):  4.0 us,  3.2 sy,  0.0 ni, 92.7 id,  0.0 wa,  0.0 hi,  0.0 si,  0.1 st
%Cpu(s):  4.7 us,  2.9 sy,  0.0 ni, 92.1 id,  0.0 wa,  0.0 hi,  0.0 si,  0.3 st
%Cpu(s):  4.3 us,  2.4 sy,  0.0 ni, 93.0 id,  0.0 wa,  0.0 hi,  0.0 si,  0.3 st
%Cpu(s):  4.2 us,  2.7 sy,  0.0 ni, 93.0 id,  0.0 wa,  0.0 hi,  0.0 si,  0.1 st
%Cpu(s):  4.0 us,  3.0 sy,  0.0 ni, 92.7 id,  0.0 wa,  0.0 hi,  0.0 si,  0.3 st
%Cpu(s):  2.4 us,  2.2 sy,  0.0 ni, 95.1 id,  0.0 wa,  0.0 hi,  0.0 si,  0.3 st
%Cpu(s):  5.3 us,  3.0 sy,  0.0 ni, 91.5 id,  0.0 wa,  0.0 hi,  0.1 si,  0.1 st
%Cpu(s):  2.9 us,  3.5 sy,  0.0 ni, 93.3 id,  0.0 wa,  0.0 hi,  0.0 si,  0.3 st
%Cpu(s):  2.3 us,  3.5 sy,  0.0 ni, 94.1 id,  0.0 wa,  0.0 hi,  0.0 si,  0.1 st
%Cpu(s):  4.8 us,  2.5 sy,  0.0 ni, 92.4 id,  0.0 wa,  0.0 hi,  0.0 si,  0.3 st
