%Cpu(s):  0.8 us,  0.1 sy,  0.0 ni, 99.1 id,  0.0 wa,  0.0 hi,  0.0 si,  0.0 st
%Cpu(s): 61.4 us,  4.4 sy,  0.0 ni, 34.2 id,  0.0 wa,  0.0 hi,  0.0 si,  0.0 st
%Cpu(s): 76.9 us,  2.9 sy,  0.0 ni, 20.1 id,  0.0 wa,  0.0 hi,  0.0 si,  0.1 st
%Cpu(s): 88.5 us,  2.5 sy,  0.0 ni,  9.0 id,  0.0 wa,  0.0 hi,  0.0 si,  0.0 st
%Cpu(s): 93.0 us,  2.8 sy,  0.0 ni,  4.3 id,  0.0 wa,  0.0 hi,  0.0 si,  0.0 st
%Cpu(s): 95.6 us,  3.0 sy,  0.0 ni,  1.2 id,  0.0 wa,  0.0 hi,  0.1 si,  0.0 st
%Cpu(s): 20.4 us,  2.3 sy,  0.0 ni, 77.0 id,  0.0 wa,  0.0 hi,  0.3 si,  0.1 st
%Cpu(s):  8.9 us,  2.2 sy,  0.0 ni, 88.8 id,  0.0 wa,  0.0 hi,  0.0 si,  0.1 st
%Cpu(s):  5.5 us,  1.3 sy,  0.0 ni, 93.2 id,  0.0 wa,  0.0 hi,  0.0 si,  0.0 st
%Cpu(s):  4.1 us,  2.0 sy,  0.0 ni, 93.8 id,  0.0 wa,  0.0 hi,  0.0 si,  0.1 st
%Cpu(s):  4.1 us,  2.2 sy,  0.0 ni, 93.4 id,  0.0 wa,  0.0 hi,  0.1 si,  0.1 st
%Cpu(s): 11.1 us,  1.6 sy,  0.0 ni, 87.0 id,  0.0 wa,  0.0 hi,  0.1 si,  0.1 st
%Cpu(s): 10.7 us,  2.1 sy,  0.0 ni, 86.9 id,  0.0 wa,  0.0 hi,  0.0 si,  0.2 st
%Cpu(s):  4.1 us,  2.7 sy,  0.0 ni, 93.1 id,  0.0 wa,  0.0 hi,  0.1 si,  0.0 st
%Cpu(s):  4.0 us,  3.8 sy,  0.0 ni, 92.0 id,  0.0 wa,  0.0 hi,  0.0 si,  0.2 st
%Cpu(s):  8.4 us,  3.5 sy,  0.0 ni, 88.1 id,  0.0 wa,  0.0 hi,  0.0 si,  0.0 st
%Cpu(s): 72.8 us,  5.7 sy,  0.0 ni, 20.5 id,  0.0 wa,  0.0 hi,  1.0 si,  0.0 st
%Cpu(s): 86.8 us, 11.0 sy,  0.0 ni,  0.2 id,  0.0 wa,  0.0 hi,  2.0 si,  0.0 st
%Cpu(s): 86.1 us, 11.5 sy,  0.0 ni,  0.5 id,  0.0 wa,  0.0 hi,  1.9 si,  0.0 st
%Cpu(s): 88.3 us,  8.8 sy,  0.0 ni,  0.7 id,  0.0 wa,  0.0 hi,  2.1 si,  0.0 st
%Cpu(s): 86.9 us,  8.7 sy,  0.0 ni,  2.2 id,  0.0 wa,  0.0 hi,  2.1 si,  0.0 st
%Cpu(s): 87.6 us,  7.8 sy,  0.0 ni,  3.3 id,  0.0 wa,  0.0 hi,  1.4 si,  0.0 st
%Cpu(s): 78.7 us,  8.1 sy,  0.0 ni, 10.4 id,  0.0 wa,  0.0 hi,  2.8 si,  0.0 st
%Cpu(s): 76.3 us,  8.8 sy,  0.0 ni, 12.6 id,  0.0 wa,  0.0 hi,  2.3 si,  0.0 st
%Cpu(s): 52.2 us,  6.1 sy,  0.0 ni, 39.8 id,  0.0 wa,  0.0 hi,  1.9 si,  0.0 st
%Cpu(s): 59.8 us,  8.3 sy,  0.0 ni, 30.0 id,  0.0 wa,  0.0 hi,  1.9 si,  0.0 st
%Cpu(s): 55.7 us,  7.8 sy,  0.0 ni, 34.8 id,  0.0 wa,  0.0 hi,  1.8 si,  0.0 st
%Cpu(s): 36.1 us,  6.3 sy,  0.0 ni, 55.6 id,  0.0 wa,  0.0 hi,  2.0 si,  0.0 st
%Cpu(s): 18.5 us,  6.2 sy,  0.0 ni, 73.5 id,  0.0 wa,  0.0 hi,  1.8 si,  0.1 st
%Cpu(s): 26.6 us,  6.6 sy,  0.0 ni, 65.5 id,  0.0 wa,  0.0 hi,  1.3 si,  0.0 st
%Cpu(s): 49.8 us,  7.6 sy,  0.0 ni, 40.6 id,  0.0 wa,  0.0 hi,  2.0 si,  0.0 st
%Cpu(s): 23.5 us,  7.2 sy,  0.0 ni, 68.0 id,  0.0 wa,  0.0 hi,  1.2 si,  0.0 st
%Cpu(s): 13.0 us,  6.6 sy,  0.0 ni, 78.8 id,  0.0 wa,  0.0 hi,  1.6 si,  0.0 st
%Cpu(s): 16.1 us,  6.2 sy,  0.0 ni, 75.8 id,  0.0 wa,  0.0 hi,  1.9 si,  0.0 st
%Cpu(s): 52.6 us,  6.5 sy,  0.0 ni, 39.2 id,  0.0 wa,  0.0 hi,  1.6 si,  0.0 st
%Cpu(s): 34.0 us,  5.9 sy,  0.0 ni, 58.0 id,  0.0 wa,  0.0 hi,  2.0 si,  0.1 st
%Cpu(s): 21.2 us,  6.3 sy,  0.0 ni, 70.7 id,  0.0 wa,  0.0 hi,  1.9 si,  0.0 st
%Cpu(s):  9.6 us,  6.4 sy,  0.0 ni, 82.7 id,  0.0 wa,  0.0 hi,  1.3 si,  0.0 st
%Cpu(s):  9.3 us,  6.5 sy,  0.0 ni, 82.8 id,  0.0 wa,  0.0 hi,  1.5 si,  0.0 st
%Cpu(s): 10.4 us,  6.7 sy,  0.0 ni, 81.3 id,  0.0 wa,  0.0 hi,  1.5 si,  0.0 st
%Cpu(s): 12.4 us,  6.6 sy,  0.0 ni, 79.6 id,  0.1 wa,  0.0 hi,  1.3 si,  0.0 st
%Cpu(s):  9.0 us,  6.4 sy,  0.0 ni, 83.2 id,  0.0 wa,  0.0 hi,  1.3 si,  0.1 st
%Cpu(s):  9.6 us,  7.1 sy,  0.0 ni, 81.7 id,  0.0 wa,  0.0 hi,  1.6 si,  0.0 st
%Cpu(s): 10.3 us,  7.7 sy,  0.0 ni, 80.5 id,  0.0 wa,  0.0 hi,  1.6 si,  0.0 st
%Cpu(s): 10.8 us,  5.9 sy,  0.0 ni, 81.8 id,  0.0 wa,  0.0 hi,  1.5 si,  0.0 st
%Cpu(s): 10.2 us,  7.2 sy,  0.0 ni, 81.6 id,  0.0 wa,  0.0 hi,  1.0 si,  0.0 st
%Cpu(s): 15.4 us,  6.3 sy,  0.0 ni, 76.8 id,  0.0 wa,  0.0 hi,  1.5 si,  0.0 st
%Cpu(s): 17.0 us,  6.4 sy,  0.0 ni, 75.1 id,  0.0 wa,  0.0 hi,  1.4 si,  0.1 st
%Cpu(s): 26.0 us,  6.2 sy,  0.0 ni, 66.5 id,  0.0 wa,  0.0 hi,  1.3 si,  0.0 st
%Cpu(s): 11.5 us,  6.2 sy,  0.0 ni, 81.1 id,  0.0 wa,  0.0 hi,  1.1 si,  0.0 st
%Cpu(s): 10.1 us,  6.8 sy,  0.0 ni, 81.7 id,  0.0 wa,  0.0 hi,  1.3 si,  0.1 st
%Cpu(s): 10.3 us,  5.9 sy,  0.0 ni, 82.3 id,  0.0 wa,  0.0 hi,  1.5 si,  0.0 st
%Cpu(s): 13.4 us,  5.7 sy,  0.0 ni, 79.1 id,  0.0 wa,  0.0 hi,  1.8 si,  0.0 st
%Cpu(s): 12.2 us,  7.5 sy,  0.0 ni, 78.5 id,  0.0 wa,  0.0 hi,  1.8 si,  0.0 st
%Cpu(s): 11.1 us,  6.0 sy,  0.0 ni, 81.3 id,  0.0 wa,  0.0 hi,  1.4 si,  0.1 st
%Cpu(s): 10.6 us,  7.1 sy,  0.0 ni, 80.6 id,  0.0 wa,  0.0 hi,  1.6 si,  0.0 st
%Cpu(s): 10.4 us,  6.9 sy,  0.0 ni, 80.9 id,  0.0 wa,  0.0 hi,  1.8 si,  0.0 st
%Cpu(s):  9.9 us,  6.3 sy,  0.0 ni, 82.4 id,  0.0 wa,  0.0 hi,  1.4 si,  0.0 st
%Cpu(s):  9.6 us,  6.2 sy,  0.0 ni, 82.5 id,  0.0 wa,  0.0 hi,  1.6 si,  0.0 st
%Cpu(s):  9.9 us,  5.8 sy,  0.0 ni, 82.5 id,  0.0 wa,  0.0 hi,  1.6 si,  0.1 st
%Cpu(s):  9.4 us,  6.2 sy,  0.0 ni, 83.5 id,  0.0 wa,  0.0 hi,  0.9 si,  0.0 st
%Cpu(s):  4.7 us,  2.9 sy,  0.0 ni, 92.4 id,  0.0 wa,  0.0 hi,  0.0 si,  0.0 st
%Cpu(s):  3.1 us,  1.9 sy,  0.0 ni, 94.8 id,  0.0 wa,  0.0 hi,  0.0 si,  0.1 st
%Cpu(s):  3.0 us,  2.3 sy,  0.0 ni, 94.6 id,  0.0 wa,  0.0 hi,  0.1 si,  0.0 st
%Cpu(s):  3.0 us,  2.9 sy,  0.0 ni, 94.0 id,  0.0 wa,  0.0 hi,  0.0 si,  0.1 st
%Cpu(s):  5.0 us,  3.6 sy,  0.0 ni, 91.3 id,  0.0 wa,  0.0 hi,  0.0 si,  0.1 st
%Cpu(s):  5.2 us,  2.9 sy,  0.0 ni, 91.9 id,  0.0 wa,  0.0 hi,  0.0 si,  0.0 st
%Cpu(s):  3.9 us,  3.1 sy,  0.0 ni, 93.0 id,  0.0 wa,  0.0 hi,  0.0 si,  0.0 st
%Cpu(s):  4.4 us,  1.6 sy,  0.0 ni, 93.7 id,  0.0 wa,  0.0 hi,  0.1 si,  0.1 st
%Cpu(s):  2.6 us,  2.4 sy,  0.0 ni, 95.0 id,  0.0 wa,  0.0 hi,  0.0 si,  0.0 st
%Cpu(s):  2.6 us,  2.5 sy,  0.0 ni, 94.7 id,  0.0 wa,  0.0 hi,  0.0 si,  0.1 st
%Cpu(s):  2.9 us,  2.3 sy,  0.0 ni, 94.6 id,  0.0 wa,  0.0 hi,  0.1 si,  0.1 st
%Cpu(s):  4.9 us,  2.5 sy,  0.0 ni, 92.6 id,  0.0 wa,  0.0 hi,  0.0 si,  0.0 st
%Cpu(s):  2.4 us,  2.3 sy,  0.0 ni, 95.1 id,  0.0 wa,  0.0 hi,  0.1 si,  0.1 st
%Cpu(s):  2.9 us,  2.7 sy,  0.0 ni, 94.4 id,  0.0 wa,  0.0 hi,  0.0 si,  0.0 st
%Cpu(s):  3.0 us,  1.9 sy,  0.0 ni, 95.0 id,  0.1 wa,  0.0 hi,  0.0 si,  0.0 st
%Cpu(s):  5.0 us,  2.6 sy,  0.0 ni, 92.0 id,  0.0 wa,  0.0 hi,  0.1 si,  0.3 st
%Cpu(s):  3.4 us,  3.5 sy,  0.0 ni, 92.9 id,  0.0 wa,  0.0 hi,  0.0 si,  0.3 st
%Cpu(s):  5.8 us,  2.3 sy,  0.0 ni, 91.9 id,  0.0 wa,  0.0 hi,  0.0 si,  0.0 st
%Cpu(s):  2.6 us,  3.0 sy,  0.0 ni, 93.8 id,  0.0 wa,  0.0 hi,  0.1 si,  0.4 st
