%Cpu(s):  9.8 us,  1.4 sy,  0.0 ni, 88.6 id,  0.0 wa,  0.0 hi,  0.1 si,  0.0 st
%Cpu(s):  3.7 us,  2.3 sy,  0.0 ni, 93.8 id,  0.0 wa,  0.0 hi,  0.0 si,  0.3 st
%Cpu(s):  4.3 us,  3.3 sy,  0.0 ni, 92.1 id,  0.0 wa,  0.0 hi,  0.0 si,  0.2 st
%Cpu(s):  3.2 us,  4.2 sy,  0.0 ni, 92.3 id,  0.0 wa,  0.0 hi,  0.0 si,  0.2 st
%Cpu(s):  3.2 us,  3.0 sy,  0.0 ni, 93.6 id,  0.0 wa,  0.0 hi,  0.0 si,  0.1 st
%Cpu(s):  6.7 us,  2.5 sy,  0.0 ni, 90.4 id,  0.1 wa,  0.0 hi,  0.1 si,  0.2 st
%Cpu(s): 48.3 us,  3.9 sy,  0.0 ni, 47.3 id,  0.0 wa,  0.0 hi,  0.4 si,  0.1 st
%Cpu(s): 89.5 us,  6.8 sy,  0.0 ni,  2.2 id,  0.0 wa,  0.0 hi,  1.5 si,  0.0 st
%Cpu(s): 89.4 us,  7.6 sy,  0.0 ni,  1.6 id,  0.0 wa,  0.0 hi,  1.4 si,  0.0 st
%Cpu(s): 90.5 us,  8.0 sy,  0.0 ni,  0.1 id,  0.0 wa,  0.0 hi,  1.4 si,  0.0 st
%Cpu(s): 89.7 us,  7.0 sy,  0.0 ni,  1.0 id,  0.0 wa,  0.0 hi,  2.4 si,  0.0 st
%Cpu(s): 88.0 us,  6.9 sy,  0.0 ni,  3.2 id,  0.0 wa,  0.0 hi,  1.9 si,  0.0 st
%Cpu(s): 83.2 us,  6.6 sy,  0.0 ni,  8.7 id,  0.0 wa,  0.0 hi,  1.5 si,  0.0 st
%Cpu(s): 74.2 us,  6.7 sy,  0.0 ni, 17.8 id,  0.0 wa,  0.0 hi,  1.4 si,  0.0 st
%Cpu(s): 66.1 us,  5.9 sy,  0.0 ni, 26.7 id,  0.0 wa,  0.0 hi,  1.3 si,  0.0 st
%Cpu(s): 61.9 us,  5.9 sy,  0.0 ni, 30.6 id,  0.0 wa,  0.0 hi,  1.5 si,  0.0 st
%Cpu(s): 53.0 us,  4.2 sy,  0.0 ni, 41.5 id,  0.0 wa,  0.0 hi,  1.4 si,  0.0 st
%Cpu(s): 36.5 us,  4.8 sy,  0.0 ni, 56.7 id,  0.0 wa,  0.0 hi,  2.0 si,  0.0 st
%Cpu(s): 19.7 us,  5.6 sy,  0.0 ni, 73.4 id,  0.0 wa,  0.0 hi,  1.1 si,  0.1 st
%Cpu(s): 11.5 us,  5.8 sy,  0.0 ni, 81.3 id,  0.0 wa,  0.0 hi,  1.4 si,  0.0 st
%Cpu(s): 20.3 us,  5.0 sy,  0.0 ni, 73.8 id,  0.0 wa,  0.0 hi,  0.9 si,  0.0 st
%Cpu(s): 18.3 us,  6.2 sy,  0.0 ni, 74.1 id,  0.0 wa,  0.0 hi,  1.3 si,  0.0 st
%Cpu(s):  9.0 us,  6.0 sy,  0.0 ni, 84.0 id,  0.0 wa,  0.0 hi,  1.0 si,  0.0 st
%Cpu(s): 11.7 us,  4.7 sy,  0.0 ni, 82.6 id,  0.0 wa,  0.0 hi,  0.9 si,  0.1 st
%Cpu(s):  9.2 us,  5.9 sy,  0.0 ni, 83.4 id,  0.0 wa,  0.0 hi,  1.5 si,  0.0 st
%Cpu(s):  9.5 us,  5.6 sy,  0.0 ni, 83.5 id,  0.0 wa,  0.0 hi,  1.4 si,  0.0 st
%Cpu(s): 15.9 us,  6.0 sy,  0.0 ni, 76.5 id,  0.0 wa,  0.0 hi,  1.6 si,  0.0 st
%Cpu(s): 10.4 us,  8.5 sy,  0.0 ni, 79.7 id,  0.0 wa,  0.0 hi,  1.5 si,  0.0 st
%Cpu(s):  9.5 us,  4.8 sy,  0.0 ni, 84.2 id,  0.0 wa,  0.0 hi,  1.3 si,  0.1 st
%Cpu(s): 10.3 us,  5.6 sy,  0.0 ni, 82.5 id,  0.0 wa,  0.0 hi,  1.5 si,  0.0 st
%Cpu(s):  9.0 us,  4.9 sy,  0.0 ni, 84.6 id,  0.0 wa,  0.0 hi,  1.5 si,  0.0 st
%Cpu(s):  8.2 us,  6.6 sy,  0.0 ni, 84.3 id,  0.0 wa,  0.0 hi,  0.9 si,  0.0 st
%Cpu(s):  9.1 us,  5.9 sy,  0.0 ni, 83.7 id,  0.0 wa,  0.0 hi,  1.2 si,  0.1 st
%Cpu(s):  9.5 us,  5.9 sy,  0.0 ni, 83.5 id,  0.0 wa,  0.0 hi,  1.0 si,  0.0 st
%Cpu(s): 10.7 us,  5.6 sy,  0.0 ni, 82.7 id,  0.0 wa,  0.0 hi,  1.0 si,  0.0 st
%Cpu(s):  8.2 us,  5.3 sy,  0.0 ni, 84.8 id,  0.0 wa,  0.0 hi,  1.5 si,  0.1 st
%Cpu(s): 14.8 us,  5.4 sy,  0.0 ni, 78.8 id,  0.0 wa,  0.0 hi,  1.0 si,  0.0 st
%Cpu(s): 23.0 us,  5.6 sy,  0.0 ni, 70.4 id,  0.0 wa,  0.0 hi,  1.0 si,  0.0 st
%Cpu(s): 16.4 us,  5.1 sy,  0.0 ni, 77.2 id,  0.0 wa,  0.0 hi,  1.3 si,  0.0 st
%Cpu(s): 15.7 us,  5.6 sy,  0.0 ni, 77.7 id,  0.0 wa,  0.0 hi,  1.0 si,  0.0 st
%Cpu(s): 12.5 us,  5.9 sy,  0.0 ni, 80.0 id,  0.0 wa,  0.0 hi,  1.5 si,  0.1 st
%Cpu(s): 10.2 us,  5.9 sy,  0.0 ni, 83.0 id,  0.0 wa,  0.0 hi,  1.0 si,  0.0 st
%Cpu(s): 14.2 us,  5.7 sy,  0.0 ni, 79.1 id,  0.0 wa,  0.0 hi,  1.0 si,  0.0 st
%Cpu(s): 13.7 us,  6.1 sy,  0.0 ni, 78.9 id,  0.0 wa,  0.0 hi,  1.3 si,  0.0 st
%Cpu(s): 11.2 us,  5.0 sy,  0.0 ni, 82.5 id,  0.0 wa,  0.0 hi,  1.3 si,  0.0 st
%Cpu(s): 12.1 us,  5.0 sy,  0.0 ni, 81.7 id,  0.0 wa,  0.0 hi,  1.1 si,  0.1 st
%Cpu(s): 11.9 us,  5.7 sy,  0.0 ni, 81.3 id,  0.0 wa,  0.0 hi,  0.9 si,  0.1 st
%Cpu(s):  9.6 us,  4.2 sy,  0.0 ni, 84.7 id,  0.0 wa,  0.0 hi,  1.4 si,  0.0 st
%Cpu(s):  8.1 us,  4.9 sy,  0.0 ni, 85.4 id,  0.0 wa,  0.0 hi,  1.6 si,  0.0 st
%Cpu(s):  9.1 us,  5.8 sy,  0.0 ni, 83.9 id,  0.1 wa,  0.0 hi,  1.0 si,  0.0 st
%Cpu(s):  9.3 us,  7.2 sy,  0.0 ni, 82.2 id,  0.0 wa,  0.0 hi,  1.1 si,  0.1 st
%Cpu(s):  9.4 us,  6.4 sy,  0.0 ni, 82.7 id,  0.0 wa,  0.0 hi,  1.5 si,  0.0 st
%Cpu(s):  9.9 us,  6.4 sy,  0.0 ni, 81.9 id,  0.0 wa,  0.0 hi,  1.9 si,  0.0 st
%Cpu(s):  8.9 us,  5.2 sy,  0.0 ni, 84.6 id,  0.0 wa,  0.0 hi,  1.3 si,  0.0 st
%Cpu(s):  8.8 us,  6.0 sy,  0.0 ni, 84.3 id,  0.0 wa,  0.0 hi,  0.9 si,  0.0 st
%Cpu(s):  8.4 us,  5.7 sy,  0.0 ni, 84.0 id,  0.0 wa,  0.0 hi,  1.9 si,  0.0 st
%Cpu(s): 10.9 us,  6.2 sy,  0.0 ni, 81.5 id,  0.0 wa,  0.0 hi,  1.3 si,  0.1 st
%Cpu(s): 10.8 us,  6.3 sy,  0.0 ni, 80.9 id,  0.0 wa,  0.0 hi,  2.0 si,  0.0 st
%Cpu(s): 11.1 us,  6.7 sy,  0.0 ni, 80.5 id,  0.0 wa,  0.0 hi,  1.8 si,  0.0 st
%Cpu(s):  9.9 us,  5.7 sy,  0.0 ni, 83.0 id,  0.0 wa,  0.0 hi,  1.3 si,  0.1 st
%Cpu(s):  6.1 us,  5.2 sy,  0.0 ni, 87.3 id,  0.0 wa,  0.0 hi,  1.3 si,  0.0 st
%Cpu(s):  2.0 us,  2.4 sy,  0.0 ni, 95.3 id,  0.0 wa,  0.0 hi,  0.1 si,  0.1 st
%Cpu(s):  2.0 us,  4.2 sy,  0.0 ni, 93.5 id,  0.0 wa,  0.0 hi,  0.0 si,  0.2 st
%Cpu(s):  1.8 us,  2.0 sy,  0.0 ni, 96.0 id,  0.0 wa,  0.0 hi,  0.0 si,  0.3 st
%Cpu(s):  3.7 us,  4.3 sy,  0.0 ni, 91.7 id,  0.0 wa,  0.0 hi,  0.0 si,  0.2 st
%Cpu(s):  4.3 us,  5.9 sy,  0.0 ni, 89.5 id,  0.0 wa,  0.0 hi,  0.1 si,  0.1 st
%Cpu(s):  6.7 us,  3.0 sy,  0.0 ni, 89.8 id,  0.0 wa,  0.0 hi,  0.2 si,  0.2 st
%Cpu(s):  7.4 us,  4.1 sy,  0.0 ni, 88.5 id,  0.0 wa,  0.0 hi,  0.0 si,  0.0 st
%Cpu(s):  5.1 us,  4.1 sy,  0.0 ni, 90.6 id,  0.0 wa,  0.0 hi,  0.0 si,  0.2 st
%Cpu(s):  4.2 us,  6.3 sy,  0.0 ni, 89.3 id,  0.0 wa,  0.0 hi,  0.0 si,  0.1 st
%Cpu(s):  3.1 us,  2.5 sy,  0.0 ni, 94.0 id,  0.0 wa,  0.0 hi,  0.0 si,  0.4 st
%Cpu(s):  3.0 us,  1.9 sy,  0.0 ni, 94.9 id,  0.0 wa,  0.0 hi,  0.0 si,  0.2 st
%Cpu(s):  2.5 us,  1.8 sy,  0.0 ni, 95.5 id,  0.0 wa,  0.0 hi,  0.0 si,  0.3 st
%Cpu(s):  3.2 us,  4.8 sy,  0.0 ni, 91.8 id,  0.0 wa,  0.0 hi,  0.1 si,  0.1 st
%Cpu(s):  4.1 us,  2.2 sy,  0.0 ni, 93.4 id,  0.0 wa,  0.0 hi,  0.0 si,  0.2 st
%Cpu(s):  1.8 us,  1.4 sy,  0.0 ni, 96.6 id,  0.0 wa,  0.0 hi,  0.0 si,  0.3 st
%Cpu(s):  4.0 us,  3.0 sy,  0.0 ni, 92.8 id,  0.0 wa,  0.0 hi,  0.1 si,  0.1 st
