%Cpu(s):  9.7 us,  1.3 sy,  0.0 ni, 88.9 id,  0.0 wa,  0.0 hi,  0.1 si,  0.0 st
%Cpu(s):  2.8 us,  2.3 sy,  0.0 ni, 94.8 id,  0.0 wa,  0.0 hi,  0.0 si,  0.1 st
%Cpu(s):  2.9 us,  2.3 sy,  0.0 ni, 94.6 id,  0.0 wa,  0.0 hi,  0.0 si,  0.3 st
%Cpu(s):  2.4 us,  2.0 sy,  0.0 ni, 95.4 id,  0.0 wa,  0.0 hi,  0.0 si,  0.1 st
%Cpu(s):  4.1 us,  1.6 sy,  0.0 ni, 94.1 id,  0.0 wa,  0.0 hi,  0.0 si,  0.1 st
%Cpu(s):  6.8 us,  2.4 sy,  0.0 ni, 90.5 id,  0.0 wa,  0.0 hi,  0.0 si,  0.3 st
%Cpu(s): 55.8 us,  3.2 sy,  0.0 ni, 40.6 id,  0.1 wa,  0.0 hi,  0.2 si,  0.0 st
%Cpu(s): 87.7 us,  8.1 sy,  0.0 ni,  2.9 id,  0.0 wa,  0.0 hi,  1.4 si,  0.0 st
%Cpu(s): 90.5 us,  6.7 sy,  0.0 ni,  0.5 id,  0.0 wa,  0.0 hi,  2.2 si,  0.0 st
%Cpu(s): 90.7 us,  6.6 sy,  0.0 ni,  0.7 id,  0.0 wa,  0.0 hi,  2.0 si,  0.0 st
%Cpu(s): 91.8 us,  6.5 sy,  0.0 ni,  0.1 id,  0.0 wa,  0.0 hi,  1.6 si,  0.0 st
%Cpu(s): 88.4 us,  6.7 sy,  0.0 ni,  2.9 id,  0.0 wa,  0.0 hi,  2.0 si,  0.0 st
%Cpu(s): 68.9 us,  7.3 sy,  0.0 ni, 22.0 id,  0.0 wa,  0.0 hi,  1.8 si,  0.0 st
%Cpu(s): 55.7 us,  6.4 sy,  0.0 ni, 35.9 id,  0.0 wa,  0.0 hi,  1.9 si,  0.1 st
%Cpu(s): 73.6 us,  5.8 sy,  0.0 ni, 19.0 id,  0.0 wa,  0.0 hi,  1.6 si,  0.0 st
%Cpu(s): 69.7 us,  4.6 sy,  0.0 ni, 24.5 id,  0.0 wa,  0.0 hi,  1.0 si,  0.1 st
%Cpu(s): 50.0 us,  5.2 sy,  0.0 ni, 42.9 id,  0.0 wa,  0.0 hi,  1.9 si,  0.0 st
%Cpu(s): 23.8 us,  4.8 sy,  0.0 ni, 70.1 id,  0.0 wa,  0.0 hi,  1.1 si,  0.1 st
%Cpu(s): 11.7 us,  5.2 sy,  0.0 ni, 81.7 id,  0.0 wa,  0.0 hi,  1.4 si,  0.0 st
%Cpu(s): 14.6 us,  5.2 sy,  0.0 ni, 78.9 id,  0.0 wa,  0.0 hi,  1.3 si,  0.0 st
%Cpu(s): 20.3 us,  4.6 sy,  0.0 ni, 73.7 id,  0.0 wa,  0.0 hi,  1.4 si,  0.0 st
%Cpu(s):  9.3 us,  6.8 sy,  0.0 ni, 82.4 id,  0.0 wa,  0.0 hi,  1.5 si,  0.0 st
%Cpu(s):  9.9 us,  5.8 sy,  0.0 ni, 83.5 id,  0.0 wa,  0.0 hi,  0.8 si,  0.0 st
%Cpu(s):  9.8 us,  6.4 sy,  0.0 ni, 82.2 id,  0.0 wa,  0.0 hi,  1.5 si,  0.1 st
%Cpu(s):  9.3 us,  5.4 sy,  0.0 ni, 83.6 id,  0.0 wa,  0.0 hi,  1.8 si,  0.0 st
%Cpu(s):  8.1 us,  4.6 sy,  0.0 ni, 85.9 id,  0.0 wa,  0.0 hi,  1.4 si,  0.0 st
%Cpu(s): 10.6 us,  6.0 sy,  0.0 ni, 81.7 id,  0.0 wa,  0.0 hi,  1.6 si,  0.0 st
%Cpu(s):  8.0 us,  5.7 sy,  0.0 ni, 84.7 id,  0.0 wa,  0.0 hi,  1.6 si,  0.0 st
%Cpu(s):  8.5 us,  5.5 sy,  0.0 ni, 84.8 id,  0.0 wa,  0.0 hi,  1.2 si,  0.1 st
%Cpu(s): 10.9 us,  5.3 sy,  0.0 ni, 82.7 id,  0.0 wa,  0.0 hi,  1.0 si,  0.1 st
%Cpu(s):  7.5 us,  5.4 sy,  0.0 ni, 85.8 id,  0.0 wa,  0.0 hi,  1.3 si,  0.0 st
%Cpu(s):  9.6 us,  5.5 sy,  0.0 ni, 83.5 id,  0.1 wa,  0.0 hi,  1.3 si,  0.0 st
%Cpu(s): 10.2 us,  5.7 sy,  0.0 ni, 82.9 id,  0.0 wa,  0.0 hi,  1.1 si,  0.0 st
%Cpu(s):  8.7 us,  5.8 sy,  0.0 ni, 84.8 id,  0.0 wa,  0.0 hi,  0.8 si,  0.0 st
%Cpu(s):  9.3 us,  5.7 sy,  0.0 ni, 83.4 id,  0.0 wa,  0.0 hi,  1.6 si,  0.0 st
%Cpu(s):  9.4 us,  5.7 sy,  0.0 ni, 84.0 id,  0.0 wa,  0.0 hi,  0.8 si,  0.1 st
%Cpu(s): 15.5 us,  4.9 sy,  0.0 ni, 78.5 id,  0.0 wa,  0.0 hi,  1.1 si,  0.0 st
%Cpu(s): 21.4 us,  4.6 sy,  0.0 ni, 73.0 id,  0.0 wa,  0.0 hi,  0.9 si,  0.0 st
%Cpu(s):  9.8 us,  5.3 sy,  0.0 ni, 84.0 id,  0.0 wa,  0.0 hi,  1.0 si,  0.0 st
%Cpu(s): 16.5 us,  5.1 sy,  0.0 ni, 77.7 id,  0.0 wa,  0.0 hi,  0.6 si,  0.0 st
%Cpu(s): 10.2 us,  4.9 sy,  0.0 ni, 82.8 id,  0.0 wa,  0.0 hi,  1.9 si,  0.1 st
%Cpu(s): 12.3 us,  5.8 sy,  0.0 ni, 80.4 id,  0.0 wa,  0.0 hi,  1.5 si,  0.0 st
%Cpu(s): 17.2 us,  4.0 sy,  0.0 ni, 77.7 id,  0.0 wa,  0.0 hi,  1.0 si,  0.0 st
%Cpu(s): 12.4 us,  5.4 sy,  0.0 ni, 81.1 id,  0.0 wa,  0.0 hi,  1.1 si,  0.0 st
%Cpu(s): 10.3 us,  5.6 sy,  0.0 ni, 82.5 id,  0.0 wa,  0.0 hi,  1.5 si,  0.1 st
%Cpu(s): 12.5 us,  6.6 sy,  0.0 ni, 79.8 id,  0.0 wa,  0.0 hi,  1.0 si,  0.0 st
%Cpu(s): 12.2 us,  5.7 sy,  0.0 ni, 81.0 id,  0.0 wa,  0.0 hi,  1.1 si,  0.0 st
%Cpu(s): 11.5 us,  5.5 sy,  0.0 ni, 82.1 id,  0.0 wa,  0.0 hi,  0.9 si,  0.0 st
%Cpu(s):  8.0 us,  6.8 sy,  0.0 ni, 84.1 id,  0.0 wa,  0.0 hi,  1.1 si,  0.0 st
%Cpu(s):  9.9 us,  5.5 sy,  0.0 ni, 83.2 id,  0.0 wa,  0.0 hi,  1.4 si,  0.0 st
%Cpu(s): 10.3 us,  6.3 sy,  0.0 ni, 82.1 id,  0.0 wa,  0.0 hi,  1.3 si,  0.1 st
%Cpu(s):  9.0 us,  7.0 sy,  0.0 ni, 82.6 id,  0.0 wa,  0.0 hi,  1.4 si,  0.0 st
%Cpu(s): 10.3 us,  5.8 sy,  0.0 ni, 82.4 id,  0.0 wa,  0.0 hi,  1.4 si,  0.1 st
%Cpu(s): 11.0 us,  7.0 sy,  0.0 ni, 81.0 id,  0.0 wa,  0.0 hi,  1.0 si,  0.0 st
%Cpu(s):  9.9 us,  5.5 sy,  0.0 ni, 83.8 id,  0.0 wa,  0.0 hi,  0.9 si,  0.0 st
%Cpu(s): 11.5 us,  6.8 sy,  0.0 ni, 80.6 id,  0.0 wa,  0.0 hi,  1.1 si,  0.0 st
%Cpu(s): 10.0 us,  5.8 sy,  0.0 ni, 83.2 id,  0.0 wa,  0.0 hi,  0.9 si,  0.0 st
%Cpu(s):  8.8 us,  4.8 sy,  0.0 ni, 84.7 id,  0.0 wa,  0.0 hi,  1.5 si,  0.1 st
%Cpu(s): 10.6 us,  5.6 sy,  0.0 ni, 82.2 id,  0.0 wa,  0.0 hi,  1.6 si,  0.0 st
%Cpu(s): 11.0 us,  6.5 sy,  0.0 ni, 81.5 id,  0.0 wa,  0.0 hi,  1.0 si,  0.0 st
%Cpu(s):  7.5 us,  4.1 sy,  0.0 ni, 87.4 id,  0.0 wa,  0.0 hi,  1.0 si,  0.0 st
%Cpu(s):  3.2 us,  3.0 sy,  0.0 ni, 93.2 id,  0.1 wa,  0.0 hi,  0.1 si,  0.4 st
%Cpu(s):  3.0 us,  2.4 sy,  0.0 ni, 94.5 id,  0.0 wa,  0.0 hi,  0.0 si,  0.1 st
%Cpu(s):  1.8 us,  1.3 sy,  0.0 ni, 96.7 id,  0.0 wa,  0.0 hi,  0.0 si,  0.3 st
%Cpu(s):  4.9 us,  1.9 sy,  0.0 ni, 93.3 id,  0.0 wa,  0.0 hi,  0.0 si,  0.0 st
%Cpu(s):  3.6 us,  2.8 sy,  0.0 ni, 93.2 id,  0.0 wa,  0.0 hi,  0.1 si,  0.3 st
%Cpu(s):  5.3 us,  2.1 sy,  0.0 ni, 92.3 id,  0.0 wa,  0.0 hi,  0.0 si,  0.3 st
%Cpu(s):  3.0 us,  2.8 sy,  0.0 ni, 94.2 id,  0.0 wa,  0.0 hi,  0.0 si,  0.0 st
%Cpu(s):  4.5 us,  3.1 sy,  0.0 ni, 92.1 id,  0.0 wa,  0.0 hi,  0.1 si,  0.1 st
%Cpu(s):  8.2 us,  2.4 sy,  0.0 ni, 89.3 id,  0.0 wa,  0.0 hi,  0.0 si,  0.1 st
%Cpu(s):  2.9 us,  2.6 sy,  0.0 ni, 94.2 id,  0.0 wa,  0.0 hi,  0.0 si,  0.3 st
%Cpu(s):  3.4 us,  2.1 sy,  0.0 ni, 94.2 id,  0.1 wa,  0.0 hi,  0.1 si,  0.1 st
%Cpu(s):  3.1 us,  3.0 sy,  0.0 ni, 93.7 id,  0.0 wa,  0.0 hi,  0.1 si,  0.1 st
%Cpu(s):  3.3 us,  2.1 sy,  0.0 ni, 94.4 id,  0.0 wa,  0.0 hi,  0.0 si,  0.3 st
%Cpu(s):  3.1 us,  1.8 sy,  0.0 ni, 94.9 id,  0.0 wa,  0.0 hi,  0.0 si,  0.3 st
%Cpu(s):  2.6 us,  2.8 sy,  0.0 ni, 94.6 id,  0.0 wa,  0.0 hi,  0.0 si,  0.0 st
%Cpu(s):  2.5 us,  2.5 sy,  0.0 ni, 94.7 id,  0.0 wa,  0.0 hi,  0.0 si,  0.3 st
%Cpu(s):  2.8 us,  2.9 sy,  0.0 ni, 94.1 id,  0.0 wa,  0.0 hi,  0.3 si,  0.0 st
