%Cpu(s): 10.3 us,  1.3 sy,  0.0 ni, 88.1 id,  0.0 wa,  0.0 hi,  0.2 si,  0.0 st
%Cpu(s):  3.4 us,  1.5 sy,  0.0 ni, 95.1 id,  0.0 wa,  0.0 hi,  0.0 si,  0.0 st
%Cpu(s):  3.0 us,  1.5 sy,  0.0 ni, 95.3 id,  0.0 wa,  0.0 hi,  0.1 si,  0.0 st
%Cpu(s):  2.6 us,  3.2 sy,  0.0 ni, 94.1 id,  0.0 wa,  0.0 hi,  0.0 si,  0.1 st
%Cpu(s):  3.9 us,  3.4 sy,  0.0 ni, 92.7 id,  0.0 wa,  0.0 hi,  0.0 si,  0.0 st
%Cpu(s): 17.1 us,  1.6 sy,  0.0 ni, 81.2 id,  0.0 wa,  0.0 hi,  0.1 si,  0.0 st
%Cpu(s): 65.9 us,  4.1 sy,  0.0 ni, 29.1 id,  0.0 wa,  0.0 hi,  0.9 si,  0.0 st
%Cpu(s): 88.0 us,  7.6 sy,  0.0 ni,  3.1 id,  0.0 wa,  0.0 hi,  1.2 si,  0.0 st
%Cpu(s): 87.0 us,  6.4 sy,  0.0 ni,  5.1 id,  0.0 wa,  0.0 hi,  1.5 si,  0.0 st
%Cpu(s): 75.5 us,  5.8 sy,  0.0 ni, 17.5 id,  0.0 wa,  0.0 hi,  1.1 si,  0.1 st
%Cpu(s): 68.9 us,  5.9 sy,  0.0 ni, 23.9 id,  0.0 wa,  0.0 hi,  1.1 si,  0.1 st
%Cpu(s): 41.5 us,  5.7 sy,  0.0 ni, 51.9 id,  0.0 wa,  0.0 hi,  1.0 si,  0.0 st
%Cpu(s): 48.5 us,  6.8 sy,  0.0 ni, 42.7 id,  0.0 wa,  0.0 hi,  1.9 si,  0.0 st
%Cpu(s): 64.9 us,  6.0 sy,  0.0 ni, 27.8 id,  0.0 wa,  0.0 hi,  1.2 si,  0.1 st
%Cpu(s): 47.6 us,  5.1 sy,  0.0 ni, 45.9 id,  0.0 wa,  0.0 hi,  1.3 si,  0.1 st
%Cpu(s): 32.3 us,  6.4 sy,  0.0 ni, 59.5 id,  0.0 wa,  0.0 hi,  1.8 si,  0.0 st
%Cpu(s): 29.9 us,  6.4 sy,  0.0 ni, 61.7 id,  0.0 wa,  0.0 hi,  1.9 si,  0.1 st
%Cpu(s): 48.9 us,  6.4 sy,  0.0 ni, 43.3 id,  0.0 wa,  0.0 hi,  1.4 si,  0.0 st
%Cpu(s): 27.8 us,  6.4 sy,  0.0 ni, 64.2 id,  0.0 wa,  0.0 hi,  1.5 si,  0.1 st
%Cpu(s): 24.3 us,  6.4 sy,  0.0 ni, 67.8 id,  0.0 wa,  0.0 hi,  1.4 si,  0.1 st
%Cpu(s): 27.9 us,  6.2 sy,  0.0 ni, 64.2 id,  0.0 wa,  0.0 hi,  1.6 si,  0.0 st
%Cpu(s): 28.1 us,  5.8 sy,  0.0 ni, 65.1 id,  0.0 wa,  0.0 hi,  0.9 si,  0.1 st
%Cpu(s): 22.6 us,  6.7 sy,  0.0 ni, 69.7 id,  0.0 wa,  0.0 hi,  1.0 si,  0.0 st
%Cpu(s): 33.9 us,  6.7 sy,  0.0 ni, 57.8 id,  0.0 wa,  0.0 hi,  1.5 si,  0.1 st
%Cpu(s): 27.4 us,  6.7 sy,  0.0 ni, 63.8 id,  0.0 wa,  0.0 hi,  2.0 si,  0.1 st
%Cpu(s): 15.8 us,  6.2 sy,  0.0 ni, 76.9 id,  0.0 wa,  0.0 hi,  0.9 si,  0.1 st
%Cpu(s): 15.2 us,  6.5 sy,  0.0 ni, 77.5 id,  0.0 wa,  0.0 hi,  0.9 si,  0.0 st
%Cpu(s): 16.6 us,  6.6 sy,  0.0 ni, 75.5 id,  0.0 wa,  0.0 hi,  1.2 si,  0.1 st
%Cpu(s): 23.1 us,  5.8 sy,  0.0 ni, 69.9 id,  0.0 wa,  0.0 hi,  1.1 si,  0.0 st
%Cpu(s): 24.9 us,  6.3 sy,  0.0 ni, 67.5 id,  0.0 wa,  0.0 hi,  1.1 si,  0.3 st
%Cpu(s): 16.9 us,  6.7 sy,  0.0 ni, 74.8 id,  0.0 wa,  0.0 hi,  1.5 si,  0.0 st
%Cpu(s): 13.8 us,  5.7 sy,  0.0 ni, 79.6 id,  0.0 wa,  0.0 hi,  0.9 si,  0.0 st
%Cpu(s): 13.7 us,  6.0 sy,  0.0 ni, 79.0 id,  0.0 wa,  0.0 hi,  1.0 si,  0.3 st
%Cpu(s): 15.7 us,  5.5 sy,  0.0 ni, 77.8 id,  0.0 wa,  0.0 hi,  1.0 si,  0.0 st
%Cpu(s): 14.6 us,  6.6 sy,  0.0 ni, 77.1 id,  0.0 wa,  0.0 hi,  1.7 si,  0.0 st
%Cpu(s): 14.9 us,  7.4 sy,  0.0 ni, 75.9 id,  0.0 wa,  0.0 hi,  1.5 si,  0.3 st
%Cpu(s): 22.0 us,  5.9 sy,  0.0 ni, 70.6 id,  0.0 wa,  0.0 hi,  1.5 si,  0.0 st
%Cpu(s): 29.9 us,  6.6 sy,  0.0 ni, 61.8 id,  0.0 wa,  0.0 hi,  1.5 si,  0.3 st
%Cpu(s): 18.4 us,  6.1 sy,  0.0 ni, 74.1 id,  0.0 wa,  0.0 hi,  1.4 si,  0.0 st
%Cpu(s): 14.9 us,  7.1 sy,  0.0 ni, 76.5 id,  0.0 wa,  0.0 hi,  1.5 si,  0.0 st
%Cpu(s): 15.5 us,  5.6 sy,  0.0 ni, 77.3 id,  0.0 wa,  0.0 hi,  1.5 si,  0.1 st
%Cpu(s): 16.3 us,  5.6 sy,  0.0 ni, 76.3 id,  0.0 wa,  0.0 hi,  1.5 si,  0.3 st
%Cpu(s): 22.3 us,  5.4 sy,  0.0 ni, 71.1 id,  0.0 wa,  0.0 hi,  1.3 si,  0.0 st
%Cpu(s): 17.3 us,  6.2 sy,  0.0 ni, 74.8 id,  0.0 wa,  0.0 hi,  1.5 si,  0.1 st
%Cpu(s): 13.5 us,  6.2 sy,  0.0 ni, 79.0 id,  0.0 wa,  0.0 hi,  1.2 si,  0.1 st
%Cpu(s): 15.4 us,  7.2 sy,  0.0 ni, 76.1 id,  0.0 wa,  0.0 hi,  1.3 si,  0.0 st
%Cpu(s): 15.6 us,  6.2 sy,  0.0 ni, 76.6 id,  0.0 wa,  0.0 hi,  1.3 si,  0.3 st
%Cpu(s): 13.6 us,  6.3 sy,  0.0 ni, 79.0 id,  0.0 wa,  0.0 hi,  1.0 si,  0.1 st
%Cpu(s): 13.0 us,  5.7 sy,  0.0 ni, 80.1 id,  0.0 wa,  0.0 hi,  1.2 si,  0.0 st
%Cpu(s): 15.0 us,  7.0 sy,  0.0 ni, 76.7 id,  0.0 wa,  0.0 hi,  1.1 si,  0.1 st
%Cpu(s): 15.7 us,  5.6 sy,  0.0 ni, 77.5 id,  0.0 wa,  0.0 hi,  1.2 si,  0.0 st
%Cpu(s): 11.9 us,  5.4 sy,  0.0 ni, 81.8 id,  0.0 wa,  0.0 hi,  0.8 si,  0.1 st
%Cpu(s): 13.5 us,  6.3 sy,  0.0 ni, 78.7 id,  0.0 wa,  0.0 hi,  1.4 si,  0.1 st
%Cpu(s): 15.8 us,  6.2 sy,  0.0 ni, 76.4 id,  0.0 wa,  0.0 hi,  1.5 si,  0.1 st
%Cpu(s): 13.7 us,  5.7 sy,  0.0 ni, 79.2 id,  0.0 wa,  0.0 hi,  1.3 si,  0.1 st
%Cpu(s): 12.8 us,  5.9 sy,  0.0 ni, 80.0 id,  0.1 wa,  0.0 hi,  1.2 si,  0.0 st
%Cpu(s): 13.5 us,  5.7 sy,  0.0 ni, 79.3 id,  0.0 wa,  0.0 hi,  1.4 si,  0.1 st
%Cpu(s): 13.4 us,  6.8 sy,  0.0 ni, 77.8 id,  0.0 wa,  0.0 hi,  1.6 si,  0.3 st
%Cpu(s): 13.8 us,  5.6 sy,  0.0 ni, 79.8 id,  0.0 wa,  0.0 hi,  0.8 si,  0.0 st
%Cpu(s): 13.2 us,  6.6 sy,  0.0 ni, 78.6 id,  0.0 wa,  0.0 hi,  1.5 si,  0.1 st
%Cpu(s): 12.8 us,  6.8 sy,  0.0 ni, 79.5 id,  0.0 wa,  0.0 hi,  0.8 si,  0.1 st
%Cpu(s):  1.6 us,  2.8 sy,  0.0 ni, 95.6 id,  0.0 wa,  0.0 hi,  0.0 si,  0.0 st
%Cpu(s):  3.7 us,  3.8 sy,  0.0 ni, 92.5 id,  0.0 wa,  0.0 hi,  0.0 si,  0.0 st
%Cpu(s):  2.3 us,  1.9 sy,  0.0 ni, 95.9 id,  0.0 wa,  0.0 hi,  0.0 si,  0.0 st
%Cpu(s):  3.4 us,  1.4 sy,  0.0 ni, 95.2 id,  0.0 wa,  0.0 hi,  0.0 si,  0.0 st
%Cpu(s):  3.0 us,  2.3 sy,  0.0 ni, 94.6 id,  0.0 wa,  0.0 hi,  0.0 si,  0.1 st
%Cpu(s):  5.1 us,  2.0 sy,  0.0 ni, 92.9 id,  0.0 wa,  0.0 hi,  0.0 si,  0.0 st
%Cpu(s):  3.5 us,  2.6 sy,  0.0 ni, 93.8 id,  0.0 wa,  0.0 hi,  0.0 si,  0.0 st
%Cpu(s):  3.8 us,  2.5 sy,  0.0 ni, 93.8 id,  0.0 wa,  0.0 hi,  0.0 si,  0.0 st
%Cpu(s):  2.9 us,  2.3 sy,  0.0 ni, 94.7 id,  0.0 wa,  0.0 hi,  0.0 si,  0.1 st
%Cpu(s):  2.8 us,  2.0 sy,  0.0 ni, 95.1 id,  0.0 wa,  0.0 hi,  0.1 si,  0.0 st
%Cpu(s):  2.9 us,  2.4 sy,  0.0 ni, 94.7 id,  0.0 wa,  0.0 hi,  0.0 si,  0.0 st
%Cpu(s):  2.8 us,  2.5 sy,  0.0 ni, 94.6 id,  0.0 wa,  0.0 hi,  0.0 si,  0.1 st
%Cpu(s):  2.6 us,  2.1 sy,  0.0 ni, 95.1 id,  0.0 wa,  0.0 hi,  0.1 si,  0.0 st
%Cpu(s):  4.1 us,  3.0 sy,  0.0 ni, 92.9 id,  0.0 wa,  0.0 hi,  0.0 si,  0.0 st
