%Cpu(s):  4.0 us,  0.7 sy,  0.0 ni, 95.2 id,  0.0 wa,  0.0 hi,  0.1 si,  0.0 st
%Cpu(s):  3.1 us,  3.2 sy,  0.0 ni, 93.3 id,  0.1 wa,  0.0 hi,  0.0 si,  0.2 st
%Cpu(s):  3.5 us,  3.0 sy,  0.0 ni, 93.2 id,  0.0 wa,  0.0 hi,  0.0 si,  0.3 st
%Cpu(s): 10.4 us,  2.3 sy,  0.0 ni, 87.2 id,  0.0 wa,  0.0 hi,  0.0 si,  0.1 st
%Cpu(s):  3.1 us,  1.5 sy,  0.0 ni, 95.0 id,  0.0 wa,  0.0 hi,  0.0 si,  0.4 st
%Cpu(s):  5.5 us,  2.9 sy,  0.0 ni, 91.3 id,  0.0 wa,  0.0 hi,  0.1 si,  0.2 st
%Cpu(s):  6.6 us,  2.6 sy,  0.0 ni, 90.4 id,  0.0 wa,  0.0 hi,  0.1 si,  0.2 st
%Cpu(s): 85.5 us,  4.4 sy,  0.0 ni,  9.5 id,  0.0 wa,  0.0 hi,  0.6 si,  0.0 st
%Cpu(s): 90.8 us,  7.6 sy,  0.0 ni,  0.5 id,  0.0 wa,  0.0 hi,  1.1 si,  0.0 st
%Cpu(s): 90.3 us,  7.6 sy,  0.0 ni,  0.5 id,  0.0 wa,  0.0 hi,  1.6 si,  0.0 st
%Cpu(s): 88.7 us,  6.3 sy,  0.0 ni,  3.5 id,  0.0 wa,  0.0 hi,  1.5 si,  0.0 st
%Cpu(s): 66.5 us,  6.8 sy,  0.0 ni, 25.3 id,  0.0 wa,  0.0 hi,  1.3 si,  0.1 st
%Cpu(s): 79.8 us,  5.3 sy,  0.0 ni, 13.3 id,  0.0 wa,  0.0 hi,  1.6 si,  0.0 st
%Cpu(s): 66.6 us,  5.2 sy,  0.0 ni, 26.5 id,  0.0 wa,  0.0 hi,  1.6 si,  0.0 st
%Cpu(s): 59.4 us,  5.9 sy,  0.0 ni, 33.5 id,  0.0 wa,  0.0 hi,  1.1 si,  0.0 st
%Cpu(s): 86.8 us,  5.5 sy,  0.0 ni,  6.1 id,  0.0 wa,  0.0 hi,  1.5 si,  0.0 st
%Cpu(s): 60.5 us,  5.0 sy,  0.0 ni, 33.6 id,  0.0 wa,  0.0 hi,  0.9 si,  0.0 st
%Cpu(s): 39.0 us,  5.3 sy,  0.0 ni, 54.7 id,  0.0 wa,  0.0 hi,  1.0 si,  0.0 st
%Cpu(s): 37.9 us,  5.8 sy,  0.0 ni, 55.6 id,  0.0 wa,  0.0 hi,  0.8 si,  0.0 st
%Cpu(s): 13.8 us,  5.0 sy,  0.0 ni, 80.1 id,  0.0 wa,  0.0 hi,  1.0 si,  0.1 st
%Cpu(s):  9.8 us,  5.7 sy,  0.0 ni, 83.8 id,  0.0 wa,  0.0 hi,  0.6 si,  0.0 st
%Cpu(s): 18.6 us,  5.3 sy,  0.0 ni, 75.3 id,  0.1 wa,  0.0 hi,  0.6 si,  0.0 st
%Cpu(s): 22.9 us,  5.5 sy,  0.0 ni, 70.9 id,  0.0 wa,  0.0 hi,  0.8 si,  0.0 st
%Cpu(s): 14.1 us,  6.1 sy,  0.0 ni, 79.0 id,  0.0 wa,  0.0 hi,  0.8 si,  0.0 st
%Cpu(s): 10.2 us,  6.1 sy,  0.0 ni, 82.8 id,  0.0 wa,  0.0 hi,  0.8 si,  0.1 st
%Cpu(s): 11.0 us,  6.7 sy,  0.0 ni, 81.7 id,  0.0 wa,  0.0 hi,  0.5 si,  0.1 st
%Cpu(s): 10.9 us,  5.1 sy,  0.0 ni, 83.0 id,  0.0 wa,  0.0 hi,  0.9 si,  0.0 st
%Cpu(s): 10.6 us,  4.7 sy,  0.0 ni, 83.8 id,  0.0 wa,  0.0 hi,  0.9 si,  0.0 st
%Cpu(s): 12.2 us,  5.7 sy,  0.0 ni, 81.4 id,  0.0 wa,  0.0 hi,  0.8 si,  0.0 st
%Cpu(s): 11.7 us,  5.4 sy,  0.0 ni, 82.5 id,  0.0 wa,  0.0 hi,  0.4 si,  0.0 st
%Cpu(s): 12.9 us,  6.3 sy,  0.0 ni, 79.7 id,  0.0 wa,  0.0 hi,  1.0 si,  0.0 st
%Cpu(s):  9.7 us,  6.7 sy,  0.0 ni, 82.8 id,  0.0 wa,  0.0 hi,  0.6 si,  0.1 st
%Cpu(s): 10.3 us,  6.2 sy,  0.0 ni, 82.9 id,  0.0 wa,  0.0 hi,  0.5 si,  0.0 st
%Cpu(s): 10.8 us,  5.9 sy,  0.0 ni, 82.6 id,  0.0 wa,  0.0 hi,  0.8 si,  0.0 st
%Cpu(s): 11.0 us,  6.4 sy,  0.0 ni, 81.7 id,  0.0 wa,  0.0 hi,  0.8 si,  0.1 st
%Cpu(s): 11.2 us,  6.2 sy,  0.0 ni, 81.7 id,  0.0 wa,  0.0 hi,  0.9 si,  0.0 st
%Cpu(s):  9.4 us,  6.6 sy,  0.0 ni, 83.3 id,  0.0 wa,  0.0 hi,  0.8 si,  0.0 st
%Cpu(s): 21.7 us,  6.2 sy,  0.0 ni, 71.0 id,  0.0 wa,  0.0 hi,  1.1 si,  0.0 st
%Cpu(s): 14.6 us,  4.7 sy,  0.0 ni, 80.0 id,  0.0 wa,  0.0 hi,  0.5 si,  0.1 st
%Cpu(s): 15.3 us,  5.8 sy,  0.0 ni, 78.2 id,  0.0 wa,  0.0 hi,  0.6 si,  0.0 st
%Cpu(s): 16.0 us,  5.3 sy,  0.0 ni, 77.9 id,  0.0 wa,  0.0 hi,  0.8 si,  0.0 st
%Cpu(s): 14.9 us,  5.1 sy,  0.0 ni, 79.4 id,  0.0 wa,  0.0 hi,  0.5 si,  0.0 st
%Cpu(s): 16.2 us,  5.2 sy,  0.0 ni, 77.5 id,  0.0 wa,  0.0 hi,  0.9 si,  0.1 st
%Cpu(s): 19.1 us,  5.8 sy,  0.0 ni, 73.7 id,  0.0 wa,  0.0 hi,  1.4 si,  0.0 st
%Cpu(s):  9.1 us,  5.7 sy,  0.0 ni, 84.6 id,  0.0 wa,  0.0 hi,  0.6 si,  0.0 st
%Cpu(s): 11.6 us,  5.5 sy,  0.0 ni, 82.4 id,  0.0 wa,  0.0 hi,  0.5 si,  0.0 st
%Cpu(s): 14.6 us,  5.9 sy,  0.0 ni, 78.6 id,  0.1 wa,  0.0 hi,  0.6 si,  0.1 st
%Cpu(s): 11.6 us,  5.2 sy,  0.0 ni, 82.6 id,  0.0 wa,  0.0 hi,  0.4 si,  0.1 st
%Cpu(s): 10.1 us,  8.0 sy,  0.0 ni, 81.3 id,  0.0 wa,  0.0 hi,  0.6 si,  0.0 st
%Cpu(s): 10.4 us,  5.7 sy,  0.0 ni, 83.2 id,  0.0 wa,  0.0 hi,  0.8 si,  0.0 st
%Cpu(s): 11.9 us,  5.7 sy,  0.0 ni, 82.2 id,  0.0 wa,  0.0 hi,  0.3 si,  0.0 st
%Cpu(s): 10.5 us,  6.7 sy,  0.0 ni, 82.2 id,  0.0 wa,  0.0 hi,  0.6 si,  0.0 st
%Cpu(s): 12.8 us,  5.2 sy,  0.0 ni, 81.6 id,  0.0 wa,  0.0 hi,  0.3 si,  0.1 st
%Cpu(s): 11.5 us,  6.6 sy,  0.0 ni, 81.1 id,  0.0 wa,  0.0 hi,  0.8 si,  0.0 st
%Cpu(s): 11.0 us,  5.8 sy,  0.0 ni, 82.9 id,  0.0 wa,  0.0 hi,  0.3 si,  0.0 st
%Cpu(s): 10.5 us,  6.7 sy,  0.0 ni, 82.3 id,  0.0 wa,  0.0 hi,  0.5 si,  0.0 st
%Cpu(s): 10.2 us,  6.6 sy,  0.0 ni, 82.7 id,  0.0 wa,  0.0 hi,  0.5 si,  0.0 st
%Cpu(s): 10.1 us,  5.4 sy,  0.0 ni, 83.4 id,  0.0 wa,  0.0 hi,  1.0 si,  0.1 st
%Cpu(s):  8.2 us,  4.8 sy,  0.0 ni, 86.2 id,  0.0 wa,  0.0 hi,  0.8 si,  0.0 st
%Cpu(s):  8.8 us,  5.6 sy,  0.0 ni, 84.8 id,  0.0 wa,  0.0 hi,  0.9 si,  0.0 st
%Cpu(s):  8.8 us,  6.1 sy,  0.0 ni, 84.6 id,  0.0 wa,  0.0 hi,  0.4 si,  0.1 st
%Cpu(s):  2.3 us,  2.6 sy,  0.0 ni, 94.7 id,  0.1 wa,  0.0 hi,  0.1 si,  0.1 st
%Cpu(s):  2.4 us,  2.5 sy,  0.0 ni, 94.9 id,  0.0 wa,  0.0 hi,  0.0 si,  0.3 st
%Cpu(s):  3.1 us,  2.6 sy,  0.0 ni, 94.2 id,  0.0 wa,  0.0 hi,  0.1 si,  0.0 st
%Cpu(s):  3.7 us,  4.4 sy,  0.0 ni, 91.6 id,  0.0 wa,  0.0 hi,  0.0 si,  0.2 st
%Cpu(s):  3.2 us,  2.1 sy,  0.0 ni, 94.1 id,  0.0 wa,  0.0 hi,  0.1 si,  0.4 st
%Cpu(s):  4.1 us,  3.4 sy,  0.0 ni, 92.4 id,  0.0 wa,  0.0 hi,  0.0 si,  0.1 st
%Cpu(s):  5.7 us,  3.7 sy,  0.0 ni, 90.4 id,  0.0 wa,  0.0 hi,  0.0 si,  0.1 st
%Cpu(s):  4.2 us,  3.6 sy,  0.0 ni, 91.8 id,  0.0 wa,  0.0 hi,  0.1 si,  0.2 st
%Cpu(s):  3.3 us,  2.1 sy,  0.0 ni, 94.2 id,  0.0 wa,  0.0 hi,  0.0 si,  0.4 st
%Cpu(s): 11.7 us,  1.6 sy,  0.0 ni, 86.6 id,  0.0 wa,  0.0 hi,  0.0 si,  0.1 st
%Cpu(s):  7.3 us,  3.3 sy,  0.0 ni, 89.2 id,  0.0 wa,  0.0 hi,  0.1 si,  0.1 st
%Cpu(s):  3.0 us,  2.1 sy,  0.0 ni, 94.6 id,  0.0 wa,  0.0 hi,  0.0 si,  0.3 st
