%Cpu(s):  1.2 us,  0.1 sy,  0.0 ni, 98.6 id,  0.0 wa,  0.0 hi,  0.0 si,  0.0 st
%Cpu(s):  9.4 us,  2.6 sy,  0.0 ni, 87.9 id,  0.0 wa,  0.0 hi,  0.1 si,  0.0 st
%Cpu(s): 88.3 us,  4.9 sy,  0.0 ni,  6.8 id,  0.0 wa,  0.0 hi,  0.0 si,  0.0 st
%Cpu(s): 82.8 us,  3.1 sy,  0.0 ni, 14.1 id,  0.0 wa,  0.0 hi,  0.0 si,  0.0 st
%Cpu(s): 73.9 us,  2.4 sy,  0.0 ni, 23.7 id,  0.0 wa,  0.0 hi,  0.0 si,  0.0 st
%Cpu(s): 91.2 us,  2.6 sy,  0.0 ni,  6.0 id,  0.1 wa,  0.0 hi,  0.0 si,  0.0 st
%Cpu(s): 96.1 us,  3.1 sy,  0.0 ni,  0.5 id,  0.0 wa,  0.0 hi,  0.2 si,  0.0 st
%Cpu(s): 96.4 us,  2.4 sy,  0.0 ni,  1.1 id,  0.0 wa,  0.0 hi,  0.1 si,  0.0 st
%Cpu(s): 97.1 us,  2.5 sy,  0.0 ni,  0.2 id,  0.0 wa,  0.0 hi,  0.1 si,  0.0 st
%Cpu(s): 97.1 us,  2.4 sy,  0.0 ni,  0.4 id,  0.0 wa,  0.0 hi,  0.1 si,  0.0 st
%Cpu(s): 94.9 us,  2.2 sy,  0.0 ni,  2.6 id,  0.0 wa,  0.0 hi,  0.2 si,  0.0 st
%Cpu(s): 92.0 us,  5.5 sy,  0.0 ni,  0.9 id,  0.0 wa,  0.0 hi,  1.6 si,  0.0 st
%Cpu(s): 89.3 us,  8.6 sy,  0.0 ni,  0.9 id,  0.0 wa,  0.0 hi,  1.2 si,  0.0 st
%Cpu(s): 87.0 us,  9.2 sy,  0.0 ni,  1.2 id,  0.0 wa,  0.0 hi,  2.4 si,  0.1 st
%Cpu(s): 92.0 us,  6.0 sy,  0.0 ni,  0.6 id,  0.0 wa,  0.0 hi,  1.4 si,  0.0 st
%Cpu(s): 91.0 us,  7.0 sy,  0.0 ni,  0.0 id,  0.0 wa,  0.0 hi,  2.0 si,  0.0 st
%Cpu(s): 89.5 us,  7.8 sy,  0.0 ni,  0.2 id,  0.0 wa,  0.0 hi,  2.4 si,  0.1 st
%Cpu(s): 86.7 us,  9.8 sy,  0.0 ni,  0.6 id,  0.0 wa,  0.0 hi,  2.7 si,  0.1 st
%Cpu(s): 86.7 us,  9.3 sy,  0.0 ni,  1.2 id,  0.0 wa,  0.0 hi,  2.7 si,  0.0 st
%Cpu(s): 86.2 us, 11.2 sy,  0.0 ni,  0.1 id,  0.0 wa,  0.0 hi,  2.4 si,  0.1 st
%Cpu(s): 89.2 us,  8.5 sy,  0.0 ni,  0.0 id,  0.0 wa,  0.0 hi,  2.4 si,  0.0 st
%Cpu(s): 86.2 us, 10.8 sy,  0.0 ni,  0.7 id,  0.0 wa,  0.0 hi,  2.2 si,  0.0 st
%Cpu(s): 84.6 us,  9.7 sy,  0.0 ni,  2.7 id,  0.0 wa,  0.0 hi,  2.7 si,  0.1 st
%Cpu(s): 81.3 us,  6.9 sy,  0.0 ni,  9.9 id,  0.0 wa,  0.0 hi,  1.9 si,  0.0 st
%Cpu(s): 67.0 us,  8.2 sy,  0.0 ni, 22.8 id,  0.0 wa,  0.0 hi,  1.9 si,  0.1 st
%Cpu(s): 55.6 us,  8.3 sy,  0.0 ni, 34.3 id,  0.0 wa,  0.0 hi,  1.8 si,  0.0 st
%Cpu(s): 59.6 us,  7.6 sy,  0.0 ni, 30.7 id,  0.0 wa,  0.0 hi,  2.0 si,  0.0 st
%Cpu(s): 58.3 us,  9.3 sy,  0.0 ni, 30.2 id,  0.0 wa,  0.0 hi,  2.1 si,  0.1 st
%Cpu(s): 43.8 us,  6.7 sy,  0.0 ni, 47.4 id,  0.0 wa,  0.0 hi,  1.9 si,  0.1 st
%Cpu(s): 35.4 us,  7.6 sy,  0.0 ni, 55.5 id,  0.0 wa,  0.0 hi,  1.5 si,  0.0 st
%Cpu(s): 33.0 us,  8.2 sy,  0.0 ni, 56.9 id,  0.0 wa,  0.0 hi,  1.8 si,  0.1 st
%Cpu(s): 32.5 us,  9.5 sy,  0.0 ni, 55.5 id,  0.0 wa,  0.0 hi,  2.4 si,  0.1 st
%Cpu(s): 27.6 us,  7.9 sy,  0.0 ni, 62.1 id,  0.0 wa,  0.0 hi,  2.3 si,  0.1 st
%Cpu(s): 38.9 us,  9.1 sy,  0.0 ni, 49.5 id,  0.0 wa,  0.0 hi,  2.4 si,  0.1 st
%Cpu(s): 22.3 us,  8.1 sy,  0.0 ni, 67.7 id,  0.0 wa,  0.0 hi,  1.8 si,  0.1 st
%Cpu(s): 22.9 us,  7.2 sy,  0.0 ni, 67.4 id,  0.0 wa,  0.0 hi,  2.3 si,  0.1 st
%Cpu(s): 28.2 us,  9.2 sy,  0.0 ni, 59.8 id,  0.0 wa,  0.0 hi,  2.7 si,  0.1 st
%Cpu(s): 39.4 us,  8.5 sy,  0.0 ni, 49.8 id,  0.0 wa,  0.0 hi,  2.2 si,  0.1 st
%Cpu(s): 42.9 us,  8.6 sy,  0.0 ni, 46.1 id,  0.0 wa,  0.0 hi,  2.2 si,  0.3 st
%Cpu(s): 50.0 us,  9.4 sy,  0.0 ni, 38.6 id,  0.0 wa,  0.0 hi,  2.0 si,  0.0 st
%Cpu(s): 39.5 us,  9.7 sy,  0.0 ni, 48.7 id,  0.1 wa,  0.0 hi,  2.0 si,  0.0 st
%Cpu(s): 35.1 us,  7.5 sy,  0.0 ni, 54.3 id,  0.0 wa,  0.0 hi,  3.0 si,  0.1 st
%Cpu(s): 35.0 us,  8.1 sy,  0.0 ni, 54.8 id,  0.0 wa,  0.0 hi,  1.9 si,  0.1 st
%Cpu(s): 39.8 us,  8.8 sy,  0.0 ni, 48.5 id,  0.0 wa,  0.0 hi,  2.9 si,  0.0 st
%Cpu(s): 26.8 us,  8.8 sy,  0.0 ni, 61.8 id,  0.0 wa,  0.0 hi,  2.4 si,  0.3 st
%Cpu(s): 25.2 us,  9.0 sy,  0.0 ni, 62.7 id,  0.0 wa,  0.0 hi,  3.0 si,  0.1 st
%Cpu(s): 19.9 us,  8.5 sy,  0.0 ni, 68.5 id,  0.0 wa,  0.0 hi,  3.0 si,  0.1 st
%Cpu(s): 32.1 us,  7.8 sy,  0.0 ni, 57.7 id,  0.0 wa,  0.0 hi,  2.2 si,  0.1 st
%Cpu(s): 28.6 us,  9.2 sy,  0.0 ni, 60.2 id,  0.0 wa,  0.0 hi,  1.9 si,  0.1 st
%Cpu(s): 21.1 us, 10.0 sy,  0.0 ni, 67.1 id,  0.0 wa,  0.0 hi,  1.8 si,  0.0 st
%Cpu(s): 40.4 us,  8.9 sy,  0.0 ni, 48.8 id,  0.0 wa,  0.0 hi,  1.9 si,  0.1 st
%Cpu(s): 21.0 us,  8.6 sy,  0.0 ni, 67.9 id,  0.0 wa,  0.0 hi,  2.4 si,  0.1 st
%Cpu(s): 25.3 us,  8.4 sy,  0.0 ni, 64.7 id,  0.0 wa,  0.0 hi,  1.7 si,  0.0 st
%Cpu(s): 30.5 us,  8.8 sy,  0.0 ni, 58.2 id,  0.0 wa,  0.0 hi,  2.4 si,  0.1 st
%Cpu(s): 38.8 us,  7.9 sy,  0.0 ni, 51.5 id,  0.0 wa,  0.0 hi,  1.5 si,  0.1 st
%Cpu(s): 24.5 us,  8.9 sy,  0.0 ni, 64.4 id,  0.0 wa,  0.0 hi,  2.1 si,  0.1 st
%Cpu(s): 20.2 us,  7.7 sy,  0.0 ni, 69.7 id,  0.0 wa,  0.0 hi,  2.3 si,  0.1 st
%Cpu(s): 22.0 us,  8.5 sy,  0.0 ni, 67.3 id,  0.0 wa,  0.0 hi,  2.1 si,  0.1 st
%Cpu(s): 27.3 us,  7.9 sy,  0.0 ni, 62.2 id,  0.0 wa,  0.0 hi,  2.4 si,  0.1 st
%Cpu(s): 19.4 us,  6.8 sy,  0.0 ni, 71.8 id,  0.0 wa,  0.0 hi,  1.9 si,  0.1 st
%Cpu(s): 20.3 us,  8.0 sy,  0.0 ni, 70.1 id,  0.0 wa,  0.0 hi,  1.7 si,  0.0 st
%Cpu(s):  3.9 us,  2.5 sy,  0.0 ni, 93.1 id,  0.0 wa,  0.0 hi,  0.5 si,  0.0 st
%Cpu(s):  2.1 us,  1.8 sy,  0.0 ni, 96.0 id,  0.0 wa,  0.0 hi,  0.0 si,  0.1 st
%Cpu(s):  3.0 us,  1.4 sy,  0.0 ni, 95.6 id,  0.0 wa,  0.0 hi,  0.0 si,  0.0 st
%Cpu(s):  3.2 us,  1.4 sy,  0.0 ni, 95.4 id,  0.0 wa,  0.0 hi,  0.0 si,  0.0 st
%Cpu(s):  1.4 us,  1.0 sy,  0.0 ni, 97.5 id,  0.0 wa,  0.0 hi,  0.1 si,  0.0 st
%Cpu(s):  3.5 us,  1.0 sy,  0.0 ni, 95.5 id,  0.0 wa,  0.0 hi,  0.0 si,  0.0 st
%Cpu(s):  2.1 us,  0.9 sy,  0.0 ni, 97.0 id,  0.0 wa,  0.0 hi,  0.0 si,  0.0 st
%Cpu(s):  4.8 us,  1.4 sy,  0.0 ni, 93.8 id,  0.0 wa,  0.0 hi,  0.0 si,  0.1 st
%Cpu(s):  3.4 us,  1.9 sy,  0.0 ni, 94.7 id,  0.0 wa,  0.0 hi,  0.0 si,  0.0 st
%Cpu(s):  5.5 us,  1.1 sy,  0.0 ni, 93.4 id,  0.0 wa,  0.0 hi,  0.0 si,  0.0 st
%Cpu(s):  2.5 us,  1.1 sy,  0.0 ni, 96.4 id,  0.0 wa,  0.0 hi,  0.0 si,  0.0 st
%Cpu(s):  4.1 us,  1.5 sy,  0.0 ni, 94.3 id,  0.0 wa,  0.0 hi,  0.0 si,  0.1 st
%Cpu(s): 15.2 us,  1.0 sy,  0.0 ni, 83.8 id,  0.0 wa,  0.0 hi,  0.0 si,  0.0 st
%Cpu(s):  2.2 us,  1.1 sy,  0.0 ni, 96.1 id,  0.0 wa,  0.0 hi,  0.0 si,  0.5 st
%Cpu(s):  2.4 us,  0.9 sy,  0.0 ni, 96.6 id,  0.0 wa,  0.0 hi,  0.1 si,  0.0 st
%Cpu(s):  2.5 us,  1.4 sy,  0.0 ni, 96.0 id,  0.0 wa,  0.0 hi,  0.1 si,  0.0 st
%Cpu(s):  2.1 us,  1.6 sy,  0.0 ni, 96.3 id,  0.0 wa,  0.0 hi,  0.0 si,  0.0 st
%Cpu(s):  1.5 us,  1.4 sy,  0.0 ni, 97.1 id,  0.0 wa,  0.0 hi,  0.0 si,  0.0 st
