%Cpu(s):  1.1 us,  0.4 sy,  0.0 ni, 98.4 id,  0.0 wa,  0.0 hi,  0.1 si,  0.0 st
%Cpu(s):  0.5 us,  0.5 sy,  0.0 ni, 98.5 id,  0.0 wa,  0.0 hi,  0.0 si,  0.5 st
%Cpu(s):  1.0 us,  0.5 sy,  0.0 ni, 98.5 id,  0.0 wa,  0.0 hi,  0.0 si,  0.0 st
%Cpu(s):  0.0 us,  0.0 sy,  0.0 ni, 99.5 id,  0.0 wa,  0.0 hi,  0.0 si,  0.5 st
%Cpu(s):  1.0 us,  0.5 sy,  0.0 ni, 98.5 id,  0.0 wa,  0.0 hi,  0.0 si,  0.0 st
%Cpu(s):  1.0 us,  0.5 sy,  0.0 ni, 98.5 id,  0.0 wa,  0.0 hi,  0.0 si,  0.0 st
%Cpu(s):  0.5 us,  0.5 sy,  0.0 ni, 99.0 id,  0.0 wa,  0.0 hi,  0.0 si,  0.0 st
%Cpu(s):  1.0 us,  0.5 sy,  0.0 ni, 98.5 id,  0.0 wa,  0.0 hi,  0.0 si,  0.0 st
%Cpu(s):  1.0 us,  0.5 sy,  0.0 ni, 98.5 id,  0.0 wa,  0.0 hi,  0.0 si,  0.0 st
%Cpu(s):  1.0 us,  1.0 sy,  0.0 ni, 98.0 id,  0.0 wa,  0.0 hi,  0.0 si,  0.0 st
%Cpu(s):  4.0 us,  1.0 sy,  0.0 ni, 95.0 id,  0.0 wa,  0.0 hi,  0.0 si,  0.0 st
%Cpu(s):  7.0 us,  1.0 sy,  0.0 ni, 91.0 id,  0.0 wa,  0.0 hi,  0.5 si,  0.5 st
%Cpu(s): 68.2 us, 16.2 sy,  0.0 ni, 10.1 id,  0.0 wa,  0.0 hi,  5.6 si,  0.0 st
%Cpu(s): 61.7 us, 25.9 sy,  0.0 ni,  7.5 id,  0.0 wa,  0.0 hi,  5.0 si,  0.0 st
%Cpu(s): 69.5 us, 24.0 sy,  0.0 ni,  1.5 id,  0.0 wa,  0.0 hi,  5.0 si,  0.0 st
%Cpu(s): 72.0 us, 21.0 sy,  0.0 ni,  3.5 id,  0.0 wa,  0.0 hi,  3.5 si,  0.0 st
%Cpu(s): 63.6 us, 22.2 sy,  0.0 ni,  7.6 id,  0.0 wa,  0.0 hi,  6.6 si,  0.0 st
%Cpu(s): 54.7 us, 22.9 sy,  0.0 ni, 18.8 id,  0.0 wa,  0.0 hi,  3.6 si,  0.0 st
%Cpu(s): 51.8 us, 19.7 sy,  0.0 ni, 24.9 id,  0.0 wa,  0.0 hi,  3.6 si,  0.0 st
%Cpu(s): 38.0 us, 22.3 sy,  0.0 ni, 35.9 id,  0.0 wa,  0.0 hi,  3.8 si,  0.0 st
%Cpu(s): 52.3 us, 21.8 sy,  0.0 ni, 21.3 id,  0.0 wa,  0.0 hi,  4.6 si,  0.0 st
%Cpu(s): 45.7 us, 25.9 sy,  0.0 ni, 23.4 id,  0.0 wa,  0.0 hi,  5.1 si,  0.0 st
%Cpu(s): 42.1 us, 24.9 sy,  0.0 ni, 27.9 id,  0.0 wa,  0.0 hi,  5.1 si,  0.0 st
%Cpu(s): 47.2 us, 24.1 sy,  0.0 ni, 23.6 id,  0.0 wa,  0.0 hi,  5.0 si,  0.0 st
%Cpu(s): 37.2 us, 25.1 sy,  0.0 ni, 32.5 id,  0.0 wa,  0.0 hi,  5.2 si,  0.0 st
%Cpu(s): 40.1 us, 28.4 sy,  0.0 ni, 26.4 id,  0.0 wa,  0.0 hi,  5.1 si,  0.0 st
%Cpu(s): 42.5 us, 25.9 sy,  0.0 ni, 25.9 id,  0.0 wa,  0.0 hi,  5.7 si,  0.0 st
%Cpu(s): 41.4 us, 23.0 sy,  0.0 ni, 31.4 id,  0.0 wa,  0.0 hi,  4.2 si,  0.0 st
%Cpu(s): 46.2 us, 19.4 sy,  0.0 ni, 29.6 id,  0.0 wa,  0.0 hi,  4.8 si,  0.0 st
%Cpu(s): 45.4 us, 24.2 sy,  0.0 ni, 25.8 id,  0.0 wa,  0.0 hi,  4.6 si,  0.0 st
%Cpu(s): 43.1 us, 27.7 sy,  0.0 ni, 23.8 id,  0.0 wa,  0.0 hi,  5.4 si,  0.0 st
%Cpu(s): 40.1 us, 25.7 sy,  0.0 ni, 29.4 id,  0.0 wa,  0.0 hi,  4.8 si,  0.0 st
%Cpu(s): 37.8 us, 21.8 sy,  0.0 ni, 33.0 id,  0.5 wa,  0.0 hi,  6.9 si,  0.0 st
%Cpu(s): 37.4 us, 24.7 sy,  0.0 ni, 32.8 id,  0.0 wa,  0.0 hi,  5.1 si,  0.0 st
%Cpu(s): 42.3 us, 24.2 sy,  0.0 ni, 27.8 id,  0.0 wa,  0.0 hi,  5.7 si,  0.0 st
%Cpu(s): 39.0 us, 25.6 sy,  0.0 ni, 31.3 id,  0.0 wa,  0.0 hi,  4.1 si,  0.0 st
%Cpu(s): 37.2 us, 23.0 sy,  0.0 ni, 35.0 id,  0.0 wa,  0.0 hi,  4.9 si,  0.0 st
%Cpu(s): 39.0 us, 26.7 sy,  0.0 ni, 28.9 id,  0.0 wa,  0.0 hi,  5.3 si,  0.0 st
%Cpu(s): 41.6 us, 35.1 sy,  0.0 ni, 16.8 id,  0.0 wa,  0.0 hi,  6.4 si,  0.0 st
%Cpu(s): 40.7 us, 23.8 sy,  0.0 ni, 30.7 id,  0.0 wa,  0.0 hi,  4.8 si,  0.0 st
%Cpu(s): 37.3 us, 21.6 sy,  0.0 ni, 34.6 id,  0.0 wa,  0.0 hi,  6.5 si,  0.0 st
%Cpu(s): 34.6 us, 21.6 sy,  0.0 ni, 37.8 id,  0.0 wa,  0.0 hi,  5.9 si,  0.0 st
%Cpu(s): 38.8 us, 18.6 sy,  0.0 ni, 37.2 id,  0.0 wa,  0.0 hi,  5.5 si,  0.0 st
%Cpu(s): 36.8 us, 20.9 sy,  0.0 ni, 38.5 id,  0.0 wa,  0.0 hi,  3.8 si,  0.0 st
%Cpu(s): 33.0 us, 20.9 sy,  0.0 ni, 40.1 id,  0.0 wa,  0.0 hi,  6.0 si,  0.0 st
%Cpu(s): 34.9 us, 22.6 sy,  0.0 ni, 37.1 id,  0.0 wa,  0.0 hi,  5.4 si,  0.0 st
%Cpu(s): 38.1 us, 22.7 sy,  0.0 ni, 33.5 id,  0.0 wa,  0.0 hi,  5.7 si,  0.0 st
%Cpu(s): 33.9 us, 24.7 sy,  0.0 ni, 37.1 id,  0.0 wa,  0.0 hi,  4.3 si,  0.0 st
%Cpu(s): 37.9 us, 20.0 sy,  0.0 ni, 35.3 id,  0.0 wa,  0.0 hi,  6.8 si,  0.0 st
%Cpu(s): 38.1 us, 26.4 sy,  0.0 ni, 29.4 id,  0.0 wa,  0.0 hi,  6.1 si,  0.0 st
%Cpu(s): 42.4 us, 25.3 sy,  0.0 ni, 24.2 id,  0.0 wa,  0.0 hi,  8.1 si,  0.0 st
%Cpu(s): 41.0 us, 25.5 sy,  0.0 ni, 28.2 id,  0.0 wa,  0.0 hi,  5.3 si,  0.0 st
%Cpu(s): 41.9 us, 20.4 sy,  0.0 ni, 33.9 id,  0.0 wa,  0.0 hi,  3.8 si,  0.0 st
%Cpu(s): 37.0 us, 21.5 sy,  0.0 ni, 37.0 id,  0.0 wa,  0.0 hi,  4.4 si,  0.0 st
%Cpu(s): 39.8 us, 23.1 sy,  0.0 ni, 32.8 id,  0.0 wa,  0.0 hi,  4.3 si,  0.0 st
%Cpu(s): 43.0 us, 28.0 sy,  0.0 ni, 23.8 id,  0.0 wa,  0.0 hi,  5.2 si,  0.0 st
%Cpu(s): 39.8 us, 22.5 sy,  0.0 ni, 31.9 id,  0.0 wa,  0.0 hi,  5.8 si,  0.0 st
%Cpu(s): 58.4 us, 19.8 sy,  0.0 ni, 14.7 id,  2.0 wa,  0.0 hi,  5.1 si,  0.0 st
%Cpu(s): 36.1 us, 20.9 sy,  0.0 ni, 38.2 id,  0.0 wa,  0.0 hi,  4.7 si,  0.0 st
%Cpu(s): 37.7 us, 27.6 sy,  0.0 ni, 30.2 id,  0.0 wa,  0.0 hi,  4.5 si,  0.0 st
%Cpu(s): 45.4 us, 23.5 sy,  0.0 ni, 26.5 id,  0.0 wa,  0.0 hi,  4.6 si,  0.0 st
%Cpu(s): 37.0 us, 30.2 sy,  0.0 ni, 27.6 id,  0.0 wa,  0.0 hi,  5.2 si,  0.0 st
%Cpu(s): 35.2 us, 24.9 sy,  0.0 ni, 34.2 id,  0.0 wa,  0.0 hi,  5.7 si,  0.0 st
%Cpu(s): 44.6 us, 25.4 sy,  0.0 ni, 24.4 id,  0.0 wa,  0.0 hi,  5.7 si,  0.0 st
%Cpu(s): 40.1 us, 28.6 sy,  0.0 ni, 25.5 id,  0.0 wa,  0.0 hi,  5.7 si,  0.0 st
%Cpu(s): 37.6 us, 23.8 sy,  0.0 ni, 32.8 id,  0.0 wa,  0.0 hi,  5.8 si,  0.0 st
%Cpu(s): 27.2 us, 19.9 sy,  0.0 ni, 48.7 id,  0.0 wa,  0.0 hi,  4.2 si,  0.0 st
%Cpu(s):  2.0 us,  2.5 sy,  0.0 ni, 95.5 id,  0.0 wa,  0.0 hi,  0.0 si,  0.0 st
%Cpu(s):  0.5 us,  0.0 sy,  0.0 ni, 99.5 id,  0.0 wa,  0.0 hi,  0.0 si,  0.0 st
%Cpu(s):  0.5 us,  1.0 sy,  0.0 ni, 98.5 id,  0.0 wa,  0.0 hi,  0.0 si,  0.0 st
%Cpu(s):  1.0 us,  1.5 sy,  0.0 ni, 97.5 id,  0.0 wa,  0.0 hi,  0.0 si,  0.0 st
%Cpu(s):  2.0 us,  0.5 sy,  0.0 ni, 97.0 id,  0.0 wa,  0.0 hi,  0.0 si,  0.5 st
