%Cpu(s):  2.2 us,  0.8 sy,  0.0 ni, 96.8 id,  0.0 wa,  0.0 hi,  0.2 si,  0.0 st
%Cpu(s):  0.0 us,  0.0 sy,  0.0 ni, 99.5 id,  0.0 wa,  0.0 hi,  0.0 si,  0.5 st
%Cpu(s):  1.0 us,  1.0 sy,  0.0 ni, 98.0 id,  0.0 wa,  0.0 hi,  0.0 si,  0.0 st
%Cpu(s):  0.5 us,  1.0 sy,  0.0 ni, 98.5 id,  0.0 wa,  0.0 hi,  0.0 si,  0.0 st
%Cpu(s):  1.0 us,  1.0 sy,  0.0 ni, 98.0 id,  0.0 wa,  0.0 hi,  0.0 si,  0.0 st
%Cpu(s):  1.0 us,  0.0 sy,  0.0 ni, 99.0 id,  0.0 wa,  0.0 hi,  0.0 si,  0.0 st
%Cpu(s):  1.0 us,  1.0 sy,  0.0 ni, 98.0 id,  0.0 wa,  0.0 hi,  0.0 si,  0.0 st
%Cpu(s):  1.0 us,  0.0 sy,  0.0 ni, 99.0 id,  0.0 wa,  0.0 hi,  0.0 si,  0.0 st
%Cpu(s):  2.5 us,  0.5 sy,  0.0 ni, 97.0 id,  0.0 wa,  0.0 hi,  0.0 si,  0.0 st
%Cpu(s):  0.5 us,  0.5 sy,  0.0 ni, 98.5 id,  0.0 wa,  0.0 hi,  0.5 si,  0.0 st
%Cpu(s): 59.5 us,  4.5 sy,  0.0 ni, 35.5 id,  0.0 wa,  0.0 hi,  0.5 si,  0.0 st
%Cpu(s): 89.0 us,  8.5 sy,  0.0 ni,  1.5 id,  0.0 wa,  0.0 hi,  1.0 si,  0.0 st
%Cpu(s): 88.1 us,  9.0 sy,  0.0 ni,  0.0 id,  0.0 wa,  0.0 hi,  3.0 si,  0.0 st
%Cpu(s): 78.1 us, 17.4 sy,  0.0 ni,  0.0 id,  0.0 wa,  0.0 hi,  4.5 si,  0.0 st
%Cpu(s): 76.0 us, 18.0 sy,  0.0 ni,  0.5 id,  0.0 wa,  0.0 hi,  5.5 si,  0.0 st
%Cpu(s): 76.6 us, 18.4 sy,  0.0 ni,  1.0 id,  0.0 wa,  0.0 hi,  4.0 si,  0.0 st
%Cpu(s): 77.0 us, 18.5 sy,  0.0 ni,  1.0 id,  0.0 wa,  0.0 hi,  3.5 si,  0.0 st
%Cpu(s): 73.4 us, 20.6 sy,  0.0 ni,  1.0 id,  0.0 wa,  0.0 hi,  5.0 si,  0.0 st
%Cpu(s): 75.2 us, 20.8 sy,  0.0 ni,  1.0 id,  0.0 wa,  0.0 hi,  3.0 si,  0.0 st
%Cpu(s): 75.1 us, 18.4 sy,  0.0 ni,  2.0 id,  0.0 wa,  0.0 hi,  4.5 si,  0.0 st
%Cpu(s): 70.2 us, 22.7 sy,  0.0 ni,  1.0 id,  0.0 wa,  0.0 hi,  6.1 si,  0.0 st
%Cpu(s): 72.1 us, 21.9 sy,  0.0 ni,  1.0 id,  0.0 wa,  0.0 hi,  5.0 si,  0.0 st
%Cpu(s): 74.1 us, 20.9 sy,  0.0 ni,  1.5 id,  0.0 wa,  0.0 hi,  3.5 si,  0.0 st
%Cpu(s): 70.6 us, 24.9 sy,  0.0 ni,  1.0 id,  0.0 wa,  0.0 hi,  3.5 si,  0.0 st
%Cpu(s): 69.0 us, 25.5 sy,  0.0 ni,  1.0 id,  0.0 wa,  0.0 hi,  4.5 si,  0.0 st
%Cpu(s): 70.6 us, 23.4 sy,  0.0 ni,  1.5 id,  0.0 wa,  0.0 hi,  4.5 si,  0.0 st
%Cpu(s): 73.0 us, 21.5 sy,  0.0 ni,  0.5 id,  0.0 wa,  0.0 hi,  5.0 si,  0.0 st
%Cpu(s): 72.3 us, 22.3 sy,  0.0 ni,  0.5 id,  0.0 wa,  0.0 hi,  5.0 si,  0.0 st
%Cpu(s): 72.2 us, 22.7 sy,  0.0 ni,  1.0 id,  0.0 wa,  0.0 hi,  4.0 si,  0.0 st
%Cpu(s): 67.5 us, 27.5 sy,  0.0 ni,  1.0 id,  0.0 wa,  0.0 hi,  4.0 si,  0.0 st
%Cpu(s): 71.5 us, 23.0 sy,  0.0 ni,  1.5 id,  0.0 wa,  0.0 hi,  4.0 si,  0.0 st
%Cpu(s): 68.3 us, 26.6 sy,  0.0 ni,  0.5 id,  0.0 wa,  0.0 hi,  4.5 si,  0.0 st
%Cpu(s): 70.6 us, 21.9 sy,  0.0 ni,  1.0 id,  0.0 wa,  0.0 hi,  6.5 si,  0.0 st
%Cpu(s): 71.3 us, 23.8 sy,  0.0 ni,  1.0 id,  0.0 wa,  0.0 hi,  4.0 si,  0.0 st
%Cpu(s): 68.0 us, 26.5 sy,  0.0 ni,  0.5 id,  0.0 wa,  0.0 hi,  5.0 si,  0.0 st
%Cpu(s): 62.9 us, 31.7 sy,  0.0 ni,  0.5 id,  0.0 wa,  0.0 hi,  5.0 si,  0.0 st
%Cpu(s): 66.0 us, 28.5 sy,  0.0 ni,  1.0 id,  0.0 wa,  0.0 hi,  4.5 si,  0.0 st
%Cpu(s): 65.7 us, 29.4 sy,  0.0 ni,  1.0 id,  0.0 wa,  0.0 hi,  4.0 si,  0.0 st
%Cpu(s): 72.0 us, 23.0 sy,  0.0 ni,  0.0 id,  0.0 wa,  0.0 hi,  5.0 si,  0.0 st
%Cpu(s): 66.0 us, 27.5 sy,  0.0 ni,  1.0 id,  0.0 wa,  0.0 hi,  5.5 si,  0.0 st
%Cpu(s): 68.3 us, 24.3 sy,  0.0 ni,  1.0 id,  0.0 wa,  0.0 hi,  6.4 si,  0.0 st
%Cpu(s): 65.5 us, 27.0 sy,  0.0 ni,  0.5 id,  0.0 wa,  0.0 hi,  7.0 si,  0.0 st
%Cpu(s): 71.4 us, 24.1 sy,  0.0 ni,  0.5 id,  0.0 wa,  0.0 hi,  4.0 si,  0.0 st
%Cpu(s): 67.7 us, 28.3 sy,  0.0 ni,  0.5 id,  0.0 wa,  0.0 hi,  3.5 si,  0.0 st
%Cpu(s): 64.0 us, 30.0 sy,  0.0 ni,  0.5 id,  0.0 wa,  0.0 hi,  5.5 si,  0.0 st
%Cpu(s): 66.0 us, 28.0 sy,  0.0 ni,  1.0 id,  0.0 wa,  0.0 hi,  5.0 si,  0.0 st
%Cpu(s): 62.2 us, 29.9 sy,  0.0 ni,  2.0 id,  0.0 wa,  0.0 hi,  6.0 si,  0.0 st
%Cpu(s): 67.8 us, 23.3 sy,  0.0 ni,  1.0 id,  0.0 wa,  0.0 hi,  7.9 si,  0.0 st
%Cpu(s): 64.3 us, 28.6 sy,  0.0 ni,  1.5 id,  0.0 wa,  0.0 hi,  5.5 si,  0.0 st
%Cpu(s): 64.5 us, 27.5 sy,  0.0 ni,  1.5 id,  0.0 wa,  0.0 hi,  6.5 si,  0.0 st
%Cpu(s): 68.0 us, 23.5 sy,  0.0 ni,  1.5 id,  0.0 wa,  0.0 hi,  7.0 si,  0.0 st
%Cpu(s): 65.7 us, 26.9 sy,  0.0 ni,  1.5 id,  0.0 wa,  0.0 hi,  6.0 si,  0.0 st
%Cpu(s): 64.7 us, 27.4 sy,  0.0 ni,  0.5 id,  0.0 wa,  0.0 hi,  7.0 si,  0.5 st
%Cpu(s): 63.3 us, 27.6 sy,  0.0 ni,  1.0 id,  0.0 wa,  0.0 hi,  8.0 si,  0.0 st
%Cpu(s): 64.2 us, 28.4 sy,  0.0 ni,  1.5 id,  0.0 wa,  0.0 hi,  6.0 si,  0.0 st
%Cpu(s): 60.7 us, 31.8 sy,  0.0 ni,  1.0 id,  0.0 wa,  0.0 hi,  6.5 si,  0.0 st
%Cpu(s): 62.8 us, 30.7 sy,  0.0 ni,  1.0 id,  0.0 wa,  0.0 hi,  5.5 si,  0.0 st
%Cpu(s): 63.4 us, 29.2 sy,  0.0 ni,  0.5 id,  0.0 wa,  0.0 hi,  6.9 si,  0.0 st
%Cpu(s): 66.3 us, 27.1 sy,  0.0 ni,  1.5 id,  0.0 wa,  0.0 hi,  5.0 si,  0.0 st
%Cpu(s): 63.4 us, 29.2 sy,  0.0 ni,  1.5 id,  0.0 wa,  0.0 hi,  5.9 si,  0.0 st
%Cpu(s): 65.2 us, 27.9 sy,  0.0 ni,  1.0 id,  0.0 wa,  0.0 hi,  6.0 si,  0.0 st
%Cpu(s): 72.1 us, 23.4 sy,  0.0 ni,  0.5 id,  0.0 wa,  0.0 hi,  4.0 si,  0.0 st
%Cpu(s): 74.9 us, 22.1 sy,  0.0 ni,  0.0 id,  0.0 wa,  0.0 hi,  3.0 si,  0.0 st
%Cpu(s): 74.5 us, 20.0 sy,  0.0 ni,  0.5 id,  0.0 wa,  0.0 hi,  5.0 si,  0.0 st
%Cpu(s): 68.7 us, 25.4 sy,  0.0 ni,  0.5 id,  0.0 wa,  0.0 hi,  5.5 si,  0.0 st
%Cpu(s): 71.1 us, 22.4 sy,  0.0 ni,  1.0 id,  0.0 wa,  0.0 hi,  5.5 si,  0.0 st
%Cpu(s): 29.3 us,  5.6 sy,  0.0 ni, 63.6 id,  0.0 wa,  0.0 hi,  1.5 si,  0.0 st
%Cpu(s):  4.0 us,  0.5 sy,  0.0 ni, 95.0 id,  0.0 wa,  0.0 hi,  0.5 si,  0.0 st
%Cpu(s):  8.0 us,  0.5 sy,  0.0 ni, 91.5 id,  0.0 wa,  0.0 hi,  0.0 si,  0.0 st
%Cpu(s):  5.5 us,  1.0 sy,  0.0 ni, 93.5 id,  0.0 wa,  0.0 hi,  0.0 si,  0.0 st
%Cpu(s):  9.9 us,  1.0 sy,  0.0 ni, 88.6 id,  0.0 wa,  0.0 hi,  0.5 si,  0.0 st
