%Cpu(s):  1.3 us,  0.5 sy,  0.0 ni, 98.0 id,  0.0 wa,  0.0 hi,  0.1 si,  0.0 st
%Cpu(s):  0.5 us,  0.0 sy,  0.0 ni, 99.5 id,  0.0 wa,  0.0 hi,  0.0 si,  0.0 st
%Cpu(s):  0.5 us,  0.0 sy,  0.0 ni, 99.5 id,  0.0 wa,  0.0 hi,  0.0 si,  0.0 st
%Cpu(s):  1.5 us,  0.0 sy,  0.0 ni, 98.5 id,  0.0 wa,  0.0 hi,  0.0 si,  0.0 st
%Cpu(s):  0.5 us,  0.5 sy,  0.0 ni, 98.0 id,  0.0 wa,  0.0 hi,  0.0 si,  1.0 st
%Cpu(s):  1.0 us,  0.5 sy,  0.0 ni, 98.5 id,  0.0 wa,  0.0 hi,  0.0 si,  0.0 st
%Cpu(s):  1.5 us,  1.0 sy,  0.0 ni, 97.5 id,  0.0 wa,  0.0 hi,  0.0 si,  0.0 st
%Cpu(s):  2.5 us,  0.0 sy,  0.0 ni, 97.5 id,  0.0 wa,  0.0 hi,  0.0 si,  0.0 st
%Cpu(s):  0.0 us,  1.0 sy,  0.0 ni, 99.0 id,  0.0 wa,  0.0 hi,  0.0 si,  0.0 st
%Cpu(s):  2.5 us,  0.0 sy,  0.0 ni, 97.0 id,  0.0 wa,  0.0 hi,  0.0 si,  0.5 st
%Cpu(s): 41.7 us,  3.0 sy,  0.0 ni, 55.3 id,  0.0 wa,  0.0 hi,  0.0 si,  0.0 st
%Cpu(s): 67.8 us,  5.9 sy,  0.0 ni, 24.3 id,  0.5 wa,  0.0 hi,  1.5 si,  0.0 st
%Cpu(s): 88.1 us, 10.0 sy,  0.0 ni,  0.5 id,  0.0 wa,  0.0 hi,  1.5 si,  0.0 st
%Cpu(s): 88.5 us, 10.0 sy,  0.0 ni,  0.0 id,  0.0 wa,  0.0 hi,  1.5 si,  0.0 st
%Cpu(s): 81.6 us, 14.4 sy,  0.0 ni,  1.0 id,  0.0 wa,  0.0 hi,  3.0 si,  0.0 st
%Cpu(s): 81.9 us, 14.1 sy,  0.0 ni,  0.5 id,  0.0 wa,  0.0 hi,  3.5 si,  0.0 st
%Cpu(s): 72.6 us, 20.9 sy,  0.0 ni,  1.5 id,  0.0 wa,  0.0 hi,  5.0 si,  0.0 st
%Cpu(s): 74.3 us, 20.8 sy,  0.0 ni,  1.0 id,  0.0 wa,  0.0 hi,  4.0 si,  0.0 st
%Cpu(s): 71.5 us, 24.0 sy,  0.0 ni,  2.5 id,  0.0 wa,  0.0 hi,  2.0 si,  0.0 st
%Cpu(s): 74.1 us, 20.4 sy,  0.0 ni,  1.0 id,  0.0 wa,  0.0 hi,  4.5 si,  0.0 st
%Cpu(s): 75.0 us, 19.5 sy,  0.0 ni,  1.5 id,  0.0 wa,  0.0 hi,  4.0 si,  0.0 st
%Cpu(s): 77.0 us, 17.5 sy,  0.0 ni,  1.0 id,  0.0 wa,  0.0 hi,  4.5 si,  0.0 st
%Cpu(s): 72.9 us, 20.1 sy,  0.0 ni,  1.0 id,  0.0 wa,  0.0 hi,  6.0 si,  0.0 st
%Cpu(s): 71.9 us, 22.6 sy,  0.0 ni,  0.5 id,  0.0 wa,  0.0 hi,  5.0 si,  0.0 st
%Cpu(s): 67.3 us, 26.2 sy,  0.0 ni,  2.0 id,  0.0 wa,  0.0 hi,  4.5 si,  0.0 st
%Cpu(s): 69.7 us, 24.7 sy,  0.0 ni,  0.5 id,  0.0 wa,  0.0 hi,  5.1 si,  0.0 st
%Cpu(s): 71.0 us, 20.5 sy,  0.0 ni,  1.0 id,  0.0 wa,  0.0 hi,  7.5 si,  0.0 st
%Cpu(s): 70.3 us, 21.8 sy,  0.0 ni,  2.5 id,  0.0 wa,  0.0 hi,  5.4 si,  0.0 st
%Cpu(s): 70.0 us, 23.5 sy,  0.0 ni,  0.5 id,  0.0 wa,  0.0 hi,  6.0 si,  0.0 st
%Cpu(s): 69.8 us, 24.3 sy,  0.0 ni,  1.0 id,  0.0 wa,  0.0 hi,  5.0 si,  0.0 st
%Cpu(s): 65.7 us, 28.9 sy,  0.0 ni,  1.0 id,  0.0 wa,  0.0 hi,  4.5 si,  0.0 st
%Cpu(s): 68.5 us, 26.0 sy,  0.0 ni,  0.5 id,  0.0 wa,  0.0 hi,  5.0 si,  0.0 st
%Cpu(s): 61.5 us, 32.0 sy,  0.0 ni,  1.0 id,  0.0 wa,  0.0 hi,  5.5 si,  0.0 st
%Cpu(s): 61.7 us, 31.8 sy,  0.0 ni,  0.5 id,  0.0 wa,  0.0 hi,  6.0 si,  0.0 st
%Cpu(s): 60.7 us, 32.8 sy,  0.0 ni,  0.5 id,  0.0 wa,  0.0 hi,  6.0 si,  0.0 st
%Cpu(s): 66.8 us, 26.1 sy,  0.0 ni,  1.0 id,  0.0 wa,  0.0 hi,  6.0 si,  0.0 st
%Cpu(s): 65.7 us, 27.9 sy,  0.0 ni,  0.5 id,  0.0 wa,  0.0 hi,  6.0 si,  0.0 st
%Cpu(s): 63.0 us, 28.0 sy,  0.0 ni,  1.5 id,  0.0 wa,  0.0 hi,  7.5 si,  0.0 st
%Cpu(s): 60.7 us, 32.3 sy,  0.0 ni,  1.0 id,  0.0 wa,  0.0 hi,  6.0 si,  0.0 st
%Cpu(s): 63.5 us, 27.5 sy,  0.0 ni,  1.0 id,  0.0 wa,  0.0 hi,  8.0 si,  0.0 st
%Cpu(s): 66.8 us, 25.2 sy,  0.0 ni,  1.5 id,  0.0 wa,  0.0 hi,  6.4 si,  0.0 st
%Cpu(s): 61.9 us, 28.7 sy,  0.0 ni,  0.5 id,  0.5 wa,  0.0 hi,  8.4 si,  0.0 st
%Cpu(s): 65.7 us, 28.9 sy,  0.0 ni,  0.0 id,  0.0 wa,  0.0 hi,  5.5 si,  0.0 st
%Cpu(s): 60.4 us, 31.7 sy,  0.0 ni,  1.0 id,  0.0 wa,  0.0 hi,  6.9 si,  0.0 st
%Cpu(s): 68.5 us, 26.0 sy,  0.0 ni,  0.5 id,  0.0 wa,  0.0 hi,  5.0 si,  0.0 st
%Cpu(s): 68.0 us, 24.0 sy,  0.0 ni,  1.0 id,  0.0 wa,  0.0 hi,  7.0 si,  0.0 st
%Cpu(s): 63.0 us, 29.5 sy,  0.0 ni,  1.0 id,  0.0 wa,  0.0 hi,  6.5 si,  0.0 st
%Cpu(s): 69.5 us, 25.0 sy,  0.0 ni,  0.0 id,  0.0 wa,  0.0 hi,  5.5 si,  0.0 st
%Cpu(s): 74.1 us, 21.4 sy,  0.0 ni,  0.5 id,  0.0 wa,  0.0 hi,  4.0 si,  0.0 st
%Cpu(s): 68.3 us, 26.2 sy,  0.0 ni,  1.0 id,  0.0 wa,  0.0 hi,  4.5 si,  0.0 st
%Cpu(s): 69.3 us, 23.6 sy,  0.0 ni,  1.0 id,  0.0 wa,  0.0 hi,  6.0 si,  0.0 st
%Cpu(s): 65.2 us, 28.4 sy,  0.0 ni,  1.0 id,  0.0 wa,  0.0 hi,  5.5 si,  0.0 st
%Cpu(s): 65.7 us, 29.4 sy,  0.0 ni,  1.5 id,  0.0 wa,  0.0 hi,  3.5 si,  0.0 st
%Cpu(s): 67.8 us, 25.1 sy,  0.0 ni,  1.0 id,  0.0 wa,  0.0 hi,  6.0 si,  0.0 st
%Cpu(s): 65.5 us, 28.5 sy,  0.0 ni,  1.0 id,  0.0 wa,  0.0 hi,  5.0 si,  0.0 st
%Cpu(s): 62.2 us, 30.3 sy,  0.0 ni,  0.5 id,  0.0 wa,  0.0 hi,  7.0 si,  0.0 st
%Cpu(s): 66.8 us, 26.7 sy,  0.0 ni,  1.0 id,  0.0 wa,  0.0 hi,  5.4 si,  0.0 st
%Cpu(s): 63.9 us, 26.2 sy,  0.0 ni,  1.5 id,  0.0 wa,  0.0 hi,  8.4 si,  0.0 st
%Cpu(s): 67.3 us, 26.1 sy,  0.0 ni,  0.5 id,  0.0 wa,  0.0 hi,  6.0 si,  0.0 st
%Cpu(s): 67.2 us, 24.4 sy,  0.0 ni,  1.0 id,  0.0 wa,  0.0 hi,  7.5 si,  0.0 st
%Cpu(s): 68.0 us, 25.0 sy,  0.0 ni,  1.0 id,  0.0 wa,  0.0 hi,  6.0 si,  0.0 st
%Cpu(s): 70.4 us, 23.6 sy,  0.0 ni,  0.5 id,  0.0 wa,  0.0 hi,  5.5 si,  0.0 st
%Cpu(s): 63.9 us, 26.7 sy,  0.0 ni,  1.0 id,  0.0 wa,  0.0 hi,  8.4 si,  0.0 st
%Cpu(s): 61.6 us, 29.6 sy,  0.0 ni,  1.0 id,  0.0 wa,  0.0 hi,  7.9 si,  0.0 st
%Cpu(s): 57.7 us, 34.8 sy,  0.0 ni,  1.5 id,  0.0 wa,  0.0 hi,  6.0 si,  0.0 st
%Cpu(s): 59.3 us, 33.2 sy,  0.0 ni,  0.5 id,  0.0 wa,  0.0 hi,  7.0 si,  0.0 st
%Cpu(s): 59.2 us, 33.8 sy,  0.0 ni,  1.0 id,  0.0 wa,  0.0 hi,  5.5 si,  0.5 st
%Cpu(s): 48.7 us, 13.1 sy,  0.0 ni, 35.2 id,  0.0 wa,  0.0 hi,  3.0 si,  0.0 st
%Cpu(s):  2.5 us,  1.0 sy,  0.0 ni, 96.5 id,  0.0 wa,  0.0 hi,  0.0 si,  0.0 st
%Cpu(s):  2.0 us,  1.5 sy,  0.0 ni, 96.0 id,  0.0 wa,  0.0 hi,  0.5 si,  0.0 st
%Cpu(s):  2.9 us,  1.5 sy,  0.0 ni, 95.6 id,  0.0 wa,  0.0 hi,  0.0 si,  0.0 st
%Cpu(s):  3.5 us,  2.0 sy,  0.0 ni, 94.6 id,  0.0 wa,  0.0 hi,  0.0 si,  0.0 st
