%Cpu(s):  0.9 us,  0.3 sy,  0.0 ni, 98.7 id,  0.0 wa,  0.0 hi,  0.1 si,  0.0 st
%Cpu(s):  1.5 us,  0.0 sy,  0.0 ni, 98.5 id,  0.0 wa,  0.0 hi,  0.0 si,  0.0 st
%Cpu(s):  0.5 us,  0.5 sy,  0.0 ni, 99.0 id,  0.0 wa,  0.0 hi,  0.0 si,  0.0 st
%Cpu(s):  3.0 us,  0.0 sy,  0.0 ni, 96.6 id,  0.0 wa,  0.0 hi,  0.0 si,  0.5 st
%Cpu(s):  1.5 us,  0.5 sy,  0.0 ni, 98.0 id,  0.0 wa,  0.0 hi,  0.0 si,  0.0 st
%Cpu(s):  1.0 us,  0.5 sy,  0.0 ni, 98.5 id,  0.0 wa,  0.0 hi,  0.0 si,  0.0 st
%Cpu(s):  0.5 us,  0.0 sy,  0.0 ni, 99.5 id,  0.0 wa,  0.0 hi,  0.0 si,  0.0 st
%Cpu(s):  0.5 us,  0.5 sy,  0.0 ni, 99.0 id,  0.0 wa,  0.0 hi,  0.0 si,  0.0 st
%Cpu(s):  0.5 us,  0.5 sy,  0.0 ni, 99.0 id,  0.0 wa,  0.0 hi,  0.0 si,  0.0 st
%Cpu(s):  4.0 us,  0.5 sy,  0.0 ni, 95.5 id,  0.0 wa,  0.0 hi,  0.0 si,  0.0 st
%Cpu(s): 31.8 us,  2.5 sy,  0.0 ni, 65.2 id,  0.0 wa,  0.0 hi,  0.5 si,  0.0 st
%Cpu(s): 55.7 us,  3.4 sy,  0.0 ni, 40.9 id,  0.0 wa,  0.0 hi,  0.0 si,  0.0 st
%Cpu(s): 82.9 us, 13.1 sy,  0.0 ni,  1.5 id,  0.0 wa,  0.0 hi,  2.5 si,  0.0 st
%Cpu(s): 83.4 us, 13.6 sy,  0.0 ni,  0.5 id,  0.0 wa,  0.0 hi,  2.5 si,  0.0 st
%Cpu(s): 78.8 us, 18.2 sy,  0.0 ni,  1.0 id,  0.0 wa,  0.0 hi,  2.0 si,  0.0 st
%Cpu(s): 75.0 us, 20.5 sy,  0.0 ni,  1.0 id,  0.0 wa,  0.0 hi,  3.5 si,  0.0 st
%Cpu(s): 75.1 us, 20.3 sy,  0.0 ni,  1.5 id,  0.0 wa,  0.0 hi,  3.0 si,  0.0 st
%Cpu(s): 75.1 us, 18.3 sy,  0.0 ni,  1.5 id,  0.0 wa,  0.0 hi,  5.1 si,  0.0 st
%Cpu(s): 76.0 us, 19.0 sy,  0.0 ni,  2.0 id,  0.0 wa,  0.0 hi,  3.0 si,  0.0 st
%Cpu(s): 72.4 us, 20.6 sy,  0.0 ni,  1.0 id,  0.0 wa,  0.0 hi,  6.0 si,  0.0 st
%Cpu(s): 77.1 us, 16.9 sy,  0.0 ni,  1.0 id,  0.0 wa,  0.0 hi,  5.0 si,  0.0 st
%Cpu(s): 73.9 us, 19.6 sy,  0.0 ni,  2.0 id,  0.0 wa,  0.0 hi,  4.5 si,  0.0 st
%Cpu(s): 72.1 us, 21.9 sy,  0.0 ni,  1.0 id,  0.0 wa,  0.0 hi,  5.0 si,  0.0 st
%Cpu(s): 71.5 us, 21.0 sy,  0.0 ni,  3.0 id,  0.0 wa,  0.0 hi,  4.5 si,  0.0 st
%Cpu(s): 69.3 us, 22.1 sy,  0.0 ni,  3.0 id,  0.0 wa,  0.0 hi,  5.5 si,  0.0 st
%Cpu(s): 69.0 us, 22.0 sy,  0.0 ni,  3.0 id,  0.0 wa,  0.0 hi,  6.0 si,  0.0 st
%Cpu(s): 64.0 us, 25.0 sy,  0.0 ni,  4.0 id,  0.0 wa,  0.0 hi,  7.0 si,  0.0 st
%Cpu(s): 67.8 us, 25.2 sy,  0.0 ni,  2.5 id,  0.0 wa,  0.0 hi,  4.5 si,  0.0 st
%Cpu(s): 70.1 us, 20.4 sy,  0.0 ni,  3.0 id,  0.0 wa,  0.0 hi,  6.5 si,  0.0 st
%Cpu(s): 63.7 us, 28.9 sy,  0.0 ni,  2.5 id,  0.0 wa,  0.0 hi,  5.0 si,  0.0 st
%Cpu(s): 64.0 us, 28.5 sy,  0.0 ni,  3.0 id,  0.0 wa,  0.0 hi,  4.5 si,  0.0 st
%Cpu(s): 67.7 us, 24.9 sy,  0.0 ni,  3.0 id,  0.0 wa,  0.0 hi,  4.5 si,  0.0 st
%Cpu(s): 61.3 us, 31.7 sy,  0.0 ni,  3.0 id,  0.0 wa,  0.0 hi,  4.0 si,  0.0 st
%Cpu(s): 61.9 us, 28.2 sy,  0.0 ni,  5.0 id,  0.0 wa,  0.0 hi,  5.0 si,  0.0 st
%Cpu(s): 64.8 us, 23.1 sy,  0.0 ni,  6.0 id,  0.0 wa,  0.0 hi,  6.0 si,  0.0 st
%Cpu(s): 63.7 us, 27.9 sy,  0.0 ni,  4.5 id,  0.0 wa,  0.0 hi,  4.0 si,  0.0 st
%Cpu(s): 67.2 us, 24.5 sy,  0.0 ni,  2.9 id,  0.0 wa,  0.0 hi,  5.4 si,  0.0 st
%Cpu(s): 63.4 us, 25.7 sy,  0.0 ni,  7.4 id,  0.0 wa,  0.0 hi,  3.5 si,  0.0 st
%Cpu(s): 62.9 us, 28.2 sy,  0.0 ni,  4.5 id,  0.0 wa,  0.0 hi,  4.5 si,  0.0 st
%Cpu(s): 60.3 us, 29.1 sy,  0.0 ni,  5.5 id,  0.0 wa,  0.0 hi,  5.0 si,  0.0 st
%Cpu(s): 63.5 us, 22.6 sy,  0.0 ni,  7.7 id,  0.0 wa,  0.0 hi,  6.2 si,  0.0 st
%Cpu(s): 68.8 us, 22.6 sy,  0.0 ni,  3.0 id,  0.0 wa,  0.0 hi,  5.5 si,  0.0 st
%Cpu(s): 69.3 us, 22.3 sy,  0.0 ni,  3.5 id,  0.0 wa,  0.0 hi,  5.0 si,  0.0 st
%Cpu(s): 66.2 us, 24.2 sy,  0.0 ni,  2.5 id,  0.0 wa,  0.0 hi,  7.1 si,  0.0 st
%Cpu(s): 66.0 us, 23.5 sy,  0.0 ni,  4.5 id,  0.0 wa,  0.0 hi,  6.0 si,  0.0 st
%Cpu(s): 61.3 us, 26.1 sy,  0.0 ni,  7.0 id,  0.0 wa,  0.0 hi,  5.5 si,  0.0 st
%Cpu(s): 69.0 us, 22.5 sy,  0.0 ni,  3.5 id,  0.0 wa,  0.0 hi,  5.0 si,  0.0 st
%Cpu(s): 65.8 us, 21.9 sy,  0.0 ni,  6.1 id,  0.0 wa,  0.0 hi,  6.1 si,  0.0 st
%Cpu(s): 63.2 us, 24.5 sy,  0.0 ni,  5.4 id,  0.0 wa,  0.0 hi,  6.9 si,  0.0 st
%Cpu(s): 65.7 us, 26.3 sy,  0.0 ni,  3.5 id,  0.0 wa,  0.0 hi,  4.5 si,  0.0 st
%Cpu(s): 65.8 us, 19.6 sy,  0.0 ni, 10.6 id,  0.0 wa,  0.0 hi,  4.0 si,  0.0 st
%Cpu(s): 41.8 us, 20.9 sy,  0.0 ni, 31.8 id,  0.0 wa,  0.0 hi,  5.5 si,  0.0 st
%Cpu(s): 51.7 us, 18.4 sy,  0.0 ni, 25.9 id,  0.0 wa,  0.0 hi,  4.0 si,  0.0 st
%Cpu(s): 36.2 us, 18.9 sy,  0.0 ni, 39.8 id,  0.0 wa,  0.0 hi,  5.1 si,  0.0 st
%Cpu(s): 36.0 us, 21.5 sy,  0.0 ni, 38.0 id,  0.0 wa,  0.0 hi,  4.5 si,  0.0 st
%Cpu(s): 36.0 us, 22.8 sy,  0.0 ni, 37.1 id,  0.0 wa,  0.0 hi,  4.1 si,  0.0 st
%Cpu(s): 34.0 us, 18.0 sy,  0.0 ni, 43.0 id,  0.5 wa,  0.0 hi,  4.5 si,  0.0 st
%Cpu(s): 34.5 us, 15.5 sy,  0.0 ni, 44.0 id,  0.0 wa,  0.0 hi,  6.0 si,  0.0 st
%Cpu(s): 33.5 us, 21.5 sy,  0.0 ni, 38.5 id,  0.0 wa,  0.0 hi,  6.5 si,  0.0 st
%Cpu(s): 37.7 us, 17.2 sy,  0.0 ni, 41.7 id,  0.0 wa,  0.0 hi,  3.4 si,  0.0 st
%Cpu(s): 39.5 us, 22.4 sy,  0.0 ni, 33.3 id,  0.0 wa,  0.0 hi,  4.8 si,  0.0 st
%Cpu(s): 45.1 us, 26.0 sy,  0.0 ni, 25.0 id,  0.0 wa,  0.0 hi,  3.9 si,  0.0 st
%Cpu(s): 48.8 us, 23.4 sy,  0.0 ni, 22.0 id,  0.0 wa,  0.0 hi,  5.9 si,  0.0 st
%Cpu(s): 48.7 us, 23.8 sy,  0.0 ni, 22.8 id,  0.0 wa,  0.0 hi,  4.7 si,  0.0 st
%Cpu(s): 33.8 us, 27.8 sy,  0.0 ni, 32.8 id,  0.0 wa,  0.0 hi,  5.6 si,  0.0 st
%Cpu(s): 37.7 us, 20.8 sy,  0.0 ni, 37.7 id,  0.0 wa,  0.0 hi,  3.9 si,  0.0 st
%Cpu(s): 34.7 us, 17.6 sy,  0.0 ni, 43.0 id,  0.0 wa,  0.0 hi,  4.7 si,  0.0 st
%Cpu(s):  6.5 us,  2.0 sy,  0.0 ni, 91.5 id,  0.0 wa,  0.0 hi,  0.0 si,  0.0 st
%Cpu(s):  0.0 us,  0.5 sy,  0.0 ni, 99.5 id,  0.0 wa,  0.0 hi,  0.0 si,  0.0 st
%Cpu(s):  1.5 us,  0.5 sy,  0.0 ni, 98.0 id,  0.0 wa,  0.0 hi,  0.0 si,  0.0 st
%Cpu(s):  0.5 us,  0.0 sy,  0.0 ni, 99.5 id,  0.0 wa,  0.0 hi,  0.0 si,  0.0 st
%Cpu(s):  2.0 us,  0.5 sy,  0.0 ni, 97.5 id,  0.0 wa,  0.0 hi,  0.0 si,  0.0 st
