%Cpu(s):  1.0 us,  0.3 sy,  0.0 ni, 98.6 id,  0.0 wa,  0.0 hi,  0.1 si,  0.0 st
%Cpu(s):  0.0 us,  1.0 sy,  0.0 ni, 99.0 id,  0.0 wa,  0.0 hi,  0.0 si,  0.0 st
%Cpu(s):  2.0 us,  0.0 sy,  0.0 ni, 98.0 id,  0.0 wa,  0.0 hi,  0.0 si,  0.0 st
%Cpu(s):  0.5 us,  0.5 sy,  0.0 ni, 99.0 id,  0.0 wa,  0.0 hi,  0.0 si,  0.0 st
%Cpu(s):  1.5 us,  0.0 sy,  0.0 ni, 98.5 id,  0.0 wa,  0.0 hi,  0.0 si,  0.0 st
%Cpu(s):  0.5 us,  0.5 sy,  0.0 ni, 99.0 id,  0.0 wa,  0.0 hi,  0.0 si,  0.0 st
%Cpu(s):  0.5 us,  0.5 sy,  0.0 ni, 99.0 id,  0.0 wa,  0.0 hi,  0.0 si,  0.0 st
%Cpu(s):  2.0 us,  0.5 sy,  0.0 ni, 97.0 id,  0.5 wa,  0.0 hi,  0.0 si,  0.0 st
%Cpu(s):  1.5 us,  0.0 sy,  0.0 ni, 98.5 id,  0.0 wa,  0.0 hi,  0.0 si,  0.0 st
%Cpu(s): 14.5 us,  1.0 sy,  0.0 ni, 84.5 id,  0.0 wa,  0.0 hi,  0.0 si,  0.0 st
%Cpu(s): 55.5 us,  1.0 sy,  0.0 ni, 43.0 id,  0.0 wa,  0.0 hi,  0.5 si,  0.0 st
%Cpu(s): 45.5 us,  3.5 sy,  0.0 ni, 50.0 id,  0.0 wa,  0.0 hi,  1.0 si,  0.0 st
%Cpu(s): 88.5 us,  8.5 sy,  0.0 ni,  1.0 id,  0.0 wa,  0.0 hi,  2.0 si,  0.0 st
%Cpu(s): 80.5 us, 14.5 sy,  0.0 ni,  1.0 id,  0.0 wa,  0.0 hi,  4.0 si,  0.0 st
%Cpu(s): 78.3 us, 16.7 sy,  0.0 ni,  1.5 id,  0.0 wa,  0.0 hi,  3.5 si,  0.0 st
%Cpu(s): 74.2 us, 16.2 sy,  0.0 ni,  6.1 id,  0.0 wa,  0.0 hi,  3.5 si,  0.0 st
%Cpu(s): 79.7 us, 14.7 sy,  0.0 ni,  3.0 id,  0.0 wa,  0.0 hi,  2.5 si,  0.0 st
%Cpu(s): 79.1 us, 14.8 sy,  0.0 ni,  2.6 id,  0.0 wa,  0.0 hi,  3.6 si,  0.0 st
%Cpu(s): 75.2 us, 16.8 sy,  0.0 ni,  5.4 id,  0.0 wa,  0.0 hi,  2.5 si,  0.0 st
%Cpu(s): 75.3 us, 18.2 sy,  0.0 ni,  3.0 id,  0.0 wa,  0.0 hi,  3.5 si,  0.0 st
%Cpu(s): 74.6 us, 16.4 sy,  0.0 ni,  5.5 id,  0.0 wa,  0.0 hi,  3.5 si,  0.0 st
%Cpu(s): 73.0 us, 16.3 sy,  0.0 ni,  7.1 id,  0.0 wa,  0.0 hi,  3.6 si,  0.0 st
%Cpu(s): 68.5 us, 19.0 sy,  0.0 ni,  9.0 id,  0.0 wa,  0.0 hi,  3.0 si,  0.5 st
%Cpu(s): 62.4 us, 17.3 sy,  0.0 ni, 17.3 id,  0.0 wa,  0.0 hi,  3.0 si,  0.0 st
%Cpu(s): 66.8 us, 17.3 sy,  0.0 ni, 12.4 id,  0.0 wa,  0.0 hi,  3.5 si,  0.0 st
%Cpu(s): 69.5 us, 17.3 sy,  0.0 ni,  8.6 id,  0.0 wa,  0.0 hi,  4.6 si,  0.0 st
%Cpu(s): 72.4 us, 14.8 sy,  0.0 ni,  9.7 id,  0.0 wa,  0.0 hi,  3.1 si,  0.0 st
%Cpu(s): 74.5 us, 16.2 sy,  0.0 ni,  7.4 id,  0.0 wa,  0.0 hi,  2.0 si,  0.0 st
%Cpu(s): 74.9 us, 17.1 sy,  0.0 ni,  6.5 id,  0.0 wa,  0.0 hi,  1.5 si,  0.0 st
%Cpu(s): 72.4 us, 14.8 sy,  0.0 ni,  8.9 id,  0.0 wa,  0.0 hi,  3.9 si,  0.0 st
%Cpu(s): 59.6 us, 14.3 sy,  0.0 ni, 21.2 id,  0.0 wa,  0.0 hi,  4.9 si,  0.0 st
%Cpu(s): 68.8 us, 16.1 sy,  0.0 ni, 12.6 id,  0.0 wa,  0.0 hi,  2.5 si,  0.0 st
%Cpu(s): 70.2 us, 16.7 sy,  0.0 ni,  8.1 id,  0.0 wa,  0.0 hi,  5.1 si,  0.0 st
%Cpu(s): 68.2 us, 16.9 sy,  0.0 ni, 11.8 id,  0.0 wa,  0.0 hi,  3.1 si,  0.0 st
%Cpu(s): 50.5 us, 18.0 sy,  0.0 ni, 27.3 id,  0.0 wa,  0.0 hi,  4.1 si,  0.0 st
%Cpu(s): 32.8 us, 22.2 sy,  0.0 ni, 41.4 id,  0.0 wa,  0.0 hi,  3.5 si,  0.0 st
%Cpu(s): 30.7 us, 15.1 sy,  0.0 ni, 47.7 id,  0.0 wa,  0.0 hi,  6.5 si,  0.0 st
%Cpu(s): 32.4 us, 19.1 sy,  0.0 ni, 45.1 id,  0.0 wa,  0.0 hi,  3.4 si,  0.0 st
%Cpu(s): 49.2 us, 20.8 sy,  0.0 ni, 25.9 id,  0.0 wa,  0.0 hi,  4.1 si,  0.0 st
%Cpu(s): 41.8 us, 17.9 sy,  0.0 ni, 36.2 id,  0.0 wa,  0.0 hi,  4.1 si,  0.0 st
%Cpu(s): 31.8 us, 24.0 sy,  0.0 ni, 41.1 id,  0.0 wa,  0.0 hi,  3.1 si,  0.0 st
%Cpu(s): 42.3 us, 17.0 sy,  0.0 ni, 36.6 id,  0.0 wa,  0.0 hi,  4.1 si,  0.0 st
%Cpu(s): 43.6 us, 18.6 sy,  0.0 ni, 33.8 id,  0.0 wa,  0.0 hi,  3.9 si,  0.0 st
%Cpu(s): 47.0 us, 16.5 sy,  0.0 ni, 31.0 id,  0.0 wa,  0.0 hi,  5.5 si,  0.0 st
%Cpu(s): 25.5 us, 16.7 sy,  0.0 ni, 54.2 id,  0.0 wa,  0.0 hi,  3.6 si,  0.0 st
%Cpu(s): 27.6 us, 15.6 sy,  0.0 ni, 53.3 id,  0.0 wa,  0.0 hi,  3.5 si,  0.0 st
%Cpu(s): 24.0 us, 17.2 sy,  0.0 ni, 55.2 id,  0.0 wa,  0.0 hi,  3.6 si,  0.0 st
%Cpu(s): 25.3 us, 18.7 sy,  0.0 ni, 53.0 id,  0.0 wa,  0.0 hi,  3.0 si,  0.0 st
%Cpu(s): 26.4 us, 15.9 sy,  0.0 ni, 52.7 id,  0.0 wa,  0.0 hi,  5.0 si,  0.0 st
%Cpu(s): 26.0 us, 13.8 sy,  0.0 ni, 56.6 id,  0.0 wa,  0.0 hi,  3.6 si,  0.0 st
%Cpu(s): 20.5 us, 16.4 sy,  0.0 ni, 61.0 id,  0.0 wa,  0.0 hi,  2.1 si,  0.0 st
%Cpu(s): 26.9 us, 14.2 sy,  0.0 ni, 55.8 id,  0.0 wa,  0.0 hi,  3.0 si,  0.0 st
%Cpu(s): 25.9 us, 15.2 sy,  0.0 ni, 56.9 id,  0.0 wa,  0.0 hi,  2.0 si,  0.0 st
%Cpu(s): 25.8 us, 14.6 sy,  0.0 ni, 56.1 id,  0.0 wa,  0.0 hi,  3.5 si,  0.0 st
%Cpu(s): 24.0 us, 14.8 sy,  0.0 ni, 57.1 id,  0.0 wa,  0.0 hi,  4.1 si,  0.0 st
%Cpu(s): 26.5 us, 13.8 sy,  0.0 ni, 57.7 id,  0.0 wa,  0.0 hi,  2.0 si,  0.0 st
%Cpu(s): 27.2 us, 13.9 sy,  0.0 ni, 55.9 id,  0.0 wa,  0.0 hi,  3.0 si,  0.0 st
%Cpu(s): 24.2 us, 15.2 sy,  0.0 ni, 57.1 id,  0.0 wa,  0.0 hi,  3.5 si,  0.0 st
%Cpu(s): 24.9 us, 17.9 sy,  0.0 ni, 55.2 id,  0.0 wa,  0.0 hi,  2.0 si,  0.0 st
%Cpu(s): 24.1 us, 13.6 sy,  0.0 ni, 58.8 id,  0.0 wa,  0.0 hi,  3.5 si,  0.0 st
%Cpu(s): 22.0 us, 16.5 sy,  0.0 ni, 57.5 id,  0.0 wa,  0.0 hi,  4.0 si,  0.0 st
%Cpu(s): 22.7 us, 15.5 sy,  0.0 ni, 58.8 id,  0.0 wa,  0.0 hi,  3.1 si,  0.0 st
%Cpu(s): 23.0 us, 13.1 sy,  0.0 ni, 59.7 id,  0.0 wa,  0.0 hi,  4.2 si,  0.0 st
%Cpu(s): 23.0 us, 15.7 sy,  0.0 ni, 58.6 id,  0.0 wa,  0.0 hi,  2.6 si,  0.0 st
%Cpu(s): 23.7 us, 14.9 sy,  0.0 ni, 56.7 id,  0.0 wa,  0.0 hi,  4.6 si,  0.0 st
%Cpu(s): 24.4 us, 16.8 sy,  0.0 ni, 54.8 id,  0.0 wa,  0.0 hi,  3.6 si,  0.5 st
%Cpu(s): 28.2 us, 11.8 sy,  0.0 ni, 56.4 id,  0.0 wa,  0.0 hi,  3.6 si,  0.0 st
%Cpu(s):  3.0 us,  1.0 sy,  0.0 ni, 96.1 id,  0.0 wa,  0.0 hi,  0.0 si,  0.0 st
%Cpu(s):  0.0 us,  1.0 sy,  0.0 ni, 99.0 id,  0.0 wa,  0.0 hi,  0.0 si,  0.0 st
%Cpu(s):  0.5 us,  0.0 sy,  0.0 ni, 99.5 id,  0.0 wa,  0.0 hi,  0.0 si,  0.0 st
%Cpu(s):  0.0 us,  1.0 sy,  0.0 ni, 99.0 id,  0.0 wa,  0.0 hi,  0.0 si,  0.0 st
%Cpu(s):  1.5 us,  1.0 sy,  0.0 ni, 97.0 id,  0.0 wa,  0.0 hi,  0.0 si,  0.5 st
