%Cpu(s):  1.5 us,  0.7 sy,  0.0 ni, 97.7 id,  0.0 wa,  0.0 hi,  0.1 si,  0.0 st
%Cpu(s):  0.5 us,  0.0 sy,  0.0 ni, 99.5 id,  0.0 wa,  0.0 hi,  0.0 si,  0.0 st
%Cpu(s):  0.0 us,  0.0 sy,  0.0 ni,100.0 id,  0.0 wa,  0.0 hi,  0.0 si,  0.0 st
%Cpu(s):  0.0 us,  0.0 sy,  0.0 ni, 99.5 id,  0.0 wa,  0.0 hi,  0.0 si,  0.5 st
%Cpu(s):  0.5 us,  0.5 sy,  0.0 ni, 99.0 id,  0.0 wa,  0.0 hi,  0.0 si,  0.0 st
%Cpu(s):  0.5 us,  0.0 sy,  0.0 ni, 99.5 id,  0.0 wa,  0.0 hi,  0.0 si,  0.0 st
%Cpu(s):  0.5 us,  0.5 sy,  0.0 ni, 99.0 id,  0.0 wa,  0.0 hi,  0.0 si,  0.0 st
%Cpu(s):  0.0 us,  0.0 sy,  0.0 ni,100.0 id,  0.0 wa,  0.0 hi,  0.0 si,  0.0 st
%Cpu(s):  0.0 us,  0.5 sy,  0.0 ni, 99.5 id,  0.0 wa,  0.0 hi,  0.0 si,  0.0 st
%Cpu(s):  0.5 us,  0.0 sy,  0.0 ni, 99.5 id,  0.0 wa,  0.0 hi,  0.0 si,  0.0 st
%Cpu(s): 30.3 us,  2.5 sy,  0.0 ni, 66.7 id,  0.0 wa,  0.0 hi,  0.5 si,  0.0 st
%Cpu(s): 88.0 us,  8.0 sy,  0.0 ni,  2.0 id,  0.0 wa,  0.0 hi,  2.0 si,  0.0 st
%Cpu(s): 82.6 us, 14.9 sy,  0.0 ni,  0.0 id,  0.0 wa,  0.0 hi,  2.5 si,  0.0 st
%Cpu(s): 75.4 us, 20.1 sy,  0.0 ni,  1.0 id,  0.0 wa,  0.0 hi,  3.5 si,  0.0 st
%Cpu(s): 75.5 us, 20.0 sy,  0.0 ni,  1.0 id,  0.0 wa,  0.0 hi,  3.5 si,  0.0 st
%Cpu(s): 81.4 us, 16.6 sy,  0.0 ni,  0.5 id,  0.0 wa,  0.0 hi,  1.5 si,  0.0 st
%Cpu(s): 71.0 us, 23.0 sy,  0.0 ni,  1.5 id,  0.0 wa,  0.0 hi,  4.5 si,  0.0 st
%Cpu(s): 75.5 us, 20.0 sy,  0.0 ni,  1.0 id,  0.0 wa,  0.0 hi,  3.5 si,  0.0 st
%Cpu(s): 73.9 us, 21.6 sy,  0.0 ni,  1.0 id,  0.0 wa,  0.0 hi,  3.5 si,  0.0 st
%Cpu(s): 66.8 us, 25.7 sy,  0.0 ni,  2.0 id,  0.0 wa,  0.0 hi,  5.4 si,  0.0 st
%Cpu(s): 66.0 us, 28.0 sy,  0.0 ni,  1.0 id,  0.0 wa,  0.0 hi,  5.0 si,  0.0 st
%Cpu(s): 70.9 us, 23.1 sy,  0.0 ni,  1.0 id,  0.0 wa,  0.0 hi,  5.0 si,  0.0 st
%Cpu(s): 66.7 us, 26.9 sy,  0.0 ni,  0.0 id,  0.0 wa,  0.0 hi,  6.5 si,  0.0 st
%Cpu(s): 69.3 us, 24.8 sy,  0.0 ni,  2.0 id,  0.0 wa,  0.0 hi,  4.0 si,  0.0 st
%Cpu(s): 65.0 us, 30.0 sy,  0.0 ni,  0.5 id,  0.0 wa,  0.0 hi,  4.5 si,  0.0 st
%Cpu(s): 56.5 us, 37.0 sy,  0.0 ni,  0.5 id,  0.0 wa,  0.0 hi,  6.0 si,  0.0 st
%Cpu(s): 60.4 us, 31.7 sy,  0.0 ni,  1.0 id,  0.0 wa,  0.0 hi,  6.9 si,  0.0 st
%Cpu(s): 60.2 us, 32.3 sy,  0.0 ni,  1.0 id,  0.5 wa,  0.0 hi,  6.0 si,  0.0 st
%Cpu(s): 71.4 us, 25.1 sy,  0.0 ni,  0.0 id,  0.0 wa,  0.0 hi,  3.5 si,  0.0 st
%Cpu(s): 59.7 us, 33.3 sy,  0.0 ni,  1.0 id,  0.0 wa,  0.0 hi,  6.0 si,  0.0 st
%Cpu(s): 63.5 us, 28.5 sy,  0.0 ni,  1.0 id,  0.0 wa,  0.0 hi,  7.0 si,  0.0 st
%Cpu(s): 62.4 us, 31.7 sy,  0.0 ni,  1.0 id,  0.0 wa,  0.0 hi,  5.0 si,  0.0 st
%Cpu(s): 58.8 us, 33.2 sy,  0.0 ni,  1.0 id,  0.0 wa,  0.0 hi,  7.0 si,  0.0 st
%Cpu(s): 64.5 us, 30.5 sy,  0.0 ni,  0.5 id,  0.0 wa,  0.0 hi,  4.5 si,  0.0 st
%Cpu(s): 57.2 us, 35.8 sy,  0.0 ni,  1.5 id,  0.0 wa,  0.0 hi,  5.5 si,  0.0 st
%Cpu(s): 59.5 us, 35.0 sy,  0.0 ni,  1.0 id,  0.0 wa,  0.0 hi,  4.5 si,  0.0 st
%Cpu(s): 60.7 us, 32.3 sy,  0.0 ni,  1.0 id,  0.0 wa,  0.0 hi,  6.0 si,  0.0 st
%Cpu(s): 61.0 us, 31.5 sy,  0.0 ni,  3.0 id,  0.0 wa,  0.0 hi,  4.5 si,  0.0 st
%Cpu(s): 65.2 us, 28.3 sy,  0.0 ni,  1.0 id,  0.0 wa,  0.0 hi,  5.6 si,  0.0 st
%Cpu(s): 58.2 us, 34.3 sy,  0.0 ni,  1.5 id,  0.0 wa,  0.0 hi,  6.0 si,  0.0 st
%Cpu(s): 54.7 us, 38.3 sy,  0.0 ni,  2.0 id,  0.0 wa,  0.0 hi,  5.0 si,  0.0 st
%Cpu(s): 56.6 us, 35.9 sy,  0.0 ni,  2.5 id,  0.0 wa,  0.0 hi,  5.1 si,  0.0 st
%Cpu(s): 62.0 us, 29.5 sy,  0.0 ni,  2.0 id,  0.0 wa,  0.0 hi,  6.5 si,  0.0 st
%Cpu(s): 55.0 us, 35.5 sy,  0.0 ni,  2.5 id,  0.0 wa,  0.0 hi,  7.0 si,  0.0 st
%Cpu(s): 64.5 us, 27.5 sy,  0.0 ni,  3.5 id,  0.0 wa,  0.0 hi,  4.5 si,  0.0 st
%Cpu(s): 56.4 us, 34.7 sy,  0.0 ni,  3.0 id,  0.0 wa,  0.0 hi,  5.9 si,  0.0 st
%Cpu(s): 53.2 us, 36.8 sy,  0.0 ni,  1.5 id,  0.0 wa,  0.0 hi,  8.5 si,  0.0 st
%Cpu(s): 54.0 us, 39.5 sy,  0.0 ni,  1.5 id,  0.5 wa,  0.0 hi,  4.5 si,  0.0 st
%Cpu(s): 63.3 us, 28.1 sy,  0.0 ni,  4.0 id,  0.0 wa,  0.0 hi,  4.5 si,  0.0 st
%Cpu(s): 63.0 us, 30.5 sy,  0.0 ni,  2.0 id,  0.0 wa,  0.0 hi,  4.5 si,  0.0 st
%Cpu(s): 58.7 us, 31.8 sy,  0.0 ni,  4.5 id,  0.0 wa,  0.0 hi,  5.0 si,  0.0 st
%Cpu(s): 56.9 us, 32.2 sy,  0.0 ni,  4.5 id,  0.0 wa,  0.0 hi,  6.4 si,  0.0 st
%Cpu(s): 63.0 us, 28.0 sy,  0.0 ni,  5.0 id,  0.0 wa,  0.0 hi,  4.0 si,  0.0 st
%Cpu(s): 56.7 us, 32.0 sy,  0.0 ni,  5.9 id,  0.0 wa,  0.0 hi,  5.4 si,  0.0 st
%Cpu(s): 58.6 us, 31.8 sy,  0.0 ni,  4.0 id,  0.0 wa,  0.0 hi,  5.6 si,  0.0 st
%Cpu(s): 57.3 us, 34.7 sy,  0.0 ni,  2.5 id,  0.0 wa,  0.0 hi,  5.5 si,  0.0 st
%Cpu(s): 54.3 us, 29.3 sy,  0.0 ni, 11.7 id,  0.0 wa,  0.0 hi,  4.8 si,  0.0 st
%Cpu(s): 36.9 us, 27.8 sy,  0.0 ni, 31.0 id,  0.0 wa,  0.0 hi,  4.3 si,  0.0 st
%Cpu(s): 40.0 us, 30.0 sy,  0.0 ni, 25.3 id,  0.0 wa,  0.0 hi,  4.7 si,  0.0 st
%Cpu(s): 42.1 us, 31.0 sy,  0.0 ni, 23.4 id,  0.0 wa,  0.0 hi,  3.6 si,  0.0 st
%Cpu(s): 41.9 us, 28.8 sy,  0.0 ni, 25.7 id,  0.0 wa,  0.0 hi,  3.7 si,  0.0 st
%Cpu(s): 36.2 us, 31.4 sy,  0.0 ni, 27.1 id,  0.0 wa,  0.0 hi,  5.3 si,  0.0 st
%Cpu(s): 38.1 us, 27.0 sy,  0.0 ni, 30.2 id,  0.0 wa,  0.0 hi,  4.8 si,  0.0 st
%Cpu(s): 41.8 us, 26.5 sy,  0.0 ni, 27.5 id,  0.0 wa,  0.0 hi,  4.2 si,  0.0 st
%Cpu(s): 43.9 us, 28.6 sy,  0.0 ni, 22.4 id,  0.0 wa,  0.0 hi,  5.1 si,  0.0 st
%Cpu(s): 44.6 us, 24.8 sy,  0.0 ni, 24.8 id,  1.0 wa,  0.0 hi,  5.0 si,  0.0 st
%Cpu(s): 17.5 us,  9.0 sy,  0.0 ni, 72.0 id,  0.0 wa,  0.0 hi,  1.5 si,  0.0 st
%Cpu(s):  0.0 us,  0.0 sy,  0.0 ni,100.0 id,  0.0 wa,  0.0 hi,  0.0 si,  0.0 st
%Cpu(s):  0.0 us,  0.0 sy,  0.0 ni,100.0 id,  0.0 wa,  0.0 hi,  0.0 si,  0.0 st
%Cpu(s):  0.5 us,  0.5 sy,  0.0 ni, 99.0 id,  0.0 wa,  0.0 hi,  0.0 si,  0.0 st
%Cpu(s):  0.5 us,  0.5 sy,  0.0 ni, 99.0 id,  0.0 wa,  0.0 hi,  0.0 si,  0.0 st
