%Cpu(s):  0.9 us,  0.4 sy,  0.0 ni, 98.6 id,  0.0 wa,  0.0 hi,  0.1 si,  0.0 st
%Cpu(s):  1.0 us,  0.5 sy,  0.0 ni, 98.5 id,  0.0 wa,  0.0 hi,  0.0 si,  0.0 st
%Cpu(s):  1.5 us,  0.5 sy,  0.0 ni, 98.0 id,  0.0 wa,  0.0 hi,  0.0 si,  0.0 st
%Cpu(s):  0.5 us,  0.5 sy,  0.0 ni, 99.0 id,  0.0 wa,  0.0 hi,  0.0 si,  0.0 st
%Cpu(s):  0.5 us,  0.5 sy,  0.0 ni, 99.0 id,  0.0 wa,  0.0 hi,  0.0 si,  0.0 st
%Cpu(s):  0.0 us,  0.5 sy,  0.0 ni, 99.5 id,  0.0 wa,  0.0 hi,  0.0 si,  0.0 st
%Cpu(s):  3.0 us,  0.5 sy,  0.0 ni, 96.5 id,  0.0 wa,  0.0 hi,  0.0 si,  0.0 st
%Cpu(s):  1.5 us,  1.0 sy,  0.0 ni, 97.1 id,  0.0 wa,  0.0 hi,  0.0 si,  0.5 st
%Cpu(s):  1.0 us,  0.0 sy,  0.0 ni, 99.0 id,  0.0 wa,  0.0 hi,  0.0 si,  0.0 st
%Cpu(s):  4.5 us,  1.0 sy,  0.0 ni, 94.5 id,  0.0 wa,  0.0 hi,  0.0 si,  0.0 st
%Cpu(s): 40.1 us,  3.0 sy,  0.0 ni, 56.4 id,  0.0 wa,  0.0 hi,  0.5 si,  0.0 st
%Cpu(s): 44.8 us,  5.5 sy,  0.0 ni, 49.3 id,  0.0 wa,  0.0 hi,  0.5 si,  0.0 st
%Cpu(s): 82.5 us, 12.5 sy,  0.0 ni,  1.5 id,  0.0 wa,  0.0 hi,  3.5 si,  0.0 st
%Cpu(s): 79.0 us, 16.0 sy,  0.0 ni,  1.5 id,  0.0 wa,  0.0 hi,  3.5 si,  0.0 st
%Cpu(s): 79.1 us, 15.9 sy,  0.0 ni,  1.0 id,  0.0 wa,  0.0 hi,  4.0 si,  0.0 st
%Cpu(s): 73.9 us, 20.1 sy,  0.0 ni,  1.5 id,  0.0 wa,  0.0 hi,  4.5 si,  0.0 st
%Cpu(s): 75.0 us, 21.0 sy,  0.0 ni,  0.5 id,  0.0 wa,  0.0 hi,  3.5 si,  0.0 st
%Cpu(s): 72.3 us, 19.8 sy,  0.0 ni,  1.5 id,  0.0 wa,  0.0 hi,  6.4 si,  0.0 st
%Cpu(s): 70.9 us, 21.7 sy,  0.0 ni,  1.5 id,  0.0 wa,  0.0 hi,  5.9 si,  0.0 st
%Cpu(s): 70.5 us, 23.5 sy,  0.0 ni,  1.0 id,  0.0 wa,  0.0 hi,  5.0 si,  0.0 st
%Cpu(s): 72.3 us, 20.8 sy,  0.0 ni,  1.0 id,  0.0 wa,  0.0 hi,  5.9 si,  0.0 st
%Cpu(s): 71.4 us, 23.1 sy,  0.0 ni,  0.5 id,  0.0 wa,  0.0 hi,  5.0 si,  0.0 st
%Cpu(s): 67.8 us, 24.3 sy,  0.0 ni,  2.5 id,  0.0 wa,  0.0 hi,  5.4 si,  0.0 st
%Cpu(s): 67.2 us, 25.9 sy,  0.0 ni,  1.5 id,  0.0 wa,  0.0 hi,  5.5 si,  0.0 st
%Cpu(s): 68.2 us, 24.9 sy,  0.0 ni,  1.5 id,  0.0 wa,  0.0 hi,  5.5 si,  0.0 st
%Cpu(s): 71.6 us, 21.4 sy,  0.0 ni,  1.5 id,  0.0 wa,  0.0 hi,  5.5 si,  0.0 st
%Cpu(s): 69.2 us, 25.9 sy,  0.0 ni,  1.0 id,  0.0 wa,  0.0 hi,  4.0 si,  0.0 st
%Cpu(s): 69.5 us, 25.5 sy,  0.0 ni,  2.0 id,  0.0 wa,  0.0 hi,  3.0 si,  0.0 st
%Cpu(s): 74.0 us, 20.5 sy,  0.0 ni,  2.0 id,  0.0 wa,  0.0 hi,  3.5 si,  0.0 st
%Cpu(s): 69.7 us, 24.7 sy,  0.0 ni,  1.0 id,  0.0 wa,  0.0 hi,  4.5 si,  0.0 st
%Cpu(s): 65.0 us, 28.0 sy,  0.0 ni,  1.0 id,  0.0 wa,  0.0 hi,  6.0 si,  0.0 st
%Cpu(s): 69.2 us, 24.4 sy,  0.0 ni,  1.0 id,  0.0 wa,  0.0 hi,  5.5 si,  0.0 st
%Cpu(s): 61.5 us, 33.5 sy,  0.0 ni,  0.5 id,  0.0 wa,  0.0 hi,  4.5 si,  0.0 st
%Cpu(s): 63.7 us, 28.9 sy,  0.0 ni,  1.5 id,  0.0 wa,  0.0 hi,  6.0 si,  0.0 st
%Cpu(s): 65.0 us, 27.0 sy,  0.0 ni,  2.0 id,  0.0 wa,  0.0 hi,  6.0 si,  0.0 st
%Cpu(s): 63.2 us, 26.9 sy,  0.0 ni,  4.0 id,  0.0 wa,  0.0 hi,  6.0 si,  0.0 st
%Cpu(s): 66.7 us, 26.9 sy,  0.0 ni,  2.0 id,  0.0 wa,  0.0 hi,  4.5 si,  0.0 st
%Cpu(s): 60.4 us, 26.7 sy,  0.0 ni,  8.4 id,  0.0 wa,  0.0 hi,  4.5 si,  0.0 st
%Cpu(s): 65.2 us, 23.9 sy,  0.0 ni,  6.5 id,  0.0 wa,  0.0 hi,  4.5 si,  0.0 st
%Cpu(s): 68.3 us, 24.6 sy,  0.0 ni,  3.0 id,  0.0 wa,  0.0 hi,  4.0 si,  0.0 st
%Cpu(s): 67.8 us, 25.2 sy,  0.0 ni,  2.0 id,  0.0 wa,  0.0 hi,  5.0 si,  0.0 st
%Cpu(s): 59.1 us, 30.5 sy,  0.0 ni,  4.9 id,  0.0 wa,  0.0 hi,  5.4 si,  0.0 st
%Cpu(s): 58.2 us, 29.9 sy,  0.0 ni,  6.0 id,  0.0 wa,  0.0 hi,  6.0 si,  0.0 st
%Cpu(s): 58.0 us, 31.5 sy,  0.0 ni,  3.0 id,  0.0 wa,  0.0 hi,  7.5 si,  0.0 st
%Cpu(s): 55.5 us, 33.0 sy,  0.0 ni,  5.0 id,  0.0 wa,  0.0 hi,  6.5 si,  0.0 st
%Cpu(s): 63.5 us, 28.1 sy,  0.0 ni,  4.9 id,  0.0 wa,  0.0 hi,  3.4 si,  0.0 st
%Cpu(s): 54.3 us, 28.9 sy,  0.0 ni, 10.2 id,  0.0 wa,  0.0 hi,  6.6 si,  0.0 st
%Cpu(s): 62.6 us, 28.1 sy,  0.0 ni,  3.9 id,  0.0 wa,  0.0 hi,  5.4 si,  0.0 st
%Cpu(s): 51.8 us, 28.6 sy,  0.0 ni, 15.1 id,  0.0 wa,  0.0 hi,  4.5 si,  0.0 st
%Cpu(s): 29.3 us, 23.6 sy,  0.0 ni, 45.0 id,  0.0 wa,  0.0 hi,  2.1 si,  0.0 st
%Cpu(s): 28.4 us, 18.6 sy,  0.0 ni, 46.4 id,  0.0 wa,  0.0 hi,  6.7 si,  0.0 st
%Cpu(s): 29.9 us, 19.9 sy,  0.0 ni, 46.3 id,  0.0 wa,  0.0 hi,  4.0 si,  0.0 st
%Cpu(s): 27.9 us, 20.8 sy,  0.0 ni, 47.7 id,  0.0 wa,  0.0 hi,  3.6 si,  0.0 st
%Cpu(s): 28.9 us, 19.8 sy,  0.0 ni, 45.2 id,  0.0 wa,  0.0 hi,  6.1 si,  0.0 st
%Cpu(s): 29.1 us, 20.4 sy,  0.0 ni, 45.9 id,  0.0 wa,  0.0 hi,  4.6 si,  0.0 st
%Cpu(s): 28.6 us, 21.1 sy,  0.0 ni, 45.7 id,  0.0 wa,  0.0 hi,  4.5 si,  0.0 st
%Cpu(s): 28.1 us, 21.6 sy,  0.0 ni, 44.2 id,  0.0 wa,  0.0 hi,  6.0 si,  0.0 st
%Cpu(s): 29.5 us, 20.5 sy,  0.0 ni, 45.5 id,  0.0 wa,  0.0 hi,  4.5 si,  0.0 st
%Cpu(s): 24.2 us, 25.3 sy,  0.0 ni, 45.4 id,  0.0 wa,  0.0 hi,  5.2 si,  0.0 st
%Cpu(s): 28.3 us, 21.7 sy,  0.0 ni, 44.9 id,  0.0 wa,  0.0 hi,  5.1 si,  0.0 st
%Cpu(s): 28.1 us, 21.4 sy,  0.0 ni, 45.9 id,  0.0 wa,  0.0 hi,  4.6 si,  0.0 st
%Cpu(s): 31.5 us, 18.5 sy,  0.0 ni, 44.5 id,  0.0 wa,  0.0 hi,  5.5 si,  0.0 st
%Cpu(s): 29.4 us, 21.3 sy,  0.0 ni, 43.7 id,  0.0 wa,  0.0 hi,  5.6 si,  0.0 st
%Cpu(s): 32.8 us, 16.1 sy,  0.0 ni, 46.4 id,  0.0 wa,  0.0 hi,  4.7 si,  0.0 st
%Cpu(s): 36.5 us, 21.7 sy,  0.0 ni, 37.4 id,  0.0 wa,  0.0 hi,  4.4 si,  0.0 st
%Cpu(s): 27.2 us, 20.9 sy,  0.0 ni, 47.6 id,  0.0 wa,  0.0 hi,  4.2 si,  0.0 st
%Cpu(s): 20.9 us, 16.3 sy,  0.0 ni, 59.7 id,  0.0 wa,  0.0 hi,  3.1 si,  0.0 st
%Cpu(s):  3.0 us,  0.5 sy,  0.0 ni, 96.1 id,  0.0 wa,  0.0 hi,  0.0 si,  0.5 st
%Cpu(s):  1.0 us,  0.0 sy,  0.0 ni, 99.0 id,  0.0 wa,  0.0 hi,  0.0 si,  0.0 st
%Cpu(s):  1.0 us,  0.0 sy,  0.0 ni, 99.0 id,  0.0 wa,  0.0 hi,  0.0 si,  0.0 st
%Cpu(s):  1.0 us,  0.5 sy,  0.0 ni, 98.5 id,  0.0 wa,  0.0 hi,  0.0 si,  0.0 st
%Cpu(s):  1.0 us,  1.0 sy,  0.0 ni, 98.0 id,  0.0 wa,  0.0 hi,  0.0 si,  0.0 st
