%Cpu(s):  1.0 us,  0.2 sy,  0.0 ni, 98.8 id,  0.0 wa,  0.0 hi,  0.0 si,  0.0 st
%Cpu(s): 67.5 us,  8.5 sy,  0.0 ni, 23.5 id,  0.5 wa,  0.0 hi,  0.0 si,  0.0 st
%Cpu(s):  7.9 us,  2.0 sy,  0.0 ni, 90.1 id,  0.0 wa,  0.0 hi,  0.0 si,  0.0 st
%Cpu(s):  4.4 us,  1.0 sy,  0.0 ni, 94.6 id,  0.0 wa,  0.0 hi,  0.0 si,  0.0 st
%Cpu(s):  8.3 us,  0.5 sy,  0.0 ni, 90.7 id,  0.5 wa,  0.0 hi,  0.0 si,  0.0 st
%Cpu(s): 78.3 us,  6.9 sy,  0.0 ni, 13.3 id,  1.0 wa,  0.0 hi,  0.5 si,  0.0 st
%Cpu(s): 68.8 us,  3.5 sy,  0.0 ni, 27.7 id,  0.0 wa,  0.0 hi,  0.0 si,  0.0 st
%Cpu(s): 52.7 us,  4.4 sy,  0.0 ni, 42.9 id,  0.0 wa,  0.0 hi,  0.0 si,  0.0 st
%Cpu(s): 70.8 us,  8.4 sy,  0.0 ni, 20.3 id,  0.0 wa,  0.0 hi,  0.5 si,  0.0 st
%Cpu(s): 81.4 us,  6.0 sy,  0.0 ni, 12.1 id,  0.0 wa,  0.0 hi,  0.5 si,  0.0 st
%Cpu(s):  9.2 us,  2.4 sy,  0.0 ni, 88.4 id,  0.0 wa,  0.0 hi,  0.0 si,  0.0 st
%Cpu(s): 78.4 us,  6.5 sy,  0.0 ni, 13.6 id,  0.0 wa,  0.0 hi,  1.5 si,  0.0 st
%Cpu(s): 72.5 us, 12.0 sy,  0.0 ni, 11.5 id,  0.0 wa,  0.0 hi,  4.0 si,  0.0 st
%Cpu(s): 69.6 us, 16.2 sy,  0.0 ni, 11.3 id,  0.0 wa,  0.0 hi,  2.9 si,  0.0 st
%Cpu(s): 67.2 us, 20.5 sy,  0.0 ni,  7.7 id,  0.0 wa,  0.0 hi,  4.6 si,  0.0 st
%Cpu(s): 68.7 us, 16.2 sy,  0.0 ni, 11.1 id,  0.0 wa,  0.0 hi,  4.0 si,  0.0 st
%Cpu(s): 69.2 us, 17.4 sy,  0.0 ni,  6.5 id,  0.0 wa,  0.0 hi,  7.0 si,  0.0 st
%Cpu(s): 70.4 us, 18.6 sy,  0.0 ni,  4.5 id,  0.0 wa,  0.0 hi,  6.5 si,  0.0 st
%Cpu(s): 71.1 us, 17.6 sy,  0.0 ni,  5.9 id,  0.0 wa,  0.0 hi,  5.4 si,  0.0 st
%Cpu(s): 78.1 us, 13.4 sy,  0.0 ni,  2.5 id,  0.0 wa,  0.0 hi,  6.0 si,  0.0 st
%Cpu(s): 80.9 us, 14.1 sy,  0.0 ni,  0.5 id,  0.0 wa,  0.0 hi,  4.5 si,  0.0 st
%Cpu(s): 75.0 us, 14.5 sy,  0.0 ni,  4.0 id,  0.0 wa,  0.0 hi,  6.5 si,  0.0 st
%Cpu(s): 74.9 us, 12.3 sy,  0.0 ni,  5.1 id,  0.0 wa,  0.0 hi,  7.7 si,  0.0 st
%Cpu(s): 70.0 us, 19.0 sy,  0.0 ni,  5.0 id,  0.0 wa,  0.0 hi,  6.0 si,  0.0 st
%Cpu(s): 67.5 us, 12.0 sy,  0.0 ni, 12.6 id,  0.0 wa,  0.0 hi,  7.9 si,  0.0 st
%Cpu(s): 63.9 us, 10.3 sy,  0.0 ni, 17.5 id,  0.0 wa,  0.0 hi,  8.2 si,  0.0 st
%Cpu(s): 65.1 us, 11.8 sy,  0.0 ni, 15.4 id,  0.0 wa,  0.0 hi,  7.7 si,  0.0 st
%Cpu(s): 63.5 us, 10.4 sy,  0.0 ni, 20.8 id,  0.0 wa,  0.0 hi,  5.2 si,  0.0 st
%Cpu(s): 63.3 us, 12.6 sy,  0.0 ni, 22.1 id,  0.0 wa,  0.0 hi,  2.0 si,  0.0 st
%Cpu(s): 75.6 us, 15.7 sy,  0.0 ni,  6.1 id,  0.0 wa,  0.0 hi,  2.5 si,  0.0 st
%Cpu(s): 67.2 us, 14.4 sy,  0.0 ni, 12.4 id,  0.0 wa,  0.0 hi,  6.0 si,  0.0 st
%Cpu(s): 60.2 us, 13.3 sy,  0.0 ni, 24.0 id,  0.0 wa,  0.0 hi,  2.6 si,  0.0 st
%Cpu(s): 61.3 us, 12.4 sy,  0.0 ni, 24.2 id,  0.0 wa,  0.0 hi,  2.1 si,  0.0 st
%Cpu(s): 24.1 us, 12.8 sy,  0.0 ni, 62.6 id,  0.0 wa,  0.0 hi,  0.5 si,  0.0 st
%Cpu(s): 25.3 us, 16.7 sy,  0.0 ni, 57.0 id,  0.0 wa,  0.0 hi,  1.1 si,  0.0 st
%Cpu(s): 26.3 us,  8.4 sy,  0.0 ni, 63.1 id,  0.0 wa,  0.0 hi,  2.2 si,  0.0 st
%Cpu(s): 27.4 us, 11.3 sy,  0.0 ni, 58.6 id,  0.0 wa,  0.0 hi,  2.7 si,  0.0 st
%Cpu(s): 29.7 us,  9.9 sy,  0.0 ni, 58.2 id,  0.0 wa,  0.0 hi,  2.2 si,  0.0 st
%Cpu(s): 25.5 us, 15.2 sy,  0.0 ni, 57.1 id,  0.0 wa,  0.0 hi,  2.2 si,  0.0 st
%Cpu(s): 50.5 us, 15.6 sy,  0.0 ni, 28.6 id,  0.0 wa,  0.0 hi,  5.2 si,  0.0 st
%Cpu(s): 39.0 us, 15.9 sy,  0.0 ni, 40.0 id,  0.0 wa,  0.0 hi,  5.1 si,  0.0 st
%Cpu(s): 25.3 us,  6.6 sy,  0.0 ni, 67.0 id,  0.0 wa,  0.0 hi,  1.1 si,  0.0 st
%Cpu(s): 21.4 us, 10.4 sy,  0.0 ni, 67.0 id,  0.0 wa,  0.0 hi,  1.1 si,  0.0 st
%Cpu(s): 23.3 us, 10.6 sy,  0.0 ni, 65.6 id,  0.0 wa,  0.0 hi,  0.6 si,  0.0 st
%Cpu(s): 26.6 us, 14.1 sy,  0.0 ni, 56.5 id,  0.0 wa,  0.0 hi,  2.7 si,  0.0 st
%Cpu(s): 26.9 us, 12.1 sy,  0.0 ni, 58.8 id,  0.0 wa,  0.0 hi,  2.2 si,  0.0 st
%Cpu(s): 21.7 us, 11.1 sy,  0.0 ni, 65.6 id,  0.0 wa,  0.0 hi,  1.7 si,  0.0 st
%Cpu(s): 24.9 us, 12.2 sy,  0.0 ni, 61.9 id,  0.0 wa,  0.0 hi,  1.1 si,  0.0 st
%Cpu(s): 25.9 us, 10.2 sy,  0.0 ni, 62.7 id,  0.0 wa,  0.0 hi,  1.2 si,  0.0 st
%Cpu(s): 49.7 us, 22.3 sy,  0.0 ni, 22.8 id,  0.0 wa,  0.0 hi,  5.2 si,  0.0 st
%Cpu(s): 60.8 us, 19.1 sy,  0.0 ni, 13.6 id,  0.0 wa,  0.0 hi,  6.5 si,  0.0 st
%Cpu(s): 22.0 us, 11.5 sy,  0.0 ni, 64.3 id,  0.0 wa,  0.0 hi,  2.2 si,  0.0 st
%Cpu(s): 26.3 us,  8.9 sy,  0.0 ni, 62.0 id,  0.0 wa,  0.0 hi,  2.8 si,  0.0 st
%Cpu(s): 25.7 us, 11.8 sy,  0.0 ni, 60.4 id,  0.0 wa,  0.0 hi,  2.1 si,  0.0 st
%Cpu(s): 23.9 us, 12.5 sy,  0.0 ni, 61.4 id,  0.0 wa,  0.0 hi,  2.2 si,  0.0 st
%Cpu(s): 27.2 us, 13.0 sy,  0.0 ni, 57.1 id,  0.0 wa,  0.0 hi,  2.7 si,  0.0 st
%Cpu(s): 28.1 us, 14.1 sy,  0.0 ni, 56.2 id,  0.0 wa,  0.0 hi,  1.6 si,  0.0 st
%Cpu(s): 28.5 us, 13.4 sy,  0.0 ni, 55.4 id,  0.0 wa,  0.0 hi,  2.7 si,  0.0 st
%Cpu(s): 25.7 us, 10.9 sy,  0.0 ni, 61.1 id,  0.0 wa,  0.0 hi,  2.3 si,  0.0 st
%Cpu(s): 55.2 us, 17.7 sy,  0.0 ni, 20.8 id,  0.0 wa,  0.0 hi,  6.2 si,  0.0 st
%Cpu(s): 52.8 us, 16.2 sy,  0.0 ni, 28.4 id,  0.0 wa,  0.0 hi,  2.5 si,  0.0 st
%Cpu(s): 27.7 us, 10.9 sy,  0.0 ni, 59.2 id,  0.0 wa,  0.0 hi,  2.2 si,  0.0 st
%Cpu(s): 26.1 us, 13.6 sy,  0.0 ni, 57.4 id,  0.0 wa,  0.0 hi,  2.8 si,  0.0 st
%Cpu(s): 24.2 us, 14.6 sy,  0.0 ni, 59.0 id,  0.0 wa,  0.0 hi,  2.2 si,  0.0 st
%Cpu(s): 27.0 us, 14.9 sy,  0.0 ni, 57.5 id,  0.0 wa,  0.0 hi,  0.6 si,  0.0 st
%Cpu(s): 27.8 us, 10.7 sy,  0.0 ni, 60.9 id,  0.0 wa,  0.0 hi,  0.6 si,  0.0 st
%Cpu(s): 24.3 us, 10.4 sy,  0.0 ni, 64.7 id,  0.0 wa,  0.0 hi,  0.6 si,  0.0 st
%Cpu(s):  7.1 us,  2.0 sy,  0.0 ni, 90.8 id,  0.0 wa,  0.0 hi,  0.0 si,  0.0 st
%Cpu(s):  4.4 us,  1.0 sy,  0.0 ni, 94.6 id,  0.0 wa,  0.0 hi,  0.0 si,  0.0 st
%Cpu(s):  4.0 us,  1.0 sy,  0.0 ni, 95.0 id,  0.0 wa,  0.0 hi,  0.0 si,  0.0 st
%Cpu(s):  2.5 us,  1.0 sy,  0.0 ni, 96.0 id,  0.0 wa,  0.0 hi,  0.0 si,  0.5 st
%Cpu(s):  3.0 us,  2.0 sy,  0.0 ni, 95.0 id,  0.0 wa,  0.0 hi,  0.0 si,  0.0 st
