%Cpu(s):  5.1 us,  1.1 sy,  0.0 ni, 93.5 id,  0.1 wa,  0.0 hi,  0.2 si,  0.0 st
%Cpu(s): 27.2 us,  5.0 sy,  0.0 ni, 67.3 id,  0.0 wa,  0.0 hi,  0.0 si,  0.5 st
%Cpu(s): 53.2 us,  4.0 sy,  0.0 ni, 42.8 id,  0.0 wa,  0.0 hi,  0.0 si,  0.0 st
%Cpu(s):  2.5 us,  0.0 sy,  0.0 ni, 97.5 id,  0.0 wa,  0.0 hi,  0.0 si,  0.0 st
%Cpu(s):  3.0 us,  1.0 sy,  0.0 ni, 96.0 id,  0.0 wa,  0.0 hi,  0.0 si,  0.0 st
%Cpu(s): 25.5 us,  2.0 sy,  0.0 ni, 72.5 id,  0.0 wa,  0.0 hi,  0.0 si,  0.0 st
%Cpu(s): 66.8 us,  2.5 sy,  0.0 ni, 30.7 id,  0.0 wa,  0.0 hi,  0.0 si,  0.0 st
%Cpu(s): 59.6 us,  1.5 sy,  0.0 ni, 38.9 id,  0.0 wa,  0.0 hi,  0.0 si,  0.0 st
%Cpu(s): 66.2 us,  3.5 sy,  0.0 ni, 29.9 id,  0.0 wa,  0.0 hi,  0.5 si,  0.0 st
%Cpu(s): 86.6 us,  5.4 sy,  0.0 ni,  7.9 id,  0.0 wa,  0.0 hi,  0.0 si,  0.0 st
%Cpu(s): 24.0 us,  2.0 sy,  0.0 ni, 74.0 id,  0.0 wa,  0.0 hi,  0.0 si,  0.0 st
%Cpu(s): 36.8 us,  5.0 sy,  0.0 ni, 58.2 id,  0.0 wa,  0.0 hi,  0.0 si,  0.0 st
%Cpu(s): 75.5 us, 12.5 sy,  0.0 ni,  6.5 id,  0.0 wa,  0.0 hi,  5.5 si,  0.0 st
%Cpu(s): 74.5 us, 17.0 sy,  0.0 ni,  4.0 id,  0.0 wa,  0.0 hi,  4.5 si,  0.0 st
%Cpu(s): 71.5 us, 16.0 sy,  0.0 ni,  7.0 id,  0.0 wa,  0.0 hi,  5.5 si,  0.0 st
%Cpu(s): 70.2 us, 17.2 sy,  0.0 ni,  7.1 id,  0.0 wa,  0.0 hi,  5.6 si,  0.0 st
%Cpu(s): 74.9 us, 17.7 sy,  0.0 ni,  3.9 id,  0.0 wa,  0.0 hi,  3.4 si,  0.0 st
%Cpu(s): 74.4 us, 15.6 sy,  0.0 ni,  6.0 id,  0.0 wa,  0.0 hi,  4.0 si,  0.0 st
%Cpu(s): 78.6 us, 13.4 sy,  0.0 ni,  5.0 id,  0.0 wa,  0.0 hi,  3.0 si,  0.0 st
%Cpu(s): 73.7 us, 15.2 sy,  0.0 ni,  7.1 id,  0.0 wa,  0.0 hi,  4.0 si,  0.0 st
%Cpu(s): 75.3 us, 13.6 sy,  0.0 ni,  6.1 id,  0.0 wa,  0.0 hi,  5.1 si,  0.0 st
%Cpu(s): 62.8 us, 19.6 sy,  0.0 ni, 12.6 id,  0.0 wa,  0.0 hi,  4.5 si,  0.5 st
%Cpu(s): 67.0 us, 19.5 sy,  0.0 ni, 10.0 id,  0.0 wa,  0.0 hi,  3.5 si,  0.0 st
%Cpu(s): 64.1 us, 15.7 sy,  0.0 ni, 16.2 id,  0.0 wa,  0.0 hi,  4.0 si,  0.0 st
%Cpu(s): 57.1 us,  9.6 sy,  0.0 ni, 30.3 id,  0.0 wa,  0.0 hi,  3.0 si,  0.0 st
%Cpu(s): 47.4 us,  8.2 sy,  0.0 ni, 42.9 id,  0.0 wa,  0.0 hi,  1.5 si,  0.0 st
%Cpu(s): 44.7 us,  6.4 sy,  0.0 ni, 47.3 id,  0.0 wa,  0.0 hi,  1.6 si,  0.0 st
%Cpu(s): 42.1 us,  8.6 sy,  0.0 ni, 47.2 id,  0.0 wa,  0.0 hi,  2.0 si,  0.0 st
%Cpu(s): 40.7 us,  4.8 sy,  0.0 ni, 52.4 id,  0.0 wa,  0.0 hi,  2.1 si,  0.0 st
%Cpu(s): 51.5 us, 10.7 sy,  0.0 ni, 36.2 id,  0.0 wa,  0.0 hi,  1.5 si,  0.0 st
%Cpu(s): 70.0 us, 11.0 sy,  0.0 ni, 15.0 id,  0.0 wa,  0.0 hi,  4.0 si,  0.0 st
%Cpu(s): 68.7 us,  7.1 sy,  0.0 ni, 21.7 id,  0.0 wa,  0.0 hi,  2.5 si,  0.0 st
%Cpu(s): 69.2 us,  8.2 sy,  0.0 ni, 19.5 id,  0.0 wa,  0.0 hi,  3.1 si,  0.0 st
%Cpu(s): 70.1 us,  7.6 sy,  0.0 ni, 17.8 id,  0.0 wa,  0.0 hi,  4.6 si,  0.0 st
%Cpu(s): 62.8 us,  9.0 sy,  0.0 ni, 23.6 id,  0.0 wa,  0.0 hi,  4.5 si,  0.0 st
%Cpu(s): 33.0 us,  8.0 sy,  0.0 ni, 56.0 id,  0.0 wa,  0.0 hi,  3.0 si,  0.0 st
%Cpu(s): 36.5 us,  9.5 sy,  0.0 ni, 52.4 id,  0.0 wa,  0.0 hi,  1.6 si,  0.0 st
%Cpu(s): 21.9 us,  6.4 sy,  0.0 ni, 70.6 id,  0.0 wa,  0.0 hi,  1.1 si,  0.0 st
%Cpu(s): 28.1 us,  7.3 sy,  0.0 ni, 63.5 id,  0.0 wa,  0.0 hi,  1.0 si,  0.0 st
%Cpu(s): 26.7 us,  8.4 sy,  0.0 ni, 62.3 id,  0.0 wa,  0.0 hi,  2.6 si,  0.0 st
%Cpu(s): 29.3 us,  8.4 sy,  0.0 ni, 60.7 id,  0.0 wa,  0.0 hi,  1.6 si,  0.0 st
%Cpu(s): 27.3 us,  7.5 sy,  0.0 ni, 63.1 id,  0.0 wa,  0.0 hi,  1.6 si,  0.5 st
%Cpu(s): 28.4 us,  8.4 sy,  0.0 ni, 62.1 id,  0.0 wa,  0.0 hi,  1.1 si,  0.0 st
%Cpu(s): 22.6 us,  8.4 sy,  0.0 ni, 66.8 id,  0.0 wa,  0.0 hi,  2.1 si,  0.0 st
%Cpu(s): 26.6 us,  8.3 sy,  0.0 ni, 63.5 id,  0.0 wa,  0.0 hi,  1.6 si,  0.0 st
%Cpu(s): 29.8 us,  6.4 sy,  0.0 ni, 63.3 id,  0.0 wa,  0.0 hi,  0.5 si,  0.0 st
%Cpu(s): 23.8 us,  8.5 sy,  0.0 ni, 64.6 id,  0.0 wa,  0.0 hi,  3.2 si,  0.0 st
%Cpu(s): 26.2 us, 12.3 sy,  0.0 ni, 60.5 id,  0.0 wa,  0.0 hi,  1.0 si,  0.0 st
%Cpu(s): 28.2 us, 10.3 sy,  0.0 ni, 59.5 id,  0.0 wa,  0.0 hi,  2.1 si,  0.0 st
%Cpu(s): 29.4 us, 14.9 sy,  0.0 ni, 53.1 id,  0.0 wa,  0.0 hi,  2.6 si,  0.0 st
%Cpu(s): 30.2 us,  8.9 sy,  0.0 ni, 58.3 id,  0.0 wa,  0.0 hi,  2.6 si,  0.0 st
%Cpu(s): 24.6 us, 10.2 sy,  0.0 ni, 62.6 id,  0.0 wa,  0.0 hi,  2.7 si,  0.0 st
%Cpu(s): 28.1 us,  9.4 sy,  0.0 ni, 59.9 id,  0.0 wa,  0.0 hi,  2.6 si,  0.0 st
%Cpu(s): 28.9 us,  9.1 sy,  0.0 ni, 59.9 id,  0.0 wa,  0.0 hi,  2.1 si,  0.0 st
%Cpu(s): 25.5 us,  9.6 sy,  0.0 ni, 62.8 id,  0.0 wa,  0.0 hi,  2.1 si,  0.0 st
%Cpu(s): 29.9 us,  7.7 sy,  0.0 ni, 60.8 id,  0.0 wa,  0.0 hi,  1.5 si,  0.0 st
%Cpu(s): 25.1 us,  9.4 sy,  0.0 ni, 64.4 id,  0.0 wa,  0.0 hi,  1.0 si,  0.0 st
%Cpu(s): 25.7 us,  4.8 sy,  0.0 ni, 67.4 id,  0.0 wa,  0.0 hi,  2.1 si,  0.0 st
%Cpu(s): 27.5 us,  7.3 sy,  0.0 ni, 64.2 id,  0.0 wa,  0.0 hi,  0.5 si,  0.5 st
%Cpu(s): 39.5 us, 13.2 sy,  0.0 ni, 45.3 id,  0.0 wa,  0.0 hi,  2.1 si,  0.0 st
%Cpu(s): 26.3 us,  7.5 sy,  0.0 ni, 64.5 id,  0.0 wa,  0.0 hi,  1.6 si,  0.0 st
%Cpu(s): 24.9 us,  6.3 sy,  0.0 ni, 67.2 id,  0.0 wa,  0.0 hi,  1.6 si,  0.0 st
%Cpu(s): 27.3 us,  4.3 sy,  0.0 ni, 68.4 id,  0.0 wa,  0.0 hi,  0.0 si,  0.0 st
%Cpu(s): 22.3 us,  9.6 sy,  0.0 ni, 66.5 id,  0.0 wa,  0.0 hi,  1.5 si,  0.0 st
%Cpu(s): 30.9 us,  6.2 sy,  0.0 ni, 62.4 id,  0.0 wa,  0.0 hi,  0.5 si,  0.0 st
%Cpu(s): 27.0 us,  7.9 sy,  0.0 ni, 64.0 id,  0.0 wa,  0.0 hi,  1.1 si,  0.0 st
%Cpu(s):  9.6 us,  2.5 sy,  0.0 ni, 87.3 id,  0.0 wa,  0.0 hi,  0.5 si,  0.0 st
%Cpu(s):  2.9 us,  2.0 sy,  0.0 ni, 94.1 id,  0.0 wa,  0.0 hi,  0.5 si,  0.5 st
%Cpu(s):  3.4 us,  2.0 sy,  0.0 ni, 94.6 id,  0.0 wa,  0.0 hi,  0.0 si,  0.0 st
%Cpu(s):  4.0 us,  1.0 sy,  0.0 ni, 95.0 id,  0.0 wa,  0.0 hi,  0.0 si,  0.0 st
%Cpu(s):  3.0 us,  2.0 sy,  0.0 ni, 95.0 id,  0.0 wa,  0.0 hi,  0.0 si,  0.0 st
