%Cpu(s):  1.3 us,  0.2 sy,  0.0 ni, 98.4 id,  0.0 wa,  0.0 hi,  0.0 si,  0.0 st
%Cpu(s):  0.6 us,  0.1 sy,  0.0 ni, 99.1 id,  0.1 wa,  0.0 hi,  0.0 si,  0.0 st
%Cpu(s):  0.2 us,  0.0 sy,  0.0 ni, 99.8 id,  0.0 wa,  0.0 hi,  0.0 si,  0.0 st
%Cpu(s):  0.5 us,  0.1 sy,  0.0 ni, 99.3 id,  0.0 wa,  0.0 hi,  0.0 si,  0.1 st
%Cpu(s):  7.7 us,  0.2 sy,  0.0 ni, 91.8 id,  0.0 wa,  0.0 hi,  0.1 si,  0.1 st
%Cpu(s): 42.4 us,  2.4 sy,  0.0 ni, 54.6 id,  0.0 wa,  0.0 hi,  0.6 si,  0.0 st
%Cpu(s): 27.9 us,  1.9 sy,  0.0 ni, 69.3 id,  0.0 wa,  0.0 hi,  0.9 si,  0.0 st
%Cpu(s): 32.9 us,  3.0 sy,  0.0 ni, 63.2 id,  0.0 wa,  0.0 hi,  0.9 si,  0.1 st
%Cpu(s): 11.9 us,  1.8 sy,  0.0 ni, 85.4 id,  0.0 wa,  0.0 hi,  1.0 si,  0.0 st
%Cpu(s):  9.4 us,  1.9 sy,  0.0 ni, 87.2 id,  0.0 wa,  0.0 hi,  1.4 si,  0.1 st
%Cpu(s):  9.7 us,  2.4 sy,  0.0 ni, 86.6 id,  0.0 wa,  0.0 hi,  1.4 si,  0.0 st
%Cpu(s): 18.1 us,  2.5 sy,  0.0 ni, 78.6 id,  0.1 wa,  0.0 hi,  0.7 si,  0.0 st
%Cpu(s): 10.6 us,  1.5 sy,  0.0 ni, 86.7 id,  0.0 wa,  0.0 hi,  1.1 si,  0.0 st
%Cpu(s): 12.2 us,  2.4 sy,  0.0 ni, 84.7 id,  0.0 wa,  0.0 hi,  0.6 si,  0.1 st
%Cpu(s):  8.8 us,  2.3 sy,  0.0 ni, 88.1 id,  0.0 wa,  0.0 hi,  0.8 si,  0.1 st
%Cpu(s): 12.3 us,  1.5 sy,  0.0 ni, 85.4 id,  0.0 wa,  0.0 hi,  0.7 si,  0.0 st
%Cpu(s):  6.5 us,  1.1 sy,  0.0 ni, 91.1 id,  0.0 wa,  0.0 hi,  1.1 si,  0.1 st
%Cpu(s): 13.7 us,  1.5 sy,  0.0 ni, 83.7 id,  0.0 wa,  0.0 hi,  1.1 si,  0.0 st
%Cpu(s): 15.5 us,  2.2 sy,  0.0 ni, 81.2 id,  0.0 wa,  0.0 hi,  1.0 si,  0.1 st
%Cpu(s): 10.5 us,  1.5 sy,  0.0 ni, 87.1 id,  0.0 wa,  0.0 hi,  0.8 si,  0.1 st
%Cpu(s):  4.2 us,  2.0 sy,  0.0 ni, 92.8 id,  0.0 wa,  0.0 hi,  1.0 si,  0.0 st
%Cpu(s):  3.5 us,  2.2 sy,  0.0 ni, 93.4 id,  0.0 wa,  0.0 hi,  0.9 si,  0.0 st
%Cpu(s): 11.3 us,  1.9 sy,  0.0 ni, 85.7 id,  0.0 wa,  0.0 hi,  1.1 si,  0.0 st
%Cpu(s): 11.2 us,  1.9 sy,  0.0 ni, 86.1 id,  0.0 wa,  0.0 hi,  0.9 si,  0.0 st
%Cpu(s): 12.8 us,  1.5 sy,  0.0 ni, 84.7 id,  0.0 wa,  0.0 hi,  0.9 si,  0.1 st
%Cpu(s):  8.6 us,  1.6 sy,  0.0 ni, 88.6 id,  0.0 wa,  0.0 hi,  1.1 si,  0.0 st
%Cpu(s):  4.9 us,  1.9 sy,  0.0 ni, 92.4 id,  0.0 wa,  0.0 hi,  0.9 si,  0.0 st
%Cpu(s):  3.9 us,  1.8 sy,  0.0 ni, 93.4 id,  0.0 wa,  0.0 hi,  1.0 si,  0.0 st
%Cpu(s):  4.1 us,  2.2 sy,  0.0 ni, 92.7 id,  0.0 wa,  0.0 hi,  1.0 si,  0.0 st
%Cpu(s):  4.5 us,  2.1 sy,  0.0 ni, 92.5 id,  0.0 wa,  0.0 hi,  0.9 si,  0.0 st
%Cpu(s):  5.5 us,  2.2 sy,  0.0 ni, 91.6 id,  0.0 wa,  0.0 hi,  0.6 si,  0.0 st
%Cpu(s):  4.9 us,  2.0 sy,  0.0 ni, 92.1 id,  0.1 wa,  0.0 hi,  0.9 si,  0.0 st
%Cpu(s):  4.1 us,  2.4 sy,  0.0 ni, 92.4 id,  0.0 wa,  0.0 hi,  1.1 si,  0.0 st
%Cpu(s):  3.7 us,  2.0 sy,  0.0 ni, 93.0 id,  0.0 wa,  0.0 hi,  1.1 si,  0.1 st
%Cpu(s):  3.3 us,  2.3 sy,  0.0 ni, 93.6 id,  0.0 wa,  0.0 hi,  0.9 si,  0.0 st
%Cpu(s):  3.5 us,  2.3 sy,  0.0 ni, 93.1 id,  0.0 wa,  0.0 hi,  1.1 si,  0.0 st
%Cpu(s):  4.3 us,  2.0 sy,  0.0 ni, 92.6 id,  0.0 wa,  0.0 hi,  1.1 si,  0.0 st
%Cpu(s):  4.2 us,  1.6 sy,  0.0 ni, 92.8 id,  0.0 wa,  0.0 hi,  1.2 si,  0.1 st
%Cpu(s):  4.5 us,  2.0 sy,  0.0 ni, 92.4 id,  0.1 wa,  0.0 hi,  0.9 si,  0.1 st
%Cpu(s):  3.1 us,  2.5 sy,  0.0 ni, 93.3 id,  0.0 wa,  0.0 hi,  1.1 si,  0.0 st
%Cpu(s):  3.9 us,  1.9 sy,  0.0 ni, 93.5 id,  0.0 wa,  0.0 hi,  0.8 si,  0.0 st
%Cpu(s):  4.0 us,  2.0 sy,  0.0 ni, 93.2 id,  0.0 wa,  0.0 hi,  0.8 si,  0.0 st
%Cpu(s):  3.8 us,  2.0 sy,  0.0 ni, 93.4 id,  0.0 wa,  0.0 hi,  0.9 si,  0.0 st
%Cpu(s):  5.5 us,  1.8 sy,  0.0 ni, 92.0 id,  0.0 wa,  0.0 hi,  0.8 si,  0.0 st
%Cpu(s):  2.8 us,  2.0 sy,  0.0 ni, 94.5 id,  0.0 wa,  0.0 hi,  0.8 si,  0.0 st
%Cpu(s):  2.1 us,  1.5 sy,  0.0 ni, 95.6 id,  0.0 wa,  0.0 hi,  0.6 si,  0.1 st
%Cpu(s):  3.5 us,  2.4 sy,  0.0 ni, 93.2 id,  0.0 wa,  0.0 hi,  0.9 si,  0.0 st
%Cpu(s):  4.1 us,  2.5 sy,  0.0 ni, 92.2 id,  0.0 wa,  0.0 hi,  1.1 si,  0.1 st
%Cpu(s):  4.1 us,  2.4 sy,  0.0 ni, 92.5 id,  0.0 wa,  0.0 hi,  1.0 si,  0.0 st
%Cpu(s):  4.4 us,  1.9 sy,  0.0 ni, 93.0 id,  0.0 wa,  0.0 hi,  0.8 si,  0.0 st
%Cpu(s):  5.6 us,  2.0 sy,  0.0 ni, 91.6 id,  0.0 wa,  0.0 hi,  0.9 si,  0.0 st
%Cpu(s):  4.0 us,  2.1 sy,  0.0 ni, 93.0 id,  0.0 wa,  0.0 hi,  0.9 si,  0.0 st
%Cpu(s):  4.1 us,  2.1 sy,  0.0 ni, 93.1 id,  0.0 wa,  0.0 hi,  0.5 si,  0.1 st
%Cpu(s):  3.3 us,  1.9 sy,  0.0 ni, 94.3 id,  0.0 wa,  0.0 hi,  0.5 si,  0.0 st
%Cpu(s):  3.5 us,  1.9 sy,  0.0 ni, 94.1 id,  0.0 wa,  0.0 hi,  0.5 si,  0.0 st
%Cpu(s):  3.9 us,  2.1 sy,  0.0 ni, 93.7 id,  0.0 wa,  0.0 hi,  0.3 si,  0.0 st
%Cpu(s):  3.9 us,  2.6 sy,  0.0 ni, 93.1 id,  0.0 wa,  0.0 hi,  0.4 si,  0.0 st
%Cpu(s):  4.4 us,  2.2 sy,  0.0 ni, 92.7 id,  0.0 wa,  0.0 hi,  0.7 si,  0.0 st
%Cpu(s):  3.9 us,  1.6 sy,  0.0 ni, 93.3 id,  0.0 wa,  0.0 hi,  1.1 si,  0.1 st
%Cpu(s):  3.7 us,  2.2 sy,  0.0 ni, 93.5 id,  0.0 wa,  0.0 hi,  0.5 si,  0.0 st
%Cpu(s):  3.5 us,  2.0 sy,  0.0 ni, 93.1 id,  0.1 wa,  0.0 hi,  1.2 si,  0.0 st
%Cpu(s):  2.8 us,  1.1 sy,  0.0 ni, 95.7 id,  0.0 wa,  0.0 hi,  0.4 si,  0.0 st
%Cpu(s):  0.1 us,  0.0 sy,  0.0 ni, 99.9 id,  0.0 wa,  0.0 hi,  0.0 si,  0.0 st
%Cpu(s):  0.1 us,  0.0 sy,  0.0 ni, 99.9 id,  0.0 wa,  0.0 hi,  0.0 si,  0.0 st
%Cpu(s):  0.1 us,  0.1 sy,  0.0 ni, 99.8 id,  0.0 wa,  0.0 hi,  0.0 si,  0.0 st
%Cpu(s):  0.0 us,  0.1 sy,  0.0 ni, 99.9 id,  0.0 wa,  0.0 hi,  0.0 si,  0.0 st
%Cpu(s):  0.1 us,  0.1 sy,  0.0 ni, 99.6 id,  0.1 wa,  0.0 hi,  0.0 si,  0.0 st
%Cpu(s):  0.2 us,  0.1 sy,  0.0 ni, 99.6 id,  0.0 wa,  0.0 hi,  0.0 si,  0.0 st
