%Cpu(s):  1.6 us,  0.8 sy,  0.0 ni, 97.5 id,  0.0 wa,  0.0 hi,  0.1 si,  0.0 st
%Cpu(s):  1.2 us,  0.0 sy,  0.0 ni, 98.8 id,  0.0 wa,  0.0 hi,  0.0 si,  0.0 st
%Cpu(s):  0.7 us,  0.2 sy,  0.0 ni, 99.0 id,  0.0 wa,  0.0 hi,  0.0 si,  0.0 st
%Cpu(s):  0.2 us,  0.0 sy,  0.0 ni, 99.6 id,  0.0 wa,  0.0 hi,  0.1 si,  0.0 st
%Cpu(s): 18.0 us,  1.2 sy,  0.0 ni, 80.4 id,  0.0 wa,  0.0 hi,  0.2 si,  0.1 st
%Cpu(s): 55.2 us,  8.4 sy,  0.0 ni, 35.1 id,  0.0 wa,  0.0 hi,  1.1 si,  0.1 st
%Cpu(s): 57.6 us, 11.5 sy,  0.0 ni, 30.6 id,  0.0 wa,  0.0 hi,  0.3 si,  0.0 st
%Cpu(s): 46.4 us, 10.7 sy,  0.0 ni, 42.9 id,  0.0 wa,  0.0 hi,  0.0 si,  0.0 st
%Cpu(s): 26.7 us, 11.8 sy,  0.0 ni, 60.5 id,  0.0 wa,  0.0 hi,  0.8 si,  0.1 st
%Cpu(s): 29.5 us, 11.3 sy,  0.0 ni, 57.3 id,  0.0 wa,  0.0 hi,  1.9 si,  0.0 st
%Cpu(s): 20.9 us, 13.7 sy,  0.0 ni, 64.9 id,  0.0 wa,  0.0 hi,  0.5 si,  0.0 st
%Cpu(s): 24.5 us, 12.3 sy,  0.0 ni, 60.2 id,  0.0 wa,  0.0 hi,  3.0 si,  0.0 st
%Cpu(s): 21.8 us, 14.0 sy,  0.0 ni, 61.6 id,  0.1 wa,  0.0 hi,  2.5 si,  0.0 st
%Cpu(s): 21.2 us, 14.4 sy,  0.0 ni, 62.0 id,  0.0 wa,  0.0 hi,  2.2 si,  0.1 st
%Cpu(s): 22.1 us, 13.7 sy,  0.0 ni, 63.2 id,  0.0 wa,  0.0 hi,  1.1 si,  0.0 st
%Cpu(s): 21.4 us, 12.8 sy,  0.0 ni, 65.1 id,  0.0 wa,  0.0 hi,  0.8 si,  0.0 st
%Cpu(s): 20.6 us, 13.8 sy,  0.0 ni, 63.2 id,  0.0 wa,  0.0 hi,  2.3 si,  0.1 st
%Cpu(s): 20.6 us, 11.8 sy,  0.0 ni, 65.1 id,  0.0 wa,  0.0 hi,  2.3 si,  0.1 st
%Cpu(s): 20.1 us, 12.5 sy,  0.0 ni, 65.5 id,  0.0 wa,  0.0 hi,  1.9 si,  0.0 st
%Cpu(s): 18.6 us, 12.6 sy,  0.0 ni, 66.0 id,  0.0 wa,  0.0 hi,  2.8 si,  0.0 st
%Cpu(s): 17.4 us, 12.1 sy,  0.0 ni, 68.5 id,  0.0 wa,  0.0 hi,  1.9 si,  0.1 st
%Cpu(s): 17.8 us, 12.9 sy,  0.0 ni, 67.4 id,  0.0 wa,  0.0 hi,  1.9 si,  0.0 st
%Cpu(s): 18.1 us, 12.4 sy,  0.0 ni, 67.7 id,  0.0 wa,  0.0 hi,  1.9 si,  0.0 st
%Cpu(s): 15.3 us, 13.2 sy,  0.0 ni, 69.2 id,  0.0 wa,  0.0 hi,  2.2 si,  0.1 st
%Cpu(s): 16.3 us, 11.8 sy,  0.0 ni, 70.0 id,  0.0 wa,  0.0 hi,  1.9 si,  0.0 st
%Cpu(s): 16.2 us, 10.9 sy,  0.0 ni, 70.7 id,  0.0 wa,  0.0 hi,  2.1 si,  0.1 st
%Cpu(s): 15.3 us, 10.7 sy,  0.0 ni, 71.8 id,  0.0 wa,  0.0 hi,  2.1 si,  0.1 st
%Cpu(s): 17.4 us, 11.2 sy,  0.0 ni, 69.6 id,  0.1 wa,  0.0 hi,  1.7 si,  0.0 st
%Cpu(s): 16.9 us, 12.2 sy,  0.0 ni, 68.4 id,  0.0 wa,  0.0 hi,  2.3 si,  0.1 st
%Cpu(s): 17.6 us, 11.7 sy,  0.0 ni, 68.7 id,  0.0 wa,  0.0 hi,  2.0 si,  0.0 st
%Cpu(s): 16.8 us, 11.5 sy,  0.0 ni, 69.2 id,  0.0 wa,  0.0 hi,  2.4 si,  0.1 st
%Cpu(s): 16.2 us, 12.0 sy,  0.0 ni, 70.0 id,  0.0 wa,  0.0 hi,  1.8 si,  0.0 st
%Cpu(s): 15.8 us, 11.8 sy,  0.0 ni, 70.1 id,  0.0 wa,  0.0 hi,  2.2 si,  0.1 st
%Cpu(s): 17.5 us, 12.2 sy,  0.0 ni, 68.2 id,  0.0 wa,  0.0 hi,  1.9 si,  0.1 st
%Cpu(s): 18.6 us, 11.0 sy,  0.0 ni, 68.1 id,  0.0 wa,  0.0 hi,  2.2 si,  0.1 st
%Cpu(s): 18.3 us, 11.8 sy,  0.0 ni, 68.4 id,  0.0 wa,  0.0 hi,  1.4 si,  0.0 st
%Cpu(s): 17.9 us, 12.2 sy,  0.0 ni, 68.0 id,  0.0 wa,  0.0 hi,  1.8 si,  0.1 st
%Cpu(s): 17.0 us, 11.3 sy,  0.0 ni, 69.3 id,  0.0 wa,  0.0 hi,  2.4 si,  0.0 st
%Cpu(s): 18.0 us, 11.6 sy,  0.0 ni, 65.9 id,  2.4 wa,  0.0 hi,  1.8 si,  0.3 st
%Cpu(s): 18.7 us, 11.8 sy,  0.0 ni, 68.3 id,  0.0 wa,  0.0 hi,  1.1 si,  0.0 st
%Cpu(s): 18.4 us, 11.8 sy,  0.0 ni, 67.6 id,  0.0 wa,  0.0 hi,  2.1 si,  0.1 st
%Cpu(s): 18.1 us, 12.9 sy,  0.0 ni, 67.7 id,  0.0 wa,  0.0 hi,  1.3 si,  0.1 st
%Cpu(s): 19.8 us, 12.1 sy,  0.0 ni, 66.4 id,  0.0 wa,  0.0 hi,  1.6 si,  0.0 st
%Cpu(s): 18.8 us, 11.8 sy,  0.0 ni, 67.8 id,  0.0 wa,  0.0 hi,  1.5 si,  0.1 st
%Cpu(s): 16.7 us, 13.0 sy,  0.0 ni, 68.1 id,  0.0 wa,  0.0 hi,  2.0 si,  0.1 st
%Cpu(s): 19.9 us, 13.5 sy,  0.0 ni, 64.6 id,  0.0 wa,  0.0 hi,  1.9 si,  0.1 st
%Cpu(s): 20.8 us, 11.4 sy,  0.0 ni, 65.4 id,  0.0 wa,  0.0 hi,  2.3 si,  0.1 st
%Cpu(s): 18.9 us, 13.6 sy,  0.0 ni, 65.0 id,  0.0 wa,  0.0 hi,  2.6 si,  0.0 st
%Cpu(s): 19.2 us, 13.3 sy,  0.0 ni, 65.6 id,  0.0 wa,  0.0 hi,  1.8 si,  0.1 st
%Cpu(s): 19.8 us, 13.4 sy,  0.0 ni, 66.3 id,  0.0 wa,  0.0 hi,  0.3 si,  0.1 st
%Cpu(s): 19.4 us, 13.0 sy,  0.0 ni, 67.0 id,  0.0 wa,  0.0 hi,  0.5 si,  0.1 st
%Cpu(s): 17.2 us, 13.9 sy,  0.0 ni, 68.6 id,  0.0 wa,  0.0 hi,  0.3 si,  0.1 st
%Cpu(s): 19.3 us, 12.3 sy,  0.0 ni, 68.2 id,  0.0 wa,  0.0 hi,  0.1 si,  0.1 st
%Cpu(s): 18.4 us, 13.1 sy,  0.0 ni, 68.3 id,  0.0 wa,  0.0 hi,  0.3 si,  0.0 st
%Cpu(s): 18.6 us, 11.2 sy,  0.0 ni, 69.0 id,  0.0 wa,  0.0 hi,  1.0 si,  0.1 st
%Cpu(s): 17.6 us, 11.7 sy,  0.0 ni, 70.1 id,  0.0 wa,  0.0 hi,  0.5 si,  0.0 st
%Cpu(s): 17.8 us, 13.0 sy,  0.0 ni, 68.5 id,  0.0 wa,  0.0 hi,  0.5 si,  0.1 st
%Cpu(s): 20.0 us, 10.5 sy,  0.0 ni, 67.1 id,  0.0 wa,  0.0 hi,  2.3 si,  0.1 st
%Cpu(s): 18.5 us, 12.9 sy,  0.0 ni, 66.2 id,  0.0 wa,  0.0 hi,  2.2 si,  0.2 st
%Cpu(s): 17.7 us, 12.3 sy,  0.0 ni, 67.2 id,  0.0 wa,  0.0 hi,  2.8 si,  0.0 st
%Cpu(s): 17.9 us, 12.4 sy,  0.0 ni, 67.4 id,  0.0 wa,  0.0 hi,  2.1 si,  0.1 st
%Cpu(s): 17.9 us, 12.2 sy,  0.0 ni, 68.1 id,  0.0 wa,  0.0 hi,  1.7 si,  0.1 st
%Cpu(s): 18.2 us, 12.0 sy,  0.0 ni, 68.0 id,  0.0 wa,  0.0 hi,  1.8 si,  0.0 st
%Cpu(s): 18.8 us, 12.1 sy,  0.0 ni, 67.3 id,  0.0 wa,  0.0 hi,  1.7 si,  0.1 st
%Cpu(s): 20.5 us, 11.8 sy,  0.0 ni, 65.6 id,  0.0 wa,  0.0 hi,  2.1 si,  0.0 st
%Cpu(s): 19.5 us, 12.4 sy,  0.0 ni, 65.7 id,  0.0 wa,  0.0 hi,  2.3 si,  0.1 st
%Cpu(s): 19.4 us, 13.1 sy,  0.0 ni, 65.6 id,  0.0 wa,  0.0 hi,  1.9 si,  0.0 st
%Cpu(s): 18.8 us, 12.6 sy,  0.0 ni, 66.7 id,  0.0 wa,  0.0 hi,  1.8 si,  0.1 st
%Cpu(s): 18.6 us, 12.5 sy,  0.0 ni, 65.8 id,  1.4 wa,  0.0 hi,  1.5 si,  0.1 st
%Cpu(s): 19.5 us, 10.7 sy,  0.0 ni, 68.0 id,  0.0 wa,  0.0 hi,  1.8 si,  0.0 st
%Cpu(s): 18.3 us, 12.5 sy,  0.0 ni, 67.0 id,  0.0 wa,  0.0 hi,  2.0 si,  0.3 st
%Cpu(s): 17.0 us, 13.3 sy,  0.0 ni, 67.9 id,  0.1 wa,  0.0 hi,  1.7 si,  0.0 st
%Cpu(s): 17.6 us, 12.2 sy,  0.0 ni, 68.3 id,  0.0 wa,  0.0 hi,  1.9 si,  0.0 st
%Cpu(s): 19.6 us, 11.6 sy,  0.0 ni, 67.1 id,  0.0 wa,  0.0 hi,  1.6 si,  0.0 st
%Cpu(s): 17.9 us, 13.2 sy,  0.0 ni, 67.3 id,  0.0 wa,  0.0 hi,  1.6 si,  0.0 st
%Cpu(s): 20.6 us, 12.0 sy,  0.0 ni, 65.8 id,  0.0 wa,  0.0 hi,  1.6 si,  0.0 st
%Cpu(s): 18.8 us, 12.3 sy,  0.0 ni, 68.7 id,  0.0 wa,  0.0 hi,  0.1 si,  0.1 st
%Cpu(s): 18.1 us, 12.2 sy,  0.0 ni, 69.2 id,  0.0 wa,  0.0 hi,  0.4 si,  0.1 st
%Cpu(s): 18.5 us, 13.1 sy,  0.0 ni, 68.2 id,  0.0 wa,  0.0 hi,  0.3 si,  0.0 st
%Cpu(s): 18.9 us, 12.8 sy,  0.0 ni, 67.8 id,  0.0 wa,  0.0 hi,  0.5 si,  0.0 st
%Cpu(s): 19.1 us, 12.8 sy,  0.0 ni, 67.2 id,  0.0 wa,  0.0 hi,  0.8 si,  0.1 st
%Cpu(s): 19.8 us, 12.8 sy,  0.0 ni, 66.7 id,  0.0 wa,  0.0 hi,  0.5 si,  0.1 st
%Cpu(s): 20.1 us, 13.2 sy,  0.0 ni, 66.4 id,  0.0 wa,  0.0 hi,  0.3 si,  0.0 st
%Cpu(s): 18.4 us, 12.9 sy,  0.0 ni, 68.0 id,  0.0 wa,  0.0 hi,  0.5 si,  0.1 st
%Cpu(s): 20.0 us, 12.0 sy,  0.0 ni, 67.2 id,  0.0 wa,  0.0 hi,  0.8 si,  0.0 st
%Cpu(s): 18.4 us, 13.5 sy,  0.0 ni, 66.5 id,  0.0 wa,  0.0 hi,  1.5 si,  0.1 st
%Cpu(s): 19.2 us, 12.2 sy,  0.0 ni, 66.8 id,  0.0 wa,  0.0 hi,  1.8 si,  0.0 st
%Cpu(s): 18.3 us, 12.8 sy,  0.0 ni, 67.0 id,  0.0 wa,  0.0 hi,  1.8 si,  0.1 st
%Cpu(s): 20.7 us, 10.9 sy,  0.0 ni, 67.0 id,  0.0 wa,  0.0 hi,  1.3 si,  0.0 st
%Cpu(s): 19.3 us, 11.7 sy,  0.0 ni, 67.3 id,  0.0 wa,  0.0 hi,  1.5 si,  0.1 st
%Cpu(s): 18.9 us, 12.4 sy,  0.0 ni, 67.0 id,  0.0 wa,  0.0 hi,  1.8 si,  0.0 st
%Cpu(s): 18.5 us, 12.4 sy,  0.0 ni, 68.8 id,  0.0 wa,  0.0 hi,  0.3 si,  0.1 st
%Cpu(s): 18.7 us, 11.8 sy,  0.0 ni, 69.3 id,  0.0 wa,  0.0 hi,  0.3 si,  0.0 st
%Cpu(s): 18.4 us, 11.5 sy,  0.0 ni, 69.4 id,  0.0 wa,  0.0 hi,  0.5 si,  0.1 st
%Cpu(s): 19.7 us, 11.2 sy,  0.0 ni, 68.6 id,  0.0 wa,  0.0 hi,  0.5 si,  0.0 st
%Cpu(s): 19.2 us, 11.5 sy,  0.0 ni, 68.2 id,  0.0 wa,  0.0 hi,  0.8 si,  0.3 st
%Cpu(s): 18.9 us, 11.9 sy,  0.0 ni, 68.6 id,  0.0 wa,  0.0 hi,  0.5 si,  0.0 st
%Cpu(s): 20.3 us, 12.7 sy,  0.0 ni, 66.5 id,  0.0 wa,  0.0 hi,  0.4 si,  0.1 st
%Cpu(s): 19.6 us, 12.7 sy,  0.0 ni, 65.9 id,  1.3 wa,  0.0 hi,  0.4 si,  0.1 st
%Cpu(s): 21.2 us, 12.1 sy,  0.0 ni, 66.0 id,  0.0 wa,  0.0 hi,  0.6 si,  0.0 st
%Cpu(s): 17.8 us, 13.2 sy,  0.0 ni, 68.8 id,  0.0 wa,  0.0 hi,  0.1 si,  0.0 st
%Cpu(s): 19.2 us, 12.8 sy,  0.0 ni, 67.7 id,  0.0 wa,  0.0 hi,  0.1 si,  0.1 st
%Cpu(s): 21.4 us, 12.7 sy,  0.0 ni, 65.2 id,  0.0 wa,  0.0 hi,  0.6 si,  0.0 st
%Cpu(s): 19.4 us, 12.5 sy,  0.0 ni, 67.8 id,  0.0 wa,  0.0 hi,  0.3 si,  0.1 st
%Cpu(s): 20.8 us, 13.7 sy,  0.0 ni, 65.0 id,  0.0 wa,  0.0 hi,  0.4 si,  0.0 st
%Cpu(s): 22.7 us, 13.3 sy,  0.0 ni, 62.5 id,  0.0 wa,  0.0 hi,  1.5 si,  0.0 st
%Cpu(s): 20.3 us, 13.8 sy,  0.0 ni, 63.6 id,  0.0 wa,  0.0 hi,  2.2 si,  0.1 st
%Cpu(s): 20.2 us, 13.3 sy,  0.0 ni, 64.4 id,  0.0 wa,  0.0 hi,  2.2 si,  0.0 st
%Cpu(s): 20.8 us, 13.0 sy,  0.0 ni, 64.3 id,  0.0 wa,  0.0 hi,  1.9 si,  0.0 st
%Cpu(s): 19.6 us, 13.6 sy,  0.0 ni, 65.2 id,  0.0 wa,  0.0 hi,  1.5 si,  0.0 st
%Cpu(s): 19.1 us, 13.4 sy,  0.0 ni, 65.6 id,  0.0 wa,  0.0 hi,  1.9 si,  0.0 st
%Cpu(s): 19.3 us, 11.9 sy,  0.0 ni, 66.9 id,  0.1 wa,  0.0 hi,  1.7 si,  0.1 st
%Cpu(s): 19.1 us, 13.0 sy,  0.0 ni, 66.2 id,  0.0 wa,  0.0 hi,  1.8 si,  0.0 st
%Cpu(s): 19.5 us, 12.0 sy,  0.0 ni, 66.5 id,  0.0 wa,  0.0 hi,  1.9 si,  0.1 st
%Cpu(s): 18.3 us, 12.8 sy,  0.0 ni, 66.6 id,  0.0 wa,  0.0 hi,  2.1 si,  0.1 st
%Cpu(s): 18.2 us, 11.6 sy,  0.0 ni, 67.7 id,  0.0 wa,  0.0 hi,  2.5 si,  0.0 st
%Cpu(s): 18.0 us, 12.1 sy,  0.0 ni, 67.7 id,  0.0 wa,  0.0 hi,  2.1 si,  0.1 st
%Cpu(s): 18.4 us, 12.3 sy,  0.0 ni, 67.8 id,  0.0 wa,  0.0 hi,  1.4 si,  0.1 st
%Cpu(s): 17.8 us, 12.3 sy,  0.0 ni, 67.3 id,  0.0 wa,  0.0 hi,  2.5 si,  0.0 st
%Cpu(s): 19.6 us, 13.3 sy,  0.0 ni, 65.0 id,  0.0 wa,  0.0 hi,  2.1 si,  0.0 st
%Cpu(s): 15.8 us,  8.8 sy,  0.0 ni, 73.9 id,  0.0 wa,  0.0 hi,  1.4 si,  0.1 st
%Cpu(s):  1.0 us,  0.6 sy,  0.0 ni, 98.3 id,  0.0 wa,  0.0 hi,  0.0 si,  0.1 st
%Cpu(s):  0.2 us,  0.1 sy,  0.0 ni, 99.6 id,  0.0 wa,  0.0 hi,  0.0 si,  0.0 st
%Cpu(s):  0.1 us,  0.1 sy,  0.0 ni, 99.8 id,  0.0 wa,  0.0 hi,  0.0 si,  0.0 st
%Cpu(s):  0.0 us,  0.1 sy,  0.0 ni, 99.9 id,  0.0 wa,  0.0 hi,  0.0 si,  0.0 st
%Cpu(s):  0.1 us,  0.1 sy,  0.0 ni, 99.8 id,  0.0 wa,  0.0 hi,  0.0 si,  0.0 st
%Cpu(s):  0.1 us,  0.1 sy,  0.0 ni, 99.8 id,  0.0 wa,  0.0 hi,  0.0 si,  0.0 st
%Cpu(s):  0.1 us,  0.0 sy,  0.0 ni, 99.9 id,  0.0 wa,  0.0 hi,  0.0 si,  0.0 st
%Cpu(s):  0.1 us,  0.4 sy,  0.0 ni, 97.5 id,  2.0 wa,  0.0 hi,  0.0 si,  0.0 st
%Cpu(s):  0.1 us,  0.0 sy,  0.0 ni, 99.9 id,  0.0 wa,  0.0 hi,  0.0 si,  0.0 st
%Cpu(s):  0.1 us,  0.1 sy,  0.0 ni, 99.6 id,  0.0 wa,  0.0 hi,  0.0 si,  0.1 st
%Cpu(s):  0.2 us,  0.0 sy,  0.0 ni, 99.8 id,  0.0 wa,  0.0 hi,  0.0 si,  0.0 st
%Cpu(s):  0.0 us,  0.1 sy,  0.0 ni, 99.9 id,  0.0 wa,  0.0 hi,  0.0 si,  0.0 st
%Cpu(s):  3.6 us,  0.1 sy,  0.0 ni, 96.3 id,  0.0 wa,  0.0 hi,  0.0 si,  0.0 st
%Cpu(s):  0.1 us,  0.2 sy,  0.0 ni, 99.6 id,  0.0 wa,  0.0 hi,  0.0 si,  0.0 st
%Cpu(s):  0.0 us,  0.1 sy,  0.0 ni, 99.8 id,  0.0 wa,  0.0 hi,  0.0 si,  0.1 st
%Cpu(s):  0.1 us,  0.1 sy,  0.0 ni, 99.6 id,  0.1 wa,  0.0 hi,  0.0 si,  0.0 st
%Cpu(s):  0.1 us,  0.1 sy,  0.0 ni, 99.8 id,  0.0 wa,  0.0 hi,  0.0 si,  0.0 st
%Cpu(s):  0.2 us,  0.1 sy,  0.0 ni, 99.6 id,  0.0 wa,  0.0 hi,  0.0 si,  0.0 st
%Cpu(s):  0.2 us,  0.1 sy,  0.0 ni, 99.6 id,  0.0 wa,  0.0 hi,  0.0 si,  0.0 st
%Cpu(s):  0.2 us,  0.0 sy,  0.0 ni, 99.8 id,  0.0 wa,  0.0 hi,  0.0 si,  0.0 st
%Cpu(s):  0.2 us,  0.1 sy,  0.0 ni, 99.6 id,  0.0 wa,  0.0 hi,  0.0 si,  0.0 st
%Cpu(s):  0.2 us,  0.1 sy,  0.0 ni, 99.6 id,  0.0 wa,  0.0 hi,  0.0 si,  0.0 st
%Cpu(s):  0.0 us,  0.1 sy,  0.0 ni, 99.9 id,  0.0 wa,  0.0 hi,  0.0 si,  0.0 st
%Cpu(s):  0.5 us,  0.2 sy,  0.0 ni, 99.3 id,  0.0 wa,  0.0 hi,  0.0 si,  0.0 st
