%Cpu(s):  1.5 us,  0.6 sy,  0.0 ni, 97.8 id,  0.0 wa,  0.0 hi,  0.1 si,  0.0 st
%Cpu(s):  0.1 us,  0.0 sy,  0.0 ni, 99.9 id,  0.0 wa,  0.0 hi,  0.0 si,  0.0 st
%Cpu(s):  0.7 us,  0.0 sy,  0.0 ni, 99.3 id,  0.0 wa,  0.0 hi,  0.0 si,  0.0 st
%Cpu(s):  0.2 us,  0.1 sy,  0.0 ni, 99.5 id,  0.1 wa,  0.0 hi,  0.0 si,  0.0 st
%Cpu(s): 10.9 us,  0.5 sy,  0.0 ni, 88.3 id,  0.2 wa,  0.0 hi,  0.0 si,  0.0 st
%Cpu(s): 23.3 us,  2.2 sy,  0.0 ni, 74.0 id,  0.0 wa,  0.0 hi,  0.2 si,  0.2 st
%Cpu(s): 16.8 us,  1.2 sy,  0.0 ni, 81.7 id,  0.0 wa,  0.0 hi,  0.1 si,  0.1 st
%Cpu(s): 16.1 us,  2.0 sy,  0.0 ni, 81.5 id,  0.0 wa,  0.0 hi,  0.2 si,  0.1 st
%Cpu(s): 27.9 us,  2.5 sy,  0.0 ni, 69.0 id,  0.0 wa,  0.0 hi,  0.4 si,  0.2 st
%Cpu(s): 11.7 us,  1.4 sy,  0.0 ni, 86.4 id,  0.0 wa,  0.0 hi,  0.5 si,  0.0 st
%Cpu(s):  5.1 us,  2.0 sy,  0.0 ni, 92.2 id,  0.0 wa,  0.0 hi,  0.5 si,  0.1 st
%Cpu(s):  3.9 us,  2.1 sy,  0.0 ni, 93.5 id,  0.0 wa,  0.0 hi,  0.4 si,  0.1 st
%Cpu(s):  3.5 us,  2.3 sy,  0.0 ni, 93.7 id,  0.0 wa,  0.0 hi,  0.4 si,  0.1 st
%Cpu(s):  3.5 us,  2.3 sy,  0.0 ni, 93.7 id,  0.0 wa,  0.0 hi,  0.3 si,  0.3 st
%Cpu(s):  3.3 us,  2.5 sy,  0.0 ni, 93.7 id,  0.0 wa,  0.0 hi,  0.3 si,  0.3 st
%Cpu(s):  4.0 us,  2.4 sy,  0.0 ni, 93.6 id,  0.0 wa,  0.0 hi,  0.0 si,  0.0 st
%Cpu(s):  4.1 us,  2.6 sy,  0.0 ni, 92.5 id,  0.0 wa,  0.0 hi,  0.5 si,  0.3 st
%Cpu(s):  6.9 us,  2.5 sy,  0.0 ni, 90.3 id,  0.0 wa,  0.0 hi,  0.1 si,  0.1 st
%Cpu(s):  4.8 us,  2.1 sy,  0.0 ni, 92.7 id,  0.0 wa,  0.0 hi,  0.3 si,  0.1 st
%Cpu(s): 11.6 us,  2.5 sy,  0.0 ni, 85.4 id,  0.0 wa,  0.0 hi,  0.4 si,  0.1 st
%Cpu(s): 26.3 us,  3.6 sy,  0.0 ni, 69.7 id,  0.0 wa,  0.0 hi,  0.3 si,  0.1 st
%Cpu(s): 20.3 us,  3.8 sy,  0.0 ni, 75.6 id,  0.0 wa,  0.0 hi,  0.3 si,  0.0 st
%Cpu(s):  5.8 us,  4.9 sy,  0.0 ni, 88.9 id,  0.0 wa,  0.0 hi,  0.5 si,  0.0 st
%Cpu(s):  7.0 us,  5.9 sy,  0.0 ni, 87.0 id,  0.0 wa,  0.0 hi,  0.1 si,  0.0 st
%Cpu(s):  5.0 us,  4.6 sy,  0.0 ni, 90.4 id,  0.0 wa,  0.0 hi,  0.0 si,  0.0 st
%Cpu(s):  5.3 us,  4.8 sy,  0.0 ni, 89.8 id,  0.0 wa,  0.0 hi,  0.0 si,  0.0 st
%Cpu(s):  7.6 us,  5.3 sy,  0.0 ni, 86.7 id,  0.0 wa,  0.0 hi,  0.4 si,  0.0 st
%Cpu(s):  7.2 us,  6.3 sy,  0.0 ni, 85.2 id,  0.0 wa,  0.0 hi,  1.3 si,  0.0 st
%Cpu(s):  7.1 us,  5.8 sy,  0.0 ni, 85.3 id,  0.0 wa,  0.0 hi,  1.8 si,  0.0 st
%Cpu(s):  7.0 us,  6.1 sy,  0.0 ni, 85.8 id,  0.0 wa,  0.0 hi,  1.0 si,  0.0 st
%Cpu(s):  7.2 us,  6.7 sy,  0.0 ni, 86.0 id,  0.0 wa,  0.0 hi,  0.1 si,  0.0 st
%Cpu(s): 18.5 us,  6.5 sy,  0.0 ni, 74.3 id,  0.0 wa,  0.0 hi,  0.5 si,  0.1 st
%Cpu(s): 17.3 us,  4.6 sy,  0.0 ni, 76.4 id,  0.0 wa,  0.0 hi,  1.7 si,  0.0 st
%Cpu(s): 10.2 us,  4.7 sy,  0.0 ni, 83.4 id,  0.1 wa,  0.0 hi,  1.6 si,  0.0 st
%Cpu(s):  9.6 us,  5.1 sy,  0.0 ni, 84.3 id,  0.0 wa,  0.0 hi,  1.0 si,  0.0 st
%Cpu(s):  8.5 us,  5.0 sy,  0.0 ni, 85.2 id,  0.0 wa,  0.0 hi,  1.2 si,  0.0 st
%Cpu(s): 12.2 us,  5.3 sy,  0.0 ni, 81.3 id,  0.0 wa,  0.0 hi,  1.0 si,  0.1 st
%Cpu(s): 12.1 us,  3.8 sy,  0.0 ni, 82.7 id,  0.0 wa,  0.0 hi,  1.4 si,  0.0 st
%Cpu(s): 11.0 us,  5.6 sy,  0.0 ni, 82.3 id,  0.0 wa,  0.0 hi,  1.1 si,  0.0 st
%Cpu(s):  7.0 us,  5.0 sy,  0.0 ni, 87.1 id,  0.0 wa,  0.0 hi,  0.9 si,  0.0 st
%Cpu(s):  6.3 us,  5.3 sy,  0.0 ni, 87.5 id,  0.0 wa,  0.0 hi,  1.0 si,  0.0 st
%Cpu(s):  7.5 us,  4.6 sy,  0.0 ni, 86.6 id,  0.0 wa,  0.0 hi,  1.3 si,  0.0 st
%Cpu(s):  6.4 us,  5.2 sy,  0.0 ni, 87.4 id,  0.0 wa,  0.0 hi,  1.0 si,  0.0 st
%Cpu(s):  7.3 us,  5.3 sy,  0.0 ni, 86.2 id,  0.0 wa,  0.0 hi,  1.3 si,  0.0 st
%Cpu(s):  8.8 us,  6.8 sy,  0.0 ni, 83.0 id,  0.0 wa,  0.0 hi,  1.2 si,  0.1 st
%Cpu(s):  7.7 us,  4.7 sy,  0.0 ni, 86.3 id,  0.0 wa,  0.0 hi,  1.2 si,  0.0 st
%Cpu(s):  5.9 us,  4.9 sy,  0.0 ni, 87.8 id,  0.0 wa,  0.0 hi,  1.5 si,  0.0 st
%Cpu(s):  6.5 us,  4.2 sy,  0.0 ni, 88.6 id,  0.0 wa,  0.0 hi,  0.8 si,  0.0 st
%Cpu(s):  7.2 us,  5.8 sy,  0.0 ni, 85.3 id,  0.1 wa,  0.0 hi,  1.5 si,  0.0 st
%Cpu(s):  8.7 us,  5.2 sy,  0.0 ni, 85.0 id,  0.0 wa,  0.0 hi,  1.0 si,  0.1 st
%Cpu(s): 11.7 us,  5.8 sy,  0.0 ni, 82.4 id,  0.0 wa,  0.0 hi,  0.1 si,  0.0 st
%Cpu(s):  7.4 us,  5.8 sy,  0.0 ni, 86.6 id,  0.0 wa,  0.0 hi,  0.1 si,  0.0 st
%Cpu(s): 16.3 us,  5.4 sy,  0.0 ni, 78.2 id,  0.0 wa,  0.0 hi,  0.1 si,  0.0 st
%Cpu(s):  6.3 us,  4.2 sy,  0.0 ni, 89.2 id,  0.1 wa,  0.0 hi,  0.1 si,  0.0 st
%Cpu(s):  7.0 us,  5.7 sy,  0.0 ni, 86.5 id,  0.0 wa,  0.0 hi,  0.8 si,  0.1 st
%Cpu(s):  8.4 us,  6.2 sy,  0.0 ni, 85.1 id,  0.0 wa,  0.0 hi,  0.2 si,  0.0 st
%Cpu(s):  7.0 us,  5.4 sy,  0.0 ni, 87.6 id,  0.0 wa,  0.0 hi,  0.0 si,  0.0 st
%Cpu(s):  7.9 us,  5.4 sy,  0.0 ni, 86.6 id,  0.0 wa,  0.0 hi,  0.1 si,  0.0 st
%Cpu(s):  6.5 us,  4.0 sy,  0.0 ni, 89.4 id,  0.0 wa,  0.0 hi,  0.1 si,  0.0 st
%Cpu(s):  6.2 us,  5.6 sy,  0.0 ni, 87.9 id,  0.0 wa,  0.0 hi,  0.3 si,  0.0 st
%Cpu(s): 10.0 us,  5.1 sy,  0.0 ni, 84.6 id,  0.0 wa,  0.0 hi,  0.3 si,  0.0 st
%Cpu(s):  3.1 us,  1.8 sy,  0.0 ni, 94.7 id,  0.0 wa,  0.0 hi,  0.3 si,  0.1 st
%Cpu(s):  1.7 us,  1.0 sy,  0.0 ni, 96.9 id,  0.1 wa,  0.0 hi,  0.0 si,  0.2 st
%Cpu(s):  1.5 us,  0.9 sy,  0.0 ni, 97.6 id,  0.0 wa,  0.0 hi,  0.0 si,  0.0 st
%Cpu(s):  1.7 us,  0.9 sy,  0.0 ni, 97.3 id,  0.0 wa,  0.0 hi,  0.0 si,  0.1 st
%Cpu(s):  1.5 us,  1.0 sy,  0.0 ni, 97.4 id,  0.0 wa,  0.0 hi,  0.0 si,  0.1 st
%Cpu(s):  1.8 us,  1.0 sy,  0.0 ni, 97.0 id,  0.0 wa,  0.0 hi,  0.0 si,  0.2 st
%Cpu(s):  2.4 us,  1.1 sy,  0.0 ni, 96.3 id,  0.0 wa,  0.0 hi,  0.0 si,  0.2 st
%Cpu(s):  1.5 us,  1.4 sy,  0.0 ni, 97.0 id,  0.0 wa,  0.0 hi,  0.0 si,  0.1 st
%Cpu(s):  1.5 us,  1.4 sy,  0.0 ni, 96.9 id,  0.0 wa,  0.0 hi,  0.0 si,  0.2 st
%Cpu(s):  2.1 us,  0.9 sy,  0.0 ni, 96.9 id,  0.0 wa,  0.0 hi,  0.0 si,  0.1 st
%Cpu(s):  1.4 us,  1.2 sy,  0.0 ni, 97.1 id,  0.0 wa,  0.0 hi,  0.0 si,  0.2 st
%Cpu(s):  1.7 us,  1.2 sy,  0.0 ni, 96.8 id,  0.0 wa,  0.0 hi,  0.0 si,  0.2 st
%Cpu(s):  0.2 us,  0.1 sy,  0.0 ni, 99.6 id,  0.0 wa,  0.0 hi,  0.0 si,  0.0 st
%Cpu(s):  0.1 us,  0.1 sy,  0.0 ni, 99.8 id,  0.0 wa,  0.0 hi,  0.0 si,  0.0 st
%Cpu(s):  0.1 us,  0.1 sy,  0.0 ni, 99.8 id,  0.0 wa,  0.0 hi,  0.0 si,  0.0 st
%Cpu(s):  0.1 us,  0.1 sy,  0.0 ni, 99.8 id,  0.0 wa,  0.0 hi,  0.0 si,  0.0 st
%Cpu(s):  0.6 us,  0.2 sy,  0.0 ni, 99.1 id,  0.0 wa,  0.0 hi,  0.0 si,  0.0 st
%Cpu(s):  0.2 us,  0.0 sy,  0.0 ni, 99.8 id,  0.0 wa,  0.0 hi,  0.0 si,  0.0 st
%Cpu(s):  0.1 us,  0.1 sy,  0.0 ni, 99.8 id,  0.0 wa,  0.0 hi,  0.0 si,  0.0 st
%Cpu(s):  0.1 us,  0.1 sy,  0.0 ni, 99.8 id,  0.0 wa,  0.0 hi,  0.0 si,  0.0 st
%Cpu(s):  0.0 us,  0.1 sy,  0.0 ni, 99.9 id,  0.0 wa,  0.0 hi,  0.0 si,  0.0 st
%Cpu(s):  0.2 us,  0.4 sy,  0.0 ni, 99.3 id,  0.1 wa,  0.0 hi,  0.0 si,  0.0 st
