%Cpu(s):  1.4 us,  0.6 sy,  0.0 ni, 97.9 id,  0.0 wa,  0.0 hi,  0.1 si,  0.0 st
%Cpu(s):  0.1 us,  0.1 sy,  0.0 ni, 99.8 id,  0.0 wa,  0.0 hi,  0.0 si,  0.0 st
%Cpu(s):  0.1 us,  0.0 sy,  0.0 ni, 99.9 id,  0.0 wa,  0.0 hi,  0.0 si,  0.0 st
%Cpu(s):  0.1 us,  0.1 sy,  0.0 ni, 99.8 id,  0.0 wa,  0.0 hi,  0.0 si,  0.0 st
%Cpu(s):  0.2 us,  0.2 sy,  0.0 ni, 99.4 id,  0.1 wa,  0.0 hi,  0.0 si,  0.0 st
%Cpu(s): 32.1 us,  2.6 sy,  0.0 ni, 64.9 id,  0.1 wa,  0.0 hi,  0.3 si,  0.0 st
%Cpu(s): 34.6 us,  2.9 sy,  0.0 ni, 62.4 id,  0.0 wa,  0.0 hi,  0.1 si,  0.0 st
%Cpu(s): 33.1 us,  2.5 sy,  0.0 ni, 63.9 id,  0.0 wa,  0.0 hi,  0.5 si,  0.0 st
%Cpu(s): 12.9 us,  3.6 sy,  0.0 ni, 83.3 id,  0.0 wa,  0.0 hi,  0.3 si,  0.0 st
%Cpu(s):  6.0 us,  4.5 sy,  0.0 ni, 88.6 id,  0.1 wa,  0.0 hi,  0.6 si,  0.1 st
%Cpu(s):  5.5 us,  3.3 sy,  0.0 ni, 90.8 id,  0.0 wa,  0.0 hi,  0.4 si,  0.0 st
%Cpu(s):  9.6 us,  3.3 sy,  0.0 ni, 86.9 id,  0.0 wa,  0.0 hi,  0.3 si,  0.0 st
%Cpu(s):  5.8 us,  2.8 sy,  0.0 ni, 90.8 id,  0.0 wa,  0.0 hi,  0.5 si,  0.1 st
%Cpu(s):  6.8 us,  3.2 sy,  0.0 ni, 89.3 id,  0.0 wa,  0.0 hi,  0.8 si,  0.0 st
%Cpu(s):  5.9 us,  4.6 sy,  0.0 ni, 88.3 id,  0.0 wa,  0.0 hi,  1.1 si,  0.1 st
%Cpu(s):  6.5 us,  3.0 sy,  0.0 ni, 89.6 id,  0.0 wa,  0.0 hi,  0.9 si,  0.0 st
%Cpu(s):  6.6 us,  2.5 sy,  0.0 ni, 90.3 id,  0.0 wa,  0.0 hi,  0.6 si,  0.0 st
%Cpu(s):  4.8 us,  3.5 sy,  0.0 ni, 91.0 id,  0.0 wa,  0.0 hi,  0.8 si,  0.0 st
%Cpu(s):  6.5 us,  3.9 sy,  0.0 ni, 88.9 id,  0.0 wa,  0.0 hi,  0.6 si,  0.0 st
%Cpu(s):  6.8 us,  4.0 sy,  0.0 ni, 88.5 id,  0.0 wa,  0.0 hi,  0.8 si,  0.0 st
%Cpu(s):  6.7 us,  4.1 sy,  0.0 ni, 88.2 id,  0.0 wa,  0.0 hi,  1.0 si,  0.0 st
%Cpu(s):  6.1 us,  4.7 sy,  0.0 ni, 88.7 id,  0.0 wa,  0.0 hi,  0.6 si,  0.0 st
%Cpu(s):  5.4 us,  3.7 sy,  0.0 ni, 90.3 id,  0.0 wa,  0.0 hi,  0.5 si,  0.1 st
%Cpu(s):  5.6 us,  3.5 sy,  0.0 ni, 90.5 id,  0.0 wa,  0.0 hi,  0.3 si,  0.1 st
%Cpu(s):  5.1 us,  3.4 sy,  0.0 ni, 91.1 id,  0.0 wa,  0.0 hi,  0.4 si,  0.0 st
%Cpu(s): 11.2 us,  3.1 sy,  0.0 ni, 85.2 id,  0.0 wa,  0.0 hi,  0.5 si,  0.0 st
%Cpu(s): 11.2 us,  4.1 sy,  0.0 ni, 83.7 id,  0.0 wa,  0.0 hi,  1.0 si,  0.0 st
%Cpu(s): 13.8 us,  3.2 sy,  0.0 ni, 82.3 id,  0.0 wa,  0.0 hi,  0.5 si,  0.3 st
%Cpu(s): 10.0 us,  3.4 sy,  0.0 ni, 86.2 id,  0.0 wa,  0.0 hi,  0.4 si,  0.0 st
%Cpu(s):  6.0 us,  3.2 sy,  0.0 ni, 90.4 id,  0.1 wa,  0.0 hi,  0.4 si,  0.0 st
%Cpu(s):  5.5 us,  3.1 sy,  0.0 ni, 91.0 id,  0.0 wa,  0.0 hi,  0.5 si,  0.0 st
%Cpu(s):  6.6 us,  3.1 sy,  0.0 ni, 89.8 id,  0.0 wa,  0.0 hi,  0.4 si,  0.0 st
%Cpu(s): 15.6 us,  5.1 sy,  0.0 ni, 78.4 id,  0.0 wa,  0.0 hi,  0.9 si,  0.0 st
%Cpu(s): 21.4 us,  4.3 sy,  0.0 ni, 73.5 id,  0.0 wa,  0.0 hi,  0.8 si,  0.0 st
%Cpu(s): 28.7 us,  8.6 sy,  0.0 ni, 61.1 id,  0.0 wa,  0.0 hi,  1.6 si,  0.0 st
%Cpu(s): 12.5 us,  7.8 sy,  0.0 ni, 78.8 id,  0.0 wa,  0.0 hi,  0.9 si,  0.0 st
%Cpu(s): 13.3 us,  7.7 sy,  0.0 ni, 78.4 id,  0.0 wa,  0.0 hi,  0.5 si,  0.1 st
%Cpu(s): 16.3 us,  8.2 sy,  0.0 ni, 74.0 id,  1.1 wa,  0.0 hi,  0.3 si,  0.1 st
%Cpu(s): 12.9 us,  8.6 sy,  0.0 ni, 77.3 id,  0.0 wa,  0.0 hi,  1.2 si,  0.0 st
