%Cpu(s):  0.0 us,  0.0 sy,  0.0 ni, 99.9 id,  0.0 wa,  0.0 hi,  0.0 si,  0.0 st
%Cpu(s):  0.4 us,  0.0 sy,  0.0 ni, 99.5 id,  0.1 wa,  0.0 hi,  0.0 si,  0.0 st
%Cpu(s): 31.0 us,  4.5 sy,  0.0 ni, 64.5 id,  0.0 wa,  0.0 hi,  0.0 si,  0.0 st
%Cpu(s): 86.2 us,  4.6 sy,  0.0 ni,  9.1 id,  0.0 wa,  0.0 hi,  0.0 si,  0.1 st
%Cpu(s): 79.5 us,  2.1 sy,  0.0 ni, 18.2 id,  0.1 wa,  0.0 hi,  0.0 si,  0.0 st
%Cpu(s): 95.2 us,  1.9 sy,  0.0 ni,  2.9 id,  0.0 wa,  0.0 hi,  0.0 si,  0.0 st
%Cpu(s): 95.6 us,  3.1 sy,  0.0 ni,  1.1 id,  0.0 wa,  0.0 hi,  0.1 si,  0.0 st
%Cpu(s): 95.0 us,  3.4 sy,  0.0 ni,  1.5 id,  0.0 wa,  0.0 hi,  0.1 si,  0.0 st
%Cpu(s): 31.4 us,  0.9 sy,  0.0 ni, 67.5 id,  0.0 wa,  0.0 hi,  0.1 si,  0.1 st
%Cpu(s):  4.7 us,  1.2 sy,  0.0 ni, 94.0 id,  0.0 wa,  0.0 hi,  0.0 si,  0.0 st
%Cpu(s):  2.0 us,  1.1 sy,  0.0 ni, 96.9 id,  0.0 wa,  0.0 hi,  0.0 si,  0.0 st
%Cpu(s):  2.9 us,  1.1 sy,  0.0 ni, 95.9 id,  0.1 wa,  0.0 hi,  0.0 si,  0.0 st
%Cpu(s):  6.0 us,  0.8 sy,  0.0 ni, 93.1 id,  0.0 wa,  0.0 hi,  0.1 si,  0.0 st
%Cpu(s):  4.0 us,  0.9 sy,  0.0 ni, 95.0 id,  0.0 wa,  0.0 hi,  0.0 si,  0.1 st
%Cpu(s):  3.0 us,  0.5 sy,  0.0 ni, 96.5 id,  0.0 wa,  0.0 hi,  0.0 si,  0.0 st
%Cpu(s):  1.4 us,  0.9 sy,  0.0 ni, 97.8 id,  0.0 wa,  0.0 hi,  0.0 si,  0.0 st
%Cpu(s):  2.2 us,  2.0 sy,  0.0 ni, 95.5 id,  0.1 wa,  0.0 hi,  0.0 si,  0.1 st
%Cpu(s):  3.3 us,  1.9 sy,  0.0 ni, 94.7 id,  0.0 wa,  0.0 hi,  0.1 si,  0.0 st
%Cpu(s): 63.9 us,  6.2 sy,  0.0 ni, 29.2 id,  0.0 wa,  0.0 hi,  0.6 si,  0.0 st
%Cpu(s): 85.0 us, 12.3 sy,  0.0 ni,  0.4 id,  0.0 wa,  0.0 hi,  2.4 si,  0.0 st
%Cpu(s): 83.6 us, 12.8 sy,  0.0 ni,  0.1 id,  0.0 wa,  0.0 hi,  3.5 si,  0.0 st
%Cpu(s): 89.6 us,  8.6 sy,  0.0 ni,  0.4 id,  0.0 wa,  0.0 hi,  1.5 si,  0.0 st
%Cpu(s): 83.0 us,  8.1 sy,  0.0 ni,  7.5 id,  0.0 wa,  0.0 hi,  1.4 si,  0.0 st
%Cpu(s): 58.2 us,  5.4 sy,  0.0 ni, 35.7 id,  0.0 wa,  0.0 hi,  0.8 si,  0.0 st
%Cpu(s): 32.1 us,  3.8 sy,  0.0 ni, 62.8 id,  0.0 wa,  0.0 hi,  1.4 si,  0.0 st
%Cpu(s): 61.1 us,  4.9 sy,  0.0 ni, 32.8 id,  0.0 wa,  0.0 hi,  1.2 si,  0.0 st
%Cpu(s): 50.7 us,  4.3 sy,  0.0 ni, 43.7 id,  0.0 wa,  0.0 hi,  1.4 si,  0.0 st
%Cpu(s): 47.2 us,  4.7 sy,  0.0 ni, 47.6 id,  0.0 wa,  0.0 hi,  0.5 si,  0.0 st
%Cpu(s): 31.1 us,  4.4 sy,  0.0 ni, 63.7 id,  0.0 wa,  0.0 hi,  0.7 si,  0.1 st
%Cpu(s):  8.4 us,  4.3 sy,  0.0 ni, 86.3 id,  0.0 wa,  0.0 hi,  1.0 si,  0.0 st
%Cpu(s): 10.1 us,  3.9 sy,  0.0 ni, 84.7 id,  0.0 wa,  0.0 hi,  1.2 si,  0.1 st
%Cpu(s): 12.3 us,  3.9 sy,  0.0 ni, 83.0 id,  0.0 wa,  0.0 hi,  0.8 si,  0.0 st
%Cpu(s): 25.0 us,  3.3 sy,  0.0 ni, 71.0 id,  0.0 wa,  0.0 hi,  0.8 si,  0.0 st
%Cpu(s): 19.4 us,  3.8 sy,  0.0 ni, 76.0 id,  0.0 wa,  0.0 hi,  0.8 si,  0.0 st
%Cpu(s): 19.3 us,  3.5 sy,  0.0 ni, 76.3 id,  0.0 wa,  0.0 hi,  0.9 si,  0.0 st
%Cpu(s): 13.6 us,  4.3 sy,  0.0 ni, 81.4 id,  0.0 wa,  0.0 hi,  0.8 si,  0.0 st
%Cpu(s):  6.5 us,  4.2 sy,  0.0 ni, 88.8 id,  0.0 wa,  0.0 hi,  0.5 si,  0.0 st
%Cpu(s): 20.5 us,  4.9 sy,  0.0 ni, 73.7 id,  0.0 wa,  0.0 hi,  0.7 si,  0.2 st
%Cpu(s): 16.8 us,  3.8 sy,  0.0 ni, 78.9 id,  0.0 wa,  0.0 hi,  0.5 si,  0.0 st
%Cpu(s): 28.7 us,  4.9 sy,  0.0 ni, 65.9 id,  0.0 wa,  0.0 hi,  0.5 si,  0.0 st
%Cpu(s): 12.5 us,  3.7 sy,  0.0 ni, 83.2 id,  0.0 wa,  0.0 hi,  0.6 si,  0.0 st
%Cpu(s):  8.8 us,  3.9 sy,  0.0 ni, 86.4 id,  0.0 wa,  0.0 hi,  0.9 si,  0.0 st
%Cpu(s):  6.9 us,  3.6 sy,  0.0 ni, 88.6 id,  0.0 wa,  0.0 hi,  0.9 si,  0.0 st
%Cpu(s): 14.1 us,  4.3 sy,  0.0 ni, 80.5 id,  0.0 wa,  0.0 hi,  1.1 si,  0.0 st
%Cpu(s): 11.6 us,  4.3 sy,  0.0 ni, 83.2 id,  0.0 wa,  0.0 hi,  0.8 si,  0.1 st
%Cpu(s): 13.9 us,  3.4 sy,  0.0 ni, 81.9 id,  0.0 wa,  0.0 hi,  0.8 si,  0.0 st
%Cpu(s):  5.9 us,  3.7 sy,  0.0 ni, 88.9 id,  0.1 wa,  0.0 hi,  1.2 si,  0.1 st
%Cpu(s): 12.2 us,  4.3 sy,  0.0 ni, 82.8 id,  0.0 wa,  0.0 hi,  0.8 si,  0.0 st
%Cpu(s): 19.0 us,  3.5 sy,  0.0 ni, 77.0 id,  0.0 wa,  0.0 hi,  0.5 si,  0.0 st
%Cpu(s): 19.7 us,  3.3 sy,  0.0 ni, 76.5 id,  0.0 wa,  0.0 hi,  0.5 si,  0.0 st
%Cpu(s): 16.3 us,  4.0 sy,  0.0 ni, 78.8 id,  0.0 wa,  0.0 hi,  0.9 si,  0.0 st
%Cpu(s):  6.3 us,  3.3 sy,  0.0 ni, 89.0 id,  0.0 wa,  0.0 hi,  1.4 si,  0.0 st
%Cpu(s):  9.8 us,  4.6 sy,  0.0 ni, 84.8 id,  0.0 wa,  0.0 hi,  0.8 si,  0.0 st
%Cpu(s): 10.4 us,  3.8 sy,  0.0 ni, 84.8 id,  0.0 wa,  0.0 hi,  1.0 si,  0.0 st
%Cpu(s):  4.6 us,  4.2 sy,  0.0 ni, 90.5 id,  0.0 wa,  0.0 hi,  0.8 si,  0.0 st
%Cpu(s):  6.0 us,  4.1 sy,  0.0 ni, 89.0 id,  0.0 wa,  0.0 hi,  0.7 si,  0.1 st
%Cpu(s):  6.6 us,  3.9 sy,  0.0 ni, 88.4 id,  0.0 wa,  0.0 hi,  1.0 si,  0.0 st
%Cpu(s):  6.0 us,  3.9 sy,  0.0 ni, 89.3 id,  0.0 wa,  0.0 hi,  0.8 si,  0.0 st
%Cpu(s): 11.5 us,  4.2 sy,  0.0 ni, 83.5 id,  0.0 wa,  0.0 hi,  0.6 si,  0.1 st
%Cpu(s): 10.7 us,  4.7 sy,  0.0 ni, 83.5 id,  0.0 wa,  0.0 hi,  1.0 si,  0.0 st
%Cpu(s):  5.8 us,  3.6 sy,  0.0 ni, 89.5 id,  0.0 wa,  0.0 hi,  1.0 si,  0.1 st
%Cpu(s):  2.6 us,  1.5 sy,  0.0 ni, 95.9 id,  0.0 wa,  0.0 hi,  0.0 si,  0.0 st
%Cpu(s):  1.4 us,  1.5 sy,  0.0 ni, 97.1 id,  0.0 wa,  0.0 hi,  0.0 si,  0.0 st
%Cpu(s):  1.8 us,  1.5 sy,  0.0 ni, 96.8 id,  0.0 wa,  0.0 hi,  0.0 si,  0.0 st
%Cpu(s):  1.3 us,  1.6 sy,  0.0 ni, 97.1 id,  0.0 wa,  0.0 hi,  0.0 si,  0.0 st
%Cpu(s):  1.5 us,  1.7 sy,  0.0 ni, 96.6 id,  0.0 wa,  0.0 hi,  0.0 si,  0.1 st
%Cpu(s):  1.5 us,  1.5 sy,  0.0 ni, 96.9 id,  0.0 wa,  0.0 hi,  0.1 si,  0.0 st
%Cpu(s):  1.9 us,  1.4 sy,  0.0 ni, 96.6 id,  0.0 wa,  0.0 hi,  0.0 si,  0.1 st
%Cpu(s):  2.2 us,  1.0 sy,  0.0 ni, 96.8 id,  0.0 wa,  0.0 hi,  0.0 si,  0.0 st
%Cpu(s):  2.0 us,  1.6 sy,  0.0 ni, 96.4 id,  0.0 wa,  0.0 hi,  0.0 si,  0.0 st
%Cpu(s):  1.1 us,  1.2 sy,  0.0 ni, 97.5 id,  0.0 wa,  0.0 hi,  0.0 si,  0.1 st
%Cpu(s):  1.6 us,  1.5 sy,  0.0 ni, 96.9 id,  0.0 wa,  0.0 hi,  0.0 si,  0.0 st
%Cpu(s):  1.3 us,  1.1 sy,  0.0 ni, 97.6 id,  0.0 wa,  0.0 hi,  0.0 si,  0.0 st
%Cpu(s):  2.2 us,  1.6 sy,  0.0 ni, 96.0 id,  0.0 wa,  0.0 hi,  0.0 si,  0.1 st
%Cpu(s):  1.4 us,  1.4 sy,  0.0 ni, 97.2 id,  0.0 wa,  0.0 hi,  0.0 si,  0.0 st
%Cpu(s):  0.8 us,  1.4 sy,  0.0 ni, 97.6 id,  0.0 wa,  0.0 hi,  0.0 si,  0.3 st
%Cpu(s):  1.1 us,  1.3 sy,  0.0 ni, 97.6 id,  0.0 wa,  0.0 hi,  0.0 si,  0.0 st
%Cpu(s):  1.0 us,  1.7 sy,  0.0 ni, 97.1 id,  0.0 wa,  0.0 hi,  0.1 si,  0.0 st
%Cpu(s):  2.5 us,  1.0 sy,  0.0 ni, 96.4 id,  0.0 wa,  0.0 hi,  0.0 si,  0.1 st
%Cpu(s):  1.6 us,  1.7 sy,  0.0 ni, 96.6 id,  0.0 wa,  0.0 hi,  0.0 si,  0.0 st
%Cpu(s):  1.9 us,  2.4 sy,  0.0 ni, 95.5 id,  0.1 wa,  0.0 hi,  0.1 si,  0.0 st
%Cpu(s):  1.3 us,  2.0 sy,  0.0 ni, 96.6 id,  0.0 wa,  0.0 hi,  0.0 si,  0.1 st
