%Cpu(s):  4.6 us,  0.7 sy,  0.0 ni, 94.5 id,  0.0 wa,  0.0 hi,  0.2 si,  0.0 st
%Cpu(s):  4.1 us,  1.5 sy,  0.0 ni, 94.3 id,  0.0 wa,  0.0 hi,  0.1 si,  0.0 st
%Cpu(s): 81.1 us,  4.9 sy,  0.0 ni, 13.9 id,  0.0 wa,  0.0 hi,  0.0 si,  0.1 st
%Cpu(s): 86.2 us,  2.3 sy,  0.0 ni, 11.6 id,  0.0 wa,  0.0 hi,  0.0 si,  0.0 st
%Cpu(s): 76.0 us,  2.5 sy,  0.0 ni, 21.5 id,  0.0 wa,  0.0 hi,  0.0 si,  0.0 st
%Cpu(s): 91.2 us,  1.8 sy,  0.0 ni,  7.0 id,  0.0 wa,  0.0 hi,  0.0 si,  0.0 st
%Cpu(s): 96.9 us,  2.0 sy,  0.0 ni,  1.1 id,  0.0 wa,  0.0 hi,  0.0 si,  0.0 st
%Cpu(s): 94.8 us,  2.9 sy,  0.0 ni,  2.2 id,  0.0 wa,  0.0 hi,  0.1 si,  0.0 st
%Cpu(s): 96.9 us,  2.9 sy,  0.0 ni,  0.2 id,  0.0 wa,  0.0 hi,  0.0 si,  0.0 st
%Cpu(s): 86.6 us,  2.0 sy,  0.0 ni, 11.1 id,  0.0 wa,  0.0 hi,  0.2 si,  0.0 st
%Cpu(s): 32.5 us,  0.9 sy,  0.0 ni, 66.4 id,  0.1 wa,  0.0 hi,  0.1 si,  0.0 st
%Cpu(s):  1.5 us,  1.2 sy,  0.0 ni, 97.3 id,  0.0 wa,  0.0 hi,  0.0 si,  0.0 st
%Cpu(s):  8.1 us,  1.4 sy,  0.0 ni, 90.4 id,  0.0 wa,  0.0 hi,  0.1 si,  0.0 st
%Cpu(s):  1.9 us,  0.9 sy,  0.0 ni, 97.2 id,  0.0 wa,  0.0 hi,  0.0 si,  0.0 st
%Cpu(s):  1.8 us,  1.1 sy,  0.0 ni, 97.1 id,  0.0 wa,  0.0 hi,  0.0 si,  0.0 st
%Cpu(s):  1.6 us,  0.8 sy,  0.0 ni, 97.6 id,  0.0 wa,  0.0 hi,  0.0 si,  0.0 st
%Cpu(s): 26.9 us,  2.8 sy,  0.0 ni, 70.2 id,  0.0 wa,  0.0 hi,  0.1 si,  0.0 st
%Cpu(s): 80.9 us,  6.2 sy,  0.0 ni, 10.7 id,  0.0 wa,  0.0 hi,  2.1 si,  0.0 st
%Cpu(s): 64.0 us,  6.4 sy,  0.0 ni, 26.8 id,  0.0 wa,  0.0 hi,  2.6 si,  0.1 st
%Cpu(s): 64.2 us,  6.0 sy,  0.0 ni, 27.2 id,  0.0 wa,  0.0 hi,  2.7 si,  0.0 st
%Cpu(s): 73.7 us,  7.2 sy,  0.0 ni, 16.1 id,  0.0 wa,  0.0 hi,  3.0 si,  0.0 st
%Cpu(s): 39.5 us,  7.4 sy,  0.0 ni, 50.5 id,  0.0 wa,  0.0 hi,  2.7 si,  0.0 st
%Cpu(s): 20.2 us,  7.1 sy,  0.0 ni, 70.3 id,  0.0 wa,  0.0 hi,  2.3 si,  0.0 st
%Cpu(s): 25.4 us,  7.0 sy,  0.0 ni, 65.3 id,  0.0 wa,  0.0 hi,  2.2 si,  0.1 st
%Cpu(s): 29.8 us,  7.7 sy,  0.0 ni, 59.7 id,  0.0 wa,  0.0 hi,  2.8 si,  0.0 st
%Cpu(s): 28.2 us,  6.4 sy,  0.0 ni, 63.0 id,  0.0 wa,  0.0 hi,  2.3 si,  0.0 st
%Cpu(s): 26.3 us,  6.4 sy,  0.0 ni, 64.7 id,  0.0 wa,  0.0 hi,  2.6 si,  0.0 st
%Cpu(s): 21.3 us,  6.5 sy,  0.0 ni, 69.0 id,  0.0 wa,  0.0 hi,  3.2 si,  0.0 st
%Cpu(s): 26.7 us,  7.0 sy,  0.0 ni, 62.9 id,  0.0 wa,  0.0 hi,  3.4 si,  0.0 st
%Cpu(s): 27.5 us,  7.6 sy,  0.0 ni, 62.6 id,  0.0 wa,  0.0 hi,  2.3 si,  0.0 st
%Cpu(s): 35.9 us,  7.7 sy,  0.0 ni, 52.7 id,  0.0 wa,  0.0 hi,  3.5 si,  0.1 st
%Cpu(s): 44.8 us,  6.5 sy,  0.0 ni, 45.9 id,  0.0 wa,  0.0 hi,  2.8 si,  0.0 st
%Cpu(s): 20.2 us,  7.2 sy,  0.0 ni, 69.1 id,  0.0 wa,  0.0 hi,  3.4 si,  0.0 st
%Cpu(s): 12.7 us,  7.6 sy,  0.0 ni, 76.1 id,  0.0 wa,  0.0 hi,  3.7 si,  0.0 st
%Cpu(s): 12.0 us,  5.7 sy,  0.0 ni, 79.6 id,  0.0 wa,  0.0 hi,  2.8 si,  0.0 st
%Cpu(s): 12.6 us,  4.8 sy,  0.0 ni, 80.9 id,  0.0 wa,  0.0 hi,  1.7 si,  0.0 st
%Cpu(s): 21.1 us,  6.0 sy,  0.0 ni, 71.1 id,  0.0 wa,  0.0 hi,  1.8 si,  0.0 st
%Cpu(s): 22.3 us,  5.3 sy,  0.0 ni, 71.2 id,  0.0 wa,  0.0 hi,  1.1 si,  0.0 st
%Cpu(s): 15.9 us,  6.5 sy,  0.0 ni, 75.6 id,  0.0 wa,  0.0 hi,  2.0 si,  0.0 st
%Cpu(s): 11.5 us,  5.2 sy,  0.0 ni, 81.3 id,  0.0 wa,  0.0 hi,  2.0 si,  0.0 st
%Cpu(s): 12.3 us,  5.1 sy,  0.0 ni, 81.2 id,  0.0 wa,  0.0 hi,  1.4 si,  0.0 st
%Cpu(s): 10.3 us,  5.0 sy,  0.0 ni, 83.4 id,  0.0 wa,  0.0 hi,  1.4 si,  0.0 st
%Cpu(s): 14.6 us,  5.0 sy,  0.0 ni, 78.5 id,  0.0 wa,  0.0 hi,  1.9 si,  0.0 st
%Cpu(s): 16.9 us,  4.3 sy,  0.0 ni, 76.6 id,  0.0 wa,  0.0 hi,  2.2 si,  0.0 st
%Cpu(s): 16.7 us,  5.2 sy,  0.0 ni, 75.5 id,  0.0 wa,  0.0 hi,  2.6 si,  0.0 st
%Cpu(s): 22.8 us,  6.4 sy,  0.0 ni, 68.4 id,  0.0 wa,  0.0 hi,  2.4 si,  0.0 st
%Cpu(s): 22.7 us,  4.8 sy,  0.0 ni, 69.9 id,  0.0 wa,  0.0 hi,  2.5 si,  0.0 st
%Cpu(s):  9.2 us,  6.2 sy,  0.0 ni, 82.3 id,  0.0 wa,  0.0 hi,  2.4 si,  0.0 st
%Cpu(s): 10.5 us,  4.8 sy,  0.0 ni, 82.5 id,  0.0 wa,  0.0 hi,  2.0 si,  0.1 st
%Cpu(s): 10.1 us,  5.1 sy,  0.0 ni, 83.1 id,  0.0 wa,  0.0 hi,  1.6 si,  0.0 st
%Cpu(s):  9.0 us,  5.8 sy,  0.0 ni, 82.9 id,  0.0 wa,  0.0 hi,  2.3 si,  0.0 st
%Cpu(s):  9.7 us,  5.8 sy,  0.0 ni, 82.0 id,  0.0 wa,  0.0 hi,  2.3 si,  0.1 st
%Cpu(s):  8.2 us,  5.3 sy,  0.0 ni, 84.5 id,  0.0 wa,  0.0 hi,  1.5 si,  0.4 st
%Cpu(s): 12.8 us,  5.6 sy,  0.0 ni, 80.3 id,  0.0 wa,  0.0 hi,  1.4 si,  0.0 st
%Cpu(s): 22.3 us,  5.2 sy,  0.0 ni, 71.1 id,  0.0 wa,  0.0 hi,  1.4 si,  0.0 st
%Cpu(s): 19.7 us,  4.4 sy,  0.0 ni, 72.8 id,  0.0 wa,  0.0 hi,  2.9 si,  0.1 st
%Cpu(s): 15.5 us,  5.6 sy,  0.0 ni, 77.4 id,  0.0 wa,  0.0 hi,  1.5 si,  0.0 st
%Cpu(s):  9.9 us,  4.9 sy,  0.0 ni, 82.9 id,  0.0 wa,  0.0 hi,  2.3 si,  0.0 st
%Cpu(s):  9.4 us,  4.9 sy,  0.0 ni, 84.1 id,  0.0 wa,  0.0 hi,  1.6 si,  0.0 st
%Cpu(s): 10.5 us,  5.0 sy,  0.0 ni, 83.2 id,  0.0 wa,  0.0 hi,  1.3 si,  0.0 st
%Cpu(s): 10.0 us,  5.4 sy,  0.0 ni, 83.1 id,  0.0 wa,  0.0 hi,  1.5 si,  0.0 st
%Cpu(s):  3.1 us,  2.4 sy,  0.0 ni, 94.2 id,  0.0 wa,  0.0 hi,  0.3 si,  0.0 st
%Cpu(s):  1.2 us,  1.2 sy,  0.0 ni, 97.5 id,  0.0 wa,  0.0 hi,  0.0 si,  0.0 st
%Cpu(s):  2.2 us,  1.4 sy,  0.0 ni, 96.4 id,  0.0 wa,  0.0 hi,  0.0 si,  0.0 st
%Cpu(s):  1.0 us,  1.1 sy,  0.0 ni, 97.9 id,  0.0 wa,  0.0 hi,  0.0 si,  0.0 st
%Cpu(s):  1.2 us,  2.0 sy,  0.0 ni, 96.5 id,  0.1 wa,  0.0 hi,  0.1 si,  0.0 st
%Cpu(s):  0.6 us,  1.6 sy,  0.0 ni, 97.8 id,  0.0 wa,  0.0 hi,  0.0 si,  0.0 st
%Cpu(s):  1.1 us,  0.8 sy,  0.0 ni, 98.1 id,  0.0 wa,  0.0 hi,  0.0 si,  0.0 st
%Cpu(s):  1.0 us,  1.2 sy,  0.0 ni, 97.8 id,  0.0 wa,  0.0 hi,  0.0 si,  0.0 st
%Cpu(s):  2.5 us,  0.9 sy,  0.0 ni, 96.6 id,  0.0 wa,  0.0 hi,  0.0 si,  0.0 st
%Cpu(s):  3.1 us,  0.8 sy,  0.0 ni, 96.1 id,  0.0 wa,  0.0 hi,  0.0 si,  0.0 st
%Cpu(s):  1.1 us,  0.6 sy,  0.0 ni, 98.1 id,  0.0 wa,  0.0 hi,  0.0 si,  0.1 st
%Cpu(s):  1.1 us,  1.5 sy,  0.0 ni, 97.4 id,  0.0 wa,  0.0 hi,  0.0 si,  0.0 st
%Cpu(s):  1.2 us,  1.4 sy,  0.0 ni, 97.4 id,  0.0 wa,  0.0 hi,  0.0 si,  0.0 st
%Cpu(s):  1.5 us,  1.6 sy,  0.0 ni, 96.9 id,  0.0 wa,  0.0 hi,  0.0 si,  0.0 st
%Cpu(s):  1.1 us,  1.6 sy,  0.0 ni, 97.0 id,  0.1 wa,  0.0 hi,  0.1 si,  0.0 st
%Cpu(s):  1.2 us,  1.9 sy,  0.0 ni, 96.9 id,  0.0 wa,  0.0 hi,  0.0 si,  0.0 st
%Cpu(s):  1.5 us,  0.9 sy,  0.0 ni, 97.5 id,  0.0 wa,  0.0 hi,  0.0 si,  0.1 st
%Cpu(s):  1.6 us,  1.4 sy,  0.0 ni, 97.0 id,  0.0 wa,  0.0 hi,  0.0 si,  0.0 st
%Cpu(s):  2.1 us,  1.4 sy,  0.0 ni, 96.5 id,  0.0 wa,  0.0 hi,  0.0 si,  0.0 st
%Cpu(s):  1.1 us,  1.9 sy,  0.0 ni, 97.0 id,  0.0 wa,  0.0 hi,  0.0 si,  0.0 st
%Cpu(s):  1.4 us,  1.0 sy,  0.0 ni, 97.5 id,  0.0 wa,  0.0 hi,  0.1 si,  0.0 st
%Cpu(s):  1.7 us,  1.6 sy,  0.0 ni, 96.6 id,  0.0 wa,  0.0 hi,  0.0 si,  0.0 st
