%Cpu(s):  0.0 us,  0.0 sy,  0.0 ni, 99.9 id,  0.0 wa,  0.0 hi,  0.0 si,  0.0 st
%Cpu(s):  0.7 us,  0.2 sy,  0.0 ni, 99.0 id,  0.0 wa,  0.0 hi,  0.0 si,  0.0 st
%Cpu(s): 30.2 us,  4.3 sy,  0.0 ni, 65.2 id,  0.1 wa,  0.0 hi,  0.0 si,  0.3 st
%Cpu(s): 83.9 us,  3.9 sy,  0.0 ni, 12.2 id,  0.0 wa,  0.0 hi,  0.0 si,  0.0 st
%Cpu(s): 78.6 us,  2.3 sy,  0.0 ni, 19.0 id,  0.1 wa,  0.0 hi,  0.0 si,  0.0 st
%Cpu(s): 93.4 us,  3.0 sy,  0.0 ni,  3.6 id,  0.0 wa,  0.0 hi,  0.0 si,  0.0 st
%Cpu(s): 95.9 us,  2.6 sy,  0.0 ni,  1.2 id,  0.1 wa,  0.0 hi,  0.1 si,  0.0 st
%Cpu(s): 72.1 us,  2.9 sy,  0.0 ni, 24.4 id,  0.0 wa,  0.0 hi,  0.5 si,  0.1 st
%Cpu(s): 12.7 us,  1.8 sy,  0.0 ni, 85.3 id,  0.0 wa,  0.0 hi,  0.1 si,  0.1 st
%Cpu(s):  9.8 us,  2.8 sy,  0.0 ni, 87.2 id,  0.0 wa,  0.0 hi,  0.0 si,  0.3 st
%Cpu(s): 11.1 us,  3.2 sy,  0.0 ni, 85.2 id,  0.0 wa,  0.0 hi,  0.1 si,  0.2 st
%Cpu(s): 12.3 us,  3.1 sy,  0.0 ni, 84.5 id,  0.0 wa,  0.0 hi,  0.0 si,  0.0 st
%Cpu(s): 12.9 us,  2.2 sy,  0.0 ni, 84.6 id,  0.0 wa,  0.0 hi,  0.0 si,  0.2 st
%Cpu(s):  7.0 us,  3.9 sy,  0.0 ni, 88.8 id,  0.0 wa,  0.0 hi,  0.1 si,  0.2 st
%Cpu(s):  4.5 us,  2.3 sy,  0.0 ni, 92.9 id,  0.0 wa,  0.0 hi,  0.0 si,  0.3 st
%Cpu(s):  5.3 us,  3.6 sy,  0.0 ni, 90.6 id,  0.1 wa,  0.0 hi,  0.1 si,  0.2 st
%Cpu(s):  7.4 us,  3.8 sy,  0.0 ni, 88.6 id,  0.0 wa,  0.0 hi,  0.0 si,  0.3 st
%Cpu(s): 29.6 us,  3.5 sy,  0.0 ni, 66.5 id,  0.0 wa,  0.0 hi,  0.3 si,  0.1 st
%Cpu(s): 86.1 us,  6.4 sy,  0.0 ni,  6.1 id,  0.0 wa,  0.0 hi,  1.4 si,  0.0 st
%Cpu(s): 88.0 us,  9.5 sy,  0.0 ni,  0.2 id,  0.0 wa,  0.0 hi,  2.2 si,  0.0 st
%Cpu(s): 91.0 us,  7.2 sy,  0.0 ni,  0.2 id,  0.0 wa,  0.0 hi,  1.5 si,  0.0 st
%Cpu(s): 92.6 us,  5.7 sy,  0.0 ni,  0.1 id,  0.0 wa,  0.0 hi,  1.5 si,  0.0 st
%Cpu(s): 84.9 us,  5.2 sy,  0.0 ni,  9.0 id,  0.0 wa,  0.0 hi,  0.9 si,  0.0 st
%Cpu(s): 31.8 us,  4.1 sy,  0.0 ni, 63.1 id,  0.0 wa,  0.0 hi,  1.0 si,  0.0 st
%Cpu(s): 52.0 us,  3.7 sy,  0.0 ni, 43.6 id,  0.0 wa,  0.0 hi,  0.6 si,  0.1 st
%Cpu(s): 27.7 us,  4.5 sy,  0.0 ni, 67.0 id,  0.1 wa,  0.0 hi,  0.6 si,  0.0 st
%Cpu(s): 18.8 us,  4.2 sy,  0.0 ni, 76.4 id,  0.0 wa,  0.0 hi,  0.5 si,  0.1 st
%Cpu(s): 24.4 us,  4.1 sy,  0.0 ni, 70.6 id,  0.0 wa,  0.0 hi,  0.8 si,  0.1 st
%Cpu(s): 37.7 us,  4.2 sy,  0.0 ni, 57.1 id,  0.0 wa,  0.0 hi,  1.0 si,  0.0 st
%Cpu(s): 41.0 us,  3.8 sy,  0.0 ni, 54.4 id,  0.0 wa,  0.0 hi,  0.9 si,  0.0 st
%Cpu(s): 16.3 us,  4.5 sy,  0.0 ni, 78.4 id,  0.0 wa,  0.0 hi,  0.8 si,  0.0 st
%Cpu(s): 16.1 us,  4.0 sy,  0.0 ni, 78.7 id,  0.0 wa,  0.0 hi,  1.0 si,  0.1 st
%Cpu(s): 12.6 us,  5.0 sy,  0.0 ni, 81.5 id,  0.0 wa,  0.0 hi,  0.8 si,  0.1 st
%Cpu(s):  8.0 us,  5.2 sy,  0.0 ni, 85.6 id,  0.0 wa,  0.0 hi,  1.1 si,  0.0 st
%Cpu(s): 10.3 us,  5.4 sy,  0.0 ni, 83.3 id,  0.0 wa,  0.0 hi,  0.9 si,  0.1 st
%Cpu(s):  7.5 us,  5.5 sy,  0.0 ni, 86.2 id,  0.0 wa,  0.0 hi,  0.8 si,  0.0 st
%Cpu(s): 14.6 us,  4.4 sy,  0.0 ni, 80.1 id,  0.0 wa,  0.0 hi,  0.9 si,  0.0 st
%Cpu(s): 25.1 us,  4.0 sy,  0.0 ni, 70.0 id,  0.0 wa,  0.0 hi,  0.8 si,  0.1 st
%Cpu(s): 16.1 us,  5.2 sy,  0.0 ni, 77.7 id,  0.0 wa,  0.0 hi,  1.0 si,  0.0 st
%Cpu(s): 20.4 us,  4.5 sy,  0.0 ni, 74.2 id,  0.0 wa,  0.0 hi,  1.0 si,  0.0 st
%Cpu(s): 21.3 us,  4.5 sy,  0.0 ni, 73.2 id,  0.1 wa,  0.0 hi,  0.8 si,  0.1 st
%Cpu(s): 12.5 us,  3.9 sy,  0.0 ni, 82.8 id,  0.0 wa,  0.0 hi,  0.6 si,  0.1 st
%Cpu(s):  9.7 us,  4.7 sy,  0.0 ni, 84.8 id,  0.0 wa,  0.0 hi,  0.9 si,  0.0 st
%Cpu(s):  6.7 us,  5.1 sy,  0.0 ni, 87.5 id,  0.0 wa,  0.0 hi,  0.8 si,  0.0 st
%Cpu(s): 16.2 us,  5.2 sy,  0.0 ni, 77.5 id,  0.0 wa,  0.0 hi,  1.0 si,  0.1 st
%Cpu(s): 11.5 us,  4.6 sy,  0.0 ni, 82.8 id,  0.0 wa,  0.0 hi,  1.1 si,  0.0 st
%Cpu(s): 11.5 us,  4.3 sy,  0.0 ni, 83.5 id,  0.0 wa,  0.0 hi,  0.6 si,  0.1 st
%Cpu(s): 11.1 us,  4.8 sy,  0.0 ni, 83.5 id,  0.0 wa,  0.0 hi,  0.6 si,  0.0 st
%Cpu(s): 14.3 us,  5.1 sy,  0.0 ni, 79.8 id,  0.0 wa,  0.0 hi,  0.6 si,  0.1 st
%Cpu(s): 13.1 us,  5.1 sy,  0.0 ni, 81.3 id,  0.0 wa,  0.0 hi,  0.5 si,  0.0 st
%Cpu(s): 12.4 us,  3.9 sy,  0.0 ni, 82.6 id,  0.1 wa,  0.0 hi,  0.9 si,  0.1 st
%Cpu(s):  7.1 us,  3.5 sy,  0.0 ni, 88.4 id,  0.0 wa,  0.0 hi,  0.9 si,  0.1 st
%Cpu(s): 15.2 us,  5.5 sy,  0.0 ni, 78.6 id,  0.0 wa,  0.0 hi,  0.6 si,  0.0 st
%Cpu(s): 17.1 us,  4.1 sy,  0.0 ni, 78.1 id,  0.0 wa,  0.0 hi,  0.8 si,  0.0 st
%Cpu(s):  7.5 us,  4.7 sy,  0.0 ni, 86.7 id,  0.0 wa,  0.0 hi,  1.0 si,  0.1 st
%Cpu(s): 12.1 us,  4.8 sy,  0.0 ni, 82.2 id,  0.0 wa,  0.0 hi,  0.9 si,  0.0 st
%Cpu(s):  9.8 us,  4.4 sy,  0.0 ni, 85.0 id,  0.0 wa,  0.0 hi,  0.6 si,  0.1 st
%Cpu(s):  9.6 us,  4.3 sy,  0.0 ni, 85.0 id,  0.0 wa,  0.0 hi,  1.0 si,  0.1 st
%Cpu(s):  9.0 us,  4.7 sy,  0.0 ni, 85.5 id,  0.0 wa,  0.0 hi,  0.9 si,  0.0 st
%Cpu(s):  6.7 us,  4.8 sy,  0.0 ni, 87.6 id,  0.0 wa,  0.0 hi,  1.0 si,  0.0 st
%Cpu(s):  8.0 us,  6.1 sy,  0.0 ni, 84.8 id,  0.0 wa,  0.0 hi,  0.9 si,  0.2 st
%Cpu(s):  4.2 us,  2.5 sy,  0.0 ni, 93.2 id,  0.0 wa,  0.0 hi,  0.0 si,  0.1 st
%Cpu(s):  2.9 us,  2.0 sy,  0.0 ni, 94.7 id,  0.0 wa,  0.0 hi,  0.0 si,  0.4 st
%Cpu(s):  2.8 us,  1.8 sy,  0.0 ni, 95.3 id,  0.0 wa,  0.0 hi,  0.1 si,  0.0 st
%Cpu(s):  3.9 us,  2.7 sy,  0.0 ni, 93.2 id,  0.0 wa,  0.0 hi,  0.0 si,  0.3 st
%Cpu(s):  2.0 us,  1.4 sy,  0.0 ni, 96.3 id,  0.0 wa,  0.0 hi,  0.0 si,  0.3 st
%Cpu(s):  3.3 us,  3.3 sy,  0.0 ni, 93.1 id,  0.0 wa,  0.0 hi,  0.0 si,  0.3 st
%Cpu(s):  5.0 us,  2.4 sy,  0.0 ni, 92.2 id,  0.0 wa,  0.0 hi,  0.1 si,  0.3 st
%Cpu(s):  3.6 us,  3.1 sy,  0.0 ni, 93.1 id,  0.0 wa,  0.0 hi,  0.0 si,  0.1 st
%Cpu(s):  2.8 us,  3.5 sy,  0.0 ni, 93.5 id,  0.0 wa,  0.0 hi,  0.0 si,  0.3 st
%Cpu(s):  6.5 us,  3.5 sy,  0.0 ni, 89.8 id,  0.0 wa,  0.0 hi,  0.1 si,  0.1 st
%Cpu(s):  3.6 us,  2.2 sy,  0.0 ni, 94.0 id,  0.0 wa,  0.0 hi,  0.0 si,  0.1 st
