%Cpu(s):  1.7 us,  0.2 sy,  0.0 ni, 98.1 id,  0.0 wa,  0.0 hi,  0.0 si,  0.0 st
%Cpu(s):  3.0 us,  2.4 sy,  0.0 ni, 94.4 id,  0.0 wa,  0.0 hi,  0.0 si,  0.3 st
%Cpu(s):  3.8 us,  3.3 sy,  0.0 ni, 92.7 id,  0.0 wa,  0.0 hi,  0.0 si,  0.3 st
%Cpu(s):  2.9 us,  2.5 sy,  0.0 ni, 94.4 id,  0.0 wa,  0.0 hi,  0.0 si,  0.3 st
%Cpu(s):  4.5 us,  1.9 sy,  0.0 ni, 93.4 id,  0.0 wa,  0.0 hi,  0.0 si,  0.3 st
%Cpu(s):  6.0 us,  2.8 sy,  0.0 ni, 90.8 id,  0.0 wa,  0.0 hi,  0.0 si,  0.4 st
%Cpu(s): 22.0 us,  3.4 sy,  0.0 ni, 74.1 id,  0.1 wa,  0.0 hi,  0.3 si,  0.1 st
%Cpu(s): 78.0 us,  4.8 sy,  0.0 ni, 15.8 id,  0.0 wa,  0.0 hi,  1.4 si,  0.0 st
%Cpu(s): 60.6 us,  2.8 sy,  0.0 ni, 35.9 id,  0.0 wa,  0.0 hi,  0.6 si,  0.1 st
%Cpu(s): 30.2 us,  4.0 sy,  0.0 ni, 65.2 id,  0.0 wa,  0.0 hi,  0.6 si,  0.0 st
%Cpu(s): 32.8 us,  3.5 sy,  0.0 ni, 62.7 id,  0.0 wa,  0.0 hi,  1.0 si,  0.0 st
%Cpu(s): 74.8 us,  5.0 sy,  0.0 ni, 19.5 id,  0.0 wa,  0.0 hi,  0.7 si,  0.0 st
%Cpu(s): 79.5 us,  3.7 sy,  0.0 ni, 16.1 id,  0.0 wa,  0.0 hi,  0.6 si,  0.0 st
%Cpu(s): 23.5 us,  3.9 sy,  0.0 ni, 72.0 id,  0.0 wa,  0.0 hi,  0.5 si,  0.1 st
%Cpu(s): 41.9 us,  3.3 sy,  0.0 ni, 54.0 id,  0.0 wa,  0.0 hi,  0.8 si,  0.1 st
%Cpu(s): 27.3 us,  3.7 sy,  0.0 ni, 68.7 id,  0.0 wa,  0.0 hi,  0.3 si,  0.1 st
%Cpu(s): 25.2 us,  3.8 sy,  0.0 ni, 70.8 id,  0.0 wa,  0.0 hi,  0.3 si,  0.0 st
%Cpu(s): 17.9 us,  4.5 sy,  0.0 ni, 76.8 id,  0.0 wa,  0.0 hi,  0.7 si,  0.1 st
%Cpu(s): 10.0 us,  4.6 sy,  0.0 ni, 84.8 id,  0.0 wa,  0.0 hi,  0.5 si,  0.1 st
%Cpu(s): 20.3 us,  3.7 sy,  0.0 ni, 75.5 id,  0.0 wa,  0.0 hi,  0.4 si,  0.1 st
%Cpu(s): 18.0 us,  4.1 sy,  0.0 ni, 77.2 id,  0.1 wa,  0.0 hi,  0.5 si,  0.1 st
%Cpu(s):  8.6 us,  5.3 sy,  0.0 ni, 85.7 id,  0.0 wa,  0.0 hi,  0.4 si,  0.0 st
%Cpu(s): 10.4 us,  4.1 sy,  0.0 ni, 84.4 id,  0.0 wa,  0.0 hi,  0.9 si,  0.1 st
%Cpu(s): 12.5 us,  4.6 sy,  0.0 ni, 82.3 id,  0.0 wa,  0.0 hi,  0.6 si,  0.0 st
%Cpu(s): 26.6 us,  3.5 sy,  0.0 ni, 69.2 id,  0.0 wa,  0.0 hi,  0.5 si,  0.1 st
%Cpu(s): 32.9 us,  3.4 sy,  0.0 ni, 63.1 id,  0.0 wa,  0.0 hi,  0.5 si,  0.1 st
%Cpu(s): 24.4 us,  3.6 sy,  0.0 ni, 71.0 id,  0.0 wa,  0.0 hi,  0.9 si,  0.1 st
%Cpu(s): 56.0 us,  4.4 sy,  0.0 ni, 39.1 id,  0.0 wa,  0.0 hi,  0.5 si,  0.0 st
%Cpu(s): 13.0 us,  4.4 sy,  0.0 ni, 82.2 id,  0.0 wa,  0.0 hi,  0.4 si,  0.0 st
%Cpu(s): 23.8 us,  3.4 sy,  0.0 ni, 72.3 id,  0.0 wa,  0.0 hi,  0.4 si,  0.1 st
%Cpu(s): 21.7 us,  3.5 sy,  0.0 ni, 74.1 id,  0.1 wa,  0.0 hi,  0.5 si,  0.1 st
%Cpu(s): 15.8 us,  4.6 sy,  0.0 ni, 78.8 id,  0.0 wa,  0.0 hi,  0.7 si,  0.0 st
%Cpu(s): 10.7 us,  3.7 sy,  0.0 ni, 85.1 id,  0.0 wa,  0.0 hi,  0.4 si,  0.1 st
%Cpu(s): 10.7 us,  4.3 sy,  0.0 ni, 84.5 id,  0.0 wa,  0.0 hi,  0.5 si,  0.0 st
%Cpu(s): 17.4 us,  4.3 sy,  0.0 ni, 77.6 id,  0.0 wa,  0.0 hi,  0.6 si,  0.1 st
%Cpu(s): 12.2 us,  4.6 sy,  0.0 ni, 82.7 id,  0.0 wa,  0.0 hi,  0.4 si,  0.1 st
%Cpu(s):  8.3 us,  4.0 sy,  0.0 ni, 87.2 id,  0.0 wa,  0.0 hi,  0.4 si,  0.0 st
%Cpu(s): 17.9 us,  4.0 sy,  0.0 ni, 77.7 id,  0.0 wa,  0.0 hi,  0.3 si,  0.1 st
%Cpu(s): 25.4 us,  3.4 sy,  0.0 ni, 70.5 id,  0.0 wa,  0.0 hi,  0.5 si,  0.1 st
%Cpu(s): 28.0 us,  3.7 sy,  0.0 ni, 68.1 id,  0.0 wa,  0.0 hi,  0.3 si,  0.0 st
%Cpu(s): 10.3 us,  4.7 sy,  0.0 ni, 84.7 id,  0.0 wa,  0.0 hi,  0.3 si,  0.1 st
%Cpu(s):  7.4 us,  4.8 sy,  0.0 ni, 86.8 id,  0.0 wa,  0.0 hi,  0.9 si,  0.1 st
%Cpu(s):  7.6 us,  4.8 sy,  0.0 ni, 87.0 id,  0.0 wa,  0.0 hi,  0.6 si,  0.0 st
%Cpu(s):  7.4 us,  5.0 sy,  0.0 ni, 87.0 id,  0.0 wa,  0.0 hi,  0.5 si,  0.1 st
%Cpu(s):  9.6 us,  3.5 sy,  0.0 ni, 85.8 id,  0.0 wa,  0.0 hi,  0.8 si,  0.3 st
%Cpu(s): 11.0 us,  4.9 sy,  0.0 ni, 83.3 id,  0.0 wa,  0.0 hi,  0.8 si,  0.0 st
%Cpu(s):  7.1 us,  3.8 sy,  0.0 ni, 88.3 id,  0.0 wa,  0.0 hi,  0.8 si,  0.0 st
%Cpu(s): 10.5 us,  3.9 sy,  0.0 ni, 84.8 id,  0.0 wa,  0.0 hi,  0.6 si,  0.1 st
%Cpu(s):  6.8 us,  4.9 sy,  0.0 ni, 87.6 id,  0.0 wa,  0.0 hi,  0.6 si,  0.1 st
%Cpu(s): 11.6 us,  4.8 sy,  0.0 ni, 83.2 id,  0.0 wa,  0.0 hi,  0.4 si,  0.0 st
%Cpu(s):  8.2 us,  4.3 sy,  0.0 ni, 86.8 id,  0.0 wa,  0.0 hi,  0.6 si,  0.1 st
%Cpu(s):  7.3 us,  4.4 sy,  0.0 ni, 87.8 id,  0.0 wa,  0.0 hi,  0.4 si,  0.1 st
%Cpu(s):  6.6 us,  4.9 sy,  0.0 ni, 88.0 id,  0.0 wa,  0.0 hi,  0.4 si,  0.1 st
%Cpu(s): 10.9 us,  4.4 sy,  0.0 ni, 84.2 id,  0.0 wa,  0.0 hi,  0.5 si,  0.0 st
%Cpu(s): 11.2 us,  4.1 sy,  0.0 ni, 84.0 id,  0.0 wa,  0.0 hi,  0.5 si,  0.3 st
%Cpu(s):  6.6 us,  4.5 sy,  0.0 ni, 88.0 id,  0.1 wa,  0.0 hi,  0.8 si,  0.0 st
%Cpu(s):  9.0 us,  4.0 sy,  0.0 ni, 86.3 id,  0.0 wa,  0.0 hi,  0.6 si,  0.0 st
%Cpu(s):  7.8 us,  4.1 sy,  0.0 ni, 87.2 id,  0.0 wa,  0.0 hi,  0.7 si,  0.1 st
%Cpu(s):  7.2 us,  5.0 sy,  0.0 ni, 87.1 id,  0.0 wa,  0.0 hi,  0.5 si,  0.1 st
%Cpu(s):  6.1 us,  3.9 sy,  0.0 ni, 89.5 id,  0.0 wa,  0.0 hi,  0.4 si,  0.1 st
%Cpu(s):  6.8 us,  4.8 sy,  0.0 ni, 87.6 id,  0.0 wa,  0.0 hi,  0.6 si,  0.1 st
%Cpu(s):  2.4 us,  2.4 sy,  0.0 ni, 95.0 id,  0.0 wa,  0.0 hi,  0.0 si,  0.3 st
%Cpu(s):  2.8 us,  1.3 sy,  0.0 ni, 95.9 id,  0.0 wa,  0.0 hi,  0.0 si,  0.1 st
%Cpu(s):  1.9 us,  1.0 sy,  0.0 ni, 96.8 id,  0.0 wa,  0.0 hi,  0.0 si,  0.3 st
%Cpu(s):  2.0 us,  2.8 sy,  0.0 ni, 95.1 id,  0.0 wa,  0.0 hi,  0.0 si,  0.1 st
%Cpu(s):  3.9 us,  3.6 sy,  0.0 ni, 92.4 id,  0.0 wa,  0.0 hi,  0.0 si,  0.1 st
%Cpu(s):  3.0 us,  3.1 sy,  0.0 ni, 93.7 id,  0.0 wa,  0.0 hi,  0.0 si,  0.1 st
%Cpu(s):  3.9 us,  2.2 sy,  0.0 ni, 93.6 id,  0.0 wa,  0.0 hi,  0.0 si,  0.2 st
%Cpu(s):  3.5 us,  1.5 sy,  0.0 ni, 94.9 id,  0.0 wa,  0.0 hi,  0.0 si,  0.1 st
%Cpu(s):  4.5 us,  2.4 sy,  0.0 ni, 92.8 id,  0.0 wa,  0.0 hi,  0.0 si,  0.3 st
%Cpu(s):  2.7 us,  2.2 sy,  0.0 ni, 94.9 id,  0.0 wa,  0.0 hi,  0.0 si,  0.3 st
%Cpu(s):  3.5 us,  2.1 sy,  0.0 ni, 94.0 id,  0.0 wa,  0.0 hi,  0.1 si,  0.2 st
%Cpu(s):  2.9 us,  2.8 sy,  0.0 ni, 94.3 id,  0.0 wa,  0.0 hi,  0.0 si,  0.0 st
