%Cpu(s):  0.1 us,  0.0 sy,  0.0 ni, 99.9 id,  0.0 wa,  0.0 hi,  0.0 si,  0.0 st
%Cpu(s): 97.1 us,  1.7 sy,  0.0 ni,  0.9 id,  0.0 wa,  0.0 hi,  0.1 si,  0.1 st
%Cpu(s): 80.7 us,  1.9 sy,  0.0 ni, 17.4 id,  0.0 wa,  0.0 hi,  0.0 si,  0.0 st
%Cpu(s):  9.9 us,  1.1 sy,  0.0 ni, 89.0 id,  0.0 wa,  0.0 hi,  0.0 si,  0.0 st
%Cpu(s):  7.1 us,  1.6 sy,  0.0 ni, 91.2 id,  0.0 wa,  0.0 hi,  0.0 si,  0.0 st
%Cpu(s): 28.2 us,  2.0 sy,  0.0 ni, 69.7 id,  0.0 wa,  0.0 hi,  0.1 si,  0.0 st
%Cpu(s): 48.2 us,  2.5 sy,  0.0 ni, 48.9 id,  0.0 wa,  0.0 hi,  0.3 si,  0.1 st
%Cpu(s): 46.2 us,  3.5 sy,  0.0 ni, 49.5 id,  0.0 wa,  0.0 hi,  0.8 si,  0.0 st
%Cpu(s): 77.0 us,  5.5 sy,  0.0 ni, 16.0 id,  0.0 wa,  0.0 hi,  1.5 si,  0.0 st
%Cpu(s): 73.7 us,  4.3 sy,  0.0 ni, 20.9 id,  0.0 wa,  0.0 hi,  1.1 si,  0.0 st
%Cpu(s): 92.6 us,  4.4 sy,  0.0 ni,  1.4 id,  0.0 wa,  0.0 hi,  1.6 si,  0.0 st
%Cpu(s): 91.5 us,  4.0 sy,  0.0 ni,  3.2 id,  0.0 wa,  0.0 hi,  1.2 si,  0.0 st
%Cpu(s): 82.3 us,  3.8 sy,  0.0 ni, 13.3 id,  0.0 wa,  0.0 hi,  0.6 si,  0.0 st
%Cpu(s): 77.1 us,  4.3 sy,  0.0 ni, 17.3 id,  0.0 wa,  0.0 hi,  1.2 si,  0.0 st
%Cpu(s): 50.0 us,  3.8 sy,  0.0 ni, 45.1 id,  0.0 wa,  0.0 hi,  1.0 si,  0.1 st
%Cpu(s): 92.7 us,  4.2 sy,  0.0 ni,  2.2 id,  0.0 wa,  0.0 hi,  0.9 si,  0.0 st
%Cpu(s): 69.1 us,  3.6 sy,  0.0 ni, 26.0 id,  0.0 wa,  0.0 hi,  1.3 si,  0.0 st
%Cpu(s): 54.7 us,  3.7 sy,  0.0 ni, 40.8 id,  0.0 wa,  0.0 hi,  0.9 si,  0.0 st
%Cpu(s): 14.3 us,  3.5 sy,  0.0 ni, 81.2 id,  0.0 wa,  0.0 hi,  0.9 si,  0.1 st
%Cpu(s): 18.9 us,  2.8 sy,  0.0 ni, 77.4 id,  0.0 wa,  0.0 hi,  1.0 si,  0.0 st
%Cpu(s): 19.4 us,  2.3 sy,  0.0 ni, 77.4 id,  0.0 wa,  0.0 hi,  0.8 si,  0.1 st
%Cpu(s): 15.8 us,  3.4 sy,  0.0 ni, 80.2 id,  0.0 wa,  0.0 hi,  0.5 si,  0.1 st
%Cpu(s): 20.5 us,  3.3 sy,  0.0 ni, 75.1 id,  0.0 wa,  0.0 hi,  1.1 si,  0.0 st
%Cpu(s): 25.3 us,  3.5 sy,  0.0 ni, 70.3 id,  0.0 wa,  0.0 hi,  0.8 si,  0.1 st
%Cpu(s): 84.0 us,  4.6 sy,  0.0 ni, 10.8 id,  0.0 wa,  0.0 hi,  0.6 si,  0.0 st
%Cpu(s): 62.1 us,  3.9 sy,  0.0 ni, 32.6 id,  0.0 wa,  0.0 hi,  1.2 si,  0.1 st
%Cpu(s): 36.4 us,  3.2 sy,  0.0 ni, 59.8 id,  0.0 wa,  0.0 hi,  0.6 si,  0.0 st
%Cpu(s): 28.7 us,  3.6 sy,  0.0 ni, 67.2 id,  0.0 wa,  0.0 hi,  0.5 si,  0.0 st
%Cpu(s): 47.0 us,  3.3 sy,  0.0 ni, 49.0 id,  0.1 wa,  0.0 hi,  0.6 si,  0.0 st
%Cpu(s): 10.7 us,  3.2 sy,  0.0 ni, 84.8 id,  0.0 wa,  0.0 hi,  1.2 si,  0.0 st
%Cpu(s):  9.1 us,  3.4 sy,  0.0 ni, 86.6 id,  0.0 wa,  0.0 hi,  0.8 si,  0.1 st
%Cpu(s): 21.8 us,  3.4 sy,  0.0 ni, 74.0 id,  0.0 wa,  0.0 hi,  0.9 si,  0.0 st
%Cpu(s): 37.7 us,  4.3 sy,  0.0 ni, 57.3 id,  0.0 wa,  0.0 hi,  0.8 si,  0.0 st
%Cpu(s): 41.9 us,  4.1 sy,  0.0 ni, 52.6 id,  0.0 wa,  0.0 hi,  1.4 si,  0.0 st
%Cpu(s): 28.6 us,  2.9 sy,  0.0 ni, 67.7 id,  0.0 wa,  0.0 hi,  0.8 si,  0.0 st
%Cpu(s): 11.8 us,  3.0 sy,  0.0 ni, 84.8 id,  0.0 wa,  0.0 hi,  0.3 si,  0.1 st
%Cpu(s):  7.1 us,  2.7 sy,  0.0 ni, 89.4 id,  0.0 wa,  0.0 hi,  0.9 si,  0.0 st
%Cpu(s):  8.5 us,  3.5 sy,  0.0 ni, 86.9 id,  0.0 wa,  0.0 hi,  1.1 si,  0.0 st
%Cpu(s): 11.7 us,  3.1 sy,  0.0 ni, 84.5 id,  0.0 wa,  0.0 hi,  0.8 si,  0.0 st
%Cpu(s): 10.4 us,  3.5 sy,  0.0 ni, 85.4 id,  0.0 wa,  0.0 hi,  0.6 si,  0.1 st
%Cpu(s): 21.4 us,  3.0 sy,  0.0 ni, 75.0 id,  0.0 wa,  0.0 hi,  0.5 si,  0.0 st
%Cpu(s): 13.9 us,  4.2 sy,  0.0 ni, 80.8 id,  0.0 wa,  0.0 hi,  1.0 si,  0.0 st
%Cpu(s):  8.8 us,  3.4 sy,  0.0 ni, 86.8 id,  0.0 wa,  0.0 hi,  0.9 si,  0.1 st
%Cpu(s):  7.5 us,  3.4 sy,  0.0 ni, 88.4 id,  0.0 wa,  0.0 hi,  0.8 si,  0.0 st
%Cpu(s):  7.3 us,  3.9 sy,  0.0 ni, 87.7 id,  0.0 wa,  0.0 hi,  0.9 si,  0.1 st
%Cpu(s): 12.4 us,  3.7 sy,  0.0 ni, 82.5 id,  0.0 wa,  0.0 hi,  1.2 si,  0.1 st
%Cpu(s):  7.3 us,  3.9 sy,  0.0 ni, 87.9 id,  0.0 wa,  0.0 hi,  0.8 si,  0.1 st
%Cpu(s):  8.9 us,  3.2 sy,  0.0 ni, 87.3 id,  0.0 wa,  0.0 hi,  0.6 si,  0.0 st
%Cpu(s): 13.6 us,  4.4 sy,  0.0 ni, 81.1 id,  0.0 wa,  0.0 hi,  0.8 si,  0.1 st
%Cpu(s):  8.6 us,  3.6 sy,  0.0 ni, 86.5 id,  0.0 wa,  0.0 hi,  1.3 si,  0.0 st
%Cpu(s):  9.5 us,  3.4 sy,  0.0 ni, 86.0 id,  0.0 wa,  0.0 hi,  1.1 si,  0.0 st
%Cpu(s): 15.5 us,  3.3 sy,  0.0 ni, 80.4 id,  0.0 wa,  0.0 hi,  0.6 si,  0.1 st
%Cpu(s):  9.3 us,  3.8 sy,  0.0 ni, 86.1 id,  0.0 wa,  0.0 hi,  0.8 si,  0.0 st
%Cpu(s):  6.3 us,  3.3 sy,  0.0 ni, 89.3 id,  0.1 wa,  0.0 hi,  1.0 si,  0.0 st
%Cpu(s):  7.9 us,  3.0 sy,  0.0 ni, 88.1 id,  0.0 wa,  0.0 hi,  0.9 si,  0.1 st
%Cpu(s):  8.0 us,  3.8 sy,  0.0 ni, 87.6 id,  0.0 wa,  0.0 hi,  0.6 si,  0.0 st
%Cpu(s):  6.7 us,  3.0 sy,  0.0 ni, 89.6 id,  0.0 wa,  0.0 hi,  0.6 si,  0.0 st
%Cpu(s):  5.8 us,  3.3 sy,  0.0 ni, 89.9 id,  0.0 wa,  0.0 hi,  0.8 si,  0.3 st
%Cpu(s):  7.4 us,  3.6 sy,  0.0 ni, 88.4 id,  0.0 wa,  0.0 hi,  0.6 si,  0.0 st
%Cpu(s):  7.0 us,  3.4 sy,  0.0 ni, 88.9 id,  0.0 wa,  0.0 hi,  0.6 si,  0.0 st
%Cpu(s):  6.1 us,  3.8 sy,  0.0 ni, 89.5 id,  0.0 wa,  0.0 hi,  0.6 si,  0.0 st
%Cpu(s):  5.0 us,  1.3 sy,  0.0 ni, 93.6 id,  0.0 wa,  0.0 hi,  0.0 si,  0.1 st
%Cpu(s):  2.6 us,  0.9 sy,  0.0 ni, 96.4 id,  0.0 wa,  0.0 hi,  0.1 si,  0.0 st
%Cpu(s):  1.7 us,  1.6 sy,  0.0 ni, 96.6 id,  0.0 wa,  0.0 hi,  0.0 si,  0.0 st
%Cpu(s):  1.9 us,  1.0 sy,  0.0 ni, 97.1 id,  0.0 wa,  0.0 hi,  0.0 si,  0.0 st
%Cpu(s):  1.6 us,  1.9 sy,  0.0 ni, 96.5 id,  0.0 wa,  0.0 hi,  0.0 si,  0.0 st
%Cpu(s):  1.4 us,  1.6 sy,  0.0 ni, 96.9 id,  0.0 wa,  0.0 hi,  0.0 si,  0.1 st
%Cpu(s):  1.9 us,  1.0 sy,  0.0 ni, 97.1 id,  0.0 wa,  0.0 hi,  0.0 si,  0.0 st
%Cpu(s):  3.1 us,  1.2 sy,  0.0 ni, 95.5 id,  0.0 wa,  0.0 hi,  0.1 si,  0.0 st
%Cpu(s):  3.0 us,  0.6 sy,  0.0 ni, 96.3 id,  0.0 wa,  0.0 hi,  0.0 si,  0.0 st
%Cpu(s):  2.7 us,  1.2 sy,  0.0 ni, 95.9 id,  0.1 wa,  0.0 hi,  0.0 si,  0.0 st
%Cpu(s):  3.4 us,  1.4 sy,  0.0 ni, 95.2 id,  0.0 wa,  0.0 hi,  0.0 si,  0.0 st
%Cpu(s):  4.6 us,  1.1 sy,  0.0 ni, 94.2 id,  0.0 wa,  0.0 hi,  0.0 si,  0.0 st
%Cpu(s):  2.4 us,  1.4 sy,  0.0 ni, 96.1 id,  0.0 wa,  0.0 hi,  0.0 si,  0.1 st
%Cpu(s):  1.9 us,  2.1 sy,  0.0 ni, 96.0 id,  0.0 wa,  0.0 hi,  0.0 si,  0.0 st
%Cpu(s):  1.4 us,  1.1 sy,  0.0 ni, 97.1 id,  0.0 wa,  0.0 hi,  0.0 si,  0.4 st
%Cpu(s):  1.9 us,  1.0 sy,  0.0 ni, 97.1 id,  0.0 wa,  0.0 hi,  0.0 si,  0.0 st
%Cpu(s):  0.6 us,  0.8 sy,  0.0 ni, 98.5 id,  0.0 wa,  0.0 hi,  0.0 si,  0.1 st
%Cpu(s):  4.4 us,  0.7 sy,  0.0 ni, 94.8 id,  0.1 wa,  0.0 hi,  0.0 si,  0.0 st
%Cpu(s):  2.6 us,  1.5 sy,  0.0 ni, 95.9 id,  0.0 wa,  0.0 hi,  0.0 si,  0.0 st
