%Cpu(s):  5.5 us,  0.8 sy,  0.0 ni, 93.4 id,  0.0 wa,  0.0 hi,  0.2 si,  0.0 st
%Cpu(s): 11.0 us,  2.3 sy,  0.0 ni, 86.7 id,  0.0 wa,  0.0 hi,  0.0 si,  0.0 st
%Cpu(s): 89.6 us,  4.3 sy,  0.0 ni,  6.1 id,  0.0 wa,  0.0 hi,  0.0 si,  0.0 st
%Cpu(s): 85.4 us,  2.1 sy,  0.0 ni, 12.5 id,  0.0 wa,  0.0 hi,  0.0 si,  0.0 st
%Cpu(s): 75.8 us,  2.2 sy,  0.0 ni, 22.1 id,  0.0 wa,  0.0 hi,  0.0 si,  0.0 st
%Cpu(s): 93.0 us,  1.6 sy,  0.0 ni,  5.4 id,  0.0 wa,  0.0 hi,  0.0 si,  0.0 st
%Cpu(s): 96.7 us,  2.1 sy,  0.0 ni,  1.0 id,  0.0 wa,  0.0 hi,  0.1 si,  0.0 st
%Cpu(s): 95.6 us,  2.7 sy,  0.0 ni,  1.5 id,  0.0 wa,  0.0 hi,  0.1 si,  0.0 st
%Cpu(s): 97.4 us,  2.1 sy,  0.0 ni,  0.4 id,  0.0 wa,  0.0 hi,  0.1 si,  0.0 st
%Cpu(s): 93.3 us,  1.4 sy,  0.0 ni,  5.2 id,  0.0 wa,  0.0 hi,  0.1 si,  0.0 st
%Cpu(s): 19.8 us,  0.8 sy,  0.0 ni, 79.5 id,  0.0 wa,  0.0 hi,  0.0 si,  0.0 st
%Cpu(s):  1.6 us,  1.2 sy,  0.0 ni, 97.1 id,  0.0 wa,  0.0 hi,  0.0 si,  0.0 st
%Cpu(s):  2.2 us,  1.5 sy,  0.0 ni, 96.1 id,  0.0 wa,  0.0 hi,  0.0 si,  0.1 st
%Cpu(s): 11.2 us,  0.6 sy,  0.0 ni, 88.2 id,  0.0 wa,  0.0 hi,  0.0 si,  0.0 st
%Cpu(s):  6.0 us,  1.0 sy,  0.0 ni, 93.0 id,  0.0 wa,  0.0 hi,  0.0 si,  0.0 st
%Cpu(s):  1.6 us,  1.1 sy,  0.0 ni, 97.2 id,  0.0 wa,  0.0 hi,  0.0 si,  0.0 st
%Cpu(s):  1.5 us,  1.5 sy,  0.0 ni, 97.0 id,  0.0 wa,  0.0 hi,  0.0 si,  0.0 st
%Cpu(s): 21.1 us,  2.3 sy,  0.0 ni, 76.3 id,  0.0 wa,  0.0 hi,  0.4 si,  0.0 st
%Cpu(s): 76.9 us,  5.8 sy,  0.0 ni, 15.2 id,  0.0 wa,  0.0 hi,  2.1 si,  0.0 st
%Cpu(s): 65.4 us,  6.7 sy,  0.0 ni, 25.6 id,  0.0 wa,  0.0 hi,  2.3 si,  0.0 st
%Cpu(s): 57.6 us,  6.3 sy,  0.0 ni, 32.4 id,  0.1 wa,  0.0 hi,  3.5 si,  0.0 st
%Cpu(s): 70.9 us,  6.7 sy,  0.0 ni, 18.8 id,  0.0 wa,  0.0 hi,  3.7 si,  0.0 st
%Cpu(s): 43.4 us,  8.2 sy,  0.0 ni, 45.3 id,  0.0 wa,  0.0 hi,  3.2 si,  0.0 st
%Cpu(s): 18.2 us,  7.2 sy,  0.0 ni, 71.6 id,  0.0 wa,  0.0 hi,  3.1 si,  0.0 st
%Cpu(s): 23.6 us,  5.7 sy,  0.0 ni, 66.8 id,  0.0 wa,  0.0 hi,  3.8 si,  0.1 st
%Cpu(s): 26.2 us,  7.6 sy,  0.0 ni, 62.0 id,  0.9 wa,  0.0 hi,  3.3 si,  0.0 st
%Cpu(s): 26.4 us,  7.4 sy,  0.0 ni, 63.9 id,  0.0 wa,  0.0 hi,  2.3 si,  0.0 st
%Cpu(s): 19.9 us,  6.4 sy,  0.0 ni, 70.3 id,  0.0 wa,  0.0 hi,  3.3 si,  0.0 st
%Cpu(s): 18.5 us,  7.7 sy,  0.0 ni, 70.5 id,  0.0 wa,  0.0 hi,  3.3 si,  0.0 st
%Cpu(s): 33.6 us,  6.7 sy,  0.0 ni, 55.9 id,  0.0 wa,  0.0 hi,  3.8 si,  0.0 st
%Cpu(s): 18.7 us,  6.7 sy,  0.0 ni, 72.1 id,  0.0 wa,  0.0 hi,  2.6 si,  0.0 st
%Cpu(s): 25.9 us,  7.2 sy,  0.0 ni, 63.3 id,  0.0 wa,  0.0 hi,  3.5 si,  0.0 st
%Cpu(s): 26.8 us,  7.6 sy,  0.0 ni, 62.6 id,  0.0 wa,  0.0 hi,  2.9 si,  0.1 st
%Cpu(s): 33.0 us,  7.9 sy,  0.0 ni, 56.8 id,  0.0 wa,  0.0 hi,  2.4 si,  0.0 st
%Cpu(s): 14.1 us,  6.6 sy,  0.0 ni, 76.3 id,  0.0 wa,  0.0 hi,  2.9 si,  0.0 st
%Cpu(s): 12.8 us,  6.6 sy,  0.0 ni, 77.0 id,  0.0 wa,  0.0 hi,  3.6 si,  0.0 st
%Cpu(s): 15.8 us,  6.4 sy,  0.0 ni, 75.4 id,  0.0 wa,  0.0 hi,  2.4 si,  0.0 st
%Cpu(s): 23.3 us,  6.5 sy,  0.0 ni, 67.6 id,  0.0 wa,  0.0 hi,  2.6 si,  0.0 st
%Cpu(s): 22.3 us,  4.4 sy,  0.0 ni, 70.7 id,  0.0 wa,  0.0 hi,  2.5 si,  0.0 st
%Cpu(s): 17.1 us,  6.1 sy,  0.0 ni, 74.5 id,  0.0 wa,  0.0 hi,  2.4 si,  0.0 st
%Cpu(s):  9.5 us,  5.1 sy,  0.0 ni, 83.2 id,  0.1 wa,  0.0 hi,  2.1 si,  0.0 st
%Cpu(s): 10.2 us,  5.1 sy,  0.0 ni, 83.0 id,  0.0 wa,  0.0 hi,  1.7 si,  0.0 st
%Cpu(s): 12.7 us,  5.2 sy,  0.0 ni, 80.4 id,  0.0 wa,  0.0 hi,  1.8 si,  0.0 st
%Cpu(s): 17.9 us,  5.5 sy,  0.0 ni, 74.8 id,  0.0 wa,  0.0 hi,  1.7 si,  0.1 st
%Cpu(s): 10.2 us,  4.6 sy,  0.0 ni, 83.4 id,  0.0 wa,  0.0 hi,  1.8 si,  0.0 st
%Cpu(s): 11.8 us,  4.4 sy,  0.0 ni, 82.1 id,  0.0 wa,  0.0 hi,  1.6 si,  0.0 st
%Cpu(s): 20.7 us,  5.4 sy,  0.0 ni, 71.8 id,  0.0 wa,  0.0 hi,  2.0 si,  0.0 st
%Cpu(s): 22.6 us,  5.9 sy,  0.0 ni, 69.7 id,  0.0 wa,  0.0 hi,  1.8 si,  0.0 st
%Cpu(s): 14.3 us,  5.3 sy,  0.0 ni, 78.5 id,  0.0 wa,  0.0 hi,  1.9 si,  0.0 st
%Cpu(s):  9.8 us,  5.4 sy,  0.0 ni, 83.2 id,  0.0 wa,  0.0 hi,  1.7 si,  0.0 st
%Cpu(s): 10.3 us,  6.0 sy,  0.0 ni, 81.8 id,  0.0 wa,  0.0 hi,  1.9 si,  0.0 st
%Cpu(s): 10.8 us,  4.5 sy,  0.0 ni, 83.0 id,  0.0 wa,  0.0 hi,  1.5 si,  0.1 st
%Cpu(s): 11.5 us,  4.4 sy,  0.0 ni, 82.8 id,  0.0 wa,  0.0 hi,  1.3 si,  0.0 st
%Cpu(s):  9.4 us,  5.1 sy,  0.0 ni, 84.0 id,  0.0 wa,  0.0 hi,  1.5 si,  0.0 st
%Cpu(s):  8.9 us,  4.6 sy,  0.0 ni, 84.9 id,  0.0 wa,  0.0 hi,  1.5 si,  0.0 st
%Cpu(s): 19.1 us,  5.6 sy,  0.0 ni, 73.0 id,  1.0 wa,  0.0 hi,  1.4 si,  0.0 st
%Cpu(s): 22.9 us,  5.4 sy,  0.0 ni, 70.4 id,  0.0 wa,  0.0 hi,  1.3 si,  0.0 st
%Cpu(s): 19.2 us,  6.7 sy,  0.0 ni, 72.1 id,  0.0 wa,  0.0 hi,  2.0 si,  0.0 st
%Cpu(s):  9.7 us,  5.7 sy,  0.0 ni, 82.6 id,  0.0 wa,  0.0 hi,  1.9 si,  0.0 st
%Cpu(s): 10.8 us,  4.9 sy,  0.0 ni, 82.6 id,  0.0 wa,  0.0 hi,  1.6 si,  0.0 st
%Cpu(s):  7.9 us,  5.4 sy,  0.0 ni, 84.8 id,  0.0 wa,  0.0 hi,  1.9 si,  0.0 st
%Cpu(s): 11.1 us,  3.4 sy,  0.0 ni, 84.6 id,  0.0 wa,  0.0 hi,  0.9 si,  0.0 st
%Cpu(s):  4.8 us,  2.6 sy,  0.0 ni, 91.9 id,  0.0 wa,  0.0 hi,  0.8 si,  0.0 st
%Cpu(s):  3.9 us,  2.4 sy,  0.0 ni, 93.4 id,  0.0 wa,  0.0 hi,  0.3 si,  0.0 st
%Cpu(s):  3.9 us,  2.5 sy,  0.0 ni, 92.8 id,  0.0 wa,  0.0 hi,  0.6 si,  0.1 st
%Cpu(s):  3.2 us,  2.5 sy,  0.0 ni, 93.9 id,  0.0 wa,  0.0 hi,  0.4 si,  0.0 st
%Cpu(s):  5.0 us,  2.6 sy,  0.0 ni, 92.2 id,  0.0 wa,  0.0 hi,  0.1 si,  0.0 st
%Cpu(s):  1.9 us,  0.9 sy,  0.0 ni, 97.1 id,  0.0 wa,  0.0 hi,  0.1 si,  0.0 st
%Cpu(s):  1.3 us,  0.9 sy,  0.0 ni, 97.9 id,  0.0 wa,  0.0 hi,  0.0 si,  0.0 st
%Cpu(s):  7.8 us,  0.7 sy,  0.0 ni, 91.4 id,  0.0 wa,  0.0 hi,  0.0 si,  0.0 st
%Cpu(s):  2.5 us,  0.9 sy,  0.0 ni, 96.6 id,  0.0 wa,  0.0 hi,  0.0 si,  0.0 st
%Cpu(s):  1.5 us,  1.2 sy,  0.0 ni, 97.3 id,  0.0 wa,  0.0 hi,  0.0 si,  0.0 st
%Cpu(s):  1.2 us,  1.7 sy,  0.0 ni, 97.0 id,  0.0 wa,  0.0 hi,  0.0 si,  0.0 st
%Cpu(s):  1.4 us,  1.5 sy,  0.0 ni, 97.1 id,  0.0 wa,  0.0 hi,  0.0 si,  0.0 st
%Cpu(s):  1.2 us,  1.7 sy,  0.0 ni, 97.0 id,  0.0 wa,  0.0 hi,  0.0 si,  0.0 st
%Cpu(s):  1.1 us,  1.5 sy,  0.0 ni, 97.4 id,  0.0 wa,  0.0 hi,  0.0 si,  0.0 st
%Cpu(s):  1.5 us,  1.5 sy,  0.0 ni, 97.0 id,  0.0 wa,  0.0 hi,  0.0 si,  0.0 st
%Cpu(s):  1.4 us,  1.5 sy,  0.0 ni, 97.1 id,  0.0 wa,  0.0 hi,  0.0 si,  0.0 st
%Cpu(s):  1.6 us,  1.9 sy,  0.0 ni, 96.5 id,  0.0 wa,  0.0 hi,  0.0 si,  0.0 st
%Cpu(s):  1.2 us,  1.1 sy,  0.0 ni, 97.6 id,  0.0 wa,  0.0 hi,  0.0 si,  0.0 st
%Cpu(s):  1.9 us,  1.2 sy,  0.0 ni, 96.9 id,  0.0 wa,  0.0 hi,  0.0 si,  0.0 st
%Cpu(s):  2.4 us,  1.0 sy,  0.0 ni, 96.6 id,  0.0 wa,  0.0 hi,  0.0 si,  0.0 st
%Cpu(s):  0.8 us,  1.0 sy,  0.0 ni, 98.1 id,  0.0 wa,  0.0 hi,  0.1 si,  0.0 st
%Cpu(s):  2.0 us,  2.0 sy,  0.0 ni, 95.9 id,  0.0 wa,  0.0 hi,  0.0 si,  0.1 st
