%Cpu(s):  4.1 us,  0.6 sy,  0.0 ni, 95.1 id,  0.0 wa,  0.0 hi,  0.2 si,  0.0 st
%Cpu(s): 48.7 us,  4.0 sy,  0.0 ni, 47.1 id,  0.0 wa,  0.0 hi,  0.1 si,  0.0 st
%Cpu(s): 86.5 us,  2.9 sy,  0.0 ni, 10.6 id,  0.0 wa,  0.0 hi,  0.0 si,  0.0 st
%Cpu(s): 78.6 us,  2.8 sy,  0.0 ni, 18.2 id,  0.4 wa,  0.0 hi,  0.0 si,  0.0 st
%Cpu(s): 82.4 us,  1.9 sy,  0.0 ni, 15.6 id,  0.0 wa,  0.0 hi,  0.0 si,  0.1 st
%Cpu(s): 97.0 us,  2.5 sy,  0.0 ni,  0.4 id,  0.0 wa,  0.0 hi,  0.1 si,  0.0 st
%Cpu(s): 96.4 us,  2.4 sy,  0.0 ni,  1.2 id,  0.0 wa,  0.0 hi,  0.0 si,  0.0 st
%Cpu(s): 96.5 us,  2.7 sy,  0.0 ni,  0.6 id,  0.0 wa,  0.0 hi,  0.1 si,  0.0 st
%Cpu(s): 97.0 us,  2.1 sy,  0.0 ni,  0.7 id,  0.0 wa,  0.0 hi,  0.1 si,  0.0 st
%Cpu(s): 49.6 us,  0.9 sy,  0.0 ni, 49.4 id,  0.0 wa,  0.0 hi,  0.1 si,  0.0 st
%Cpu(s):  4.9 us,  1.2 sy,  0.0 ni, 93.9 id,  0.0 wa,  0.0 hi,  0.0 si,  0.0 st
%Cpu(s):  4.8 us,  1.5 sy,  0.0 ni, 93.5 id,  0.0 wa,  0.0 hi,  0.1 si,  0.0 st
%Cpu(s):  1.5 us,  1.1 sy,  0.0 ni, 97.4 id,  0.0 wa,  0.0 hi,  0.0 si,  0.0 st
%Cpu(s):  1.7 us,  0.9 sy,  0.0 ni, 97.4 id,  0.0 wa,  0.0 hi,  0.0 si,  0.0 st
%Cpu(s):  1.5 us,  1.7 sy,  0.0 ni, 96.6 id,  0.0 wa,  0.0 hi,  0.1 si,  0.0 st
%Cpu(s):  1.4 us,  1.1 sy,  0.0 ni, 97.5 id,  0.0 wa,  0.0 hi,  0.0 si,  0.0 st
%Cpu(s): 10.1 us,  1.9 sy,  0.0 ni, 87.9 id,  0.0 wa,  0.0 hi,  0.1 si,  0.0 st
%Cpu(s): 28.5 us,  1.8 sy,  0.0 ni, 69.6 id,  0.0 wa,  0.0 hi,  0.1 si,  0.0 st
%Cpu(s): 46.9 us,  4.2 sy,  0.0 ni, 47.5 id,  0.1 wa,  0.0 hi,  1.4 si,  0.0 st
%Cpu(s): 58.7 us,  6.8 sy,  0.0 ni, 31.4 id,  0.0 wa,  0.0 hi,  3.0 si,  0.1 st
%Cpu(s): 60.7 us,  8.0 sy,  0.0 ni, 28.5 id,  0.0 wa,  0.0 hi,  2.8 si,  0.0 st
%Cpu(s): 76.0 us,  8.3 sy,  0.0 ni, 12.6 id,  0.0 wa,  0.0 hi,  3.0 si,  0.0 st
%Cpu(s): 52.5 us,  6.7 sy,  0.0 ni, 38.2 id,  0.0 wa,  0.0 hi,  2.6 si,  0.0 st
%Cpu(s): 20.6 us,  7.9 sy,  0.0 ni, 68.3 id,  0.0 wa,  0.0 hi,  3.1 si,  0.0 st
%Cpu(s): 19.6 us,  6.8 sy,  0.0 ni, 70.0 id,  0.0 wa,  0.0 hi,  3.5 si,  0.0 st
%Cpu(s): 16.9 us,  6.8 sy,  0.0 ni, 72.9 id,  0.0 wa,  0.0 hi,  3.5 si,  0.0 st
%Cpu(s): 25.9 us,  7.5 sy,  0.0 ni, 64.0 id,  0.0 wa,  0.0 hi,  2.5 si,  0.0 st
%Cpu(s): 26.4 us,  7.5 sy,  0.0 ni, 63.7 id,  0.0 wa,  0.0 hi,  2.4 si,  0.0 st
%Cpu(s): 28.6 us,  7.1 sy,  0.0 ni, 58.8 id,  1.4 wa,  0.0 hi,  4.2 si,  0.0 st
%Cpu(s): 28.6 us,  6.5 sy,  0.0 ni, 61.7 id,  0.0 wa,  0.0 hi,  3.2 si,  0.0 st
%Cpu(s): 43.6 us,  7.1 sy,  0.0 ni, 45.6 id,  0.0 wa,  0.0 hi,  3.8 si,  0.0 st
%Cpu(s): 30.2 us,  6.8 sy,  0.0 ni, 60.3 id,  0.0 wa,  0.0 hi,  2.7 si,  0.0 st
%Cpu(s): 23.0 us,  9.0 sy,  0.0 ni, 64.7 id,  0.0 wa,  0.0 hi,  3.2 si,  0.1 st
%Cpu(s): 33.5 us,  7.6 sy,  0.0 ni, 55.8 id,  0.1 wa,  0.0 hi,  2.9 si,  0.0 st
%Cpu(s): 28.1 us,  7.0 sy,  0.0 ni, 62.1 id,  0.0 wa,  0.0 hi,  2.8 si,  0.0 st
%Cpu(s): 17.1 us,  6.4 sy,  0.0 ni, 73.8 id,  0.0 wa,  0.0 hi,  2.8 si,  0.0 st
%Cpu(s): 15.0 us,  7.0 sy,  0.0 ni, 75.2 id,  0.0 wa,  0.0 hi,  2.8 si,  0.0 st
%Cpu(s): 18.0 us,  6.3 sy,  0.0 ni, 71.9 id,  0.0 wa,  0.0 hi,  3.8 si,  0.0 st
%Cpu(s): 23.6 us,  8.2 sy,  0.0 ni, 65.2 id,  0.0 wa,  0.0 hi,  3.0 si,  0.0 st
%Cpu(s): 27.4 us,  7.4 sy,  0.0 ni, 62.2 id,  0.0 wa,  0.0 hi,  3.1 si,  0.0 st
%Cpu(s): 16.9 us,  7.0 sy,  0.0 ni, 73.0 id,  0.0 wa,  0.0 hi,  3.1 si,  0.0 st
%Cpu(s): 17.1 us,  5.3 sy,  0.0 ni, 75.2 id,  0.0 wa,  0.0 hi,  2.4 si,  0.0 st
%Cpu(s): 22.9 us,  5.3 sy,  0.0 ni, 70.0 id,  0.0 wa,  0.0 hi,  1.8 si,  0.0 st
%Cpu(s):  9.8 us,  5.1 sy,  0.0 ni, 82.9 id,  0.0 wa,  0.0 hi,  2.2 si,  0.1 st
%Cpu(s): 13.9 us,  5.3 sy,  0.0 ni, 79.0 id,  0.0 wa,  0.0 hi,  1.8 si,  0.0 st
%Cpu(s): 23.3 us,  5.5 sy,  0.0 ni, 69.9 id,  0.0 wa,  0.0 hi,  1.3 si,  0.0 st
%Cpu(s): 23.0 us,  6.0 sy,  0.0 ni, 69.5 id,  0.0 wa,  0.0 hi,  1.5 si,  0.0 st
%Cpu(s): 11.3 us,  6.0 sy,  0.0 ni, 80.8 id,  0.0 wa,  0.0 hi,  1.9 si,  0.0 st
%Cpu(s): 12.3 us,  5.4 sy,  0.0 ni, 80.8 id,  0.0 wa,  0.0 hi,  1.5 si,  0.0 st
%Cpu(s): 10.1 us,  5.2 sy,  0.0 ni, 82.8 id,  0.0 wa,  0.0 hi,  1.9 si,  0.0 st
%Cpu(s): 12.5 us,  4.0 sy,  0.0 ni, 81.7 id,  0.0 wa,  0.0 hi,  1.7 si,  0.1 st
%Cpu(s):  9.1 us,  5.7 sy,  0.0 ni, 83.5 id,  0.0 wa,  0.0 hi,  1.8 si,  0.0 st
%Cpu(s):  9.6 us,  4.9 sy,  0.0 ni, 82.5 id,  0.0 wa,  0.0 hi,  3.0 si,  0.0 st
%Cpu(s): 11.6 us,  6.0 sy,  0.0 ni, 79.2 id,  0.0 wa,  0.0 hi,  3.1 si,  0.0 st
%Cpu(s): 23.6 us,  5.7 sy,  0.0 ni, 68.2 id,  0.0 wa,  0.0 hi,  2.5 si,  0.0 st
%Cpu(s): 21.9 us,  4.9 sy,  0.0 ni, 70.7 id,  0.0 wa,  0.0 hi,  2.5 si,  0.0 st
%Cpu(s): 13.5 us,  5.4 sy,  0.0 ni, 78.8 id,  0.0 wa,  0.0 hi,  2.3 si,  0.0 st
%Cpu(s): 11.0 us,  5.4 sy,  0.0 ni, 81.6 id,  0.0 wa,  0.0 hi,  2.0 si,  0.0 st
%Cpu(s):  8.8 us,  5.7 sy,  0.0 ni, 83.6 id,  0.0 wa,  0.0 hi,  1.9 si,  0.0 st
%Cpu(s):  9.0 us,  4.9 sy,  0.0 ni, 84.4 id,  0.0 wa,  0.0 hi,  1.6 si,  0.0 st
%Cpu(s):  8.9 us,  5.2 sy,  0.0 ni, 84.2 id,  0.0 wa,  0.0 hi,  1.7 si,  0.0 st
%Cpu(s):  5.2 us,  3.2 sy,  0.0 ni, 91.0 id,  0.0 wa,  0.0 hi,  0.6 si,  0.0 st
%Cpu(s):  1.9 us,  1.0 sy,  0.0 ni, 97.1 id,  0.0 wa,  0.0 hi,  0.0 si,  0.0 st
%Cpu(s):  2.2 us,  0.8 sy,  0.0 ni, 96.6 id,  0.1 wa,  0.0 hi,  0.0 si,  0.2 st
%Cpu(s):  1.5 us,  1.1 sy,  0.0 ni, 97.3 id,  0.0 wa,  0.0 hi,  0.0 si,  0.1 st
%Cpu(s):  2.1 us,  1.4 sy,  0.0 ni, 96.5 id,  0.0 wa,  0.0 hi,  0.0 si,  0.0 st
%Cpu(s):  1.7 us,  2.0 sy,  0.0 ni, 96.3 id,  0.0 wa,  0.0 hi,  0.0 si,  0.0 st
%Cpu(s):  9.2 us,  2.1 sy,  0.0 ni, 88.7 id,  0.0 wa,  0.0 hi,  0.0 si,  0.0 st
%Cpu(s):  8.5 us,  2.1 sy,  0.0 ni, 89.4 id,  0.0 wa,  0.0 hi,  0.0 si,  0.0 st
%Cpu(s):  2.7 us,  1.5 sy,  0.0 ni, 95.8 id,  0.0 wa,  0.0 hi,  0.0 si,  0.0 st
%Cpu(s):  2.4 us,  1.5 sy,  0.0 ni, 96.1 id,  0.0 wa,  0.0 hi,  0.0 si,  0.0 st
%Cpu(s):  1.2 us,  1.7 sy,  0.0 ni, 97.0 id,  0.0 wa,  0.0 hi,  0.0 si,  0.0 st
%Cpu(s):  2.0 us,  0.7 sy,  0.0 ni, 97.3 id,  0.0 wa,  0.0 hi,  0.0 si,  0.0 st
%Cpu(s):  1.1 us,  1.4 sy,  0.0 ni, 97.4 id,  0.1 wa,  0.0 hi,  0.0 si,  0.0 st
%Cpu(s):  1.2 us,  1.2 sy,  0.0 ni, 97.5 id,  0.0 wa,  0.0 hi,  0.0 si,  0.0 st
%Cpu(s):  1.0 us,  0.9 sy,  0.0 ni, 98.1 id,  0.0 wa,  0.0 hi,  0.0 si,  0.0 st
%Cpu(s):  6.7 us,  1.5 sy,  0.0 ni, 91.8 id,  0.0 wa,  0.0 hi,  0.0 si,  0.0 st
%Cpu(s):  9.4 us,  1.5 sy,  0.0 ni, 89.1 id,  0.0 wa,  0.0 hi,  0.0 si,  0.0 st
%Cpu(s):  1.3 us,  1.1 sy,  0.0 ni, 97.6 id,  0.0 wa,  0.0 hi,  0.0 si,  0.0 st
%Cpu(s):  1.5 us,  1.4 sy,  0.0 ni, 97.1 id,  0.0 wa,  0.0 hi,  0.0 si,  0.0 st
%Cpu(s):  1.5 us,  1.5 sy,  0.0 ni, 97.0 id,  0.0 wa,  0.0 hi,  0.0 si,  0.0 st
%Cpu(s):  1.6 us,  1.0 sy,  0.0 ni, 97.4 id,  0.0 wa,  0.0 hi,  0.0 si,  0.0 st
%Cpu(s):  1.1 us,  1.3 sy,  0.0 ni, 97.6 id,  0.0 wa,  0.0 hi,  0.0 si,  0.0 st
%Cpu(s):  2.0 us,  1.0 sy,  0.0 ni, 97.0 id,  0.0 wa,  0.0 hi,  0.0 si,  0.0 st
%Cpu(s):  2.4 us,  2.0 sy,  0.0 ni, 95.6 id,  0.0 wa,  0.0 hi,  0.0 si,  0.0 st
