%Cpu(s):  4.5 us,  0.8 sy,  0.0 ni, 94.6 id,  0.0 wa,  0.0 hi,  0.1 si,  0.0 st
%Cpu(s):  5.9 us,  1.5 sy,  0.0 ni, 92.5 id,  0.0 wa,  0.0 hi,  0.0 si,  0.1 st
%Cpu(s): 91.1 us,  6.3 sy,  0.0 ni,  2.6 id,  0.0 wa,  0.0 hi,  0.0 si,  0.0 st
%Cpu(s): 94.7 us,  4.1 sy,  0.0 ni,  1.2 id,  0.0 wa,  0.0 hi,  0.0 si,  0.0 st
%Cpu(s): 93.4 us,  4.0 sy,  0.0 ni,  2.6 id,  0.0 wa,  0.0 hi,  0.0 si,  0.0 st
%Cpu(s): 96.1 us,  2.4 sy,  0.0 ni,  1.5 id,  0.0 wa,  0.0 hi,  0.0 si,  0.0 st
%Cpu(s): 97.0 us,  2.9 sy,  0.0 ni,  0.1 id,  0.0 wa,  0.0 hi,  0.0 si,  0.0 st
%Cpu(s): 97.6 us,  2.4 sy,  0.0 ni,  0.0 id,  0.0 wa,  0.0 hi,  0.0 si,  0.0 st
%Cpu(s): 96.8 us,  3.2 sy,  0.0 ni,  0.0 id,  0.0 wa,  0.0 hi,  0.0 si,  0.0 st
%Cpu(s): 96.5 us,  3.2 sy,  0.0 ni,  0.0 id,  0.0 wa,  0.0 hi,  0.2 si,  0.0 st
%Cpu(s): 96.4 us,  3.2 sy,  0.0 ni,  0.1 id,  0.0 wa,  0.0 hi,  0.2 si,  0.0 st
%Cpu(s): 40.0 us,  2.3 sy,  0.0 ni, 57.5 id,  0.1 wa,  0.0 hi,  0.1 si,  0.0 st
%Cpu(s): 15.1 us,  3.5 sy,  0.0 ni, 81.0 id,  0.0 wa,  0.0 hi,  0.1 si,  0.3 st
%Cpu(s): 18.7 us,  3.7 sy,  0.0 ni, 77.5 id,  0.0 wa,  0.0 hi,  0.0 si,  0.1 st
%Cpu(s): 10.6 us,  4.9 sy,  0.0 ni, 84.1 id,  0.0 wa,  0.0 hi,  0.3 si,  0.1 st
%Cpu(s):  7.1 us,  3.7 sy,  0.0 ni, 88.8 id,  0.0 wa,  0.0 hi,  0.1 si,  0.3 st
%Cpu(s):  5.6 us,  4.1 sy,  0.0 ni, 90.3 id,  0.0 wa,  0.0 hi,  0.1 si,  0.0 st
%Cpu(s):  4.7 us,  3.7 sy,  0.0 ni, 91.2 id,  0.0 wa,  0.0 hi,  0.0 si,  0.4 st
%Cpu(s):  9.6 us,  3.8 sy,  0.0 ni, 86.5 id,  0.0 wa,  0.0 hi,  0.0 si,  0.1 st
%Cpu(s): 20.6 us,  2.7 sy,  0.0 ni, 76.3 id,  0.0 wa,  0.0 hi,  0.1 si,  0.3 st
%Cpu(s): 84.6 us,  5.9 sy,  0.0 ni,  8.5 id,  0.0 wa,  0.0 hi,  1.0 si,  0.0 st
%Cpu(s): 92.0 us,  6.5 sy,  0.0 ni,  0.2 id,  0.0 wa,  0.0 hi,  1.2 si,  0.0 st
%Cpu(s): 89.9 us,  8.6 sy,  0.0 ni,  0.0 id,  0.0 wa,  0.0 hi,  1.5 si,  0.0 st
%Cpu(s): 89.8 us,  8.7 sy,  0.0 ni,  0.0 id,  0.0 wa,  0.0 hi,  1.5 si,  0.0 st
%Cpu(s): 90.0 us,  8.2 sy,  0.0 ni,  0.1 id,  0.0 wa,  0.0 hi,  1.6 si,  0.0 st
%Cpu(s): 93.8 us,  5.0 sy,  0.0 ni,  0.2 id,  0.0 wa,  0.0 hi,  1.0 si,  0.0 st
%Cpu(s): 90.2 us,  5.1 sy,  0.0 ni,  3.6 id,  0.0 wa,  0.0 hi,  1.0 si,  0.0 st
%Cpu(s): 66.8 us,  3.6 sy,  0.0 ni, 28.7 id,  0.0 wa,  0.0 hi,  0.9 si,  0.0 st
%Cpu(s): 38.7 us,  4.0 sy,  0.0 ni, 56.5 id,  0.0 wa,  0.0 hi,  0.8 si,  0.0 st
%Cpu(s): 47.6 us,  4.9 sy,  0.0 ni, 46.9 id,  0.0 wa,  0.0 hi,  0.6 si,  0.0 st
%Cpu(s): 31.8 us,  4.1 sy,  0.0 ni, 63.1 id,  0.0 wa,  0.0 hi,  0.9 si,  0.1 st
%Cpu(s): 25.1 us,  4.7 sy,  0.0 ni, 69.5 id,  0.0 wa,  0.0 hi,  0.8 si,  0.0 st
%Cpu(s): 37.7 us,  5.3 sy,  0.0 ni, 55.7 id,  0.0 wa,  0.0 hi,  1.3 si,  0.0 st
%Cpu(s): 31.8 us,  5.2 sy,  0.0 ni, 62.2 id,  0.0 wa,  0.0 hi,  0.8 si,  0.1 st
%Cpu(s): 28.6 us,  5.0 sy,  0.0 ni, 65.7 id,  0.0 wa,  0.0 hi,  0.6 si,  0.0 st
%Cpu(s): 18.9 us,  5.2 sy,  0.0 ni, 74.1 id,  0.5 wa,  0.0 hi,  1.2 si,  0.0 st
%Cpu(s): 17.7 us,  4.3 sy,  0.0 ni, 77.1 id,  0.0 wa,  0.0 hi,  0.8 si,  0.1 st
%Cpu(s): 26.0 us,  4.6 sy,  0.0 ni, 68.7 id,  0.0 wa,  0.0 hi,  0.7 si,  0.0 st
%Cpu(s): 47.7 us,  4.0 sy,  0.0 ni, 47.0 id,  0.0 wa,  0.0 hi,  1.1 si,  0.1 st
%Cpu(s): 57.1 us,  4.8 sy,  0.0 ni, 37.2 id,  0.0 wa,  0.0 hi,  0.9 si,  0.0 st
%Cpu(s): 26.7 us,  3.7 sy,  0.0 ni, 68.6 id,  0.0 wa,  0.0 hi,  1.0 si,  0.0 st
%Cpu(s): 35.2 us,  4.2 sy,  0.0 ni, 60.1 id,  0.1 wa,  0.0 hi,  0.4 si,  0.0 st
%Cpu(s): 35.0 us,  4.2 sy,  0.0 ni, 60.1 id,  0.0 wa,  0.0 hi,  0.6 si,  0.1 st
%Cpu(s): 21.9 us,  4.3 sy,  0.0 ni, 72.8 id,  0.0 wa,  0.0 hi,  1.0 si,  0.0 st
%Cpu(s): 12.7 us,  4.8 sy,  0.0 ni, 81.7 id,  0.0 wa,  0.0 hi,  0.9 si,  0.0 st
%Cpu(s): 12.0 us,  5.5 sy,  0.0 ni, 81.8 id,  0.0 wa,  0.0 hi,  0.7 si,  0.0 st
%Cpu(s): 10.5 us,  5.2 sy,  0.0 ni, 83.7 id,  0.0 wa,  0.0 hi,  0.5 si,  0.1 st
%Cpu(s): 10.4 us,  6.1 sy,  0.0 ni, 82.8 id,  0.0 wa,  0.0 hi,  0.6 si,  0.0 st
%Cpu(s):  8.4 us,  5.5 sy,  0.0 ni, 85.5 id,  0.0 wa,  0.0 hi,  0.6 si,  0.0 st
%Cpu(s): 13.4 us,  4.4 sy,  0.0 ni, 81.1 id,  0.0 wa,  0.0 hi,  1.1 si,  0.0 st
%Cpu(s): 31.8 us,  4.0 sy,  0.0 ni, 63.1 id,  0.0 wa,  0.0 hi,  0.8 si,  0.3 st
%Cpu(s): 28.2 us,  4.0 sy,  0.0 ni, 67.2 id,  0.0 wa,  0.0 hi,  0.6 si,  0.0 st
%Cpu(s): 25.1 us,  5.2 sy,  0.0 ni, 69.1 id,  0.0 wa,  0.0 hi,  0.6 si,  0.0 st
%Cpu(s): 16.6 us,  5.1 sy,  0.0 ni, 77.2 id,  0.0 wa,  0.0 hi,  1.0 si,  0.0 st
%Cpu(s): 11.3 us,  5.5 sy,  0.0 ni, 82.3 id,  0.0 wa,  0.0 hi,  0.9 si,  0.0 st
%Cpu(s): 14.9 us,  5.5 sy,  0.0 ni, 78.7 id,  0.0 wa,  0.0 hi,  0.9 si,  0.0 st
%Cpu(s): 11.7 us,  6.0 sy,  0.0 ni, 81.9 id,  0.0 wa,  0.0 hi,  0.3 si,  0.1 st
%Cpu(s): 26.9 us,  4.8 sy,  0.0 ni, 67.6 id,  0.0 wa,  0.0 hi,  0.8 si,  0.0 st
%Cpu(s): 12.9 us,  4.8 sy,  0.0 ni, 81.4 id,  0.0 wa,  0.0 hi,  0.9 si,  0.0 st
%Cpu(s): 17.0 us,  4.8 sy,  0.0 ni, 77.5 id,  0.0 wa,  0.0 hi,  0.8 si,  0.0 st
%Cpu(s): 26.0 us,  4.1 sy,  0.0 ni, 68.9 id,  0.1 wa,  0.0 hi,  0.8 si,  0.1 st
%Cpu(s): 13.8 us,  3.3 sy,  0.0 ni, 82.4 id,  0.0 wa,  0.0 hi,  0.4 si,  0.1 st
%Cpu(s):  3.5 us,  3.6 sy,  0.0 ni, 92.7 id,  0.0 wa,  0.0 hi,  0.0 si,  0.3 st
%Cpu(s):  4.2 us,  4.0 sy,  0.0 ni, 91.7 id,  0.0 wa,  0.0 hi,  0.0 si,  0.1 st
%Cpu(s):  5.3 us,  3.7 sy,  0.0 ni, 90.6 id,  0.0 wa,  0.0 hi,  0.1 si,  0.3 st
%Cpu(s): 20.1 us,  3.6 sy,  0.0 ni, 76.0 id,  0.0 wa,  0.0 hi,  0.1 si,  0.1 st
%Cpu(s): 14.4 us,  2.9 sy,  0.0 ni, 82.5 id,  0.1 wa,  0.0 hi,  0.0 si,  0.1 st
%Cpu(s):  3.7 us,  3.8 sy,  0.0 ni, 92.3 id,  0.0 wa,  0.0 hi,  0.0 si,  0.3 st
%Cpu(s):  5.8 us,  4.3 sy,  0.0 ni, 89.9 id,  0.0 wa,  0.0 hi,  0.0 si,  0.0 st
%Cpu(s):  4.5 us,  3.7 sy,  0.0 ni, 91.6 id,  0.0 wa,  0.0 hi,  0.0 si,  0.3 st
%Cpu(s):  5.8 us,  3.8 sy,  0.0 ni, 90.3 id,  0.0 wa,  0.0 hi,  0.0 si,  0.1 st
%Cpu(s):  4.0 us,  4.0 sy,  0.0 ni, 91.4 id,  0.0 wa,  0.0 hi,  0.3 si,  0.3 st
%Cpu(s):  5.8 us,  4.4 sy,  0.0 ni, 89.7 id,  0.0 wa,  0.0 hi,  0.0 si,  0.1 st
