%Cpu(s):  4.8 us,  0.7 sy,  0.0 ni, 94.5 id,  0.0 wa,  0.0 hi,  0.1 si,  0.0 st
%Cpu(s): 79.7 us,  8.9 sy,  0.0 ni, 11.4 id,  0.0 wa,  0.0 hi,  0.0 si,  0.0 st
%Cpu(s): 94.5 us,  5.1 sy,  0.0 ni,  0.4 id,  0.0 wa,  0.0 hi,  0.0 si,  0.0 st
%Cpu(s): 95.4 us,  4.0 sy,  0.0 ni,  0.6 id,  0.0 wa,  0.0 hi,  0.0 si,  0.0 st
%Cpu(s): 93.5 us,  4.5 sy,  0.0 ni,  2.0 id,  0.0 wa,  0.0 hi,  0.0 si,  0.0 st
%Cpu(s): 96.8 us,  3.0 sy,  0.0 ni,  0.2 id,  0.0 wa,  0.0 hi,  0.0 si,  0.0 st
%Cpu(s): 97.3 us,  2.7 sy,  0.0 ni,  0.0 id,  0.0 wa,  0.0 hi,  0.0 si,  0.0 st
%Cpu(s): 96.8 us,  3.2 sy,  0.0 ni,  0.0 id,  0.0 wa,  0.0 hi,  0.0 si,  0.0 st
%Cpu(s): 95.6 us,  4.1 sy,  0.0 ni,  0.0 id,  0.0 wa,  0.0 hi,  0.2 si,  0.0 st
%Cpu(s): 96.5 us,  3.4 sy,  0.0 ni,  0.0 id,  0.0 wa,  0.0 hi,  0.1 si,  0.0 st
%Cpu(s): 96.4 us,  3.4 sy,  0.0 ni,  0.1 id,  0.0 wa,  0.0 hi,  0.1 si,  0.0 st
%Cpu(s): 58.9 us,  2.4 sy,  0.0 ni, 38.8 id,  0.0 wa,  0.0 hi,  0.0 si,  0.0 st
%Cpu(s): 10.9 us,  1.2 sy,  0.0 ni, 87.8 id,  0.0 wa,  0.0 hi,  0.0 si,  0.1 st
%Cpu(s):  5.9 us,  1.6 sy,  0.0 ni, 92.5 id,  0.0 wa,  0.0 hi,  0.0 si,  0.0 st
%Cpu(s):  4.0 us,  1.4 sy,  0.0 ni, 94.6 id,  0.0 wa,  0.0 hi,  0.0 si,  0.0 st
%Cpu(s):  2.7 us,  2.7 sy,  0.0 ni, 94.5 id,  0.0 wa,  0.0 hi,  0.0 si,  0.0 st
%Cpu(s):  2.0 us,  1.5 sy,  0.0 ni, 96.5 id,  0.0 wa,  0.0 hi,  0.0 si,  0.0 st
%Cpu(s): 11.3 us,  2.2 sy,  0.0 ni, 86.4 id,  0.0 wa,  0.0 hi,  0.0 si,  0.0 st
%Cpu(s):  4.3 us,  1.8 sy,  0.0 ni, 94.0 id,  0.0 wa,  0.0 hi,  0.0 si,  0.0 st
%Cpu(s): 47.0 us,  3.8 sy,  0.0 ni, 48.6 id,  0.0 wa,  0.0 hi,  0.5 si,  0.1 st
%Cpu(s): 81.7 us,  7.6 sy,  0.0 ni,  9.8 id,  0.0 wa,  0.0 hi,  0.9 si,  0.0 st
%Cpu(s): 91.0 us,  6.4 sy,  0.0 ni,  1.0 id,  0.0 wa,  0.0 hi,  1.6 si,  0.0 st
%Cpu(s): 89.7 us,  7.7 sy,  0.0 ni,  0.9 id,  0.0 wa,  0.0 hi,  1.7 si,  0.0 st
%Cpu(s): 87.0 us, 10.7 sy,  0.0 ni,  0.0 id,  0.0 wa,  0.0 hi,  2.2 si,  0.0 st
%Cpu(s): 87.5 us, 10.8 sy,  0.0 ni,  0.0 id,  0.0 wa,  0.0 hi,  1.6 si,  0.0 st
%Cpu(s): 92.0 us,  6.2 sy,  0.0 ni,  0.4 id,  0.0 wa,  0.0 hi,  1.4 si,  0.0 st
%Cpu(s): 90.8 us,  8.0 sy,  0.0 ni,  0.0 id,  0.0 wa,  0.0 hi,  1.2 si,  0.0 st
%Cpu(s): 90.3 us,  8.1 sy,  0.0 ni,  0.0 id,  0.0 wa,  0.0 hi,  1.6 si,  0.0 st
%Cpu(s): 92.7 us,  6.5 sy,  0.0 ni,  0.0 id,  0.0 wa,  0.0 hi,  0.9 si,  0.0 st
%Cpu(s): 93.3 us,  5.7 sy,  0.0 ni,  0.0 id,  0.0 wa,  0.0 hi,  1.0 si,  0.0 st
%Cpu(s): 81.4 us,  5.5 sy,  0.0 ni, 12.1 id,  0.0 wa,  0.0 hi,  1.0 si,  0.0 st
%Cpu(s): 52.3 us,  5.5 sy,  0.0 ni, 41.4 id,  0.0 wa,  0.0 hi,  0.9 si,  0.0 st
%Cpu(s): 44.2 us,  4.7 sy,  0.0 ni, 50.1 id,  0.0 wa,  0.0 hi,  1.0 si,  0.0 st
%Cpu(s): 41.9 us,  4.5 sy,  0.0 ni, 52.9 id,  0.0 wa,  0.0 hi,  0.6 si,  0.0 st
%Cpu(s): 32.7 us,  4.3 sy,  0.0 ni, 62.2 id,  0.0 wa,  0.0 hi,  0.8 si,  0.1 st
%Cpu(s): 24.6 us,  3.6 sy,  0.0 ni, 70.9 id,  0.0 wa,  0.0 hi,  0.9 si,  0.0 st
%Cpu(s): 31.8 us,  4.6 sy,  0.0 ni, 62.9 id,  0.0 wa,  0.0 hi,  0.6 si,  0.1 st
%Cpu(s):  9.2 us,  4.9 sy,  0.0 ni, 85.0 id,  0.0 wa,  0.0 hi,  0.9 si,  0.0 st
%Cpu(s): 34.6 us,  5.1 sy,  0.0 ni, 59.8 id,  0.0 wa,  0.0 hi,  0.5 si,  0.0 st
%Cpu(s): 71.7 us,  5.1 sy,  0.0 ni, 21.9 id,  0.0 wa,  0.0 hi,  1.3 si,  0.0 st
%Cpu(s): 28.4 us,  3.9 sy,  0.0 ni, 66.6 id,  0.0 wa,  0.0 hi,  1.0 si,  0.1 st
%Cpu(s): 23.9 us,  4.2 sy,  0.0 ni, 70.9 id,  0.0 wa,  0.0 hi,  1.0 si,  0.0 st
%Cpu(s): 21.8 us,  4.3 sy,  0.0 ni, 73.0 id,  0.0 wa,  0.0 hi,  0.9 si,  0.0 st
%Cpu(s): 19.2 us,  4.2 sy,  0.0 ni, 75.7 id,  0.0 wa,  0.0 hi,  0.9 si,  0.0 st
%Cpu(s): 33.9 us,  4.8 sy,  0.0 ni, 60.6 id,  0.0 wa,  0.0 hi,  0.8 si,  0.0 st
%Cpu(s):  9.4 us,  3.9 sy,  0.0 ni, 85.8 id,  0.0 wa,  0.0 hi,  0.9 si,  0.0 st
%Cpu(s): 12.5 us,  5.3 sy,  0.0 ni, 81.4 id,  0.1 wa,  0.0 hi,  0.8 si,  0.0 st
%Cpu(s): 13.7 us,  4.7 sy,  0.0 ni, 80.9 id,  0.0 wa,  0.0 hi,  0.6 si,  0.0 st
%Cpu(s): 11.1 us,  3.8 sy,  0.0 ni, 84.2 id,  0.0 wa,  0.0 hi,  0.9 si,  0.0 st
%Cpu(s): 15.3 us,  3.8 sy,  0.0 ni, 80.1 id,  0.0 wa,  0.0 hi,  0.8 si,  0.0 st
%Cpu(s): 18.1 us,  4.2 sy,  0.0 ni, 76.8 id,  0.0 wa,  0.0 hi,  0.8 si,  0.1 st
%Cpu(s): 23.9 us,  3.9 sy,  0.0 ni, 71.4 id,  0.0 wa,  0.0 hi,  0.8 si,  0.0 st
%Cpu(s): 29.4 us,  4.6 sy,  0.0 ni, 65.2 id,  0.0 wa,  0.0 hi,  0.8 si,  0.0 st
%Cpu(s): 16.3 us,  4.4 sy,  0.0 ni, 78.7 id,  0.0 wa,  0.0 hi,  0.5 si,  0.1 st
%Cpu(s): 17.8 us,  3.9 sy,  0.0 ni, 77.5 id,  0.0 wa,  0.0 hi,  0.8 si,  0.0 st
%Cpu(s): 25.1 us,  3.9 sy,  0.0 ni, 70.5 id,  0.0 wa,  0.0 hi,  0.5 si,  0.0 st
%Cpu(s): 14.1 us,  4.2 sy,  0.0 ni, 81.0 id,  0.0 wa,  0.0 hi,  0.5 si,  0.1 st
%Cpu(s):  8.5 us,  4.4 sy,  0.0 ni, 86.3 id,  0.0 wa,  0.0 hi,  0.8 si,  0.0 st
%Cpu(s):  8.5 us,  2.9 sy,  0.0 ni, 87.6 id,  0.0 wa,  0.0 hi,  0.9 si,  0.1 st
%Cpu(s): 19.2 us,  4.3 sy,  0.0 ni, 75.3 id,  0.0 wa,  0.0 hi,  1.3 si,  0.0 st
%Cpu(s): 17.9 us,  4.3 sy,  0.0 ni, 77.1 id,  0.0 wa,  0.0 hi,  0.6 si,  0.0 st
%Cpu(s): 15.2 us,  2.4 sy,  0.0 ni, 82.2 id,  0.0 wa,  0.0 hi,  0.3 si,  0.0 st
%Cpu(s):  2.5 us,  1.7 sy,  0.0 ni, 95.6 id,  0.0 wa,  0.0 hi,  0.0 si,  0.1 st
%Cpu(s):  1.3 us,  1.8 sy,  0.0 ni, 97.0 id,  0.0 wa,  0.0 hi,  0.0 si,  0.0 st
%Cpu(s):  2.9 us,  1.6 sy,  0.0 ni, 95.5 id,  0.0 wa,  0.0 hi,  0.0 si,  0.0 st
%Cpu(s):  2.0 us,  2.0 sy,  0.0 ni, 96.0 id,  0.0 wa,  0.0 hi,  0.0 si,  0.0 st
%Cpu(s):  1.6 us,  1.8 sy,  0.0 ni, 96.5 id,  0.1 wa,  0.0 hi,  0.0 si,  0.0 st
%Cpu(s):  2.0 us,  2.5 sy,  0.0 ni, 95.5 id,  0.0 wa,  0.0 hi,  0.0 si,  0.0 st
%Cpu(s):  2.6 us,  2.2 sy,  0.0 ni, 95.1 id,  0.0 wa,  0.0 hi,  0.0 si,  0.0 st
%Cpu(s):  2.1 us,  1.6 sy,  0.0 ni, 96.2 id,  0.0 wa,  0.0 hi,  0.0 si,  0.0 st
%Cpu(s): 19.5 us,  1.8 sy,  0.0 ni, 78.7 id,  0.0 wa,  0.0 hi,  0.0 si,  0.0 st
%Cpu(s): 24.3 us,  1.1 sy,  0.0 ni, 74.3 id,  0.1 wa,  0.0 hi,  0.0 si,  0.1 st
%Cpu(s):  2.1 us,  1.8 sy,  0.0 ni, 96.1 id,  0.0 wa,  0.0 hi,  0.0 si,  0.0 st
%Cpu(s):  2.6 us,  1.6 sy,  0.0 ni, 95.6 id,  0.0 wa,  0.0 hi,  0.0 si,  0.1 st
%Cpu(s):  2.9 us,  1.5 sy,  0.0 ni, 95.6 id,  0.0 wa,  0.0 hi,  0.0 si,  0.0 st
%Cpu(s):  1.6 us,  1.8 sy,  0.0 ni, 96.6 id,  0.0 wa,  0.0 hi,  0.0 si,  0.0 st
%Cpu(s):  1.6 us,  2.3 sy,  0.0 ni, 96.1 id,  0.0 wa,  0.0 hi,  0.0 si,  0.0 st
%Cpu(s):  1.5 us,  2.0 sy,  0.0 ni, 96.4 id,  0.0 wa,  0.0 hi,  0.0 si,  0.1 st
%Cpu(s):  2.5 us,  2.1 sy,  0.0 ni, 95.3 id,  0.0 wa,  0.0 hi,  0.0 si,  0.0 st
%Cpu(s):  1.9 us,  1.4 sy,  0.0 ni, 96.6 id,  0.0 wa,  0.0 hi,  0.1 si,  0.0 st
%Cpu(s):  2.5 us,  3.2 sy,  0.0 ni, 94.3 id,  0.0 wa,  0.0 hi,  0.0 si,  0.0 st
%Cpu(s):  5.9 us,  2.1 sy,  0.0 ni, 91.8 id,  0.0 wa,  0.0 hi,  0.1 si,  0.0 st
