%Cpu(s):  1.4 us,  0.7 sy,  0.0 ni, 97.8 id,  0.0 wa,  0.0 hi,  0.1 si,  0.1 st
%Cpu(s): 29.4 us,  1.1 sy,  0.0 ni, 69.3 id,  0.0 wa,  0.0 hi,  0.0 si,  0.1 st
%Cpu(s):  0.4 us,  0.2 sy,  0.0 ni, 99.4 id,  0.0 wa,  0.0 hi,  0.0 si,  0.0 st
%Cpu(s):  0.0 us,  0.1 sy,  0.0 ni, 99.9 id,  0.0 wa,  0.0 hi,  0.0 si,  0.0 st
%Cpu(s):  0.7 us,  0.6 sy,  0.0 ni, 98.6 id,  0.0 wa,  0.0 hi,  0.0 si,  0.0 st
%Cpu(s):  0.1 us,  0.0 sy,  0.0 ni, 99.8 id,  0.1 wa,  0.0 hi,  0.0 si,  0.0 st
%Cpu(s):  0.1 us,  0.1 sy,  0.0 ni, 99.8 id,  0.0 wa,  0.0 hi,  0.0 si,  0.0 st
%Cpu(s):  0.4 us,  0.0 sy,  0.0 ni, 99.5 id,  0.0 wa,  0.0 hi,  0.1 si,  0.0 st
%Cpu(s):  0.1 us,  0.1 sy,  0.0 ni, 99.8 id,  0.0 wa,  0.0 hi,  0.0 si,  0.0 st
%Cpu(s):  0.1 us,  0.0 sy,  0.0 ni, 99.9 id,  0.0 wa,  0.0 hi,  0.0 si,  0.0 st
%Cpu(s):  0.0 us,  0.2 sy,  0.0 ni, 99.8 id,  0.0 wa,  0.0 hi,  0.0 si,  0.0 st
%Cpu(s):  2.1 us,  1.1 sy,  0.0 ni, 96.6 id,  0.0 wa,  0.0 hi,  0.0 si,  0.1 st
%Cpu(s): 50.1 us,  3.9 sy,  0.0 ni, 45.8 id,  0.0 wa,  0.0 hi,  0.0 si,  0.3 st
%Cpu(s): 55.9 us,  1.3 sy,  0.0 ni, 42.7 id,  0.0 wa,  0.0 hi,  0.0 si,  0.1 st
%Cpu(s): 79.2 us,  2.4 sy,  0.0 ni, 18.4 id,  0.0 wa,  0.0 hi,  0.1 si,  0.0 st
%Cpu(s): 30.6 us,  1.4 sy,  0.0 ni, 67.9 id,  0.0 wa,  0.0 hi,  0.0 si,  0.1 st
%Cpu(s): 35.3 us,  2.4 sy,  0.0 ni, 61.7 id,  0.0 wa,  0.0 hi,  0.5 si,  0.1 st
%Cpu(s): 57.3 us,  4.2 sy,  0.0 ni, 37.1 id,  0.0 wa,  0.0 hi,  1.5 si,  0.0 st
%Cpu(s): 19.2 us,  5.1 sy,  0.0 ni, 73.5 id,  0.0 wa,  0.0 hi,  2.0 si,  0.1 st
%Cpu(s): 17.8 us,  3.8 sy,  0.0 ni, 76.6 id,  0.0 wa,  0.0 hi,  1.8 si,  0.0 st
%Cpu(s): 13.8 us,  5.8 sy,  0.0 ni, 78.1 id,  0.0 wa,  0.0 hi,  2.4 si,  0.0 st
%Cpu(s): 17.4 us,  4.3 sy,  0.0 ni, 76.0 id,  0.0 wa,  0.0 hi,  2.1 si,  0.1 st
%Cpu(s): 25.0 us,  5.4 sy,  0.0 ni, 67.6 id,  0.0 wa,  0.0 hi,  1.9 si,  0.1 st
%Cpu(s): 11.1 us,  6.1 sy,  0.0 ni, 80.5 id,  0.0 wa,  0.0 hi,  2.3 si,  0.0 st
%Cpu(s):  8.7 us,  5.6 sy,  0.0 ni, 82.6 id,  0.1 wa,  0.0 hi,  2.9 si,  0.0 st
%Cpu(s):  8.6 us,  4.9 sy,  0.0 ni, 85.2 id,  0.0 wa,  0.0 hi,  1.3 si,  0.0 st
%Cpu(s): 18.0 us,  4.2 sy,  0.0 ni, 76.6 id,  0.0 wa,  0.0 hi,  1.3 si,  0.0 st
%Cpu(s): 10.9 us,  5.1 sy,  0.0 ni, 82.5 id,  0.0 wa,  0.0 hi,  1.5 si,  0.0 st
%Cpu(s):  6.7 us,  3.9 sy,  0.0 ni, 87.9 id,  0.0 wa,  0.0 hi,  1.3 si,  0.1 st
%Cpu(s):  6.5 us,  4.0 sy,  0.0 ni, 88.1 id,  0.0 wa,  0.0 hi,  1.4 si,  0.0 st
%Cpu(s):  7.0 us,  4.6 sy,  0.0 ni, 86.8 id,  0.0 wa,  0.0 hi,  1.4 si,  0.1 st
%Cpu(s):  5.8 us,  5.6 sy,  0.0 ni, 88.0 id,  0.0 wa,  0.0 hi,  0.6 si,  0.0 st
%Cpu(s):  5.2 us,  4.1 sy,  0.0 ni, 89.9 id,  0.0 wa,  0.0 hi,  0.9 si,  0.0 st
%Cpu(s):  5.7 us,  3.9 sy,  0.0 ni, 89.4 id,  0.0 wa,  0.0 hi,  0.9 si,  0.1 st
%Cpu(s): 17.5 us,  3.7 sy,  0.0 ni, 77.9 id,  0.0 wa,  0.0 hi,  0.9 si,  0.0 st
%Cpu(s):  9.7 us,  4.4 sy,  0.0 ni, 85.0 id,  0.0 wa,  0.0 hi,  0.9 si,  0.0 st
%Cpu(s):  7.0 us,  4.4 sy,  0.0 ni, 87.5 id,  0.0 wa,  0.0 hi,  1.0 si,  0.1 st
%Cpu(s):  6.2 us,  3.9 sy,  0.0 ni, 86.9 id,  2.0 wa,  0.0 hi,  1.0 si,  0.0 st
%Cpu(s):  5.3 us,  4.4 sy,  0.0 ni, 89.5 id,  0.0 wa,  0.0 hi,  0.9 si,  0.0 st
%Cpu(s):  4.3 us,  3.3 sy,  0.0 ni, 91.1 id,  0.0 wa,  0.0 hi,  1.0 si,  0.3 st
%Cpu(s):  5.9 us,  3.9 sy,  0.0 ni, 89.4 id,  0.0 wa,  0.0 hi,  0.8 si,  0.0 st
%Cpu(s):  5.9 us,  3.8 sy,  0.0 ni, 89.3 id,  0.0 wa,  0.0 hi,  1.0 si,  0.0 st
%Cpu(s):  5.9 us,  4.3 sy,  0.0 ni, 87.0 id,  1.9 wa,  0.0 hi,  0.9 si,  0.0 st
%Cpu(s): 10.9 us,  4.2 sy,  0.0 ni, 84.1 id,  0.0 wa,  0.0 hi,  0.9 si,  0.0 st
%Cpu(s): 17.0 us,  3.7 sy,  0.0 ni, 78.2 id,  0.0 wa,  0.0 hi,  1.0 si,  0.1 st
%Cpu(s):  7.1 us,  4.1 sy,  0.0 ni, 87.9 id,  0.0 wa,  0.0 hi,  0.7 si,  0.1 st
%Cpu(s):  6.4 us,  3.7 sy,  0.0 ni, 89.1 id,  0.0 wa,  0.0 hi,  0.9 si,  0.0 st
%Cpu(s):  4.6 us,  3.3 sy,  0.0 ni, 91.0 id,  0.0 wa,  0.0 hi,  1.1 si,  0.0 st
%Cpu(s):  5.6 us,  3.8 sy,  0.0 ni, 89.6 id,  0.0 wa,  0.0 hi,  1.0 si,  0.0 st
%Cpu(s):  4.8 us,  3.2 sy,  0.0 ni, 91.3 id,  0.0 wa,  0.0 hi,  0.6 si,  0.1 st
%Cpu(s):  3.9 us,  2.7 sy,  0.0 ni, 92.3 id,  0.0 wa,  0.0 hi,  1.1 si,  0.0 st
%Cpu(s):  4.6 us,  3.5 sy,  0.0 ni, 91.0 id,  0.0 wa,  0.0 hi,  0.9 si,  0.0 st
%Cpu(s):  4.7 us,  3.8 sy,  0.0 ni, 90.7 id,  0.0 wa,  0.0 hi,  0.9 si,  0.0 st
%Cpu(s): 15.5 us,  4.2 sy,  0.0 ni, 79.1 id,  0.0 wa,  0.0 hi,  1.0 si,  0.1 st
%Cpu(s): 10.3 us,  3.6 sy,  0.0 ni, 84.4 id,  0.0 wa,  0.0 hi,  1.8 si,  0.0 st
%Cpu(s):  4.8 us,  3.1 sy,  0.0 ni, 90.9 id,  0.0 wa,  0.0 hi,  1.1 si,  0.0 st
%Cpu(s):  6.4 us,  4.0 sy,  0.0 ni, 88.4 id,  0.0 wa,  0.0 hi,  1.2 si,  0.0 st
%Cpu(s):  5.4 us,  4.3 sy,  0.0 ni, 89.2 id,  0.0 wa,  0.0 hi,  1.0 si,  0.1 st
%Cpu(s):  4.5 us,  3.8 sy,  0.0 ni, 90.3 id,  0.0 wa,  0.0 hi,  1.4 si,  0.0 st
%Cpu(s):  4.9 us,  3.8 sy,  0.0 ni, 90.3 id,  0.0 wa,  0.0 hi,  1.0 si,  0.0 st
%Cpu(s):  4.5 us,  4.0 sy,  0.0 ni, 90.5 id,  0.0 wa,  0.0 hi,  0.9 si,  0.1 st
%Cpu(s):  2.7 us,  2.6 sy,  0.0 ni, 94.1 id,  0.0 wa,  0.0 hi,  0.4 si,  0.1 st
%Cpu(s):  1.8 us,  1.0 sy,  0.0 ni, 97.1 id,  0.0 wa,  0.0 hi,  0.0 si,  0.1 st
%Cpu(s):  1.5 us,  1.4 sy,  0.0 ni, 97.0 id,  0.0 wa,  0.0 hi,  0.0 si,  0.1 st
%Cpu(s):  1.2 us,  1.5 sy,  0.0 ni, 97.1 id,  0.1 wa,  0.0 hi,  0.0 si,  0.0 st
%Cpu(s):  1.3 us,  1.3 sy,  0.0 ni, 97.2 id,  0.0 wa,  0.0 hi,  0.0 si,  0.3 st
%Cpu(s):  1.5 us,  1.1 sy,  0.0 ni, 97.2 id,  0.0 wa,  0.0 hi,  0.0 si,  0.1 st
%Cpu(s):  1.5 us,  1.9 sy,  0.0 ni, 96.7 id,  0.0 wa,  0.0 hi,  0.0 si,  0.0 st
%Cpu(s):  1.4 us,  1.4 sy,  0.0 ni, 97.3 id,  0.0 wa,  0.0 hi,  0.0 si,  0.0 st
%Cpu(s):  1.3 us,  1.0 sy,  0.0 ni, 97.5 id,  0.0 wa,  0.0 hi,  0.0 si,  0.3 st
%Cpu(s):  1.4 us,  1.4 sy,  0.0 ni, 97.1 id,  0.0 wa,  0.0 hi,  0.0 si,  0.1 st
