%Cpu(s):  4.0 us,  0.8 sy,  0.0 ni, 95.2 id,  0.0 wa,  0.0 hi,  0.1 si,  0.0 st
%Cpu(s): 84.2 us,  7.2 sy,  0.0 ni,  8.6 id,  0.0 wa,  0.0 hi,  0.0 si,  0.0 st
%Cpu(s): 94.0 us,  4.7 sy,  0.0 ni,  1.1 id,  0.0 wa,  0.0 hi,  0.0 si,  0.1 st
%Cpu(s): 92.5 us,  4.4 sy,  0.0 ni,  3.1 id,  0.0 wa,  0.0 hi,  0.0 si,  0.0 st
%Cpu(s): 95.1 us,  3.6 sy,  0.0 ni,  1.2 id,  0.0 wa,  0.0 hi,  0.0 si,  0.0 st
%Cpu(s): 97.3 us,  2.7 sy,  0.0 ni,  0.0 id,  0.0 wa,  0.0 hi,  0.0 si,  0.0 st
%Cpu(s): 97.0 us,  3.0 sy,  0.0 ni,  0.0 id,  0.0 wa,  0.0 hi,  0.0 si,  0.0 st
%Cpu(s): 96.1 us,  3.9 sy,  0.0 ni,  0.0 id,  0.0 wa,  0.0 hi,  0.0 si,  0.0 st
%Cpu(s): 95.8 us,  4.2 sy,  0.0 ni,  0.0 id,  0.0 wa,  0.0 hi,  0.0 si,  0.0 st
%Cpu(s): 95.4 us,  4.1 sy,  0.0 ni,  0.0 id,  0.0 wa,  0.0 hi,  0.5 si,  0.0 st
%Cpu(s): 83.4 us,  2.4 sy,  0.0 ni, 13.9 id,  0.0 wa,  0.0 hi,  0.2 si,  0.1 st
%Cpu(s): 23.3 us,  1.8 sy,  0.0 ni, 75.0 id,  0.0 wa,  0.0 hi,  0.0 si,  0.0 st
%Cpu(s): 16.0 us,  3.0 sy,  0.0 ni, 80.9 id,  0.0 wa,  0.0 hi,  0.1 si,  0.0 st
%Cpu(s): 12.7 us,  3.6 sy,  0.0 ni, 83.4 id,  0.0 wa,  0.0 hi,  0.1 si,  0.1 st
%Cpu(s): 10.1 us,  4.6 sy,  0.0 ni, 85.2 id,  0.0 wa,  0.0 hi,  0.0 si,  0.0 st
%Cpu(s):  6.8 us,  4.4 sy,  0.0 ni, 88.8 id,  0.0 wa,  0.0 hi,  0.0 si,  0.0 st
%Cpu(s):  6.1 us,  3.6 sy,  0.0 ni, 90.1 id,  0.1 wa,  0.0 hi,  0.1 si,  0.0 st
%Cpu(s):  6.4 us,  3.3 sy,  0.0 ni, 90.2 id,  0.0 wa,  0.0 hi,  0.0 si,  0.1 st
%Cpu(s): 22.2 us,  4.2 sy,  0.0 ni, 73.4 id,  0.0 wa,  0.0 hi,  0.3 si,  0.0 st
%Cpu(s): 46.4 us,  4.4 sy,  0.0 ni, 48.5 id,  0.0 wa,  0.0 hi,  0.7 si,  0.0 st
%Cpu(s): 87.9 us,  7.6 sy,  0.0 ni,  2.9 id,  0.0 wa,  0.0 hi,  1.6 si,  0.0 st
%Cpu(s): 87.4 us, 10.0 sy,  0.0 ni,  0.0 id,  0.0 wa,  0.0 hi,  2.6 si,  0.0 st
%Cpu(s): 86.6 us, 11.1 sy,  0.0 ni,  0.0 id,  0.0 wa,  0.0 hi,  2.4 si,  0.0 st
%Cpu(s): 86.7 us, 10.5 sy,  0.0 ni,  0.0 id,  0.0 wa,  0.0 hi,  2.7 si,  0.0 st
%Cpu(s): 86.8 us, 11.3 sy,  0.0 ni,  0.0 id,  0.0 wa,  0.0 hi,  1.7 si,  0.1 st
%Cpu(s): 90.4 us,  7.6 sy,  0.0 ni,  0.0 id,  0.0 wa,  0.0 hi,  2.0 si,  0.0 st
%Cpu(s): 91.2 us,  7.0 sy,  0.0 ni,  0.0 id,  0.0 wa,  0.0 hi,  1.9 si,  0.0 st
%Cpu(s): 92.5 us,  6.1 sy,  0.0 ni,  0.2 id,  0.0 wa,  0.0 hi,  1.1 si,  0.0 st
%Cpu(s): 90.8 us,  5.7 sy,  0.0 ni,  1.6 id,  0.0 wa,  0.0 hi,  1.7 si,  0.1 st
%Cpu(s): 91.0 us,  6.4 sy,  0.0 ni,  0.9 id,  0.0 wa,  0.0 hi,  1.8 si,  0.0 st
%Cpu(s): 88.4 us,  6.5 sy,  0.0 ni,  3.6 id,  0.0 wa,  0.0 hi,  1.5 si,  0.0 st
%Cpu(s): 57.1 us,  5.3 sy,  0.0 ni, 35.7 id,  0.0 wa,  0.0 hi,  1.8 si,  0.1 st
%Cpu(s): 36.5 us,  6.4 sy,  0.0 ni, 55.0 id,  0.0 wa,  0.0 hi,  2.0 si,  0.0 st
%Cpu(s): 41.5 us,  4.9 sy,  0.0 ni, 52.5 id,  0.0 wa,  0.0 hi,  1.0 si,  0.0 st
%Cpu(s): 15.5 us,  5.1 sy,  0.0 ni, 78.3 id,  0.0 wa,  0.0 hi,  0.9 si,  0.3 st
%Cpu(s): 18.7 us,  4.9 sy,  0.0 ni, 75.3 id,  0.0 wa,  0.0 hi,  1.2 si,  0.0 st
%Cpu(s): 20.8 us,  5.0 sy,  0.0 ni, 73.2 id,  0.1 wa,  0.0 hi,  0.9 si,  0.0 st
%Cpu(s): 14.1 us,  4.9 sy,  0.0 ni, 79.9 id,  0.0 wa,  0.0 hi,  0.9 si,  0.1 st
%Cpu(s): 43.5 us,  5.2 sy,  0.0 ni, 50.5 id,  0.0 wa,  0.0 hi,  0.9 si,  0.0 st
%Cpu(s): 82.1 us,  6.2 sy,  0.0 ni, 10.1 id,  0.0 wa,  0.0 hi,  1.5 si,  0.0 st
%Cpu(s): 66.4 us,  5.0 sy,  0.0 ni, 27.5 id,  0.0 wa,  0.0 hi,  1.1 si,  0.0 st
%Cpu(s): 30.3 us,  5.1 sy,  0.0 ni, 64.0 id,  0.0 wa,  0.0 hi,  0.6 si,  0.0 st
%Cpu(s): 25.6 us,  5.7 sy,  0.0 ni, 67.7 id,  0.0 wa,  0.0 hi,  0.9 si,  0.1 st
%Cpu(s): 19.6 us,  5.2 sy,  0.0 ni, 73.5 id,  0.0 wa,  0.0 hi,  1.5 si,  0.1 st
%Cpu(s): 19.2 us,  5.3 sy,  0.0 ni, 74.2 id,  0.0 wa,  0.0 hi,  1.3 si,  0.0 st
%Cpu(s): 20.0 us,  6.1 sy,  0.0 ni, 73.1 id,  0.0 wa,  0.0 hi,  0.8 si,  0.0 st
%Cpu(s): 19.4 us,  5.9 sy,  0.0 ni, 73.8 id,  0.1 wa,  0.0 hi,  0.7 si,  0.0 st
%Cpu(s): 15.2 us,  4.7 sy,  0.0 ni, 78.5 id,  0.0 wa,  0.0 hi,  1.6 si,  0.0 st
%Cpu(s): 13.9 us,  4.7 sy,  0.0 ni, 79.9 id,  0.0 wa,  0.0 hi,  1.4 si,  0.1 st
%Cpu(s): 12.9 us,  5.6 sy,  0.0 ni, 80.7 id,  0.1 wa,  0.0 hi,  0.5 si,  0.1 st
%Cpu(s): 16.9 us,  4.7 sy,  0.0 ni, 77.5 id,  0.0 wa,  0.0 hi,  0.9 si,  0.0 st
%Cpu(s): 26.8 us,  5.6 sy,  0.0 ni, 66.9 id,  0.0 wa,  0.0 hi,  0.6 si,  0.0 st
%Cpu(s): 22.7 us,  6.2 sy,  0.0 ni, 70.0 id,  0.0 wa,  0.0 hi,  0.9 si,  0.1 st
%Cpu(s): 30.2 us,  4.9 sy,  0.0 ni, 63.5 id,  0.0 wa,  0.0 hi,  1.4 si,  0.0 st
%Cpu(s): 22.0 us,  5.6 sy,  0.0 ni, 71.4 id,  0.0 wa,  0.0 hi,  0.9 si,  0.1 st
%Cpu(s): 10.9 us,  5.1 sy,  0.0 ni, 83.1 id,  0.0 wa,  0.0 hi,  0.9 si,  0.0 st
%Cpu(s): 15.2 us,  4.5 sy,  0.0 ni, 79.2 id,  0.0 wa,  0.0 hi,  1.1 si,  0.0 st
%Cpu(s):  9.8 us,  4.3 sy,  0.0 ni, 84.7 id,  0.0 wa,  0.0 hi,  1.1 si,  0.1 st
%Cpu(s): 13.6 us,  4.0 sy,  0.0 ni, 81.5 id,  0.0 wa,  0.0 hi,  0.8 si,  0.1 st
%Cpu(s): 13.3 us,  5.8 sy,  0.0 ni, 80.0 id,  0.0 wa,  0.0 hi,  0.9 si,  0.0 st
%Cpu(s): 15.4 us,  4.5 sy,  0.0 ni, 79.3 id,  0.0 wa,  0.0 hi,  0.9 si,  0.0 st
%Cpu(s):  5.4 us,  4.6 sy,  0.0 ni, 89.7 id,  0.0 wa,  0.0 hi,  0.3 si,  0.0 st
%Cpu(s):  4.4 us,  4.1 sy,  0.0 ni, 91.4 id,  0.0 wa,  0.0 hi,  0.1 si,  0.0 st
%Cpu(s):  7.8 us,  4.6 sy,  0.0 ni, 87.5 id,  0.0 wa,  0.0 hi,  0.0 si,  0.1 st
%Cpu(s):  6.0 us,  5.2 sy,  0.0 ni, 88.8 id,  0.0 wa,  0.0 hi,  0.0 si,  0.0 st
%Cpu(s):  4.1 us,  5.0 sy,  0.0 ni, 90.7 id,  0.0 wa,  0.0 hi,  0.1 si,  0.1 st
%Cpu(s):  3.8 us,  4.9 sy,  0.0 ni, 91.3 id,  0.0 wa,  0.0 hi,  0.0 si,  0.0 st
%Cpu(s):  4.2 us,  4.7 sy,  0.0 ni, 91.0 id,  0.0 wa,  0.0 hi,  0.0 si,  0.1 st
%Cpu(s):  3.4 us,  3.0 sy,  0.0 ni, 93.4 id,  0.0 wa,  0.0 hi,  0.0 si,  0.1 st
%Cpu(s):  5.4 us,  6.0 sy,  0.0 ni, 88.5 id,  0.1 wa,  0.0 hi,  0.0 si,  0.0 st
%Cpu(s):  8.0 us,  4.4 sy,  0.0 ni, 87.6 id,  0.0 wa,  0.0 hi,  0.0 si,  0.0 st
%Cpu(s):  3.1 us,  3.4 sy,  0.0 ni, 93.5 id,  0.0 wa,  0.0 hi,  0.0 si,  0.0 st
%Cpu(s): 58.8 us,  3.7 sy,  0.0 ni, 37.4 id,  0.0 wa,  0.0 hi,  0.1 si,  0.0 st
%Cpu(s): 24.9 us,  2.8 sy,  0.0 ni, 72.2 id,  0.0 wa,  0.0 hi,  0.1 si,  0.0 st
