%Cpu(s):  2.9 us,  0.6 sy,  0.0 ni, 96.4 id,  0.0 wa,  0.0 hi,  0.1 si,  0.0 st
%Cpu(s): 78.7 us,  5.4 sy,  0.0 ni, 15.8 id,  0.0 wa,  0.0 hi,  0.0 si,  0.1 st
%Cpu(s): 74.6 us,  3.1 sy,  0.0 ni, 22.3 id,  0.0 wa,  0.0 hi,  0.0 si,  0.0 st
%Cpu(s): 93.0 us,  2.8 sy,  0.0 ni,  4.1 id,  0.0 wa,  0.0 hi,  0.0 si,  0.1 st
%Cpu(s): 94.8 us,  2.8 sy,  0.0 ni,  2.2 id,  0.0 wa,  0.0 hi,  0.2 si,  0.0 st
%Cpu(s): 92.5 us,  2.6 sy,  0.0 ni,  4.7 id,  0.0 wa,  0.0 hi,  0.1 si,  0.0 st
%Cpu(s): 22.2 us,  1.8 sy,  0.0 ni, 75.8 id,  0.0 wa,  0.0 hi,  0.1 si,  0.1 st
%Cpu(s):  7.9 us,  2.3 sy,  0.0 ni, 89.7 id,  0.0 wa,  0.0 hi,  0.0 si,  0.1 st
%Cpu(s):  7.6 us,  2.6 sy,  0.0 ni, 89.5 id,  0.1 wa,  0.0 hi,  0.0 si,  0.1 st
%Cpu(s):  4.2 us,  2.2 sy,  0.0 ni, 93.1 id,  0.0 wa,  0.0 hi,  0.1 si,  0.2 st
%Cpu(s):  5.9 us,  2.0 sy,  0.0 ni, 91.8 id,  0.0 wa,  0.0 hi,  0.0 si,  0.3 st
%Cpu(s):  3.7 us,  2.4 sy,  0.0 ni, 93.8 id,  0.0 wa,  0.0 hi,  0.0 si,  0.1 st
%Cpu(s):  2.6 us,  2.4 sy,  0.0 ni, 94.9 id,  0.0 wa,  0.0 hi,  0.0 si,  0.1 st
%Cpu(s):  3.0 us,  2.0 sy,  0.0 ni, 94.7 id,  0.0 wa,  0.0 hi,  0.0 si,  0.3 st
%Cpu(s):  4.0 us,  3.7 sy,  0.0 ni, 91.9 id,  0.0 wa,  0.0 hi,  0.1 si,  0.2 st
%Cpu(s):  3.5 us,  2.1 sy,  0.0 ni, 94.1 id,  0.0 wa,  0.0 hi,  0.0 si,  0.4 st
%Cpu(s): 24.1 us,  2.8 sy,  0.0 ni, 73.0 id,  0.0 wa,  0.0 hi,  0.1 si,  0.0 st
%Cpu(s): 56.5 us,  4.8 sy,  0.0 ni, 37.2 id,  0.0 wa,  0.0 hi,  1.4 si,  0.1 st
%Cpu(s): 70.3 us,  4.9 sy,  0.0 ni, 23.6 id,  0.0 wa,  0.0 hi,  1.1 si,  0.0 st
%Cpu(s): 70.7 us,  4.6 sy,  0.0 ni, 23.3 id,  0.0 wa,  0.0 hi,  1.4 si,  0.0 st
%Cpu(s): 58.0 us,  5.6 sy,  0.0 ni, 34.8 id,  0.0 wa,  0.0 hi,  1.6 si,  0.0 st
%Cpu(s): 20.2 us,  5.0 sy,  0.0 ni, 73.8 id,  0.0 wa,  0.0 hi,  0.9 si,  0.1 st
%Cpu(s): 11.8 us,  5.3 sy,  0.0 ni, 82.2 id,  0.0 wa,  0.0 hi,  0.8 si,  0.0 st
%Cpu(s):  8.8 us,  4.5 sy,  0.0 ni, 85.9 id,  0.0 wa,  0.0 hi,  0.8 si,  0.0 st
%Cpu(s):  9.9 us,  5.4 sy,  0.0 ni, 83.8 id,  0.0 wa,  0.0 hi,  0.8 si,  0.1 st
%Cpu(s):  6.6 us,  5.7 sy,  0.0 ni, 87.0 id,  0.4 wa,  0.0 hi,  0.4 si,  0.0 st
%Cpu(s): 10.8 us,  4.7 sy,  0.0 ni, 84.1 id,  0.0 wa,  0.0 hi,  0.4 si,  0.0 st
%Cpu(s): 12.9 us,  4.6 sy,  0.0 ni, 81.6 id,  0.0 wa,  0.0 hi,  0.9 si,  0.0 st
%Cpu(s): 21.2 us,  3.9 sy,  0.0 ni, 73.6 id,  0.0 wa,  0.0 hi,  1.3 si,  0.0 st
%Cpu(s): 23.6 us,  4.9 sy,  0.0 ni, 69.7 id,  0.0 wa,  0.0 hi,  1.6 si,  0.1 st
%Cpu(s):  9.2 us,  4.3 sy,  0.0 ni, 85.4 id,  0.0 wa,  0.0 hi,  1.0 si,  0.0 st
%Cpu(s): 10.9 us,  3.8 sy,  0.0 ni, 84.0 id,  0.0 wa,  0.0 hi,  1.2 si,  0.1 st
%Cpu(s):  8.4 us,  4.8 sy,  0.0 ni, 85.5 id,  0.0 wa,  0.0 hi,  1.3 si,  0.0 st
%Cpu(s):  6.3 us,  5.2 sy,  0.0 ni, 87.5 id,  0.0 wa,  0.0 hi,  1.0 si,  0.0 st
%Cpu(s):  8.8 us,  5.3 sy,  0.0 ni, 85.0 id,  0.0 wa,  0.0 hi,  0.9 si,  0.0 st
%Cpu(s):  9.3 us,  4.4 sy,  0.0 ni, 85.8 id,  0.0 wa,  0.0 hi,  0.5 si,  0.0 st
%Cpu(s): 10.2 us,  4.8 sy,  0.0 ni, 83.8 id,  0.0 wa,  0.0 hi,  1.0 si,  0.2 st
%Cpu(s):  6.5 us,  4.6 sy,  0.0 ni, 88.3 id,  0.0 wa,  0.0 hi,  0.6 si,  0.0 st
%Cpu(s):  9.1 us,  3.7 sy,  0.0 ni, 86.1 id,  0.0 wa,  0.0 hi,  1.1 si,  0.0 st
%Cpu(s):  9.5 us,  3.7 sy,  0.0 ni, 85.8 id,  0.0 wa,  0.0 hi,  1.0 si,  0.0 st
%Cpu(s):  8.3 us,  5.3 sy,  0.0 ni, 85.6 id,  0.0 wa,  0.0 hi,  0.7 si,  0.0 st
%Cpu(s):  7.3 us,  5.2 sy,  0.0 ni, 86.8 id,  0.0 wa,  0.0 hi,  0.8 si,  0.0 st
%Cpu(s):  6.2 us,  4.6 sy,  0.0 ni, 88.2 id,  0.0 wa,  0.0 hi,  1.0 si,  0.0 st
%Cpu(s):  6.4 us,  5.6 sy,  0.0 ni, 87.3 id,  0.0 wa,  0.0 hi,  0.6 si,  0.1 st
%Cpu(s):  6.2 us,  4.2 sy,  0.0 ni, 88.6 id,  0.0 wa,  0.0 hi,  1.0 si,  0.0 st
%Cpu(s): 10.1 us,  4.5 sy,  0.0 ni, 83.6 id,  0.9 wa,  0.0 hi,  0.9 si,  0.1 st
%Cpu(s):  9.4 us,  4.3 sy,  0.0 ni, 85.6 id,  0.0 wa,  0.0 hi,  0.8 si,  0.0 st
%Cpu(s): 11.5 us,  5.3 sy,  0.0 ni, 82.2 id,  0.0 wa,  0.0 hi,  1.0 si,  0.0 st
%Cpu(s):  7.6 us,  6.1 sy,  0.0 ni, 85.1 id,  0.0 wa,  0.0 hi,  1.1 si,  0.0 st
%Cpu(s):  8.0 us,  4.7 sy,  0.0 ni, 86.2 id,  0.0 wa,  0.0 hi,  1.2 si,  0.0 st
%Cpu(s):  7.9 us,  4.4 sy,  0.0 ni, 86.8 id,  0.0 wa,  0.0 hi,  0.8 si,  0.1 st
%Cpu(s):  7.8 us,  5.7 sy,  0.0 ni, 85.9 id,  0.0 wa,  0.0 hi,  0.5 si,  0.0 st
%Cpu(s):  5.5 us,  3.8 sy,  0.0 ni, 89.7 id,  0.0 wa,  0.0 hi,  0.8 si,  0.1 st
%Cpu(s):  6.7 us,  5.1 sy,  0.0 ni, 87.6 id,  0.0 wa,  0.0 hi,  0.6 si,  0.0 st
%Cpu(s):  7.0 us,  4.8 sy,  0.0 ni, 87.4 id,  0.0 wa,  0.0 hi,  0.8 si,  0.0 st
%Cpu(s):  6.4 us,  4.1 sy,  0.0 ni, 88.9 id,  0.0 wa,  0.0 hi,  0.6 si,  0.0 st
%Cpu(s):  6.4 us,  4.8 sy,  0.0 ni, 87.9 id,  0.0 wa,  0.0 hi,  0.8 si,  0.1 st
%Cpu(s):  7.0 us,  4.8 sy,  0.0 ni, 87.2 id,  0.0 wa,  0.0 hi,  1.0 si,  0.0 st
%Cpu(s):  6.0 us,  5.2 sy,  0.0 ni, 87.8 id,  0.0 wa,  0.0 hi,  1.0 si,  0.0 st
%Cpu(s):  7.2 us,  4.7 sy,  0.0 ni, 87.2 id,  0.0 wa,  0.0 hi,  1.0 si,  0.0 st
%Cpu(s):  6.2 us,  4.9 sy,  0.0 ni, 88.0 id,  0.0 wa,  0.0 hi,  0.9 si,  0.0 st
%Cpu(s):  3.1 us,  2.6 sy,  0.0 ni, 94.0 id,  0.0 wa,  0.0 hi,  0.1 si,  0.1 st
%Cpu(s):  2.5 us,  3.6 sy,  0.0 ni, 93.5 id,  0.1 wa,  0.0 hi,  0.0 si,  0.4 st
%Cpu(s):  2.4 us,  2.3 sy,  0.0 ni, 95.0 id,  0.0 wa,  0.0 hi,  0.1 si,  0.3 st
%Cpu(s):  2.6 us,  3.0 sy,  0.0 ni, 94.3 id,  0.0 wa,  0.0 hi,  0.0 si,  0.1 st
%Cpu(s):  4.0 us,  2.1 sy,  0.0 ni, 93.5 id,  0.0 wa,  0.0 hi,  0.1 si,  0.2 st
%Cpu(s):  3.3 us,  3.7 sy,  0.0 ni, 92.8 id,  0.0 wa,  0.0 hi,  0.0 si,  0.1 st
%Cpu(s):  1.8 us,  1.5 sy,  0.0 ni, 96.2 id,  0.0 wa,  0.0 hi,  0.1 si,  0.4 st
%Cpu(s):  2.4 us,  1.5 sy,  0.0 ni, 95.8 id,  0.0 wa,  0.0 hi,  0.0 si,  0.3 st
%Cpu(s):  2.4 us,  2.9 sy,  0.0 ni, 94.6 id,  0.0 wa,  0.0 hi,  0.0 si,  0.1 st
%Cpu(s):  1.4 us,  3.2 sy,  0.0 ni, 94.1 id,  0.9 wa,  0.0 hi,  0.1 si,  0.2 st
