%Cpu(s):  4.9 us,  0.8 sy,  0.0 ni, 94.2 id,  0.0 wa,  0.0 hi,  0.1 si,  0.0 st
%Cpu(s): 78.4 us,  6.4 sy,  0.0 ni, 15.1 id,  0.0 wa,  0.0 hi,  0.0 si,  0.1 st
%Cpu(s): 94.9 us,  3.9 sy,  0.0 ni,  1.2 id,  0.0 wa,  0.0 hi,  0.0 si,  0.0 st
%Cpu(s): 95.0 us,  4.0 sy,  0.0 ni,  1.0 id,  0.0 wa,  0.0 hi,  0.0 si,  0.0 st
%Cpu(s): 94.9 us,  3.5 sy,  0.0 ni,  1.6 id,  0.0 wa,  0.0 hi,  0.0 si,  0.0 st
%Cpu(s): 97.3 us,  2.7 sy,  0.0 ni,  0.0 id,  0.0 wa,  0.0 hi,  0.0 si,  0.0 st
%Cpu(s): 96.5 us,  3.5 sy,  0.0 ni,  0.0 id,  0.0 wa,  0.0 hi,  0.0 si,  0.0 st
%Cpu(s): 96.4 us,  3.5 sy,  0.0 ni,  0.1 id,  0.0 wa,  0.0 hi,  0.0 si,  0.0 st
%Cpu(s): 96.4 us,  3.5 sy,  0.0 ni,  0.0 id,  0.0 wa,  0.0 hi,  0.1 si,  0.0 st
%Cpu(s): 96.3 us,  3.6 sy,  0.0 ni,  0.0 id,  0.0 wa,  0.0 hi,  0.1 si,  0.0 st
%Cpu(s): 36.3 us,  3.4 sy,  0.0 ni, 59.6 id,  0.1 wa,  0.0 hi,  0.4 si,  0.2 st
%Cpu(s): 19.4 us,  3.9 sy,  0.0 ni, 76.7 id,  0.0 wa,  0.0 hi,  0.0 si,  0.0 st
%Cpu(s): 14.8 us,  3.1 sy,  0.0 ni, 81.8 id,  0.0 wa,  0.0 hi,  0.1 si,  0.2 st
%Cpu(s): 11.1 us,  4.1 sy,  0.0 ni, 84.6 id,  0.0 wa,  0.0 hi,  0.0 si,  0.3 st
%Cpu(s): 10.2 us,  3.4 sy,  0.0 ni, 86.2 id,  0.0 wa,  0.0 hi,  0.0 si,  0.3 st
%Cpu(s):  8.9 us,  5.2 sy,  0.0 ni, 85.6 id,  0.0 wa,  0.0 hi,  0.1 si,  0.1 st
%Cpu(s):  5.8 us,  4.9 sy,  0.0 ni, 88.9 id,  0.0 wa,  0.0 hi,  0.1 si,  0.3 st
%Cpu(s):  6.5 us,  3.5 sy,  0.0 ni, 89.8 id,  0.0 wa,  0.0 hi,  0.0 si,  0.1 st
%Cpu(s): 16.6 us,  3.7 sy,  0.0 ni, 79.4 id,  0.0 wa,  0.0 hi,  0.1 si,  0.3 st
%Cpu(s): 73.7 us,  3.7 sy,  0.0 ni, 22.2 id,  0.0 wa,  0.0 hi,  0.4 si,  0.0 st
%Cpu(s): 88.7 us,  6.4 sy,  0.0 ni,  3.5 id,  0.0 wa,  0.0 hi,  1.4 si,  0.0 st
%Cpu(s): 91.4 us,  6.7 sy,  0.0 ni,  0.5 id,  0.0 wa,  0.0 hi,  1.4 si,  0.0 st
%Cpu(s): 91.8 us,  6.2 sy,  0.0 ni,  0.1 id,  0.0 wa,  0.0 hi,  1.9 si,  0.0 st
%Cpu(s): 91.2 us,  6.7 sy,  0.0 ni,  0.6 id,  0.0 wa,  0.0 hi,  1.5 si,  0.0 st
%Cpu(s): 94.5 us,  4.1 sy,  0.0 ni,  0.1 id,  0.0 wa,  0.0 hi,  1.2 si,  0.0 st
%Cpu(s): 94.0 us,  5.0 sy,  0.0 ni,  0.0 id,  0.0 wa,  0.0 hi,  1.0 si,  0.0 st
%Cpu(s): 93.9 us,  4.5 sy,  0.0 ni,  0.7 id,  0.0 wa,  0.0 hi,  0.9 si,  0.0 st
%Cpu(s): 83.8 us,  4.4 sy,  0.0 ni, 10.9 id,  0.0 wa,  0.0 hi,  0.9 si,  0.0 st
%Cpu(s): 68.4 us,  4.7 sy,  0.0 ni, 25.6 id,  0.0 wa,  0.0 hi,  1.1 si,  0.1 st
%Cpu(s): 63.2 us,  4.0 sy,  0.0 ni, 32.3 id,  0.0 wa,  0.0 hi,  0.5 si,  0.0 st
%Cpu(s): 33.7 us,  4.8 sy,  0.0 ni, 60.1 id,  0.0 wa,  0.0 hi,  1.4 si,  0.0 st
%Cpu(s): 35.3 us,  4.5 sy,  0.0 ni, 59.1 id,  0.0 wa,  0.0 hi,  1.1 si,  0.0 st
%Cpu(s): 34.4 us,  4.5 sy,  0.0 ni, 60.2 id,  0.0 wa,  0.0 hi,  0.9 si,  0.0 st
%Cpu(s): 26.1 us,  3.9 sy,  0.0 ni, 69.2 id,  0.0 wa,  0.0 hi,  0.8 si,  0.0 st
%Cpu(s): 13.9 us,  5.6 sy,  0.0 ni, 79.4 id,  0.0 wa,  0.0 hi,  1.0 si,  0.1 st
%Cpu(s): 28.0 us,  4.6 sy,  0.0 ni, 66.6 id,  0.0 wa,  0.0 hi,  0.9 si,  0.0 st
%Cpu(s): 17.9 us,  5.0 sy,  0.0 ni, 76.5 id,  0.0 wa,  0.0 hi,  0.5 si,  0.1 st
%Cpu(s): 19.2 us,  4.6 sy,  0.0 ni, 75.4 id,  0.0 wa,  0.0 hi,  0.9 si,  0.0 st
%Cpu(s): 53.3 us,  4.6 sy,  0.0 ni, 41.4 id,  0.0 wa,  0.0 hi,  0.8 si,  0.0 st
%Cpu(s): 55.3 us,  3.6 sy,  0.0 ni, 40.3 id,  0.0 wa,  0.0 hi,  0.6 si,  0.1 st
%Cpu(s): 32.4 us,  4.1 sy,  0.0 ni, 62.9 id,  0.0 wa,  0.0 hi,  0.6 si,  0.0 st
%Cpu(s): 27.5 us,  4.9 sy,  0.0 ni, 66.5 id,  0.0 wa,  0.0 hi,  1.1 si,  0.0 st
%Cpu(s): 24.8 us,  3.7 sy,  0.0 ni, 70.8 id,  0.0 wa,  0.0 hi,  0.6 si,  0.0 st
%Cpu(s): 28.6 us,  4.1 sy,  0.0 ni, 67.0 id,  0.0 wa,  0.0 hi,  0.3 si,  0.1 st
%Cpu(s): 40.5 us,  5.0 sy,  0.0 ni, 54.3 id,  0.0 wa,  0.0 hi,  0.3 si,  0.0 st
%Cpu(s): 20.7 us,  5.5 sy,  0.0 ni, 73.3 id,  0.1 wa,  0.0 hi,  0.4 si,  0.0 st
%Cpu(s): 11.4 us,  4.2 sy,  0.0 ni, 83.8 id,  0.0 wa,  0.0 hi,  0.5 si,  0.1 st
%Cpu(s): 14.5 us,  4.9 sy,  0.0 ni, 79.9 id,  0.0 wa,  0.0 hi,  0.8 si,  0.0 st
%Cpu(s): 18.7 us,  4.8 sy,  0.0 ni, 75.4 id,  0.0 wa,  0.0 hi,  0.9 si,  0.1 st
%Cpu(s): 26.8 us,  4.3 sy,  0.0 ni, 68.2 id,  0.0 wa,  0.0 hi,  0.8 si,  0.0 st
%Cpu(s): 28.1 us,  4.3 sy,  0.0 ni, 67.0 id,  0.0 wa,  0.0 hi,  0.6 si,  0.0 st
%Cpu(s): 15.4 us,  3.8 sy,  0.0 ni, 80.1 id,  0.0 wa,  0.0 hi,  0.6 si,  0.0 st
%Cpu(s): 12.5 us,  4.5 sy,  0.0 ni, 82.0 id,  0.0 wa,  0.0 hi,  0.9 si,  0.1 st
%Cpu(s): 15.1 us,  5.0 sy,  0.0 ni, 79.3 id,  0.0 wa,  0.0 hi,  0.5 si,  0.0 st
%Cpu(s): 14.7 us,  5.5 sy,  0.0 ni, 79.0 id,  0.0 wa,  0.0 hi,  0.6 si,  0.1 st
%Cpu(s): 21.9 us,  5.3 sy,  0.0 ni, 72.3 id,  0.0 wa,  0.0 hi,  0.5 si,  0.0 st
%Cpu(s): 15.6 us,  4.7 sy,  0.0 ni, 79.1 id,  0.0 wa,  0.0 hi,  0.6 si,  0.0 st
%Cpu(s): 14.5 us,  5.3 sy,  0.0 ni, 79.4 id,  0.0 wa,  0.0 hi,  0.8 si,  0.0 st
%Cpu(s): 10.4 us,  5.5 sy,  0.0 ni, 83.5 id,  0.0 wa,  0.0 hi,  0.5 si,  0.1 st
%Cpu(s): 19.7 us,  3.9 sy,  0.0 ni, 75.6 id,  0.0 wa,  0.0 hi,  0.8 si,  0.0 st
%Cpu(s): 22.7 us,  4.4 sy,  0.0 ni, 72.3 id,  0.1 wa,  0.0 hi,  0.5 si,  0.0 st
%Cpu(s): 13.4 us,  3.3 sy,  0.0 ni, 82.9 id,  0.0 wa,  0.0 hi,  0.3 si,  0.1 st
%Cpu(s):  4.3 us,  4.0 sy,  0.0 ni, 91.4 id,  0.0 wa,  0.0 hi,  0.0 si,  0.3 st
%Cpu(s):  5.5 us,  3.1 sy,  0.0 ni, 91.3 id,  0.0 wa,  0.0 hi,  0.1 si,  0.0 st
%Cpu(s):  4.8 us,  3.6 sy,  0.0 ni, 91.3 id,  0.0 wa,  0.0 hi,  0.0 si,  0.3 st
%Cpu(s): 59.4 us,  4.7 sy,  0.0 ni, 35.8 id,  0.0 wa,  0.0 hi,  0.1 si,  0.0 st
%Cpu(s): 16.0 us,  4.3 sy,  0.0 ni, 79.4 id,  0.0 wa,  0.0 hi,  0.1 si,  0.1 st
%Cpu(s):  3.2 us,  4.3 sy,  0.0 ni, 92.2 id,  0.0 wa,  0.0 hi,  0.1 si,  0.3 st
%Cpu(s):  4.2 us,  4.4 sy,  0.0 ni, 91.2 id,  0.0 wa,  0.0 hi,  0.0 si,  0.3 st
%Cpu(s):  6.7 us,  4.3 sy,  0.0 ni, 88.9 id,  0.0 wa,  0.0 hi,  0.0 si,  0.1 st
%Cpu(s):  4.8 us,  4.0 sy,  0.0 ni, 90.9 id,  0.0 wa,  0.0 hi,  0.0 si,  0.3 st
%Cpu(s):  4.8 us,  3.3 sy,  0.0 ni, 91.5 id,  0.0 wa,  0.0 hi,  0.1 si,  0.3 st
%Cpu(s):  4.4 us,  4.0 sy,  0.0 ni, 91.0 id,  0.0 wa,  0.0 hi,  0.1 si,  0.4 st
%Cpu(s):  4.9 us,  5.5 sy,  0.0 ni, 89.4 id,  0.0 wa,  0.0 hi,  0.1 si,  0.1 st
%Cpu(s):  5.2 us,  4.5 sy,  0.0 ni, 89.8 id,  0.0 wa,  0.0 hi,  0.2 si,  0.2 st
%Cpu(s):  5.2 us,  4.4 sy,  0.0 ni, 90.2 id,  0.0 wa,  0.0 hi,  0.1 si,  0.0 st
