%Cpu(s):  2.2 us,  0.2 sy,  0.0 ni, 97.5 id,  0.0 wa,  0.0 hi,  0.0 si,  0.0 st
%Cpu(s): 11.7 us,  2.5 sy,  0.0 ni, 85.5 id,  0.0 wa,  0.0 hi,  0.1 si,  0.1 st
%Cpu(s):  8.7 us,  2.5 sy,  0.0 ni, 88.7 id,  0.0 wa,  0.0 hi,  0.1 si,  0.0 st
%Cpu(s): 10.9 us,  2.8 sy,  0.0 ni, 86.0 id,  0.0 wa,  0.0 hi,  0.1 si,  0.1 st
%Cpu(s):  4.3 us,  3.7 sy,  0.0 ni, 91.9 id,  0.0 wa,  0.0 hi,  0.0 si,  0.1 st
%Cpu(s):  7.8 us,  3.9 sy,  0.0 ni, 88.0 id,  0.0 wa,  0.0 hi,  0.3 si,  0.0 st
%Cpu(s):  5.0 us,  2.8 sy,  0.0 ni, 92.1 id,  0.1 wa,  0.0 hi,  0.0 si,  0.0 st
%Cpu(s):  4.8 us,  2.9 sy,  0.0 ni, 92.0 id,  0.0 wa,  0.0 hi,  0.1 si,  0.1 st
%Cpu(s): 12.1 us,  3.4 sy,  0.0 ni, 84.4 id,  0.0 wa,  0.0 hi,  0.0 si,  0.1 st
%Cpu(s): 40.7 us,  4.1 sy,  0.0 ni, 54.9 id,  0.0 wa,  0.0 hi,  0.3 si,  0.0 st
%Cpu(s): 87.7 us,  4.1 sy,  0.0 ni,  7.4 id,  0.0 wa,  0.0 hi,  0.8 si,  0.0 st
%Cpu(s): 91.6 us,  5.9 sy,  0.0 ni,  1.4 id,  0.0 wa,  0.0 hi,  1.1 si,  0.0 st
%Cpu(s): 88.7 us,  5.1 sy,  0.0 ni,  5.5 id,  0.0 wa,  0.0 hi,  0.7 si,  0.0 st
%Cpu(s): 52.9 us,  3.8 sy,  0.0 ni, 42.0 id,  0.0 wa,  0.0 hi,  1.3 si,  0.0 st
%Cpu(s): 64.7 us,  4.2 sy,  0.0 ni, 29.7 id,  0.0 wa,  0.0 hi,  1.4 si,  0.0 st
%Cpu(s): 83.3 us,  5.2 sy,  0.0 ni, 10.2 id,  0.0 wa,  0.0 hi,  1.1 si,  0.1 st
%Cpu(s): 34.3 us,  3.8 sy,  0.0 ni, 61.1 id,  0.0 wa,  0.0 hi,  0.9 si,  0.0 st
%Cpu(s): 33.9 us,  3.9 sy,  0.0 ni, 61.2 id,  0.0 wa,  0.0 hi,  1.0 si,  0.0 st
%Cpu(s): 34.4 us,  4.2 sy,  0.0 ni, 60.6 id,  0.0 wa,  0.0 hi,  0.6 si,  0.1 st
%Cpu(s): 28.3 us,  3.9 sy,  0.0 ni, 66.8 id,  0.0 wa,  0.0 hi,  0.9 si,  0.0 st
%Cpu(s): 69.7 us,  3.6 sy,  0.0 ni, 25.5 id,  0.0 wa,  0.0 hi,  1.1 si,  0.0 st
%Cpu(s): 37.2 us,  4.1 sy,  0.0 ni, 58.0 id,  0.0 wa,  0.0 hi,  0.6 si,  0.0 st
%Cpu(s): 39.2 us,  4.8 sy,  0.0 ni, 54.9 id,  0.0 wa,  0.0 hi,  1.0 si,  0.1 st
%Cpu(s): 41.5 us,  3.2 sy,  0.0 ni, 54.8 id,  0.0 wa,  0.0 hi,  0.4 si,  0.1 st
%Cpu(s): 14.4 us,  4.9 sy,  0.0 ni, 80.1 id,  0.0 wa,  0.0 hi,  0.6 si,  0.0 st
%Cpu(s): 17.4 us,  4.7 sy,  0.0 ni, 76.5 id,  0.3 wa,  0.0 hi,  1.1 si,  0.0 st
%Cpu(s): 41.0 us,  3.6 sy,  0.0 ni, 54.6 id,  0.0 wa,  0.0 hi,  0.8 si,  0.0 st
%Cpu(s): 30.7 us,  3.6 sy,  0.0 ni, 64.8 id,  0.0 wa,  0.0 hi,  0.8 si,  0.1 st
%Cpu(s): 35.3 us,  4.5 sy,  0.0 ni, 58.9 id,  0.0 wa,  0.0 hi,  1.3 si,  0.0 st
%Cpu(s): 12.9 us,  4.5 sy,  0.0 ni, 81.7 id,  0.0 wa,  0.0 hi,  0.8 si,  0.1 st
%Cpu(s): 14.4 us,  4.8 sy,  0.0 ni, 80.0 id,  0.0 wa,  0.0 hi,  0.8 si,  0.0 st
%Cpu(s): 15.2 us,  4.3 sy,  0.0 ni, 79.8 id,  0.0 wa,  0.0 hi,  0.6 si,  0.0 st
%Cpu(s): 14.7 us,  5.6 sy,  0.0 ni, 79.1 id,  0.0 wa,  0.0 hi,  0.6 si,  0.0 st
%Cpu(s): 30.3 us,  4.4 sy,  0.0 ni, 64.7 id,  0.0 wa,  0.0 hi,  0.6 si,  0.0 st
%Cpu(s): 32.4 us,  3.8 sy,  0.0 ni, 63.4 id,  0.0 wa,  0.0 hi,  0.4 si,  0.0 st
%Cpu(s): 52.6 us,  4.4 sy,  0.0 ni, 42.6 id,  0.0 wa,  0.0 hi,  0.4 si,  0.0 st
%Cpu(s): 55.4 us,  3.0 sy,  0.0 ni, 40.1 id,  0.0 wa,  0.0 hi,  1.4 si,  0.1 st
%Cpu(s): 38.8 us,  4.1 sy,  0.0 ni, 56.5 id,  0.0 wa,  0.0 hi,  0.5 si,  0.1 st
%Cpu(s): 19.9 us,  4.3 sy,  0.0 ni, 75.0 id,  0.0 wa,  0.0 hi,  0.8 si,  0.0 st
%Cpu(s): 39.3 us,  4.7 sy,  0.0 ni, 55.4 id,  0.0 wa,  0.0 hi,  0.6 si,  0.0 st
%Cpu(s): 21.4 us,  4.2 sy,  0.0 ni, 73.6 id,  0.1 wa,  0.0 hi,  0.8 si,  0.0 st
%Cpu(s): 15.4 us,  4.5 sy,  0.0 ni, 79.3 id,  0.0 wa,  0.0 hi,  0.6 si,  0.1 st
%Cpu(s): 15.7 us,  4.9 sy,  0.0 ni, 78.7 id,  0.0 wa,  0.0 hi,  0.6 si,  0.0 st
%Cpu(s): 14.6 us,  5.0 sy,  0.0 ni, 79.8 id,  0.0 wa,  0.0 hi,  0.6 si,  0.0 st
%Cpu(s): 26.2 us,  5.0 sy,  0.0 ni, 67.9 id,  0.0 wa,  0.0 hi,  0.9 si,  0.0 st
%Cpu(s): 13.8 us,  4.8 sy,  0.0 ni, 80.3 id,  0.0 wa,  0.0 hi,  1.0 si,  0.1 st
%Cpu(s):  9.6 us,  5.0 sy,  0.0 ni, 84.8 id,  0.0 wa,  0.0 hi,  0.6 si,  0.0 st
%Cpu(s):  9.6 us,  4.7 sy,  0.0 ni, 85.2 id,  0.0 wa,  0.0 hi,  0.5 si,  0.0 st
%Cpu(s):  7.8 us,  4.3 sy,  0.0 ni, 87.2 id,  0.0 wa,  0.0 hi,  0.6 si,  0.1 st
%Cpu(s): 13.2 us,  3.9 sy,  0.0 ni, 81.9 id,  0.0 wa,  0.0 hi,  0.9 si,  0.1 st
%Cpu(s):  8.5 us,  5.1 sy,  0.0 ni, 85.5 id,  0.1 wa,  0.0 hi,  0.8 si,  0.0 st
%Cpu(s): 11.8 us,  5.3 sy,  0.0 ni, 82.0 id,  0.0 wa,  0.0 hi,  1.0 si,  0.0 st
%Cpu(s): 15.1 us,  5.1 sy,  0.0 ni, 79.2 id,  0.0 wa,  0.0 hi,  0.6 si,  0.0 st
%Cpu(s): 10.4 us,  5.6 sy,  0.0 ni, 82.8 id,  0.0 wa,  0.0 hi,  1.1 si,  0.0 st
%Cpu(s): 10.5 us,  4.9 sy,  0.0 ni, 84.4 id,  0.0 wa,  0.0 hi,  0.1 si,  0.0 st
%Cpu(s):  8.9 us,  4.7 sy,  0.0 ni, 85.8 id,  0.0 wa,  0.0 hi,  0.6 si,  0.0 st
%Cpu(s): 10.1 us,  5.6 sy,  0.0 ni, 83.6 id,  0.0 wa,  0.0 hi,  0.7 si,  0.0 st
%Cpu(s): 10.7 us,  4.9 sy,  0.0 ni, 83.6 id,  0.0 wa,  0.0 hi,  0.7 si,  0.1 st
%Cpu(s): 12.7 us,  5.2 sy,  0.0 ni, 81.0 id,  0.0 wa,  0.0 hi,  1.0 si,  0.1 st
%Cpu(s): 14.6 us,  5.1 sy,  0.0 ni, 79.8 id,  0.0 wa,  0.0 hi,  0.5 si,  0.0 st
%Cpu(s): 11.0 us,  5.2 sy,  0.0 ni, 83.0 id,  0.0 wa,  0.0 hi,  0.7 si,  0.0 st
%Cpu(s): 22.3 us,  2.1 sy,  0.0 ni, 75.3 id,  0.1 wa,  0.0 hi,  0.0 si,  0.1 st
%Cpu(s):  7.5 us,  3.3 sy,  0.0 ni, 88.7 id,  0.0 wa,  0.0 hi,  0.4 si,  0.1 st
%Cpu(s):  4.2 us,  4.1 sy,  0.0 ni, 91.3 id,  0.0 wa,  0.0 hi,  0.1 si,  0.3 st
%Cpu(s):  3.8 us,  3.9 sy,  0.0 ni, 92.2 id,  0.0 wa,  0.0 hi,  0.1 si,  0.0 st
%Cpu(s):  3.7 us,  4.2 sy,  0.0 ni, 91.9 id,  0.0 wa,  0.0 hi,  0.0 si,  0.3 st
%Cpu(s):  4.5 us,  4.1 sy,  0.0 ni, 91.2 id,  0.0 wa,  0.0 hi,  0.1 si,  0.0 st
%Cpu(s):  4.1 us,  4.3 sy,  0.0 ni, 91.6 id,  0.0 wa,  0.0 hi,  0.0 si,  0.0 st
%Cpu(s):  3.9 us,  2.5 sy,  0.0 ni, 93.4 id,  0.0 wa,  0.0 hi,  0.0 si,  0.1 st
%Cpu(s):  5.0 us,  2.3 sy,  0.0 ni, 92.7 id,  0.0 wa,  0.0 hi,  0.0 si,  0.0 st
%Cpu(s):  3.8 us,  3.5 sy,  0.0 ni, 92.5 id,  0.0 wa,  0.0 hi,  0.1 si,  0.1 st
%Cpu(s):  4.4 us,  2.9 sy,  0.0 ni, 92.3 id,  0.1 wa,  0.0 hi,  0.3 si,  0.0 st
%Cpu(s):  3.8 us,  3.0 sy,  0.0 ni, 93.1 id,  0.0 wa,  0.0 hi,  0.0 si,  0.1 st
%Cpu(s):  3.3 us,  3.7 sy,  0.0 ni, 93.0 id,  0.0 wa,  0.0 hi,  0.0 si,  0.0 st
%Cpu(s):  3.9 us,  2.9 sy,  0.0 ni, 93.1 id,  0.0 wa,  0.0 hi,  0.0 si,  0.1 st
%Cpu(s):  2.4 us,  2.8 sy,  0.0 ni, 94.5 id,  0.0 wa,  0.0 hi,  0.1 si,  0.1 st
%Cpu(s):  4.6 us,  2.3 sy,  0.0 ni, 93.0 id,  0.0 wa,  0.0 hi,  0.1 si,  0.0 st
%Cpu(s):  3.9 us,  2.5 sy,  0.0 ni, 93.5 id,  0.0 wa,  0.0 hi,  0.1 si,  0.0 st
%Cpu(s):  3.5 us,  4.0 sy,  0.0 ni, 92.3 id,  0.0 wa,  0.0 hi,  0.0 si,  0.1 st
%Cpu(s):  4.1 us,  4.1 sy,  0.0 ni, 91.8 id,  0.0 wa,  0.0 hi,  0.1 si,  0.0 st
