%Cpu(s):  4.5 us,  0.8 sy,  0.0 ni, 94.6 id,  0.0 wa,  0.0 hi,  0.1 si,  0.0 st
%Cpu(s): 81.1 us,  7.5 sy,  0.0 ni, 11.3 id,  0.0 wa,  0.0 hi,  0.1 si,  0.0 st
%Cpu(s): 95.7 us,  3.4 sy,  0.0 ni,  0.9 id,  0.0 wa,  0.0 hi,  0.0 si,  0.0 st
%Cpu(s): 94.1 us,  4.1 sy,  0.0 ni,  1.8 id,  0.0 wa,  0.0 hi,  0.0 si,  0.0 st
%Cpu(s): 94.5 us,  3.7 sy,  0.0 ni,  1.7 id,  0.0 wa,  0.0 hi,  0.0 si,  0.0 st
%Cpu(s): 97.9 us,  2.1 sy,  0.0 ni,  0.0 id,  0.0 wa,  0.0 hi,  0.0 si,  0.0 st
%Cpu(s): 98.3 us,  1.7 sy,  0.0 ni,  0.0 id,  0.0 wa,  0.0 hi,  0.0 si,  0.0 st
%Cpu(s): 97.5 us,  2.4 sy,  0.0 ni,  0.0 id,  0.0 wa,  0.0 hi,  0.1 si,  0.0 st
%Cpu(s): 97.1 us,  2.9 sy,  0.0 ni,  0.0 id,  0.0 wa,  0.0 hi,  0.0 si,  0.0 st
%Cpu(s): 96.4 us,  3.5 sy,  0.0 ni,  0.0 id,  0.0 wa,  0.0 hi,  0.1 si,  0.0 st
%Cpu(s): 57.0 us,  2.5 sy,  0.0 ni, 40.2 id,  0.0 wa,  0.0 hi,  0.1 si,  0.1 st
%Cpu(s): 12.1 us,  2.8 sy,  0.0 ni, 84.5 id,  0.0 wa,  0.0 hi,  0.4 si,  0.3 st
%Cpu(s): 12.2 us,  3.8 sy,  0.0 ni, 83.9 id,  0.0 wa,  0.0 hi,  0.0 si,  0.1 st
%Cpu(s): 10.2 us,  4.6 sy,  0.0 ni, 84.9 id,  0.1 wa,  0.0 hi,  0.1 si,  0.1 st
%Cpu(s): 10.4 us,  3.5 sy,  0.0 ni, 85.8 id,  0.0 wa,  0.0 hi,  0.0 si,  0.3 st
%Cpu(s):  6.3 us,  4.5 sy,  0.0 ni, 88.9 id,  0.0 wa,  0.0 hi,  0.1 si,  0.3 st
%Cpu(s): 12.7 us,  3.4 sy,  0.0 ni, 83.9 id,  0.0 wa,  0.0 hi,  0.0 si,  0.0 st
%Cpu(s):  5.9 us,  4.3 sy,  0.0 ni, 89.4 id,  0.0 wa,  0.0 hi,  0.0 si,  0.4 st
%Cpu(s): 17.8 us,  3.3 sy,  0.0 ni, 78.7 id,  0.0 wa,  0.0 hi,  0.1 si,  0.1 st
%Cpu(s): 67.3 us,  4.8 sy,  0.0 ni, 27.2 id,  0.0 wa,  0.0 hi,  0.6 si,  0.0 st
%Cpu(s): 91.8 us,  5.1 sy,  0.0 ni,  2.2 id,  0.0 wa,  0.0 hi,  0.9 si,  0.0 st
%Cpu(s): 89.9 us,  8.2 sy,  0.0 ni,  0.0 id,  0.0 wa,  0.0 hi,  1.9 si,  0.0 st
%Cpu(s): 89.8 us,  8.7 sy,  0.0 ni,  0.0 id,  0.0 wa,  0.0 hi,  1.5 si,  0.0 st
%Cpu(s): 89.2 us,  9.2 sy,  0.0 ni,  0.0 id,  0.0 wa,  0.0 hi,  1.6 si,  0.0 st
%Cpu(s): 92.4 us,  6.2 sy,  0.0 ni,  0.1 id,  0.0 wa,  0.0 hi,  1.2 si,  0.0 st
%Cpu(s): 93.8 us,  5.6 sy,  0.0 ni,  0.0 id,  0.0 wa,  0.0 hi,  0.6 si,  0.0 st
%Cpu(s): 92.1 us,  6.4 sy,  0.0 ni,  0.1 id,  0.0 wa,  0.0 hi,  1.4 si,  0.0 st
%Cpu(s): 89.3 us,  5.9 sy,  0.0 ni,  3.0 id,  0.0 wa,  0.0 hi,  1.9 si,  0.0 st
%Cpu(s): 69.1 us,  3.6 sy,  0.0 ni, 25.9 id,  0.0 wa,  0.0 hi,  1.3 si,  0.1 st
%Cpu(s): 59.7 us,  4.1 sy,  0.0 ni, 35.1 id,  0.0 wa,  0.0 hi,  1.0 si,  0.0 st
%Cpu(s): 47.0 us,  4.4 sy,  0.0 ni, 47.9 id,  0.0 wa,  0.0 hi,  0.6 si,  0.0 st
%Cpu(s): 16.1 us,  5.0 sy,  0.0 ni, 78.3 id,  0.0 wa,  0.0 hi,  0.5 si,  0.0 st
%Cpu(s): 17.8 us,  5.8 sy,  0.0 ni, 75.5 id,  0.0 wa,  0.0 hi,  0.9 si,  0.0 st
%Cpu(s): 40.1 us,  4.8 sy,  0.0 ni, 53.8 id,  0.0 wa,  0.0 hi,  1.1 si,  0.1 st
%Cpu(s): 18.0 us,  4.5 sy,  0.0 ni, 76.7 id,  0.0 wa,  0.0 hi,  0.8 si,  0.0 st
%Cpu(s): 11.0 us,  6.4 sy,  0.0 ni, 81.9 id,  0.0 wa,  0.0 hi,  0.5 si,  0.1 st
%Cpu(s): 12.7 us,  5.3 sy,  0.0 ni, 81.1 id,  0.0 wa,  0.0 hi,  0.8 si,  0.1 st
%Cpu(s): 34.4 us,  4.8 sy,  0.0 ni, 59.8 id,  0.0 wa,  0.0 hi,  1.0 si,  0.0 st
%Cpu(s): 63.3 us,  5.5 sy,  0.0 ni, 30.3 id,  0.0 wa,  0.0 hi,  1.0 si,  0.0 st
%Cpu(s): 81.0 us,  4.3 sy,  0.0 ni, 13.4 id,  0.0 wa,  0.0 hi,  1.3 si,  0.0 st
%Cpu(s): 43.2 us,  3.8 sy,  0.0 ni, 51.9 id,  0.0 wa,  0.0 hi,  1.1 si,  0.0 st
%Cpu(s): 31.4 us,  5.0 sy,  0.0 ni, 63.4 id,  0.0 wa,  0.0 hi,  0.3 si,  0.0 st
%Cpu(s): 27.8 us,  3.5 sy,  0.0 ni, 67.9 id,  0.1 wa,  0.0 hi,  0.8 si,  0.0 st
%Cpu(s): 19.6 us,  4.3 sy,  0.0 ni, 75.0 id,  0.0 wa,  0.0 hi,  0.8 si,  0.3 st
%Cpu(s): 12.5 us,  4.8 sy,  0.0 ni, 82.0 id,  0.0 wa,  0.0 hi,  0.6 si,  0.0 st
%Cpu(s): 10.7 us,  5.7 sy,  0.0 ni, 83.0 id,  0.0 wa,  0.0 hi,  0.5 si,  0.0 st
%Cpu(s): 22.1 us,  5.2 sy,  0.0 ni, 72.1 id,  0.0 wa,  0.0 hi,  0.5 si,  0.1 st
%Cpu(s): 10.4 us,  4.9 sy,  0.0 ni, 83.3 id,  0.0 wa,  0.0 hi,  1.3 si,  0.1 st
%Cpu(s): 15.7 us,  4.9 sy,  0.0 ni, 78.9 id,  0.0 wa,  0.0 hi,  0.5 si,  0.0 st
%Cpu(s): 21.7 us,  5.0 sy,  0.0 ni, 72.4 id,  0.0 wa,  0.0 hi,  0.9 si,  0.0 st
%Cpu(s): 21.5 us,  4.2 sy,  0.0 ni, 73.7 id,  0.0 wa,  0.0 hi,  0.6 si,  0.0 st
%Cpu(s): 16.9 us,  4.1 sy,  0.0 ni, 78.7 id,  0.0 wa,  0.0 hi,  0.4 si,  0.0 st
%Cpu(s): 10.8 us,  5.3 sy,  0.0 ni, 82.8 id,  0.0 wa,  0.0 hi,  0.9 si,  0.1 st
%Cpu(s):  9.4 us,  5.1 sy,  0.0 ni, 84.8 id,  0.1 wa,  0.0 hi,  0.6 si,  0.0 st
%Cpu(s): 11.4 us,  5.4 sy,  0.0 ni, 82.2 id,  0.0 wa,  0.0 hi,  1.0 si,  0.0 st
%Cpu(s): 23.7 us,  5.2 sy,  0.0 ni, 70.5 id,  0.0 wa,  0.0 hi,  0.6 si,  0.0 st
%Cpu(s): 29.3 us,  5.3 sy,  0.0 ni, 64.6 id,  0.0 wa,  0.0 hi,  0.8 si,  0.1 st
%Cpu(s): 15.6 us,  4.8 sy,  0.0 ni, 79.1 id,  0.0 wa,  0.0 hi,  0.5 si,  0.0 st
%Cpu(s): 12.3 us,  4.6 sy,  0.0 ni, 82.0 id,  0.0 wa,  0.0 hi,  1.0 si,  0.0 st
%Cpu(s): 20.8 us,  5.5 sy,  0.0 ni, 72.9 id,  0.0 wa,  0.0 hi,  0.6 si,  0.1 st
%Cpu(s): 14.1 us,  5.1 sy,  0.0 ni, 80.0 id,  0.0 wa,  0.0 hi,  0.9 si,  0.0 st
%Cpu(s):  5.8 us,  3.6 sy,  0.0 ni, 90.2 id,  0.0 wa,  0.0 hi,  0.3 si,  0.1 st
%Cpu(s):  4.0 us,  4.3 sy,  0.0 ni, 91.5 id,  0.0 wa,  0.0 hi,  0.0 si,  0.3 st
%Cpu(s):  5.2 us,  3.8 sy,  0.0 ni, 90.7 id,  0.1 wa,  0.0 hi,  0.1 si,  0.1 st
%Cpu(s):  4.6 us,  4.5 sy,  0.0 ni, 90.5 id,  0.0 wa,  0.0 hi,  0.1 si,  0.3 st
%Cpu(s):  4.3 us,  5.0 sy,  0.0 ni, 90.3 id,  0.0 wa,  0.0 hi,  0.0 si,  0.4 st
%Cpu(s):  4.3 us,  3.9 sy,  0.0 ni, 91.7 id,  0.0 wa,  0.0 hi,  0.1 si,  0.0 st
%Cpu(s):  3.2 us,  3.7 sy,  0.0 ni, 92.8 id,  0.0 wa,  0.0 hi,  0.0 si,  0.3 st
%Cpu(s):  4.6 us,  4.1 sy,  0.0 ni, 91.0 id,  0.0 wa,  0.0 hi,  0.0 si,  0.3 st
%Cpu(s):  4.8 us,  3.8 sy,  0.0 ni, 91.0 id,  0.0 wa,  0.0 hi,  0.1 si,  0.3 st
%Cpu(s): 69.6 us,  2.3 sy,  0.0 ni, 28.2 id,  0.0 wa,  0.0 hi,  0.0 si,  0.0 st
%Cpu(s): 39.0 us,  2.6 sy,  0.0 ni, 58.4 id,  0.0 wa,  0.0 hi,  0.0 si,  0.0 st
%Cpu(s):  3.7 us,  3.8 sy,  0.0 ni, 92.3 id,  0.0 wa,  0.0 hi,  0.0 si,  0.3 st
%Cpu(s):  4.1 us,  3.8 sy,  0.0 ni, 91.7 id,  0.1 wa,  0.0 hi,  0.1 si,  0.1 st
%Cpu(s):  4.1 us,  3.3 sy,  0.0 ni, 92.2 id,  0.0 wa,  0.0 hi,  0.0 si,  0.4 st
%Cpu(s):  6.1 us,  4.0 sy,  0.0 ni, 89.8 id,  0.0 wa,  0.0 hi,  0.0 si,  0.0 st
