%Cpu(s):  3.6 us,  0.6 sy,  0.0 ni, 95.7 id,  0.0 wa,  0.0 hi,  0.1 si,  0.0 st
%Cpu(s): 75.9 us,  4.4 sy,  0.0 ni, 19.6 id,  0.0 wa,  0.0 hi,  0.0 si,  0.1 st
%Cpu(s): 77.7 us,  2.5 sy,  0.0 ni, 19.8 id,  0.0 wa,  0.0 hi,  0.0 si,  0.0 st
%Cpu(s): 91.4 us,  2.7 sy,  0.0 ni,  5.9 id,  0.0 wa,  0.0 hi,  0.0 si,  0.0 st
%Cpu(s): 96.4 us,  2.5 sy,  0.0 ni,  1.1 id,  0.0 wa,  0.0 hi,  0.0 si,  0.0 st
%Cpu(s): 89.6 us,  2.2 sy,  0.0 ni,  8.1 id,  0.0 wa,  0.0 hi,  0.1 si,  0.0 st
%Cpu(s): 17.8 us,  1.3 sy,  0.0 ni, 80.9 id,  0.0 wa,  0.0 hi,  0.0 si,  0.1 st
%Cpu(s):  3.0 us,  1.0 sy,  0.0 ni, 96.0 id,  0.0 wa,  0.0 hi,  0.0 si,  0.0 st
%Cpu(s):  4.0 us,  1.0 sy,  0.0 ni, 94.8 id,  0.0 wa,  0.0 hi,  0.0 si,  0.1 st
%Cpu(s):  2.7 us,  1.3 sy,  0.0 ni, 95.9 id,  0.1 wa,  0.0 hi,  0.0 si,  0.0 st
%Cpu(s):  1.5 us,  1.1 sy,  0.0 ni, 97.1 id,  0.0 wa,  0.0 hi,  0.0 si,  0.3 st
%Cpu(s):  2.4 us,  1.1 sy,  0.0 ni, 96.4 id,  0.0 wa,  0.0 hi,  0.0 si,  0.0 st
%Cpu(s):  1.6 us,  1.0 sy,  0.0 ni, 97.4 id,  0.0 wa,  0.0 hi,  0.0 si,  0.0 st
%Cpu(s):  1.3 us,  1.3 sy,  0.0 ni, 97.5 id,  0.0 wa,  0.0 hi,  0.0 si,  0.0 st
%Cpu(s):  1.6 us,  1.1 sy,  0.0 ni, 97.1 id,  0.0 wa,  0.0 hi,  0.0 si,  0.1 st
%Cpu(s):  4.0 us,  1.4 sy,  0.0 ni, 94.3 id,  0.0 wa,  0.0 hi,  0.1 si,  0.1 st
%Cpu(s): 29.2 us,  2.7 sy,  0.0 ni, 67.7 id,  0.0 wa,  0.0 hi,  0.4 si,  0.0 st
%Cpu(s): 43.0 us,  3.0 sy,  0.0 ni, 53.5 id,  0.0 wa,  0.0 hi,  0.4 si,  0.1 st
%Cpu(s): 47.3 us,  3.3 sy,  0.0 ni, 48.7 id,  0.0 wa,  0.0 hi,  0.6 si,  0.1 st
%Cpu(s): 30.8 us,  4.3 sy,  0.0 ni, 64.2 id,  0.0 wa,  0.0 hi,  0.6 si,  0.0 st
%Cpu(s): 43.2 us,  3.9 sy,  0.0 ni, 52.4 id,  0.0 wa,  0.0 hi,  0.5 si,  0.0 st
%Cpu(s): 49.1 us,  3.6 sy,  0.0 ni, 46.1 id,  0.0 wa,  0.0 hi,  1.1 si,  0.0 st
%Cpu(s): 18.1 us,  3.8 sy,  0.0 ni, 77.2 id,  0.0 wa,  0.0 hi,  0.9 si,  0.0 st
%Cpu(s): 13.4 us,  3.8 sy,  0.0 ni, 82.4 id,  0.0 wa,  0.0 hi,  0.3 si,  0.1 st
%Cpu(s): 11.5 us,  5.0 sy,  0.0 ni, 83.1 id,  0.0 wa,  0.0 hi,  0.4 si,  0.0 st
%Cpu(s):  9.3 us,  4.2 sy,  0.0 ni, 86.0 id,  0.0 wa,  0.0 hi,  0.5 si,  0.0 st
%Cpu(s):  8.4 us,  4.6 sy,  0.0 ni, 86.6 id,  0.0 wa,  0.0 hi,  0.4 si,  0.1 st
%Cpu(s): 30.1 us,  3.9 sy,  0.0 ni, 65.3 id,  0.0 wa,  0.0 hi,  0.6 si,  0.0 st
%Cpu(s): 23.1 us,  4.4 sy,  0.0 ni, 71.2 id,  0.0 wa,  0.0 hi,  1.3 si,  0.0 st
%Cpu(s): 12.2 us,  3.3 sy,  0.0 ni, 83.6 id,  0.0 wa,  0.0 hi,  0.8 si,  0.1 st
%Cpu(s): 15.0 us,  4.8 sy,  0.0 ni, 79.3 id,  0.0 wa,  0.0 hi,  0.8 si,  0.1 st
%Cpu(s):  8.6 us,  3.9 sy,  0.0 ni, 86.7 id,  0.0 wa,  0.0 hi,  0.9 si,  0.0 st
%Cpu(s):  6.8 us,  3.5 sy,  0.0 ni, 88.9 id,  0.0 wa,  0.0 hi,  0.8 si,  0.0 st
%Cpu(s):  7.6 us,  3.7 sy,  0.0 ni, 87.6 id,  0.0 wa,  0.0 hi,  1.0 si,  0.1 st
%Cpu(s):  6.2 us,  4.4 sy,  0.0 ni, 88.7 id,  0.0 wa,  0.0 hi,  0.8 si,  0.0 st
%Cpu(s):  7.4 us,  4.6 sy,  0.0 ni, 87.6 id,  0.0 wa,  0.0 hi,  0.5 si,  0.0 st
%Cpu(s):  8.2 us,  4.7 sy,  0.0 ni, 86.0 id,  0.0 wa,  0.0 hi,  1.0 si,  0.1 st
%Cpu(s):  6.2 us,  3.7 sy,  0.0 ni, 89.3 id,  0.0 wa,  0.0 hi,  0.6 si,  0.1 st
%Cpu(s): 15.0 us,  3.5 sy,  0.0 ni, 80.9 id,  0.0 wa,  0.0 hi,  0.6 si,  0.0 st
%Cpu(s):  6.0 us,  3.4 sy,  0.0 ni, 89.5 id,  0.0 wa,  0.0 hi,  1.1 si,  0.0 st
%Cpu(s):  5.7 us,  4.0 sy,  0.0 ni, 89.1 id,  0.1 wa,  0.0 hi,  1.0 si,  0.1 st
%Cpu(s): 11.5 us,  4.8 sy,  0.0 ni, 83.0 id,  0.0 wa,  0.0 hi,  0.6 si,  0.0 st
%Cpu(s):  5.0 us,  3.4 sy,  0.0 ni, 91.0 id,  0.0 wa,  0.0 hi,  0.6 si,  0.0 st
%Cpu(s):  4.5 us,  3.9 sy,  0.0 ni, 90.8 id,  0.0 wa,  0.0 hi,  0.6 si,  0.1 st
%Cpu(s):  6.1 us,  3.5 sy,  0.0 ni, 89.5 id,  0.0 wa,  0.0 hi,  0.8 si,  0.1 st
%Cpu(s):  7.5 us,  3.8 sy,  0.0 ni, 88.0 id,  0.0 wa,  0.0 hi,  0.8 si,  0.0 st
%Cpu(s): 10.8 us,  3.8 sy,  0.0 ni, 84.1 id,  0.0 wa,  0.0 hi,  1.3 si,  0.0 st
%Cpu(s):  7.1 us,  3.6 sy,  0.0 ni, 88.3 id,  0.0 wa,  0.0 hi,  1.0 si,  0.0 st
%Cpu(s):  7.5 us,  3.9 sy,  0.0 ni, 87.1 id,  0.0 wa,  0.0 hi,  1.4 si,  0.1 st
%Cpu(s):  7.0 us,  3.7 sy,  0.0 ni, 88.7 id,  0.0 wa,  0.0 hi,  0.5 si,  0.0 st
%Cpu(s):  7.0 us,  4.3 sy,  0.0 ni, 87.8 id,  0.0 wa,  0.0 hi,  0.8 si,  0.1 st
%Cpu(s):  6.1 us,  4.2 sy,  0.0 ni, 88.9 id,  0.0 wa,  0.0 hi,  0.8 si,  0.1 st
%Cpu(s):  5.6 us,  2.9 sy,  0.0 ni, 90.8 id,  0.0 wa,  0.0 hi,  0.8 si,  0.0 st
%Cpu(s):  4.4 us,  3.7 sy,  0.0 ni, 91.0 id,  0.0 wa,  0.0 hi,  0.8 si,  0.1 st
%Cpu(s):  6.3 us,  3.8 sy,  0.0 ni, 89.4 id,  0.0 wa,  0.0 hi,  0.5 si,  0.0 st
%Cpu(s):  5.7 us,  4.1 sy,  0.0 ni, 89.6 id,  0.0 wa,  0.0 hi,  0.6 si,  0.0 st
%Cpu(s):  5.4 us,  3.2 sy,  0.0 ni, 90.5 id,  0.0 wa,  0.0 hi,  0.6 si,  0.3 st
%Cpu(s):  5.5 us,  3.7 sy,  0.0 ni, 90.2 id,  0.0 wa,  0.0 hi,  0.6 si,  0.0 st
%Cpu(s):  5.4 us,  4.2 sy,  0.0 ni, 89.6 id,  0.0 wa,  0.0 hi,  0.8 si,  0.0 st
%Cpu(s):  4.7 us,  3.6 sy,  0.0 ni, 90.9 id,  0.0 wa,  0.0 hi,  0.8 si,  0.0 st
%Cpu(s):  6.0 us,  4.2 sy,  0.0 ni, 89.1 id,  0.0 wa,  0.0 hi,  0.5 si,  0.3 st
%Cpu(s):  2.8 us,  2.4 sy,  0.0 ni, 94.3 id,  0.0 wa,  0.0 hi,  0.4 si,  0.1 st
%Cpu(s):  2.3 us,  2.3 sy,  0.0 ni, 95.3 id,  0.0 wa,  0.0 hi,  0.0 si,  0.1 st
%Cpu(s):  2.3 us,  1.6 sy,  0.0 ni, 95.7 id,  0.0 wa,  0.0 hi,  0.3 si,  0.1 st
%Cpu(s):  1.9 us,  1.9 sy,  0.0 ni, 96.0 id,  0.0 wa,  0.0 hi,  0.1 si,  0.1 st
%Cpu(s):  2.5 us,  1.8 sy,  0.0 ni, 95.4 id,  0.0 wa,  0.0 hi,  0.1 si,  0.1 st
%Cpu(s):  3.7 us,  2.3 sy,  0.0 ni, 93.7 id,  0.0 wa,  0.0 hi,  0.3 si,  0.1 st
%Cpu(s):  2.0 us,  2.0 sy,  0.0 ni, 95.6 id,  0.0 wa,  0.0 hi,  0.1 si,  0.3 st
%Cpu(s):  2.3 us,  1.6 sy,  0.0 ni, 95.8 id,  0.0 wa,  0.0 hi,  0.1 si,  0.1 st
%Cpu(s):  1.9 us,  2.1 sy,  0.0 ni, 95.6 id,  0.1 wa,  0.0 hi,  0.0 si,  0.3 st
%Cpu(s):  2.1 us,  1.9 sy,  0.0 ni, 95.8 id,  0.0 wa,  0.0 hi,  0.0 si,  0.1 st
%Cpu(s):  2.3 us,  1.7 sy,  0.0 ni, 95.9 id,  0.0 wa,  0.0 hi,  0.0 si,  0.1 st
%Cpu(s):  3.6 us,  2.4 sy,  0.0 ni, 93.9 id,  0.0 wa,  0.0 hi,  0.0 si,  0.1 st
%Cpu(s):  1.8 us,  3.0 sy,  0.0 ni, 95.1 id,  0.0 wa,  0.0 hi,  0.0 si,  0.1 st
%Cpu(s):  3.1 us,  2.1 sy,  0.0 ni, 94.5 id,  0.0 wa,  0.0 hi,  0.0 si,  0.3 st
%Cpu(s):  2.0 us,  2.8 sy,  0.0 ni, 95.1 id,  0.0 wa,  0.0 hi,  0.0 si,  0.1 st
%Cpu(s):  2.8 us,  2.1 sy,  0.0 ni, 94.7 id,  0.0 wa,  0.0 hi,  0.1 si,  0.3 st
%Cpu(s):  2.4 us,  1.9 sy,  0.0 ni, 95.3 id,  0.0 wa,  0.0 hi,  0.1 si,  0.3 st
%Cpu(s):  8.8 us,  1.7 sy,  0.0 ni, 89.3 id,  0.0 wa,  0.0 hi,  0.0 si,  0.1 st
%Cpu(s):  0.9 us,  1.5 sy,  0.0 ni, 97.5 id,  0.1 wa,  0.0 hi,  0.0 si,  0.0 st
