%Cpu(s):  3.9 us,  0.8 sy,  0.0 ni, 95.1 id,  0.0 wa,  0.0 hi,  0.1 si,  0.0 st
%Cpu(s): 79.9 us,  5.7 sy,  0.0 ni, 14.5 id,  0.0 wa,  0.0 hi,  0.0 si,  0.0 st
%Cpu(s): 74.6 us,  3.1 sy,  0.0 ni, 22.0 id,  0.0 wa,  0.0 hi,  0.1 si,  0.1 st
%Cpu(s): 94.1 us,  2.6 sy,  0.0 ni,  3.1 id,  0.0 wa,  0.0 hi,  0.0 si,  0.1 st
%Cpu(s): 96.4 us,  2.4 sy,  0.0 ni,  1.2 id,  0.0 wa,  0.0 hi,  0.0 si,  0.0 st
%Cpu(s): 92.9 us,  2.1 sy,  0.0 ni,  4.9 id,  0.0 wa,  0.0 hi,  0.1 si,  0.0 st
%Cpu(s): 22.7 us,  2.0 sy,  0.0 ni, 75.2 id,  0.0 wa,  0.0 hi,  0.1 si,  0.0 st
%Cpu(s):  7.5 us,  2.4 sy,  0.0 ni, 89.7 id,  0.0 wa,  0.0 hi,  0.1 si,  0.2 st
%Cpu(s):  5.7 us,  1.9 sy,  0.0 ni, 92.1 id,  0.0 wa,  0.0 hi,  0.1 si,  0.3 st
%Cpu(s):  5.2 us,  3.2 sy,  0.0 ni, 91.4 id,  0.0 wa,  0.0 hi,  0.0 si,  0.1 st
%Cpu(s):  3.3 us,  3.8 sy,  0.0 ni, 92.5 id,  0.0 wa,  0.0 hi,  0.1 si,  0.2 st
%Cpu(s):  4.6 us,  2.7 sy,  0.0 ni, 92.4 id,  0.0 wa,  0.0 hi,  0.1 si,  0.1 st
%Cpu(s):  3.4 us,  2.0 sy,  0.0 ni, 94.2 id,  0.0 wa,  0.0 hi,  0.0 si,  0.4 st
%Cpu(s):  7.5 us,  3.9 sy,  0.0 ni, 88.6 id,  0.0 wa,  0.0 hi,  0.0 si,  0.0 st
%Cpu(s):  5.6 us,  4.3 sy,  0.0 ni, 89.9 id,  0.0 wa,  0.0 hi,  0.1 si,  0.1 st
%Cpu(s):  3.6 us,  3.2 sy,  0.0 ni, 92.8 id,  0.0 wa,  0.0 hi,  0.0 si,  0.4 st
%Cpu(s): 22.6 us,  2.3 sy,  0.0 ni, 75.2 id,  0.0 wa,  0.0 hi,  0.0 si,  0.0 st
%Cpu(s): 37.7 us,  3.5 sy,  0.0 ni, 58.1 id,  0.0 wa,  0.0 hi,  0.6 si,  0.1 st
%Cpu(s): 46.3 us,  2.7 sy,  0.0 ni, 50.8 id,  0.0 wa,  0.0 hi,  0.1 si,  0.1 st
%Cpu(s): 47.7 us,  4.0 sy,  0.0 ni, 47.6 id,  0.0 wa,  0.0 hi,  0.6 si,  0.0 st
%Cpu(s): 62.2 us,  4.7 sy,  0.0 ni, 32.1 id,  0.0 wa,  0.0 hi,  1.0 si,  0.0 st
%Cpu(s): 38.1 us,  4.8 sy,  0.0 ni, 56.1 id,  0.0 wa,  0.0 hi,  0.9 si,  0.1 st
%Cpu(s): 16.5 us,  4.6 sy,  0.0 ni, 78.0 id,  0.0 wa,  0.0 hi,  0.9 si,  0.0 st
%Cpu(s): 13.2 us,  4.6 sy,  0.0 ni, 81.9 id,  0.0 wa,  0.0 hi,  0.3 si,  0.0 st
%Cpu(s): 12.0 us,  4.5 sy,  0.0 ni, 82.8 id,  0.0 wa,  0.0 hi,  0.8 si,  0.0 st
%Cpu(s): 13.6 us,  4.7 sy,  0.0 ni, 80.5 id,  0.0 wa,  0.0 hi,  1.0 si,  0.1 st
%Cpu(s): 14.9 us,  4.7 sy,  0.0 ni, 79.9 id,  0.0 wa,  0.0 hi,  0.4 si,  0.1 st
%Cpu(s): 20.5 us,  4.7 sy,  0.0 ni, 74.2 id,  0.0 wa,  0.0 hi,  0.6 si,  0.0 st
%Cpu(s): 33.2 us,  4.3 sy,  0.0 ni, 61.9 id,  0.0 wa,  0.0 hi,  0.6 si,  0.0 st
%Cpu(s): 18.1 us,  3.8 sy,  0.0 ni, 77.4 id,  0.0 wa,  0.0 hi,  0.6 si,  0.1 st
%Cpu(s): 27.2 us,  3.5 sy,  0.0 ni, 68.6 id,  0.0 wa,  0.0 hi,  0.6 si,  0.0 st
%Cpu(s): 18.9 us,  2.8 sy,  0.0 ni, 77.4 id,  0.0 wa,  0.0 hi,  0.9 si,  0.0 st
%Cpu(s):  8.1 us,  4.7 sy,  0.0 ni, 86.0 id,  0.0 wa,  0.0 hi,  1.1 si,  0.1 st
%Cpu(s):  9.9 us,  6.1 sy,  0.0 ni, 83.1 id,  0.0 wa,  0.0 hi,  0.9 si,  0.0 st
%Cpu(s):  9.0 us,  5.5 sy,  0.0 ni, 84.6 id,  0.0 wa,  0.0 hi,  0.8 si,  0.1 st
%Cpu(s):  7.8 us,  4.3 sy,  0.0 ni, 87.1 id,  0.1 wa,  0.0 hi,  0.6 si,  0.0 st
%Cpu(s): 10.2 us,  4.5 sy,  0.0 ni, 84.1 id,  0.0 wa,  0.0 hi,  1.0 si,  0.1 st
%Cpu(s):  6.6 us,  3.6 sy,  0.0 ni, 89.1 id,  0.0 wa,  0.0 hi,  0.8 si,  0.0 st
%Cpu(s): 10.3 us,  4.1 sy,  0.0 ni, 84.7 id,  0.0 wa,  0.0 hi,  0.9 si,  0.0 st
%Cpu(s):  8.9 us,  5.6 sy,  0.0 ni, 85.0 id,  0.0 wa,  0.0 hi,  0.4 si,  0.1 st
%Cpu(s):  8.4 us,  4.7 sy,  0.0 ni, 85.8 id,  0.0 wa,  0.0 hi,  1.0 si,  0.1 st
%Cpu(s):  9.5 us,  4.7 sy,  0.0 ni, 85.0 id,  0.0 wa,  0.0 hi,  0.9 si,  0.0 st
%Cpu(s):  5.6 us,  4.5 sy,  0.0 ni, 89.2 id,  0.0 wa,  0.0 hi,  0.8 si,  0.0 st
%Cpu(s):  5.7 us,  3.7 sy,  0.0 ni, 89.8 id,  0.0 wa,  0.0 hi,  0.8 si,  0.0 st
%Cpu(s):  7.6 us,  4.1 sy,  0.0 ni, 88.1 id,  0.0 wa,  0.0 hi,  0.3 si,  0.0 st
%Cpu(s):  6.1 us,  4.6 sy,  0.0 ni, 88.1 id,  0.0 wa,  0.0 hi,  1.0 si,  0.3 st
%Cpu(s):  9.4 us,  4.8 sy,  0.0 ni, 85.0 id,  0.0 wa,  0.0 hi,  0.8 si,  0.0 st
%Cpu(s):  8.2 us,  4.5 sy,  0.0 ni, 86.8 id,  0.0 wa,  0.0 hi,  0.5 si,  0.0 st
%Cpu(s):  7.8 us,  5.6 sy,  0.0 ni, 85.8 id,  0.0 wa,  0.0 hi,  0.7 si,  0.0 st
%Cpu(s):  8.2 us,  5.3 sy,  0.0 ni, 85.9 id,  0.0 wa,  0.0 hi,  0.6 si,  0.0 st
%Cpu(s):  6.1 us,  4.6 sy,  0.0 ni, 88.6 id,  0.0 wa,  0.0 hi,  0.5 si,  0.1 st
%Cpu(s):  8.7 us,  3.8 sy,  0.0 ni, 86.3 id,  0.0 wa,  0.0 hi,  1.1 si,  0.0 st
%Cpu(s):  6.5 us,  4.4 sy,  0.0 ni, 88.0 id,  0.0 wa,  0.0 hi,  1.1 si,  0.0 st
%Cpu(s):  7.0 us,  3.9 sy,  0.0 ni, 87.9 id,  0.0 wa,  0.0 hi,  0.9 si,  0.3 st
%Cpu(s):  7.2 us,  4.3 sy,  0.0 ni, 87.8 id,  0.0 wa,  0.0 hi,  0.8 si,  0.0 st
%Cpu(s):  5.4 us,  3.5 sy,  0.0 ni, 90.2 id,  0.0 wa,  0.0 hi,  0.8 si,  0.0 st
%Cpu(s):  6.4 us,  5.3 sy,  0.0 ni, 87.5 id,  0.0 wa,  0.0 hi,  0.8 si,  0.0 st
%Cpu(s):  7.9 us,  4.4 sy,  0.0 ni, 87.2 id,  0.0 wa,  0.0 hi,  0.5 si,  0.0 st
%Cpu(s):  5.2 us,  5.1 sy,  0.0 ni, 88.7 id,  0.0 wa,  0.0 hi,  1.0 si,  0.0 st
%Cpu(s):  6.2 us,  4.4 sy,  0.0 ni, 88.4 id,  0.0 wa,  0.0 hi,  0.9 si,  0.1 st
%Cpu(s):  6.8 us,  3.5 sy,  0.0 ni, 88.7 id,  0.0 wa,  0.0 hi,  0.9 si,  0.0 st
%Cpu(s):  6.1 us,  2.9 sy,  0.0 ni, 90.3 id,  0.0 wa,  0.0 hi,  0.5 si,  0.3 st
%Cpu(s):  7.3 us,  3.2 sy,  0.0 ni, 88.8 id,  0.0 wa,  0.0 hi,  0.4 si,  0.2 st
%Cpu(s):  3.6 us,  3.9 sy,  0.0 ni, 92.4 id,  0.0 wa,  0.0 hi,  0.1 si,  0.0 st
%Cpu(s):  2.9 us,  3.6 sy,  0.0 ni, 92.8 id,  0.0 wa,  0.0 hi,  0.3 si,  0.4 st
%Cpu(s):  3.0 us,  2.9 sy,  0.0 ni, 93.3 id,  0.1 wa,  0.0 hi,  0.3 si,  0.4 st
%Cpu(s):  5.1 us,  3.0 sy,  0.0 ni, 91.4 id,  0.0 wa,  0.0 hi,  0.2 si,  0.2 st
%Cpu(s):  3.3 us,  2.6 sy,  0.0 ni, 93.7 id,  0.0 wa,  0.0 hi,  0.3 si,  0.1 st
%Cpu(s):  4.3 us,  3.4 sy,  0.0 ni, 91.9 id,  0.0 wa,  0.0 hi,  0.0 si,  0.4 st
%Cpu(s):  3.7 us,  2.7 sy,  0.0 ni, 93.4 id,  0.0 wa,  0.0 hi,  0.0 si,  0.3 st
%Cpu(s):  3.7 us,  3.5 sy,  0.0 ni, 92.3 id,  0.0 wa,  0.0 hi,  0.2 si,  0.2 st
