%Cpu(s):  2.9 us,  0.5 sy,  0.0 ni, 96.5 id,  0.0 wa,  0.0 hi,  0.0 si,  0.0 st
%Cpu(s): 19.7 us,  1.0 sy,  0.0 ni, 79.3 id,  0.0 wa,  0.0 hi,  0.0 si,  0.0 st
%Cpu(s): 26.0 us,  1.2 sy,  0.0 ni, 72.6 id,  0.0 wa,  0.0 hi,  0.0 si,  0.1 st
%Cpu(s): 27.7 us,  1.9 sy,  0.0 ni, 70.5 id,  0.0 wa,  0.0 hi,  0.0 si,  0.0 st
%Cpu(s): 23.5 us,  0.9 sy,  0.0 ni, 75.7 id,  0.0 wa,  0.0 hi,  0.0 si,  0.0 st
%Cpu(s): 32.6 us,  0.8 sy,  0.0 ni, 66.6 id,  0.0 wa,  0.0 hi,  0.0 si,  0.0 st
%Cpu(s): 20.0 us,  0.7 sy,  0.0 ni, 79.2 id,  0.0 wa,  0.0 hi,  0.0 si,  0.0 st
%Cpu(s):  0.4 us,  0.2 sy,  0.0 ni, 99.4 id,  0.0 wa,  0.0 hi,  0.0 si,  0.0 st
%Cpu(s):  0.1 us,  0.0 sy,  0.0 ni, 99.9 id,  0.0 wa,  0.0 hi,  0.0 si,  0.0 st
%Cpu(s): 41.5 us,  3.9 sy,  0.0 ni, 54.2 id,  0.0 wa,  0.0 hi,  0.0 si,  0.4 st
%Cpu(s): 86.2 us,  2.8 sy,  0.0 ni, 11.0 id,  0.0 wa,  0.0 hi,  0.0 si,  0.0 st
%Cpu(s): 85.3 us,  2.5 sy,  0.0 ni, 12.2 id,  0.0 wa,  0.0 hi,  0.0 si,  0.0 st
%Cpu(s): 87.4 us,  2.3 sy,  0.0 ni, 10.4 id,  0.0 wa,  0.0 hi,  0.0 si,  0.0 st
%Cpu(s): 97.0 us,  2.1 sy,  0.0 ni,  0.9 id,  0.0 wa,  0.0 hi,  0.0 si,  0.0 st
%Cpu(s): 96.8 us,  2.2 sy,  0.0 ni,  0.9 id,  0.0 wa,  0.0 hi,  0.1 si,  0.0 st
%Cpu(s): 96.9 us,  2.6 sy,  0.0 ni,  0.5 id,  0.0 wa,  0.0 hi,  0.0 si,  0.0 st
%Cpu(s): 96.4 us,  2.2 sy,  0.0 ni,  1.2 id,  0.0 wa,  0.0 hi,  0.1 si,  0.0 st
%Cpu(s): 58.3 us,  0.7 sy,  0.0 ni, 41.0 id,  0.0 wa,  0.0 hi,  0.0 si,  0.0 st
%Cpu(s):  8.0 us,  1.6 sy,  0.0 ni, 90.4 id,  0.0 wa,  0.0 hi,  0.0 si,  0.0 st
%Cpu(s): 14.8 us,  0.9 sy,  0.0 ni, 84.2 id,  0.1 wa,  0.0 hi,  0.0 si,  0.0 st
%Cpu(s): 20.4 us,  2.1 sy,  0.0 ni, 77.4 id,  0.0 wa,  0.0 hi,  0.1 si,  0.0 st
%Cpu(s): 30.8 us,  1.9 sy,  0.0 ni, 67.3 id,  0.0 wa,  0.0 hi,  0.0 si,  0.0 st
%Cpu(s): 15.1 us,  3.1 sy,  0.0 ni, 81.7 id,  0.0 wa,  0.0 hi,  0.1 si,  0.0 st
%Cpu(s): 13.8 us,  2.6 sy,  0.0 ni, 83.4 id,  0.0 wa,  0.0 hi,  0.1 si,  0.1 st
%Cpu(s): 32.6 us,  2.8 sy,  0.0 ni, 64.1 id,  0.0 wa,  0.0 hi,  0.4 si,  0.1 st
%Cpu(s): 58.4 us,  3.4 sy,  0.0 ni, 37.6 id,  0.0 wa,  0.0 hi,  0.6 si,  0.0 st
%Cpu(s): 59.1 us,  5.1 sy,  0.0 ni, 35.2 id,  0.0 wa,  0.0 hi,  0.6 si,  0.0 st
%Cpu(s): 53.7 us,  4.8 sy,  0.0 ni, 40.1 id,  0.0 wa,  0.0 hi,  1.4 si,  0.0 st
%Cpu(s): 47.2 us,  5.3 sy,  0.0 ni, 46.3 id,  0.0 wa,  0.0 hi,  1.1 si,  0.1 st
%Cpu(s): 44.4 us,  5.8 sy,  0.0 ni, 49.2 id,  0.0 wa,  0.0 hi,  0.6 si,  0.0 st
%Cpu(s): 55.5 us,  4.5 sy,  0.0 ni, 37.7 id,  0.0 wa,  0.0 hi,  2.2 si,  0.1 st
%Cpu(s): 46.6 us,  3.9 sy,  0.0 ni, 48.5 id,  0.0 wa,  0.0 hi,  0.9 si,  0.0 st
%Cpu(s): 29.7 us,  4.3 sy,  0.0 ni, 65.1 id,  0.0 wa,  0.0 hi,  0.9 si,  0.0 st
%Cpu(s): 24.5 us,  4.2 sy,  0.0 ni, 70.3 id,  0.0 wa,  0.0 hi,  1.0 si,  0.0 st
%Cpu(s): 18.6 us,  4.2 sy,  0.0 ni, 76.3 id,  0.0 wa,  0.0 hi,  0.8 si,  0.1 st
%Cpu(s): 15.4 us,  4.9 sy,  0.0 ni, 79.4 id,  0.0 wa,  0.0 hi,  0.3 si,  0.0 st
%Cpu(s): 16.0 us,  4.2 sy,  0.0 ni, 79.0 id,  0.0 wa,  0.0 hi,  0.8 si,  0.0 st
%Cpu(s):  8.1 us,  4.5 sy,  0.0 ni, 86.4 id,  0.0 wa,  0.0 hi,  0.9 si,  0.1 st
%Cpu(s): 13.7 us,  4.3 sy,  0.0 ni, 81.4 id,  0.0 wa,  0.0 hi,  0.6 si,  0.0 st
%Cpu(s): 27.7 us,  3.5 sy,  0.0 ni, 68.0 id,  0.0 wa,  0.0 hi,  0.8 si,  0.0 st
%Cpu(s):  6.7 us,  3.8 sy,  0.0 ni, 89.0 id,  0.0 wa,  0.0 hi,  0.5 si,  0.0 st
%Cpu(s):  7.8 us,  4.0 sy,  0.0 ni, 87.2 id,  0.0 wa,  0.0 hi,  0.9 si,  0.1 st
%Cpu(s):  6.8 us,  4.0 sy,  0.0 ni, 88.3 id,  0.0 wa,  0.0 hi,  0.9 si,  0.0 st
%Cpu(s): 13.4 us,  3.6 sy,  0.0 ni, 82.5 id,  0.1 wa,  0.0 hi,  0.4 si,  0.0 st
%Cpu(s):  5.7 us,  4.4 sy,  0.0 ni, 89.1 id,  0.0 wa,  0.0 hi,  0.6 si,  0.1 st
%Cpu(s):  5.9 us,  4.6 sy,  0.0 ni, 88.4 id,  0.0 wa,  0.0 hi,  1.1 si,  0.0 st
%Cpu(s):  8.2 us,  4.8 sy,  0.0 ni, 86.5 id,  0.0 wa,  0.0 hi,  0.4 si,  0.1 st
%Cpu(s):  9.4 us,  3.9 sy,  0.0 ni, 85.7 id,  0.0 wa,  0.0 hi,  1.0 si,  0.0 st
%Cpu(s):  6.5 us,  3.8 sy,  0.0 ni, 88.5 id,  0.0 wa,  0.0 hi,  1.0 si,  0.1 st
%Cpu(s):  6.5 us,  3.9 sy,  0.0 ni, 88.4 id,  0.0 wa,  0.0 hi,  1.1 si,  0.0 st
%Cpu(s):  6.4 us,  3.5 sy,  0.0 ni, 89.1 id,  0.0 wa,  0.0 hi,  0.9 si,  0.1 st
%Cpu(s):  9.6 us,  4.2 sy,  0.0 ni, 85.7 id,  0.0 wa,  0.0 hi,  0.5 si,  0.0 st
%Cpu(s): 12.9 us,  3.5 sy,  0.0 ni, 83.1 id,  0.0 wa,  0.0 hi,  0.4 si,  0.1 st
%Cpu(s):  6.1 us,  3.6 sy,  0.0 ni, 89.5 id,  0.1 wa,  0.0 hi,  0.6 si,  0.0 st
%Cpu(s):  7.1 us,  3.9 sy,  0.0 ni, 88.2 id,  0.0 wa,  0.0 hi,  0.8 si,  0.0 st
%Cpu(s):  7.1 us,  3.7 sy,  0.0 ni, 88.4 id,  0.0 wa,  0.0 hi,  0.8 si,  0.1 st
%Cpu(s): 10.5 us,  3.0 sy,  0.0 ni, 85.8 id,  0.0 wa,  0.0 hi,  0.6 si,  0.0 st
%Cpu(s):  5.9 us,  3.8 sy,  0.0 ni, 89.1 id,  0.0 wa,  0.0 hi,  1.0 si,  0.1 st
%Cpu(s): 16.5 us,  3.8 sy,  0.0 ni, 78.9 id,  0.0 wa,  0.0 hi,  0.8 si,  0.0 st
%Cpu(s):  6.0 us,  3.5 sy,  0.0 ni, 89.7 id,  0.0 wa,  0.0 hi,  0.6 si,  0.1 st
%Cpu(s): 17.6 us,  3.8 sy,  0.0 ni, 77.6 id,  0.0 wa,  0.0 hi,  1.0 si,  0.0 st
%Cpu(s): 39.6 us,  2.0 sy,  0.0 ni, 58.0 id,  0.0 wa,  0.0 hi,  0.2 si,  0.1 st
%Cpu(s): 26.9 us,  1.7 sy,  0.0 ni, 71.3 id,  0.0 wa,  0.0 hi,  0.0 si,  0.1 st
%Cpu(s):  5.6 us,  2.0 sy,  0.0 ni, 92.2 id,  0.0 wa,  0.0 hi,  0.1 si,  0.0 st
%Cpu(s):  2.6 us,  2.0 sy,  0.0 ni, 95.3 id,  0.0 wa,  0.0 hi,  0.1 si,  0.0 st
%Cpu(s):  3.0 us,  2.2 sy,  0.0 ni, 94.5 id,  0.0 wa,  0.0 hi,  0.1 si,  0.1 st
%Cpu(s):  3.5 us,  1.4 sy,  0.0 ni, 95.1 id,  0.0 wa,  0.0 hi,  0.0 si,  0.0 st
%Cpu(s):  3.8 us,  1.3 sy,  0.0 ni, 94.9 id,  0.0 wa,  0.0 hi,  0.1 si,  0.0 st
%Cpu(s):  7.7 us,  2.4 sy,  0.0 ni, 89.6 id,  0.0 wa,  0.0 hi,  0.0 si,  0.2 st
%Cpu(s):  4.5 us,  1.9 sy,  0.0 ni, 93.4 id,  0.0 wa,  0.0 hi,  0.1 si,  0.1 st
