%Cpu(s):  2.1 us,  0.3 sy,  0.0 ni, 97.6 id,  0.0 wa,  0.0 hi,  0.0 si,  0.0 st
%Cpu(s): 95.5 us,  4.3 sy,  0.0 ni,  0.1 id,  0.0 wa,  0.0 hi,  0.0 si,  0.0 st
%Cpu(s): 39.4 us,  1.5 sy,  0.0 ni, 59.0 id,  0.0 wa,  0.0 hi,  0.1 si,  0.0 st
%Cpu(s):  4.5 us,  1.5 sy,  0.0 ni, 94.0 id,  0.0 wa,  0.0 hi,  0.0 si,  0.0 st
%Cpu(s):  5.0 us,  1.9 sy,  0.0 ni, 93.1 id,  0.0 wa,  0.0 hi,  0.0 si,  0.0 st
%Cpu(s):  4.5 us,  2.0 sy,  0.0 ni, 93.4 id,  0.1 wa,  0.0 hi,  0.0 si,  0.0 st
%Cpu(s):  2.0 us,  1.4 sy,  0.0 ni, 96.6 id,  0.0 wa,  0.0 hi,  0.0 si,  0.0 st
%Cpu(s):  3.4 us,  1.4 sy,  0.0 ni, 95.2 id,  0.0 wa,  0.0 hi,  0.0 si,  0.0 st
%Cpu(s):  9.6 us,  1.4 sy,  0.0 ni, 89.0 id,  0.0 wa,  0.0 hi,  0.0 si,  0.0 st
%Cpu(s):  6.0 us,  1.1 sy,  0.0 ni, 92.7 id,  0.0 wa,  0.0 hi,  0.0 si,  0.1 st
%Cpu(s): 18.5 us,  2.9 sy,  0.0 ni, 78.3 id,  0.1 wa,  0.0 hi,  0.1 si,  0.0 st
%Cpu(s): 23.1 us,  3.0 sy,  0.0 ni, 73.8 id,  0.0 wa,  0.0 hi,  0.0 si,  0.0 st
%Cpu(s): 91.4 us,  5.5 sy,  0.0 ni,  2.5 id,  0.0 wa,  0.0 hi,  0.6 si,  0.0 st
%Cpu(s): 90.3 us,  7.4 sy,  0.0 ni,  1.1 id,  0.0 wa,  0.0 hi,  1.2 si,  0.0 st
%Cpu(s): 89.4 us,  7.9 sy,  0.0 ni,  0.2 id,  0.0 wa,  0.0 hi,  2.5 si,  0.0 st
%Cpu(s): 80.9 us,  7.6 sy,  0.0 ni, 10.5 id,  0.0 wa,  0.0 hi,  1.0 si,  0.0 st
%Cpu(s): 51.5 us,  5.0 sy,  0.0 ni, 42.5 id,  0.0 wa,  0.0 hi,  1.0 si,  0.0 st
%Cpu(s): 88.8 us,  5.5 sy,  0.0 ni,  5.0 id,  0.0 wa,  0.0 hi,  0.7 si,  0.0 st
%Cpu(s): 71.0 us,  4.0 sy,  0.0 ni, 24.0 id,  0.0 wa,  0.0 hi,  1.0 si,  0.0 st
%Cpu(s): 37.9 us,  2.8 sy,  0.0 ni, 58.5 id,  0.0 wa,  0.0 hi,  0.8 si,  0.1 st
%Cpu(s): 47.2 us,  3.5 sy,  0.0 ni, 48.7 id,  0.0 wa,  0.0 hi,  0.5 si,  0.0 st
%Cpu(s): 56.7 us,  3.8 sy,  0.0 ni, 39.0 id,  0.0 wa,  0.0 hi,  0.5 si,  0.0 st
%Cpu(s): 68.8 us,  4.0 sy,  0.0 ni, 26.0 id,  0.0 wa,  0.0 hi,  1.1 si,  0.0 st
%Cpu(s): 80.0 us,  4.0 sy,  0.0 ni, 15.3 id,  0.0 wa,  0.0 hi,  0.7 si,  0.0 st
%Cpu(s): 46.8 us,  3.8 sy,  0.0 ni, 48.8 id,  0.0 wa,  0.0 hi,  0.6 si,  0.0 st
%Cpu(s): 13.9 us,  3.3 sy,  0.0 ni, 82.1 id,  0.0 wa,  0.0 hi,  0.6 si,  0.1 st
%Cpu(s): 29.2 us,  4.0 sy,  0.0 ni, 66.2 id,  0.0 wa,  0.0 hi,  0.6 si,  0.0 st
%Cpu(s): 17.0 us,  3.7 sy,  0.0 ni, 78.5 id,  0.0 wa,  0.0 hi,  0.8 si,  0.0 st
%Cpu(s): 13.1 us,  3.6 sy,  0.0 ni, 82.6 id,  0.0 wa,  0.0 hi,  0.6 si,  0.0 st
%Cpu(s): 16.6 us,  3.3 sy,  0.0 ni, 79.3 id,  0.0 wa,  0.0 hi,  0.8 si,  0.0 st
%Cpu(s): 30.0 us,  4.1 sy,  0.0 ni, 65.2 id,  0.0 wa,  0.0 hi,  0.6 si,  0.0 st
%Cpu(s): 21.7 us,  3.4 sy,  0.0 ni, 74.0 id,  0.0 wa,  0.0 hi,  0.8 si,  0.1 st
%Cpu(s): 10.3 us,  3.8 sy,  0.0 ni, 85.7 id,  0.0 wa,  0.0 hi,  0.3 si,  0.0 st
%Cpu(s): 29.3 us,  4.1 sy,  0.0 ni, 65.9 id,  0.0 wa,  0.0 hi,  0.6 si,  0.0 st
%Cpu(s): 32.8 us,  4.1 sy,  0.0 ni, 62.2 id,  0.0 wa,  0.0 hi,  0.9 si,  0.0 st
%Cpu(s): 25.0 us,  3.4 sy,  0.0 ni, 71.1 id,  0.1 wa,  0.0 hi,  0.4 si,  0.0 st
%Cpu(s): 15.0 us,  3.3 sy,  0.0 ni, 81.4 id,  0.0 wa,  0.0 hi,  0.4 si,  0.0 st
%Cpu(s): 24.6 us,  3.3 sy,  0.0 ni, 71.8 id,  0.0 wa,  0.0 hi,  0.4 si,  0.0 st
%Cpu(s): 14.2 us,  3.2 sy,  0.0 ni, 81.9 id,  0.0 wa,  0.0 hi,  0.6 si,  0.1 st
%Cpu(s): 47.8 us,  3.5 sy,  0.0 ni, 47.5 id,  0.0 wa,  0.0 hi,  1.1 si,  0.0 st
%Cpu(s): 46.6 us,  4.1 sy,  0.0 ni, 48.4 id,  0.0 wa,  0.0 hi,  0.9 si,  0.0 st
%Cpu(s): 26.8 us,  3.7 sy,  0.0 ni, 68.9 id,  0.0 wa,  0.0 hi,  0.6 si,  0.0 st
%Cpu(s): 25.7 us,  3.8 sy,  0.0 ni, 69.9 id,  0.0 wa,  0.0 hi,  0.6 si,  0.0 st
%Cpu(s): 31.0 us,  4.1 sy,  0.0 ni, 63.8 id,  0.0 wa,  0.0 hi,  1.0 si,  0.0 st
%Cpu(s): 33.3 us,  3.3 sy,  0.0 ni, 63.0 id,  0.0 wa,  0.0 hi,  0.4 si,  0.0 st
%Cpu(s):  7.1 us,  2.8 sy,  0.0 ni, 89.1 id,  0.1 wa,  0.0 hi,  0.8 si,  0.1 st
%Cpu(s): 14.1 us,  3.3 sy,  0.0 ni, 82.2 id,  0.0 wa,  0.0 hi,  0.4 si,  0.0 st
%Cpu(s): 13.0 us,  3.0 sy,  0.0 ni, 83.5 id,  0.0 wa,  0.0 hi,  0.5 si,  0.0 st
%Cpu(s): 15.4 us,  3.2 sy,  0.0 ni, 80.9 id,  0.0 wa,  0.0 hi,  0.5 si,  0.0 st
%Cpu(s):  7.2 us,  3.6 sy,  0.0 ni, 88.3 id,  0.0 wa,  0.0 hi,  0.8 si,  0.1 st
%Cpu(s):  7.5 us,  3.3 sy,  0.0 ni, 88.5 id,  0.0 wa,  0.0 hi,  0.8 si,  0.0 st
%Cpu(s):  8.8 us,  3.5 sy,  0.0 ni, 86.8 id,  0.0 wa,  0.0 hi,  0.9 si,  0.0 st
%Cpu(s): 14.8 us,  3.8 sy,  0.0 ni, 81.0 id,  0.0 wa,  0.0 hi,  0.4 si,  0.0 st
%Cpu(s):  6.4 us,  3.3 sy,  0.0 ni, 89.7 id,  0.0 wa,  0.0 hi,  0.6 si,  0.0 st
%Cpu(s):  6.6 us,  4.6 sy,  0.0 ni, 88.0 id,  0.0 wa,  0.0 hi,  0.8 si,  0.0 st
%Cpu(s): 10.3 us,  4.8 sy,  0.0 ni, 84.3 id,  0.0 wa,  0.0 hi,  0.5 si,  0.1 st
%Cpu(s):  5.1 us,  3.5 sy,  0.0 ni, 90.4 id,  0.0 wa,  0.0 hi,  0.9 si,  0.1 st
%Cpu(s):  5.7 us,  3.1 sy,  0.0 ni, 90.6 id,  0.0 wa,  0.0 hi,  0.6 si,  0.0 st
%Cpu(s):  5.5 us,  4.5 sy,  0.0 ni, 89.0 id,  0.0 wa,  0.0 hi,  1.0 si,  0.0 st
%Cpu(s): 11.5 us,  4.0 sy,  0.0 ni, 83.6 id,  0.0 wa,  0.0 hi,  0.9 si,  0.0 st
%Cpu(s): 10.7 us,  4.1 sy,  0.0 ni, 84.4 id,  0.0 wa,  0.0 hi,  0.5 si,  0.4 st
%Cpu(s): 12.6 us,  1.8 sy,  0.0 ni, 85.4 id,  0.0 wa,  0.0 hi,  0.2 si,  0.0 st
%Cpu(s):  2.7 us,  2.5 sy,  0.0 ni, 94.8 id,  0.0 wa,  0.0 hi,  0.0 si,  0.0 st
%Cpu(s):  2.2 us,  2.7 sy,  0.0 ni, 95.0 id,  0.0 wa,  0.0 hi,  0.0 si,  0.0 st
%Cpu(s):  1.4 us,  2.5 sy,  0.0 ni, 96.1 id,  0.0 wa,  0.0 hi,  0.0 si,  0.0 st
%Cpu(s):  1.8 us,  1.8 sy,  0.0 ni, 96.2 id,  0.1 wa,  0.0 hi,  0.1 si,  0.0 st
%Cpu(s):  2.2 us,  1.7 sy,  0.0 ni, 95.9 id,  0.0 wa,  0.0 hi,  0.0 si,  0.1 st
%Cpu(s):  1.4 us,  2.4 sy,  0.0 ni, 96.2 id,  0.0 wa,  0.0 hi,  0.0 si,  0.0 st
%Cpu(s):  2.2 us,  2.4 sy,  0.0 ni, 95.4 id,  0.0 wa,  0.0 hi,  0.0 si,  0.0 st
%Cpu(s):  2.4 us,  2.0 sy,  0.0 ni, 95.5 id,  0.0 wa,  0.0 hi,  0.1 si,  0.0 st
%Cpu(s):  1.7 us,  2.7 sy,  0.0 ni, 95.3 id,  0.0 wa,  0.0 hi,  0.2 si,  0.0 st
%Cpu(s):  1.9 us,  2.0 sy,  0.0 ni, 96.1 id,  0.0 wa,  0.0 hi,  0.0 si,  0.0 st
%Cpu(s):  2.7 us,  2.7 sy,  0.0 ni, 94.5 id,  0.0 wa,  0.0 hi,  0.0 si,  0.0 st
%Cpu(s):  2.5 us,  2.1 sy,  0.0 ni, 95.1 id,  0.0 wa,  0.0 hi,  0.1 si,  0.1 st
%Cpu(s):  1.6 us,  2.4 sy,  0.0 ni, 96.0 id,  0.0 wa,  0.0 hi,  0.0 si,  0.0 st
%Cpu(s): 10.9 us,  2.6 sy,  0.0 ni, 86.5 id,  0.0 wa,  0.0 hi,  0.0 si,  0.0 st
%Cpu(s):  2.6 us,  1.3 sy,  0.0 ni, 96.1 id,  0.0 wa,  0.0 hi,  0.0 si,  0.0 st
%Cpu(s):  2.1 us,  1.6 sy,  0.0 ni, 96.2 id,  0.0 wa,  0.0 hi,  0.0 si,  0.0 st
%Cpu(s):  2.2 us,  2.0 sy,  0.0 ni, 95.8 id,  0.0 wa,  0.0 hi,  0.0 si,  0.0 st
%Cpu(s):  2.2 us,  2.2 sy,  0.0 ni, 95.4 id,  0.0 wa,  0.0 hi,  0.0 si,  0.1 st
%Cpu(s):  1.8 us,  2.4 sy,  0.0 ni, 95.9 id,  0.0 wa,  0.0 hi,  0.0 si,  0.0 st
%Cpu(s):  2.0 us,  2.6 sy,  0.0 ni, 95.3 id,  0.0 wa,  0.0 hi,  0.0 si,  0.1 st
%Cpu(s):  1.6 us,  2.0 sy,  0.0 ni, 96.4 id,  0.0 wa,  0.0 hi,  0.0 si,  0.0 st
%Cpu(s): 52.2 us,  2.4 sy,  0.0 ni, 45.3 id,  0.0 wa,  0.0 hi,  0.1 si,  0.0 st
