%Cpu(s):  4.4 us,  0.7 sy,  0.0 ni, 94.7 id,  0.0 wa,  0.0 hi,  0.1 si,  0.0 st
%Cpu(s): 86.5 us,  7.5 sy,  0.0 ni,  6.0 id,  0.0 wa,  0.0 hi,  0.0 si,  0.0 st
%Cpu(s): 95.5 us,  3.6 sy,  0.0 ni,  0.9 id,  0.0 wa,  0.0 hi,  0.0 si,  0.0 st
%Cpu(s): 93.8 us,  4.1 sy,  0.0 ni,  2.1 id,  0.0 wa,  0.0 hi,  0.0 si,  0.0 st
%Cpu(s): 97.0 us,  1.9 sy,  0.0 ni,  1.1 id,  0.0 wa,  0.0 hi,  0.0 si,  0.0 st
%Cpu(s): 97.9 us,  2.1 sy,  0.0 ni,  0.0 id,  0.0 wa,  0.0 hi,  0.0 si,  0.0 st
%Cpu(s): 97.0 us,  3.0 sy,  0.0 ni,  0.0 id,  0.0 wa,  0.0 hi,  0.0 si,  0.0 st
%Cpu(s): 97.3 us,  2.7 sy,  0.0 ni,  0.0 id,  0.0 wa,  0.0 hi,  0.0 si,  0.0 st
%Cpu(s): 96.6 us,  3.4 sy,  0.0 ni,  0.0 id,  0.0 wa,  0.0 hi,  0.0 si,  0.0 st
%Cpu(s): 96.4 us,  3.4 sy,  0.0 ni,  0.0 id,  0.0 wa,  0.0 hi,  0.2 si,  0.0 st
%Cpu(s): 43.3 us,  2.3 sy,  0.0 ni, 54.0 id,  0.0 wa,  0.0 hi,  0.3 si,  0.1 st
%Cpu(s): 10.5 us,  3.0 sy,  0.0 ni, 86.4 id,  0.0 wa,  0.0 hi,  0.0 si,  0.0 st
%Cpu(s): 12.0 us,  2.9 sy,  0.0 ni, 84.9 id,  0.0 wa,  0.0 hi,  0.0 si,  0.3 st
%Cpu(s):  6.9 us,  3.9 sy,  0.0 ni, 89.0 id,  0.0 wa,  0.0 hi,  0.1 si,  0.1 st
%Cpu(s):  8.0 us,  3.4 sy,  0.0 ni, 87.9 id,  0.0 wa,  0.0 hi,  0.4 si,  0.3 st
%Cpu(s):  6.0 us,  3.6 sy,  0.0 ni, 90.0 id,  0.0 wa,  0.0 hi,  0.1 si,  0.3 st
%Cpu(s):  4.9 us,  1.9 sy,  0.0 ni, 93.1 id,  0.0 wa,  0.0 hi,  0.1 si,  0.0 st
%Cpu(s):  4.2 us,  3.4 sy,  0.0 ni, 92.3 id,  0.0 wa,  0.0 hi,  0.0 si,  0.0 st
%Cpu(s):  8.4 us,  3.9 sy,  0.0 ni, 87.6 id,  0.0 wa,  0.0 hi,  0.0 si,  0.1 st
%Cpu(s): 66.7 us,  4.4 sy,  0.0 ni, 28.3 id,  0.0 wa,  0.0 hi,  0.5 si,  0.1 st
%Cpu(s): 91.1 us,  7.2 sy,  0.0 ni,  0.1 id,  0.0 wa,  0.0 hi,  1.5 si,  0.0 st
%Cpu(s): 89.1 us,  8.7 sy,  0.0 ni,  0.1 id,  0.0 wa,  0.0 hi,  2.1 si,  0.0 st
%Cpu(s): 89.8 us,  8.4 sy,  0.0 ni,  0.0 id,  0.0 wa,  0.0 hi,  1.9 si,  0.0 st
%Cpu(s): 90.8 us,  7.6 sy,  0.0 ni,  0.0 id,  0.0 wa,  0.0 hi,  1.6 si,  0.0 st
%Cpu(s): 92.8 us,  5.7 sy,  0.0 ni,  0.0 id,  0.0 wa,  0.0 hi,  1.5 si,  0.0 st
%Cpu(s): 93.1 us,  5.2 sy,  0.0 ni,  0.6 id,  0.0 wa,  0.0 hi,  1.0 si,  0.0 st
%Cpu(s): 64.7 us,  4.9 sy,  0.0 ni, 29.5 id,  0.1 wa,  0.0 hi,  0.9 si,  0.0 st
%Cpu(s): 76.1 us,  5.8 sy,  0.0 ni, 17.4 id,  0.0 wa,  0.0 hi,  0.8 si,  0.0 st
%Cpu(s): 79.9 us,  5.4 sy,  0.0 ni, 13.6 id,  0.0 wa,  0.0 hi,  1.1 si,  0.0 st
%Cpu(s): 63.6 us,  4.3 sy,  0.0 ni, 31.4 id,  0.0 wa,  0.0 hi,  0.8 si,  0.0 st
%Cpu(s): 17.1 us,  5.4 sy,  0.0 ni, 76.9 id,  0.0 wa,  0.0 hi,  0.5 si,  0.1 st
%Cpu(s): 20.9 us,  4.4 sy,  0.0 ni, 73.8 id,  0.0 wa,  0.0 hi,  0.9 si,  0.0 st
%Cpu(s): 22.6 us,  5.4 sy,  0.0 ni, 71.3 id,  0.0 wa,  0.0 hi,  0.6 si,  0.0 st
%Cpu(s): 46.7 us,  4.9 sy,  0.0 ni, 47.9 id,  0.0 wa,  0.0 hi,  0.5 si,  0.0 st
%Cpu(s): 33.5 us,  5.1 sy,  0.0 ni, 60.9 id,  0.0 wa,  0.0 hi,  0.4 si,  0.1 st
%Cpu(s): 16.5 us,  4.2 sy,  0.0 ni, 78.8 id,  0.0 wa,  0.0 hi,  0.4 si,  0.1 st
%Cpu(s): 17.0 us,  4.3 sy,  0.0 ni, 78.2 id,  0.0 wa,  0.0 hi,  0.5 si,  0.0 st
%Cpu(s): 22.3 us,  5.2 sy,  0.0 ni, 71.6 id,  0.0 wa,  0.0 hi,  0.8 si,  0.1 st
%Cpu(s): 39.1 us,  5.2 sy,  0.0 ni, 55.0 id,  0.0 wa,  0.0 hi,  0.6 si,  0.0 st
%Cpu(s): 70.2 us,  4.3 sy,  0.0 ni, 24.8 id,  0.0 wa,  0.0 hi,  0.8 si,  0.0 st
%Cpu(s): 29.6 us,  4.0 sy,  0.0 ni, 65.6 id,  0.0 wa,  0.0 hi,  0.6 si,  0.1 st
%Cpu(s): 31.0 us,  4.6 sy,  0.0 ni, 63.2 id,  0.1 wa,  0.0 hi,  1.0 si,  0.0 st
%Cpu(s): 16.5 us,  4.9 sy,  0.0 ni, 77.6 id,  0.0 wa,  0.0 hi,  0.9 si,  0.1 st
%Cpu(s): 24.7 us,  5.3 sy,  0.0 ni, 69.3 id,  0.0 wa,  0.0 hi,  0.8 si,  0.0 st
%Cpu(s): 12.3 us,  5.0 sy,  0.0 ni, 82.1 id,  0.0 wa,  0.0 hi,  0.6 si,  0.0 st
%Cpu(s): 17.2 us,  4.8 sy,  0.0 ni, 77.5 id,  0.0 wa,  0.0 hi,  0.5 si,  0.0 st
%Cpu(s): 14.2 us,  4.6 sy,  0.0 ni, 80.5 id,  0.0 wa,  0.0 hi,  0.6 si,  0.1 st
%Cpu(s): 15.4 us,  3.7 sy,  0.0 ni, 80.2 id,  0.0 wa,  0.0 hi,  0.8 si,  0.0 st
%Cpu(s): 20.9 us,  4.2 sy,  0.0 ni, 74.1 id,  0.0 wa,  0.0 hi,  0.6 si,  0.1 st
%Cpu(s): 20.3 us,  4.5 sy,  0.0 ni, 74.9 id,  0.0 wa,  0.0 hi,  0.4 si,  0.0 st
%Cpu(s): 45.9 us,  4.4 sy,  0.0 ni, 48.7 id,  0.0 wa,  0.0 hi,  0.9 si,  0.1 st
%Cpu(s): 29.5 us,  4.8 sy,  0.0 ni, 64.7 id,  0.0 wa,  0.0 hi,  1.0 si,  0.0 st
%Cpu(s): 12.7 us,  4.1 sy,  0.0 ni, 82.6 id,  0.0 wa,  0.0 hi,  0.6 si,  0.0 st
%Cpu(s): 14.1 us,  4.3 sy,  0.0 ni, 80.9 id,  0.0 wa,  0.0 hi,  0.8 si,  0.0 st
%Cpu(s): 15.2 us,  4.9 sy,  0.0 ni, 79.3 id,  0.0 wa,  0.0 hi,  0.5 si,  0.1 st
%Cpu(s): 21.2 us,  5.0 sy,  0.0 ni, 73.1 id,  0.0 wa,  0.0 hi,  0.6 si,  0.0 st
%Cpu(s): 10.8 us,  5.5 sy,  0.0 ni, 83.0 id,  0.0 wa,  0.0 hi,  0.6 si,  0.1 st
%Cpu(s):  7.5 us,  4.4 sy,  0.0 ni, 86.9 id,  0.0 wa,  0.0 hi,  1.0 si,  0.1 st
%Cpu(s): 10.8 us,  5.6 sy,  0.0 ni, 82.9 id,  0.0 wa,  0.0 hi,  0.8 si,  0.0 st
%Cpu(s): 21.6 us,  5.0 sy,  0.0 ni, 72.7 id,  0.0 wa,  0.0 hi,  0.8 si,  0.0 st
%Cpu(s): 25.2 us,  4.3 sy,  0.0 ni, 69.8 id,  0.0 wa,  0.0 hi,  0.6 si,  0.0 st
%Cpu(s):  7.8 us,  3.6 sy,  0.0 ni, 88.3 id,  0.1 wa,  0.0 hi,  0.3 si,  0.0 st
%Cpu(s):  3.7 us,  3.3 sy,  0.0 ni, 92.7 id,  0.0 wa,  0.0 hi,  0.0 si,  0.3 st
%Cpu(s):  5.6 us,  4.6 sy,  0.0 ni, 89.6 id,  0.0 wa,  0.0 hi,  0.0 si,  0.3 st
%Cpu(s):  4.1 us,  3.4 sy,  0.0 ni, 92.1 id,  0.0 wa,  0.0 hi,  0.1 si,  0.3 st
%Cpu(s):  2.3 us,  4.2 sy,  0.0 ni, 93.5 id,  0.0 wa,  0.0 hi,  0.0 si,  0.0 st
%Cpu(s):  3.5 us,  3.4 sy,  0.0 ni, 92.8 id,  0.1 wa,  0.0 hi,  0.0 si,  0.1 st
%Cpu(s):  3.6 us,  3.7 sy,  0.0 ni, 92.8 id,  0.0 wa,  0.0 hi,  0.0 si,  0.0 st
%Cpu(s):  3.5 us,  2.1 sy,  0.0 ni, 94.4 id,  0.0 wa,  0.0 hi,  0.0 si,  0.0 st
%Cpu(s):  4.7 us,  2.8 sy,  0.0 ni, 92.4 id,  0.0 wa,  0.0 hi,  0.1 si,  0.0 st
%Cpu(s): 11.0 us,  2.8 sy,  0.0 ni, 86.0 id,  0.0 wa,  0.0 hi,  0.0 si,  0.1 st
%Cpu(s): 15.0 us,  2.7 sy,  0.0 ni, 82.2 id,  0.0 wa,  0.0 hi,  0.1 si,  0.0 st
%Cpu(s):  3.2 us,  3.3 sy,  0.0 ni, 93.4 id,  0.0 wa,  0.0 hi,  0.0 si,  0.1 st
%Cpu(s):  3.3 us,  2.9 sy,  0.0 ni, 93.6 id,  0.0 wa,  0.0 hi,  0.0 si,  0.1 st
%Cpu(s):  4.3 us,  3.1 sy,  0.0 ni, 92.6 id,  0.0 wa,  0.0 hi,  0.0 si,  0.0 st
%Cpu(s):  2.8 us,  2.6 sy,  0.0 ni, 94.6 id,  0.0 wa,  0.0 hi,  0.0 si,  0.0 st
%Cpu(s):  3.3 us,  3.6 sy,  0.0 ni, 92.9 id,  0.1 wa,  0.0 hi,  0.0 si,  0.1 st
%Cpu(s):  2.5 us,  3.9 sy,  0.0 ni, 93.6 id,  0.0 wa,  0.0 hi,  0.0 si,  0.0 st
%Cpu(s):  4.3 us,  2.0 sy,  0.0 ni, 93.4 id,  0.0 wa,  0.0 hi,  0.1 si,  0.1 st
%Cpu(s): 11.5 us,  3.3 sy,  0.0 ni, 85.1 id,  0.0 wa,  0.0 hi,  0.0 si,  0.1 st
