%Cpu(s):  5.3 us,  0.6 sy,  0.0 ni, 94.1 id,  0.0 wa,  0.0 hi,  0.0 si,  0.0 st
%Cpu(s): 14.7 us,  2.9 sy,  0.0 ni, 82.4 id,  0.0 wa,  0.0 hi,  0.0 si,  0.0 st
%Cpu(s): 88.7 us,  6.0 sy,  0.0 ni,  5.0 id,  0.0 wa,  0.0 hi,  0.1 si,  0.1 st
%Cpu(s): 86.7 us,  2.6 sy,  0.0 ni, 10.6 id,  0.0 wa,  0.0 hi,  0.0 si,  0.0 st
%Cpu(s): 73.8 us,  1.9 sy,  0.0 ni, 24.3 id,  0.0 wa,  0.0 hi,  0.0 si,  0.0 st
%Cpu(s): 95.2 us,  1.9 sy,  0.0 ni,  2.9 id,  0.0 wa,  0.0 hi,  0.0 si,  0.0 st
%Cpu(s): 96.8 us,  2.4 sy,  0.0 ni,  0.9 id,  0.0 wa,  0.0 hi,  0.0 si,  0.0 st
%Cpu(s): 97.4 us,  2.2 sy,  0.0 ni,  0.2 id,  0.0 wa,  0.0 hi,  0.1 si,  0.0 st
%Cpu(s): 96.8 us,  2.4 sy,  0.0 ni,  0.7 id,  0.0 wa,  0.0 hi,  0.1 si,  0.0 st
%Cpu(s): 96.9 us,  2.2 sy,  0.0 ni,  0.7 id,  0.0 wa,  0.0 hi,  0.1 si,  0.0 st
%Cpu(s): 55.2 us,  1.0 sy,  0.0 ni, 43.6 id,  0.0 wa,  0.0 hi,  0.0 si,  0.1 st
%Cpu(s):  2.0 us,  1.1 sy,  0.0 ni, 96.9 id,  0.0 wa,  0.0 hi,  0.0 si,  0.0 st
%Cpu(s):  6.7 us,  1.6 sy,  0.0 ni, 91.7 id,  0.0 wa,  0.0 hi,  0.0 si,  0.0 st
%Cpu(s):  4.1 us,  1.2 sy,  0.0 ni, 94.6 id,  0.0 wa,  0.0 hi,  0.0 si,  0.0 st
%Cpu(s):  1.8 us,  1.3 sy,  0.0 ni, 97.0 id,  0.0 wa,  0.0 hi,  0.0 si,  0.0 st
%Cpu(s):  2.6 us,  1.5 sy,  0.0 ni, 95.8 id,  0.0 wa,  0.0 hi,  0.0 si,  0.1 st
%Cpu(s): 25.3 us,  2.3 sy,  0.0 ni, 72.2 id,  0.0 wa,  0.0 hi,  0.3 si,  0.0 st
%Cpu(s): 53.3 us,  4.3 sy,  0.0 ni, 41.5 id,  0.0 wa,  0.0 hi,  0.8 si,  0.1 st
%Cpu(s): 51.8 us,  5.5 sy,  0.0 ni, 41.7 id,  0.0 wa,  0.0 hi,  0.9 si,  0.1 st
%Cpu(s): 71.3 us,  4.7 sy,  0.0 ni, 23.2 id,  0.0 wa,  0.0 hi,  0.7 si,  0.0 st
%Cpu(s): 62.9 us,  5.2 sy,  0.0 ni, 31.0 id,  0.0 wa,  0.0 hi,  0.9 si,  0.0 st
%Cpu(s): 58.9 us,  4.6 sy,  0.0 ni, 35.4 id,  0.0 wa,  0.0 hi,  0.8 si,  0.3 st
%Cpu(s): 16.1 us,  4.1 sy,  0.0 ni, 78.8 id,  0.0 wa,  0.0 hi,  0.9 si,  0.1 st
%Cpu(s): 11.4 us,  4.1 sy,  0.0 ni, 83.4 id,  0.0 wa,  0.0 hi,  1.0 si,  0.1 st
%Cpu(s): 10.8 us,  3.7 sy,  0.0 ni, 84.9 id,  0.0 wa,  0.0 hi,  0.6 si,  0.0 st
%Cpu(s):  7.4 us,  4.6 sy,  0.0 ni, 87.3 id,  0.0 wa,  0.0 hi,  0.6 si,  0.1 st
%Cpu(s):  8.8 us,  3.9 sy,  0.0 ni, 86.7 id,  0.0 wa,  0.0 hi,  0.5 si,  0.1 st
%Cpu(s):  9.8 us,  3.8 sy,  0.0 ni, 85.9 id,  0.0 wa,  0.0 hi,  0.5 si,  0.0 st
%Cpu(s): 16.6 us,  3.3 sy,  0.0 ni, 79.6 id,  0.0 wa,  0.0 hi,  0.5 si,  0.0 st
%Cpu(s): 13.3 us,  4.3 sy,  0.0 ni, 81.6 id,  0.0 wa,  0.0 hi,  0.5 si,  0.2 st
%Cpu(s):  9.0 us,  3.9 sy,  0.0 ni, 86.6 id,  0.0 wa,  0.0 hi,  0.5 si,  0.0 st
%Cpu(s): 23.0 us,  2.9 sy,  0.0 ni, 73.9 id,  0.0 wa,  0.0 hi,  0.3 si,  0.0 st
%Cpu(s):  6.8 us,  2.6 sy,  0.0 ni, 89.3 id,  0.0 wa,  0.0 hi,  1.1 si,  0.1 st
%Cpu(s): 21.0 us,  3.8 sy,  0.0 ni, 73.8 id,  0.0 wa,  0.0 hi,  1.1 si,  0.3 st
%Cpu(s):  6.2 us,  2.7 sy,  0.0 ni, 90.6 id,  0.1 wa,  0.0 hi,  0.3 si,  0.1 st
%Cpu(s):  5.3 us,  3.3 sy,  0.0 ni, 90.7 id,  0.0 wa,  0.0 hi,  0.8 si,  0.0 st
%Cpu(s):  7.6 us,  3.0 sy,  0.0 ni, 88.7 id,  0.0 wa,  0.0 hi,  0.6 si,  0.0 st
%Cpu(s):  4.5 us,  3.4 sy,  0.0 ni, 91.8 id,  0.0 wa,  0.0 hi,  0.3 si,  0.0 st
%Cpu(s):  4.8 us,  4.0 sy,  0.0 ni, 90.5 id,  0.0 wa,  0.0 hi,  0.6 si,  0.1 st
%Cpu(s): 10.4 us,  3.4 sy,  0.0 ni, 85.6 id,  0.0 wa,  0.0 hi,  0.5 si,  0.1 st
%Cpu(s): 17.9 us,  3.5 sy,  0.0 ni, 78.0 id,  0.0 wa,  0.0 hi,  0.5 si,  0.1 st
%Cpu(s):  9.8 us,  3.8 sy,  0.0 ni, 86.1 id,  0.0 wa,  0.0 hi,  0.4 si,  0.0 st
%Cpu(s): 11.0 us,  3.3 sy,  0.0 ni, 85.4 id,  0.0 wa,  0.0 hi,  0.3 si,  0.1 st
%Cpu(s): 10.7 us,  3.1 sy,  0.0 ni, 85.1 id,  0.0 wa,  0.0 hi,  1.0 si,  0.1 st
%Cpu(s): 18.9 us,  2.8 sy,  0.0 ni, 77.8 id,  0.0 wa,  0.0 hi,  0.4 si,  0.1 st
%Cpu(s):  5.2 us,  3.0 sy,  0.0 ni, 91.1 id,  0.0 wa,  0.0 hi,  0.6 si,  0.0 st
%Cpu(s):  3.9 us,  3.3 sy,  0.0 ni, 92.0 id,  0.0 wa,  0.0 hi,  0.8 si,  0.1 st
%Cpu(s):  4.4 us,  3.2 sy,  0.0 ni, 91.8 id,  0.0 wa,  0.0 hi,  0.6 si,  0.0 st
%Cpu(s):  5.6 us,  3.5 sy,  0.0 ni, 90.2 id,  0.0 wa,  0.0 hi,  0.5 si,  0.1 st
%Cpu(s):  6.1 us,  3.3 sy,  0.0 ni, 89.9 id,  0.0 wa,  0.0 hi,  0.8 si,  0.0 st
%Cpu(s):  5.6 us,  3.2 sy,  0.0 ni, 90.4 id,  0.1 wa,  0.0 hi,  0.6 si,  0.1 st
%Cpu(s):  5.3 us,  2.8 sy,  0.0 ni, 91.2 id,  0.0 wa,  0.0 hi,  0.6 si,  0.1 st
%Cpu(s):  6.0 us,  3.6 sy,  0.0 ni, 90.2 id,  0.0 wa,  0.0 hi,  0.1 si,  0.0 st
%Cpu(s):  5.4 us,  3.4 sy,  0.0 ni, 90.4 id,  0.0 wa,  0.0 hi,  0.8 si,  0.1 st
%Cpu(s):  4.7 us,  2.8 sy,  0.0 ni, 91.7 id,  0.0 wa,  0.0 hi,  0.8 si,  0.1 st
%Cpu(s):  4.5 us,  2.9 sy,  0.0 ni, 91.8 id,  0.0 wa,  0.0 hi,  0.6 si,  0.1 st
%Cpu(s):  4.3 us,  3.5 sy,  0.0 ni, 91.7 id,  0.0 wa,  0.0 hi,  0.5 si,  0.0 st
%Cpu(s):  5.6 us,  2.5 sy,  0.0 ni, 91.0 id,  0.0 wa,  0.0 hi,  0.8 si,  0.1 st
%Cpu(s):  4.9 us,  3.0 sy,  0.0 ni, 91.2 id,  0.0 wa,  0.0 hi,  0.9 si,  0.0 st
%Cpu(s):  4.9 us,  2.8 sy,  0.0 ni, 91.8 id,  0.0 wa,  0.0 hi,  0.5 si,  0.0 st
%Cpu(s):  5.2 us,  2.9 sy,  0.0 ni, 91.3 id,  0.0 wa,  0.0 hi,  0.5 si,  0.1 st
%Cpu(s):  1.7 us,  1.7 sy,  0.0 ni, 96.3 id,  0.0 wa,  0.0 hi,  0.2 si,  0.0 st
%Cpu(s):  7.6 us,  2.0 sy,  0.0 ni, 90.3 id,  0.0 wa,  0.0 hi,  0.0 si,  0.1 st
%Cpu(s):  1.9 us,  1.9 sy,  0.0 ni, 96.3 id,  0.0 wa,  0.0 hi,  0.0 si,  0.0 st
%Cpu(s):  1.5 us,  1.5 sy,  0.0 ni, 96.9 id,  0.1 wa,  0.0 hi,  0.0 si,  0.0 st
%Cpu(s):  1.1 us,  1.1 sy,  0.0 ni, 97.6 id,  0.0 wa,  0.0 hi,  0.1 si,  0.0 st
%Cpu(s):  1.4 us,  1.1 sy,  0.0 ni, 97.4 id,  0.0 wa,  0.0 hi,  0.0 si,  0.1 st
%Cpu(s):  8.5 us,  1.9 sy,  0.0 ni, 89.5 id,  0.0 wa,  0.0 hi,  0.0 si,  0.1 st
%Cpu(s):  1.3 us,  1.3 sy,  0.0 ni, 97.5 id,  0.0 wa,  0.0 hi,  0.0 si,  0.0 st
%Cpu(s):  2.5 us,  1.7 sy,  0.0 ni, 95.8 id,  0.0 wa,  0.0 hi,  0.0 si,  0.0 st
%Cpu(s):  2.0 us,  2.1 sy,  0.0 ni, 95.8 id,  0.0 wa,  0.0 hi,  0.0 si,  0.1 st
%Cpu(s):  1.2 us,  1.6 sy,  0.0 ni, 97.1 id,  0.0 wa,  0.0 hi,  0.0 si,  0.0 st
%Cpu(s):  1.5 us,  1.4 sy,  0.0 ni, 97.0 id,  0.0 wa,  0.0 hi,  0.1 si,  0.0 st
%Cpu(s):  1.4 us,  0.8 sy,  0.0 ni, 97.7 id,  0.0 wa,  0.0 hi,  0.0 si,  0.1 st
%Cpu(s):  1.4 us,  1.1 sy,  0.0 ni, 97.5 id,  0.0 wa,  0.0 hi,  0.0 si,  0.0 st
%Cpu(s):  1.2 us,  1.2 sy,  0.0 ni, 97.4 id,  0.0 wa,  0.0 hi,  0.0 si,  0.1 st
%Cpu(s):  1.5 us,  1.0 sy,  0.0 ni, 97.4 id,  0.0 wa,  0.0 hi,  0.0 si,  0.1 st
%Cpu(s):  1.6 us,  1.7 sy,  0.0 ni, 96.5 id,  0.0 wa,  0.0 hi,  0.0 si,  0.1 st
%Cpu(s):  2.1 us,  2.0 sy,  0.0 ni, 95.9 id,  0.0 wa,  0.0 hi,  0.0 si,  0.0 st
