%Cpu(s):  1.2 us,  0.1 sy,  0.0 ni, 98.6 id,  0.0 wa,  0.0 hi,  0.0 si,  0.0 st
%Cpu(s): 53.6 us,  2.1 sy,  0.0 ni, 44.3 id,  0.0 wa,  0.0 hi,  0.0 si,  0.0 st
%Cpu(s):  4.3 us,  0.6 sy,  0.0 ni, 95.1 id,  0.0 wa,  0.0 hi,  0.0 si,  0.0 st
%Cpu(s):  3.1 us,  1.3 sy,  0.0 ni, 95.5 id,  0.0 wa,  0.0 hi,  0.1 si,  0.0 st
%Cpu(s):  3.1 us,  1.3 sy,  0.0 ni, 95.6 id,  0.0 wa,  0.0 hi,  0.0 si,  0.0 st
%Cpu(s): 13.0 us,  1.9 sy,  0.0 ni, 84.8 id,  0.1 wa,  0.0 hi,  0.0 si,  0.1 st
%Cpu(s): 61.0 us,  3.1 sy,  0.0 ni, 35.3 id,  0.0 wa,  0.0 hi,  0.6 si,  0.0 st
%Cpu(s): 48.6 us,  2.9 sy,  0.0 ni, 48.2 id,  0.0 wa,  0.0 hi,  0.4 si,  0.0 st
%Cpu(s): 68.7 us,  6.1 sy,  0.0 ni, 24.3 id,  0.0 wa,  0.0 hi,  0.9 si,  0.0 st
%Cpu(s): 72.6 us,  4.7 sy,  0.0 ni, 21.4 id,  0.0 wa,  0.0 hi,  1.2 si,  0.0 st
%Cpu(s): 82.1 us,  5.2 sy,  0.0 ni, 11.6 id,  0.0 wa,  0.0 hi,  1.0 si,  0.0 st
%Cpu(s): 84.5 us,  5.0 sy,  0.0 ni,  9.7 id,  0.0 wa,  0.0 hi,  0.9 si,  0.0 st
%Cpu(s): 92.1 us,  4.1 sy,  0.0 ni,  2.9 id,  0.0 wa,  0.0 hi,  0.9 si,  0.0 st
%Cpu(s): 66.4 us,  4.4 sy,  0.0 ni, 28.6 id,  0.0 wa,  0.0 hi,  0.6 si,  0.0 st
%Cpu(s): 42.6 us,  4.1 sy,  0.0 ni, 52.8 id,  0.0 wa,  0.0 hi,  0.4 si,  0.1 st
%Cpu(s): 80.2 us,  4.2 sy,  0.0 ni, 14.4 id,  0.0 wa,  0.0 hi,  1.0 si,  0.1 st
%Cpu(s): 44.4 us,  3.6 sy,  0.0 ni, 51.1 id,  0.0 wa,  0.0 hi,  0.9 si,  0.0 st
%Cpu(s): 49.1 us,  3.8 sy,  0.0 ni, 46.0 id,  0.0 wa,  0.0 hi,  1.1 si,  0.0 st
%Cpu(s): 21.2 us,  3.9 sy,  0.0 ni, 73.9 id,  0.0 wa,  0.0 hi,  0.9 si,  0.1 st
%Cpu(s): 14.4 us,  2.9 sy,  0.0 ni, 81.6 id,  0.0 wa,  0.0 hi,  1.0 si,  0.0 st
%Cpu(s): 20.3 us,  4.1 sy,  0.0 ni, 74.7 id,  0.0 wa,  0.0 hi,  0.9 si,  0.1 st
%Cpu(s): 10.0 us,  2.9 sy,  0.0 ni, 86.4 id,  0.0 wa,  0.0 hi,  0.6 si,  0.0 st
%Cpu(s):  9.6 us,  3.3 sy,  0.0 ni, 86.0 id,  0.0 wa,  0.0 hi,  1.1 si,  0.0 st
%Cpu(s): 21.6 us,  3.2 sy,  0.0 ni, 74.7 id,  0.0 wa,  0.0 hi,  0.6 si,  0.0 st
%Cpu(s): 74.8 us,  4.5 sy,  0.0 ni, 19.6 id,  0.0 wa,  0.0 hi,  1.1 si,  0.0 st
%Cpu(s): 76.3 us,  2.9 sy,  0.0 ni, 20.1 id,  0.1 wa,  0.0 hi,  0.6 si,  0.0 st
%Cpu(s): 63.8 us,  4.1 sy,  0.0 ni, 31.0 id,  0.0 wa,  0.0 hi,  1.1 si,  0.0 st
%Cpu(s): 20.0 us,  3.0 sy,  0.0 ni, 76.3 id,  0.0 wa,  0.0 hi,  0.5 si,  0.1 st
%Cpu(s): 65.9 us,  3.5 sy,  0.0 ni, 29.8 id,  0.0 wa,  0.0 hi,  0.8 si,  0.0 st
%Cpu(s): 33.5 us,  4.0 sy,  0.0 ni, 61.5 id,  0.0 wa,  0.0 hi,  0.9 si,  0.0 st
%Cpu(s): 23.8 us,  3.8 sy,  0.0 ni, 71.8 id,  0.0 wa,  0.0 hi,  0.6 si,  0.0 st
%Cpu(s): 23.1 us,  3.3 sy,  0.0 ni, 72.7 id,  0.0 wa,  0.0 hi,  0.8 si,  0.1 st
%Cpu(s): 25.3 us,  4.1 sy,  0.0 ni, 70.1 id,  0.0 wa,  0.0 hi,  0.5 si,  0.0 st
%Cpu(s): 49.1 us,  2.9 sy,  0.0 ni, 46.8 id,  0.0 wa,  0.0 hi,  1.1 si,  0.1 st
%Cpu(s): 29.9 us,  2.2 sy,  0.0 ni, 66.9 id,  0.0 wa,  0.0 hi,  1.0 si,  0.0 st
%Cpu(s):  6.6 us,  3.6 sy,  0.0 ni, 89.1 id,  0.0 wa,  0.0 hi,  0.8 si,  0.0 st
%Cpu(s):  7.4 us,  3.8 sy,  0.0 ni, 87.8 id,  0.0 wa,  0.0 hi,  0.8 si,  0.3 st
%Cpu(s):  8.8 us,  3.9 sy,  0.0 ni, 86.8 id,  0.0 wa,  0.0 hi,  0.4 si,  0.1 st
%Cpu(s): 14.9 us,  4.1 sy,  0.0 ni, 80.2 id,  0.0 wa,  0.0 hi,  0.7 si,  0.0 st
%Cpu(s): 31.1 us,  3.5 sy,  0.0 ni, 64.6 id,  0.0 wa,  0.0 hi,  0.8 si,  0.0 st
%Cpu(s): 17.0 us,  3.7 sy,  0.0 ni, 79.2 id,  0.0 wa,  0.0 hi,  0.1 si,  0.0 st
%Cpu(s): 11.5 us,  3.1 sy,  0.0 ni, 84.6 id,  0.0 wa,  0.0 hi,  0.6 si,  0.1 st
%Cpu(s):  7.8 us,  3.0 sy,  0.0 ni, 87.6 id,  0.0 wa,  0.0 hi,  1.5 si,  0.0 st
%Cpu(s): 14.4 us,  3.4 sy,  0.0 ni, 81.7 id,  0.0 wa,  0.0 hi,  0.5 si,  0.0 st
%Cpu(s):  7.8 us,  3.0 sy,  0.0 ni, 88.4 id,  0.0 wa,  0.0 hi,  0.8 si,  0.1 st
%Cpu(s):  9.9 us,  3.8 sy,  0.0 ni, 85.4 id,  0.0 wa,  0.0 hi,  0.9 si,  0.0 st
%Cpu(s):  8.5 us,  3.2 sy,  0.0 ni, 87.5 id,  0.0 wa,  0.0 hi,  0.9 si,  0.0 st
%Cpu(s): 23.6 us,  3.8 sy,  0.0 ni, 72.0 id,  0.0 wa,  0.0 hi,  0.6 si,  0.0 st
%Cpu(s): 10.6 us,  3.4 sy,  0.0 ni, 84.7 id,  0.0 wa,  0.0 hi,  1.4 si,  0.0 st
%Cpu(s): 10.0 us,  3.3 sy,  0.0 ni, 85.7 id,  0.0 wa,  0.0 hi,  1.0 si,  0.0 st
%Cpu(s): 11.8 us,  3.5 sy,  0.0 ni, 83.8 id,  0.1 wa,  0.0 hi,  0.8 si,  0.0 st
%Cpu(s):  7.7 us,  4.6 sy,  0.0 ni, 86.7 id,  0.0 wa,  0.0 hi,  0.9 si,  0.1 st
%Cpu(s):  7.6 us,  3.7 sy,  0.0 ni, 88.0 id,  0.0 wa,  0.0 hi,  0.6 si,  0.1 st
%Cpu(s):  7.3 us,  4.3 sy,  0.0 ni, 87.8 id,  0.0 wa,  0.0 hi,  0.6 si,  0.0 st
%Cpu(s):  7.2 us,  3.4 sy,  0.0 ni, 88.9 id,  0.0 wa,  0.0 hi,  0.4 si,  0.0 st
%Cpu(s):  5.9 us,  3.7 sy,  0.0 ni, 89.3 id,  0.0 wa,  0.0 hi,  1.1 si,  0.0 st
%Cpu(s):  6.6 us,  3.3 sy,  0.0 ni, 89.5 id,  0.0 wa,  0.0 hi,  0.6 si,  0.0 st
%Cpu(s):  6.9 us,  3.4 sy,  0.0 ni, 88.4 id,  0.0 wa,  0.0 hi,  1.1 si,  0.1 st
%Cpu(s):  6.8 us,  3.8 sy,  0.0 ni, 88.7 id,  0.0 wa,  0.0 hi,  0.8 si,  0.0 st
%Cpu(s):  8.2 us,  3.4 sy,  0.0 ni, 87.5 id,  0.0 wa,  0.0 hi,  0.8 si,  0.1 st
%Cpu(s): 26.5 us,  3.5 sy,  0.0 ni, 69.2 id,  0.1 wa,  0.0 hi,  0.6 si,  0.0 st
%Cpu(s): 13.6 us,  1.2 sy,  0.0 ni, 85.0 id,  0.0 wa,  0.0 hi,  0.1 si,  0.0 st
%Cpu(s):  1.1 us,  0.6 sy,  0.0 ni, 98.2 id,  0.0 wa,  0.0 hi,  0.0 si,  0.0 st
%Cpu(s):  2.0 us,  1.0 sy,  0.0 ni, 97.0 id,  0.0 wa,  0.0 hi,  0.0 si,  0.0 st
%Cpu(s):  1.5 us,  1.0 sy,  0.0 ni, 97.5 id,  0.0 wa,  0.0 hi,  0.0 si,  0.0 st
%Cpu(s):  1.3 us,  1.4 sy,  0.0 ni, 97.2 id,  0.0 wa,  0.0 hi,  0.0 si,  0.1 st
%Cpu(s):  1.9 us,  0.9 sy,  0.0 ni, 97.2 id,  0.0 wa,  0.0 hi,  0.0 si,  0.0 st
%Cpu(s):  2.6 us,  0.8 sy,  0.0 ni, 96.6 id,  0.0 wa,  0.0 hi,  0.0 si,  0.0 st
%Cpu(s):  2.6 us,  1.0 sy,  0.0 ni, 96.4 id,  0.0 wa,  0.0 hi,  0.0 si,  0.0 st
%Cpu(s):  2.6 us,  0.8 sy,  0.0 ni, 96.6 id,  0.0 wa,  0.0 hi,  0.0 si,  0.0 st
%Cpu(s):  2.9 us,  0.9 sy,  0.0 ni, 96.2 id,  0.0 wa,  0.0 hi,  0.0 si,  0.0 st
%Cpu(s):  1.9 us,  0.7 sy,  0.0 ni, 97.3 id,  0.0 wa,  0.0 hi,  0.0 si,  0.1 st
%Cpu(s):  1.8 us,  0.9 sy,  0.0 ni, 97.3 id,  0.0 wa,  0.0 hi,  0.0 si,  0.0 st
%Cpu(s):  2.1 us,  1.0 sy,  0.0 ni, 96.8 id,  0.0 wa,  0.0 hi,  0.0 si,  0.0 st
%Cpu(s):  1.9 us,  1.3 sy,  0.0 ni, 96.7 id,  0.0 wa,  0.0 hi,  0.1 si,  0.0 st
%Cpu(s):  1.8 us,  1.0 sy,  0.0 ni, 97.2 id,  0.0 wa,  0.0 hi,  0.0 si,  0.0 st
%Cpu(s):  0.5 us,  0.6 sy,  0.0 ni, 98.7 id,  0.0 wa,  0.0 hi,  0.0 si,  0.1 st
%Cpu(s):  1.6 us,  1.1 sy,  0.0 ni, 97.3 id,  0.0 wa,  0.0 hi,  0.0 si,  0.0 st
%Cpu(s):  1.5 us,  0.8 sy,  0.0 ni, 97.7 id,  0.0 wa,  0.0 hi,  0.0 si,  0.0 st
