%Cpu(s):  0.6 us,  0.3 sy,  0.0 ni, 99.1 id,  0.0 wa,  0.0 hi,  0.0 si,  0.0 st
%Cpu(s):  1.9 us,  0.4 sy,  0.0 ni, 97.6 id,  0.0 wa,  0.0 hi,  0.0 si,  0.1 st
%Cpu(s): 14.6 us,  1.1 sy,  0.0 ni, 84.2 id,  0.0 wa,  0.0 hi,  0.1 si,  0.1 st
%Cpu(s): 14.6 us,  0.6 sy,  0.0 ni, 84.7 id,  0.0 wa,  0.0 hi,  0.0 si,  0.1 st
%Cpu(s): 23.5 us,  1.0 sy,  0.0 ni, 75.5 id,  0.0 wa,  0.0 hi,  0.0 si,  0.1 st
%Cpu(s): 14.3 us,  0.9 sy,  0.0 ni, 84.7 id,  0.0 wa,  0.0 hi,  0.0 si,  0.1 st
%Cpu(s): 10.0 us,  0.8 sy,  0.0 ni, 89.2 id,  0.0 wa,  0.0 hi,  0.0 si,  0.1 st
%Cpu(s): 29.0 us,  2.1 sy,  0.0 ni, 68.6 id,  0.0 wa,  0.0 hi,  0.3 si,  0.1 st
%Cpu(s):  6.8 us,  1.1 sy,  0.0 ni, 92.0 id,  0.1 wa,  0.0 hi,  0.1 si,  0.0 st
%Cpu(s):  9.4 us,  1.1 sy,  0.0 ni, 89.5 id,  0.0 wa,  0.0 hi,  0.1 si,  0.1 st
%Cpu(s):  6.8 us,  2.2 sy,  0.0 ni, 91.0 id,  0.0 wa,  0.0 hi,  0.0 si,  0.0 st
%Cpu(s):  1.8 us,  1.6 sy,  0.0 ni, 96.5 id,  0.0 wa,  0.0 hi,  0.1 si,  0.1 st
%Cpu(s):  6.1 us,  1.8 sy,  0.0 ni, 92.0 id,  0.0 wa,  0.0 hi,  0.0 si,  0.1 st
%Cpu(s):  7.0 us,  2.8 sy,  0.0 ni, 90.1 id,  0.0 wa,  0.0 hi,  0.0 si,  0.1 st
%Cpu(s): 13.1 us,  3.4 sy,  0.0 ni, 83.2 id,  0.0 wa,  0.0 hi,  0.3 si,  0.1 st
%Cpu(s): 57.5 us, 10.6 sy,  0.0 ni, 29.9 id,  0.0 wa,  0.0 hi,  2.0 si,  0.1 st
%Cpu(s): 54.3 us, 11.1 sy,  0.0 ni, 31.8 id,  0.0 wa,  0.0 hi,  2.8 si,  0.0 st
%Cpu(s): 22.3 us,  9.2 sy,  0.0 ni, 66.8 id,  0.0 wa,  0.0 hi,  1.6 si,  0.1 st
%Cpu(s): 22.4 us, 10.1 sy,  0.0 ni, 66.8 id,  0.0 wa,  0.0 hi,  0.6 si,  0.0 st
%Cpu(s): 20.5 us, 10.1 sy,  0.0 ni, 68.4 id,  0.0 wa,  0.0 hi,  1.0 si,  0.0 st
%Cpu(s): 21.2 us, 10.4 sy,  0.0 ni, 67.7 id,  0.0 wa,  0.0 hi,  0.8 si,  0.0 st
%Cpu(s): 21.1 us,  9.3 sy,  0.0 ni, 68.3 id,  0.0 wa,  0.0 hi,  1.3 si,  0.0 st
%Cpu(s): 20.7 us,  9.5 sy,  0.0 ni, 67.8 id,  0.0 wa,  0.0 hi,  1.9 si,  0.1 st
%Cpu(s): 20.3 us,  9.9 sy,  0.0 ni, 68.8 id,  0.0 wa,  0.0 hi,  1.0 si,  0.0 st
%Cpu(s): 21.3 us,  9.7 sy,  0.0 ni, 67.7 id,  0.0 wa,  0.0 hi,  1.3 si,  0.0 st
%Cpu(s): 20.5 us, 10.0 sy,  0.0 ni, 68.0 id,  0.0 wa,  0.0 hi,  1.5 si,  0.0 st
%Cpu(s): 19.1 us,  9.6 sy,  0.0 ni, 70.0 id,  0.0 wa,  0.0 hi,  1.2 si,  0.1 st
%Cpu(s): 22.8 us,  9.2 sy,  0.0 ni, 67.4 id,  0.0 wa,  0.0 hi,  0.7 si,  0.0 st
%Cpu(s): 20.3 us,  9.9 sy,  0.0 ni, 69.0 id,  0.0 wa,  0.0 hi,  0.8 si,  0.0 st
%Cpu(s): 20.4 us,  9.9 sy,  0.0 ni, 68.6 id,  0.0 wa,  0.0 hi,  1.1 si,  0.0 st
%Cpu(s): 20.2 us,  9.6 sy,  0.0 ni, 68.9 id,  0.0 wa,  0.0 hi,  1.3 si,  0.0 st
%Cpu(s): 19.0 us,  9.4 sy,  0.0 ni, 70.3 id,  0.0 wa,  0.0 hi,  1.3 si,  0.0 st
%Cpu(s): 21.3 us,  9.7 sy,  0.0 ni, 68.0 id,  0.0 wa,  0.0 hi,  1.0 si,  0.1 st
%Cpu(s): 18.6 us,  9.9 sy,  0.0 ni, 70.5 id,  0.0 wa,  0.0 hi,  1.0 si,  0.1 st
%Cpu(s): 20.3 us, 10.3 sy,  0.0 ni, 68.5 id,  0.0 wa,  0.0 hi,  0.9 si,  0.0 st
%Cpu(s): 19.6 us, 10.2 sy,  0.0 ni, 69.0 id,  0.0 wa,  0.0 hi,  1.2 si,  0.0 st
%Cpu(s): 22.0 us, 10.0 sy,  0.0 ni, 67.1 id,  0.0 wa,  0.0 hi,  1.0 si,  0.0 st
%Cpu(s): 34.8 us,  9.5 sy,  0.0 ni, 54.3 id,  0.0 wa,  0.0 hi,  1.5 si,  0.1 st
%Cpu(s): 20.4 us, 10.5 sy,  0.0 ni, 68.0 id,  0.0 wa,  0.0 hi,  1.1 si,  0.0 st
%Cpu(s): 20.3 us, 10.1 sy,  0.0 ni, 68.9 id,  0.0 wa,  0.0 hi,  0.7 si,  0.0 st
%Cpu(s): 18.6 us, 10.9 sy,  0.0 ni, 69.4 id,  0.0 wa,  0.0 hi,  1.1 si,  0.0 st
%Cpu(s): 21.7 us,  9.2 sy,  0.0 ni, 68.6 id,  0.0 wa,  0.0 hi,  0.6 si,  0.0 st
%Cpu(s): 21.8 us, 10.2 sy,  0.0 ni, 67.2 id,  0.0 wa,  0.0 hi,  0.8 si,  0.0 st
%Cpu(s): 19.6 us, 10.6 sy,  0.0 ni, 68.6 id,  0.0 wa,  0.0 hi,  1.2 si,  0.0 st
%Cpu(s): 21.0 us, 10.3 sy,  0.0 ni, 67.9 id,  0.0 wa,  0.0 hi,  0.8 si,  0.0 st
%Cpu(s): 19.7 us, 10.4 sy,  0.0 ni, 69.1 id,  0.0 wa,  0.0 hi,  0.8 si,  0.0 st
%Cpu(s): 20.6 us,  9.6 sy,  0.0 ni, 69.1 id,  0.0 wa,  0.0 hi,  0.7 si,  0.0 st
%Cpu(s): 20.6 us,  9.5 sy,  0.0 ni, 69.2 id,  0.0 wa,  0.0 hi,  0.7 si,  0.0 st
%Cpu(s): 25.3 us,  9.0 sy,  0.0 ni, 64.4 id,  0.0 wa,  0.0 hi,  1.3 si,  0.0 st
%Cpu(s): 20.3 us, 10.4 sy,  0.0 ni, 68.2 id,  0.0 wa,  0.0 hi,  1.1 si,  0.0 st
%Cpu(s): 18.5 us, 10.4 sy,  0.0 ni, 70.3 id,  0.0 wa,  0.0 hi,  0.7 si,  0.1 st
%Cpu(s): 19.3 us, 10.7 sy,  0.0 ni, 69.3 id,  0.0 wa,  0.0 hi,  0.7 si,  0.0 st
%Cpu(s): 17.4 us, 10.4 sy,  0.0 ni, 71.4 id,  0.0 wa,  0.0 hi,  0.8 si,  0.0 st
%Cpu(s): 19.8 us, 10.7 sy,  0.0 ni, 68.8 id,  0.0 wa,  0.0 hi,  0.7 si,  0.0 st
%Cpu(s): 19.2 us, 10.2 sy,  0.0 ni, 69.7 id,  0.0 wa,  0.0 hi,  0.9 si,  0.0 st
%Cpu(s): 18.8 us,  9.8 sy,  0.0 ni, 70.5 id,  0.0 wa,  0.0 hi,  0.9 si,  0.0 st
%Cpu(s): 18.8 us,  8.7 sy,  0.0 ni, 70.9 id,  0.0 wa,  0.0 hi,  1.6 si,  0.1 st
%Cpu(s): 18.6 us,  9.4 sy,  0.0 ni, 70.8 id,  0.0 wa,  0.0 hi,  1.2 si,  0.0 st
%Cpu(s): 19.2 us, 10.5 sy,  0.0 ni, 69.2 id,  0.0 wa,  0.0 hi,  1.0 si,  0.1 st
%Cpu(s): 19.0 us,  9.7 sy,  0.0 ni, 70.1 id,  0.0 wa,  0.0 hi,  1.2 si,  0.0 st
%Cpu(s): 19.7 us, 10.7 sy,  0.0 ni, 68.5 id,  0.0 wa,  0.0 hi,  1.2 si,  0.0 st
%Cpu(s): 20.4 us, 10.3 sy,  0.0 ni, 68.3 id,  0.0 wa,  0.0 hi,  1.0 si,  0.0 st
%Cpu(s): 20.2 us, 10.7 sy,  0.0 ni, 68.1 id,  0.0 wa,  0.0 hi,  1.1 si,  0.0 st
%Cpu(s): 19.3 us,  9.6 sy,  0.0 ni, 69.9 id,  0.0 wa,  0.0 hi,  1.2 si,  0.1 st
%Cpu(s): 21.6 us,  9.6 sy,  0.0 ni, 67.7 id,  0.0 wa,  0.0 hi,  1.1 si,  0.0 st
%Cpu(s): 24.8 us, 10.3 sy,  0.0 ni, 64.0 id,  0.0 wa,  0.0 hi,  0.9 si,  0.0 st
%Cpu(s): 22.8 us, 10.0 sy,  0.0 ni, 66.4 id,  0.0 wa,  0.0 hi,  0.8 si,  0.0 st
%Cpu(s): 29.6 us,  8.9 sy,  0.0 ni, 60.1 id,  0.1 wa,  0.0 hi,  1.4 si,  0.0 st
%Cpu(s): 18.8 us, 10.0 sy,  0.0 ni, 70.4 id,  0.0 wa,  0.0 hi,  0.8 si,  0.0 st
%Cpu(s): 19.8 us, 10.2 sy,  0.0 ni, 69.0 id,  0.0 wa,  0.0 hi,  1.0 si,  0.0 st
%Cpu(s): 15.1 us,  8.9 sy,  0.0 ni, 75.0 id,  0.0 wa,  0.0 hi,  0.9 si,  0.1 st
%Cpu(s):  3.9 us,  4.3 sy,  0.0 ni, 91.7 id,  0.0 wa,  0.0 hi,  0.1 si,  0.1 st
%Cpu(s):  2.9 us,  3.5 sy,  0.0 ni, 93.5 id,  0.0 wa,  0.0 hi,  0.1 si,  0.0 st
%Cpu(s):  3.0 us,  3.4 sy,  0.0 ni, 93.6 id,  0.0 wa,  0.0 hi,  0.0 si,  0.0 st
%Cpu(s):  2.8 us,  3.2 sy,  0.0 ni, 94.1 id,  0.0 wa,  0.0 hi,  0.0 si,  0.0 st
%Cpu(s):  3.4 us,  3.1 sy,  0.0 ni, 93.5 id,  0.0 wa,  0.0 hi,  0.0 si,  0.0 st
