%Cpu(s):  2.1 us,  0.5 sy,  0.0 ni, 97.3 id,  0.0 wa,  0.0 hi,  0.0 si,  0.1 st
%Cpu(s): 16.4 us,  0.7 sy,  0.0 ni, 82.8 id,  0.0 wa,  0.0 hi,  0.0 si,  0.1 st
%Cpu(s):  0.4 us,  0.1 sy,  0.0 ni, 99.5 id,  0.0 wa,  0.0 hi,  0.0 si,  0.0 st
%Cpu(s):  0.1 us,  0.1 sy,  0.0 ni, 99.8 id,  0.0 wa,  0.0 hi,  0.0 si,  0.0 st
%Cpu(s): 49.1 us,  5.4 sy,  0.0 ni, 45.3 id,  0.1 wa,  0.0 hi,  0.1 si,  0.0 st
%Cpu(s): 75.5 us,  2.6 sy,  0.0 ni, 21.6 id,  0.0 wa,  0.0 hi,  0.0 si,  0.3 st
%Cpu(s): 83.5 us,  1.9 sy,  0.0 ni, 14.6 id,  0.0 wa,  0.0 hi,  0.0 si,  0.0 st
%Cpu(s): 96.1 us,  1.8 sy,  0.0 ni,  2.1 id,  0.0 wa,  0.0 hi,  0.0 si,  0.0 st
%Cpu(s): 94.2 us,  3.1 sy,  0.0 ni,  2.6 id,  0.0 wa,  0.0 hi,  0.0 si,  0.0 st
%Cpu(s): 45.5 us,  2.2 sy,  0.0 ni, 51.9 id,  0.1 wa,  0.0 hi,  0.2 si,  0.0 st
%Cpu(s):  8.4 us,  1.5 sy,  0.0 ni, 89.9 id,  0.0 wa,  0.0 hi,  0.0 si,  0.3 st
%Cpu(s):  5.8 us,  1.9 sy,  0.0 ni, 92.1 id,  0.0 wa,  0.0 hi,  0.0 si,  0.3 st
%Cpu(s):  6.7 us,  2.9 sy,  0.0 ni, 90.2 id,  0.0 wa,  0.0 hi,  0.0 si,  0.2 st
%Cpu(s):  4.4 us,  2.1 sy,  0.0 ni, 93.2 id,  0.0 wa,  0.0 hi,  0.0 si,  0.3 st
%Cpu(s):  5.2 us,  2.3 sy,  0.0 ni, 92.6 id,  0.0 wa,  0.0 hi,  0.0 si,  0.0 st
%Cpu(s):  3.0 us,  2.4 sy,  0.0 ni, 94.2 id,  0.0 wa,  0.0 hi,  0.0 si,  0.4 st
%Cpu(s):  4.0 us,  1.4 sy,  0.0 ni, 94.5 id,  0.0 wa,  0.0 hi,  0.0 si,  0.1 st
%Cpu(s):  2.1 us,  2.1 sy,  0.0 ni, 95.5 id,  0.0 wa,  0.0 hi,  0.0 si,  0.3 st
%Cpu(s):  2.9 us,  2.2 sy,  0.0 ni, 94.6 id,  0.0 wa,  0.0 hi,  0.0 si,  0.2 st
%Cpu(s): 17.4 us,  1.9 sy,  0.0 ni, 80.3 id,  0.0 wa,  0.0 hi,  0.1 si,  0.3 st
%Cpu(s): 41.6 us,  3.5 sy,  0.0 ni, 54.6 id,  0.0 wa,  0.0 hi,  0.1 si,  0.1 st
%Cpu(s): 55.2 us,  3.7 sy,  0.0 ni, 40.3 id,  0.0 wa,  0.0 hi,  0.9 si,  0.0 st
%Cpu(s): 48.8 us,  3.7 sy,  0.0 ni, 46.7 id,  0.0 wa,  0.0 hi,  0.9 si,  0.0 st
%Cpu(s): 22.3 us,  4.6 sy,  0.0 ni, 72.4 id,  0.0 wa,  0.0 hi,  0.6 si,  0.1 st
%Cpu(s): 25.5 us,  4.4 sy,  0.0 ni, 69.4 id,  0.1 wa,  0.0 hi,  0.5 si,  0.0 st
%Cpu(s): 31.3 us,  3.9 sy,  0.0 ni, 64.3 id,  0.0 wa,  0.0 hi,  0.4 si,  0.1 st
%Cpu(s): 10.4 us,  4.4 sy,  0.0 ni, 84.6 id,  0.0 wa,  0.0 hi,  0.4 si,  0.1 st
%Cpu(s):  7.5 us,  3.7 sy,  0.0 ni, 88.0 id,  0.0 wa,  0.0 hi,  0.8 si,  0.0 st
%Cpu(s):  7.7 us,  4.8 sy,  0.0 ni, 86.8 id,  0.0 wa,  0.0 hi,  0.6 si,  0.0 st
%Cpu(s):  6.3 us,  4.1 sy,  0.0 ni, 89.3 id,  0.0 wa,  0.0 hi,  0.4 si,  0.0 st
%Cpu(s):  8.8 us,  5.2 sy,  0.0 ni, 85.6 id,  0.0 wa,  0.0 hi,  0.2 si,  0.1 st
%Cpu(s): 15.0 us,  4.1 sy,  0.0 ni, 80.0 id,  0.0 wa,  0.0 hi,  0.8 si,  0.1 st
%Cpu(s): 19.8 us,  4.6 sy,  0.0 ni, 74.7 id,  0.0 wa,  0.0 hi,  0.9 si,  0.0 st
%Cpu(s): 13.3 us,  3.2 sy,  0.0 ni, 82.7 id,  0.0 wa,  0.0 hi,  0.8 si,  0.0 st
%Cpu(s): 13.4 us,  3.1 sy,  0.0 ni, 82.6 id,  0.0 wa,  0.0 hi,  1.0 si,  0.0 st
%Cpu(s): 13.9 us,  3.0 sy,  0.0 ni, 82.3 id,  0.0 wa,  0.0 hi,  0.6 si,  0.1 st
%Cpu(s):  9.7 us,  4.5 sy,  0.0 ni, 84.9 id,  0.0 wa,  0.0 hi,  0.8 si,  0.1 st
%Cpu(s):  8.5 us,  3.5 sy,  0.0 ni, 87.6 id,  0.0 wa,  0.0 hi,  0.5 si,  0.0 st
%Cpu(s): 13.1 us,  4.3 sy,  0.0 ni, 81.9 id,  0.0 wa,  0.0 hi,  0.8 si,  0.0 st
%Cpu(s): 15.3 us,  3.4 sy,  0.0 ni, 80.5 id,  0.0 wa,  0.0 hi,  0.6 si,  0.1 st
%Cpu(s):  5.1 us,  4.0 sy,  0.0 ni, 89.6 id,  0.1 wa,  0.0 hi,  1.2 si,  0.0 st
%Cpu(s):  4.5 us,  3.3 sy,  0.0 ni, 91.3 id,  0.0 wa,  0.0 hi,  0.9 si,  0.0 st
%Cpu(s):  9.0 us,  4.2 sy,  0.0 ni, 85.9 id,  0.0 wa,  0.0 hi,  0.8 si,  0.1 st
%Cpu(s):  6.2 us,  4.2 sy,  0.0 ni, 89.1 id,  0.0 wa,  0.0 hi,  0.5 si,  0.0 st
%Cpu(s):  6.2 us,  3.6 sy,  0.0 ni, 89.4 id,  0.0 wa,  0.0 hi,  0.8 si,  0.0 st
%Cpu(s):  5.5 us,  4.4 sy,  0.0 ni, 89.2 id,  0.0 wa,  0.0 hi,  0.8 si,  0.1 st
%Cpu(s):  5.4 us,  4.3 sy,  0.0 ni, 89.9 id,  0.0 wa,  0.0 hi,  0.4 si,  0.0 st
%Cpu(s):  8.1 us,  5.8 sy,  0.0 ni, 85.2 id,  0.0 wa,  0.0 hi,  1.0 si,  0.0 st
%Cpu(s):  5.9 us,  4.7 sy,  0.0 ni, 88.5 id,  0.0 wa,  0.0 hi,  0.8 si,  0.1 st
%Cpu(s):  9.7 us,  4.1 sy,  0.0 ni, 85.6 id,  0.0 wa,  0.0 hi,  0.6 si,  0.0 st
%Cpu(s):  8.8 us,  3.6 sy,  0.0 ni, 86.8 id,  0.0 wa,  0.0 hi,  0.6 si,  0.1 st
%Cpu(s):  6.2 us,  4.3 sy,  0.0 ni, 88.4 id,  0.0 wa,  0.0 hi,  1.1 si,  0.0 st
%Cpu(s):  8.6 us,  4.6 sy,  0.0 ni, 86.1 id,  0.0 wa,  0.0 hi,  0.5 si,  0.1 st
%Cpu(s):  7.9 us,  4.9 sy,  0.0 ni, 86.4 id,  0.0 wa,  0.0 hi,  0.9 si,  0.0 st
%Cpu(s):  9.2 us,  3.8 sy,  0.0 ni, 86.3 id,  0.0 wa,  0.0 hi,  0.8 si,  0.0 st
%Cpu(s):  5.8 us,  3.8 sy,  0.0 ni, 89.8 id,  0.0 wa,  0.0 hi,  0.5 si,  0.1 st
%Cpu(s):  5.4 us,  3.9 sy,  0.0 ni, 89.7 id,  0.0 wa,  0.0 hi,  1.0 si,  0.0 st
%Cpu(s):  6.3 us,  4.1 sy,  0.0 ni, 88.8 id,  0.0 wa,  0.0 hi,  0.6 si,  0.1 st
%Cpu(s):  7.4 us,  3.6 sy,  0.0 ni, 88.2 id,  0.0 wa,  0.0 hi,  0.8 si,  0.0 st
%Cpu(s): 10.3 us,  3.7 sy,  0.0 ni, 85.1 id,  0.0 wa,  0.0 hi,  0.9 si,  0.0 st
%Cpu(s):  4.5 us,  4.0 sy,  0.0 ni, 91.0 id,  0.0 wa,  0.0 hi,  0.5 si,  0.0 st
%Cpu(s):  2.9 us,  2.5 sy,  0.0 ni, 93.8 id,  0.0 wa,  0.0 hi,  0.5 si,  0.3 st
%Cpu(s):  3.0 us,  2.1 sy,  0.0 ni, 94.6 id,  0.0 wa,  0.0 hi,  0.0 si,  0.3 st
%Cpu(s):  3.5 us,  2.4 sy,  0.0 ni, 93.5 id,  0.0 wa,  0.0 hi,  0.3 si,  0.4 st
%Cpu(s):  2.5 us,  2.5 sy,  0.0 ni, 94.5 id,  0.1 wa,  0.0 hi,  0.0 si,  0.4 st
%Cpu(s):  7.8 us,  2.0 sy,  0.0 ni, 89.5 id,  0.0 wa,  0.0 hi,  0.3 si,  0.5 st
%Cpu(s):  5.0 us,  2.9 sy,  0.0 ni, 91.8 id,  0.0 wa,  0.0 hi,  0.3 si,  0.0 st
%Cpu(s):  2.8 us,  2.3 sy,  0.0 ni, 94.7 id,  0.0 wa,  0.0 hi,  0.0 si,  0.3 st
%Cpu(s):  5.0 us,  2.6 sy,  0.0 ni, 91.7 id,  0.0 wa,  0.0 hi,  0.1 si,  0.5 st
%Cpu(s):  8.1 us,  2.8 sy,  0.0 ni, 88.8 id,  0.0 wa,  0.0 hi,  0.1 si,  0.3 st
%Cpu(s):  5.2 us,  3.0 sy,  0.0 ni, 91.2 id,  0.1 wa,  0.0 hi,  0.2 si,  0.2 st
