%Cpu(s):  0.0 us,  0.0 sy,  0.0 ni, 99.9 id,  0.0 wa,  0.0 hi,  0.0 si,  0.0 st
%Cpu(s):  0.4 us,  0.1 sy,  0.0 ni, 99.5 id,  0.0 wa,  0.0 hi,  0.0 si,  0.0 st
%Cpu(s): 10.1 us,  1.9 sy,  0.0 ni, 87.5 id,  0.1 wa,  0.0 hi,  0.1 si,  0.2 st
%Cpu(s): 85.7 us,  4.7 sy,  0.0 ni,  9.6 id,  0.0 wa,  0.0 hi,  0.0 si,  0.0 st
%Cpu(s): 76.0 us,  3.0 sy,  0.0 ni, 20.7 id,  0.1 wa,  0.0 hi,  0.0 si,  0.1 st
%Cpu(s): 94.5 us,  3.1 sy,  0.0 ni,  2.4 id,  0.0 wa,  0.0 hi,  0.0 si,  0.0 st
%Cpu(s): 95.3 us,  2.6 sy,  0.0 ni,  2.1 id,  0.0 wa,  0.0 hi,  0.0 si,  0.0 st
%Cpu(s): 95.2 us,  3.1 sy,  0.0 ni,  1.5 id,  0.0 wa,  0.0 hi,  0.1 si,  0.0 st
%Cpu(s): 36.0 us,  2.4 sy,  0.0 ni, 61.4 id,  0.0 wa,  0.0 hi,  0.1 si,  0.1 st
%Cpu(s):  9.9 us,  2.7 sy,  0.0 ni, 87.1 id,  0.0 wa,  0.0 hi,  0.0 si,  0.2 st
%Cpu(s):  4.3 us,  3.3 sy,  0.0 ni, 92.1 id,  0.0 wa,  0.0 hi,  0.1 si,  0.3 st
%Cpu(s):  9.3 us,  3.1 sy,  0.0 ni, 87.3 id,  0.1 wa,  0.0 hi,  0.0 si,  0.1 st
%Cpu(s): 10.9 us,  2.4 sy,  0.0 ni, 86.2 id,  0.1 wa,  0.0 hi,  0.0 si,  0.4 st
%Cpu(s):  6.0 us,  3.0 sy,  0.0 ni, 90.6 id,  0.0 wa,  0.0 hi,  0.1 si,  0.3 st
%Cpu(s):  4.2 us,  2.2 sy,  0.0 ni, 93.4 id,  0.0 wa,  0.0 hi,  0.0 si,  0.3 st
%Cpu(s):  3.4 us,  2.5 sy,  0.0 ni, 93.8 id,  0.0 wa,  0.0 hi,  0.0 si,  0.3 st
%Cpu(s): 14.0 us,  3.1 sy,  0.0 ni, 82.8 id,  0.0 wa,  0.0 hi,  0.0 si,  0.1 st
%Cpu(s): 13.4 us,  2.9 sy,  0.0 ni, 83.5 id,  0.1 wa,  0.0 hi,  0.0 si,  0.1 st
%Cpu(s): 73.4 us,  5.3 sy,  0.0 ni, 20.1 id,  0.0 wa,  0.0 hi,  1.3 si,  0.0 st
%Cpu(s): 87.7 us,  8.7 sy,  0.0 ni,  0.9 id,  0.0 wa,  0.0 hi,  2.7 si,  0.0 st
%Cpu(s): 89.0 us,  8.4 sy,  0.0 ni,  0.7 id,  0.0 wa,  0.0 hi,  1.9 si,  0.0 st
%Cpu(s): 91.3 us,  6.8 sy,  0.0 ni,  0.5 id,  0.0 wa,  0.0 hi,  1.4 si,  0.0 st
%Cpu(s): 92.1 us,  5.7 sy,  0.0 ni,  0.9 id,  0.0 wa,  0.0 hi,  1.2 si,  0.0 st
%Cpu(s): 65.3 us,  5.1 sy,  0.0 ni, 28.4 id,  0.0 wa,  0.0 hi,  1.2 si,  0.0 st
%Cpu(s): 52.7 us,  3.4 sy,  0.0 ni, 42.8 id,  0.0 wa,  0.0 hi,  1.0 si,  0.1 st
%Cpu(s): 54.0 us,  5.1 sy,  0.0 ni, 40.2 id,  0.0 wa,  0.0 hi,  0.8 si,  0.0 st
%Cpu(s): 47.5 us,  4.2 sy,  0.0 ni, 47.4 id,  0.0 wa,  0.0 hi,  0.9 si,  0.0 st
%Cpu(s): 12.5 us,  5.1 sy,  0.0 ni, 81.7 id,  0.0 wa,  0.0 hi,  0.6 si,  0.1 st
%Cpu(s): 47.2 us,  4.9 sy,  0.0 ni, 46.7 id,  0.0 wa,  0.0 hi,  1.1 si,  0.0 st
%Cpu(s): 70.8 us,  4.2 sy,  0.0 ni, 23.6 id,  0.0 wa,  0.0 hi,  1.4 si,  0.0 st
%Cpu(s): 28.5 us,  4.8 sy,  0.0 ni, 65.1 id,  0.0 wa,  0.0 hi,  1.6 si,  0.0 st
%Cpu(s): 10.5 us,  4.4 sy,  0.0 ni, 83.8 id,  0.0 wa,  0.0 hi,  1.3 si,  0.0 st
%Cpu(s): 23.8 us,  5.4 sy,  0.0 ni, 69.8 id,  0.1 wa,  0.0 hi,  0.8 si,  0.0 st
%Cpu(s): 12.3 us,  3.8 sy,  0.0 ni, 82.9 id,  0.0 wa,  0.0 hi,  0.9 si,  0.1 st
%Cpu(s): 15.9 us,  4.6 sy,  0.0 ni, 79.1 id,  0.0 wa,  0.0 hi,  0.4 si,  0.0 st
%Cpu(s):  9.3 us,  4.6 sy,  0.0 ni, 85.0 id,  0.0 wa,  0.0 hi,  1.0 si,  0.1 st
%Cpu(s):  8.3 us,  5.8 sy,  0.0 ni, 84.9 id,  0.0 wa,  0.0 hi,  1.0 si,  0.0 st
%Cpu(s): 20.5 us,  4.0 sy,  0.0 ni, 74.2 id,  0.1 wa,  0.0 hi,  1.1 si,  0.0 st
%Cpu(s): 13.2 us,  4.7 sy,  0.0 ni, 81.0 id,  0.0 wa,  0.0 hi,  1.0 si,  0.1 st
%Cpu(s): 19.3 us,  4.3 sy,  0.0 ni, 75.5 id,  0.0 wa,  0.0 hi,  0.9 si,  0.0 st
%Cpu(s):  8.4 us,  5.7 sy,  0.0 ni, 84.7 id,  0.0 wa,  0.0 hi,  1.0 si,  0.1 st
%Cpu(s):  9.8 us,  5.9 sy,  0.0 ni, 83.4 id,  0.0 wa,  0.0 hi,  0.9 si,  0.0 st
%Cpu(s): 21.0 us,  6.2 sy,  0.0 ni, 71.9 id,  0.0 wa,  0.0 hi,  0.9 si,  0.0 st
%Cpu(s): 10.0 us,  6.0 sy,  0.0 ni, 82.9 id,  0.0 wa,  0.0 hi,  1.0 si,  0.1 st
%Cpu(s):  7.6 us,  5.1 sy,  0.0 ni, 86.1 id,  0.0 wa,  0.0 hi,  1.1 si,  0.0 st
%Cpu(s):  7.3 us,  4.4 sy,  0.0 ni, 87.6 id,  0.0 wa,  0.0 hi,  0.6 si,  0.1 st
%Cpu(s):  7.8 us,  5.1 sy,  0.0 ni, 86.3 id,  0.0 wa,  0.0 hi,  0.8 si,  0.0 st
%Cpu(s): 20.2 us,  3.5 sy,  0.0 ni, 74.9 id,  0.0 wa,  0.0 hi,  1.4 si,  0.0 st
%Cpu(s): 18.8 us,  4.5 sy,  0.0 ni, 75.8 id,  0.0 wa,  0.0 hi,  0.8 si,  0.1 st
%Cpu(s): 11.9 us,  4.7 sy,  0.0 ni, 82.3 id,  0.0 wa,  0.0 hi,  1.0 si,  0.1 st
%Cpu(s):  8.8 us,  5.2 sy,  0.0 ni, 85.0 id,  0.0 wa,  0.0 hi,  1.0 si,  0.0 st
%Cpu(s):  9.1 us,  5.3 sy,  0.0 ni, 84.3 id,  0.0 wa,  0.0 hi,  1.3 si,  0.0 st
%Cpu(s): 12.8 us,  4.1 sy,  0.0 ni, 81.8 id,  0.0 wa,  0.0 hi,  1.2 si,  0.1 st
%Cpu(s): 11.6 us,  5.3 sy,  0.0 ni, 82.1 id,  0.0 wa,  0.0 hi,  1.0 si,  0.0 st
%Cpu(s):  8.5 us,  5.5 sy,  0.0 ni, 84.6 id,  0.0 wa,  0.0 hi,  1.4 si,  0.0 st
%Cpu(s): 11.8 us,  4.9 sy,  0.0 ni, 82.3 id,  0.0 wa,  0.0 hi,  1.0 si,  0.0 st
%Cpu(s): 13.3 us,  4.6 sy,  0.0 ni, 81.2 id,  0.0 wa,  0.0 hi,  0.9 si,  0.0 st
%Cpu(s): 11.9 us,  5.3 sy,  0.0 ni, 81.3 id,  0.0 wa,  0.0 hi,  1.4 si,  0.1 st
%Cpu(s):  7.9 us,  4.5 sy,  0.0 ni, 86.4 id,  0.0 wa,  0.0 hi,  1.0 si,  0.1 st
%Cpu(s):  9.2 us,  4.9 sy,  0.0 ni, 84.9 id,  0.0 wa,  0.0 hi,  1.0 si,  0.0 st
%Cpu(s):  7.4 us,  5.6 sy,  0.0 ni, 85.9 id,  0.0 wa,  0.0 hi,  1.0 si,  0.0 st
%Cpu(s):  5.2 us,  2.7 sy,  0.0 ni, 91.5 id,  0.0 wa,  0.0 hi,  0.4 si,  0.1 st
%Cpu(s):  3.2 us,  3.4 sy,  0.0 ni, 92.9 id,  0.0 wa,  0.0 hi,  0.1 si,  0.4 st
%Cpu(s):  3.5 us,  2.1 sy,  0.0 ni, 94.2 id,  0.0 wa,  0.0 hi,  0.0 si,  0.2 st
%Cpu(s):  4.1 us,  2.4 sy,  0.0 ni, 93.3 id,  0.0 wa,  0.0 hi,  0.0 si,  0.2 st
%Cpu(s):  3.0 us,  3.1 sy,  0.0 ni, 93.6 id,  0.0 wa,  0.0 hi,  0.0 si,  0.2 st
%Cpu(s):  2.9 us,  2.1 sy,  0.0 ni, 94.7 id,  0.1 wa,  0.0 hi,  0.0 si,  0.1 st
%Cpu(s):  4.3 us,  2.0 sy,  0.0 ni, 93.5 id,  0.0 wa,  0.0 hi,  0.0 si,  0.3 st
%Cpu(s):  4.5 us,  1.8 sy,  0.0 ni, 93.5 id,  0.0 wa,  0.0 hi,  0.0 si,  0.3 st
%Cpu(s):  3.6 us,  2.5 sy,  0.0 ni, 93.7 id,  0.0 wa,  0.0 hi,  0.0 si,  0.2 st
%Cpu(s):  2.6 us,  1.9 sy,  0.0 ni, 95.1 id,  0.0 wa,  0.0 hi,  0.0 si,  0.4 st
%Cpu(s):  2.5 us,  2.3 sy,  0.0 ni, 94.9 id,  0.0 wa,  0.0 hi,  0.1 si,  0.3 st
%Cpu(s):  2.9 us,  1.5 sy,  0.0 ni, 95.3 id,  0.0 wa,  0.0 hi,  0.1 si,  0.2 st
