%Cpu(s):  0.8 us,  0.1 sy,  0.0 ni, 99.1 id,  0.0 wa,  0.0 hi,  0.0 si,  0.0 st
%Cpu(s):  2.5 us,  1.8 sy,  0.0 ni, 95.6 id,  0.0 wa,  0.0 hi,  0.1 si,  0.0 st
%Cpu(s):  3.8 us,  2.5 sy,  0.0 ni, 93.7 id,  0.0 wa,  0.0 hi,  0.0 si,  0.0 st
%Cpu(s):  3.6 us,  3.5 sy,  0.0 ni, 92.8 id,  0.0 wa,  0.0 hi,  0.1 si,  0.0 st
%Cpu(s):  1.7 us,  2.5 sy,  0.0 ni, 95.6 id,  0.0 wa,  0.0 hi,  0.1 si,  0.0 st
%Cpu(s):  2.9 us,  2.5 sy,  0.0 ni, 94.5 id,  0.0 wa,  0.0 hi,  0.0 si,  0.1 st
%Cpu(s): 17.9 us,  2.0 sy,  0.0 ni, 79.7 id,  0.1 wa,  0.0 hi,  0.1 si,  0.1 st
%Cpu(s): 80.0 us,  5.0 sy,  0.0 ni, 14.2 id,  0.0 wa,  0.0 hi,  0.7 si,  0.0 st
%Cpu(s): 52.6 us,  4.5 sy,  0.0 ni, 41.8 id,  0.0 wa,  0.0 hi,  1.1 si,  0.0 st
%Cpu(s): 42.0 us,  4.5 sy,  0.0 ni, 52.8 id,  0.0 wa,  0.0 hi,  0.8 si,  0.0 st
%Cpu(s): 27.5 us,  4.8 sy,  0.0 ni, 67.0 id,  0.0 wa,  0.0 hi,  0.5 si,  0.1 st
%Cpu(s): 75.3 us,  4.8 sy,  0.0 ni, 18.3 id,  0.0 wa,  0.0 hi,  1.6 si,  0.0 st
%Cpu(s): 71.2 us,  4.1 sy,  0.0 ni, 23.7 id,  0.0 wa,  0.0 hi,  0.9 si,  0.0 st
%Cpu(s): 58.6 us,  4.1 sy,  0.0 ni, 36.3 id,  0.0 wa,  0.0 hi,  0.9 si,  0.1 st
%Cpu(s): 23.8 us,  4.2 sy,  0.0 ni, 71.5 id,  0.0 wa,  0.0 hi,  0.5 si,  0.0 st
%Cpu(s): 29.3 us,  4.3 sy,  0.0 ni, 65.3 id,  0.0 wa,  0.0 hi,  1.0 si,  0.0 st
%Cpu(s): 60.9 us,  3.7 sy,  0.0 ni, 34.6 id,  0.0 wa,  0.0 hi,  0.9 si,  0.0 st
%Cpu(s): 38.5 us,  4.4 sy,  0.0 ni, 55.9 id,  0.0 wa,  0.0 hi,  1.0 si,  0.1 st
%Cpu(s): 26.7 us,  4.8 sy,  0.0 ni, 67.9 id,  0.0 wa,  0.0 hi,  0.5 si,  0.0 st
%Cpu(s): 11.0 us,  5.3 sy,  0.0 ni, 83.0 id,  0.0 wa,  0.0 hi,  0.6 si,  0.0 st
%Cpu(s): 24.4 us,  4.5 sy,  0.0 ni, 70.1 id,  0.0 wa,  0.0 hi,  0.9 si,  0.1 st
%Cpu(s): 26.5 us,  3.4 sy,  0.0 ni, 69.3 id,  0.0 wa,  0.0 hi,  0.6 si,  0.1 st
%Cpu(s): 13.1 us,  3.9 sy,  0.0 ni, 82.3 id,  0.0 wa,  0.0 hi,  0.8 si,  0.0 st
%Cpu(s): 16.2 us,  4.2 sy,  0.0 ni, 79.0 id,  0.0 wa,  0.0 hi,  0.5 si,  0.1 st
%Cpu(s): 16.6 us,  4.9 sy,  0.0 ni, 77.9 id,  0.0 wa,  0.0 hi,  0.6 si,  0.0 st
%Cpu(s): 47.7 us,  4.3 sy,  0.0 ni, 47.1 id,  0.0 wa,  0.0 hi,  1.0 si,  0.0 st
%Cpu(s): 51.1 us,  3.9 sy,  0.0 ni, 44.2 id,  0.0 wa,  0.0 hi,  0.9 si,  0.0 st
%Cpu(s): 22.7 us,  4.2 sy,  0.0 ni, 72.1 id,  0.0 wa,  0.0 hi,  0.9 si,  0.1 st
%Cpu(s): 32.0 us,  4.4 sy,  0.0 ni, 63.1 id,  0.0 wa,  0.0 hi,  0.5 si,  0.0 st
%Cpu(s): 30.6 us,  4.1 sy,  0.0 ni, 64.5 id,  0.0 wa,  0.0 hi,  0.6 si,  0.1 st
%Cpu(s): 15.1 us,  5.2 sy,  0.0 ni, 79.3 id,  0.1 wa,  0.0 hi,  0.3 si,  0.0 st
%Cpu(s):  7.8 us,  4.2 sy,  0.0 ni, 87.2 id,  0.0 wa,  0.0 hi,  0.6 si,  0.1 st
%Cpu(s): 17.6 us,  4.8 sy,  0.0 ni, 77.1 id,  0.0 wa,  0.0 hi,  0.5 si,  0.0 st
%Cpu(s): 18.9 us,  4.6 sy,  0.0 ni, 75.5 id,  0.0 wa,  0.0 hi,  0.9 si,  0.1 st
%Cpu(s): 15.9 us,  4.9 sy,  0.0 ni, 78.7 id,  0.0 wa,  0.0 hi,  0.5 si,  0.0 st
%Cpu(s): 28.0 us,  3.7 sy,  0.0 ni, 67.3 id,  0.0 wa,  0.0 hi,  0.9 si,  0.0 st
%Cpu(s): 21.7 us,  5.1 sy,  0.0 ni, 72.0 id,  0.0 wa,  0.0 hi,  1.0 si,  0.1 st
%Cpu(s): 24.1 us,  4.8 sy,  0.0 ni, 70.6 id,  0.0 wa,  0.0 hi,  0.5 si,  0.0 st
%Cpu(s): 16.2 us,  4.9 sy,  0.0 ni, 78.5 id,  0.0 wa,  0.0 hi,  0.4 si,  0.1 st
%Cpu(s): 13.5 us,  3.9 sy,  0.0 ni, 82.0 id,  0.0 wa,  0.0 hi,  0.6 si,  0.0 st
%Cpu(s): 11.2 us,  4.5 sy,  0.0 ni, 83.8 id,  0.0 wa,  0.0 hi,  0.4 si,  0.1 st
%Cpu(s): 10.3 us,  4.3 sy,  0.0 ni, 84.8 id,  0.0 wa,  0.0 hi,  0.5 si,  0.1 st
%Cpu(s): 10.1 us,  5.3 sy,  0.0 ni, 83.9 id,  0.0 wa,  0.0 hi,  0.8 si,  0.0 st
%Cpu(s):  9.4 us,  4.8 sy,  0.0 ni, 84.9 id,  0.0 wa,  0.0 hi,  0.8 si,  0.1 st
%Cpu(s):  9.5 us,  4.3 sy,  0.0 ni, 85.2 id,  0.0 wa,  0.0 hi,  0.9 si,  0.1 st
%Cpu(s): 11.8 us,  4.8 sy,  0.0 ni, 83.0 id,  0.0 wa,  0.0 hi,  0.4 si,  0.0 st
%Cpu(s): 13.5 us,  4.4 sy,  0.0 ni, 81.4 id,  0.0 wa,  0.0 hi,  0.6 si,  0.0 st
%Cpu(s): 12.4 us,  5.5 sy,  0.0 ni, 81.5 id,  0.0 wa,  0.0 hi,  0.6 si,  0.0 st
%Cpu(s):  9.0 us,  4.6 sy,  0.0 ni, 85.7 id,  0.0 wa,  0.0 hi,  0.6 si,  0.1 st
%Cpu(s): 14.4 us,  4.5 sy,  0.0 ni, 80.3 id,  0.0 wa,  0.0 hi,  0.4 si,  0.4 st
%Cpu(s): 10.2 us,  3.9 sy,  0.0 ni, 85.1 id,  0.1 wa,  0.0 hi,  0.5 si,  0.3 st
%Cpu(s):  8.7 us,  3.9 sy,  0.0 ni, 86.8 id,  0.0 wa,  0.0 hi,  0.6 si,  0.0 st
%Cpu(s):  7.5 us,  5.0 sy,  0.0 ni, 86.7 id,  0.0 wa,  0.0 hi,  0.6 si,  0.1 st
%Cpu(s): 10.3 us,  6.0 sy,  0.0 ni, 83.1 id,  0.0 wa,  0.0 hi,  0.6 si,  0.0 st
%Cpu(s): 16.1 us,  4.9 sy,  0.0 ni, 78.5 id,  0.0 wa,  0.0 hi,  0.5 si,  0.0 st
%Cpu(s): 13.9 us,  5.1 sy,  0.0 ni, 80.2 id,  0.0 wa,  0.0 hi,  0.6 si,  0.2 st
%Cpu(s): 10.6 us,  5.4 sy,  0.0 ni, 83.1 id,  0.0 wa,  0.0 hi,  0.9 si,  0.0 st
%Cpu(s): 13.4 us,  4.6 sy,  0.0 ni, 81.2 id,  0.0 wa,  0.0 hi,  0.8 si,  0.0 st
%Cpu(s):  9.2 us,  4.6 sy,  0.0 ni, 85.5 id,  0.0 wa,  0.0 hi,  0.6 si,  0.0 st
%Cpu(s):  9.7 us,  4.4 sy,  0.0 ni, 85.1 id,  0.0 wa,  0.0 hi,  0.6 si,  0.1 st
%Cpu(s):  8.9 us,  4.8 sy,  0.0 ni, 85.1 id,  0.1 wa,  0.0 hi,  0.9 si,  0.1 st
%Cpu(s):  3.9 us,  3.0 sy,  0.0 ni, 92.8 id,  0.0 wa,  0.0 hi,  0.3 si,  0.0 st
%Cpu(s):  2.9 us,  2.1 sy,  0.0 ni, 94.9 id,  0.0 wa,  0.0 hi,  0.0 si,  0.1 st
%Cpu(s):  2.6 us,  3.9 sy,  0.0 ni, 93.5 id,  0.0 wa,  0.0 hi,  0.0 si,  0.0 st
%Cpu(s):  2.3 us,  2.2 sy,  0.0 ni, 95.4 id,  0.0 wa,  0.0 hi,  0.1 si,  0.0 st
%Cpu(s):  2.8 us,  2.1 sy,  0.0 ni, 95.0 id,  0.0 wa,  0.0 hi,  0.1 si,  0.0 st
%Cpu(s):  4.0 us,  2.6 sy,  0.0 ni, 93.4 id,  0.0 wa,  0.0 hi,  0.0 si,  0.0 st
%Cpu(s):  4.2 us,  3.5 sy,  0.0 ni, 92.1 id,  0.0 wa,  0.0 hi,  0.1 si,  0.1 st
%Cpu(s):  2.9 us,  2.9 sy,  0.0 ni, 94.3 id,  0.0 wa,  0.0 hi,  0.0 si,  0.0 st
%Cpu(s):  4.4 us,  2.8 sy,  0.0 ni, 92.8 id,  0.0 wa,  0.0 hi,  0.0 si,  0.0 st
%Cpu(s):  3.0 us,  2.1 sy,  0.0 ni, 94.9 id,  0.0 wa,  0.0 hi,  0.0 si,  0.0 st
%Cpu(s):  3.9 us,  2.2 sy,  0.0 ni, 93.9 id,  0.0 wa,  0.0 hi,  0.0 si,  0.0 st
%Cpu(s):  1.5 us,  2.6 sy,  0.0 ni, 95.8 id,  0.0 wa,  0.0 hi,  0.1 si,  0.0 st
%Cpu(s):  1.4 us,  1.5 sy,  0.0 ni, 97.0 id,  0.0 wa,  0.0 hi,  0.0 si,  0.1 st
%Cpu(s):  4.0 us,  3.9 sy,  0.0 ni, 92.0 id,  0.0 wa,  0.0 hi,  0.1 si,  0.0 st
