%Cpu(s):  6.2 us,  0.6 sy,  0.0 ni, 93.0 id,  0.0 wa,  0.0 hi,  0.0 si,  0.0 st
%Cpu(s): 96.1 us,  3.5 sy,  0.0 ni,  0.2 id,  0.0 wa,  0.0 hi,  0.1 si,  0.0 st
%Cpu(s): 21.2 us,  1.3 sy,  0.0 ni, 77.6 id,  0.0 wa,  0.0 hi,  0.0 si,  0.0 st
%Cpu(s):  9.4 us,  1.8 sy,  0.0 ni, 88.9 id,  0.0 wa,  0.0 hi,  0.0 si,  0.0 st
%Cpu(s):  6.8 us,  1.4 sy,  0.0 ni, 91.7 id,  0.0 wa,  0.0 hi,  0.1 si,  0.0 st
%Cpu(s):  3.8 us,  1.6 sy,  0.0 ni, 94.6 id,  0.0 wa,  0.0 hi,  0.0 si,  0.0 st
%Cpu(s):  3.5 us,  1.8 sy,  0.0 ni, 94.7 id,  0.0 wa,  0.0 hi,  0.0 si,  0.0 st
%Cpu(s):  3.0 us,  1.8 sy,  0.0 ni, 95.1 id,  0.0 wa,  0.0 hi,  0.0 si,  0.1 st
%Cpu(s):  4.1 us,  1.8 sy,  0.0 ni, 94.1 id,  0.0 wa,  0.0 hi,  0.0 si,  0.0 st
%Cpu(s): 14.6 us,  1.7 sy,  0.0 ni, 83.6 id,  0.0 wa,  0.0 hi,  0.0 si,  0.1 st
%Cpu(s):  6.9 us,  2.3 sy,  0.0 ni, 90.7 id,  0.0 wa,  0.0 hi,  0.1 si,  0.0 st
%Cpu(s): 75.5 us,  5.3 sy,  0.0 ni, 18.5 id,  0.0 wa,  0.0 hi,  0.8 si,  0.0 st
%Cpu(s): 89.8 us,  8.1 sy,  0.0 ni,  0.6 id,  0.0 wa,  0.0 hi,  1.5 si,  0.0 st
%Cpu(s): 89.5 us,  8.9 sy,  0.0 ni,  0.1 id,  0.0 wa,  0.0 hi,  1.5 si,  0.0 st
%Cpu(s): 90.3 us,  8.2 sy,  0.0 ni,  0.1 id,  0.0 wa,  0.0 hi,  1.4 si,  0.0 st
%Cpu(s): 78.2 us,  6.3 sy,  0.0 ni, 14.2 id,  0.0 wa,  0.0 hi,  1.3 si,  0.0 st
%Cpu(s): 87.8 us,  5.3 sy,  0.0 ni,  6.0 id,  0.0 wa,  0.0 hi,  0.9 si,  0.0 st
%Cpu(s): 86.4 us,  4.3 sy,  0.0 ni,  8.4 id,  0.0 wa,  0.0 hi,  1.0 si,  0.0 st
%Cpu(s): 48.5 us,  4.3 sy,  0.0 ni, 46.4 id,  0.0 wa,  0.0 hi,  0.8 si,  0.0 st
%Cpu(s): 47.3 us,  4.8 sy,  0.0 ni, 47.0 id,  0.0 wa,  0.0 hi,  0.8 si,  0.1 st
%Cpu(s): 34.4 us,  4.4 sy,  0.0 ni, 59.9 id,  0.0 wa,  0.0 hi,  1.3 si,  0.0 st
%Cpu(s): 76.4 us,  5.1 sy,  0.0 ni, 17.3 id,  0.0 wa,  0.0 hi,  1.0 si,  0.1 st
%Cpu(s): 90.8 us,  6.0 sy,  0.0 ni,  2.0 id,  0.0 wa,  0.0 hi,  1.2 si,  0.0 st
%Cpu(s): 78.3 us,  5.5 sy,  0.0 ni, 14.6 id,  0.0 wa,  0.0 hi,  1.5 si,  0.0 st
%Cpu(s): 60.1 us,  4.6 sy,  0.0 ni, 34.0 id,  0.0 wa,  0.0 hi,  1.3 si,  0.0 st
%Cpu(s): 25.3 us,  3.7 sy,  0.0 ni, 70.1 id,  0.1 wa,  0.0 hi,  0.8 si,  0.0 st
%Cpu(s): 10.1 us,  5.1 sy,  0.0 ni, 84.7 id,  0.0 wa,  0.0 hi,  0.1 si,  0.0 st
%Cpu(s): 11.7 us,  4.1 sy,  0.0 ni, 83.6 id,  0.0 wa,  0.0 hi,  0.6 si,  0.0 st
%Cpu(s): 24.1 us,  4.6 sy,  0.0 ni, 70.6 id,  0.0 wa,  0.0 hi,  0.6 si,  0.0 st
%Cpu(s): 44.0 us,  4.3 sy,  0.0 ni, 51.2 id,  0.0 wa,  0.0 hi,  0.5 si,  0.0 st
%Cpu(s): 41.0 us,  4.0 sy,  0.0 ni, 54.4 id,  0.0 wa,  0.0 hi,  0.6 si,  0.0 st
%Cpu(s):  9.5 us,  3.9 sy,  0.0 ni, 85.9 id,  0.0 wa,  0.0 hi,  0.5 si,  0.1 st
%Cpu(s): 22.3 us,  4.8 sy,  0.0 ni, 72.6 id,  0.0 wa,  0.0 hi,  0.4 si,  0.0 st
%Cpu(s): 35.1 us,  4.0 sy,  0.0 ni, 60.0 id,  0.0 wa,  0.0 hi,  0.9 si,  0.0 st
%Cpu(s): 28.1 us,  3.4 sy,  0.0 ni, 68.2 id,  0.0 wa,  0.0 hi,  0.4 si,  0.0 st
%Cpu(s): 34.7 us,  4.1 sy,  0.0 ni, 60.7 id,  0.0 wa,  0.0 hi,  0.5 si,  0.0 st
%Cpu(s): 11.3 us,  3.8 sy,  0.0 ni, 84.4 id,  0.0 wa,  0.0 hi,  0.4 si,  0.1 st
%Cpu(s): 38.7 us,  4.8 sy,  0.0 ni, 56.1 id,  0.0 wa,  0.0 hi,  0.5 si,  0.0 st
%Cpu(s): 47.4 us,  3.3 sy,  0.0 ni, 48.4 id,  0.0 wa,  0.0 hi,  1.0 si,  0.0 st
%Cpu(s): 59.1 us,  4.8 sy,  0.0 ni, 35.6 id,  0.0 wa,  0.0 hi,  0.5 si,  0.0 st
%Cpu(s): 36.0 us,  4.0 sy,  0.0 ni, 58.8 id,  0.0 wa,  0.0 hi,  1.1 si,  0.0 st
%Cpu(s): 21.0 us,  4.1 sy,  0.0 ni, 74.0 id,  0.0 wa,  0.0 hi,  0.9 si,  0.0 st
%Cpu(s): 13.8 us,  3.5 sy,  0.0 ni, 81.9 id,  0.0 wa,  0.0 hi,  0.8 si,  0.0 st
%Cpu(s): 41.5 us,  4.4 sy,  0.0 ni, 53.7 id,  0.0 wa,  0.0 hi,  0.3 si,  0.1 st
%Cpu(s): 39.1 us,  3.8 sy,  0.0 ni, 56.1 id,  0.0 wa,  0.0 hi,  1.0 si,  0.0 st
%Cpu(s):  7.9 us,  3.7 sy,  0.0 ni, 88.1 id,  0.0 wa,  0.0 hi,  0.4 si,  0.0 st
%Cpu(s): 13.0 us,  3.8 sy,  0.0 ni, 82.7 id,  0.0 wa,  0.0 hi,  0.4 si,  0.1 st
%Cpu(s):  9.4 us,  3.9 sy,  0.0 ni, 86.1 id,  0.0 wa,  0.0 hi,  0.6 si,  0.0 st
%Cpu(s):  7.8 us,  3.4 sy,  0.0 ni, 88.1 id,  0.0 wa,  0.0 hi,  0.6 si,  0.0 st
%Cpu(s):  6.7 us,  3.8 sy,  0.0 ni, 88.7 id,  0.0 wa,  0.0 hi,  0.9 si,  0.0 st
%Cpu(s):  6.5 us,  4.2 sy,  0.0 ni, 88.7 id,  0.0 wa,  0.0 hi,  0.6 si,  0.0 st
%Cpu(s): 13.3 us,  4.1 sy,  0.0 ni, 81.9 id,  0.0 wa,  0.0 hi,  0.7 si,  0.0 st
%Cpu(s):  7.3 us,  3.5 sy,  0.0 ni, 88.5 id,  0.0 wa,  0.0 hi,  0.6 si,  0.0 st
%Cpu(s):  5.8 us,  3.7 sy,  0.0 ni, 89.6 id,  0.0 wa,  0.0 hi,  0.9 si,  0.0 st
%Cpu(s):  9.1 us,  3.7 sy,  0.0 ni, 86.2 id,  0.0 wa,  0.0 hi,  0.9 si,  0.1 st
%Cpu(s):  7.3 us,  3.8 sy,  0.0 ni, 88.0 id,  0.1 wa,  0.0 hi,  0.8 si,  0.0 st
%Cpu(s):  6.6 us,  4.3 sy,  0.0 ni, 88.4 id,  0.0 wa,  0.0 hi,  0.6 si,  0.0 st
%Cpu(s):  7.1 us,  3.9 sy,  0.0 ni, 88.0 id,  0.0 wa,  0.0 hi,  1.0 si,  0.0 st
%Cpu(s): 10.1 us,  4.0 sy,  0.0 ni, 85.0 id,  0.0 wa,  0.0 hi,  0.9 si,  0.0 st
%Cpu(s): 21.8 us,  3.6 sy,  0.0 ni, 74.2 id,  0.0 wa,  0.0 hi,  0.4 si,  0.0 st
%Cpu(s): 21.9 us,  4.2 sy,  0.0 ni, 73.2 id,  0.0 wa,  0.0 hi,  0.8 si,  0.0 st
%Cpu(s):  6.6 us,  3.0 sy,  0.0 ni, 90.1 id,  0.0 wa,  0.0 hi,  0.1 si,  0.1 st
%Cpu(s):  1.4 us,  1.5 sy,  0.0 ni, 97.1 id,  0.0 wa,  0.0 hi,  0.0 si,  0.0 st
%Cpu(s):  1.9 us,  1.6 sy,  0.0 ni, 96.5 id,  0.0 wa,  0.0 hi,  0.0 si,  0.0 st
%Cpu(s):  2.0 us,  1.9 sy,  0.0 ni, 96.1 id,  0.0 wa,  0.0 hi,  0.0 si,  0.0 st
%Cpu(s):  3.6 us,  2.5 sy,  0.0 ni, 93.8 id,  0.0 wa,  0.0 hi,  0.0 si,  0.1 st
%Cpu(s): 68.1 us,  1.5 sy,  0.0 ni, 30.4 id,  0.0 wa,  0.0 hi,  0.0 si,  0.0 st
%Cpu(s): 10.2 us,  1.7 sy,  0.0 ni, 88.1 id,  0.0 wa,  0.0 hi,  0.0 si,  0.0 st
%Cpu(s):  2.8 us,  1.9 sy,  0.0 ni, 95.4 id,  0.0 wa,  0.0 hi,  0.0 si,  0.0 st
%Cpu(s):  1.6 us,  2.2 sy,  0.0 ni, 96.1 id,  0.0 wa,  0.0 hi,  0.0 si,  0.0 st
%Cpu(s):  2.0 us,  2.1 sy,  0.0 ni, 95.6 id,  0.1 wa,  0.0 hi,  0.0 si,  0.1 st
%Cpu(s):  3.7 us,  2.2 sy,  0.0 ni, 93.9 id,  0.0 wa,  0.0 hi,  0.1 si,  0.0 st
%Cpu(s):  3.5 us,  1.6 sy,  0.0 ni, 94.8 id,  0.0 wa,  0.0 hi,  0.0 si,  0.0 st
%Cpu(s):  3.0 us,  1.9 sy,  0.0 ni, 95.1 id,  0.0 wa,  0.0 hi,  0.0 si,  0.0 st
%Cpu(s):  2.3 us,  1.0 sy,  0.0 ni, 96.7 id,  0.0 wa,  0.0 hi,  0.0 si,  0.0 st
%Cpu(s):  2.9 us,  2.1 sy,  0.0 ni, 94.9 id,  0.0 wa,  0.0 hi,  0.1 si,  0.0 st
%Cpu(s):  1.8 us,  2.1 sy,  0.0 ni, 96.1 id,  0.0 wa,  0.0 hi,  0.0 si,  0.0 st
%Cpu(s):  1.8 us,  1.8 sy,  0.0 ni, 96.5 id,  0.0 wa,  0.0 hi,  0.0 si,  0.0 st
%Cpu(s):  2.4 us,  2.1 sy,  0.0 ni, 95.5 id,  0.0 wa,  0.0 hi,  0.0 si,  0.0 st
%Cpu(s):  1.9 us,  1.9 sy,  0.0 ni, 96.2 id,  0.0 wa,  0.0 hi,  0.0 si,  0.0 st
%Cpu(s):  1.6 us,  1.3 sy,  0.0 ni, 97.1 id,  0.0 wa,  0.0 hi,  0.0 si,  0.0 st
%Cpu(s):  1.8 us,  1.9 sy,  0.0 ni, 96.2 id,  0.0 wa,  0.0 hi,  0.1 si,  0.0 st
%Cpu(s):  1.6 us,  2.1 sy,  0.0 ni, 96.2 id,  0.0 wa,  0.0 hi,  0.0 si,  0.0 st
%Cpu(s):  1.8 us,  2.5 sy,  0.0 ni, 95.7 id,  0.0 wa,  0.0 hi,  0.0 si,  0.0 st
