%Cpu(s):  4.0 us,  0.8 sy,  0.0 ni, 95.1 id,  0.0 wa,  0.0 hi,  0.1 si,  0.0 st
%Cpu(s): 29.4 us,  5.3 sy,  0.0 ni, 65.2 id,  0.0 wa,  0.0 hi,  0.0 si,  0.1 st
%Cpu(s): 93.9 us,  5.7 sy,  0.0 ni,  0.4 id,  0.0 wa,  0.0 hi,  0.0 si,  0.0 st
%Cpu(s): 96.1 us,  3.0 sy,  0.0 ni,  0.9 id,  0.0 wa,  0.0 hi,  0.0 si,  0.0 st
%Cpu(s): 93.0 us,  4.0 sy,  0.0 ni,  3.0 id,  0.0 wa,  0.0 hi,  0.0 si,  0.0 st
%Cpu(s): 97.6 us,  2.2 sy,  0.0 ni,  0.1 id,  0.0 wa,  0.0 hi,  0.0 si,  0.0 st
%Cpu(s): 97.9 us,  2.1 sy,  0.0 ni,  0.0 id,  0.0 wa,  0.0 hi,  0.0 si,  0.0 st
%Cpu(s): 97.0 us,  2.9 sy,  0.0 ni,  0.0 id,  0.0 wa,  0.0 hi,  0.1 si,  0.0 st
%Cpu(s): 96.6 us,  3.2 sy,  0.0 ni,  0.1 id,  0.0 wa,  0.0 hi,  0.0 si,  0.0 st
%Cpu(s): 96.0 us,  3.7 sy,  0.0 ni,  0.0 id,  0.0 wa,  0.0 hi,  0.2 si,  0.0 st
%Cpu(s): 96.6 us,  3.0 sy,  0.0 ni,  0.1 id,  0.0 wa,  0.0 hi,  0.2 si,  0.0 st
%Cpu(s): 42.0 us,  2.3 sy,  0.0 ni, 55.0 id,  0.1 wa,  0.0 hi,  0.4 si,  0.3 st
%Cpu(s): 18.3 us,  4.2 sy,  0.0 ni, 77.2 id,  0.0 wa,  0.0 hi,  0.1 si,  0.1 st
%Cpu(s): 21.5 us,  3.2 sy,  0.0 ni, 75.1 id,  0.0 wa,  0.0 hi,  0.1 si,  0.1 st
%Cpu(s):  9.5 us,  5.3 sy,  0.0 ni, 84.2 id,  0.0 wa,  0.0 hi,  0.6 si,  0.4 st
%Cpu(s):  9.3 us,  5.0 sy,  0.0 ni, 85.7 id,  0.0 wa,  0.0 hi,  0.0 si,  0.0 st
%Cpu(s):  8.9 us,  3.9 sy,  0.0 ni, 86.6 id,  0.0 wa,  0.0 hi,  0.3 si,  0.3 st
%Cpu(s):  8.6 us,  4.8 sy,  0.0 ni, 86.5 id,  0.0 wa,  0.0 hi,  0.0 si,  0.1 st
%Cpu(s): 16.8 us,  4.2 sy,  0.0 ni, 78.5 id,  0.0 wa,  0.0 hi,  0.3 si,  0.3 st
%Cpu(s): 26.6 us,  3.0 sy,  0.0 ni, 69.9 id,  0.0 wa,  0.0 hi,  0.4 si,  0.1 st
%Cpu(s): 77.2 us,  7.9 sy,  0.0 ni, 14.1 id,  0.0 wa,  0.0 hi,  0.8 si,  0.0 st
%Cpu(s): 90.5 us,  7.6 sy,  0.0 ni,  0.1 id,  0.0 wa,  0.0 hi,  1.7 si,  0.0 st
%Cpu(s): 88.8 us,  9.2 sy,  0.0 ni,  0.0 id,  0.0 wa,  0.0 hi,  2.0 si,  0.0 st
%Cpu(s): 88.0 us,  9.7 sy,  0.0 ni,  0.1 id,  0.0 wa,  0.0 hi,  2.1 si,  0.0 st
%Cpu(s): 89.3 us,  8.3 sy,  0.0 ni,  0.0 id,  0.0 wa,  0.0 hi,  2.4 si,  0.0 st
%Cpu(s): 88.9 us,  9.1 sy,  0.0 ni,  0.0 id,  0.0 wa,  0.0 hi,  2.0 si,  0.0 st
%Cpu(s): 91.7 us,  6.4 sy,  0.0 ni,  0.9 id,  0.0 wa,  0.0 hi,  1.0 si,  0.0 st
%Cpu(s): 87.9 us,  5.2 sy,  0.0 ni,  5.5 id,  0.0 wa,  0.0 hi,  1.4 si,  0.0 st
%Cpu(s): 82.1 us,  5.0 sy,  0.0 ni, 11.5 id,  0.0 wa,  0.0 hi,  1.4 si,  0.0 st
%Cpu(s): 75.8 us,  6.5 sy,  0.0 ni, 16.7 id,  0.0 wa,  0.0 hi,  1.0 si,  0.0 st
%Cpu(s): 54.8 us,  5.3 sy,  0.0 ni, 39.0 id,  0.0 wa,  0.0 hi,  0.9 si,  0.0 st
%Cpu(s): 29.9 us,  4.6 sy,  0.0 ni, 64.4 id,  0.0 wa,  0.0 hi,  1.1 si,  0.0 st
%Cpu(s): 34.6 us,  5.6 sy,  0.0 ni, 58.6 id,  0.0 wa,  0.0 hi,  1.2 si,  0.0 st
%Cpu(s): 44.0 us,  5.6 sy,  0.0 ni, 49.3 id,  0.0 wa,  0.0 hi,  1.1 si,  0.0 st
%Cpu(s): 24.7 us,  4.7 sy,  0.0 ni, 69.6 id,  0.0 wa,  0.0 hi,  1.0 si,  0.0 st
%Cpu(s): 17.6 us,  5.0 sy,  0.0 ni, 76.3 id,  0.0 wa,  0.0 hi,  1.2 si,  0.0 st
%Cpu(s): 16.5 us,  6.3 sy,  0.0 ni, 76.0 id,  0.1 wa,  0.0 hi,  1.1 si,  0.0 st
%Cpu(s): 25.3 us,  4.2 sy,  0.0 ni, 69.1 id,  0.0 wa,  0.0 hi,  1.3 si,  0.1 st
%Cpu(s): 33.3 us,  5.2 sy,  0.0 ni, 60.5 id,  0.0 wa,  0.0 hi,  1.0 si,  0.0 st
%Cpu(s): 73.2 us,  4.7 sy,  0.0 ni, 21.1 id,  0.0 wa,  0.0 hi,  1.0 si,  0.0 st
%Cpu(s): 59.4 us,  5.0 sy,  0.0 ni, 34.2 id,  0.0 wa,  0.0 hi,  1.3 si,  0.1 st
%Cpu(s): 24.9 us,  4.1 sy,  0.0 ni, 70.1 id,  0.0 wa,  0.0 hi,  0.8 si,  0.1 st
%Cpu(s): 31.2 us,  5.4 sy,  0.0 ni, 62.1 id,  0.0 wa,  0.0 hi,  1.1 si,  0.1 st
%Cpu(s): 27.3 us,  5.2 sy,  0.0 ni, 66.8 id,  0.0 wa,  0.0 hi,  0.6 si,  0.0 st
%Cpu(s): 36.2 us,  5.1 sy,  0.0 ni, 57.7 id,  0.0 wa,  0.0 hi,  1.0 si,  0.0 st
%Cpu(s): 29.4 us,  4.8 sy,  0.0 ni, 64.8 id,  0.0 wa,  0.0 hi,  1.0 si,  0.0 st
%Cpu(s): 15.9 us,  5.0 sy,  0.0 ni, 78.8 id,  0.0 wa,  0.0 hi,  0.3 si,  0.0 st
%Cpu(s): 18.8 us,  5.0 sy,  0.0 ni, 75.3 id,  0.1 wa,  0.0 hi,  0.8 si,  0.0 st
%Cpu(s): 15.4 us,  5.8 sy,  0.0 ni, 78.1 id,  0.0 wa,  0.0 hi,  0.6 si,  0.0 st
%Cpu(s): 19.9 us,  4.4 sy,  0.0 ni, 74.7 id,  0.0 wa,  0.0 hi,  1.0 si,  0.0 st
%Cpu(s): 18.3 us,  5.6 sy,  0.0 ni, 74.9 id,  0.0 wa,  0.0 hi,  1.1 si,  0.1 st
%Cpu(s): 33.6 us,  5.1 sy,  0.0 ni, 59.8 id,  0.0 wa,  0.0 hi,  1.4 si,  0.1 st
%Cpu(s): 18.7 us,  5.8 sy,  0.0 ni, 74.0 id,  0.0 wa,  0.0 hi,  1.5 si,  0.0 st
%Cpu(s): 14.3 us,  4.6 sy,  0.0 ni, 80.2 id,  0.0 wa,  0.0 hi,  0.9 si,  0.0 st
%Cpu(s): 19.0 us,  5.4 sy,  0.0 ni, 74.3 id,  0.0 wa,  0.0 hi,  1.3 si,  0.0 st
%Cpu(s): 23.3 us,  5.7 sy,  0.0 ni, 70.1 id,  0.0 wa,  0.0 hi,  0.9 si,  0.0 st
%Cpu(s): 17.3 us,  6.1 sy,  0.0 ni, 75.7 id,  0.0 wa,  0.0 hi,  0.9 si,  0.0 st
%Cpu(s): 11.2 us,  5.1 sy,  0.0 ni, 82.9 id,  0.0 wa,  0.0 hi,  0.9 si,  0.0 st
%Cpu(s): 15.7 us,  5.1 sy,  0.0 ni, 78.1 id,  0.0 wa,  0.0 hi,  1.1 si,  0.0 st
%Cpu(s): 16.7 us,  6.2 sy,  0.0 ni, 76.2 id,  0.0 wa,  0.0 hi,  0.9 si,  0.0 st
%Cpu(s): 11.2 us,  6.0 sy,  0.0 ni, 81.9 id,  0.0 wa,  0.0 hi,  0.8 si,  0.1 st
%Cpu(s):  9.0 us,  5.5 sy,  0.0 ni, 85.1 id,  0.0 wa,  0.0 hi,  0.3 si,  0.1 st
%Cpu(s):  4.8 us,  4.1 sy,  0.0 ni, 90.8 id,  0.0 wa,  0.0 hi,  0.1 si,  0.3 st
%Cpu(s):  5.8 us,  4.3 sy,  0.0 ni, 89.9 id,  0.0 wa,  0.0 hi,  0.0 si,  0.0 st
%Cpu(s):  5.7 us,  4.5 sy,  0.0 ni, 89.4 id,  0.0 wa,  0.0 hi,  0.1 si,  0.3 st
%Cpu(s):  5.4 us,  4.8 sy,  0.0 ni, 89.5 id,  0.0 wa,  0.0 hi,  0.1 si,  0.1 st
%Cpu(s):  4.4 us,  3.9 sy,  0.0 ni, 91.5 id,  0.0 wa,  0.0 hi,  0.0 si,  0.1 st
%Cpu(s):  4.3 us,  3.8 sy,  0.0 ni, 91.9 id,  0.0 wa,  0.0 hi,  0.0 si,  0.0 st
%Cpu(s):  4.8 us,  4.8 sy,  0.0 ni, 90.2 id,  0.0 wa,  0.0 hi,  0.0 si,  0.3 st
%Cpu(s):  5.4 us,  2.7 sy,  0.0 ni, 91.9 id,  0.0 wa,  0.0 hi,  0.0 si,  0.0 st
%Cpu(s):  5.1 us,  3.1 sy,  0.0 ni, 91.6 id,  0.0 wa,  0.0 hi,  0.0 si,  0.3 st
%Cpu(s):  5.2 us,  5.3 sy,  0.0 ni, 89.3 id,  0.1 wa,  0.0 hi,  0.0 si,  0.0 st
%Cpu(s): 49.1 us,  2.9 sy,  0.0 ni, 47.9 id,  0.0 wa,  0.0 hi,  0.0 si,  0.1 st
%Cpu(s): 21.5 us,  3.9 sy,  0.0 ni, 74.5 id,  0.0 wa,  0.0 hi,  0.1 si,  0.0 st
%Cpu(s):  5.7 us,  3.4 sy,  0.0 ni, 90.8 id,  0.0 wa,  0.0 hi,  0.0 si,  0.1 st
%Cpu(s):  4.6 us,  3.8 sy,  0.0 ni, 91.5 id,  0.0 wa,  0.0 hi,  0.0 si,  0.1 st
%Cpu(s):  5.3 us,  4.2 sy,  0.0 ni, 90.2 id,  0.1 wa,  0.0 hi,  0.0 si,  0.3 st
