%Cpu(s):  2.3 us,  0.2 sy,  0.0 ni, 97.4 id,  0.0 wa,  0.0 hi,  0.0 si,  0.0 st
%Cpu(s): 16.9 us,  2.8 sy,  0.0 ni, 79.9 id,  0.0 wa,  0.0 hi,  0.1 si,  0.3 st
%Cpu(s): 11.6 us,  2.4 sy,  0.0 ni, 86.0 id,  0.0 wa,  0.0 hi,  0.0 si,  0.0 st
%Cpu(s):  6.8 us,  3.8 sy,  0.0 ni, 89.2 id,  0.0 wa,  0.0 hi,  0.0 si,  0.3 st
%Cpu(s):  5.9 us,  5.0 sy,  0.0 ni, 89.0 id,  0.0 wa,  0.0 hi,  0.0 si,  0.1 st
%Cpu(s):  6.1 us,  3.5 sy,  0.0 ni, 90.1 id,  0.0 wa,  0.0 hi,  0.0 si,  0.3 st
%Cpu(s):  6.6 us,  3.4 sy,  0.0 ni, 89.9 id,  0.0 wa,  0.0 hi,  0.0 si,  0.1 st
%Cpu(s):  5.7 us,  4.2 sy,  0.0 ni, 89.7 id,  0.0 wa,  0.0 hi,  0.1 si,  0.4 st
%Cpu(s): 12.9 us,  4.0 sy,  0.0 ni, 82.8 id,  0.0 wa,  0.0 hi,  0.3 si,  0.0 st
%Cpu(s): 17.7 us,  3.0 sy,  0.0 ni, 79.0 id,  0.0 wa,  0.0 hi,  0.0 si,  0.3 st
%Cpu(s): 56.3 us,  2.4 sy,  0.0 ni, 40.8 id,  0.0 wa,  0.0 hi,  0.5 si,  0.0 st
%Cpu(s): 89.8 us,  6.9 sy,  0.0 ni,  2.5 id,  0.0 wa,  0.0 hi,  0.9 si,  0.0 st
%Cpu(s): 92.5 us,  5.1 sy,  0.0 ni,  0.6 id,  0.0 wa,  0.0 hi,  1.7 si,  0.0 st
%Cpu(s): 70.7 us,  4.2 sy,  0.0 ni, 23.9 id,  0.0 wa,  0.0 hi,  1.0 si,  0.1 st
%Cpu(s): 36.9 us,  4.2 sy,  0.0 ni, 58.2 id,  0.0 wa,  0.0 hi,  0.6 si,  0.0 st
%Cpu(s): 72.4 us,  4.0 sy,  0.0 ni, 23.0 id,  0.0 wa,  0.0 hi,  0.6 si,  0.0 st
%Cpu(s): 57.0 us,  3.3 sy,  0.0 ni, 39.1 id,  0.0 wa,  0.0 hi,  0.6 si,  0.0 st
%Cpu(s): 32.5 us,  3.9 sy,  0.0 ni, 62.3 id,  0.0 wa,  0.0 hi,  1.0 si,  0.3 st
%Cpu(s): 41.1 us,  3.8 sy,  0.0 ni, 54.3 id,  0.0 wa,  0.0 hi,  0.8 si,  0.0 st
%Cpu(s): 57.5 us,  3.9 sy,  0.0 ni, 38.0 id,  0.0 wa,  0.0 hi,  0.6 si,  0.0 st
%Cpu(s): 72.5 us,  4.8 sy,  0.0 ni, 22.1 id,  0.0 wa,  0.0 hi,  0.5 si,  0.0 st
%Cpu(s): 47.5 us,  2.9 sy,  0.0 ni, 48.7 id,  0.0 wa,  0.0 hi,  0.9 si,  0.0 st
%Cpu(s): 40.5 us,  3.7 sy,  0.0 ni, 55.0 id,  0.1 wa,  0.0 hi,  0.6 si,  0.1 st
%Cpu(s): 54.3 us,  3.7 sy,  0.0 ni, 41.1 id,  0.0 wa,  0.0 hi,  1.0 si,  0.0 st
%Cpu(s): 14.2 us,  5.0 sy,  0.0 ni, 79.9 id,  0.0 wa,  0.0 hi,  0.7 si,  0.1 st
%Cpu(s): 27.9 us,  3.6 sy,  0.0 ni, 67.6 id,  0.1 wa,  0.0 hi,  0.8 si,  0.0 st
%Cpu(s): 25.8 us,  4.6 sy,  0.0 ni, 68.9 id,  0.0 wa,  0.0 hi,  0.6 si,  0.0 st
%Cpu(s): 29.1 us,  4.9 sy,  0.0 ni, 65.1 id,  0.0 wa,  0.0 hi,  0.8 si,  0.1 st
%Cpu(s): 35.1 us,  4.5 sy,  0.0 ni, 59.8 id,  0.0 wa,  0.0 hi,  0.6 si,  0.0 st
%Cpu(s): 11.8 us,  4.4 sy,  0.0 ni, 83.1 id,  0.0 wa,  0.0 hi,  0.6 si,  0.0 st
%Cpu(s): 12.7 us,  4.2 sy,  0.0 ni, 82.3 id,  0.0 wa,  0.0 hi,  0.8 si,  0.1 st
%Cpu(s): 11.7 us,  6.0 sy,  0.0 ni, 81.7 id,  0.0 wa,  0.0 hi,  0.6 si,  0.0 st
%Cpu(s): 10.9 us,  4.3 sy,  0.0 ni, 84.1 id,  0.0 wa,  0.0 hi,  0.8 si,  0.0 st
%Cpu(s): 30.2 us,  4.0 sy,  0.0 ni, 65.0 id,  0.0 wa,  0.0 hi,  0.6 si,  0.1 st
%Cpu(s): 41.0 us,  4.5 sy,  0.0 ni, 53.6 id,  0.0 wa,  0.0 hi,  0.9 si,  0.0 st
%Cpu(s): 19.8 us,  4.3 sy,  0.0 ni, 75.6 id,  0.0 wa,  0.0 hi,  0.3 si,  0.1 st
%Cpu(s): 29.3 us,  3.0 sy,  0.0 ni, 67.3 id,  0.0 wa,  0.0 hi,  0.4 si,  0.0 st
%Cpu(s): 39.9 us,  3.5 sy,  0.0 ni, 55.8 id,  0.0 wa,  0.0 hi,  0.6 si,  0.1 st
%Cpu(s): 28.7 us,  4.6 sy,  0.0 ni, 66.1 id,  0.0 wa,  0.0 hi,  0.6 si,  0.0 st
%Cpu(s): 41.5 us,  3.8 sy,  0.0 ni, 54.3 id,  0.0 wa,  0.0 hi,  0.4 si,  0.0 st
%Cpu(s): 25.0 us,  3.8 sy,  0.0 ni, 70.7 id,  0.0 wa,  0.0 hi,  0.4 si,  0.1 st
%Cpu(s): 16.6 us,  4.7 sy,  0.0 ni, 78.0 id,  0.0 wa,  0.0 hi,  0.6 si,  0.0 st
%Cpu(s): 15.3 us,  4.3 sy,  0.0 ni, 79.5 id,  0.0 wa,  0.0 hi,  0.9 si,  0.0 st
%Cpu(s): 16.2 us,  3.8 sy,  0.0 ni, 79.0 id,  0.0 wa,  0.0 hi,  1.0 si,  0.0 st
%Cpu(s): 42.2 us,  4.0 sy,  0.0 ni, 52.7 id,  0.0 wa,  0.0 hi,  0.9 si,  0.1 st
%Cpu(s): 18.2 us,  4.7 sy,  0.0 ni, 76.1 id,  0.0 wa,  0.0 hi,  0.9 si,  0.1 st
%Cpu(s):  9.1 us,  5.2 sy,  0.0 ni, 84.9 id,  0.0 wa,  0.0 hi,  0.9 si,  0.0 st
%Cpu(s):  9.3 us,  4.6 sy,  0.0 ni, 85.2 id,  0.0 wa,  0.0 hi,  0.8 si,  0.1 st
%Cpu(s):  7.4 us,  4.3 sy,  0.0 ni, 87.5 id,  0.0 wa,  0.0 hi,  0.6 si,  0.1 st
%Cpu(s): 17.5 us,  3.9 sy,  0.0 ni, 77.8 id,  0.0 wa,  0.0 hi,  0.8 si,  0.0 st
%Cpu(s):  7.4 us,  4.3 sy,  0.0 ni, 87.7 id,  0.0 wa,  0.0 hi,  0.6 si,  0.0 st
%Cpu(s):  9.3 us,  4.6 sy,  0.0 ni, 85.3 id,  0.0 wa,  0.0 hi,  0.8 si,  0.0 st
%Cpu(s): 12.4 us,  5.2 sy,  0.0 ni, 81.5 id,  0.1 wa,  0.0 hi,  0.8 si,  0.1 st
%Cpu(s): 11.7 us,  4.9 sy,  0.0 ni, 82.8 id,  0.0 wa,  0.0 hi,  0.6 si,  0.0 st
%Cpu(s):  8.2 us,  5.2 sy,  0.0 ni, 86.0 id,  0.0 wa,  0.0 hi,  0.6 si,  0.0 st
%Cpu(s):  7.7 us,  4.8 sy,  0.0 ni, 86.4 id,  0.0 wa,  0.0 hi,  1.0 si,  0.1 st
%Cpu(s):  7.7 us,  4.8 sy,  0.0 ni, 86.8 id,  0.0 wa,  0.0 hi,  0.6 si,  0.0 st
%Cpu(s):  8.0 us,  5.3 sy,  0.0 ni, 85.9 id,  0.0 wa,  0.0 hi,  0.6 si,  0.1 st
%Cpu(s):  8.1 us,  5.2 sy,  0.0 ni, 86.3 id,  0.0 wa,  0.0 hi,  0.5 si,  0.0 st
%Cpu(s): 13.7 us,  4.7 sy,  0.0 ni, 80.8 id,  0.0 wa,  0.0 hi,  0.8 si,  0.0 st
%Cpu(s):  9.3 us,  4.3 sy,  0.0 ni, 85.5 id,  0.0 wa,  0.0 hi,  0.8 si,  0.1 st
%Cpu(s): 15.1 us,  4.5 sy,  0.0 ni, 80.2 id,  0.0 wa,  0.0 hi,  0.2 si,  0.0 st
%Cpu(s): 13.3 us,  3.1 sy,  0.0 ni, 82.9 id,  0.1 wa,  0.0 hi,  0.3 si,  0.3 st
%Cpu(s):  4.9 us,  3.3 sy,  0.0 ni, 91.6 id,  0.0 wa,  0.0 hi,  0.1 si,  0.1 st
%Cpu(s):  4.4 us,  3.6 sy,  0.0 ni, 91.6 id,  0.0 wa,  0.0 hi,  0.1 si,  0.3 st
%Cpu(s):  3.6 us,  4.7 sy,  0.0 ni, 91.4 id,  0.0 wa,  0.0 hi,  0.1 si,  0.1 st
%Cpu(s):  5.0 us,  4.6 sy,  0.0 ni, 90.3 id,  0.0 wa,  0.0 hi,  0.1 si,  0.0 st
%Cpu(s):  3.8 us,  4.2 sy,  0.0 ni, 91.5 id,  0.0 wa,  0.0 hi,  0.1 si,  0.4 st
%Cpu(s):  3.3 us,  4.8 sy,  0.0 ni, 91.8 id,  0.0 wa,  0.0 hi,  0.0 si,  0.1 st
%Cpu(s):  4.9 us,  4.3 sy,  0.0 ni, 90.7 id,  0.0 wa,  0.0 hi,  0.1 si,  0.0 st
%Cpu(s):  6.7 us,  4.3 sy,  0.0 ni, 88.5 id,  0.0 wa,  0.0 hi,  0.1 si,  0.4 st
%Cpu(s):  5.5 us,  4.6 sy,  0.0 ni, 89.5 id,  0.1 wa,  0.0 hi,  0.1 si,  0.1 st
%Cpu(s):  4.5 us,  3.8 sy,  0.0 ni, 91.4 id,  0.0 wa,  0.0 hi,  0.0 si,  0.3 st
%Cpu(s):  4.8 us,  4.9 sy,  0.0 ni, 89.9 id,  0.0 wa,  0.0 hi,  0.1 si,  0.3 st
%Cpu(s):  4.3 us,  5.8 sy,  0.0 ni, 89.7 id,  0.0 wa,  0.0 hi,  0.1 si,  0.1 st
%Cpu(s):  5.0 us,  4.6 sy,  0.0 ni, 90.0 id,  0.0 wa,  0.0 hi,  0.1 si,  0.3 st
%Cpu(s):  4.9 us,  3.4 sy,  0.0 ni, 91.6 id,  0.0 wa,  0.0 hi,  0.0 si,  0.1 st
