%Cpu(s):  0.1 us,  0.0 sy,  0.0 ni, 99.9 id,  0.0 wa,  0.0 hi,  0.0 si,  0.0 st
%Cpu(s):  2.6 us,  3.4 sy,  0.0 ni, 93.5 id,  0.0 wa,  0.0 hi,  0.1 si,  0.4 st
%Cpu(s):  4.5 us,  1.6 sy,  0.0 ni, 93.6 id,  0.0 wa,  0.0 hi,  0.0 si,  0.3 st
%Cpu(s):  3.1 us,  2.2 sy,  0.0 ni, 94.3 id,  0.0 wa,  0.0 hi,  0.1 si,  0.2 st
%Cpu(s):  3.0 us,  2.0 sy,  0.0 ni, 94.8 id,  0.0 wa,  0.0 hi,  0.0 si,  0.1 st
%Cpu(s):  4.4 us,  2.1 sy,  0.0 ni, 93.0 id,  0.1 wa,  0.0 hi,  0.0 si,  0.4 st
%Cpu(s):  4.8 us,  3.3 sy,  0.0 ni, 91.6 id,  0.0 wa,  0.0 hi,  0.0 si,  0.3 st
%Cpu(s): 54.4 us,  4.0 sy,  0.0 ni, 41.2 id,  0.0 wa,  0.0 hi,  0.2 si,  0.1 st
%Cpu(s): 60.2 us,  4.1 sy,  0.0 ni, 35.2 id,  0.0 wa,  0.0 hi,  0.5 si,  0.0 st
%Cpu(s): 55.3 us,  3.2 sy,  0.0 ni, 40.7 id,  0.0 wa,  0.0 hi,  0.7 si,  0.0 st
%Cpu(s): 57.3 us,  4.5 sy,  0.0 ni, 37.1 id,  0.0 wa,  0.0 hi,  1.0 si,  0.1 st
%Cpu(s): 80.7 us,  3.4 sy,  0.0 ni, 15.2 id,  0.0 wa,  0.0 hi,  0.7 si,  0.0 st
%Cpu(s): 48.1 us,  3.4 sy,  0.0 ni, 48.0 id,  0.0 wa,  0.0 hi,  0.4 si,  0.1 st
%Cpu(s): 53.3 us,  3.1 sy,  0.0 ni, 43.2 id,  0.0 wa,  0.0 hi,  0.4 si,  0.0 st
%Cpu(s): 21.7 us,  3.4 sy,  0.0 ni, 74.2 id,  0.0 wa,  0.0 hi,  0.6 si,  0.0 st
%Cpu(s): 32.5 us,  3.5 sy,  0.0 ni, 63.3 id,  0.0 wa,  0.0 hi,  0.4 si,  0.3 st
%Cpu(s): 41.2 us,  2.8 sy,  0.0 ni, 55.4 id,  0.0 wa,  0.0 hi,  0.6 si,  0.0 st
%Cpu(s): 17.5 us,  4.0 sy,  0.0 ni, 77.5 id,  0.0 wa,  0.0 hi,  1.0 si,  0.0 st
%Cpu(s): 19.0 us,  4.2 sy,  0.0 ni, 76.2 id,  0.0 wa,  0.0 hi,  0.5 si,  0.0 st
%Cpu(s): 11.1 us,  4.2 sy,  0.0 ni, 83.7 id,  0.0 wa,  0.0 hi,  0.7 si,  0.2 st
%Cpu(s): 11.1 us,  4.3 sy,  0.0 ni, 83.6 id,  0.0 wa,  0.0 hi,  0.9 si,  0.1 st
%Cpu(s): 13.6 us,  4.1 sy,  0.0 ni, 81.6 id,  0.0 wa,  0.0 hi,  0.8 si,  0.0 st
%Cpu(s):  8.0 us,  5.1 sy,  0.0 ni, 86.2 id,  0.0 wa,  0.0 hi,  0.6 si,  0.1 st
%Cpu(s):  9.7 us,  4.0 sy,  0.0 ni, 85.4 id,  0.0 wa,  0.0 hi,  0.8 si,  0.1 st
%Cpu(s): 35.3 us,  3.2 sy,  0.0 ni, 61.2 id,  0.0 wa,  0.0 hi,  0.2 si,  0.0 st
%Cpu(s): 27.3 us,  3.4 sy,  0.0 ni, 69.0 id,  0.0 wa,  0.0 hi,  0.3 si,  0.0 st
%Cpu(s): 39.4 us,  3.1 sy,  0.0 ni, 56.7 id,  0.0 wa,  0.0 hi,  0.6 si,  0.1 st
%Cpu(s): 20.3 us,  4.9 sy,  0.0 ni, 74.1 id,  0.0 wa,  0.0 hi,  0.8 si,  0.0 st
%Cpu(s): 43.6 us,  4.0 sy,  0.0 ni, 51.8 id,  0.0 wa,  0.0 hi,  0.5 si,  0.1 st
%Cpu(s): 13.8 us,  4.0 sy,  0.0 ni, 81.1 id,  0.0 wa,  0.0 hi,  1.0 si,  0.1 st
%Cpu(s): 15.3 us,  3.2 sy,  0.0 ni, 81.0 id,  0.0 wa,  0.0 hi,  0.5 si,  0.0 st
%Cpu(s): 14.4 us,  4.1 sy,  0.0 ni, 81.1 id,  0.0 wa,  0.0 hi,  0.4 si,  0.0 st
%Cpu(s):  7.2 us,  4.1 sy,  0.0 ni, 87.9 id,  0.0 wa,  0.0 hi,  0.6 si,  0.1 st
%Cpu(s):  9.1 us,  5.1 sy,  0.0 ni, 84.8 id,  0.0 wa,  0.0 hi,  0.7 si,  0.2 st
%Cpu(s): 13.1 us,  3.7 sy,  0.0 ni, 82.9 id,  0.0 wa,  0.0 hi,  0.3 si,  0.0 st
%Cpu(s): 13.5 us,  4.6 sy,  0.0 ni, 81.4 id,  0.0 wa,  0.0 hi,  0.4 si,  0.1 st
%Cpu(s):  8.1 us,  4.3 sy,  0.0 ni, 87.0 id,  0.0 wa,  0.0 hi,  0.6 si,  0.0 st
%Cpu(s): 15.4 us,  4.0 sy,  0.0 ni, 80.1 id,  0.0 wa,  0.0 hi,  0.4 si,  0.1 st
%Cpu(s): 14.9 us,  4.0 sy,  0.0 ni, 80.5 id,  0.0 wa,  0.0 hi,  0.5 si,  0.0 st
%Cpu(s): 20.5 us,  3.9 sy,  0.0 ni, 75.3 id,  0.0 wa,  0.0 hi,  0.3 si,  0.1 st
%Cpu(s): 20.8 us,  3.7 sy,  0.0 ni, 74.9 id,  0.0 wa,  0.0 hi,  0.5 si,  0.1 st
%Cpu(s): 11.4 us,  4.8 sy,  0.0 ni, 82.9 id,  0.1 wa,  0.0 hi,  0.6 si,  0.1 st
%Cpu(s):  7.3 us,  5.5 sy,  0.0 ni, 86.4 id,  0.0 wa,  0.0 hi,  0.9 si,  0.0 st
%Cpu(s):  6.3 us,  3.8 sy,  0.0 ni, 89.6 id,  0.0 wa,  0.0 hi,  0.4 si,  0.0 st
%Cpu(s): 12.9 us,  5.5 sy,  0.0 ni, 80.9 id,  0.0 wa,  0.0 hi,  0.6 si,  0.1 st
%Cpu(s):  9.4 us,  3.5 sy,  0.0 ni, 86.5 id,  0.0 wa,  0.0 hi,  0.6 si,  0.0 st
%Cpu(s):  7.8 us,  4.0 sy,  0.0 ni, 87.8 id,  0.0 wa,  0.0 hi,  0.3 si,  0.1 st
%Cpu(s):  8.8 us,  4.3 sy,  0.0 ni, 86.5 id,  0.0 wa,  0.0 hi,  0.4 si,  0.0 st
%Cpu(s):  8.1 us,  3.8 sy,  0.0 ni, 87.6 id,  0.0 wa,  0.0 hi,  0.4 si,  0.1 st
%Cpu(s):  7.3 us,  5.4 sy,  0.0 ni, 86.7 id,  0.0 wa,  0.0 hi,  0.5 si,  0.1 st
%Cpu(s): 11.3 us,  4.4 sy,  0.0 ni, 83.5 id,  0.1 wa,  0.0 hi,  0.6 si,  0.0 st
%Cpu(s):  7.0 us,  4.1 sy,  0.0 ni, 88.1 id,  0.0 wa,  0.0 hi,  0.6 si,  0.3 st
%Cpu(s):  5.6 us,  3.4 sy,  0.0 ni, 90.3 id,  0.0 wa,  0.0 hi,  0.6 si,  0.0 st
%Cpu(s):  7.8 us,  4.4 sy,  0.0 ni, 87.4 id,  0.0 wa,  0.0 hi,  0.4 si,  0.1 st
%Cpu(s): 14.4 us,  4.0 sy,  0.0 ni, 81.1 id,  0.0 wa,  0.0 hi,  0.5 si,  0.0 st
%Cpu(s):  7.6 us,  5.1 sy,  0.0 ni, 86.5 id,  0.0 wa,  0.0 hi,  0.7 si,  0.0 st
%Cpu(s):  8.3 us,  4.5 sy,  0.0 ni, 86.3 id,  0.0 wa,  0.0 hi,  0.6 si,  0.3 st
%Cpu(s):  6.7 us,  4.0 sy,  0.0 ni, 88.5 id,  0.0 wa,  0.0 hi,  0.6 si,  0.1 st
%Cpu(s):  4.7 us,  3.6 sy,  0.0 ni, 90.8 id,  0.0 wa,  0.0 hi,  0.9 si,  0.0 st
%Cpu(s):  5.7 us,  3.7 sy,  0.0 ni, 89.9 id,  0.0 wa,  0.0 hi,  0.6 si,  0.1 st
%Cpu(s):  5.4 us,  3.9 sy,  0.0 ni, 89.6 id,  0.0 wa,  0.0 hi,  0.9 si,  0.3 st
%Cpu(s):  2.6 us,  2.3 sy,  0.0 ni, 94.8 id,  0.0 wa,  0.0 hi,  0.1 si,  0.1 st
%Cpu(s):  3.4 us,  2.9 sy,  0.0 ni, 93.7 id,  0.0 wa,  0.0 hi,  0.0 si,  0.0 st
%Cpu(s):  2.6 us,  1.6 sy,  0.0 ni, 95.4 id,  0.0 wa,  0.0 hi,  0.0 si,  0.4 st
%Cpu(s):  2.4 us,  1.8 sy,  0.0 ni, 95.6 id,  0.0 wa,  0.0 hi,  0.0 si,  0.3 st
%Cpu(s):  2.5 us,  2.4 sy,  0.0 ni, 94.6 id,  0.1 wa,  0.0 hi,  0.1 si,  0.3 st
%Cpu(s):  3.5 us,  2.4 sy,  0.0 ni, 93.7 id,  0.0 wa,  0.0 hi,  0.1 si,  0.3 st
%Cpu(s):  5.0 us,  2.3 sy,  0.0 ni, 92.6 id,  0.0 wa,  0.0 hi,  0.0 si,  0.1 st
%Cpu(s):  4.1 us,  2.8 sy,  0.0 ni, 92.9 id,  0.0 wa,  0.0 hi,  0.1 si,  0.1 st
%Cpu(s):  3.9 us,  2.3 sy,  0.0 ni, 93.5 id,  0.0 wa,  0.0 hi,  0.1 si,  0.3 st
%Cpu(s):  3.3 us,  2.0 sy,  0.0 ni, 94.3 id,  0.1 wa,  0.0 hi,  0.0 si,  0.3 st
