%Cpu(s):  2.2 us,  0.2 sy,  0.0 ni, 97.5 id,  0.0 wa,  0.0 hi,  0.0 si,  0.0 st
%Cpu(s): 13.7 us,  2.3 sy,  0.0 ni, 83.7 id,  0.0 wa,  0.0 hi,  0.0 si,  0.3 st
%Cpu(s): 11.2 us,  4.7 sy,  0.0 ni, 83.9 id,  0.0 wa,  0.0 hi,  0.1 si,  0.0 st
%Cpu(s):  7.3 us,  5.2 sy,  0.0 ni, 87.3 id,  0.0 wa,  0.0 hi,  0.0 si,  0.3 st
%Cpu(s):  4.8 us,  3.7 sy,  0.0 ni, 91.1 id,  0.0 wa,  0.0 hi,  0.1 si,  0.3 st
%Cpu(s):  5.6 us,  3.5 sy,  0.0 ni, 90.7 id,  0.0 wa,  0.0 hi,  0.1 si,  0.0 st
%Cpu(s):  5.6 us,  3.8 sy,  0.0 ni, 90.4 id,  0.0 wa,  0.0 hi,  0.0 si,  0.3 st
%Cpu(s):  6.4 us,  4.2 sy,  0.0 ni, 89.1 id,  0.0 wa,  0.0 hi,  0.1 si,  0.1 st
%Cpu(s):  5.1 us,  4.4 sy,  0.0 ni, 90.4 id,  0.0 wa,  0.0 hi,  0.0 si,  0.1 st
%Cpu(s):  6.2 us,  4.5 sy,  0.0 ni, 89.1 id,  0.0 wa,  0.0 hi,  0.0 si,  0.3 st
%Cpu(s): 55.8 us,  3.5 sy,  0.0 ni, 40.1 id,  0.1 wa,  0.0 hi,  0.5 si,  0.0 st
%Cpu(s): 92.7 us,  5.8 sy,  0.0 ni,  0.5 id,  0.0 wa,  0.0 hi,  1.0 si,  0.0 st
%Cpu(s): 91.3 us,  7.6 sy,  0.0 ni,  0.0 id,  0.0 wa,  0.0 hi,  1.1 si,  0.0 st
%Cpu(s): 90.2 us,  6.2 sy,  0.0 ni,  2.6 id,  0.0 wa,  0.0 hi,  1.0 si,  0.0 st
%Cpu(s): 61.8 us,  4.6 sy,  0.0 ni, 32.4 id,  0.0 wa,  0.0 hi,  1.3 si,  0.0 st
%Cpu(s): 54.1 us,  4.8 sy,  0.0 ni, 40.2 id,  0.0 wa,  0.0 hi,  0.9 si,  0.1 st
%Cpu(s): 66.8 us,  4.4 sy,  0.0 ni, 28.2 id,  0.0 wa,  0.0 hi,  0.5 si,  0.0 st
%Cpu(s): 51.8 us,  3.0 sy,  0.0 ni, 44.3 id,  0.0 wa,  0.0 hi,  0.9 si,  0.0 st
%Cpu(s): 30.6 us,  3.9 sy,  0.0 ni, 64.6 id,  0.0 wa,  0.0 hi,  0.9 si,  0.0 st
%Cpu(s): 55.0 us,  4.0 sy,  0.0 ni, 40.0 id,  0.0 wa,  0.0 hi,  1.0 si,  0.0 st
%Cpu(s): 66.3 us,  3.8 sy,  0.0 ni, 28.9 id,  0.0 wa,  0.0 hi,  1.0 si,  0.0 st
%Cpu(s): 50.9 us,  4.0 sy,  0.0 ni, 44.2 id,  0.0 wa,  0.0 hi,  0.8 si,  0.1 st
%Cpu(s): 37.9 us,  3.8 sy,  0.0 ni, 57.4 id,  0.0 wa,  0.0 hi,  0.9 si,  0.0 st
%Cpu(s): 27.0 us,  4.2 sy,  0.0 ni, 67.9 id,  0.0 wa,  0.0 hi,  0.8 si,  0.1 st
%Cpu(s): 21.3 us,  5.4 sy,  0.0 ni, 72.5 id,  0.0 wa,  0.0 hi,  0.8 si,  0.0 st
%Cpu(s): 18.3 us,  4.1 sy,  0.0 ni, 76.7 id,  0.0 wa,  0.0 hi,  0.8 si,  0.1 st
%Cpu(s): 24.9 us,  5.4 sy,  0.0 ni, 69.3 id,  0.0 wa,  0.0 hi,  0.4 si,  0.0 st
%Cpu(s): 32.4 us,  3.3 sy,  0.0 ni, 64.0 id,  0.0 wa,  0.0 hi,  0.4 si,  0.0 st
%Cpu(s): 11.8 us,  4.9 sy,  0.0 ni, 82.7 id,  0.0 wa,  0.0 hi,  0.6 si,  0.0 st
%Cpu(s): 36.2 us,  4.9 sy,  0.0 ni, 58.1 id,  0.0 wa,  0.0 hi,  0.8 si,  0.0 st
%Cpu(s): 14.7 us,  4.3 sy,  0.0 ni, 80.2 id,  0.1 wa,  0.0 hi,  0.5 si,  0.1 st
%Cpu(s): 11.9 us,  4.8 sy,  0.0 ni, 82.7 id,  0.0 wa,  0.0 hi,  0.5 si,  0.1 st
%Cpu(s): 10.4 us,  4.5 sy,  0.0 ni, 84.6 id,  0.0 wa,  0.0 hi,  0.5 si,  0.0 st
%Cpu(s): 17.2 us,  4.6 sy,  0.0 ni, 77.7 id,  0.0 wa,  0.0 hi,  0.5 si,  0.0 st
%Cpu(s): 53.6 us,  4.0 sy,  0.0 ni, 41.6 id,  0.0 wa,  0.0 hi,  0.8 si,  0.0 st
%Cpu(s): 47.2 us,  3.9 sy,  0.0 ni, 48.0 id,  0.0 wa,  0.0 hi,  0.9 si,  0.0 st
%Cpu(s): 38.0 us,  3.8 sy,  0.0 ni, 57.6 id,  0.0 wa,  0.0 hi,  0.4 si,  0.1 st
%Cpu(s): 34.9 us,  4.1 sy,  0.0 ni, 60.0 id,  0.0 wa,  0.0 hi,  1.0 si,  0.0 st
%Cpu(s): 16.8 us,  3.5 sy,  0.0 ni, 78.9 id,  0.0 wa,  0.0 hi,  0.8 si,  0.0 st
%Cpu(s): 53.8 us,  4.1 sy,  0.0 ni, 41.2 id,  0.0 wa,  0.0 hi,  0.8 si,  0.1 st
%Cpu(s): 22.1 us,  2.9 sy,  0.0 ni, 73.8 id,  0.1 wa,  0.0 hi,  1.0 si,  0.0 st
%Cpu(s): 35.1 us,  4.6 sy,  0.0 ni, 59.6 id,  0.0 wa,  0.0 hi,  0.8 si,  0.0 st
%Cpu(s): 17.0 us,  4.9 sy,  0.0 ni, 77.4 id,  0.0 wa,  0.0 hi,  0.6 si,  0.1 st
%Cpu(s): 14.1 us,  4.2 sy,  0.0 ni, 81.0 id,  0.0 wa,  0.0 hi,  0.8 si,  0.0 st
%Cpu(s): 40.8 us,  5.5 sy,  0.0 ni, 52.8 id,  0.0 wa,  0.0 hi,  0.9 si,  0.0 st
%Cpu(s): 38.4 us,  4.6 sy,  0.0 ni, 56.4 id,  0.0 wa,  0.0 hi,  0.6 si,  0.0 st
%Cpu(s):  8.7 us,  4.6 sy,  0.0 ni, 85.9 id,  0.0 wa,  0.0 hi,  0.6 si,  0.1 st
%Cpu(s):  8.0 us,  4.9 sy,  0.0 ni, 86.1 id,  0.0 wa,  0.0 hi,  1.0 si,  0.0 st
%Cpu(s):  8.9 us,  3.7 sy,  0.0 ni, 86.6 id,  0.0 wa,  0.0 hi,  0.8 si,  0.0 st
%Cpu(s): 12.9 us,  4.6 sy,  0.0 ni, 81.6 id,  0.0 wa,  0.0 hi,  0.8 si,  0.1 st
%Cpu(s): 11.4 us,  5.2 sy,  0.0 ni, 82.8 id,  0.0 wa,  0.0 hi,  0.5 si,  0.1 st
%Cpu(s):  8.6 us,  4.7 sy,  0.0 ni, 85.6 id,  0.0 wa,  0.0 hi,  1.0 si,  0.0 st
%Cpu(s): 12.1 us,  6.0 sy,  0.0 ni, 81.4 id,  0.0 wa,  0.0 hi,  0.5 si,  0.0 st
%Cpu(s): 11.1 us,  5.2 sy,  0.0 ni, 83.1 id,  0.0 wa,  0.0 hi,  0.5 si,  0.1 st
%Cpu(s): 17.6 us,  3.9 sy,  0.0 ni, 77.5 id,  0.0 wa,  0.0 hi,  1.0 si,  0.0 st
%Cpu(s):  8.4 us,  5.2 sy,  0.0 ni, 85.4 id,  0.1 wa,  0.0 hi,  0.9 si,  0.0 st
%Cpu(s):  8.6 us,  5.2 sy,  0.0 ni, 85.1 id,  0.0 wa,  0.0 hi,  0.9 si,  0.1 st
%Cpu(s):  8.8 us,  5.3 sy,  0.0 ni, 85.4 id,  0.0 wa,  0.0 hi,  0.5 si,  0.0 st
%Cpu(s):  9.4 us,  4.6 sy,  0.0 ni, 84.9 id,  0.0 wa,  0.0 hi,  1.0 si,  0.0 st
%Cpu(s): 10.6 us,  6.0 sy,  0.0 ni, 82.5 id,  0.0 wa,  0.0 hi,  0.9 si,  0.0 st
%Cpu(s): 15.6 us,  4.3 sy,  0.0 ni, 79.0 id,  0.0 wa,  0.0 hi,  0.9 si,  0.1 st
%Cpu(s): 22.6 us,  3.0 sy,  0.0 ni, 74.2 id,  0.0 wa,  0.0 hi,  0.3 si,  0.0 st
%Cpu(s):  7.6 us,  3.5 sy,  0.0 ni, 88.5 id,  0.0 wa,  0.0 hi,  0.3 si,  0.1 st
%Cpu(s):  6.3 us,  5.0 sy,  0.0 ni, 88.2 id,  0.0 wa,  0.0 hi,  0.4 si,  0.1 st
%Cpu(s):  4.0 us,  4.3 sy,  0.0 ni, 91.3 id,  0.0 wa,  0.0 hi,  0.1 si,  0.3 st
%Cpu(s):  4.0 us,  4.4 sy,  0.0 ni, 91.3 id,  0.1 wa,  0.0 hi,  0.0 si,  0.1 st
%Cpu(s):  3.8 us,  4.2 sy,  0.0 ni, 91.6 id,  0.0 wa,  0.0 hi,  0.1 si,  0.4 st
%Cpu(s):  3.7 us,  3.3 sy,  0.0 ni, 92.9 id,  0.0 wa,  0.0 hi,  0.0 si,  0.1 st
%Cpu(s):  3.4 us,  3.7 sy,  0.0 ni, 92.5 id,  0.0 wa,  0.0 hi,  0.1 si,  0.3 st
%Cpu(s):  3.9 us,  3.9 sy,  0.0 ni, 92.0 id,  0.0 wa,  0.0 hi,  0.0 si,  0.1 st
%Cpu(s):  8.0 us,  3.8 sy,  0.0 ni, 87.8 id,  0.1 wa,  0.0 hi,  0.0 si,  0.3 st
%Cpu(s): 11.7 us,  4.4 sy,  0.0 ni, 83.6 id,  0.0 wa,  0.0 hi,  0.2 si,  0.1 st
%Cpu(s):  4.9 us,  4.8 sy,  0.0 ni, 90.1 id,  0.0 wa,  0.0 hi,  0.1 si,  0.1 st
