%Cpu(s):  4.3 us,  0.6 sy,  0.0 ni, 95.0 id,  0.0 wa,  0.0 hi,  0.1 si,  0.0 st
%Cpu(s): 71.3 us,  7.0 sy,  0.0 ni, 21.6 id,  0.0 wa,  0.0 hi,  0.1 si,  0.0 st
%Cpu(s): 94.5 us,  4.7 sy,  0.0 ni,  0.7 id,  0.0 wa,  0.0 hi,  0.0 si,  0.0 st
%Cpu(s): 94.7 us,  4.7 sy,  0.0 ni,  0.6 id,  0.0 wa,  0.0 hi,  0.0 si,  0.0 st
%Cpu(s): 92.9 us,  4.1 sy,  0.0 ni,  3.0 id,  0.0 wa,  0.0 hi,  0.0 si,  0.0 st
%Cpu(s): 97.0 us,  2.9 sy,  0.0 ni,  0.1 id,  0.0 wa,  0.0 hi,  0.0 si,  0.0 st
%Cpu(s): 97.3 us,  2.7 sy,  0.0 ni,  0.0 id,  0.0 wa,  0.0 hi,  0.0 si,  0.0 st
%Cpu(s): 96.1 us,  3.9 sy,  0.0 ni,  0.0 id,  0.0 wa,  0.0 hi,  0.0 si,  0.0 st
%Cpu(s): 95.9 us,  4.1 sy,  0.0 ni,  0.0 id,  0.0 wa,  0.0 hi,  0.0 si,  0.0 st
%Cpu(s): 94.9 us,  4.9 sy,  0.0 ni,  0.0 id,  0.0 wa,  0.0 hi,  0.2 si,  0.0 st
%Cpu(s): 95.3 us,  4.3 sy,  0.0 ni,  0.0 id,  0.0 wa,  0.0 hi,  0.4 si,  0.0 st
%Cpu(s): 83.5 us,  2.7 sy,  0.0 ni, 13.6 id,  0.0 wa,  0.0 hi,  0.1 si,  0.0 st
%Cpu(s): 10.3 us,  1.3 sy,  0.0 ni, 88.2 id,  0.0 wa,  0.0 hi,  0.0 si,  0.3 st
%Cpu(s):  7.4 us,  1.4 sy,  0.0 ni, 91.2 id,  0.0 wa,  0.0 hi,  0.0 si,  0.0 st
%Cpu(s):  7.1 us,  2.1 sy,  0.0 ni, 90.7 id,  0.0 wa,  0.0 hi,  0.0 si,  0.1 st
%Cpu(s):  3.5 us,  2.1 sy,  0.0 ni, 94.4 id,  0.0 wa,  0.0 hi,  0.0 si,  0.0 st
%Cpu(s): 10.8 us,  1.9 sy,  0.0 ni, 87.1 id,  0.0 wa,  0.0 hi,  0.1 si,  0.1 st
%Cpu(s):  4.7 us,  1.7 sy,  0.0 ni, 93.0 id,  0.0 wa,  0.0 hi,  0.0 si,  0.5 st
%Cpu(s):  7.8 us,  2.1 sy,  0.0 ni, 89.8 id,  0.0 wa,  0.0 hi,  0.1 si,  0.1 st
%Cpu(s): 21.1 us,  3.0 sy,  0.0 ni, 75.8 id,  0.0 wa,  0.0 hi,  0.1 si,  0.0 st
%Cpu(s): 82.6 us,  7.7 sy,  0.0 ni,  8.6 id,  0.0 wa,  0.0 hi,  1.0 si,  0.0 st
%Cpu(s): 90.4 us,  8.1 sy,  0.0 ni,  0.5 id,  0.0 wa,  0.0 hi,  1.0 si,  0.0 st
%Cpu(s): 89.3 us,  9.0 sy,  0.0 ni,  0.1 id,  0.0 wa,  0.0 hi,  1.6 si,  0.0 st
%Cpu(s): 86.4 us, 11.2 sy,  0.0 ni,  0.0 id,  0.0 wa,  0.0 hi,  2.5 si,  0.0 st
%Cpu(s): 86.7 us, 11.3 sy,  0.0 ni,  0.0 id,  0.0 wa,  0.0 hi,  2.0 si,  0.0 st
%Cpu(s): 86.4 us, 11.6 sy,  0.0 ni,  0.0 id,  0.0 wa,  0.0 hi,  2.0 si,  0.0 st
%Cpu(s): 88.3 us,  9.7 sy,  0.0 ni,  0.0 id,  0.0 wa,  0.0 hi,  2.0 si,  0.0 st
%Cpu(s): 90.9 us,  7.5 sy,  0.0 ni,  0.0 id,  0.0 wa,  0.0 hi,  1.6 si,  0.0 st
%Cpu(s): 92.4 us,  6.3 sy,  0.0 ni,  0.1 id,  0.0 wa,  0.0 hi,  1.1 si,  0.0 st
%Cpu(s): 90.8 us,  7.4 sy,  0.0 ni,  0.0 id,  0.0 wa,  0.0 hi,  1.7 si,  0.0 st
%Cpu(s): 90.8 us,  8.0 sy,  0.0 ni,  0.0 id,  0.0 wa,  0.0 hi,  1.2 si,  0.0 st
%Cpu(s): 88.9 us,  9.1 sy,  0.0 ni,  0.0 id,  0.0 wa,  0.0 hi,  2.0 si,  0.0 st
%Cpu(s): 88.9 us,  9.6 sy,  0.0 ni,  0.0 id,  0.0 wa,  0.0 hi,  1.5 si,  0.0 st
%Cpu(s): 88.9 us,  7.4 sy,  0.0 ni,  2.5 id,  0.0 wa,  0.0 hi,  1.2 si,  0.0 st
%Cpu(s): 75.7 us,  5.2 sy,  0.0 ni, 17.7 id,  0.0 wa,  0.0 hi,  1.4 si,  0.0 st
%Cpu(s): 73.5 us,  5.7 sy,  0.0 ni, 19.3 id,  0.0 wa,  0.0 hi,  1.4 si,  0.1 st
%Cpu(s): 14.5 us,  5.7 sy,  0.0 ni, 79.3 id,  0.1 wa,  0.0 hi,  0.4 si,  0.0 st
%Cpu(s): 23.6 us,  5.2 sy,  0.0 ni, 70.7 id,  0.0 wa,  0.0 hi,  0.6 si,  0.0 st
%Cpu(s): 65.0 us,  5.9 sy,  0.0 ni, 28.0 id,  0.0 wa,  0.0 hi,  1.0 si,  0.1 st
%Cpu(s): 48.4 us,  5.5 sy,  0.0 ni, 45.0 id,  0.0 wa,  0.0 hi,  1.0 si,  0.0 st
%Cpu(s): 39.6 us,  5.6 sy,  0.0 ni, 54.0 id,  0.0 wa,  0.0 hi,  0.8 si,  0.0 st
%Cpu(s): 47.7 us,  4.6 sy,  0.0 ni, 46.7 id,  0.0 wa,  0.0 hi,  0.8 si,  0.1 st
%Cpu(s): 30.5 us,  5.1 sy,  0.0 ni, 63.6 id,  0.0 wa,  0.0 hi,  0.8 si,  0.0 st
%Cpu(s): 21.9 us,  3.7 sy,  0.0 ni, 73.8 id,  0.0 wa,  0.0 hi,  0.6 si,  0.0 st
%Cpu(s): 38.8 us,  5.0 sy,  0.0 ni, 55.5 id,  0.0 wa,  0.0 hi,  0.6 si,  0.1 st
%Cpu(s): 34.2 us,  4.8 sy,  0.0 ni, 60.0 id,  0.0 wa,  0.0 hi,  1.0 si,  0.0 st
%Cpu(s):  9.1 us,  5.3 sy,  0.0 ni, 85.0 id,  0.1 wa,  0.0 hi,  0.5 si,  0.0 st
%Cpu(s):  7.8 us,  4.7 sy,  0.0 ni, 86.4 id,  0.0 wa,  0.0 hi,  1.1 si,  0.0 st
%Cpu(s): 10.4 us,  5.1 sy,  0.0 ni, 83.9 id,  0.0 wa,  0.0 hi,  0.6 si,  0.0 st
%Cpu(s): 12.5 us,  5.0 sy,  0.0 ni, 81.7 id,  0.0 wa,  0.0 hi,  0.8 si,  0.0 st
%Cpu(s): 11.0 us,  4.5 sy,  0.0 ni, 83.5 id,  0.0 wa,  0.0 hi,  1.0 si,  0.0 st
%Cpu(s): 22.6 us,  4.7 sy,  0.0 ni, 71.8 id,  0.0 wa,  0.0 hi,  0.8 si,  0.1 st
%Cpu(s): 38.2 us,  4.3 sy,  0.0 ni, 56.7 id,  0.0 wa,  0.0 hi,  0.8 si,  0.0 st
%Cpu(s): 19.9 us,  4.7 sy,  0.0 ni, 74.3 id,  0.0 wa,  0.0 hi,  1.1 si,  0.0 st
%Cpu(s): 13.8 us,  5.1 sy,  0.0 ni, 79.9 id,  0.0 wa,  0.0 hi,  1.0 si,  0.1 st
%Cpu(s): 16.5 us,  5.2 sy,  0.0 ni, 77.4 id,  0.0 wa,  0.0 hi,  1.0 si,  0.0 st
%Cpu(s): 12.2 us,  4.3 sy,  0.0 ni, 82.7 id,  0.1 wa,  0.0 hi,  0.6 si,  0.0 st
%Cpu(s): 19.8 us,  4.8 sy,  0.0 ni, 74.1 id,  0.0 wa,  0.0 hi,  1.3 si,  0.0 st
%Cpu(s): 12.2 us,  4.8 sy,  0.0 ni, 82.2 id,  0.0 wa,  0.0 hi,  0.8 si,  0.0 st
%Cpu(s): 25.9 us,  4.5 sy,  0.0 ni, 68.8 id,  0.0 wa,  0.0 hi,  0.6 si,  0.1 st
%Cpu(s): 26.6 us,  4.0 sy,  0.0 ni, 68.3 id,  0.0 wa,  0.0 hi,  1.0 si,  0.0 st
%Cpu(s):  6.9 us,  2.9 sy,  0.0 ni, 90.1 id,  0.0 wa,  0.0 hi,  0.1 si,  0.0 st
%Cpu(s):  2.4 us,  2.1 sy,  0.0 ni, 95.2 id,  0.0 wa,  0.0 hi,  0.0 si,  0.3 st
%Cpu(s):  2.3 us,  1.6 sy,  0.0 ni, 96.1 id,  0.0 wa,  0.0 hi,  0.0 si,  0.0 st
%Cpu(s):  3.1 us,  2.4 sy,  0.0 ni, 94.3 id,  0.0 wa,  0.0 hi,  0.1 si,  0.0 st
%Cpu(s):  3.0 us,  2.6 sy,  0.0 ni, 94.2 id,  0.0 wa,  0.0 hi,  0.0 si,  0.1 st
%Cpu(s):  1.9 us,  2.4 sy,  0.0 ni, 95.5 id,  0.1 wa,  0.0 hi,  0.1 si,  0.0 st
%Cpu(s):  2.0 us,  2.3 sy,  0.0 ni, 95.7 id,  0.0 wa,  0.0 hi,  0.0 si,  0.0 st
%Cpu(s):  1.9 us,  3.0 sy,  0.0 ni, 95.1 id,  0.0 wa,  0.0 hi,  0.0 si,  0.0 st
%Cpu(s):  2.6 us,  2.2 sy,  0.0 ni, 95.0 id,  0.0 wa,  0.0 hi,  0.0 si,  0.1 st
%Cpu(s):  2.9 us,  1.5 sy,  0.0 ni, 95.6 id,  0.0 wa,  0.0 hi,  0.0 si,  0.0 st
%Cpu(s): 29.8 us,  1.8 sy,  0.0 ni, 68.4 id,  0.0 wa,  0.0 hi,  0.0 si,  0.0 st
%Cpu(s): 67.7 us,  3.0 sy,  0.0 ni, 29.3 id,  0.0 wa,  0.0 hi,  0.0 si,  0.0 st
%Cpu(s): 14.1 us,  1.8 sy,  0.0 ni, 84.1 id,  0.0 wa,  0.0 hi,  0.0 si,  0.0 st
%Cpu(s):  3.4 us,  1.6 sy,  0.0 ni, 94.9 id,  0.0 wa,  0.0 hi,  0.0 si,  0.1 st
%Cpu(s):  1.9 us,  1.4 sy,  0.0 ni, 96.6 id,  0.0 wa,  0.0 hi,  0.1 si,  0.0 st
%Cpu(s):  2.1 us,  2.4 sy,  0.0 ni, 95.4 id,  0.1 wa,  0.0 hi,  0.0 si,  0.0 st
%Cpu(s):  1.8 us,  1.6 sy,  0.0 ni, 96.6 id,  0.0 wa,  0.0 hi,  0.0 si,  0.0 st
%Cpu(s):  3.8 us,  2.0 sy,  0.0 ni, 94.1 id,  0.0 wa,  0.0 hi,  0.0 si,  0.1 st
%Cpu(s):  4.0 us,  2.0 sy,  0.0 ni, 93.9 id,  0.0 wa,  0.0 hi,  0.1 si,  0.0 st
%Cpu(s):  3.7 us,  2.2 sy,  0.0 ni, 93.9 id,  0.0 wa,  0.0 hi,  0.0 si,  0.1 st
%Cpu(s):  2.5 us,  2.8 sy,  0.0 ni, 94.6 id,  0.1 wa,  0.0 hi,  0.0 si,  0.0 st
