%Cpu(s):  2.1 us,  0.5 sy,  0.0 ni, 97.2 id,  0.0 wa,  0.0 hi,  0.1 si,  0.1 st
%Cpu(s): 22.7 us,  0.7 sy,  0.0 ni, 76.4 id,  0.0 wa,  0.0 hi,  0.0 si,  0.1 st
%Cpu(s):  0.7 us,  0.1 sy,  0.0 ni, 99.1 id,  0.0 wa,  0.0 hi,  0.0 si,  0.0 st
%Cpu(s):  0.1 us,  0.1 sy,  0.0 ni, 99.8 id,  0.0 wa,  0.0 hi,  0.0 si,  0.0 st
%Cpu(s): 32.6 us,  4.4 sy,  0.0 ni, 62.8 id,  0.1 wa,  0.0 hi,  0.1 si,  0.0 st
%Cpu(s): 83.9 us,  3.4 sy,  0.0 ni, 12.8 id,  0.0 wa,  0.0 hi,  0.0 si,  0.0 st
%Cpu(s): 79.0 us,  3.3 sy,  0.0 ni, 17.5 id,  0.0 wa,  0.0 hi,  0.0 si,  0.3 st
%Cpu(s): 95.4 us,  3.0 sy,  0.0 ni,  1.6 id,  0.0 wa,  0.0 hi,  0.0 si,  0.0 st
%Cpu(s): 95.6 us,  2.5 sy,  0.0 ni,  1.7 id,  0.0 wa,  0.0 hi,  0.1 si,  0.0 st
%Cpu(s): 72.3 us,  2.5 sy,  0.0 ni, 25.2 id,  0.0 wa,  0.0 hi,  0.0 si,  0.0 st
%Cpu(s):  9.9 us,  2.0 sy,  0.0 ni, 87.7 id,  0.0 wa,  0.0 hi,  0.2 si,  0.2 st
%Cpu(s):  5.3 us,  2.0 sy,  0.0 ni, 92.2 id,  0.0 wa,  0.0 hi,  0.3 si,  0.3 st
%Cpu(s):  7.2 us,  2.8 sy,  0.0 ni, 89.6 id,  0.0 wa,  0.0 hi,  0.1 si,  0.2 st
%Cpu(s):  5.2 us,  3.0 sy,  0.0 ni, 91.4 id,  0.0 wa,  0.0 hi,  0.1 si,  0.2 st
%Cpu(s):  5.1 us,  2.5 sy,  0.0 ni, 91.9 id,  0.1 wa,  0.0 hi,  0.2 si,  0.1 st
%Cpu(s):  4.9 us,  2.4 sy,  0.0 ni, 92.4 id,  0.0 wa,  0.0 hi,  0.0 si,  0.4 st
%Cpu(s):  3.4 us,  1.5 sy,  0.0 ni, 94.8 id,  0.0 wa,  0.0 hi,  0.1 si,  0.1 st
%Cpu(s):  1.9 us,  2.0 sy,  0.0 ni, 95.7 id,  0.0 wa,  0.0 hi,  0.1 si,  0.3 st
%Cpu(s):  6.3 us,  1.3 sy,  0.0 ni, 92.3 id,  0.0 wa,  0.0 hi,  0.0 si,  0.1 st
%Cpu(s):  7.2 us,  2.2 sy,  0.0 ni, 90.2 id,  0.1 wa,  0.0 hi,  0.0 si,  0.2 st
%Cpu(s): 34.5 us,  3.0 sy,  0.0 ni, 61.7 id,  0.0 wa,  0.0 hi,  0.6 si,  0.3 st
%Cpu(s): 55.1 us,  3.4 sy,  0.0 ni, 40.9 id,  0.0 wa,  0.0 hi,  0.6 si,  0.0 st
%Cpu(s): 30.9 us,  2.7 sy,  0.0 ni, 65.8 id,  0.0 wa,  0.0 hi,  0.6 si,  0.0 st
%Cpu(s): 24.8 us,  4.1 sy,  0.0 ni, 70.4 id,  0.0 wa,  0.0 hi,  0.8 si,  0.0 st
%Cpu(s): 28.5 us,  4.8 sy,  0.0 ni, 65.4 id,  0.0 wa,  0.0 hi,  1.0 si,  0.3 st
%Cpu(s): 31.8 us,  3.9 sy,  0.0 ni, 63.6 id,  0.0 wa,  0.0 hi,  0.8 si,  0.0 st
%Cpu(s): 10.0 us,  4.8 sy,  0.0 ni, 84.1 id,  0.0 wa,  0.0 hi,  1.0 si,  0.1 st
%Cpu(s): 10.8 us,  4.6 sy,  0.0 ni, 83.8 id,  0.0 wa,  0.0 hi,  0.8 si,  0.0 st
%Cpu(s):  8.8 us,  3.2 sy,  0.0 ni, 86.9 id,  0.0 wa,  0.0 hi,  0.9 si,  0.1 st
%Cpu(s):  8.5 us,  5.6 sy,  0.0 ni, 85.2 id,  0.0 wa,  0.0 hi,  0.6 si,  0.1 st
%Cpu(s):  9.4 us,  5.6 sy,  0.0 ni, 84.0 id,  0.0 wa,  0.0 hi,  1.0 si,  0.0 st
%Cpu(s):  9.7 us,  3.6 sy,  0.0 ni, 86.1 id,  0.0 wa,  0.0 hi,  0.6 si,  0.0 st
%Cpu(s):  7.2 us,  5.0 sy,  0.0 ni, 86.8 id,  0.0 wa,  0.0 hi,  1.0 si,  0.0 st
%Cpu(s): 14.4 us,  3.5 sy,  0.0 ni, 80.9 id,  0.0 wa,  0.0 hi,  1.0 si,  0.1 st
%Cpu(s): 16.3 us,  4.0 sy,  0.0 ni, 78.7 id,  0.1 wa,  0.0 hi,  0.9 si,  0.0 st
%Cpu(s): 12.9 us,  4.1 sy,  0.0 ni, 82.2 id,  0.0 wa,  0.0 hi,  0.6 si,  0.1 st
%Cpu(s):  8.4 us,  5.2 sy,  0.0 ni, 85.1 id,  0.0 wa,  0.0 hi,  1.3 si,  0.1 st
%Cpu(s): 11.5 us,  5.1 sy,  0.0 ni, 82.3 id,  0.0 wa,  0.0 hi,  1.0 si,  0.0 st
%Cpu(s): 20.1 us,  4.2 sy,  0.0 ni, 75.0 id,  0.0 wa,  0.0 hi,  0.8 si,  0.0 st
%Cpu(s): 10.8 us,  5.0 sy,  0.0 ni, 83.4 id,  0.0 wa,  0.0 hi,  0.8 si,  0.1 st
%Cpu(s): 11.5 us,  4.2 sy,  0.0 ni, 83.6 id,  0.0 wa,  0.0 hi,  0.5 si,  0.1 st
%Cpu(s): 18.3 us,  4.7 sy,  0.0 ni, 76.5 id,  0.0 wa,  0.0 hi,  0.5 si,  0.0 st
%Cpu(s): 23.1 us,  4.0 sy,  0.0 ni, 72.4 id,  0.0 wa,  0.0 hi,  0.4 si,  0.1 st
%Cpu(s):  9.8 us,  4.7 sy,  0.0 ni, 84.4 id,  0.0 wa,  0.0 hi,  1.0 si,  0.1 st
%Cpu(s):  5.9 us,  4.9 sy,  0.0 ni, 88.5 id,  0.0 wa,  0.0 hi,  0.6 si,  0.1 st
%Cpu(s):  8.0 us,  4.2 sy,  0.0 ni, 87.0 id,  0.0 wa,  0.0 hi,  0.8 si,  0.1 st
%Cpu(s):  7.5 us,  5.4 sy,  0.0 ni, 86.2 id,  0.0 wa,  0.0 hi,  1.0 si,  0.0 st
%Cpu(s):  6.0 us,  4.1 sy,  0.0 ni, 89.1 id,  0.0 wa,  0.0 hi,  0.6 si,  0.1 st
%Cpu(s):  6.2 us,  4.4 sy,  0.0 ni, 88.3 id,  0.4 wa,  0.0 hi,  0.8 si,  0.0 st
%Cpu(s):  8.3 us,  4.7 sy,  0.0 ni, 86.0 id,  0.0 wa,  0.0 hi,  0.9 si,  0.1 st
%Cpu(s):  8.5 us,  4.5 sy,  0.0 ni, 86.1 id,  0.0 wa,  0.0 hi,  0.8 si,  0.1 st
%Cpu(s):  7.2 us,  4.3 sy,  0.0 ni, 87.8 id,  0.0 wa,  0.0 hi,  0.5 si,  0.1 st
%Cpu(s):  6.2 us,  3.9 sy,  0.0 ni, 89.1 id,  0.0 wa,  0.0 hi,  0.8 si,  0.0 st
%Cpu(s):  8.2 us,  5.0 sy,  0.0 ni, 85.9 id,  0.0 wa,  0.0 hi,  0.9 si,  0.0 st
%Cpu(s): 12.2 us,  4.3 sy,  0.0 ni, 82.4 id,  0.0 wa,  0.0 hi,  0.9 si,  0.3 st
%Cpu(s):  5.9 us,  3.9 sy,  0.0 ni, 89.5 id,  0.0 wa,  0.0 hi,  0.8 si,  0.0 st
%Cpu(s):  9.7 us,  4.3 sy,  0.0 ni, 85.5 id,  0.0 wa,  0.0 hi,  0.4 si,  0.1 st
%Cpu(s):  7.4 us,  3.9 sy,  0.0 ni, 87.6 id,  0.0 wa,  0.0 hi,  1.0 si,  0.0 st
%Cpu(s):  7.0 us,  4.4 sy,  0.0 ni, 87.2 id,  0.0 wa,  0.0 hi,  1.1 si,  0.3 st
%Cpu(s):  6.4 us,  3.3 sy,  0.0 ni, 89.7 id,  0.1 wa,  0.0 hi,  0.5 si,  0.0 st
%Cpu(s):  6.7 us,  4.9 sy,  0.0 ni, 87.4 id,  0.0 wa,  0.0 hi,  0.9 si,  0.1 st
%Cpu(s):  4.4 us,  3.3 sy,  0.0 ni, 91.8 id,  0.0 wa,  0.0 hi,  0.4 si,  0.1 st
%Cpu(s):  2.9 us,  2.9 sy,  0.0 ni, 93.6 id,  0.0 wa,  0.0 hi,  0.3 si,  0.3 st
%Cpu(s): 11.7 us,  3.3 sy,  0.0 ni, 84.5 id,  0.0 wa,  0.0 hi,  0.4 si,  0.1 st
%Cpu(s):  3.2 us,  2.8 sy,  0.0 ni, 93.5 id,  0.0 wa,  0.0 hi,  0.4 si,  0.1 st
%Cpu(s):  3.4 us,  3.0 sy,  0.0 ni, 92.9 id,  0.0 wa,  0.0 hi,  0.3 si,  0.4 st
%Cpu(s):  4.0 us,  2.7 sy,  0.0 ni, 92.8 id,  0.0 wa,  0.0 hi,  0.5 si,  0.0 st
%Cpu(s):  4.8 us,  2.5 sy,  0.0 ni, 92.0 id,  0.0 wa,  0.0 hi,  0.3 si,  0.4 st
%Cpu(s):  6.9 us,  3.0 sy,  0.0 ni, 89.6 id,  0.0 wa,  0.0 hi,  0.1 si,  0.3 st
%Cpu(s): 18.3 us,  3.4 sy,  0.0 ni, 77.8 id,  0.0 wa,  0.0 hi,  0.4 si,  0.1 st
%Cpu(s):  6.8 us,  3.4 sy,  0.0 ni, 89.1 id,  0.0 wa,  0.0 hi,  0.5 si,  0.3 st
%Cpu(s):  6.1 us,  3.2 sy,  0.0 ni, 90.2 id,  0.0 wa,  0.0 hi,  0.4 si,  0.3 st
%Cpu(s):  7.1 us,  4.0 sy,  0.0 ni, 88.3 id,  0.0 wa,  0.0 hi,  0.4 si,  0.2 st
