%Cpu(s):  1.6 us,  0.5 sy,  0.0 ni, 97.7 id,  0.0 wa,  0.0 hi,  0.0 si,  0.1 st
%Cpu(s): 13.4 us,  2.1 sy,  0.0 ni, 84.2 id,  0.0 wa,  0.0 hi,  0.0 si,  0.2 st
%Cpu(s): 86.2 us,  3.9 sy,  0.0 ni,  9.9 id,  0.0 wa,  0.0 hi,  0.0 si,  0.0 st
%Cpu(s): 78.1 us,  2.5 sy,  0.0 ni, 19.2 id,  0.0 wa,  0.0 hi,  0.0 si,  0.1 st
%Cpu(s): 94.0 us,  3.1 sy,  0.0 ni,  2.9 id,  0.0 wa,  0.0 hi,  0.0 si,  0.0 st
%Cpu(s): 96.0 us,  2.8 sy,  0.0 ni,  1.3 id,  0.0 wa,  0.0 hi,  0.0 si,  0.0 st
%Cpu(s): 78.5 us,  2.4 sy,  0.0 ni, 19.1 id,  0.0 wa,  0.0 hi,  0.0 si,  0.0 st
%Cpu(s): 13.0 us,  1.1 sy,  0.0 ni, 85.6 id,  0.0 wa,  0.0 hi,  0.0 si,  0.3 st
%Cpu(s):  5.4 us,  2.0 sy,  0.0 ni, 92.3 id,  0.0 wa,  0.0 hi,  0.0 si,  0.3 st
%Cpu(s):  4.6 us,  2.3 sy,  0.0 ni, 92.8 id,  0.0 wa,  0.0 hi,  0.0 si,  0.3 st
%Cpu(s):  2.4 us,  1.3 sy,  0.0 ni, 96.0 id,  0.0 wa,  0.0 hi,  0.1 si,  0.1 st
%Cpu(s):  3.3 us,  2.0 sy,  0.0 ni, 94.6 id,  0.0 wa,  0.0 hi,  0.0 si,  0.1 st
%Cpu(s):  4.3 us,  1.3 sy,  0.0 ni, 94.2 id,  0.0 wa,  0.0 hi,  0.0 si,  0.3 st
%Cpu(s):  1.3 us,  1.9 sy,  0.0 ni, 96.8 id,  0.0 wa,  0.0 hi,  0.0 si,  0.0 st
%Cpu(s):  4.6 us,  1.5 sy,  0.0 ni, 93.7 id,  0.0 wa,  0.0 hi,  0.0 si,  0.3 st
%Cpu(s):  2.4 us,  1.7 sy,  0.0 ni, 95.7 id,  0.0 wa,  0.0 hi,  0.0 si,  0.3 st
%Cpu(s):  5.5 us,  1.5 sy,  0.0 ni, 92.7 id,  0.0 wa,  0.0 hi,  0.0 si,  0.3 st
%Cpu(s): 27.4 us,  2.4 sy,  0.0 ni, 70.0 id,  0.0 wa,  0.0 hi,  0.1 si,  0.1 st
%Cpu(s): 57.7 us,  5.1 sy,  0.0 ni, 36.5 id,  0.0 wa,  0.0 hi,  0.8 si,  0.0 st
%Cpu(s): 74.9 us,  5.6 sy,  0.0 ni, 18.0 id,  0.0 wa,  0.0 hi,  1.5 si,  0.0 st
%Cpu(s): 71.8 us,  4.3 sy,  0.0 ni, 22.6 id,  0.0 wa,  0.0 hi,  1.3 si,  0.1 st
%Cpu(s): 44.7 us,  5.0 sy,  0.0 ni, 49.3 id,  0.1 wa,  0.0 hi,  0.9 si,  0.0 st
%Cpu(s): 25.8 us,  5.0 sy,  0.0 ni, 68.7 id,  0.0 wa,  0.0 hi,  0.5 si,  0.0 st
%Cpu(s): 35.6 us,  5.0 sy,  0.0 ni, 58.2 id,  0.0 wa,  0.0 hi,  1.0 si,  0.1 st
%Cpu(s): 14.3 us,  5.4 sy,  0.0 ni, 78.6 id,  0.8 wa,  0.0 hi,  0.9 si,  0.0 st
%Cpu(s): 14.1 us,  4.9 sy,  0.0 ni, 80.1 id,  0.0 wa,  0.0 hi,  0.8 si,  0.1 st
%Cpu(s): 12.1 us,  4.7 sy,  0.0 ni, 82.7 id,  0.0 wa,  0.0 hi,  0.5 si,  0.0 st
%Cpu(s):  9.4 us,  4.3 sy,  0.0 ni, 85.5 id,  0.0 wa,  0.0 hi,  0.8 si,  0.0 st
%Cpu(s): 13.7 us,  4.4 sy,  0.0 ni, 81.1 id,  0.0 wa,  0.0 hi,  0.8 si,  0.0 st
%Cpu(s): 27.2 us,  5.1 sy,  0.0 ni, 66.6 id,  0.0 wa,  0.0 hi,  1.0 si,  0.0 st
%Cpu(s): 14.5 us,  4.2 sy,  0.0 ni, 80.0 id,  0.0 wa,  0.0 hi,  1.3 si,  0.1 st
%Cpu(s): 15.5 us,  4.0 sy,  0.0 ni, 79.6 id,  0.0 wa,  0.0 hi,  1.0 si,  0.0 st
%Cpu(s): 25.5 us,  3.9 sy,  0.0 ni, 69.1 id,  0.0 wa,  0.0 hi,  1.4 si,  0.0 st
%Cpu(s):  8.4 us,  4.7 sy,  0.0 ni, 85.9 id,  0.0 wa,  0.0 hi,  0.9 si,  0.1 st
%Cpu(s):  9.5 us,  4.9 sy,  0.0 ni, 85.0 id,  0.0 wa,  0.0 hi,  0.6 si,  0.0 st
%Cpu(s): 24.1 us,  3.8 sy,  0.0 ni, 70.9 id,  0.0 wa,  0.0 hi,  1.0 si,  0.1 st
%Cpu(s):  8.5 us,  4.7 sy,  0.0 ni, 85.9 id,  0.1 wa,  0.0 hi,  0.8 si,  0.0 st
%Cpu(s):  9.5 us,  5.1 sy,  0.0 ni, 84.5 id,  0.0 wa,  0.0 hi,  0.9 si,  0.0 st
%Cpu(s):  7.4 us,  5.1 sy,  0.0 ni, 86.9 id,  0.0 wa,  0.0 hi,  0.6 si,  0.0 st
%Cpu(s):  8.4 us,  4.0 sy,  0.0 ni, 86.5 id,  0.0 wa,  0.0 hi,  0.9 si,  0.1 st
%Cpu(s):  7.1 us,  4.1 sy,  0.0 ni, 88.0 id,  0.0 wa,  0.0 hi,  0.9 si,  0.0 st
%Cpu(s):  6.6 us,  4.3 sy,  0.0 ni, 87.9 id,  0.0 wa,  0.0 hi,  1.1 si,  0.0 st
%Cpu(s):  5.6 us,  4.6 sy,  0.0 ni, 88.6 id,  0.0 wa,  0.0 hi,  1.2 si,  0.0 st
%Cpu(s):  7.9 us,  4.6 sy,  0.0 ni, 86.3 id,  0.0 wa,  0.0 hi,  1.1 si,  0.1 st
%Cpu(s):  8.4 us,  5.6 sy,  0.0 ni, 83.4 id,  1.5 wa,  0.0 hi,  1.0 si,  0.1 st
%Cpu(s):  6.8 us,  5.8 sy,  0.0 ni, 86.4 id,  0.0 wa,  0.0 hi,  1.0 si,  0.0 st
%Cpu(s): 10.5 us,  5.0 sy,  0.0 ni, 83.7 id,  0.0 wa,  0.0 hi,  0.8 si,  0.0 st
%Cpu(s): 10.3 us,  3.7 sy,  0.0 ni, 85.2 id,  0.0 wa,  0.0 hi,  0.8 si,  0.0 st
%Cpu(s):  6.0 us,  4.3 sy,  0.0 ni, 88.8 id,  0.0 wa,  0.0 hi,  0.9 si,  0.0 st
%Cpu(s):  8.7 us,  5.0 sy,  0.0 ni, 85.3 id,  0.0 wa,  0.0 hi,  0.9 si,  0.1 st
%Cpu(s):  9.7 us,  4.2 sy,  0.0 ni, 85.1 id,  0.0 wa,  0.0 hi,  0.9 si,  0.1 st
%Cpu(s):  9.4 us,  4.8 sy,  0.0 ni, 84.6 id,  0.0 wa,  0.0 hi,  1.3 si,  0.0 st
%Cpu(s):  9.1 us,  4.0 sy,  0.0 ni, 85.7 id,  0.0 wa,  0.0 hi,  1.0 si,  0.1 st
%Cpu(s):  6.6 us,  5.5 sy,  0.0 ni, 86.9 id,  0.0 wa,  0.0 hi,  1.0 si,  0.0 st
%Cpu(s):  6.6 us,  5.5 sy,  0.0 ni, 86.9 id,  0.0 wa,  0.0 hi,  0.9 si,  0.1 st
%Cpu(s):  7.1 us,  4.5 sy,  0.0 ni, 87.5 id,  0.0 wa,  0.0 hi,  0.9 si,  0.0 st
%Cpu(s):  6.0 us,  5.3 sy,  0.0 ni, 88.1 id,  0.0 wa,  0.0 hi,  0.6 si,  0.0 st
%Cpu(s):  6.6 us,  4.9 sy,  0.0 ni, 87.7 id,  0.0 wa,  0.0 hi,  0.8 si,  0.0 st
%Cpu(s):  6.3 us,  5.2 sy,  0.0 ni, 87.8 id,  0.0 wa,  0.0 hi,  0.8 si,  0.0 st
%Cpu(s):  4.7 us,  3.7 sy,  0.0 ni, 90.7 id,  0.0 wa,  0.0 hi,  0.8 si,  0.1 st
%Cpu(s):  6.6 us,  4.2 sy,  0.0 ni, 88.2 id,  0.0 wa,  0.0 hi,  1.0 si,  0.0 st
%Cpu(s):  3.0 us,  1.9 sy,  0.0 ni, 94.9 id,  0.0 wa,  0.0 hi,  0.0 si,  0.3 st
%Cpu(s):  1.3 us,  1.7 sy,  0.0 ni, 96.9 id,  0.0 wa,  0.0 hi,  0.0 si,  0.1 st
%Cpu(s):  2.3 us,  2.6 sy,  0.0 ni, 94.9 id,  0.0 wa,  0.0 hi,  0.1 si,  0.1 st
%Cpu(s):  1.9 us,  1.6 sy,  0.0 ni, 96.3 id,  0.0 wa,  0.0 hi,  0.0 si,  0.1 st
%Cpu(s):  6.8 us,  1.6 sy,  0.0 ni, 91.4 id,  0.0 wa,  0.0 hi,  0.0 si,  0.1 st
%Cpu(s):  8.8 us,  1.9 sy,  0.0 ni, 89.2 id,  0.0 wa,  0.0 hi,  0.0 si,  0.1 st
%Cpu(s):  2.1 us,  1.6 sy,  0.0 ni, 95.8 id,  0.0 wa,  0.0 hi,  0.0 si,  0.4 st
%Cpu(s):  1.6 us,  1.9 sy,  0.0 ni, 96.3 id,  0.0 wa,  0.0 hi,  0.0 si,  0.2 st
%Cpu(s):  1.9 us,  1.3 sy,  0.0 ni, 94.7 id,  2.0 wa,  0.0 hi,  0.0 si,  0.1 st
%Cpu(s):  1.9 us,  1.9 sy,  0.0 ni, 95.8 id,  0.0 wa,  0.0 hi,  0.0 si,  0.4 st
