%Cpu(s):  3.4 us,  0.7 sy,  0.0 ni, 95.8 id,  0.0 wa,  0.0 hi,  0.0 si,  0.0 st
%Cpu(s): 81.1 us,  5.9 sy,  0.0 ni, 12.8 id,  0.0 wa,  0.0 hi,  0.1 si,  0.1 st
%Cpu(s): 81.1 us,  2.4 sy,  0.0 ni, 16.5 id,  0.0 wa,  0.0 hi,  0.0 si,  0.0 st
%Cpu(s): 93.8 us,  2.6 sy,  0.0 ni,  3.6 id,  0.0 wa,  0.0 hi,  0.0 si,  0.0 st
%Cpu(s): 95.9 us,  2.4 sy,  0.0 ni,  1.6 id,  0.0 wa,  0.0 hi,  0.0 si,  0.1 st
%Cpu(s): 95.8 us,  3.0 sy,  0.0 ni,  1.2 id,  0.0 wa,  0.0 hi,  0.0 si,  0.0 st
%Cpu(s): 28.6 us,  2.5 sy,  0.0 ni, 68.5 id,  0.0 wa,  0.0 hi,  0.3 si,  0.1 st
%Cpu(s): 12.2 us,  3.0 sy,  0.0 ni, 84.4 id,  0.0 wa,  0.0 hi,  0.3 si,  0.1 st
%Cpu(s):  8.8 us,  3.5 sy,  0.0 ni, 87.1 id,  0.0 wa,  0.0 hi,  0.4 si,  0.2 st
%Cpu(s):  6.9 us,  2.4 sy,  0.0 ni, 90.3 id,  0.0 wa,  0.0 hi,  0.1 si,  0.3 st
%Cpu(s): 11.6 us,  2.1 sy,  0.0 ni, 85.9 id,  0.0 wa,  0.0 hi,  0.0 si,  0.4 st
%Cpu(s): 11.7 us,  2.8 sy,  0.0 ni, 85.0 id,  0.0 wa,  0.0 hi,  0.3 si,  0.3 st
%Cpu(s):  8.6 us,  3.2 sy,  0.0 ni, 88.1 id,  0.0 wa,  0.0 hi,  0.1 si,  0.0 st
%Cpu(s):  8.0 us,  3.6 sy,  0.0 ni, 88.3 id,  0.0 wa,  0.0 hi,  0.0 si,  0.1 st
%Cpu(s):  5.8 us,  3.5 sy,  0.0 ni, 90.6 id,  0.0 wa,  0.0 hi,  0.0 si,  0.1 st
%Cpu(s):  7.3 us,  4.6 sy,  0.0 ni, 88.0 id,  0.0 wa,  0.0 hi,  0.0 si,  0.0 st
%Cpu(s): 69.8 us,  6.5 sy,  0.0 ni, 22.8 id,  0.1 wa,  0.0 hi,  0.8 si,  0.0 st
%Cpu(s): 87.4 us, 10.0 sy,  0.0 ni,  0.6 id,  0.0 wa,  0.0 hi,  2.0 si,  0.0 st
%Cpu(s): 91.2 us,  7.5 sy,  0.0 ni,  0.0 id,  0.0 wa,  0.0 hi,  1.4 si,  0.0 st
%Cpu(s): 90.1 us,  7.4 sy,  0.0 ni,  1.0 id,  0.0 wa,  0.0 hi,  1.5 si,  0.0 st
%Cpu(s): 91.1 us,  5.2 sy,  0.0 ni,  2.4 id,  0.0 wa,  0.0 hi,  1.2 si,  0.0 st
%Cpu(s): 84.1 us,  5.9 sy,  0.0 ni,  8.5 id,  0.0 wa,  0.0 hi,  1.5 si,  0.0 st
%Cpu(s): 31.7 us,  5.7 sy,  0.0 ni, 61.7 id,  0.0 wa,  0.0 hi,  0.8 si,  0.1 st
%Cpu(s): 52.8 us,  5.4 sy,  0.0 ni, 40.9 id,  0.0 wa,  0.0 hi,  0.9 si,  0.0 st
%Cpu(s): 27.6 us,  5.3 sy,  0.0 ni, 66.2 id,  0.0 wa,  0.0 hi,  0.9 si,  0.0 st
%Cpu(s): 19.5 us,  5.0 sy,  0.0 ni, 74.7 id,  0.0 wa,  0.0 hi,  0.8 si,  0.0 st
%Cpu(s): 17.2 us,  5.0 sy,  0.0 ni, 77.0 id,  0.0 wa,  0.0 hi,  0.9 si,  0.0 st
%Cpu(s): 30.6 us,  5.1 sy,  0.0 ni, 63.4 id,  0.0 wa,  0.0 hi,  0.9 si,  0.0 st
%Cpu(s): 28.5 us,  5.1 sy,  0.0 ni, 65.4 id,  0.0 wa,  0.0 hi,  1.0 si,  0.0 st
%Cpu(s): 10.2 us,  5.5 sy,  0.0 ni, 83.4 id,  0.0 wa,  0.0 hi,  0.8 si,  0.1 st
%Cpu(s):  9.9 us,  5.7 sy,  0.0 ni, 83.5 id,  0.0 wa,  0.0 hi,  0.8 si,  0.0 st
%Cpu(s): 55.8 us,  5.5 sy,  0.0 ni, 37.7 id,  0.0 wa,  0.0 hi,  1.0 si,  0.0 st
%Cpu(s): 27.6 us,  5.9 sy,  0.0 ni, 65.6 id,  0.0 wa,  0.0 hi,  1.0 si,  0.0 st
%Cpu(s): 21.4 us,  6.4 sy,  0.0 ni, 71.4 id,  0.0 wa,  0.0 hi,  0.8 si,  0.0 st
%Cpu(s): 19.8 us,  5.5 sy,  0.0 ni, 73.4 id,  0.0 wa,  0.0 hi,  1.1 si,  0.1 st
%Cpu(s): 18.1 us,  5.7 sy,  0.0 ni, 74.7 id,  0.0 wa,  0.0 hi,  1.4 si,  0.1 st
%Cpu(s): 21.0 us,  5.4 sy,  0.0 ni, 72.5 id,  0.0 wa,  0.0 hi,  1.0 si,  0.0 st
%Cpu(s): 27.1 us,  5.4 sy,  0.0 ni, 66.8 id,  0.0 wa,  0.0 hi,  0.6 si,  0.0 st
%Cpu(s): 14.5 us,  4.2 sy,  0.0 ni, 80.2 id,  0.0 wa,  0.0 hi,  0.9 si,  0.1 st
%Cpu(s):  9.3 us,  6.1 sy,  0.0 ni, 83.6 id,  0.0 wa,  0.0 hi,  1.0 si,  0.0 st
%Cpu(s): 14.5 us,  5.4 sy,  0.0 ni, 79.3 id,  0.0 wa,  0.0 hi,  0.8 si,  0.0 st
%Cpu(s):  9.1 us,  5.3 sy,  0.0 ni, 84.6 id,  0.1 wa,  0.0 hi,  0.9 si,  0.0 st
%Cpu(s):  7.1 us,  5.7 sy,  0.0 ni, 86.1 id,  0.0 wa,  0.0 hi,  1.1 si,  0.0 st
%Cpu(s):  6.8 us,  4.3 sy,  0.0 ni, 87.6 id,  0.0 wa,  0.0 hi,  1.2 si,  0.1 st
%Cpu(s): 10.7 us,  5.6 sy,  0.0 ni, 82.9 id,  0.0 wa,  0.0 hi,  0.8 si,  0.0 st
%Cpu(s):  8.7 us,  6.7 sy,  0.0 ni, 83.3 id,  0.0 wa,  0.0 hi,  1.4 si,  0.0 st
%Cpu(s): 14.5 us,  4.7 sy,  0.0 ni, 79.7 id,  0.0 wa,  0.0 hi,  0.9 si,  0.1 st
%Cpu(s): 17.7 us,  5.3 sy,  0.0 ni, 76.2 id,  0.0 wa,  0.0 hi,  0.8 si,  0.0 st
%Cpu(s):  9.0 us,  5.7 sy,  0.0 ni, 84.4 id,  0.0 wa,  0.0 hi,  0.9 si,  0.0 st
%Cpu(s): 13.3 us,  4.1 sy,  0.0 ni, 81.7 id,  0.0 wa,  0.0 hi,  0.9 si,  0.0 st
%Cpu(s): 11.2 us,  5.6 sy,  0.0 ni, 82.3 id,  0.0 wa,  0.0 hi,  0.9 si,  0.0 st
%Cpu(s): 21.3 us,  5.7 sy,  0.0 ni, 72.2 id,  0.1 wa,  0.0 hi,  0.5 si,  0.1 st
%Cpu(s): 18.6 us,  5.1 sy,  0.0 ni, 75.3 id,  0.0 wa,  0.0 hi,  1.0 si,  0.0 st
%Cpu(s): 11.5 us,  4.8 sy,  0.0 ni, 83.0 id,  0.0 wa,  0.0 hi,  0.5 si,  0.1 st
%Cpu(s):  9.2 us,  6.3 sy,  0.0 ni, 83.5 id,  0.0 wa,  0.0 hi,  0.9 si,  0.0 st
%Cpu(s):  6.8 us,  6.6 sy,  0.0 ni, 85.6 id,  0.0 wa,  0.0 hi,  1.0 si,  0.0 st
%Cpu(s): 11.9 us,  4.9 sy,  0.0 ni, 81.9 id,  0.0 wa,  0.0 hi,  1.3 si,  0.0 st
%Cpu(s):  7.4 us,  6.5 sy,  0.0 ni, 84.7 id,  0.0 wa,  0.0 hi,  1.4 si,  0.1 st
%Cpu(s):  7.1 us,  4.6 sy,  0.0 ni, 87.4 id,  0.0 wa,  0.0 hi,  0.9 si,  0.0 st
%Cpu(s): 10.6 us,  5.9 sy,  0.0 ni, 82.6 id,  0.0 wa,  0.0 hi,  0.9 si,  0.0 st
%Cpu(s):  7.3 us,  6.1 sy,  0.0 ni, 85.6 id,  0.0 wa,  0.0 hi,  1.0 si,  0.0 st
%Cpu(s):  4.5 us,  4.6 sy,  0.0 ni, 90.2 id,  0.1 wa,  0.0 hi,  0.5 si,  0.1 st
%Cpu(s):  2.9 us,  3.9 sy,  0.0 ni, 92.9 id,  0.0 wa,  0.0 hi,  0.0 si,  0.3 st
%Cpu(s):  4.6 us,  2.2 sy,  0.0 ni, 93.1 id,  0.0 wa,  0.0 hi,  0.0 si,  0.1 st
%Cpu(s):  3.4 us,  3.0 sy,  0.0 ni, 93.4 id,  0.0 wa,  0.0 hi,  0.0 si,  0.1 st
%Cpu(s):  3.0 us,  3.6 sy,  0.0 ni, 93.1 id,  0.0 wa,  0.0 hi,  0.0 si,  0.3 st
%Cpu(s):  4.5 us,  3.3 sy,  0.0 ni, 91.9 id,  0.0 wa,  0.0 hi,  0.0 si,  0.3 st
%Cpu(s):  2.5 us,  3.3 sy,  0.0 ni, 94.0 id,  0.0 wa,  0.0 hi,  0.0 si,  0.1 st
%Cpu(s):  2.6 us,  3.1 sy,  0.0 ni, 94.1 id,  0.0 wa,  0.0 hi,  0.0 si,  0.3 st
%Cpu(s):  5.7 us,  2.8 sy,  0.0 ni, 91.4 id,  0.0 wa,  0.0 hi,  0.0 si,  0.1 st
%Cpu(s):  3.3 us,  3.4 sy,  0.0 ni, 93.1 id,  0.0 wa,  0.0 hi,  0.0 si,  0.3 st
%Cpu(s):  3.2 us,  2.7 sy,  0.0 ni, 93.8 id,  0.0 wa,  0.0 hi,  0.0 si,  0.4 st
%Cpu(s):  3.4 us,  3.9 sy,  0.0 ni, 92.7 id,  0.0 wa,  0.0 hi,  0.0 si,  0.0 st
