%Cpu(s):  4.3 us,  0.9 sy,  0.0 ni, 94.7 id,  0.0 wa,  0.0 hi,  0.1 si,  0.0 st
%Cpu(s): 82.4 us,  6.0 sy,  0.0 ni, 10.8 id,  0.6 wa,  0.0 hi,  0.0 si,  0.1 st
%Cpu(s): 95.6 us,  3.4 sy,  0.0 ni,  1.0 id,  0.0 wa,  0.0 hi,  0.0 si,  0.0 st
%Cpu(s): 94.0 us,  4.1 sy,  0.0 ni,  1.9 id,  0.0 wa,  0.0 hi,  0.0 si,  0.0 st
%Cpu(s): 96.0 us,  2.7 sy,  0.0 ni,  1.2 id,  0.0 wa,  0.0 hi,  0.0 si,  0.0 st
%Cpu(s): 97.3 us,  2.6 sy,  0.0 ni,  0.1 id,  0.0 wa,  0.0 hi,  0.0 si,  0.0 st
%Cpu(s): 97.6 us,  2.4 sy,  0.0 ni,  0.0 id,  0.0 wa,  0.0 hi,  0.0 si,  0.0 st
%Cpu(s): 96.6 us,  3.4 sy,  0.0 ni,  0.0 id,  0.0 wa,  0.0 hi,  0.0 si,  0.0 st
%Cpu(s): 96.5 us,  3.5 sy,  0.0 ni,  0.0 id,  0.0 wa,  0.0 hi,  0.0 si,  0.0 st
%Cpu(s): 96.0 us,  3.7 sy,  0.0 ni,  0.0 id,  0.0 wa,  0.0 hi,  0.2 si,  0.0 st
%Cpu(s): 83.7 us,  1.7 sy,  0.0 ni, 14.3 id,  0.1 wa,  0.0 hi,  0.1 si,  0.0 st
%Cpu(s): 24.7 us,  1.5 sy,  0.0 ni, 73.3 id,  0.0 wa,  0.0 hi,  0.4 si,  0.1 st
%Cpu(s): 15.6 us,  3.5 sy,  0.0 ni, 80.5 id,  0.0 wa,  0.0 hi,  0.3 si,  0.1 st
%Cpu(s): 13.2 us,  4.0 sy,  0.0 ni, 82.4 id,  0.0 wa,  0.0 hi,  0.1 si,  0.3 st
%Cpu(s):  9.2 us,  4.0 sy,  0.0 ni, 86.0 id,  0.0 wa,  0.0 hi,  0.6 si,  0.1 st
%Cpu(s):  8.2 us,  5.2 sy,  0.0 ni, 86.1 id,  0.0 wa,  0.0 hi,  0.2 si,  0.2 st
%Cpu(s):  6.8 us,  5.0 sy,  0.0 ni, 87.7 id,  0.0 wa,  0.0 hi,  0.2 si,  0.2 st
%Cpu(s): 10.1 us,  3.4 sy,  0.0 ni, 86.4 id,  0.0 wa,  0.0 hi,  0.0 si,  0.1 st
%Cpu(s): 27.4 us,  3.1 sy,  0.0 ni, 69.1 id,  0.0 wa,  0.0 hi,  0.2 si,  0.1 st
%Cpu(s): 51.7 us,  4.3 sy,  0.0 ni, 43.5 id,  0.0 wa,  0.0 hi,  0.5 si,  0.0 st
%Cpu(s): 86.6 us,  7.1 sy,  0.0 ni,  5.2 id,  0.0 wa,  0.0 hi,  1.0 si,  0.0 st
%Cpu(s): 89.7 us,  8.3 sy,  0.0 ni,  0.2 id,  0.0 wa,  0.0 hi,  1.7 si,  0.0 st
%Cpu(s): 88.5 us,  9.6 sy,  0.0 ni,  0.0 id,  0.0 wa,  0.0 hi,  1.9 si,  0.0 st
%Cpu(s): 87.6 us, 10.2 sy,  0.0 ni,  0.0 id,  0.0 wa,  0.0 hi,  2.2 si,  0.0 st
%Cpu(s): 92.2 us,  6.2 sy,  0.0 ni,  0.0 id,  0.0 wa,  0.0 hi,  1.6 si,  0.0 st
%Cpu(s): 93.2 us,  5.7 sy,  0.0 ni,  0.0 id,  0.0 wa,  0.0 hi,  1.1 si,  0.0 st
%Cpu(s): 92.0 us,  6.6 sy,  0.0 ni,  0.0 id,  0.0 wa,  0.0 hi,  1.4 si,  0.0 st
%Cpu(s): 93.3 us,  5.7 sy,  0.0 ni,  0.1 id,  0.0 wa,  0.0 hi,  0.9 si,  0.0 st
%Cpu(s): 94.4 us,  4.9 sy,  0.0 ni,  0.1 id,  0.0 wa,  0.0 hi,  0.6 si,  0.0 st
%Cpu(s): 93.0 us,  6.0 sy,  0.0 ni,  0.0 id,  0.0 wa,  0.0 hi,  1.0 si,  0.0 st
%Cpu(s): 86.1 us,  6.1 sy,  0.0 ni,  6.6 id,  0.0 wa,  0.0 hi,  1.1 si,  0.0 st
%Cpu(s): 33.2 us,  5.2 sy,  0.0 ni, 60.5 id,  0.0 wa,  0.0 hi,  1.1 si,  0.0 st
%Cpu(s): 23.0 us,  5.5 sy,  0.0 ni, 70.1 id,  0.0 wa,  0.0 hi,  1.3 si,  0.1 st
%Cpu(s): 55.2 us,  5.1 sy,  0.0 ni, 38.5 id,  0.0 wa,  0.0 hi,  1.1 si,  0.0 st
%Cpu(s): 14.0 us,  5.3 sy,  0.0 ni, 79.8 id,  0.0 wa,  0.0 hi,  0.9 si,  0.0 st
%Cpu(s): 16.6 us,  5.2 sy,  0.0 ni, 77.4 id,  0.0 wa,  0.0 hi,  0.8 si,  0.0 st
%Cpu(s): 14.4 us,  6.3 sy,  0.0 ni, 78.4 id,  0.0 wa,  0.0 hi,  0.8 si,  0.1 st
%Cpu(s): 16.6 us,  6.0 sy,  0.0 ni, 76.7 id,  0.0 wa,  0.0 hi,  0.5 si,  0.1 st
%Cpu(s): 42.7 us,  5.5 sy,  0.0 ni, 50.6 id,  0.0 wa,  0.0 hi,  1.1 si,  0.0 st
%Cpu(s): 82.2 us,  3.5 sy,  0.0 ni, 12.9 id,  0.0 wa,  0.0 hi,  1.4 si,  0.0 st
%Cpu(s): 43.3 us,  4.3 sy,  0.0 ni, 51.0 id,  0.1 wa,  0.0 hi,  1.3 si,  0.0 st
%Cpu(s): 36.0 us,  5.3 sy,  0.0 ni, 57.2 id,  0.0 wa,  0.0 hi,  1.5 si,  0.0 st
%Cpu(s): 19.9 us,  5.2 sy,  0.0 ni, 73.6 id,  0.0 wa,  0.0 hi,  1.2 si,  0.0 st
%Cpu(s): 22.8 us,  4.6 sy,  0.0 ni, 71.2 id,  0.0 wa,  0.0 hi,  1.4 si,  0.0 st
%Cpu(s): 13.9 us,  4.2 sy,  0.0 ni, 80.9 id,  0.0 wa,  0.0 hi,  1.0 si,  0.0 st
%Cpu(s): 13.5 us,  6.0 sy,  0.0 ni, 79.5 id,  0.0 wa,  0.0 hi,  0.9 si,  0.1 st
%Cpu(s): 14.1 us,  5.6 sy,  0.0 ni, 79.1 id,  0.0 wa,  0.0 hi,  1.2 si,  0.0 st
%Cpu(s): 11.3 us,  5.7 sy,  0.0 ni, 82.0 id,  0.0 wa,  0.0 hi,  1.0 si,  0.0 st
%Cpu(s):  8.6 us,  4.4 sy,  0.0 ni, 86.0 id,  0.0 wa,  0.0 hi,  0.9 si,  0.0 st
%Cpu(s): 20.4 us,  4.9 sy,  0.0 ni, 73.7 id,  0.0 wa,  0.0 hi,  0.9 si,  0.1 st
%Cpu(s): 17.2 us,  4.9 sy,  0.0 ni, 77.0 id,  0.0 wa,  0.0 hi,  0.9 si,  0.0 st
%Cpu(s): 25.4 us,  4.3 sy,  0.0 ni, 69.9 id,  0.0 wa,  0.0 hi,  0.4 si,  0.0 st
%Cpu(s): 13.1 us,  5.6 sy,  0.0 ni, 80.4 id,  0.0 wa,  0.0 hi,  0.9 si,  0.0 st
%Cpu(s): 27.3 us,  6.0 sy,  0.0 ni, 65.9 id,  0.0 wa,  0.0 hi,  0.8 si,  0.0 st
%Cpu(s): 14.6 us,  5.8 sy,  0.0 ni, 78.4 id,  0.0 wa,  0.0 hi,  1.1 si,  0.1 st
%Cpu(s): 14.7 us,  5.2 sy,  0.0 ni, 79.3 id,  0.0 wa,  0.0 hi,  0.7 si,  0.0 st
%Cpu(s): 18.6 us,  6.1 sy,  0.0 ni, 73.9 id,  0.0 wa,  0.0 hi,  1.4 si,  0.1 st
%Cpu(s): 15.7 us,  4.9 sy,  0.0 ni, 78.1 id,  0.0 wa,  0.0 hi,  1.3 si,  0.0 st
%Cpu(s): 13.9 us,  4.3 sy,  0.0 ni, 80.8 id,  0.0 wa,  0.0 hi,  1.0 si,  0.0 st
%Cpu(s): 19.9 us,  5.9 sy,  0.0 ni, 73.3 id,  0.0 wa,  0.0 hi,  0.9 si,  0.0 st
%Cpu(s): 11.1 us,  6.2 sy,  0.0 ni, 81.8 id,  0.1 wa,  0.0 hi,  0.9 si,  0.0 st
%Cpu(s):  6.4 us,  4.5 sy,  0.0 ni, 88.6 id,  0.0 wa,  0.0 hi,  0.4 si,  0.1 st
%Cpu(s):  4.7 us,  4.1 sy,  0.0 ni, 91.0 id,  0.0 wa,  0.0 hi,  0.0 si,  0.3 st
%Cpu(s):  6.3 us,  5.2 sy,  0.0 ni, 88.4 id,  0.0 wa,  0.0 hi,  0.0 si,  0.1 st
%Cpu(s):  6.1 us,  5.5 sy,  0.0 ni, 88.1 id,  0.0 wa,  0.0 hi,  0.0 si,  0.3 st
%Cpu(s):  6.1 us,  4.1 sy,  0.0 ni, 89.6 id,  0.0 wa,  0.0 hi,  0.1 si,  0.0 st
%Cpu(s):  4.9 us,  5.5 sy,  0.0 ni, 89.3 id,  0.0 wa,  0.0 hi,  0.1 si,  0.2 st
%Cpu(s):  4.1 us,  6.3 sy,  0.0 ni, 89.5 id,  0.0 wa,  0.0 hi,  0.0 si,  0.1 st
%Cpu(s):  3.8 us,  4.7 sy,  0.0 ni, 91.4 id,  0.0 wa,  0.0 hi,  0.0 si,  0.1 st
%Cpu(s):  4.0 us,  6.1 sy,  0.0 ni, 89.8 id,  0.0 wa,  0.0 hi,  0.0 si,  0.1 st
%Cpu(s):  5.4 us,  4.4 sy,  0.0 ni, 89.9 id,  0.1 wa,  0.0 hi,  0.0 si,  0.3 st
%Cpu(s): 24.8 us,  5.1 sy,  0.0 ni, 70.1 id,  0.0 wa,  0.0 hi,  0.0 si,  0.0 st
