%Cpu(s):  2.5 us,  0.5 sy,  0.0 ni, 96.9 id,  0.0 wa,  0.0 hi,  0.0 si,  0.0 st
%Cpu(s): 19.7 us,  1.2 sy,  0.0 ni, 79.0 id,  0.0 wa,  0.0 hi,  0.0 si,  0.0 st
%Cpu(s): 28.6 us,  0.7 sy,  0.0 ni, 70.7 id,  0.0 wa,  0.0 hi,  0.0 si,  0.0 st
%Cpu(s): 28.5 us,  1.1 sy,  0.0 ni, 70.3 id,  0.0 wa,  0.0 hi,  0.0 si,  0.0 st
%Cpu(s): 18.6 us,  0.6 sy,  0.0 ni, 80.6 id,  0.2 wa,  0.0 hi,  0.0 si,  0.0 st
%Cpu(s): 32.2 us,  0.7 sy,  0.0 ni, 67.0 id,  0.0 wa,  0.0 hi,  0.0 si,  0.0 st
%Cpu(s): 36.0 us,  1.2 sy,  0.0 ni, 61.7 id,  1.0 wa,  0.0 hi,  0.0 si,  0.0 st
%Cpu(s):  3.2 us,  0.1 sy,  0.0 ni, 96.6 id,  0.0 wa,  0.0 hi,  0.0 si,  0.0 st
%Cpu(s):  0.0 us,  0.1 sy,  0.0 ni, 99.9 id,  0.0 wa,  0.0 hi,  0.0 si,  0.0 st
%Cpu(s):  1.0 us,  0.5 sy,  0.0 ni, 98.4 id,  0.1 wa,  0.0 hi,  0.0 si,  0.0 st
%Cpu(s):  0.0 us,  0.1 sy,  0.0 ni, 99.9 id,  0.0 wa,  0.0 hi,  0.0 si,  0.0 st
%Cpu(s):  0.1 us,  0.1 sy,  0.0 ni, 99.8 id,  0.0 wa,  0.0 hi,  0.0 si,  0.0 st
%Cpu(s):  1.5 us,  0.2 sy,  0.0 ni, 98.3 id,  0.0 wa,  0.0 hi,  0.0 si,  0.0 st
%Cpu(s): 61.6 us,  5.5 sy,  0.0 ni, 32.8 id,  0.1 wa,  0.0 hi,  0.0 si,  0.0 st
%Cpu(s): 86.9 us,  2.2 sy,  0.0 ni, 10.7 id,  0.0 wa,  0.0 hi,  0.1 si,  0.0 st
%Cpu(s): 77.0 us,  2.8 sy,  0.0 ni, 20.1 id,  0.0 wa,  0.0 hi,  0.0 si,  0.1 st
%Cpu(s): 87.7 us,  2.1 sy,  0.0 ni, 10.2 id,  0.0 wa,  0.0 hi,  0.0 si,  0.0 st
%Cpu(s): 97.0 us,  2.1 sy,  0.0 ni,  0.9 id,  0.0 wa,  0.0 hi,  0.0 si,  0.0 st
%Cpu(s): 94.9 us,  3.0 sy,  0.0 ni,  1.9 id,  0.1 wa,  0.0 hi,  0.1 si,  0.0 st
%Cpu(s): 95.7 us,  3.2 sy,  0.0 ni,  1.1 id,  0.0 wa,  0.0 hi,  0.0 si,  0.0 st
%Cpu(s): 91.6 us,  3.0 sy,  0.0 ni,  5.2 id,  0.0 wa,  0.0 hi,  0.1 si,  0.0 st
%Cpu(s): 31.1 us,  1.1 sy,  0.0 ni, 67.8 id,  0.0 wa,  0.0 hi,  0.0 si,  0.0 st
%Cpu(s): 37.7 us,  2.2 sy,  0.0 ni, 59.5 id,  0.1 wa,  0.0 hi,  0.5 si,  0.0 st
%Cpu(s): 32.7 us,  2.0 sy,  0.0 ni, 64.8 id,  0.0 wa,  0.0 hi,  0.5 si,  0.0 st
%Cpu(s): 28.7 us,  2.5 sy,  0.0 ni, 68.6 id,  0.0 wa,  0.0 hi,  0.3 si,  0.0 st
%Cpu(s): 15.0 us,  2.1 sy,  0.0 ni, 82.0 id,  0.0 wa,  0.0 hi,  0.8 si,  0.1 st
%Cpu(s): 19.2 us,  2.4 sy,  0.0 ni, 77.7 id,  0.0 wa,  0.0 hi,  0.6 si,  0.1 st
%Cpu(s): 10.4 us,  2.9 sy,  0.0 ni, 86.3 id,  0.0 wa,  0.0 hi,  0.4 si,  0.0 st
%Cpu(s): 18.7 us,  2.8 sy,  0.0 ni, 77.8 id,  0.0 wa,  0.0 hi,  0.5 si,  0.1 st
%Cpu(s): 23.3 us,  5.8 sy,  0.0 ni, 69.3 id,  0.0 wa,  0.0 hi,  1.5 si,  0.0 st
%Cpu(s): 36.3 us,  6.2 sy,  0.0 ni, 54.4 id,  0.0 wa,  0.0 hi,  3.1 si,  0.0 st
%Cpu(s): 59.6 us,  7.5 sy,  0.0 ni, 29.0 id,  0.0 wa,  0.0 hi,  4.0 si,  0.0 st
%Cpu(s): 55.7 us,  7.0 sy,  0.0 ni, 34.9 id,  0.0 wa,  0.0 hi,  2.4 si,  0.0 st
%Cpu(s): 20.3 us,  7.4 sy,  0.0 ni, 68.8 id,  0.0 wa,  0.0 hi,  3.5 si,  0.0 st
%Cpu(s): 30.2 us,  8.0 sy,  0.0 ni, 58.7 id,  0.0 wa,  0.0 hi,  3.2 si,  0.0 st
%Cpu(s): 29.8 us,  8.2 sy,  0.0 ni, 58.3 id,  0.0 wa,  0.0 hi,  3.7 si,  0.0 st
%Cpu(s): 28.3 us,  8.2 sy,  0.0 ni, 61.8 id,  0.0 wa,  0.0 hi,  1.8 si,  0.0 st
%Cpu(s): 20.7 us,  6.8 sy,  0.0 ni, 69.5 id,  0.0 wa,  0.0 hi,  3.0 si,  0.0 st
%Cpu(s): 26.4 us,  7.4 sy,  0.0 ni, 61.2 id,  1.8 wa,  0.0 hi,  3.2 si,  0.0 st
%Cpu(s): 24.2 us,  6.8 sy,  0.0 ni, 66.0 id,  0.0 wa,  0.0 hi,  2.9 si,  0.0 st
%Cpu(s): 32.9 us,  7.6 sy,  0.0 ni, 56.9 id,  0.0 wa,  0.0 hi,  2.6 si,  0.0 st
%Cpu(s): 39.2 us,  8.2 sy,  0.0 ni, 50.2 id,  0.0 wa,  0.0 hi,  2.4 si,  0.0 st
%Cpu(s): 27.7 us,  7.3 sy,  0.0 ni, 62.1 id,  0.0 wa,  0.0 hi,  2.9 si,  0.0 st
%Cpu(s): 17.3 us,  7.5 sy,  0.0 ni, 71.9 id,  0.0 wa,  0.0 hi,  3.2 si,  0.1 st
%Cpu(s): 15.5 us,  8.0 sy,  0.0 ni, 73.8 id,  0.0 wa,  0.0 hi,  2.7 si,  0.0 st
%Cpu(s): 37.7 us,  7.8 sy,  0.0 ni, 51.8 id,  0.0 wa,  0.0 hi,  2.8 si,  0.0 st
%Cpu(s): 26.4 us,  8.3 sy,  0.0 ni, 63.1 id,  0.0 wa,  0.0 hi,  2.2 si,  0.0 st
%Cpu(s): 24.0 us,  8.3 sy,  0.0 ni, 64.8 id,  0.0 wa,  0.0 hi,  2.9 si,  0.0 st
%Cpu(s): 14.0 us,  7.3 sy,  0.0 ni, 75.9 id,  0.0 wa,  0.0 hi,  2.8 si,  0.0 st
%Cpu(s): 14.0 us,  7.7 sy,  0.0 ni, 75.6 id,  0.0 wa,  0.0 hi,  2.4 si,  0.1 st
%Cpu(s): 21.0 us,  7.6 sy,  0.0 ni, 68.6 id,  0.0 wa,  0.0 hi,  2.8 si,  0.0 st
%Cpu(s): 28.7 us,  7.8 sy,  0.0 ni, 60.8 id,  0.0 wa,  0.0 hi,  2.7 si,  0.0 st
%Cpu(s): 28.1 us,  7.5 sy,  0.0 ni, 61.8 id,  0.0 wa,  0.0 hi,  2.7 si,  0.0 st
%Cpu(s): 18.5 us,  7.8 sy,  0.0 ni, 70.8 id,  0.0 wa,  0.0 hi,  2.8 si,  0.0 st
%Cpu(s): 33.6 us,  7.1 sy,  0.0 ni, 55.7 id,  0.0 wa,  0.0 hi,  3.4 si,  0.1 st
%Cpu(s): 12.7 us,  5.0 sy,  0.0 ni, 80.4 id,  0.0 wa,  0.0 hi,  1.9 si,  0.0 st
%Cpu(s): 17.6 us,  5.6 sy,  0.0 ni, 75.3 id,  0.0 wa,  0.0 hi,  1.5 si,  0.0 st
%Cpu(s): 19.9 us,  5.4 sy,  0.0 ni, 71.8 id,  0.0 wa,  0.0 hi,  2.9 si,  0.0 st
%Cpu(s): 19.4 us,  5.9 sy,  0.0 ni, 72.3 id,  0.0 wa,  0.0 hi,  2.4 si,  0.0 st
%Cpu(s): 11.0 us,  6.2 sy,  0.0 ni, 81.0 id,  0.0 wa,  0.0 hi,  1.9 si,  0.0 st
%Cpu(s): 10.1 us,  5.4 sy,  0.0 ni, 82.2 id,  0.0 wa,  0.0 hi,  2.2 si,  0.0 st
%Cpu(s):  5.5 us,  3.4 sy,  0.0 ni, 90.5 id,  0.0 wa,  0.0 hi,  0.6 si,  0.0 st
%Cpu(s):  4.5 us,  2.0 sy,  0.0 ni, 92.8 id,  0.0 wa,  0.0 hi,  0.6 si,  0.0 st
%Cpu(s):  3.9 us,  3.4 sy,  0.0 ni, 92.5 id,  0.0 wa,  0.0 hi,  0.2 si,  0.0 st
%Cpu(s):  3.6 us,  2.6 sy,  0.0 ni, 93.3 id,  0.0 wa,  0.0 hi,  0.4 si,  0.0 st
%Cpu(s):  4.1 us,  2.1 sy,  0.0 ni, 93.1 id,  0.0 wa,  0.0 hi,  0.6 si,  0.0 st
%Cpu(s):  4.8 us,  2.4 sy,  0.0 ni, 91.9 id,  0.0 wa,  0.0 hi,  0.8 si,  0.1 st
%Cpu(s): 15.9 us,  2.5 sy,  0.0 ni, 81.0 id,  0.0 wa,  0.0 hi,  0.6 si,  0.0 st
%Cpu(s):  6.4 us,  2.3 sy,  0.0 ni, 90.8 id,  0.0 wa,  0.0 hi,  0.5 si,  0.0 st
%Cpu(s):  9.3 us,  2.4 sy,  0.0 ni, 88.1 id,  0.0 wa,  0.0 hi,  0.3 si,  0.0 st
%Cpu(s): 15.7 us,  2.3 sy,  0.0 ni, 81.3 id,  0.0 wa,  0.0 hi,  0.8 si,  0.0 st
%Cpu(s):  6.7 us,  2.3 sy,  0.0 ni, 90.7 id,  0.0 wa,  0.0 hi,  0.4 si,  0.0 st
%Cpu(s):  4.5 us,  1.4 sy,  0.0 ni, 94.0 id,  0.0 wa,  0.0 hi,  0.1 si,  0.0 st
%Cpu(s):  3.8 us,  1.2 sy,  0.0 ni, 94.9 id,  0.0 wa,  0.0 hi,  0.1 si,  0.0 st
%Cpu(s):  2.6 us,  0.8 sy,  0.0 ni, 96.6 id,  0.0 wa,  0.0 hi,  0.0 si,  0.0 st
%Cpu(s):  1.1 us,  1.3 sy,  0.0 ni, 97.5 id,  0.0 wa,  0.0 hi,  0.1 si,  0.0 st
%Cpu(s):  1.8 us,  1.0 sy,  0.0 ni, 97.1 id,  0.0 wa,  0.0 hi,  0.1 si,  0.0 st
%Cpu(s):  3.3 us,  1.8 sy,  0.0 ni, 94.8 id,  0.0 wa,  0.0 hi,  0.0 si,  0.0 st
%Cpu(s):  2.5 us,  1.5 sy,  0.0 ni, 95.8 id,  0.1 wa,  0.0 hi,  0.0 si,  0.1 st
