%Cpu(s):  1.9 us,  0.6 sy,  0.0 ni, 97.4 id,  0.0 wa,  0.0 hi,  0.0 si,  0.1 st
%Cpu(s): 29.6 us,  1.5 sy,  0.0 ni, 67.6 id,  1.1 wa,  0.0 hi,  0.1 si,  0.1 st
%Cpu(s):  0.0 us,  0.1 sy,  0.0 ni, 99.9 id,  0.0 wa,  0.0 hi,  0.0 si,  0.0 st
%Cpu(s):  0.1 us,  0.1 sy,  0.0 ni, 99.8 id,  0.0 wa,  0.0 hi,  0.0 si,  0.0 st
%Cpu(s):  1.2 us,  0.7 sy,  0.0 ni, 97.9 id,  0.0 wa,  0.0 hi,  0.1 si,  0.0 st
%Cpu(s):  0.1 us,  0.1 sy,  0.0 ni, 99.8 id,  0.0 wa,  0.0 hi,  0.0 si,  0.0 st
%Cpu(s):  0.1 us,  0.1 sy,  0.0 ni, 99.8 id,  0.0 wa,  0.0 hi,  0.0 si,  0.0 st
%Cpu(s):  0.2 us,  0.0 sy,  0.0 ni, 99.8 id,  0.0 wa,  0.0 hi,  0.0 si,  0.0 st
%Cpu(s):  0.1 us,  0.1 sy,  0.0 ni, 99.8 id,  0.0 wa,  0.0 hi,  0.0 si,  0.0 st
%Cpu(s):  0.1 us,  0.1 sy,  0.0 ni, 99.6 id,  0.1 wa,  0.0 hi,  0.0 si,  0.0 st
%Cpu(s):  0.0 us,  0.1 sy,  0.0 ni, 99.9 id,  0.0 wa,  0.0 hi,  0.0 si,  0.0 st
%Cpu(s):  0.1 us,  0.0 sy,  0.0 ni, 99.9 id,  0.0 wa,  0.0 hi,  0.0 si,  0.0 st
%Cpu(s):  2.4 us,  0.7 sy,  0.0 ni, 96.8 id,  0.1 wa,  0.0 hi,  0.0 si,  0.0 st
%Cpu(s): 64.9 us,  5.8 sy,  0.0 ni, 29.0 id,  0.1 wa,  0.0 hi,  0.0 si,  0.2 st
%Cpu(s): 76.1 us,  3.1 sy,  0.0 ni, 20.6 id,  0.0 wa,  0.0 hi,  0.1 si,  0.0 st
%Cpu(s): 87.3 us,  2.6 sy,  0.0 ni, 10.1 id,  0.0 wa,  0.0 hi,  0.0 si,  0.0 st
%Cpu(s): 96.4 us,  2.4 sy,  0.0 ni,  1.2 id,  0.0 wa,  0.0 hi,  0.0 si,  0.0 st
%Cpu(s): 94.4 us,  3.6 sy,  0.0 ni,  1.9 id,  0.0 wa,  0.0 hi,  0.1 si,  0.0 st
%Cpu(s): 44.4 us,  1.2 sy,  0.0 ni, 53.9 id,  0.0 wa,  0.0 hi,  0.2 si,  0.1 st
%Cpu(s):  7.6 us,  1.7 sy,  0.0 ni, 90.3 id,  0.0 wa,  0.0 hi,  0.2 si,  0.1 st
%Cpu(s):  6.6 us,  3.0 sy,  0.0 ni, 90.0 id,  0.0 wa,  0.0 hi,  0.1 si,  0.4 st
%Cpu(s):  7.6 us,  3.1 sy,  0.0 ni, 89.2 id,  0.0 wa,  0.0 hi,  0.0 si,  0.1 st
%Cpu(s): 11.8 us,  2.4 sy,  0.0 ni, 85.4 id,  0.0 wa,  0.0 hi,  0.1 si,  0.3 st
%Cpu(s): 10.3 us,  1.4 sy,  0.0 ni, 88.0 id,  0.0 wa,  0.0 hi,  0.1 si,  0.1 st
%Cpu(s):  8.7 us,  2.0 sy,  0.0 ni, 89.0 id,  0.0 wa,  0.0 hi,  0.1 si,  0.1 st
%Cpu(s):  4.5 us,  2.8 sy,  0.0 ni, 92.3 id,  0.0 wa,  0.0 hi,  0.3 si,  0.1 st
%Cpu(s):  5.8 us,  3.4 sy,  0.0 ni, 90.9 id,  0.0 wa,  0.0 hi,  0.0 si,  0.0 st
%Cpu(s):  7.2 us,  2.4 sy,  0.0 ni, 90.1 id,  0.0 wa,  0.0 hi,  0.1 si,  0.1 st
%Cpu(s): 35.1 us,  4.3 sy,  0.0 ni, 60.0 id,  0.0 wa,  0.0 hi,  0.4 si,  0.1 st
%Cpu(s): 57.5 us,  5.5 sy,  0.0 ni, 35.7 id,  0.1 wa,  0.0 hi,  1.1 si,  0.0 st
%Cpu(s): 24.4 us,  5.5 sy,  0.0 ni, 69.3 id,  0.0 wa,  0.0 hi,  0.6 si,  0.1 st
%Cpu(s): 30.3 us,  5.1 sy,  0.0 ni, 63.9 id,  0.0 wa,  0.0 hi,  0.8 si,  0.0 st
%Cpu(s): 27.2 us,  4.9 sy,  0.0 ni, 67.1 id,  0.0 wa,  0.0 hi,  0.8 si,  0.0 st
%Cpu(s): 11.5 us,  5.2 sy,  0.0 ni, 82.2 id,  0.0 wa,  0.0 hi,  1.1 si,  0.0 st
%Cpu(s): 10.8 us,  5.4 sy,  0.0 ni, 83.2 id,  0.0 wa,  0.0 hi,  0.6 si,  0.0 st
%Cpu(s):  8.5 us,  5.6 sy,  0.0 ni, 85.4 id,  0.0 wa,  0.0 hi,  0.6 si,  0.0 st
%Cpu(s):  9.2 us,  6.2 sy,  0.0 ni, 83.8 id,  0.0 wa,  0.0 hi,  0.8 si,  0.0 st
%Cpu(s):  8.0 us,  4.4 sy,  0.0 ni, 86.7 id,  0.0 wa,  0.0 hi,  0.6 si,  0.3 st
%Cpu(s):  8.6 us,  5.4 sy,  0.0 ni, 85.1 id,  0.0 wa,  0.0 hi,  0.9 si,  0.0 st
%Cpu(s): 12.2 us,  4.7 sy,  0.0 ni, 82.5 id,  0.0 wa,  0.0 hi,  0.6 si,  0.0 st
%Cpu(s): 11.6 us,  4.3 sy,  0.0 ni, 83.4 id,  0.0 wa,  0.0 hi,  0.8 si,  0.0 st
%Cpu(s): 15.9 us,  6.3 sy,  0.0 ni, 76.4 id,  0.6 wa,  0.0 hi,  0.8 si,  0.0 st
%Cpu(s): 11.3 us,  6.2 sy,  0.0 ni, 81.1 id,  0.0 wa,  0.0 hi,  1.2 si,  0.1 st
%Cpu(s):  9.4 us,  4.5 sy,  0.0 ni, 85.4 id,  0.0 wa,  0.0 hi,  0.8 si,  0.0 st
%Cpu(s):  7.5 us,  5.4 sy,  0.0 ni, 86.0 id,  0.0 wa,  0.0 hi,  1.1 si,  0.0 st
%Cpu(s): 35.2 us,  4.9 sy,  0.0 ni, 58.8 id,  0.0 wa,  0.0 hi,  1.0 si,  0.1 st
%Cpu(s): 20.3 us,  5.6 sy,  0.0 ni, 72.8 id,  0.0 wa,  0.0 hi,  1.1 si,  0.3 st
%Cpu(s): 25.8 us,  5.2 sy,  0.0 ni, 67.8 id,  0.0 wa,  0.0 hi,  1.1 si,  0.1 st
%Cpu(s): 10.6 us,  5.8 sy,  0.0 ni, 82.3 id,  0.0 wa,  0.0 hi,  1.3 si,  0.0 st
%Cpu(s):  9.6 us,  5.9 sy,  0.0 ni, 83.6 id,  0.0 wa,  0.0 hi,  0.9 si,  0.0 st
%Cpu(s):  5.9 us,  5.4 sy,  0.0 ni, 87.6 id,  0.0 wa,  0.0 hi,  1.0 si,  0.1 st
%Cpu(s):  9.6 us,  6.3 sy,  0.0 ni, 83.3 id,  0.0 wa,  0.0 hi,  0.8 si,  0.0 st
%Cpu(s):  8.1 us,  6.2 sy,  0.0 ni, 84.8 id,  0.0 wa,  0.0 hi,  0.9 si,  0.0 st
%Cpu(s):  7.4 us,  6.1 sy,  0.0 ni, 85.6 id,  0.0 wa,  0.0 hi,  0.9 si,  0.1 st
%Cpu(s):  7.6 us,  5.0 sy,  0.0 ni, 86.4 id,  0.0 wa,  0.0 hi,  0.9 si,  0.1 st
%Cpu(s):  8.7 us,  5.7 sy,  0.0 ni, 85.2 id,  0.0 wa,  0.0 hi,  0.5 si,  0.0 st
%Cpu(s):  7.0 us,  4.7 sy,  0.0 ni, 87.7 id,  0.0 wa,  0.0 hi,  0.6 si,  0.0 st
%Cpu(s):  7.2 us,  5.2 sy,  0.0 ni, 86.7 id,  0.0 wa,  0.0 hi,  0.8 si,  0.1 st
%Cpu(s):  8.9 us,  5.3 sy,  0.0 ni, 84.8 id,  0.0 wa,  0.0 hi,  1.0 si,  0.0 st
%Cpu(s):  7.3 us,  4.7 sy,  0.0 ni, 87.2 id,  0.0 wa,  0.0 hi,  0.9 si,  0.0 st
%Cpu(s):  7.3 us,  5.2 sy,  0.0 ni, 86.3 id,  0.0 wa,  0.0 hi,  1.1 si,  0.1 st
%Cpu(s):  5.3 us,  5.2 sy,  0.0 ni, 89.2 id,  0.0 wa,  0.0 hi,  0.4 si,  0.0 st
%Cpu(s):  4.8 us,  3.4 sy,  0.0 ni, 91.5 id,  0.0 wa,  0.0 hi,  0.3 si,  0.1 st
%Cpu(s):  3.7 us,  3.7 sy,  0.0 ni, 92.2 id,  0.0 wa,  0.0 hi,  0.4 si,  0.0 st
%Cpu(s):  3.5 us,  4.7 sy,  0.0 ni, 91.4 id,  0.1 wa,  0.0 hi,  0.1 si,  0.1 st
%Cpu(s):  4.8 us,  3.4 sy,  0.0 ni, 91.5 id,  0.0 wa,  0.0 hi,  0.3 si,  0.0 st
%Cpu(s):  5.6 us,  4.7 sy,  0.0 ni, 89.4 id,  0.0 wa,  0.0 hi,  0.3 si,  0.1 st
%Cpu(s):  7.8 us,  3.9 sy,  0.0 ni, 87.7 id,  0.0 wa,  0.0 hi,  0.4 si,  0.1 st
%Cpu(s):  6.0 us,  4.5 sy,  0.0 ni, 89.0 id,  0.0 wa,  0.0 hi,  0.3 si,  0.1 st
%Cpu(s):  5.5 us,  4.3 sy,  0.0 ni, 89.7 id,  0.1 wa,  0.0 hi,  0.3 si,  0.1 st
%Cpu(s):  6.8 us,  4.9 sy,  0.0 ni, 87.7 id,  0.0 wa,  0.0 hi,  0.5 si,  0.1 st
%Cpu(s):  6.2 us,  2.8 sy,  0.0 ni, 90.7 id,  0.0 wa,  0.0 hi,  0.3 si,  0.0 st
%Cpu(s):  5.0 us,  3.3 sy,  0.0 ni, 91.5 id,  0.0 wa,  0.0 hi,  0.0 si,  0.3 st
