%Cpu(s):  2.3 us,  0.2 sy,  0.0 ni, 97.4 id,  0.0 wa,  0.0 hi,  0.0 si,  0.0 st
%Cpu(s): 96.4 us,  3.6 sy,  0.0 ni,  0.0 id,  0.0 wa,  0.0 hi,  0.0 si,  0.0 st
%Cpu(s): 53.6 us,  1.7 sy,  0.0 ni, 44.4 id,  0.0 wa,  0.0 hi,  0.1 si,  0.1 st
%Cpu(s):  3.5 us,  1.0 sy,  0.0 ni, 95.4 id,  0.0 wa,  0.0 hi,  0.0 si,  0.0 st
%Cpu(s):  3.5 us,  1.6 sy,  0.0 ni, 94.9 id,  0.0 wa,  0.0 hi,  0.0 si,  0.0 st
%Cpu(s):  2.3 us,  1.5 sy,  0.0 ni, 96.0 id,  0.1 wa,  0.0 hi,  0.0 si,  0.1 st
%Cpu(s):  2.6 us,  1.8 sy,  0.0 ni, 95.6 id,  0.0 wa,  0.0 hi,  0.0 si,  0.0 st
%Cpu(s):  4.0 us,  2.3 sy,  0.0 ni, 93.7 id,  0.0 wa,  0.0 hi,  0.0 si,  0.0 st
%Cpu(s):  2.3 us,  1.3 sy,  0.0 ni, 96.4 id,  0.0 wa,  0.0 hi,  0.1 si,  0.0 st
%Cpu(s):  3.2 us,  2.2 sy,  0.0 ni, 94.4 id,  0.0 wa,  0.0 hi,  0.0 si,  0.1 st
%Cpu(s): 19.4 us,  2.0 sy,  0.0 ni, 78.6 id,  0.0 wa,  0.0 hi,  0.0 si,  0.0 st
%Cpu(s): 79.6 us,  6.0 sy,  0.0 ni, 13.6 id,  0.0 wa,  0.0 hi,  0.9 si,  0.0 st
%Cpu(s): 90.8 us,  7.4 sy,  0.0 ni,  0.6 id,  0.0 wa,  0.0 hi,  1.2 si,  0.0 st
%Cpu(s): 90.3 us,  8.0 sy,  0.0 ni,  0.2 id,  0.0 wa,  0.0 hi,  1.5 si,  0.0 st
%Cpu(s): 88.9 us,  8.5 sy,  0.0 ni,  0.4 id,  0.0 wa,  0.0 hi,  2.2 si,  0.0 st
%Cpu(s): 88.5 us,  6.1 sy,  0.0 ni,  4.1 id,  0.1 wa,  0.0 hi,  1.1 si,  0.0 st
%Cpu(s): 76.1 us,  5.2 sy,  0.0 ni, 17.7 id,  0.0 wa,  0.0 hi,  1.0 si,  0.0 st
%Cpu(s): 84.3 us,  4.3 sy,  0.0 ni, 10.3 id,  0.0 wa,  0.0 hi,  1.1 si,  0.0 st
%Cpu(s): 56.2 us,  4.4 sy,  0.0 ni, 38.7 id,  0.0 wa,  0.0 hi,  0.7 si,  0.0 st
%Cpu(s): 19.6 us,  3.5 sy,  0.0 ni, 75.8 id,  0.0 wa,  0.0 hi,  1.0 si,  0.0 st
%Cpu(s): 51.1 us,  4.5 sy,  0.0 ni, 43.4 id,  0.0 wa,  0.0 hi,  0.9 si,  0.1 st
%Cpu(s): 76.6 us,  4.1 sy,  0.0 ni, 18.4 id,  0.0 wa,  0.0 hi,  0.9 si,  0.0 st
%Cpu(s): 54.4 us,  3.6 sy,  0.0 ni, 40.6 id,  0.0 wa,  0.0 hi,  1.4 si,  0.0 st
%Cpu(s): 46.2 us,  3.9 sy,  0.0 ni, 48.6 id,  0.0 wa,  0.0 hi,  0.8 si,  0.5 st
%Cpu(s): 37.5 us,  3.7 sy,  0.0 ni, 58.1 id,  0.0 wa,  0.0 hi,  0.6 si,  0.1 st
%Cpu(s): 14.6 us,  3.9 sy,  0.0 ni, 80.6 id,  0.0 wa,  0.0 hi,  0.9 si,  0.0 st
%Cpu(s): 12.6 us,  4.6 sy,  0.0 ni, 81.8 id,  0.0 wa,  0.0 hi,  0.9 si,  0.1 st
%Cpu(s): 23.4 us,  3.9 sy,  0.0 ni, 71.7 id,  0.0 wa,  0.0 hi,  0.9 si,  0.0 st
%Cpu(s): 53.9 us,  3.9 sy,  0.0 ni, 41.4 id,  0.0 wa,  0.0 hi,  0.8 si,  0.0 st
%Cpu(s): 18.7 us,  3.7 sy,  0.0 ni, 77.1 id,  0.0 wa,  0.0 hi,  0.5 si,  0.0 st
%Cpu(s): 12.9 us,  4.1 sy,  0.0 ni, 82.4 id,  0.0 wa,  0.0 hi,  0.6 si,  0.0 st
%Cpu(s): 10.4 us,  3.6 sy,  0.0 ni, 85.3 id,  0.0 wa,  0.0 hi,  0.6 si,  0.0 st
%Cpu(s): 12.3 us,  3.0 sy,  0.0 ni, 83.8 id,  0.0 wa,  0.0 hi,  0.8 si,  0.1 st
%Cpu(s): 15.3 us,  3.2 sy,  0.0 ni, 80.8 id,  0.0 wa,  0.0 hi,  0.8 si,  0.0 st
%Cpu(s): 30.9 us,  3.8 sy,  0.0 ni, 64.9 id,  0.0 wa,  0.0 hi,  0.5 si,  0.0 st
%Cpu(s): 10.5 us,  3.5 sy,  0.0 ni, 85.3 id,  0.0 wa,  0.0 hi,  0.6 si,  0.1 st
%Cpu(s): 21.9 us,  5.5 sy,  0.0 ni, 72.1 id,  0.0 wa,  0.0 hi,  0.5 si,  0.0 st
%Cpu(s): 32.7 us,  5.1 sy,  0.0 ni, 61.5 id,  0.0 wa,  0.0 hi,  0.6 si,  0.0 st
%Cpu(s): 22.4 us,  3.8 sy,  0.0 ni, 73.0 id,  0.0 wa,  0.0 hi,  0.8 si,  0.0 st
%Cpu(s): 41.2 us,  4.0 sy,  0.0 ni, 53.9 id,  0.0 wa,  0.0 hi,  0.8 si,  0.1 st
%Cpu(s): 62.7 us,  4.5 sy,  0.0 ni, 31.7 id,  0.1 wa,  0.0 hi,  1.0 si,  0.0 st
%Cpu(s): 44.4 us,  3.7 sy,  0.0 ni, 51.4 id,  0.0 wa,  0.0 hi,  0.5 si,  0.0 st
%Cpu(s): 40.7 us,  3.3 sy,  0.0 ni, 55.1 id,  0.0 wa,  0.0 hi,  0.9 si,  0.0 st
%Cpu(s): 40.6 us,  3.9 sy,  0.0 ni, 54.6 id,  0.0 wa,  0.0 hi,  0.7 si,  0.1 st
%Cpu(s): 44.1 us,  4.8 sy,  0.0 ni, 50.2 id,  0.0 wa,  0.0 hi,  0.9 si,  0.0 st
%Cpu(s): 24.8 us,  4.3 sy,  0.0 ni, 70.3 id,  0.0 wa,  0.0 hi,  0.6 si,  0.0 st
%Cpu(s): 12.9 us,  3.9 sy,  0.0 ni, 81.9 id,  0.0 wa,  0.0 hi,  1.4 si,  0.0 st
%Cpu(s): 10.0 us,  3.6 sy,  0.0 ni, 85.5 id,  0.0 wa,  0.0 hi,  0.9 si,  0.0 st
%Cpu(s):  7.3 us,  3.5 sy,  0.0 ni, 88.1 id,  0.0 wa,  0.0 hi,  1.1 si,  0.0 st
%Cpu(s):  8.1 us,  4.7 sy,  0.0 ni, 86.0 id,  0.0 wa,  0.0 hi,  1.1 si,  0.0 st
%Cpu(s):  7.4 us,  3.9 sy,  0.0 ni, 87.8 id,  0.0 wa,  0.0 hi,  0.8 si,  0.1 st
%Cpu(s):  7.8 us,  3.8 sy,  0.0 ni, 87.5 id,  0.0 wa,  0.0 hi,  0.8 si,  0.1 st
%Cpu(s): 19.8 us,  3.7 sy,  0.0 ni, 75.9 id,  0.0 wa,  0.0 hi,  0.6 si,  0.0 st
%Cpu(s): 10.0 us,  3.5 sy,  0.0 ni, 86.0 id,  0.0 wa,  0.0 hi,  0.5 si,  0.0 st
%Cpu(s):  6.9 us,  3.9 sy,  0.0 ni, 88.4 id,  0.0 wa,  0.0 hi,  0.6 si,  0.1 st
%Cpu(s):  7.3 us,  3.2 sy,  0.0 ni, 88.2 id,  0.0 wa,  0.0 hi,  1.3 si,  0.0 st
%Cpu(s):  4.6 us,  3.3 sy,  0.0 ni, 91.2 id,  0.0 wa,  0.0 hi,  0.9 si,  0.0 st
%Cpu(s):  5.2 us,  4.2 sy,  0.0 ni, 89.9 id,  0.0 wa,  0.0 hi,  0.8 si,  0.0 st
%Cpu(s):  7.0 us,  3.6 sy,  0.0 ni, 88.6 id,  0.0 wa,  0.0 hi,  0.8 si,  0.0 st
%Cpu(s):  6.9 us,  4.2 sy,  0.0 ni, 88.0 id,  0.0 wa,  0.0 hi,  0.9 si,  0.0 st
%Cpu(s): 14.4 us,  3.2 sy,  0.0 ni, 81.4 id,  0.1 wa,  0.0 hi,  0.9 si,  0.0 st
%Cpu(s):  6.8 us,  2.7 sy,  0.0 ni, 89.9 id,  0.0 wa,  0.0 hi,  0.5 si,  0.1 st
%Cpu(s):  2.5 us,  1.8 sy,  0.0 ni, 95.6 id,  0.0 wa,  0.0 hi,  0.1 si,  0.0 st
%Cpu(s):  2.0 us,  1.8 sy,  0.0 ni, 96.2 id,  0.0 wa,  0.0 hi,  0.0 si,  0.0 st
%Cpu(s):  2.2 us,  1.7 sy,  0.0 ni, 95.8 id,  0.0 wa,  0.0 hi,  0.1 si,  0.1 st
%Cpu(s):  1.1 us,  1.6 sy,  0.0 ni, 97.2 id,  0.0 wa,  0.0 hi,  0.0 si,  0.0 st
%Cpu(s):  1.3 us,  2.0 sy,  0.0 ni, 96.7 id,  0.0 wa,  0.0 hi,  0.0 si,  0.0 st
%Cpu(s):  2.1 us,  1.6 sy,  0.0 ni, 96.2 id,  0.0 wa,  0.0 hi,  0.0 si,  0.0 st
%Cpu(s):  1.9 us,  2.3 sy,  0.0 ni, 95.7 id,  0.0 wa,  0.0 hi,  0.0 si,  0.1 st
%Cpu(s):  2.0 us,  1.6 sy,  0.0 ni, 96.3 id,  0.0 wa,  0.0 hi,  0.0 si,  0.0 st
%Cpu(s):  3.0 us,  2.6 sy,  0.0 ni, 94.2 id,  0.1 wa,  0.0 hi,  0.0 si,  0.0 st
%Cpu(s):  3.4 us,  1.4 sy,  0.0 ni, 95.0 id,  0.0 wa,  0.0 hi,  0.1 si,  0.1 st
%Cpu(s):  3.4 us,  1.8 sy,  0.0 ni, 94.7 id,  0.0 wa,  0.0 hi,  0.0 si,  0.1 st
%Cpu(s):  2.3 us,  1.8 sy,  0.0 ni, 96.0 id,  0.0 wa,  0.0 hi,  0.0 si,  0.0 st
%Cpu(s):  1.8 us,  2.0 sy,  0.0 ni, 96.2 id,  0.0 wa,  0.0 hi,  0.0 si,  0.0 st
%Cpu(s):  1.9 us,  1.8 sy,  0.0 ni, 96.3 id,  0.0 wa,  0.0 hi,  0.0 si,  0.0 st
%Cpu(s):  2.5 us,  2.0 sy,  0.0 ni, 95.3 id,  0.0 wa,  0.0 hi,  0.0 si,  0.1 st
%Cpu(s):  1.9 us,  2.1 sy,  0.0 ni, 96.0 id,  0.0 wa,  0.0 hi,  0.0 si,  0.0 st
%Cpu(s):  1.6 us,  2.3 sy,  0.0 ni, 96.1 id,  0.0 wa,  0.0 hi,  0.0 si,  0.0 st
%Cpu(s):  2.1 us,  2.4 sy,  0.0 ni, 95.5 id,  0.0 wa,  0.0 hi,  0.0 si,  0.0 st
%Cpu(s):  2.3 us,  1.6 sy,  0.0 ni, 95.9 id,  0.1 wa,  0.0 hi,  0.0 si,  0.0 st
%Cpu(s):  2.3 us,  1.5 sy,  0.0 ni, 96.1 id,  0.0 wa,  0.0 hi,  0.0 si,  0.1 st
