%Cpu(s):  5.2 us,  0.7 sy,  0.0 ni, 94.0 id,  0.0 wa,  0.0 hi,  0.1 si,  0.0 st
%Cpu(s): 49.9 us,  6.3 sy,  0.0 ni, 43.8 id,  0.0 wa,  0.0 hi,  0.0 si,  0.0 st
%Cpu(s): 94.1 us,  5.1 sy,  0.0 ni,  0.7 id,  0.0 wa,  0.0 hi,  0.0 si,  0.0 st
%Cpu(s): 95.9 us,  3.2 sy,  0.0 ni,  0.9 id,  0.0 wa,  0.0 hi,  0.0 si,  0.0 st
%Cpu(s): 93.2 us,  4.4 sy,  0.0 ni,  2.4 id,  0.0 wa,  0.0 hi,  0.0 si,  0.0 st
%Cpu(s): 97.1 us,  2.5 sy,  0.0 ni,  0.4 id,  0.0 wa,  0.0 hi,  0.0 si,  0.0 st
%Cpu(s): 98.4 us,  1.6 sy,  0.0 ni,  0.0 id,  0.0 wa,  0.0 hi,  0.0 si,  0.0 st
%Cpu(s): 97.6 us,  2.4 sy,  0.0 ni,  0.0 id,  0.0 wa,  0.0 hi,  0.0 si,  0.0 st
%Cpu(s): 96.3 us,  3.7 sy,  0.0 ni,  0.0 id,  0.0 wa,  0.0 hi,  0.0 si,  0.0 st
%Cpu(s): 96.6 us,  3.1 sy,  0.0 ni,  0.0 id,  0.0 wa,  0.0 hi,  0.2 si,  0.0 st
%Cpu(s): 96.0 us,  3.9 sy,  0.0 ni,  0.0 id,  0.0 wa,  0.0 hi,  0.1 si,  0.0 st
%Cpu(s): 96.7 us,  3.1 sy,  0.0 ni,  0.0 id,  0.0 wa,  0.0 hi,  0.2 si,  0.0 st
%Cpu(s): 32.2 us,  1.8 sy,  0.0 ni, 66.0 id,  0.0 wa,  0.0 hi,  0.1 si,  0.0 st
%Cpu(s):  6.4 us,  1.6 sy,  0.0 ni, 92.0 id,  0.0 wa,  0.0 hi,  0.0 si,  0.0 st
%Cpu(s):  5.5 us,  1.9 sy,  0.0 ni, 92.4 id,  0.0 wa,  0.0 hi,  0.0 si,  0.1 st
%Cpu(s):  4.5 us,  1.5 sy,  0.0 ni, 94.0 id,  0.0 wa,  0.0 hi,  0.0 si,  0.0 st
%Cpu(s):  5.8 us,  2.2 sy,  0.0 ni, 91.9 id,  0.0 wa,  0.0 hi,  0.1 si,  0.0 st
%Cpu(s):  8.3 us,  1.8 sy,  0.0 ni, 89.8 id,  0.0 wa,  0.0 hi,  0.1 si,  0.0 st
%Cpu(s):  3.6 us,  1.8 sy,  0.0 ni, 94.5 id,  0.0 wa,  0.0 hi,  0.0 si,  0.1 st
%Cpu(s):  5.1 us,  2.3 sy,  0.0 ni, 92.5 id,  0.0 wa,  0.0 hi,  0.0 si,  0.1 st
%Cpu(s): 18.6 us,  3.6 sy,  0.0 ni, 77.8 id,  0.0 wa,  0.0 hi,  0.0 si,  0.0 st
%Cpu(s): 72.8 us,  8.1 sy,  0.0 ni, 18.1 id,  0.0 wa,  0.0 hi,  1.0 si,  0.0 st
%Cpu(s): 90.8 us,  7.9 sy,  0.0 ni,  0.2 id,  0.0 wa,  0.0 hi,  1.0 si,  0.0 st
%Cpu(s): 89.6 us,  8.6 sy,  0.0 ni,  0.2 id,  0.0 wa,  0.0 hi,  1.6 si,  0.0 st
%Cpu(s): 86.6 us, 11.1 sy,  0.0 ni,  0.0 id,  0.0 wa,  0.0 hi,  2.4 si,  0.0 st
%Cpu(s): 88.7 us,  9.9 sy,  0.0 ni,  0.0 id,  0.0 wa,  0.0 hi,  1.5 si,  0.0 st
%Cpu(s): 90.4 us,  7.8 sy,  0.0 ni,  0.0 id,  0.0 wa,  0.0 hi,  1.7 si,  0.0 st
%Cpu(s): 93.5 us,  5.2 sy,  0.0 ni,  0.0 id,  0.0 wa,  0.0 hi,  1.2 si,  0.0 st
%Cpu(s): 91.1 us,  5.5 sy,  0.0 ni,  2.5 id,  0.0 wa,  0.0 hi,  0.9 si,  0.0 st
%Cpu(s): 66.2 us,  4.9 sy,  0.0 ni, 27.8 id,  0.0 wa,  0.0 hi,  1.1 si,  0.0 st
%Cpu(s): 92.1 us,  5.9 sy,  0.0 ni,  0.7 id,  0.0 wa,  0.0 hi,  1.2 si,  0.0 st
%Cpu(s): 74.0 us,  4.7 sy,  0.0 ni, 20.1 id,  0.0 wa,  0.0 hi,  1.1 si,  0.0 st
%Cpu(s): 50.9 us,  5.5 sy,  0.0 ni, 42.9 id,  0.0 wa,  0.0 hi,  0.6 si,  0.0 st
%Cpu(s): 52.1 us,  5.6 sy,  0.0 ni, 41.2 id,  0.0 wa,  0.0 hi,  1.1 si,  0.0 st
%Cpu(s): 45.4 us,  4.1 sy,  0.0 ni, 49.4 id,  0.0 wa,  0.0 hi,  0.9 si,  0.1 st
%Cpu(s): 30.4 us,  3.7 sy,  0.0 ni, 64.8 id,  0.0 wa,  0.0 hi,  1.0 si,  0.0 st
%Cpu(s): 17.1 us,  4.2 sy,  0.0 ni, 77.9 id,  0.0 wa,  0.0 hi,  0.6 si,  0.1 st
%Cpu(s): 12.8 us,  3.7 sy,  0.0 ni, 82.4 id,  0.1 wa,  0.0 hi,  1.0 si,  0.0 st
%Cpu(s): 36.6 us,  4.5 sy,  0.0 ni, 58.2 id,  0.0 wa,  0.0 hi,  0.6 si,  0.0 st
%Cpu(s): 81.3 us,  4.6 sy,  0.0 ni, 13.1 id,  0.0 wa,  0.0 hi,  1.0 si,  0.0 st
%Cpu(s): 58.8 us,  4.1 sy,  0.0 ni, 36.6 id,  0.0 wa,  0.0 hi,  0.5 si,  0.0 st
%Cpu(s): 56.0 us,  4.3 sy,  0.0 ni, 39.0 id,  0.0 wa,  0.0 hi,  0.6 si,  0.0 st
%Cpu(s): 37.8 us,  5.7 sy,  0.0 ni, 55.9 id,  0.0 wa,  0.0 hi,  0.5 si,  0.1 st
%Cpu(s): 35.6 us,  4.3 sy,  0.0 ni, 59.3 id,  0.0 wa,  0.0 hi,  0.9 si,  0.0 st
%Cpu(s): 10.3 us,  4.3 sy,  0.0 ni, 84.8 id,  0.0 wa,  0.0 hi,  0.6 si,  0.0 st
%Cpu(s):  6.5 us,  4.5 sy,  0.0 ni, 88.7 id,  0.0 wa,  0.0 hi,  0.4 si,  0.0 st
%Cpu(s):  7.1 us,  4.4 sy,  0.0 ni, 87.8 id,  0.0 wa,  0.0 hi,  0.5 si,  0.1 st
%Cpu(s):  6.6 us,  4.5 sy,  0.0 ni, 88.0 id,  0.1 wa,  0.0 hi,  0.8 si,  0.0 st
%Cpu(s): 12.8 us,  4.8 sy,  0.0 ni, 81.9 id,  0.0 wa,  0.0 hi,  0.5 si,  0.0 st
%Cpu(s):  8.8 us,  4.1 sy,  0.0 ni, 86.4 id,  0.0 wa,  0.0 hi,  0.8 si,  0.0 st
%Cpu(s): 17.8 us,  4.3 sy,  0.0 ni, 77.1 id,  0.0 wa,  0.0 hi,  0.8 si,  0.0 st
%Cpu(s): 15.4 us,  4.2 sy,  0.0 ni, 79.4 id,  0.0 wa,  0.0 hi,  1.0 si,  0.0 st
%Cpu(s): 21.1 us,  3.8 sy,  0.0 ni, 74.6 id,  0.0 wa,  0.0 hi,  0.4 si,  0.1 st
%Cpu(s): 20.6 us,  3.3 sy,  0.0 ni, 75.5 id,  0.0 wa,  0.0 hi,  0.5 si,  0.0 st
%Cpu(s): 23.5 us,  3.8 sy,  0.0 ni, 72.3 id,  0.0 wa,  0.0 hi,  0.4 si,  0.0 st
%Cpu(s): 21.6 us,  3.5 sy,  0.0 ni, 74.1 id,  0.0 wa,  0.0 hi,  0.8 si,  0.0 st
%Cpu(s):  8.4 us,  3.3 sy,  0.0 ni, 87.5 id,  0.0 wa,  0.0 hi,  0.6 si,  0.1 st
%Cpu(s): 12.7 us,  4.4 sy,  0.0 ni, 82.5 id,  0.0 wa,  0.0 hi,  0.4 si,  0.0 st
%Cpu(s): 18.5 us,  3.3 sy,  0.0 ni, 77.7 id,  0.0 wa,  0.0 hi,  0.5 si,  0.0 st
%Cpu(s): 19.3 us,  3.9 sy,  0.0 ni, 75.8 id,  0.1 wa,  0.0 hi,  0.8 si,  0.1 st
%Cpu(s): 12.1 us,  4.3 sy,  0.0 ni, 82.8 id,  0.0 wa,  0.0 hi,  0.8 si,  0.0 st
%Cpu(s):  5.9 us,  3.1 sy,  0.0 ni, 90.7 id,  0.0 wa,  0.0 hi,  0.1 si,  0.1 st
%Cpu(s):  2.5 us,  1.3 sy,  0.0 ni, 96.0 id,  0.1 wa,  0.0 hi,  0.1 si,  0.0 st
%Cpu(s):  1.0 us,  2.4 sy,  0.0 ni, 96.6 id,  0.0 wa,  0.0 hi,  0.0 si,  0.0 st
%Cpu(s):  2.9 us,  1.8 sy,  0.0 ni, 95.2 id,  0.0 wa,  0.0 hi,  0.0 si,  0.1 st
%Cpu(s): 40.2 us,  2.1 sy,  0.0 ni, 57.6 id,  0.0 wa,  0.0 hi,  0.1 si,  0.0 st
%Cpu(s): 24.3 us,  1.5 sy,  0.0 ni, 74.2 id,  0.0 wa,  0.0 hi,  0.0 si,  0.0 st
%Cpu(s):  2.3 us,  1.9 sy,  0.0 ni, 95.8 id,  0.0 wa,  0.0 hi,  0.0 si,  0.0 st
%Cpu(s):  1.8 us,  2.3 sy,  0.0 ni, 96.0 id,  0.0 wa,  0.0 hi,  0.0 si,  0.0 st
%Cpu(s):  1.8 us,  1.5 sy,  0.0 ni, 96.7 id,  0.0 wa,  0.0 hi,  0.0 si,  0.0 st
%Cpu(s):  2.9 us,  2.2 sy,  0.0 ni, 94.6 id,  0.0 wa,  0.0 hi,  0.1 si,  0.1 st
%Cpu(s):  3.6 us,  1.8 sy,  0.0 ni, 94.6 id,  0.0 wa,  0.0 hi,  0.0 si,  0.0 st
%Cpu(s):  2.3 us,  2.3 sy,  0.0 ni, 95.5 id,  0.0 wa,  0.0 hi,  0.0 si,  0.0 st
%Cpu(s):  2.5 us,  1.6 sy,  0.0 ni, 95.7 id,  0.0 wa,  0.0 hi,  0.1 si,  0.0 st
%Cpu(s):  4.0 us,  1.8 sy,  0.0 ni, 94.1 id,  0.0 wa,  0.0 hi,  0.0 si,  0.1 st
%Cpu(s):  1.8 us,  1.8 sy,  0.0 ni, 96.5 id,  0.0 wa,  0.0 hi,  0.0 si,  0.0 st
%Cpu(s):  1.5 us,  2.0 sy,  0.0 ni, 96.4 id,  0.0 wa,  0.0 hi,  0.1 si,  0.0 st
%Cpu(s):  1.8 us,  1.9 sy,  0.0 ni, 96.2 id,  0.0 wa,  0.0 hi,  0.0 si,  0.1 st
%Cpu(s):  2.2 us,  2.1 sy,  0.0 ni, 95.6 id,  0.0 wa,  0.0 hi,  0.0 si,  0.0 st
%Cpu(s):  2.8 us,  1.4 sy,  0.0 ni, 95.7 id,  0.0 wa,  0.0 hi,  0.1 si,  0.0 st
%Cpu(s):  2.5 us,  2.1 sy,  0.0 ni, 95.4 id,  0.0 wa,  0.0 hi,  0.0 si,  0.0 st
%Cpu(s): 17.2 us,  2.5 sy,  0.0 ni, 80.3 id,  0.0 wa,  0.0 hi,  0.0 si,  0.0 st
