%Cpu(s):  4.8 us,  0.8 sy,  0.0 ni, 94.4 id,  0.0 wa,  0.0 hi,  0.1 si,  0.0 st
%Cpu(s): 78.4 us,  7.3 sy,  0.0 ni, 14.0 id,  0.0 wa,  0.0 hi,  0.1 si,  0.1 st
%Cpu(s): 95.8 us,  3.6 sy,  0.0 ni,  0.6 id,  0.0 wa,  0.0 hi,  0.0 si,  0.0 st
%Cpu(s): 94.1 us,  3.9 sy,  0.0 ni,  2.0 id,  0.0 wa,  0.0 hi,  0.0 si,  0.0 st
%Cpu(s): 96.3 us,  2.4 sy,  0.0 ni,  1.4 id,  0.0 wa,  0.0 hi,  0.0 si,  0.0 st
%Cpu(s): 97.3 us,  2.7 sy,  0.0 ni,  0.0 id,  0.0 wa,  0.0 hi,  0.0 si,  0.0 st
%Cpu(s): 97.8 us,  2.2 sy,  0.0 ni,  0.0 id,  0.0 wa,  0.0 hi,  0.0 si,  0.0 st
%Cpu(s): 97.3 us,  2.7 sy,  0.0 ni,  0.0 id,  0.0 wa,  0.0 hi,  0.0 si,  0.0 st
%Cpu(s): 96.6 us,  3.4 sy,  0.0 ni,  0.0 id,  0.0 wa,  0.0 hi,  0.0 si,  0.0 st
%Cpu(s): 96.8 us,  2.7 sy,  0.0 ni,  0.2 id,  0.0 wa,  0.0 hi,  0.2 si,  0.0 st
%Cpu(s): 40.8 us,  2.0 sy,  0.0 ni, 56.4 id,  0.3 wa,  0.0 hi,  0.5 si,  0.0 st
%Cpu(s): 17.3 us,  2.5 sy,  0.0 ni, 79.8 id,  0.0 wa,  0.0 hi,  0.1 si,  0.3 st
%Cpu(s): 11.9 us,  2.9 sy,  0.0 ni, 85.2 id,  0.0 wa,  0.0 hi,  0.0 si,  0.0 st
%Cpu(s): 17.4 us,  3.0 sy,  0.0 ni, 79.4 id,  0.0 wa,  0.0 hi,  0.1 si,  0.0 st
%Cpu(s):  9.4 us,  2.4 sy,  0.0 ni, 88.0 id,  0.0 wa,  0.0 hi,  0.0 si,  0.1 st
%Cpu(s):  7.8 us,  2.9 sy,  0.0 ni, 89.0 id,  0.0 wa,  0.0 hi,  0.1 si,  0.1 st
%Cpu(s):  4.7 us,  3.8 sy,  0.0 ni, 91.3 id,  0.0 wa,  0.0 hi,  0.1 si,  0.1 st
%Cpu(s):  3.4 us,  4.7 sy,  0.0 ni, 91.9 id,  0.0 wa,  0.0 hi,  0.0 si,  0.0 st
%Cpu(s): 12.8 us,  3.4 sy,  0.0 ni, 83.6 id,  0.0 wa,  0.0 hi,  0.1 si,  0.1 st
%Cpu(s): 69.3 us,  3.5 sy,  0.0 ni, 26.4 id,  0.0 wa,  0.0 hi,  0.8 si,  0.0 st
%Cpu(s): 91.9 us,  6.4 sy,  0.0 ni,  0.4 id,  0.0 wa,  0.0 hi,  1.4 si,  0.0 st
%Cpu(s): 92.0 us,  6.6 sy,  0.0 ni,  0.1 id,  0.0 wa,  0.0 hi,  1.2 si,  0.0 st
%Cpu(s): 90.0 us,  8.2 sy,  0.0 ni,  0.1 id,  0.0 wa,  0.0 hi,  1.6 si,  0.0 st
%Cpu(s): 89.9 us,  8.5 sy,  0.0 ni,  0.1 id,  0.0 wa,  0.0 hi,  1.5 si,  0.0 st
%Cpu(s): 91.8 us,  6.8 sy,  0.0 ni,  0.1 id,  0.0 wa,  0.0 hi,  1.2 si,  0.0 st
%Cpu(s): 92.3 us,  6.5 sy,  0.0 ni,  0.1 id,  0.0 wa,  0.0 hi,  1.1 si,  0.0 st
%Cpu(s): 91.3 us,  6.0 sy,  0.0 ni,  2.1 id,  0.0 wa,  0.0 hi,  0.6 si,  0.0 st
%Cpu(s): 80.1 us,  4.5 sy,  0.0 ni, 14.6 id,  0.0 wa,  0.0 hi,  0.9 si,  0.0 st
%Cpu(s): 72.3 us,  4.5 sy,  0.0 ni, 22.2 id,  0.0 wa,  0.0 hi,  1.0 si,  0.0 st
%Cpu(s): 42.9 us,  4.0 sy,  0.0 ni, 51.9 id,  0.0 wa,  0.0 hi,  1.0 si,  0.1 st
%Cpu(s): 32.1 us,  5.0 sy,  0.0 ni, 62.1 id,  0.0 wa,  0.0 hi,  0.9 si,  0.0 st
%Cpu(s): 30.5 us,  4.7 sy,  0.0 ni, 63.7 id,  0.1 wa,  0.0 hi,  0.9 si,  0.1 st
%Cpu(s): 24.2 us,  5.1 sy,  0.0 ni, 69.6 id,  0.0 wa,  0.0 hi,  1.1 si,  0.0 st
%Cpu(s): 38.2 us,  5.3 sy,  0.0 ni, 55.5 id,  0.0 wa,  0.0 hi,  0.9 si,  0.0 st
%Cpu(s): 27.9 us,  4.0 sy,  0.0 ni, 66.8 id,  0.0 wa,  0.0 hi,  1.2 si,  0.0 st
%Cpu(s): 38.5 us,  4.4 sy,  0.0 ni, 55.8 id,  0.0 wa,  0.0 hi,  1.3 si,  0.0 st
%Cpu(s): 27.5 us,  5.1 sy,  0.0 ni, 66.2 id,  0.0 wa,  0.0 hi,  1.1 si,  0.1 st
%Cpu(s): 11.6 us,  4.4 sy,  0.0 ni, 83.0 id,  0.0 wa,  0.0 hi,  1.0 si,  0.0 st
%Cpu(s): 38.3 us,  5.0 sy,  0.0 ni, 55.7 id,  0.0 wa,  0.0 hi,  1.0 si,  0.0 st
%Cpu(s): 48.7 us,  4.5 sy,  0.0 ni, 45.9 id,  0.0 wa,  0.0 hi,  0.8 si,  0.1 st
%Cpu(s): 46.4 us,  5.1 sy,  0.0 ni, 47.6 id,  0.1 wa,  0.0 hi,  0.8 si,  0.0 st
%Cpu(s): 43.3 us,  3.9 sy,  0.0 ni, 51.4 id,  0.0 wa,  0.0 hi,  1.3 si,  0.1 st
%Cpu(s): 26.7 us,  4.8 sy,  0.0 ni, 67.8 id,  0.0 wa,  0.0 hi,  0.8 si,  0.0 st
%Cpu(s): 16.8 us,  4.9 sy,  0.0 ni, 77.3 id,  0.0 wa,  0.0 hi,  0.9 si,  0.1 st
%Cpu(s): 16.1 us,  4.9 sy,  0.0 ni, 78.2 id,  0.0 wa,  0.0 hi,  0.8 si,  0.0 st
%Cpu(s):  9.5 us,  4.7 sy,  0.0 ni, 85.3 id,  0.0 wa,  0.0 hi,  0.5 si,  0.0 st
%Cpu(s): 11.2 us,  4.9 sy,  0.0 ni, 83.2 id,  0.0 wa,  0.0 hi,  0.8 si,  0.0 st
%Cpu(s): 14.1 us,  4.7 sy,  0.0 ni, 80.3 id,  0.0 wa,  0.0 hi,  0.9 si,  0.0 st
%Cpu(s): 16.7 us,  4.3 sy,  0.0 ni, 78.1 id,  0.0 wa,  0.0 hi,  0.9 si,  0.0 st
%Cpu(s): 50.6 us,  4.9 sy,  0.0 ni, 43.1 id,  0.0 wa,  0.0 hi,  1.5 si,  0.0 st
%Cpu(s): 30.5 us,  4.4 sy,  0.0 ni, 64.6 id,  0.0 wa,  0.0 hi,  0.5 si,  0.0 st
%Cpu(s): 18.7 us,  5.7 sy,  0.0 ni, 74.4 id,  0.0 wa,  0.0 hi,  1.0 si,  0.1 st
%Cpu(s): 14.3 us,  5.0 sy,  0.0 ni, 79.9 id,  0.0 wa,  0.0 hi,  0.6 si,  0.1 st
%Cpu(s): 12.6 us,  5.4 sy,  0.0 ni, 81.4 id,  0.0 wa,  0.0 hi,  0.6 si,  0.0 st
%Cpu(s): 16.9 us,  5.2 sy,  0.0 ni, 77.2 id,  0.0 wa,  0.0 hi,  0.8 si,  0.0 st
%Cpu(s): 13.3 us,  4.1 sy,  0.0 ni, 81.6 id,  0.0 wa,  0.0 hi,  0.9 si,  0.1 st
%Cpu(s): 18.8 us,  4.0 sy,  0.0 ni, 76.0 id,  0.1 wa,  0.0 hi,  1.2 si,  0.0 st
%Cpu(s): 18.9 us,  5.2 sy,  0.0 ni, 75.1 id,  0.0 wa,  0.0 hi,  0.8 si,  0.0 st
%Cpu(s): 11.8 us,  5.5 sy,  0.0 ni, 82.0 id,  0.0 wa,  0.0 hi,  0.6 si,  0.0 st
%Cpu(s): 28.7 us,  4.9 sy,  0.0 ni, 65.5 id,  0.0 wa,  0.0 hi,  0.9 si,  0.0 st
%Cpu(s): 16.3 us,  5.1 sy,  0.0 ni, 77.4 id,  0.0 wa,  0.0 hi,  1.0 si,  0.1 st
%Cpu(s):  5.9 us,  4.1 sy,  0.0 ni, 89.6 id,  0.0 wa,  0.0 hi,  0.4 si,  0.1 st
%Cpu(s):  3.6 us,  3.0 sy,  0.0 ni, 93.1 id,  0.0 wa,  0.0 hi,  0.1 si,  0.1 st
%Cpu(s):  4.9 us,  3.7 sy,  0.0 ni, 91.4 id,  0.0 wa,  0.0 hi,  0.0 si,  0.0 st
%Cpu(s):  4.4 us,  2.8 sy,  0.0 ni, 92.8 id,  0.0 wa,  0.0 hi,  0.0 si,  0.0 st
%Cpu(s): 31.3 us,  2.9 sy,  0.0 ni, 65.8 id,  0.0 wa,  0.0 hi,  0.0 si,  0.0 st
%Cpu(s): 20.0 us,  3.3 sy,  0.0 ni, 76.8 id,  0.0 wa,  0.0 hi,  0.0 si,  0.0 st
%Cpu(s):  2.7 us,  2.8 sy,  0.0 ni, 94.4 id,  0.0 wa,  0.0 hi,  0.0 si,  0.1 st
%Cpu(s):  3.4 us,  4.2 sy,  0.0 ni, 92.1 id,  0.0 wa,  0.0 hi,  0.1 si,  0.1 st
%Cpu(s):  5.6 us,  3.7 sy,  0.0 ni, 90.5 id,  0.0 wa,  0.0 hi,  0.1 si,  0.1 st
%Cpu(s):  3.4 us,  3.7 sy,  0.0 ni, 92.8 id,  0.1 wa,  0.0 hi,  0.0 si,  0.0 st
%Cpu(s):  3.7 us,  3.3 sy,  0.0 ni, 92.9 id,  0.0 wa,  0.0 hi,  0.0 si,  0.1 st
%Cpu(s):  4.7 us,  3.8 sy,  0.0 ni, 91.4 id,  0.0 wa,  0.0 hi,  0.0 si,  0.0 st
%Cpu(s):  4.2 us,  3.9 sy,  0.0 ni, 91.6 id,  0.0 wa,  0.0 hi,  0.3 si,  0.1 st
%Cpu(s):  3.6 us,  3.3 sy,  0.0 ni, 93.0 id,  0.0 wa,  0.0 hi,  0.1 si,  0.0 st
%Cpu(s):  3.5 us,  3.7 sy,  0.0 ni, 92.6 id,  0.0 wa,  0.0 hi,  0.0 si,  0.1 st
%Cpu(s):  5.7 us,  3.5 sy,  0.0 ni, 90.8 id,  0.0 wa,  0.0 hi,  0.0 si,  0.0 st
%Cpu(s):  3.4 us,  3.1 sy,  0.0 ni, 93.5 id,  0.0 wa,  0.0 hi,  0.0 si,  0.0 st
%Cpu(s):  5.1 us,  3.4 sy,  0.0 ni, 91.2 id,  0.0 wa,  0.0 hi,  0.0 si,  0.3 st
%Cpu(s):  6.8 us,  4.1 sy,  0.0 ni, 88.8 id,  0.0 wa,  0.0 hi,  0.1 si,  0.1 st
