%Cpu(s):  2.9 us,  0.5 sy,  0.0 ni, 96.5 id,  0.0 wa,  0.0 hi,  0.1 si,  0.0 st
%Cpu(s): 22.3 us,  0.6 sy,  0.0 ni, 77.1 id,  0.0 wa,  0.0 hi,  0.0 si,  0.0 st
%Cpu(s): 26.4 us,  0.7 sy,  0.0 ni, 72.8 id,  0.0 wa,  0.0 hi,  0.0 si,  0.0 st
%Cpu(s): 27.1 us,  1.5 sy,  0.0 ni, 71.4 id,  0.0 wa,  0.0 hi,  0.0 si,  0.0 st
%Cpu(s): 23.3 us,  0.8 sy,  0.0 ni, 75.9 id,  0.0 wa,  0.0 hi,  0.0 si,  0.0 st
%Cpu(s): 35.0 us,  0.7 sy,  0.0 ni, 64.3 id,  0.0 wa,  0.0 hi,  0.0 si,  0.0 st
%Cpu(s): 25.6 us,  0.6 sy,  0.0 ni, 73.8 id,  0.0 wa,  0.0 hi,  0.0 si,  0.0 st
%Cpu(s):  0.7 us,  0.0 sy,  0.0 ni, 99.3 id,  0.0 wa,  0.0 hi,  0.0 si,  0.0 st
%Cpu(s):  0.1 us,  0.0 sy,  0.0 ni, 99.9 id,  0.0 wa,  0.0 hi,  0.0 si,  0.0 st
%Cpu(s): 41.7 us,  4.7 sy,  0.0 ni, 53.3 id,  0.0 wa,  0.0 hi,  0.2 si,  0.0 st
%Cpu(s): 82.3 us,  3.5 sy,  0.0 ni, 14.1 id,  0.0 wa,  0.0 hi,  0.1 si,  0.0 st
%Cpu(s): 83.2 us,  2.5 sy,  0.0 ni, 14.1 id,  0.0 wa,  0.0 hi,  0.1 si,  0.0 st
%Cpu(s): 84.2 us,  2.5 sy,  0.0 ni, 13.2 id,  0.0 wa,  0.0 hi,  0.0 si,  0.1 st
%Cpu(s): 97.0 us,  1.8 sy,  0.0 ni,  1.2 id,  0.0 wa,  0.0 hi,  0.0 si,  0.0 st
%Cpu(s): 96.5 us,  2.6 sy,  0.0 ni,  0.6 id,  0.0 wa,  0.0 hi,  0.2 si,  0.0 st
%Cpu(s): 94.2 us,  2.6 sy,  0.0 ni,  2.9 id,  0.0 wa,  0.0 hi,  0.3 si,  0.0 st
%Cpu(s): 96.8 us,  2.6 sy,  0.0 ni,  0.6 id,  0.0 wa,  0.0 hi,  0.0 si,  0.0 st
%Cpu(s): 47.1 us,  0.8 sy,  0.0 ni, 52.1 id,  0.0 wa,  0.0 hi,  0.0 si,  0.0 st
%Cpu(s):  3.0 us,  1.2 sy,  0.0 ni, 95.6 id,  0.0 wa,  0.0 hi,  0.1 si,  0.0 st
%Cpu(s):  2.6 us,  1.4 sy,  0.0 ni, 95.9 id,  0.1 wa,  0.0 hi,  0.0 si,  0.0 st
%Cpu(s): 58.5 us,  4.7 sy,  0.0 ni, 35.5 id,  0.0 wa,  0.0 hi,  1.4 si,  0.0 st
%Cpu(s): 73.7 us,  5.6 sy,  0.0 ni, 17.9 id,  0.0 wa,  0.0 hi,  2.8 si,  0.0 st
%Cpu(s): 64.4 us,  6.8 sy,  0.0 ni, 26.3 id,  0.0 wa,  0.0 hi,  2.5 si,  0.0 st
%Cpu(s): 60.3 us,  7.0 sy,  0.0 ni, 30.0 id,  0.0 wa,  0.0 hi,  2.7 si,  0.0 st
%Cpu(s): 46.7 us,  6.8 sy,  0.0 ni, 44.3 id,  0.0 wa,  0.0 hi,  2.1 si,  0.0 st
%Cpu(s): 59.9 us,  7.0 sy,  0.0 ni, 30.5 id,  0.0 wa,  0.0 hi,  2.4 si,  0.1 st
%Cpu(s): 37.3 us,  7.8 sy,  0.0 ni, 51.9 id,  0.0 wa,  0.0 hi,  3.0 si,  0.0 st
%Cpu(s): 18.9 us,  7.3 sy,  0.0 ni, 70.1 id,  0.0 wa,  0.0 hi,  3.6 si,  0.1 st
%Cpu(s): 24.8 us,  8.7 sy,  0.0 ni, 63.5 id,  0.1 wa,  0.0 hi,  2.8 si,  0.0 st
%Cpu(s): 27.7 us,  7.8 sy,  0.0 ni, 61.3 id,  0.0 wa,  0.0 hi,  3.2 si,  0.0 st
%Cpu(s): 24.4 us,  8.6 sy,  0.0 ni, 64.1 id,  0.0 wa,  0.0 hi,  3.0 si,  0.0 st
%Cpu(s): 16.2 us,  7.7 sy,  0.0 ni, 73.1 id,  0.0 wa,  0.0 hi,  3.1 si,  0.0 st
%Cpu(s): 16.8 us,  7.1 sy,  0.0 ni, 73.2 id,  0.0 wa,  0.0 hi,  2.9 si,  0.0 st
%Cpu(s): 33.7 us,  7.0 sy,  0.0 ni, 55.9 id,  0.0 wa,  0.0 hi,  3.3 si,  0.0 st
%Cpu(s): 35.8 us,  8.1 sy,  0.0 ni, 53.0 id,  0.0 wa,  0.0 hi,  3.0 si,  0.0 st
%Cpu(s): 37.0 us,  7.6 sy,  0.0 ni, 51.7 id,  0.0 wa,  0.0 hi,  3.7 si,  0.0 st
%Cpu(s): 23.1 us,  7.7 sy,  0.0 ni, 66.8 id,  0.0 wa,  0.0 hi,  2.3 si,  0.0 st
%Cpu(s): 24.9 us,  6.1 sy,  0.0 ni, 67.3 id,  0.0 wa,  0.0 hi,  1.6 si,  0.0 st
%Cpu(s): 17.1 us,  4.8 sy,  0.0 ni, 75.6 id,  0.0 wa,  0.0 hi,  2.5 si,  0.0 st
%Cpu(s): 35.2 us,  5.3 sy,  0.0 ni, 58.2 id,  0.0 wa,  0.0 hi,  1.4 si,  0.0 st
%Cpu(s): 21.8 us,  5.4 sy,  0.0 ni, 70.2 id,  0.0 wa,  0.0 hi,  2.5 si,  0.1 st
%Cpu(s): 20.5 us,  6.8 sy,  0.0 ni, 70.5 id,  0.0 wa,  0.0 hi,  2.2 si,  0.0 st
%Cpu(s): 25.0 us,  6.4 sy,  0.0 ni, 67.2 id,  0.0 wa,  0.0 hi,  1.4 si,  0.0 st
%Cpu(s): 10.7 us,  6.2 sy,  0.0 ni, 81.6 id,  0.0 wa,  0.0 hi,  1.5 si,  0.0 st
%Cpu(s):  9.3 us,  6.1 sy,  0.0 ni, 82.8 id,  0.0 wa,  0.0 hi,  1.8 si,  0.0 st
%Cpu(s): 10.9 us,  5.2 sy,  0.0 ni, 82.6 id,  0.0 wa,  0.0 hi,  1.2 si,  0.1 st
%Cpu(s): 11.6 us,  5.2 sy,  0.0 ni, 81.5 id,  0.0 wa,  0.0 hi,  1.7 si,  0.0 st
%Cpu(s): 17.0 us,  5.8 sy,  0.0 ni, 75.4 id,  0.0 wa,  0.0 hi,  1.8 si,  0.0 st
%Cpu(s): 13.2 us,  5.7 sy,  0.0 ni, 79.4 id,  0.0 wa,  0.0 hi,  1.7 si,  0.0 st
%Cpu(s): 21.5 us,  6.9 sy,  0.0 ni, 69.7 id,  0.0 wa,  0.0 hi,  2.0 si,  0.0 st
%Cpu(s): 28.8 us,  5.8 sy,  0.0 ni, 63.5 id,  0.0 wa,  0.0 hi,  1.9 si,  0.0 st
%Cpu(s): 25.9 us,  6.0 sy,  0.0 ni, 66.4 id,  0.0 wa,  0.0 hi,  1.8 si,  0.0 st
%Cpu(s): 10.0 us,  4.6 sy,  0.0 ni, 82.9 id,  0.0 wa,  0.0 hi,  2.5 si,  0.0 st
%Cpu(s): 10.1 us,  5.2 sy,  0.0 ni, 82.0 id,  0.0 wa,  0.0 hi,  2.7 si,  0.0 st
%Cpu(s): 10.9 us,  5.4 sy,  0.0 ni, 81.1 id,  0.0 wa,  0.0 hi,  2.5 si,  0.0 st
%Cpu(s): 10.1 us,  5.0 sy,  0.0 ni, 82.5 id,  0.0 wa,  0.0 hi,  2.4 si,  0.0 st
%Cpu(s):  9.8 us,  5.2 sy,  0.0 ni, 83.0 id,  0.0 wa,  0.0 hi,  2.0 si,  0.0 st
%Cpu(s): 18.2 us,  5.5 sy,  0.0 ni, 74.8 id,  0.0 wa,  0.0 hi,  1.5 si,  0.0 st
%Cpu(s): 22.7 us,  5.7 sy,  0.0 ni, 68.8 id,  0.6 wa,  0.0 hi,  2.3 si,  0.0 st
%Cpu(s): 19.2 us,  5.8 sy,  0.0 ni, 72.6 id,  0.0 wa,  0.0 hi,  2.4 si,  0.0 st
%Cpu(s):  8.3 us,  6.0 sy,  0.0 ni, 83.6 id,  0.0 wa,  0.0 hi,  2.1 si,  0.0 st
%Cpu(s):  4.7 us,  2.8 sy,  0.0 ni, 91.6 id,  0.0 wa,  0.0 hi,  1.0 si,  0.0 st
%Cpu(s):  3.9 us,  2.8 sy,  0.0 ni, 93.0 id,  0.0 wa,  0.0 hi,  0.4 si,  0.0 st
%Cpu(s):  3.9 us,  3.0 sy,  0.0 ni, 92.7 id,  0.0 wa,  0.0 hi,  0.4 si,  0.0 st
%Cpu(s):  5.2 us,  2.9 sy,  0.0 ni, 91.2 id,  0.0 wa,  0.0 hi,  0.5 si,  0.1 st
%Cpu(s):  4.6 us,  3.0 sy,  0.0 ni, 91.9 id,  0.0 wa,  0.0 hi,  0.5 si,  0.0 st
%Cpu(s):  3.8 us,  2.4 sy,  0.0 ni, 93.3 id,  0.0 wa,  0.0 hi,  0.5 si,  0.0 st
%Cpu(s): 24.8 us,  2.9 sy,  0.0 ni, 71.7 id,  0.0 wa,  0.0 hi,  0.6 si,  0.0 st
%Cpu(s):  5.9 us,  2.6 sy,  0.0 ni, 91.1 id,  0.0 wa,  0.0 hi,  0.4 si,  0.0 st
%Cpu(s):  9.5 us,  2.0 sy,  0.0 ni, 88.1 id,  0.0 wa,  0.0 hi,  0.4 si,  0.0 st
%Cpu(s):  6.8 us,  2.4 sy,  0.0 ni, 90.5 id,  0.0 wa,  0.0 hi,  0.4 si,  0.0 st
%Cpu(s): 11.4 us,  2.6 sy,  0.0 ni, 85.4 id,  0.0 wa,  0.0 hi,  0.5 si,  0.0 st
%Cpu(s):  6.9 us,  2.1 sy,  0.0 ni, 90.5 id,  0.0 wa,  0.0 hi,  0.4 si,  0.1 st
%Cpu(s):  2.7 us,  1.5 sy,  0.0 ni, 95.8 id,  0.0 wa,  0.0 hi,  0.0 si,  0.0 st
%Cpu(s):  1.6 us,  0.8 sy,  0.0 ni, 97.6 id,  0.0 wa,  0.0 hi,  0.0 si,  0.0 st
%Cpu(s):  1.9 us,  1.0 sy,  0.0 ni, 97.1 id,  0.0 wa,  0.0 hi,  0.0 si,  0.0 st
%Cpu(s):  4.8 us,  1.8 sy,  0.0 ni, 93.3 id,  0.0 wa,  0.0 hi,  0.1 si,  0.0 st
%Cpu(s):  2.9 us,  1.6 sy,  0.0 ni, 95.5 id,  0.0 wa,  0.0 hi,  0.0 si,  0.0 st
%Cpu(s):  3.0 us,  1.3 sy,  0.0 ni, 95.7 id,  0.0 wa,  0.0 hi,  0.0 si,  0.0 st
