%Cpu(s):  2.2 us,  0.2 sy,  0.0 ni, 97.5 id,  0.0 wa,  0.0 hi,  0.0 si,  0.0 st
%Cpu(s): 18.2 us,  2.8 sy,  0.0 ni, 78.6 id,  0.0 wa,  0.0 hi,  0.1 si,  0.3 st
%Cpu(s): 10.1 us,  3.5 sy,  0.0 ni, 86.4 id,  0.0 wa,  0.0 hi,  0.0 si,  0.0 st
%Cpu(s):  6.6 us,  4.3 sy,  0.0 ni, 88.7 id,  0.0 wa,  0.0 hi,  0.0 si,  0.4 st
%Cpu(s):  5.6 us,  5.5 sy,  0.0 ni, 88.8 id,  0.0 wa,  0.0 hi,  0.0 si,  0.1 st
%Cpu(s):  8.5 us,  5.5 sy,  0.0 ni, 85.8 id,  0.0 wa,  0.0 hi,  0.0 si,  0.2 st
%Cpu(s): 10.2 us,  3.6 sy,  0.0 ni, 85.8 id,  0.0 wa,  0.0 hi,  0.1 si,  0.3 st
%Cpu(s):  6.5 us,  4.4 sy,  0.0 ni, 88.8 id,  0.1 wa,  0.0 hi,  0.1 si,  0.1 st
%Cpu(s):  8.9 us,  3.5 sy,  0.0 ni, 87.5 id,  0.0 wa,  0.0 hi,  0.0 si,  0.1 st
%Cpu(s): 18.5 us,  3.9 sy,  0.0 ni, 77.3 id,  0.1 wa,  0.0 hi,  0.0 si,  0.3 st
%Cpu(s): 77.6 us,  4.5 sy,  0.0 ni, 17.5 id,  0.0 wa,  0.0 hi,  0.4 si,  0.0 st
%Cpu(s): 92.2 us,  5.1 sy,  0.0 ni,  1.5 id,  0.0 wa,  0.0 hi,  1.2 si,  0.0 st
%Cpu(s): 89.6 us,  6.4 sy,  0.0 ni,  2.6 id,  0.0 wa,  0.0 hi,  1.4 si,  0.0 st
%Cpu(s): 64.6 us,  4.4 sy,  0.0 ni, 30.1 id,  0.0 wa,  0.0 hi,  0.9 si,  0.0 st
%Cpu(s): 62.2 us,  4.9 sy,  0.0 ni, 31.7 id,  0.0 wa,  0.0 hi,  1.1 si,  0.0 st
%Cpu(s): 75.4 us,  5.0 sy,  0.0 ni, 18.5 id,  0.0 wa,  0.0 hi,  1.1 si,  0.0 st
%Cpu(s): 44.6 us,  4.5 sy,  0.0 ni, 49.8 id,  0.0 wa,  0.0 hi,  0.9 si,  0.1 st
%Cpu(s): 38.8 us,  4.1 sy,  0.0 ni, 56.2 id,  0.0 wa,  0.0 hi,  0.9 si,  0.0 st
%Cpu(s): 24.5 us,  4.5 sy,  0.0 ni, 70.4 id,  0.0 wa,  0.0 hi,  0.5 si,  0.1 st
%Cpu(s): 57.2 us,  5.0 sy,  0.0 ni, 37.3 id,  0.0 wa,  0.0 hi,  0.5 si,  0.0 st
%Cpu(s): 74.7 us,  4.6 sy,  0.0 ni, 19.5 id,  0.0 wa,  0.0 hi,  1.2 si,  0.0 st
%Cpu(s): 47.4 us,  4.9 sy,  0.0 ni, 47.0 id,  0.0 wa,  0.0 hi,  0.8 si,  0.0 st
%Cpu(s): 38.8 us,  4.5 sy,  0.0 ni, 56.1 id,  0.0 wa,  0.0 hi,  0.6 si,  0.0 st
%Cpu(s): 23.2 us,  4.2 sy,  0.0 ni, 72.3 id,  0.0 wa,  0.0 hi,  0.4 si,  0.0 st
%Cpu(s): 16.0 us,  5.2 sy,  0.0 ni, 78.1 id,  0.0 wa,  0.0 hi,  0.8 si,  0.0 st
%Cpu(s): 35.9 us,  3.9 sy,  0.0 ni, 59.1 id,  0.0 wa,  0.0 hi,  0.9 si,  0.3 st
%Cpu(s): 22.1 us,  3.6 sy,  0.0 ni, 73.8 id,  0.0 wa,  0.0 hi,  0.5 si,  0.0 st
%Cpu(s): 35.3 us,  4.0 sy,  0.0 ni, 60.1 id,  0.0 wa,  0.0 hi,  0.6 si,  0.0 st
%Cpu(s): 17.5 us,  4.2 sy,  0.0 ni, 77.6 id,  0.0 wa,  0.0 hi,  0.8 si,  0.0 st
%Cpu(s): 15.9 us,  5.5 sy,  0.0 ni, 77.7 id,  0.0 wa,  0.0 hi,  0.8 si,  0.1 st
%Cpu(s): 12.9 us,  4.9 sy,  0.0 ni, 81.6 id,  0.0 wa,  0.0 hi,  0.6 si,  0.0 st
%Cpu(s): 11.4 us,  5.6 sy,  0.0 ni, 82.4 id,  0.0 wa,  0.0 hi,  0.6 si,  0.0 st
%Cpu(s): 10.3 us,  5.2 sy,  0.0 ni, 83.6 id,  0.0 wa,  0.0 hi,  0.8 si,  0.1 st
%Cpu(s): 18.9 us,  4.6 sy,  0.0 ni, 75.8 id,  0.0 wa,  0.0 hi,  0.5 si,  0.1 st
%Cpu(s): 48.4 us,  4.3 sy,  0.0 ni, 46.8 id,  0.0 wa,  0.0 hi,  0.5 si,  0.0 st
%Cpu(s): 13.8 us,  4.2 sy,  0.0 ni, 81.4 id,  0.1 wa,  0.0 hi,  0.5 si,  0.0 st
%Cpu(s): 46.8 us,  4.5 sy,  0.0 ni, 48.1 id,  0.0 wa,  0.0 hi,  0.6 si,  0.0 st
%Cpu(s): 30.9 us,  4.0 sy,  0.0 ni, 64.1 id,  0.0 wa,  0.0 hi,  0.9 si,  0.0 st
%Cpu(s): 25.0 us,  4.8 sy,  0.0 ni, 69.1 id,  0.0 wa,  0.0 hi,  1.0 si,  0.1 st
%Cpu(s): 38.8 us,  4.3 sy,  0.0 ni, 56.3 id,  0.0 wa,  0.0 hi,  0.5 si,  0.0 st
%Cpu(s): 39.5 us,  4.0 sy,  0.0 ni, 55.6 id,  0.0 wa,  0.0 hi,  1.0 si,  0.0 st
%Cpu(s): 24.9 us,  4.3 sy,  0.0 ni, 70.2 id,  0.0 wa,  0.0 hi,  0.5 si,  0.1 st
%Cpu(s): 20.6 us,  5.0 sy,  0.0 ni, 73.6 id,  0.0 wa,  0.0 hi,  0.6 si,  0.1 st
%Cpu(s): 22.3 us,  5.2 sy,  0.0 ni, 72.0 id,  0.0 wa,  0.0 hi,  0.5 si,  0.0 st
%Cpu(s): 27.5 us,  4.9 sy,  0.0 ni, 67.0 id,  0.0 wa,  0.0 hi,  0.6 si,  0.0 st
%Cpu(s): 14.2 us,  6.3 sy,  0.0 ni, 79.3 id,  0.0 wa,  0.0 hi,  0.3 si,  0.0 st
%Cpu(s):  8.4 us,  4.0 sy,  0.0 ni, 86.8 id,  0.0 wa,  0.0 hi,  0.8 si,  0.0 st
%Cpu(s): 11.9 us,  6.2 sy,  0.0 ni, 81.3 id,  0.1 wa,  0.0 hi,  0.5 si,  0.0 st
%Cpu(s):  9.0 us,  5.1 sy,  0.0 ni, 85.0 id,  0.0 wa,  0.0 hi,  0.8 si,  0.1 st
%Cpu(s): 16.5 us,  5.9 sy,  0.0 ni, 77.2 id,  0.0 wa,  0.0 hi,  0.3 si,  0.1 st
%Cpu(s):  7.9 us,  5.5 sy,  0.0 ni, 85.7 id,  0.0 wa,  0.0 hi,  0.9 si,  0.0 st
%Cpu(s): 10.8 us,  4.7 sy,  0.0 ni, 84.0 id,  0.0 wa,  0.0 hi,  0.5 si,  0.0 st
%Cpu(s): 13.6 us,  5.2 sy,  0.0 ni, 80.6 id,  0.0 wa,  0.0 hi,  0.4 si,  0.1 st
%Cpu(s): 10.7 us,  4.9 sy,  0.0 ni, 83.5 id,  0.0 wa,  0.0 hi,  0.9 si,  0.0 st
%Cpu(s):  9.5 us,  5.3 sy,  0.0 ni, 84.5 id,  0.0 wa,  0.0 hi,  0.8 si,  0.0 st
%Cpu(s):  7.9 us,  5.3 sy,  0.0 ni, 86.0 id,  0.0 wa,  0.0 hi,  0.9 si,  0.0 st
%Cpu(s):  8.9 us,  4.7 sy,  0.0 ni, 85.8 id,  0.0 wa,  0.0 hi,  0.5 si,  0.1 st
%Cpu(s):  8.3 us,  5.0 sy,  0.0 ni, 85.9 id,  0.0 wa,  0.0 hi,  0.8 si,  0.0 st
%Cpu(s):  8.3 us,  4.7 sy,  0.0 ni, 86.4 id,  0.0 wa,  0.0 hi,  0.5 si,  0.1 st
%Cpu(s):  9.3 us,  5.4 sy,  0.0 ni, 84.6 id,  0.0 wa,  0.0 hi,  0.8 si,  0.0 st
%Cpu(s): 10.0 us,  5.1 sy,  0.0 ni, 84.0 id,  0.0 wa,  0.0 hi,  0.9 si,  0.0 st
%Cpu(s): 16.8 us,  4.3 sy,  0.0 ni, 78.6 id,  0.0 wa,  0.0 hi,  0.3 si,  0.1 st
%Cpu(s):  3.5 us,  4.2 sy,  0.0 ni, 91.8 id,  0.0 wa,  0.0 hi,  0.1 si,  0.4 st
%Cpu(s):  4.8 us,  4.4 sy,  0.0 ni, 90.5 id,  0.0 wa,  0.0 hi,  0.1 si,  0.1 st
%Cpu(s):  3.6 us,  3.8 sy,  0.0 ni, 92.3 id,  0.0 wa,  0.0 hi,  0.0 si,  0.3 st
%Cpu(s):  4.2 us,  4.0 sy,  0.0 ni, 91.5 id,  0.1 wa,  0.0 hi,  0.0 si,  0.1 st
%Cpu(s):  4.5 us,  3.7 sy,  0.0 ni, 91.6 id,  0.0 wa,  0.0 hi,  0.0 si,  0.3 st
%Cpu(s):  2.5 us,  3.8 sy,  0.0 ni, 93.3 id,  0.1 wa,  0.0 hi,  0.1 si,  0.1 st
%Cpu(s):  4.8 us,  3.8 sy,  0.0 ni, 91.2 id,  0.0 wa,  0.0 hi,  0.0 si,  0.3 st
%Cpu(s):  5.3 us,  4.9 sy,  0.0 ni, 89.6 id,  0.0 wa,  0.0 hi,  0.0 si,  0.1 st
%Cpu(s):  4.9 us,  4.6 sy,  0.0 ni, 90.3 id,  0.0 wa,  0.0 hi,  0.1 si,  0.1 st
%Cpu(s):  5.1 us,  5.3 sy,  0.0 ni, 89.1 id,  0.0 wa,  0.0 hi,  0.4 si,  0.1 st
