%Cpu(s):  3.8 us,  0.6 sy,  0.0 ni, 95.5 id,  0.0 wa,  0.0 hi,  0.2 si,  0.0 st
%Cpu(s): 22.4 us,  2.9 sy,  0.0 ni, 74.7 id,  0.0 wa,  0.0 hi,  0.0 si,  0.0 st
%Cpu(s): 71.3 us,  3.8 sy,  0.0 ni, 24.7 id,  0.0 wa,  0.0 hi,  0.1 si,  0.1 st
%Cpu(s): 72.7 us,  2.4 sy,  0.0 ni, 24.9 id,  0.0 wa,  0.0 hi,  0.0 si,  0.0 st
%Cpu(s): 71.4 us,  1.6 sy,  0.0 ni, 27.0 id,  0.0 wa,  0.0 hi,  0.0 si,  0.0 st
%Cpu(s): 94.4 us,  2.5 sy,  0.0 ni,  3.1 id,  0.0 wa,  0.0 hi,  0.0 si,  0.0 st
%Cpu(s): 93.5 us,  2.0 sy,  0.0 ni,  4.5 id,  0.0 wa,  0.0 hi,  0.0 si,  0.0 st
%Cpu(s): 91.0 us,  2.4 sy,  0.0 ni,  6.6 id,  0.0 wa,  0.0 hi,  0.0 si,  0.0 st
%Cpu(s): 63.3 us,  1.1 sy,  0.0 ni, 35.5 id,  0.0 wa,  0.0 hi,  0.1 si,  0.0 st
%Cpu(s):  3.0 us,  0.5 sy,  0.0 ni, 96.5 id,  0.0 wa,  0.0 hi,  0.0 si,  0.0 st
%Cpu(s):  1.3 us,  0.8 sy,  0.0 ni, 98.0 id,  0.0 wa,  0.0 hi,  0.0 si,  0.0 st
%Cpu(s):  1.4 us,  1.0 sy,  0.0 ni, 97.6 id,  0.0 wa,  0.0 hi,  0.0 si,  0.0 st
%Cpu(s):  1.2 us,  1.2 sy,  0.0 ni, 97.5 id,  0.0 wa,  0.0 hi,  0.0 si,  0.0 st
%Cpu(s):  0.9 us,  1.5 sy,  0.0 ni, 97.6 id,  0.0 wa,  0.0 hi,  0.0 si,  0.0 st
%Cpu(s):  1.2 us,  1.2 sy,  0.0 ni, 97.5 id,  0.0 wa,  0.0 hi,  0.0 si,  0.0 st
%Cpu(s): 15.1 us,  1.6 sy,  0.0 ni, 83.1 id,  0.0 wa,  0.0 hi,  0.2 si,  0.0 st
%Cpu(s): 64.0 us,  5.8 sy,  0.0 ni, 28.0 id,  0.0 wa,  0.0 hi,  2.3 si,  0.0 st
%Cpu(s): 67.6 us,  6.6 sy,  0.0 ni, 23.7 id,  0.0 wa,  0.0 hi,  2.0 si,  0.0 st
%Cpu(s): 84.5 us,  6.0 sy,  0.0 ni,  6.9 id,  0.0 wa,  0.0 hi,  2.6 si,  0.0 st
%Cpu(s): 61.5 us,  5.8 sy,  0.0 ni, 29.6 id,  0.0 wa,  0.0 hi,  3.1 si,  0.0 st
%Cpu(s): 27.1 us,  7.1 sy,  0.0 ni, 63.0 id,  0.0 wa,  0.0 hi,  2.8 si,  0.0 st
%Cpu(s): 29.0 us,  6.5 sy,  0.0 ni, 60.9 id,  0.0 wa,  0.0 hi,  3.5 si,  0.1 st
%Cpu(s): 35.4 us,  7.0 sy,  0.0 ni, 54.3 id,  0.0 wa,  0.0 hi,  3.3 si,  0.0 st
%Cpu(s): 46.3 us,  7.1 sy,  0.0 ni, 43.6 id,  0.0 wa,  0.0 hi,  3.0 si,  0.0 st
%Cpu(s): 28.1 us,  7.6 sy,  0.0 ni, 61.4 id,  0.0 wa,  0.0 hi,  2.8 si,  0.0 st
%Cpu(s): 17.2 us,  7.3 sy,  0.0 ni, 72.9 id,  0.0 wa,  0.0 hi,  2.6 si,  0.0 st
%Cpu(s): 13.1 us,  7.7 sy,  0.0 ni, 76.8 id,  0.0 wa,  0.0 hi,  2.4 si,  0.0 st
%Cpu(s): 21.5 us,  6.7 sy,  0.0 ni, 68.5 id,  0.0 wa,  0.0 hi,  3.3 si,  0.0 st
%Cpu(s): 25.5 us,  7.1 sy,  0.0 ni, 64.4 id,  0.0 wa,  0.0 hi,  2.9 si,  0.0 st
%Cpu(s): 23.0 us,  6.9 sy,  0.0 ni, 67.6 id,  0.1 wa,  0.0 hi,  2.4 si,  0.0 st
%Cpu(s): 15.9 us,  6.3 sy,  0.0 ni, 75.0 id,  0.0 wa,  0.0 hi,  2.8 si,  0.0 st
%Cpu(s):  9.1 us,  4.7 sy,  0.0 ni, 84.7 id,  0.0 wa,  0.0 hi,  1.4 si,  0.1 st
%Cpu(s):  9.9 us,  4.0 sy,  0.0 ni, 84.7 id,  0.0 wa,  0.0 hi,  1.4 si,  0.0 st
%Cpu(s): 13.2 us,  4.7 sy,  0.0 ni, 80.0 id,  0.0 wa,  0.0 hi,  2.2 si,  0.0 st
%Cpu(s): 17.3 us,  4.7 sy,  0.0 ni, 76.1 id,  0.0 wa,  0.0 hi,  1.9 si,  0.0 st
%Cpu(s): 17.1 us,  4.7 sy,  0.0 ni, 72.5 id,  3.4 wa,  0.0 hi,  2.3 si,  0.0 st
%Cpu(s): 20.7 us,  4.7 sy,  0.0 ni, 72.7 id,  0.0 wa,  0.0 hi,  1.8 si,  0.1 st
%Cpu(s): 18.3 us,  5.1 sy,  0.0 ni, 75.1 id,  0.0 wa,  0.0 hi,  1.5 si,  0.0 st
%Cpu(s): 10.5 us,  5.1 sy,  0.0 ni, 82.9 id,  0.0 wa,  0.0 hi,  1.5 si,  0.0 st
%Cpu(s): 10.6 us,  5.2 sy,  0.0 ni, 82.7 id,  0.0 wa,  0.0 hi,  1.5 si,  0.0 st
%Cpu(s): 13.0 us,  4.8 sy,  0.0 ni, 79.9 id,  0.6 wa,  0.0 hi,  1.7 si,  0.0 st
%Cpu(s): 13.6 us,  5.5 sy,  0.0 ni, 78.9 id,  0.0 wa,  0.0 hi,  2.0 si,  0.0 st
%Cpu(s):  8.5 us,  5.6 sy,  0.0 ni, 83.9 id,  0.0 wa,  0.0 hi,  2.0 si,  0.0 st
%Cpu(s):  8.8 us,  4.3 sy,  0.0 ni, 85.0 id,  0.0 wa,  0.0 hi,  1.9 si,  0.0 st
%Cpu(s): 18.1 us,  6.4 sy,  0.0 ni, 73.5 id,  0.0 wa,  0.0 hi,  2.0 si,  0.0 st
%Cpu(s): 19.4 us,  5.8 sy,  0.0 ni, 72.1 id,  0.0 wa,  0.0 hi,  2.8 si,  0.0 st
%Cpu(s): 17.2 us,  5.3 sy,  0.0 ni, 76.2 id,  0.0 wa,  0.0 hi,  1.3 si,  0.0 st
%Cpu(s):  8.4 us,  5.1 sy,  0.0 ni, 84.8 id,  0.0 wa,  0.0 hi,  1.8 si,  0.0 st
%Cpu(s):  9.9 us,  5.2 sy,  0.0 ni, 83.0 id,  0.0 wa,  0.0 hi,  1.9 si,  0.0 st
%Cpu(s): 10.0 us,  4.7 sy,  0.0 ni, 83.8 id,  0.0 wa,  0.0 hi,  1.5 si,  0.0 st
%Cpu(s): 12.0 us,  5.1 sy,  0.0 ni, 80.9 id,  0.0 wa,  0.0 hi,  1.9 si,  0.0 st
%Cpu(s):  8.9 us,  4.4 sy,  0.0 ni, 85.5 id,  0.0 wa,  0.0 hi,  1.1 si,  0.0 st
%Cpu(s):  7.5 us,  4.6 sy,  0.0 ni, 86.7 id,  0.0 wa,  0.0 hi,  1.0 si,  0.1 st
%Cpu(s): 15.3 us,  4.6 sy,  0.0 ni, 77.7 id,  0.1 wa,  0.0 hi,  2.3 si,  0.0 st
%Cpu(s): 21.0 us,  4.5 sy,  0.0 ni, 72.2 id,  0.0 wa,  0.0 hi,  2.3 si,  0.0 st
%Cpu(s): 16.9 us,  4.6 sy,  0.0 ni, 76.2 id,  0.0 wa,  0.0 hi,  2.1 si,  0.1 st
%Cpu(s):  8.6 us,  4.4 sy,  0.0 ni, 85.2 id,  0.0 wa,  0.0 hi,  1.8 si,  0.0 st
%Cpu(s): 10.7 us,  4.0 sy,  0.0 ni, 82.9 id,  0.0 wa,  0.0 hi,  2.4 si,  0.0 st
%Cpu(s):  8.8 us,  4.7 sy,  0.0 ni, 84.2 id,  0.0 wa,  0.0 hi,  2.3 si,  0.0 st
%Cpu(s):  7.6 us,  4.8 sy,  0.0 ni, 86.2 id,  0.0 wa,  0.0 hi,  1.4 si,  0.0 st
%Cpu(s):  7.8 us,  4.5 sy,  0.0 ni, 86.6 id,  0.0 wa,  0.0 hi,  1.0 si,  0.0 st
%Cpu(s):  3.4 us,  1.9 sy,  0.0 ni, 94.5 id,  0.0 wa,  0.0 hi,  0.3 si,  0.0 st
%Cpu(s):  1.4 us,  1.0 sy,  0.0 ni, 97.6 id,  0.0 wa,  0.0 hi,  0.0 si,  0.0 st
%Cpu(s):  0.9 us,  0.6 sy,  0.0 ni, 98.5 id,  0.0 wa,  0.0 hi,  0.0 si,  0.0 st
%Cpu(s):  1.0 us,  0.9 sy,  0.0 ni, 98.1 id,  0.0 wa,  0.0 hi,  0.0 si,  0.0 st
%Cpu(s):  1.2 us,  0.6 sy,  0.0 ni, 98.0 id,  0.0 wa,  0.0 hi,  0.1 si,  0.0 st
%Cpu(s):  0.6 us,  1.0 sy,  0.0 ni, 98.4 id,  0.0 wa,  0.0 hi,  0.0 si,  0.0 st
%Cpu(s):  0.7 us,  1.4 sy,  0.0 ni, 97.9 id,  0.0 wa,  0.0 hi,  0.0 si,  0.0 st
%Cpu(s):  1.7 us,  1.1 sy,  0.0 ni, 97.1 id,  0.0 wa,  0.0 hi,  0.0 si,  0.0 st
%Cpu(s):  0.6 us,  1.1 sy,  0.0 ni, 98.3 id,  0.0 wa,  0.0 hi,  0.0 si,  0.0 st
%Cpu(s):  1.6 us,  0.5 sy,  0.0 ni, 97.9 id,  0.0 wa,  0.0 hi,  0.0 si,  0.0 st
%Cpu(s):  2.1 us,  1.0 sy,  0.0 ni, 96.9 id,  0.0 wa,  0.0 hi,  0.0 si,  0.0 st
%Cpu(s):  0.9 us,  1.4 sy,  0.0 ni, 97.8 id,  0.0 wa,  0.0 hi,  0.0 si,  0.0 st
%Cpu(s):  7.5 us,  1.0 sy,  0.0 ni, 91.5 id,  0.0 wa,  0.0 hi,  0.0 si,  0.0 st
%Cpu(s):  1.0 us,  1.2 sy,  0.0 ni, 97.8 id,  0.0 wa,  0.0 hi,  0.0 si,  0.0 st
%Cpu(s):  0.9 us,  1.2 sy,  0.0 ni, 97.9 id,  0.0 wa,  0.0 hi,  0.0 si,  0.0 st
%Cpu(s):  1.0 us,  0.4 sy,  0.0 ni, 98.6 id,  0.0 wa,  0.0 hi,  0.0 si,  0.0 st
%Cpu(s):  1.2 us,  0.7 sy,  0.0 ni, 98.0 id,  0.0 wa,  0.0 hi,  0.0 si,  0.0 st
%Cpu(s):  1.1 us,  0.9 sy,  0.0 ni, 98.0 id,  0.0 wa,  0.0 hi,  0.0 si,  0.0 st
%Cpu(s):  1.2 us,  0.5 sy,  0.0 ni, 98.1 id,  0.0 wa,  0.0 hi,  0.0 si,  0.1 st
%Cpu(s):  1.5 us,  1.0 sy,  0.0 ni, 97.5 id,  0.0 wa,  0.0 hi,  0.0 si,  0.0 st
%Cpu(s):  0.9 us,  1.1 sy,  0.0 ni, 98.0 id,  0.0 wa,  0.0 hi,  0.0 si,  0.0 st
%Cpu(s):  1.1 us,  1.0 sy,  0.0 ni, 97.8 id,  0.0 wa,  0.0 hi,  0.1 si,  0.0 st
%Cpu(s):  1.9 us,  1.7 sy,  0.0 ni, 96.3 id,  0.0 wa,  0.0 hi,  0.1 si,  0.0 st
