%Cpu(s):  4.8 us,  0.8 sy,  0.0 ni, 94.2 id,  0.0 wa,  0.0 hi,  0.1 si,  0.0 st
%Cpu(s): 12.6 us,  3.0 sy,  0.0 ni, 84.3 id,  0.0 wa,  0.0 hi,  0.0 si,  0.1 st
%Cpu(s): 90.6 us,  8.1 sy,  0.0 ni,  1.2 id,  0.0 wa,  0.0 hi,  0.0 si,  0.0 st
%Cpu(s): 94.9 us,  4.2 sy,  0.0 ni,  0.9 id,  0.0 wa,  0.0 hi,  0.0 si,  0.0 st
%Cpu(s): 93.5 us,  4.1 sy,  0.0 ni,  2.4 id,  0.0 wa,  0.0 hi,  0.0 si,  0.0 st
%Cpu(s): 97.3 us,  2.6 sy,  0.0 ni,  0.1 id,  0.0 wa,  0.0 hi,  0.0 si,  0.0 st
%Cpu(s): 97.0 us,  3.0 sy,  0.0 ni,  0.0 id,  0.0 wa,  0.0 hi,  0.0 si,  0.0 st
%Cpu(s): 96.8 us,  3.1 sy,  0.0 ni,  0.0 id,  0.0 wa,  0.0 hi,  0.1 si,  0.0 st
%Cpu(s): 96.5 us,  3.5 sy,  0.0 ni,  0.0 id,  0.0 wa,  0.0 hi,  0.0 si,  0.0 st
%Cpu(s): 96.4 us,  3.6 sy,  0.0 ni,  0.0 id,  0.0 wa,  0.0 hi,  0.0 si,  0.0 st
%Cpu(s): 94.0 us,  4.0 sy,  0.0 ni,  1.7 id,  0.0 wa,  0.0 hi,  0.2 si,  0.0 st
%Cpu(s): 31.3 us,  3.0 sy,  0.0 ni, 65.3 id,  0.0 wa,  0.0 hi,  0.2 si,  0.1 st
%Cpu(s): 17.1 us,  3.2 sy,  0.0 ni, 79.3 id,  0.0 wa,  0.0 hi,  0.1 si,  0.2 st
%Cpu(s): 12.5 us,  3.5 sy,  0.0 ni, 83.6 id,  0.0 wa,  0.0 hi,  0.3 si,  0.1 st
%Cpu(s): 11.1 us,  4.3 sy,  0.0 ni, 84.1 id,  0.0 wa,  0.0 hi,  0.3 si,  0.3 st
%Cpu(s):  8.6 us,  4.5 sy,  0.0 ni, 86.7 id,  0.0 wa,  0.0 hi,  0.1 si,  0.1 st
%Cpu(s):  6.8 us,  4.6 sy,  0.0 ni, 88.2 id,  0.0 wa,  0.0 hi,  0.0 si,  0.4 st
%Cpu(s):  6.5 us,  4.5 sy,  0.0 ni, 88.6 id,  0.0 wa,  0.0 hi,  0.3 si,  0.1 st
%Cpu(s):  9.2 us,  3.7 sy,  0.0 ni, 86.7 id,  0.0 wa,  0.0 hi,  0.0 si,  0.4 st
%Cpu(s): 33.1 us,  4.1 sy,  0.0 ni, 62.4 id,  0.0 wa,  0.0 hi,  0.5 si,  0.0 st
%Cpu(s): 85.5 us,  5.5 sy,  0.0 ni,  8.2 id,  0.0 wa,  0.0 hi,  0.7 si,  0.0 st
%Cpu(s): 93.3 us,  5.7 sy,  0.0 ni,  0.2 id,  0.0 wa,  0.0 hi,  0.7 si,  0.0 st
%Cpu(s): 91.7 us,  7.2 sy,  0.0 ni,  0.0 id,  0.0 wa,  0.0 hi,  1.1 si,  0.0 st
%Cpu(s): 90.0 us,  8.3 sy,  0.0 ni,  0.0 id,  0.0 wa,  0.0 hi,  1.6 si,  0.0 st
%Cpu(s): 90.9 us,  7.3 sy,  0.0 ni,  0.0 id,  0.0 wa,  0.0 hi,  1.7 si,  0.0 st
%Cpu(s): 95.1 us,  3.7 sy,  0.0 ni,  0.2 id,  0.0 wa,  0.0 hi,  0.9 si,  0.0 st
%Cpu(s): 91.5 us,  4.5 sy,  0.0 ni,  3.4 id,  0.0 wa,  0.0 hi,  0.6 si,  0.0 st
%Cpu(s): 77.2 us,  4.6 sy,  0.0 ni, 17.6 id,  0.0 wa,  0.0 hi,  0.6 si,  0.0 st
%Cpu(s): 63.2 us,  3.8 sy,  0.0 ni, 32.3 id,  0.0 wa,  0.0 hi,  0.6 si,  0.1 st
%Cpu(s): 41.5 us,  3.9 sy,  0.0 ni, 53.7 id,  0.0 wa,  0.0 hi,  0.9 si,  0.0 st
%Cpu(s): 17.1 us,  4.7 sy,  0.0 ni, 77.6 id,  0.0 wa,  0.0 hi,  0.6 si,  0.0 st
%Cpu(s): 31.2 us,  4.8 sy,  0.0 ni, 63.1 id,  0.0 wa,  0.0 hi,  0.8 si,  0.1 st
%Cpu(s): 20.1 us,  5.0 sy,  0.0 ni, 73.9 id,  0.0 wa,  0.0 hi,  1.0 si,  0.0 st
%Cpu(s): 34.2 us,  4.6 sy,  0.0 ni, 60.5 id,  0.0 wa,  0.0 hi,  0.8 si,  0.0 st
%Cpu(s): 21.7 us,  4.9 sy,  0.0 ni, 72.4 id,  0.0 wa,  0.0 hi,  1.0 si,  0.0 st
%Cpu(s): 16.2 us,  4.8 sy,  0.0 ni, 78.1 id,  0.1 wa,  0.0 hi,  0.6 si,  0.1 st
%Cpu(s): 19.0 us,  4.7 sy,  0.0 ni, 75.3 id,  0.0 wa,  0.0 hi,  1.0 si,  0.0 st
%Cpu(s): 25.4 us,  3.8 sy,  0.0 ni, 69.7 id,  0.0 wa,  0.0 hi,  1.0 si,  0.1 st
%Cpu(s): 48.4 us,  4.3 sy,  0.0 ni, 46.6 id,  0.0 wa,  0.0 hi,  0.8 si,  0.0 st
%Cpu(s): 93.8 us,  5.1 sy,  0.0 ni,  0.2 id,  0.0 wa,  0.0 hi,  0.9 si,  0.0 st
%Cpu(s): 88.6 us,  4.6 sy,  0.0 ni,  6.1 id,  0.0 wa,  0.0 hi,  0.6 si,  0.0 st
%Cpu(s): 52.5 us,  3.8 sy,  0.0 ni, 42.9 id,  0.0 wa,  0.0 hi,  0.9 si,  0.0 st
%Cpu(s): 26.5 us,  4.6 sy,  0.0 ni, 68.1 id,  0.0 wa,  0.0 hi,  0.6 si,  0.1 st
%Cpu(s): 23.6 us,  5.0 sy,  0.0 ni, 70.9 id,  0.0 wa,  0.0 hi,  0.5 si,  0.0 st
%Cpu(s): 12.1 us,  5.2 sy,  0.0 ni, 82.3 id,  0.0 wa,  0.0 hi,  0.4 si,  0.0 st
%Cpu(s): 10.0 us,  4.8 sy,  0.0 ni, 84.5 id,  0.0 wa,  0.0 hi,  0.6 si,  0.0 st
%Cpu(s): 14.5 us,  5.4 sy,  0.0 ni, 79.5 id,  0.0 wa,  0.0 hi,  0.6 si,  0.0 st
%Cpu(s): 12.5 us,  5.2 sy,  0.0 ni, 81.9 id,  0.0 wa,  0.0 hi,  0.4 si,  0.1 st
%Cpu(s): 20.6 us,  5.2 sy,  0.0 ni, 73.7 id,  0.0 wa,  0.0 hi,  0.5 si,  0.0 st
%Cpu(s): 16.2 us,  4.2 sy,  0.0 ni, 78.7 id,  0.0 wa,  0.0 hi,  0.8 si,  0.1 st
%Cpu(s): 22.0 us,  3.8 sy,  0.0 ni, 73.6 id,  0.0 wa,  0.0 hi,  0.5 si,  0.0 st
%Cpu(s): 34.5 us,  4.0 sy,  0.0 ni, 60.8 id,  0.0 wa,  0.0 hi,  0.6 si,  0.0 st
%Cpu(s): 23.1 us,  5.0 sy,  0.0 ni, 71.5 id,  0.0 wa,  0.0 hi,  0.3 si,  0.1 st
%Cpu(s): 14.1 us,  3.9 sy,  0.0 ni, 81.4 id,  0.0 wa,  0.0 hi,  0.6 si,  0.0 st
%Cpu(s): 10.6 us,  4.6 sy,  0.0 ni, 84.4 id,  0.0 wa,  0.0 hi,  0.4 si,  0.0 st
%Cpu(s): 12.4 us,  4.8 sy,  0.0 ni, 81.9 id,  0.1 wa,  0.0 hi,  0.8 si,  0.0 st
%Cpu(s): 12.0 us,  4.9 sy,  0.0 ni, 82.4 id,  0.0 wa,  0.0 hi,  0.5 si,  0.1 st
%Cpu(s): 12.3 us,  4.5 sy,  0.0 ni, 82.6 id,  0.0 wa,  0.0 hi,  0.6 si,  0.0 st
%Cpu(s): 10.2 us,  5.6 sy,  0.0 ni, 83.6 id,  0.0 wa,  0.0 hi,  0.6 si,  0.0 st
%Cpu(s): 12.8 us,  4.7 sy,  0.0 ni, 81.8 id,  0.0 wa,  0.0 hi,  0.6 si,  0.1 st
%Cpu(s): 17.0 us,  4.8 sy,  0.0 ni, 77.2 id,  0.0 wa,  0.0 hi,  1.0 si,  0.0 st
%Cpu(s):  9.5 us,  4.6 sy,  0.0 ni, 85.5 id,  0.0 wa,  0.0 hi,  0.2 si,  0.1 st
%Cpu(s):  3.9 us,  3.7 sy,  0.0 ni, 92.0 id,  0.0 wa,  0.0 hi,  0.1 si,  0.3 st
%Cpu(s):  7.3 us,  3.3 sy,  0.0 ni, 89.3 id,  0.0 wa,  0.0 hi,  0.0 si,  0.1 st
%Cpu(s):  6.3 us,  3.8 sy,  0.0 ni, 89.8 id,  0.0 wa,  0.0 hi,  0.0 si,  0.1 st
%Cpu(s): 33.8 us,  3.6 sy,  0.0 ni, 62.5 id,  0.0 wa,  0.0 hi,  0.1 si,  0.0 st
%Cpu(s): 25.1 us,  4.2 sy,  0.0 ni, 70.4 id,  0.0 wa,  0.0 hi,  0.0 si,  0.2 st
%Cpu(s):  4.8 us,  4.6 sy,  0.0 ni, 90.5 id,  0.0 wa,  0.0 hi,  0.0 si,  0.1 st
%Cpu(s):  4.3 us,  3.9 sy,  0.0 ni, 91.6 id,  0.0 wa,  0.0 hi,  0.1 si,  0.1 st
%Cpu(s):  3.7 us,  3.7 sy,  0.0 ni, 92.4 id,  0.0 wa,  0.0 hi,  0.0 si,  0.3 st
%Cpu(s):  6.0 us,  5.2 sy,  0.0 ni, 88.4 id,  0.1 wa,  0.0 hi,  0.1 si,  0.1 st
%Cpu(s):  5.0 us,  5.0 sy,  0.0 ni, 89.6 id,  0.0 wa,  0.0 hi,  0.1 si,  0.3 st
%Cpu(s):  4.4 us,  4.6 sy,  0.0 ni, 90.5 id,  0.0 wa,  0.0 hi,  0.4 si,  0.1 st
%Cpu(s):  5.9 us,  5.0 sy,  0.0 ni, 88.9 id,  0.0 wa,  0.0 hi,  0.0 si,  0.1 st
%Cpu(s):  5.3 us,  4.6 sy,  0.0 ni, 89.7 id,  0.0 wa,  0.0 hi,  0.1 si,  0.3 st
%Cpu(s):  4.0 us,  4.4 sy,  0.0 ni, 91.3 id,  0.0 wa,  0.0 hi,  0.1 si,  0.1 st
%Cpu(s):  5.1 us,  3.9 sy,  0.0 ni, 90.6 id,  0.0 wa,  0.0 hi,  0.1 si,  0.3 st
