%Cpu(s):  3.8 us,  0.6 sy,  0.0 ni, 95.5 id,  0.0 wa,  0.0 hi,  0.1 si,  0.0 st
%Cpu(s): 74.3 us,  5.1 sy,  0.0 ni, 20.5 id,  0.0 wa,  0.0 hi,  0.0 si,  0.1 st
%Cpu(s): 78.7 us,  3.1 sy,  0.0 ni, 17.9 id,  0.1 wa,  0.0 hi,  0.1 si,  0.0 st
%Cpu(s): 91.3 us,  1.8 sy,  0.0 ni,  6.8 id,  0.0 wa,  0.0 hi,  0.0 si,  0.1 st
%Cpu(s): 96.4 us,  2.5 sy,  0.0 ni,  1.1 id,  0.0 wa,  0.0 hi,  0.0 si,  0.0 st
%Cpu(s): 94.7 us,  2.8 sy,  0.0 ni,  2.4 id,  0.0 wa,  0.0 hi,  0.1 si,  0.0 st
%Cpu(s): 35.3 us,  2.2 sy,  0.0 ni, 62.1 id,  0.0 wa,  0.0 hi,  0.4 si,  0.0 st
%Cpu(s):  9.2 us,  1.3 sy,  0.0 ni, 89.3 id,  0.0 wa,  0.0 hi,  0.3 si,  0.0 st
%Cpu(s):  8.6 us,  2.4 sy,  0.0 ni, 88.9 id,  0.0 wa,  0.0 hi,  0.1 si,  0.0 st
%Cpu(s):  4.5 us,  3.0 sy,  0.0 ni, 92.1 id,  0.0 wa,  0.0 hi,  0.2 si,  0.2 st
%Cpu(s): 10.2 us,  2.4 sy,  0.0 ni, 87.3 id,  0.0 wa,  0.0 hi,  0.0 si,  0.1 st
%Cpu(s): 10.2 us,  3.3 sy,  0.0 ni, 86.1 id,  0.0 wa,  0.0 hi,  0.2 si,  0.1 st
%Cpu(s):  5.9 us,  3.2 sy,  0.0 ni, 90.6 id,  0.0 wa,  0.0 hi,  0.1 si,  0.1 st
%Cpu(s):  4.4 us,  4.4 sy,  0.0 ni, 91.0 id,  0.0 wa,  0.0 hi,  0.0 si,  0.1 st
%Cpu(s):  9.7 us,  3.3 sy,  0.0 ni, 86.7 id,  0.0 wa,  0.0 hi,  0.3 si,  0.0 st
%Cpu(s):  7.5 us,  4.1 sy,  0.0 ni, 88.1 id,  0.0 wa,  0.0 hi,  0.1 si,  0.1 st
%Cpu(s): 66.0 us,  7.1 sy,  0.0 ni, 26.0 id,  0.0 wa,  0.0 hi,  0.8 si,  0.1 st
%Cpu(s): 85.9 us, 10.7 sy,  0.0 ni,  1.5 id,  0.0 wa,  0.0 hi,  2.0 si,  0.0 st
%Cpu(s): 88.4 us,  9.1 sy,  0.0 ni,  0.5 id,  0.0 wa,  0.0 hi,  2.0 si,  0.0 st
%Cpu(s): 89.9 us,  7.7 sy,  0.0 ni,  0.9 id,  0.0 wa,  0.0 hi,  1.5 si,  0.0 st
%Cpu(s): 92.8 us,  5.5 sy,  0.0 ni,  0.1 id,  0.0 wa,  0.0 hi,  1.6 si,  0.0 st
%Cpu(s): 73.3 us,  4.9 sy,  0.0 ni, 21.2 id,  0.0 wa,  0.0 hi,  0.6 si,  0.0 st
%Cpu(s): 24.0 us,  5.4 sy,  0.0 ni, 70.1 id,  0.0 wa,  0.0 hi,  0.5 si,  0.0 st
%Cpu(s): 44.9 us,  4.4 sy,  0.0 ni, 49.9 id,  0.0 wa,  0.0 hi,  0.8 si,  0.0 st
%Cpu(s): 34.8 us,  5.5 sy,  0.0 ni, 59.3 id,  0.0 wa,  0.0 hi,  0.4 si,  0.0 st
%Cpu(s): 28.3 us,  5.1 sy,  0.0 ni, 66.5 id,  0.0 wa,  0.0 hi,  0.1 si,  0.0 st
%Cpu(s): 10.3 us,  6.0 sy,  0.0 ni, 83.1 id,  0.0 wa,  0.0 hi,  0.6 si,  0.0 st
%Cpu(s): 33.5 us,  4.3 sy,  0.0 ni, 61.2 id,  0.0 wa,  0.0 hi,  1.0 si,  0.0 st
%Cpu(s): 26.2 us,  6.0 sy,  0.0 ni, 67.1 id,  0.0 wa,  0.0 hi,  0.5 si,  0.1 st
%Cpu(s): 13.0 us,  4.8 sy,  0.0 ni, 81.6 id,  0.0 wa,  0.0 hi,  0.6 si,  0.0 st
%Cpu(s): 14.3 us,  5.9 sy,  0.0 ni, 79.2 id,  0.0 wa,  0.0 hi,  0.5 si,  0.1 st
%Cpu(s): 34.5 us,  5.3 sy,  0.0 ni, 59.2 id,  0.0 wa,  0.0 hi,  1.0 si,  0.0 st
%Cpu(s): 22.1 us,  5.1 sy,  0.0 ni, 71.7 id,  0.0 wa,  0.0 hi,  1.0 si,  0.1 st
%Cpu(s): 15.2 us,  4.7 sy,  0.0 ni, 79.5 id,  0.0 wa,  0.0 hi,  0.6 si,  0.0 st
%Cpu(s): 13.1 us,  5.3 sy,  0.0 ni, 81.1 id,  0.0 wa,  0.0 hi,  0.5 si,  0.0 st
%Cpu(s): 17.2 us,  4.8 sy,  0.0 ni, 77.3 id,  0.0 wa,  0.0 hi,  0.8 si,  0.0 st
%Cpu(s): 15.7 us,  5.1 sy,  0.0 ni, 78.6 id,  0.0 wa,  0.0 hi,  0.6 si,  0.0 st
%Cpu(s): 11.1 us,  6.1 sy,  0.0 ni, 82.2 id,  0.0 wa,  0.0 hi,  0.6 si,  0.0 st
%Cpu(s): 15.0 us,  5.3 sy,  0.0 ni, 79.0 id,  0.0 wa,  0.0 hi,  0.6 si,  0.0 st
%Cpu(s): 16.8 us,  5.8 sy,  0.0 ni, 76.6 id,  0.0 wa,  0.0 hi,  0.6 si,  0.1 st
%Cpu(s): 21.3 us,  5.1 sy,  0.0 ni, 72.8 id,  0.1 wa,  0.0 hi,  0.6 si,  0.0 st
%Cpu(s): 18.9 us,  4.4 sy,  0.0 ni, 75.9 id,  0.0 wa,  0.0 hi,  0.6 si,  0.1 st
%Cpu(s):  6.4 us,  5.4 sy,  0.0 ni, 87.5 id,  0.0 wa,  0.0 hi,  0.8 si,  0.0 st
%Cpu(s): 12.8 us,  4.7 sy,  0.0 ni, 81.9 id,  0.0 wa,  0.0 hi,  0.4 si,  0.1 st
%Cpu(s):  7.5 us,  5.0 sy,  0.0 ni, 86.6 id,  0.0 wa,  0.0 hi,  0.9 si,  0.0 st
%Cpu(s): 16.1 us,  4.3 sy,  0.0 ni, 78.8 id,  0.0 wa,  0.0 hi,  0.8 si,  0.0 st
%Cpu(s): 10.5 us,  4.1 sy,  0.0 ni, 84.4 id,  0.0 wa,  0.0 hi,  1.0 si,  0.0 st
%Cpu(s): 13.9 us,  5.0 sy,  0.0 ni, 79.9 id,  0.0 wa,  0.0 hi,  1.1 si,  0.0 st
%Cpu(s):  9.3 us,  6.2 sy,  0.0 ni, 83.7 id,  0.0 wa,  0.0 hi,  0.8 si,  0.0 st
%Cpu(s): 10.8 us,  5.1 sy,  0.0 ni, 83.2 id,  0.0 wa,  0.0 hi,  0.8 si,  0.1 st
%Cpu(s): 13.5 us,  5.3 sy,  0.0 ni, 80.4 id,  0.0 wa,  0.0 hi,  0.6 si,  0.1 st
%Cpu(s): 11.1 us,  5.5 sy,  0.0 ni, 82.4 id,  0.0 wa,  0.0 hi,  1.0 si,  0.0 st
%Cpu(s):  8.4 us,  5.4 sy,  0.0 ni, 85.6 id,  0.0 wa,  0.0 hi,  0.6 si,  0.0 st
%Cpu(s): 10.0 us,  4.8 sy,  0.0 ni, 84.4 id,  0.0 wa,  0.0 hi,  0.9 si,  0.0 st
%Cpu(s): 12.9 us,  4.7 sy,  0.0 ni, 81.2 id,  0.0 wa,  0.0 hi,  1.1 si,  0.0 st
%Cpu(s):  7.4 us,  5.4 sy,  0.0 ni, 86.6 id,  0.0 wa,  0.0 hi,  0.5 si,  0.1 st
%Cpu(s):  8.5 us,  5.5 sy,  0.0 ni, 85.1 id,  0.0 wa,  0.0 hi,  0.9 si,  0.0 st
%Cpu(s):  8.1 us,  5.1 sy,  0.0 ni, 85.8 id,  0.0 wa,  0.0 hi,  0.9 si,  0.1 st
%Cpu(s):  7.2 us,  5.1 sy,  0.0 ni, 86.7 id,  0.0 wa,  0.0 hi,  1.0 si,  0.0 st
%Cpu(s):  7.0 us,  4.6 sy,  0.0 ni, 87.6 id,  0.0 wa,  0.0 hi,  0.8 si,  0.0 st
%Cpu(s):  7.6 us,  4.8 sy,  0.0 ni, 86.7 id,  0.1 wa,  0.0 hi,  0.8 si,  0.0 st
%Cpu(s):  3.1 us,  2.2 sy,  0.0 ni, 94.6 id,  0.0 wa,  0.0 hi,  0.0 si,  0.1 st
%Cpu(s):  3.9 us,  2.3 sy,  0.0 ni, 93.7 id,  0.0 wa,  0.0 hi,  0.0 si,  0.1 st
%Cpu(s):  3.0 us,  2.7 sy,  0.0 ni, 94.3 id,  0.0 wa,  0.0 hi,  0.0 si,  0.0 st
%Cpu(s):  2.3 us,  2.1 sy,  0.0 ni, 95.5 id,  0.0 wa,  0.0 hi,  0.0 si,  0.1 st
%Cpu(s):  3.3 us,  3.0 sy,  0.0 ni, 93.6 id,  0.0 wa,  0.0 hi,  0.0 si,  0.1 st
%Cpu(s):  4.4 us,  4.0 sy,  0.0 ni, 91.6 id,  0.0 wa,  0.0 hi,  0.0 si,  0.0 st
%Cpu(s):  2.8 us,  1.8 sy,  0.0 ni, 95.4 id,  0.0 wa,  0.0 hi,  0.0 si,  0.0 st
%Cpu(s):  2.9 us,  2.0 sy,  0.0 ni, 94.9 id,  0.0 wa,  0.0 hi,  0.0 si,  0.1 st
%Cpu(s):  4.7 us,  1.9 sy,  0.0 ni, 93.3 id,  0.0 wa,  0.0 hi,  0.0 si,  0.1 st
%Cpu(s):  2.3 us,  1.9 sy,  0.0 ni, 95.8 id,  0.0 wa,  0.0 hi,  0.0 si,  0.0 st
%Cpu(s):  2.0 us,  1.9 sy,  0.0 ni, 95.9 id,  0.0 wa,  0.0 hi,  0.0 si,  0.1 st
%Cpu(s):  2.8 us,  2.0 sy,  0.0 ni, 95.0 id,  0.0 wa,  0.0 hi,  0.0 si,  0.1 st
%Cpu(s):  2.9 us,  2.2 sy,  0.0 ni, 94.9 id,  0.0 wa,  0.0 hi,  0.0 si,  0.0 st
%Cpu(s):  3.4 us,  2.6 sy,  0.0 ni, 93.9 id,  0.0 wa,  0.0 hi,  0.0 si,  0.0 st
%Cpu(s):  3.7 us,  2.5 sy,  0.0 ni, 93.5 id,  0.0 wa,  0.0 hi,  0.0 si,  0.3 st
%Cpu(s):  4.0 us,  2.8 sy,  0.0 ni, 92.8 id,  0.0 wa,  0.0 hi,  0.1 si,  0.3 st
%Cpu(s):  4.3 us,  2.5 sy,  0.0 ni, 92.9 id,  0.0 wa,  0.0 hi,  0.0 si,  0.3 st
%Cpu(s):  5.0 us,  1.8 sy,  0.0 ni, 93.1 id,  0.0 wa,  0.0 hi,  0.0 si,  0.1 st
%Cpu(s):  3.5 us,  3.0 sy,  0.0 ni, 93.5 id,  0.0 wa,  0.0 hi,  0.0 si,  0.0 st
