%Cpu(s):  1.4 us,  0.7 sy,  0.0 ni, 97.7 id,  0.0 wa,  0.0 hi,  0.1 si,  0.0 st
%Cpu(s): 29.7 us,  1.1 sy,  0.0 ni, 68.9 id,  0.0 wa,  0.0 hi,  0.2 si,  0.0 st
%Cpu(s):  0.5 us,  0.1 sy,  0.0 ni, 99.4 id,  0.0 wa,  0.0 hi,  0.0 si,  0.0 st
%Cpu(s):  0.0 us,  0.1 sy,  0.0 ni, 99.9 id,  0.0 wa,  0.0 hi,  0.0 si,  0.0 st
%Cpu(s):  1.5 us,  0.2 sy,  0.0 ni, 98.1 id,  0.0 wa,  0.0 hi,  0.0 si,  0.1 st
%Cpu(s):  0.2 us,  0.1 sy,  0.0 ni, 99.6 id,  0.0 wa,  0.0 hi,  0.0 si,  0.0 st
%Cpu(s):  0.0 us,  0.0 sy,  0.0 ni,100.0 id,  0.0 wa,  0.0 hi,  0.0 si,  0.0 st
%Cpu(s):  0.1 us,  0.2 sy,  0.0 ni, 99.6 id,  0.0 wa,  0.0 hi,  0.0 si,  0.0 st
%Cpu(s):  0.1 us,  0.1 sy,  0.0 ni, 99.8 id,  0.0 wa,  0.0 hi,  0.0 si,  0.0 st
%Cpu(s):  0.0 us,  0.1 sy,  0.0 ni, 99.9 id,  0.0 wa,  0.0 hi,  0.0 si,  0.0 st
%Cpu(s):  0.1 us,  0.1 sy,  0.0 ni, 99.6 id,  0.1 wa,  0.0 hi,  0.0 si,  0.0 st
%Cpu(s):  2.2 us,  1.0 sy,  0.0 ni, 96.8 id,  0.0 wa,  0.0 hi,  0.0 si,  0.0 st
%Cpu(s): 52.8 us,  3.0 sy,  0.0 ni, 44.1 id,  0.0 wa,  0.0 hi,  0.0 si,  0.1 st
%Cpu(s): 51.9 us,  1.7 sy,  0.0 ni, 46.2 id,  0.0 wa,  0.0 hi,  0.0 si,  0.1 st
%Cpu(s): 77.6 us,  2.2 sy,  0.0 ni, 19.9 id,  0.0 wa,  0.0 hi,  0.1 si,  0.1 st
%Cpu(s): 47.1 us,  1.1 sy,  0.0 ni, 51.8 id,  0.0 wa,  0.0 hi,  0.0 si,  0.0 st
%Cpu(s): 27.0 us,  2.3 sy,  0.0 ni, 70.6 id,  0.0 wa,  0.0 hi,  0.1 si,  0.0 st
%Cpu(s): 56.7 us,  2.9 sy,  0.0 ni, 39.7 id,  0.0 wa,  0.0 hi,  0.6 si,  0.1 st
%Cpu(s): 22.3 us,  3.3 sy,  0.0 ni, 73.0 id,  0.0 wa,  0.0 hi,  1.4 si,  0.1 st
%Cpu(s): 15.7 us,  4.6 sy,  0.0 ni, 79.0 id,  0.0 wa,  0.0 hi,  0.6 si,  0.0 st
%Cpu(s):  9.9 us,  4.3 sy,  0.0 ni, 85.4 id,  0.0 wa,  0.0 hi,  0.4 si,  0.0 st
%Cpu(s):  8.7 us,  3.0 sy,  0.0 ni, 87.6 id,  0.0 wa,  0.0 hi,  0.6 si,  0.0 st
%Cpu(s):  9.5 us,  2.5 sy,  0.0 ni, 87.1 id,  0.0 wa,  0.0 hi,  0.9 si,  0.0 st
%Cpu(s):  6.1 us,  3.8 sy,  0.0 ni, 89.5 id,  0.0 wa,  0.0 hi,  0.5 si,  0.1 st
%Cpu(s):  5.9 us,  3.6 sy,  0.0 ni, 89.5 id,  0.0 wa,  0.0 hi,  1.0 si,  0.0 st
%Cpu(s):  6.5 us,  3.3 sy,  0.0 ni, 89.0 id,  0.0 wa,  0.0 hi,  1.1 si,  0.1 st
%Cpu(s):  5.3 us,  2.9 sy,  0.0 ni, 90.8 id,  0.0 wa,  0.0 hi,  1.0 si,  0.0 st
%Cpu(s):  6.5 us,  3.2 sy,  0.0 ni, 89.7 id,  0.0 wa,  0.0 hi,  0.6 si,  0.0 st
%Cpu(s):  7.8 us,  3.2 sy,  0.0 ni, 88.6 id,  0.0 wa,  0.0 hi,  0.4 si,  0.0 st
%Cpu(s):  5.0 us,  2.7 sy,  0.0 ni, 91.8 id,  0.0 wa,  0.0 hi,  0.5 si,  0.0 st
%Cpu(s):  6.3 us,  4.1 sy,  0.0 ni, 88.8 id,  0.0 wa,  0.0 hi,  0.7 si,  0.1 st
%Cpu(s):  4.0 us,  3.9 sy,  0.0 ni, 92.0 id,  0.0 wa,  0.0 hi,  0.1 si,  0.0 st
%Cpu(s):  4.0 us,  2.6 sy,  0.0 ni, 92.7 id,  0.0 wa,  0.0 hi,  0.6 si,  0.0 st
%Cpu(s):  5.8 us,  3.0 sy,  0.0 ni, 90.8 id,  0.0 wa,  0.0 hi,  0.4 si,  0.0 st
%Cpu(s): 16.0 us,  3.5 sy,  0.0 ni, 79.9 id,  0.0 wa,  0.0 hi,  0.6 si,  0.0 st
%Cpu(s): 17.2 us,  3.8 sy,  0.0 ni, 78.3 id,  0.0 wa,  0.0 hi,  0.8 si,  0.0 st
%Cpu(s): 13.6 us,  3.0 sy,  0.0 ni, 82.7 id,  0.0 wa,  0.0 hi,  0.6 si,  0.1 st
%Cpu(s):  5.1 us,  3.1 sy,  0.0 ni, 91.0 id,  0.0 wa,  0.0 hi,  0.8 si,  0.0 st
%Cpu(s):  4.8 us,  3.0 sy,  0.0 ni, 91.8 id,  0.0 wa,  0.0 hi,  0.4 si,  0.0 st
%Cpu(s):  5.4 us,  3.0 sy,  0.0 ni, 90.4 id,  0.0 wa,  0.0 hi,  0.9 si,  0.3 st
%Cpu(s):  7.3 us,  4.0 sy,  0.0 ni, 88.4 id,  0.0 wa,  0.0 hi,  0.4 si,  0.0 st
%Cpu(s):  4.6 us,  4.1 sy,  0.0 ni, 90.8 id,  0.0 wa,  0.0 hi,  0.5 si,  0.0 st
%Cpu(s):  5.7 us,  3.5 sy,  0.0 ni, 90.2 id,  0.0 wa,  0.0 hi,  0.6 si,  0.0 st
%Cpu(s):  3.8 us,  2.9 sy,  0.0 ni, 92.8 id,  0.0 wa,  0.0 hi,  0.5 si,  0.0 st
%Cpu(s):  5.4 us,  3.4 sy,  0.0 ni, 90.2 id,  0.1 wa,  0.0 hi,  0.8 si,  0.1 st
%Cpu(s):  6.5 us,  3.5 sy,  0.0 ni, 89.4 id,  0.0 wa,  0.0 hi,  0.6 si,  0.0 st
%Cpu(s):  7.5 us,  3.2 sy,  0.0 ni, 88.6 id,  0.0 wa,  0.0 hi,  0.8 si,  0.0 st
%Cpu(s):  5.0 us,  4.4 sy,  0.0 ni, 89.6 id,  0.0 wa,  0.0 hi,  1.0 si,  0.0 st
%Cpu(s):  4.2 us,  3.2 sy,  0.0 ni, 90.6 id,  1.0 wa,  0.0 hi,  0.6 si,  0.4 st
%Cpu(s):  5.5 us,  3.9 sy,  0.0 ni, 89.8 id,  0.1 wa,  0.0 hi,  0.6 si,  0.0 st
%Cpu(s):  5.2 us,  3.7 sy,  0.0 ni, 90.1 id,  0.0 wa,  0.0 hi,  0.9 si,  0.0 st
%Cpu(s):  5.3 us,  3.3 sy,  0.0 ni, 90.8 id,  0.0 wa,  0.0 hi,  0.6 si,  0.0 st
%Cpu(s):  5.2 us,  3.2 sy,  0.0 ni, 90.9 id,  0.0 wa,  0.0 hi,  0.8 si,  0.0 st
%Cpu(s):  5.2 us,  4.5 sy,  0.0 ni, 89.7 id,  0.0 wa,  0.0 hi,  0.6 si,  0.0 st
%Cpu(s):  4.9 us,  3.2 sy,  0.0 ni, 91.3 id,  0.0 wa,  0.0 hi,  0.5 si,  0.1 st
%Cpu(s):  5.5 us,  3.4 sy,  0.0 ni, 90.3 id,  0.0 wa,  0.0 hi,  0.8 si,  0.0 st
%Cpu(s):  5.9 us,  3.4 sy,  0.0 ni, 90.1 id,  0.0 wa,  0.0 hi,  0.6 si,  0.0 st
%Cpu(s):  3.9 us,  2.4 sy,  0.0 ni, 92.8 id,  0.0 wa,  0.0 hi,  0.9 si,  0.0 st
%Cpu(s):  4.6 us,  3.4 sy,  0.0 ni, 91.3 id,  0.0 wa,  0.0 hi,  0.5 si,  0.1 st
%Cpu(s):  5.1 us,  3.0 sy,  0.0 ni, 91.3 id,  0.0 wa,  0.0 hi,  0.5 si,  0.0 st
%Cpu(s):  5.0 us,  2.3 sy,  0.0 ni, 92.2 id,  0.0 wa,  0.0 hi,  0.5 si,  0.0 st
%Cpu(s):  1.3 us,  1.3 sy,  0.0 ni, 97.2 id,  0.0 wa,  0.0 hi,  0.3 si,  0.0 st
%Cpu(s):  1.2 us,  0.7 sy,  0.0 ni, 97.9 id,  0.0 wa,  0.0 hi,  0.0 si,  0.1 st
%Cpu(s):  1.2 us,  0.7 sy,  0.0 ni, 97.9 id,  0.0 wa,  0.0 hi,  0.0 si,  0.1 st
%Cpu(s):  0.7 us,  1.0 sy,  0.0 ni, 98.3 id,  0.0 wa,  0.0 hi,  0.0 si,  0.0 st
%Cpu(s):  1.6 us,  1.7 sy,  0.0 ni, 96.5 id,  0.0 wa,  0.0 hi,  0.0 si,  0.1 st
%Cpu(s):  1.2 us,  1.6 sy,  0.0 ni, 97.1 id,  0.0 wa,  0.0 hi,  0.0 si,  0.0 st
%Cpu(s):  0.7 us,  2.0 sy,  0.0 ni, 97.3 id,  0.0 wa,  0.0 hi,  0.0 si,  0.0 st
%Cpu(s):  1.1 us,  1.6 sy,  0.0 ni, 97.3 id,  0.0 wa,  0.0 hi,  0.0 si,  0.0 st
%Cpu(s):  2.2 us,  1.2 sy,  0.0 ni, 96.4 id,  0.0 wa,  0.0 hi,  0.0 si,  0.1 st
