%Cpu(s):  4.5 us,  0.8 sy,  0.0 ni, 94.6 id,  0.0 wa,  0.0 hi,  0.1 si,  0.0 st
%Cpu(s): 82.1 us,  7.0 sy,  0.0 ni, 10.9 id,  0.0 wa,  0.0 hi,  0.0 si,  0.0 st
%Cpu(s): 93.9 us,  5.4 sy,  0.0 ni,  0.7 id,  0.0 wa,  0.0 hi,  0.0 si,  0.0 st
%Cpu(s): 93.2 us,  4.2 sy,  0.0 ni,  2.6 id,  0.0 wa,  0.0 hi,  0.0 si,  0.0 st
%Cpu(s): 96.0 us,  2.6 sy,  0.0 ni,  1.4 id,  0.0 wa,  0.0 hi,  0.0 si,  0.0 st
%Cpu(s): 97.3 us,  2.7 sy,  0.0 ni,  0.0 id,  0.0 wa,  0.0 hi,  0.0 si,  0.0 st
%Cpu(s): 97.4 us,  2.5 sy,  0.0 ni,  0.0 id,  0.0 wa,  0.0 hi,  0.1 si,  0.0 st
%Cpu(s): 96.0 us,  3.9 sy,  0.0 ni,  0.0 id,  0.0 wa,  0.0 hi,  0.1 si,  0.0 st
%Cpu(s): 96.3 us,  3.7 sy,  0.0 ni,  0.0 id,  0.0 wa,  0.0 hi,  0.0 si,  0.0 st
%Cpu(s): 97.3 us,  2.6 sy,  0.0 ni,  0.0 id,  0.0 wa,  0.0 hi,  0.1 si,  0.0 st
%Cpu(s): 49.7 us,  2.5 sy,  0.0 ni, 47.6 id,  0.0 wa,  0.0 hi,  0.1 si,  0.1 st
%Cpu(s): 12.0 us,  4.7 sy,  0.0 ni, 82.9 id,  0.0 wa,  0.0 hi,  0.3 si,  0.3 st
%Cpu(s): 13.4 us,  3.8 sy,  0.0 ni, 82.6 id,  0.0 wa,  0.0 hi,  0.0 si,  0.2 st
%Cpu(s):  9.9 us,  5.0 sy,  0.0 ni, 84.9 id,  0.0 wa,  0.0 hi,  0.1 si,  0.1 st
%Cpu(s): 16.5 us,  3.3 sy,  0.0 ni, 79.8 id,  0.0 wa,  0.0 hi,  0.2 si,  0.1 st
%Cpu(s):  6.7 us,  3.5 sy,  0.0 ni, 89.4 id,  0.0 wa,  0.0 hi,  0.0 si,  0.4 st
%Cpu(s):  5.5 us,  4.0 sy,  0.0 ni, 90.2 id,  0.1 wa,  0.0 hi,  0.1 si,  0.0 st
%Cpu(s):  8.0 us,  3.2 sy,  0.0 ni, 88.6 id,  0.0 wa,  0.0 hi,  0.0 si,  0.3 st
%Cpu(s): 11.0 us,  3.2 sy,  0.0 ni, 85.4 id,  0.0 wa,  0.0 hi,  0.1 si,  0.3 st
%Cpu(s): 62.7 us,  5.3 sy,  0.0 ni, 31.0 id,  0.0 wa,  0.0 hi,  1.0 si,  0.0 st
%Cpu(s): 90.8 us,  7.6 sy,  0.0 ni,  0.5 id,  0.0 wa,  0.0 hi,  1.1 si,  0.0 st
%Cpu(s): 89.4 us,  9.0 sy,  0.0 ni,  0.0 id,  0.0 wa,  0.0 hi,  1.6 si,  0.0 st
%Cpu(s): 91.2 us,  7.6 sy,  0.0 ni,  0.0 id,  0.0 wa,  0.0 hi,  1.2 si,  0.0 st
%Cpu(s): 90.2 us,  8.0 sy,  0.0 ni,  0.0 id,  0.0 wa,  0.0 hi,  1.9 si,  0.0 st
%Cpu(s): 92.9 us,  5.0 sy,  0.0 ni,  0.4 id,  0.0 wa,  0.0 hi,  1.7 si,  0.0 st
%Cpu(s): 93.5 us,  4.1 sy,  0.0 ni,  1.6 id,  0.0 wa,  0.0 hi,  0.8 si,  0.0 st
%Cpu(s): 74.0 us,  5.6 sy,  0.0 ni, 18.9 id,  0.0 wa,  0.0 hi,  1.5 si,  0.0 st
%Cpu(s): 84.6 us,  5.3 sy,  0.0 ni,  8.6 id,  0.0 wa,  0.0 hi,  1.4 si,  0.1 st
%Cpu(s): 50.8 us,  5.5 sy,  0.0 ni, 42.6 id,  0.0 wa,  0.0 hi,  1.1 si,  0.0 st
%Cpu(s): 50.2 us,  5.5 sy,  0.0 ni, 43.3 id,  0.0 wa,  0.0 hi,  1.0 si,  0.0 st
%Cpu(s): 45.6 us,  5.1 sy,  0.0 ni, 48.4 id,  0.0 wa,  0.0 hi,  0.9 si,  0.0 st
%Cpu(s): 17.2 us,  4.2 sy,  0.0 ni, 77.7 id,  0.0 wa,  0.0 hi,  0.8 si,  0.1 st
%Cpu(s): 27.9 us,  4.7 sy,  0.0 ni, 66.4 id,  0.1 wa,  0.0 hi,  0.9 si,  0.0 st
%Cpu(s): 49.1 us,  4.3 sy,  0.0 ni, 45.9 id,  0.0 wa,  0.0 hi,  0.8 si,  0.0 st
%Cpu(s): 42.9 us,  4.8 sy,  0.0 ni, 51.7 id,  0.0 wa,  0.0 hi,  0.5 si,  0.1 st
%Cpu(s): 24.0 us,  4.9 sy,  0.0 ni, 70.5 id,  0.0 wa,  0.0 hi,  0.6 si,  0.0 st
%Cpu(s): 28.6 us,  5.2 sy,  0.0 ni, 65.3 id,  0.0 wa,  0.0 hi,  0.9 si,  0.0 st
%Cpu(s): 21.3 us,  5.1 sy,  0.0 ni, 72.8 id,  0.0 wa,  0.0 hi,  0.8 si,  0.0 st
%Cpu(s): 35.6 us,  5.8 sy,  0.0 ni, 57.7 id,  0.0 wa,  0.0 hi,  0.9 si,  0.0 st
%Cpu(s): 18.4 us,  4.8 sy,  0.0 ni, 75.6 id,  0.0 wa,  0.0 hi,  1.0 si,  0.1 st
%Cpu(s): 20.1 us,  6.3 sy,  0.0 ni, 73.3 id,  0.0 wa,  0.0 hi,  0.4 si,  0.0 st
%Cpu(s): 37.9 us,  5.3 sy,  0.0 ni, 56.4 id,  0.0 wa,  0.0 hi,  0.5 si,  0.0 st
%Cpu(s): 20.2 us,  5.7 sy,  0.0 ni, 73.2 id,  0.0 wa,  0.0 hi,  0.7 si,  0.1 st
%Cpu(s): 14.4 us,  4.7 sy,  0.0 ni, 80.1 id,  0.0 wa,  0.0 hi,  0.6 si,  0.1 st
%Cpu(s): 21.7 us,  5.9 sy,  0.0 ni, 71.6 id,  0.0 wa,  0.0 hi,  0.8 si,  0.0 st
%Cpu(s): 11.5 us,  4.4 sy,  0.0 ni, 83.3 id,  0.0 wa,  0.0 hi,  0.8 si,  0.0 st
%Cpu(s): 17.2 us,  5.1 sy,  0.0 ni, 76.4 id,  0.1 wa,  0.0 hi,  1.1 si,  0.0 st
%Cpu(s): 19.1 us,  4.6 sy,  0.0 ni, 75.7 id,  0.0 wa,  0.0 hi,  0.6 si,  0.0 st
%Cpu(s): 13.9 us,  5.6 sy,  0.0 ni, 79.8 id,  0.0 wa,  0.0 hi,  0.6 si,  0.0 st
%Cpu(s): 21.2 us,  4.7 sy,  0.0 ni, 73.1 id,  0.0 wa,  0.0 hi,  1.0 si,  0.0 st
%Cpu(s): 40.9 us,  5.2 sy,  0.0 ni, 53.1 id,  0.0 wa,  0.0 hi,  0.7 si,  0.0 st
%Cpu(s): 34.6 us,  4.7 sy,  0.0 ni, 59.6 id,  0.1 wa,  0.0 hi,  0.8 si,  0.3 st
%Cpu(s): 14.8 us,  4.7 sy,  0.0 ni, 79.7 id,  0.0 wa,  0.0 hi,  0.8 si,  0.0 st
%Cpu(s): 14.6 us,  5.8 sy,  0.0 ni, 79.3 id,  0.0 wa,  0.0 hi,  0.4 si,  0.0 st
%Cpu(s): 24.3 us,  4.9 sy,  0.0 ni, 70.4 id,  0.0 wa,  0.0 hi,  0.4 si,  0.0 st
%Cpu(s): 25.2 us,  4.9 sy,  0.0 ni, 69.6 id,  0.0 wa,  0.0 hi,  0.4 si,  0.0 st
%Cpu(s): 18.5 us,  4.0 sy,  0.0 ni, 76.9 id,  0.0 wa,  0.0 hi,  0.6 si,  0.0 st
%Cpu(s): 22.1 us,  5.5 sy,  0.0 ni, 71.1 id,  0.1 wa,  0.0 hi,  1.0 si,  0.1 st
%Cpu(s):  7.5 us,  4.9 sy,  0.0 ni, 86.4 id,  0.0 wa,  0.0 hi,  1.0 si,  0.1 st
%Cpu(s): 12.7 us,  6.2 sy,  0.0 ni, 80.3 id,  0.0 wa,  0.0 hi,  0.8 si,  0.0 st
%Cpu(s): 19.1 us,  5.2 sy,  0.0 ni, 74.5 id,  0.0 wa,  0.0 hi,  1.1 si,  0.0 st
%Cpu(s):  5.4 us,  4.3 sy,  0.0 ni, 89.6 id,  0.0 wa,  0.0 hi,  0.5 si,  0.3 st
%Cpu(s):  4.1 us,  4.1 sy,  0.0 ni, 91.8 id,  0.0 wa,  0.0 hi,  0.0 si,  0.1 st
%Cpu(s):  4.8 us,  3.7 sy,  0.0 ni, 91.3 id,  0.0 wa,  0.0 hi,  0.1 si,  0.1 st
%Cpu(s):  5.2 us,  3.8 sy,  0.0 ni, 90.8 id,  0.0 wa,  0.0 hi,  0.0 si,  0.3 st
%Cpu(s):  3.8 us,  3.2 sy,  0.0 ni, 92.7 id,  0.0 wa,  0.0 hi,  0.1 si,  0.1 st
%Cpu(s):  3.0 us,  3.1 sy,  0.0 ni, 93.7 id,  0.0 wa,  0.0 hi,  0.0 si,  0.1 st
%Cpu(s):  3.0 us,  3.8 sy,  0.0 ni, 93.1 id,  0.0 wa,  0.0 hi,  0.1 si,  0.0 st
%Cpu(s):  2.8 us,  3.3 sy,  0.0 ni, 93.8 id,  0.0 wa,  0.0 hi,  0.0 si,  0.1 st
%Cpu(s):  4.3 us,  4.5 sy,  0.0 ni, 90.7 id,  0.0 wa,  0.0 hi,  0.3 si,  0.3 st
%Cpu(s): 42.1 us,  3.9 sy,  0.0 ni, 54.1 id,  0.0 wa,  0.0 hi,  0.0 si,  0.0 st
%Cpu(s): 23.1 us,  3.3 sy,  0.0 ni, 73.3 id,  0.1 wa,  0.0 hi,  0.0 si,  0.1 st
%Cpu(s):  4.2 us,  4.2 sy,  0.0 ni, 91.3 id,  0.0 wa,  0.0 hi,  0.1 si,  0.3 st
%Cpu(s):  4.6 us,  4.6 sy,  0.0 ni, 90.8 id,  0.0 wa,  0.0 hi,  0.0 si,  0.1 st
%Cpu(s):  6.0 us,  4.3 sy,  0.0 ni, 89.4 id,  0.0 wa,  0.0 hi,  0.0 si,  0.2 st
%Cpu(s):  6.5 us,  4.9 sy,  0.0 ni, 88.2 id,  0.0 wa,  0.0 hi,  0.0 si,  0.4 st
%Cpu(s):  3.8 us,  5.2 sy,  0.0 ni, 90.8 id,  0.0 wa,  0.0 hi,  0.1 si,  0.1 st
