%Cpu(s):  3.7 us,  0.7 sy,  0.0 ni, 95.5 id,  0.0 wa,  0.0 hi,  0.0 si,  0.0 st
%Cpu(s): 25.3 us,  4.0 sy,  0.0 ni, 70.3 id,  0.0 wa,  0.0 hi,  0.0 si,  0.4 st
%Cpu(s): 92.9 us,  6.0 sy,  0.0 ni,  1.1 id,  0.0 wa,  0.0 hi,  0.0 si,  0.0 st
%Cpu(s): 94.9 us,  3.4 sy,  0.0 ni,  1.7 id,  0.0 wa,  0.0 hi,  0.0 si,  0.0 st
%Cpu(s): 93.5 us,  4.0 sy,  0.0 ni,  2.5 id,  0.0 wa,  0.0 hi,  0.0 si,  0.0 st
%Cpu(s): 96.6 us,  3.0 sy,  0.0 ni,  0.4 id,  0.0 wa,  0.0 hi,  0.0 si,  0.0 st
%Cpu(s): 97.6 us,  2.4 sy,  0.0 ni,  0.0 id,  0.0 wa,  0.0 hi,  0.0 si,  0.0 st
%Cpu(s): 97.3 us,  2.6 sy,  0.0 ni,  0.0 id,  0.0 wa,  0.0 hi,  0.1 si,  0.0 st
%Cpu(s): 96.1 us,  3.9 sy,  0.0 ni,  0.0 id,  0.0 wa,  0.0 hi,  0.0 si,  0.0 st
%Cpu(s): 95.8 us,  4.0 sy,  0.0 ni,  0.0 id,  0.0 wa,  0.0 hi,  0.2 si,  0.0 st
%Cpu(s): 97.0 us,  2.5 sy,  0.0 ni,  0.0 id,  0.0 wa,  0.0 hi,  0.5 si,  0.0 st
%Cpu(s): 58.7 us,  2.5 sy,  0.0 ni, 38.7 id,  0.0 wa,  0.0 hi,  0.1 si,  0.0 st
%Cpu(s): 27.0 us,  2.5 sy,  0.0 ni, 70.5 id,  0.0 wa,  0.0 hi,  0.0 si,  0.0 st
%Cpu(s): 17.6 us,  3.5 sy,  0.0 ni, 78.3 id,  0.0 wa,  0.0 hi,  0.3 si,  0.3 st
%Cpu(s): 12.1 us,  4.3 sy,  0.0 ni, 83.3 id,  0.0 wa,  0.0 hi,  0.3 si,  0.1 st
%Cpu(s):  7.3 us,  4.1 sy,  0.0 ni, 87.9 id,  0.0 wa,  0.0 hi,  0.4 si,  0.3 st
%Cpu(s):  8.1 us,  3.5 sy,  0.0 ni, 87.8 id,  0.0 wa,  0.0 hi,  0.3 si,  0.3 st
%Cpu(s): 13.7 us,  3.3 sy,  0.0 ni, 82.8 id,  0.0 wa,  0.0 hi,  0.1 si,  0.1 st
%Cpu(s): 17.5 us,  3.5 sy,  0.0 ni, 78.4 id,  0.0 wa,  0.0 hi,  0.4 si,  0.1 st
%Cpu(s): 39.0 us,  3.9 sy,  0.0 ni, 56.8 id,  0.0 wa,  0.0 hi,  0.3 si,  0.0 st
%Cpu(s): 70.0 us,  8.6 sy,  0.0 ni, 19.5 id,  0.0 wa,  0.0 hi,  1.8 si,  0.1 st
%Cpu(s): 89.4 us,  8.9 sy,  0.0 ni,  0.0 id,  0.0 wa,  0.0 hi,  1.7 si,  0.0 st
%Cpu(s): 86.9 us, 10.6 sy,  0.0 ni,  0.0 id,  0.0 wa,  0.0 hi,  2.5 si,  0.0 st
%Cpu(s): 86.7 us, 10.8 sy,  0.0 ni,  0.0 id,  0.0 wa,  0.0 hi,  2.5 si,  0.0 st
%Cpu(s): 87.9 us, 10.3 sy,  0.0 ni,  0.0 id,  0.0 wa,  0.0 hi,  1.7 si,  0.0 st
%Cpu(s): 90.9 us,  7.5 sy,  0.0 ni,  0.0 id,  0.0 wa,  0.0 hi,  1.6 si,  0.0 st
%Cpu(s): 92.7 us,  5.1 sy,  0.0 ni,  0.7 id,  0.0 wa,  0.0 hi,  1.5 si,  0.0 st
%Cpu(s): 93.6 us,  5.2 sy,  0.0 ni,  0.2 id,  0.0 wa,  0.0 hi,  0.9 si,  0.0 st
%Cpu(s): 93.0 us,  5.6 sy,  0.0 ni,  0.2 id,  0.0 wa,  0.0 hi,  1.1 si,  0.0 st
%Cpu(s): 83.4 us,  6.9 sy,  0.0 ni,  7.6 id,  0.0 wa,  0.0 hi,  2.1 si,  0.0 st
%Cpu(s): 76.7 us,  5.9 sy,  0.0 ni, 15.2 id,  0.0 wa,  0.0 hi,  2.3 si,  0.0 st
%Cpu(s): 59.5 us,  5.7 sy,  0.0 ni, 32.5 id,  0.0 wa,  0.0 hi,  2.3 si,  0.0 st
%Cpu(s): 48.2 us,  6.7 sy,  0.0 ni, 43.1 id,  0.0 wa,  0.0 hi,  2.0 si,  0.0 st
%Cpu(s): 48.0 us,  5.5 sy,  0.0 ni, 45.4 id,  0.0 wa,  0.0 hi,  1.1 si,  0.0 st
%Cpu(s): 29.0 us,  5.9 sy,  0.0 ni, 64.1 id,  0.0 wa,  0.0 hi,  1.0 si,  0.0 st
%Cpu(s): 31.0 us,  5.7 sy,  0.0 ni, 62.2 id,  0.0 wa,  0.0 hi,  1.1 si,  0.0 st
%Cpu(s): 15.2 us,  5.4 sy,  0.0 ni, 77.9 id,  0.0 wa,  0.0 hi,  1.5 si,  0.0 st
%Cpu(s): 20.9 us,  5.7 sy,  0.0 ni, 72.2 id,  0.0 wa,  0.0 hi,  1.0 si,  0.1 st
%Cpu(s): 31.5 us,  4.7 sy,  0.0 ni, 62.6 id,  0.0 wa,  0.0 hi,  1.3 si,  0.0 st
%Cpu(s): 65.3 us,  6.1 sy,  0.0 ni, 26.6 id,  0.1 wa,  0.0 hi,  1.9 si,  0.0 st
%Cpu(s): 64.9 us,  4.2 sy,  0.0 ni, 29.5 id,  0.0 wa,  0.0 hi,  1.2 si,  0.1 st
%Cpu(s): 12.9 us,  5.7 sy,  0.0 ni, 80.3 id,  0.0 wa,  0.0 hi,  1.1 si,  0.0 st
%Cpu(s): 43.6 us,  5.3 sy,  0.0 ni, 49.6 id,  0.0 wa,  0.0 hi,  1.5 si,  0.0 st
%Cpu(s): 19.8 us,  5.8 sy,  0.0 ni, 73.5 id,  0.0 wa,  0.0 hi,  0.9 si,  0.0 st
%Cpu(s): 12.2 us,  5.9 sy,  0.0 ni, 80.8 id,  0.0 wa,  0.0 hi,  1.1 si,  0.0 st
%Cpu(s): 10.7 us,  5.7 sy,  0.0 ni, 82.1 id,  0.0 wa,  0.0 hi,  1.5 si,  0.0 st
%Cpu(s): 10.9 us,  5.6 sy,  0.0 ni, 82.0 id,  0.1 wa,  0.0 hi,  1.3 si,  0.1 st
%Cpu(s): 12.9 us,  4.9 sy,  0.0 ni, 80.8 id,  0.0 wa,  0.0 hi,  1.4 si,  0.0 st
%Cpu(s): 12.1 us,  5.5 sy,  0.0 ni, 80.8 id,  0.0 wa,  0.0 hi,  1.6 si,  0.0 st
%Cpu(s): 22.1 us,  5.2 sy,  0.0 ni, 71.3 id,  0.0 wa,  0.0 hi,  1.4 si,  0.0 st
%Cpu(s): 15.8 us,  5.0 sy,  0.0 ni, 78.2 id,  0.0 wa,  0.0 hi,  0.9 si,  0.1 st
%Cpu(s): 34.2 us,  4.0 sy,  0.0 ni, 60.5 id,  0.0 wa,  0.0 hi,  1.3 si,  0.0 st
%Cpu(s): 17.1 us,  5.6 sy,  0.0 ni, 76.3 id,  0.0 wa,  0.0 hi,  1.0 si,  0.0 st
%Cpu(s): 21.0 us,  5.6 sy,  0.0 ni, 71.8 id,  0.0 wa,  0.0 hi,  1.6 si,  0.0 st
%Cpu(s): 21.1 us,  7.5 sy,  0.0 ni, 70.3 id,  0.0 wa,  0.0 hi,  1.1 si,  0.0 st
%Cpu(s): 27.4 us,  4.9 sy,  0.0 ni, 66.5 id,  0.0 wa,  0.0 hi,  1.1 si,  0.0 st
%Cpu(s): 13.1 us,  6.3 sy,  0.0 ni, 79.1 id,  0.0 wa,  0.0 hi,  1.4 si,  0.1 st
%Cpu(s): 15.5 us,  5.7 sy,  0.0 ni, 77.1 id,  0.0 wa,  0.0 hi,  1.6 si,  0.0 st
%Cpu(s): 12.2 us,  4.8 sy,  0.0 ni, 81.8 id,  0.0 wa,  0.0 hi,  1.1 si,  0.1 st
%Cpu(s): 13.0 us,  4.5 sy,  0.0 ni, 81.3 id,  0.0 wa,  0.0 hi,  1.2 si,  0.0 st
%Cpu(s): 20.0 us,  6.5 sy,  0.0 ni, 72.4 id,  0.0 wa,  0.0 hi,  1.1 si,  0.0 st
%Cpu(s): 16.4 us,  3.5 sy,  0.0 ni, 79.4 id,  0.0 wa,  0.0 hi,  0.5 si,  0.1 st
%Cpu(s):  4.6 us,  3.8 sy,  0.0 ni, 91.5 id,  0.0 wa,  0.0 hi,  0.0 si,  0.1 st
%Cpu(s):  6.0 us,  3.4 sy,  0.0 ni, 90.5 id,  0.0 wa,  0.0 hi,  0.0 si,  0.1 st
%Cpu(s):  5.5 us,  4.9 sy,  0.0 ni, 89.3 id,  0.0 wa,  0.0 hi,  0.0 si,  0.3 st
%Cpu(s):  5.1 us,  3.7 sy,  0.0 ni, 91.0 id,  0.0 wa,  0.0 hi,  0.0 si,  0.1 st
%Cpu(s):  4.3 us,  4.0 sy,  0.0 ni, 91.5 id,  0.1 wa,  0.0 hi,  0.1 si,  0.0 st
%Cpu(s):  4.1 us,  3.6 sy,  0.0 ni, 92.0 id,  0.0 wa,  0.0 hi,  0.1 si,  0.3 st
%Cpu(s):  3.3 us,  3.5 sy,  0.0 ni, 93.1 id,  0.0 wa,  0.0 hi,  0.0 si,  0.1 st
%Cpu(s):  5.6 us,  4.4 sy,  0.0 ni, 89.8 id,  0.0 wa,  0.0 hi,  0.0 si,  0.1 st
%Cpu(s):  6.2 us,  3.7 sy,  0.0 ni, 89.8 id,  0.0 wa,  0.0 hi,  0.0 si,  0.3 st
%Cpu(s):  3.6 us,  4.2 sy,  0.0 ni, 92.2 id,  0.0 wa,  0.0 hi,  0.0 si,  0.0 st
%Cpu(s): 30.6 us,  2.9 sy,  0.0 ni, 66.4 id,  0.0 wa,  0.0 hi,  0.1 si,  0.0 st
