%Cpu(s):  4.1 us,  0.6 sy,  0.0 ni, 95.2 id,  0.0 wa,  0.0 hi,  0.1 si,  0.0 st
%Cpu(s): 65.5 us,  4.6 sy,  0.0 ni, 29.7 id,  0.1 wa,  0.0 hi,  0.0 si,  0.1 st
%Cpu(s): 76.2 us,  2.7 sy,  0.0 ni, 21.0 id,  0.0 wa,  0.0 hi,  0.1 si,  0.0 st
%Cpu(s): 83.9 us,  2.6 sy,  0.0 ni, 13.5 id,  0.0 wa,  0.0 hi,  0.0 si,  0.0 st
%Cpu(s): 96.0 us,  2.6 sy,  0.0 ni,  1.4 id,  0.0 wa,  0.0 hi,  0.0 si,  0.0 st
%Cpu(s): 94.1 us,  3.4 sy,  0.0 ni,  2.4 id,  0.0 wa,  0.0 hi,  0.1 si,  0.0 st
%Cpu(s): 76.0 us,  2.6 sy,  0.0 ni, 21.3 id,  0.0 wa,  0.0 hi,  0.1 si,  0.0 st
%Cpu(s): 10.9 us,  0.6 sy,  0.0 ni, 88.4 id,  0.0 wa,  0.0 hi,  0.1 si,  0.0 st
%Cpu(s):  2.9 us,  0.7 sy,  0.0 ni, 96.3 id,  0.0 wa,  0.0 hi,  0.0 si,  0.1 st
%Cpu(s):  2.2 us,  1.1 sy,  0.0 ni, 96.6 id,  0.0 wa,  0.0 hi,  0.0 si,  0.0 st
%Cpu(s):  1.2 us,  0.9 sy,  0.0 ni, 97.9 id,  0.0 wa,  0.0 hi,  0.0 si,  0.0 st
%Cpu(s):  1.1 us,  1.2 sy,  0.0 ni, 97.5 id,  0.1 wa,  0.0 hi,  0.0 si,  0.0 st
%Cpu(s):  1.1 us,  1.1 sy,  0.0 ni, 97.6 id,  0.0 wa,  0.0 hi,  0.1 si,  0.0 st
%Cpu(s):  1.4 us,  1.1 sy,  0.0 ni, 97.4 id,  0.0 wa,  0.0 hi,  0.0 si,  0.1 st
%Cpu(s):  0.9 us,  0.4 sy,  0.0 ni, 98.7 id,  0.0 wa,  0.0 hi,  0.0 si,  0.0 st
%Cpu(s):  0.8 us,  1.1 sy,  0.0 ni, 98.0 id,  0.0 wa,  0.0 hi,  0.0 si,  0.1 st
%Cpu(s):  5.3 us,  1.4 sy,  0.0 ni, 93.3 id,  0.0 wa,  0.0 hi,  0.0 si,  0.0 st
%Cpu(s): 62.3 us,  3.5 sy,  0.0 ni, 33.5 id,  0.0 wa,  0.0 hi,  0.7 si,  0.0 st
%Cpu(s): 51.6 us,  5.3 sy,  0.0 ni, 41.7 id,  0.0 wa,  0.0 hi,  1.4 si,  0.0 st
%Cpu(s): 43.6 us,  5.0 sy,  0.0 ni, 50.5 id,  0.0 wa,  0.0 hi,  0.9 si,  0.0 st
%Cpu(s): 58.4 us,  5.5 sy,  0.0 ni, 35.2 id,  0.0 wa,  0.0 hi,  0.9 si,  0.0 st
%Cpu(s): 40.3 us,  5.7 sy,  0.0 ni, 52.6 id,  0.0 wa,  0.0 hi,  1.2 si,  0.1 st
%Cpu(s): 28.8 us,  5.2 sy,  0.0 ni, 64.7 id,  0.0 wa,  0.0 hi,  1.3 si,  0.0 st
%Cpu(s): 16.1 us,  4.0 sy,  0.0 ni, 79.5 id,  0.0 wa,  0.0 hi,  0.4 si,  0.0 st
%Cpu(s): 14.4 us,  3.8 sy,  0.0 ni, 80.9 id,  0.0 wa,  0.0 hi,  0.9 si,  0.0 st
%Cpu(s):  9.2 us,  3.6 sy,  0.0 ni, 86.4 id,  0.0 wa,  0.0 hi,  0.8 si,  0.1 st
%Cpu(s):  6.0 us,  4.7 sy,  0.0 ni, 88.3 id,  0.0 wa,  0.0 hi,  1.0 si,  0.0 st
%Cpu(s):  7.3 us,  3.5 sy,  0.0 ni, 88.6 id,  0.0 wa,  0.0 hi,  0.6 si,  0.0 st
%Cpu(s): 12.1 us,  4.0 sy,  0.0 ni, 82.8 id,  0.0 wa,  0.0 hi,  1.0 si,  0.0 st
%Cpu(s):  8.0 us,  3.2 sy,  0.0 ni, 88.0 id,  0.0 wa,  0.0 hi,  0.8 si,  0.0 st
%Cpu(s):  6.5 us,  3.4 sy,  0.0 ni, 89.2 id,  0.0 wa,  0.0 hi,  0.9 si,  0.0 st
%Cpu(s):  6.9 us,  4.2 sy,  0.0 ni, 88.3 id,  0.0 wa,  0.0 hi,  0.5 si,  0.1 st
%Cpu(s):  8.9 us,  4.2 sy,  0.0 ni, 86.0 id,  0.0 wa,  0.0 hi,  0.9 si,  0.0 st
%Cpu(s): 17.1 us,  4.2 sy,  0.0 ni, 77.6 id,  0.0 wa,  0.0 hi,  1.1 si,  0.0 st
%Cpu(s):  5.5 us,  3.2 sy,  0.0 ni, 90.6 id,  0.0 wa,  0.0 hi,  0.8 si,  0.0 st
%Cpu(s):  5.8 us,  3.2 sy,  0.0 ni, 90.5 id,  0.0 wa,  0.0 hi,  0.5 si,  0.0 st
%Cpu(s):  8.2 us,  4.0 sy,  0.0 ni, 87.0 id,  0.1 wa,  0.0 hi,  0.6 si,  0.0 st
%Cpu(s):  6.0 us,  2.6 sy,  0.0 ni, 90.4 id,  0.0 wa,  0.0 hi,  0.9 si,  0.1 st
%Cpu(s):  4.8 us,  3.6 sy,  0.0 ni, 90.8 id,  0.0 wa,  0.0 hi,  0.8 si,  0.0 st
%Cpu(s):  5.8 us,  3.7 sy,  0.0 ni, 89.6 id,  0.0 wa,  0.0 hi,  0.8 si,  0.1 st
%Cpu(s):  5.5 us,  4.0 sy,  0.0 ni, 89.8 id,  0.0 wa,  0.0 hi,  0.6 si,  0.0 st
%Cpu(s):  8.4 us,  3.8 sy,  0.0 ni, 86.9 id,  0.0 wa,  0.0 hi,  0.9 si,  0.0 st
%Cpu(s):  4.3 us,  3.5 sy,  0.0 ni, 91.4 id,  0.0 wa,  0.0 hi,  0.8 si,  0.0 st
%Cpu(s):  4.2 us,  3.1 sy,  0.0 ni, 91.7 id,  0.0 wa,  0.0 hi,  1.0 si,  0.0 st
%Cpu(s):  5.2 us,  3.7 sy,  0.0 ni, 90.5 id,  0.0 wa,  0.0 hi,  0.6 si,  0.0 st
%Cpu(s):  5.5 us,  4.1 sy,  0.0 ni, 89.5 id,  0.0 wa,  0.0 hi,  0.9 si,  0.0 st
%Cpu(s):  5.1 us,  3.5 sy,  0.0 ni, 90.8 id,  0.1 wa,  0.0 hi,  0.5 si,  0.0 st
%Cpu(s):  9.3 us,  3.5 sy,  0.0 ni, 86.4 id,  0.0 wa,  0.0 hi,  0.8 si,  0.0 st
%Cpu(s):  6.0 us,  3.2 sy,  0.0 ni, 90.1 id,  0.0 wa,  0.0 hi,  0.6 si,  0.1 st
%Cpu(s):  8.7 us,  3.5 sy,  0.0 ni, 87.2 id,  0.0 wa,  0.0 hi,  0.6 si,  0.0 st
%Cpu(s):  3.6 us,  2.7 sy,  0.0 ni, 92.9 id,  0.0 wa,  0.0 hi,  0.8 si,  0.0 st
%Cpu(s): 11.3 us,  3.4 sy,  0.0 ni, 84.5 id,  0.0 wa,  0.0 hi,  0.8 si,  0.0 st
%Cpu(s):  5.9 us,  3.3 sy,  0.0 ni, 89.9 id,  0.0 wa,  0.0 hi,  0.8 si,  0.1 st
%Cpu(s):  7.6 us,  3.6 sy,  0.0 ni, 88.3 id,  0.0 wa,  0.0 hi,  0.5 si,  0.0 st
%Cpu(s): 14.8 us,  4.1 sy,  0.0 ni, 80.2 id,  0.0 wa,  0.0 hi,  0.9 si,  0.0 st
%Cpu(s):  7.2 us,  3.7 sy,  0.0 ni, 88.3 id,  0.0 wa,  0.0 hi,  0.9 si,  0.0 st
%Cpu(s):  4.7 us,  3.7 sy,  0.0 ni, 90.6 id,  0.0 wa,  0.0 hi,  1.0 si,  0.0 st
%Cpu(s): 12.7 us,  3.7 sy,  0.0 ni, 82.8 id,  0.0 wa,  0.0 hi,  0.9 si,  0.0 st
%Cpu(s):  7.2 us,  4.0 sy,  0.0 ni, 87.5 id,  0.0 wa,  0.0 hi,  1.1 si,  0.1 st
%Cpu(s): 15.2 us,  3.9 sy,  0.0 ni, 80.3 id,  0.0 wa,  0.0 hi,  0.5 si,  0.1 st
%Cpu(s):  4.7 us,  2.8 sy,  0.0 ni, 91.6 id,  0.0 wa,  0.0 hi,  0.9 si,  0.0 st
%Cpu(s):  2.9 us,  1.6 sy,  0.0 ni, 94.9 id,  0.0 wa,  0.0 hi,  0.6 si,  0.0 st
%Cpu(s):  8.9 us,  0.8 sy,  0.0 ni, 90.4 id,  0.0 wa,  0.0 hi,  0.0 si,  0.0 st
%Cpu(s):  4.2 us,  0.8 sy,  0.0 ni, 95.0 id,  0.0 wa,  0.0 hi,  0.0 si,  0.0 st
%Cpu(s):  6.6 us,  0.5 sy,  0.0 ni, 92.8 id,  0.0 wa,  0.0 hi,  0.0 si,  0.0 st
%Cpu(s):  1.5 us,  0.8 sy,  0.0 ni, 97.7 id,  0.0 wa,  0.0 hi,  0.0 si,  0.0 st
%Cpu(s):  2.4 us,  0.8 sy,  0.0 ni, 96.7 id,  0.1 wa,  0.0 hi,  0.0 si,  0.0 st
%Cpu(s):  5.0 us,  1.2 sy,  0.0 ni, 93.8 id,  0.0 wa,  0.0 hi,  0.0 si,  0.0 st
%Cpu(s):  0.5 us,  1.2 sy,  0.0 ni, 98.2 id,  0.0 wa,  0.0 hi,  0.0 si,  0.0 st
%Cpu(s):  0.9 us,  0.5 sy,  0.0 ni, 98.6 id,  0.0 wa,  0.0 hi,  0.0 si,  0.0 st
%Cpu(s):  0.6 us,  0.9 sy,  0.0 ni, 98.4 id,  0.0 wa,  0.0 hi,  0.0 si,  0.1 st
%Cpu(s):  0.6 us,  0.4 sy,  0.0 ni, 99.0 id,  0.0 wa,  0.0 hi,  0.0 si,  0.0 st
%Cpu(s):  0.9 us,  0.8 sy,  0.0 ni, 98.2 id,  0.0 wa,  0.0 hi,  0.0 si,  0.1 st
%Cpu(s):  1.0 us,  1.2 sy,  0.0 ni, 97.6 id,  0.0 wa,  0.0 hi,  0.1 si,  0.0 st
%Cpu(s):  1.1 us,  1.1 sy,  0.0 ni, 97.6 id,  0.0 wa,  0.0 hi,  0.1 si,  0.0 st
%Cpu(s):  1.0 us,  0.4 sy,  0.0 ni, 98.6 id,  0.0 wa,  0.0 hi,  0.0 si,  0.0 st
%Cpu(s):  1.4 us,  0.7 sy,  0.0 ni, 97.8 id,  0.1 wa,  0.0 hi,  0.0 si,  0.0 st
%Cpu(s):  1.5 us,  0.4 sy,  0.0 ni, 98.1 id,  0.0 wa,  0.0 hi,  0.0 si,  0.0 st
%Cpu(s):  1.1 us,  0.9 sy,  0.0 ni, 98.0 id,  0.0 wa,  0.0 hi,  0.0 si,  0.0 st
%Cpu(s):  0.5 us,  0.9 sy,  0.0 ni, 98.6 id,  0.0 wa,  0.0 hi,  0.0 si,  0.0 st
%Cpu(s):  1.0 us,  0.9 sy,  0.0 ni, 98.0 id,  0.0 wa,  0.0 hi,  0.1 si,  0.0 st
%Cpu(s):  1.8 us,  0.9 sy,  0.0 ni, 97.4 id,  0.0 wa,  0.0 hi,  0.0 si,  0.0 st
