%Cpu(s):  6.1 us,  0.7 sy,  0.0 ni, 93.0 id,  0.0 wa,  0.0 hi,  0.1 si,  0.0 st
%Cpu(s): 11.3 us,  2.9 sy,  0.0 ni, 85.5 id,  0.0 wa,  0.0 hi,  0.1 si,  0.1 st
%Cpu(s): 10.6 us,  3.0 sy,  0.0 ni, 86.2 id,  0.0 wa,  0.0 hi,  0.0 si,  0.1 st
%Cpu(s):  6.2 us,  3.1 sy,  0.0 ni, 90.6 id,  0.0 wa,  0.0 hi,  0.0 si,  0.1 st
%Cpu(s):  6.7 us,  2.7 sy,  0.0 ni, 90.6 id,  0.0 wa,  0.0 hi,  0.0 si,  0.0 st
%Cpu(s):  7.1 us,  3.7 sy,  0.0 ni, 89.0 id,  0.0 wa,  0.0 hi,  0.1 si,  0.1 st
%Cpu(s):  8.4 us,  3.3 sy,  0.0 ni, 88.1 id,  0.0 wa,  0.0 hi,  0.1 si,  0.1 st
%Cpu(s):  3.7 us,  3.3 sy,  0.0 ni, 93.0 id,  0.0 wa,  0.0 hi,  0.0 si,  0.0 st
%Cpu(s):  7.0 us,  2.8 sy,  0.0 ni, 90.1 id,  0.0 wa,  0.0 hi,  0.1 si,  0.0 st
%Cpu(s): 58.5 us,  4.0 sy,  0.0 ni, 37.2 id,  0.0 wa,  0.0 hi,  0.1 si,  0.1 st
%Cpu(s): 92.3 us,  6.5 sy,  0.0 ni,  0.0 id,  0.0 wa,  0.0 hi,  1.2 si,  0.0 st
%Cpu(s): 92.8 us,  5.9 sy,  0.0 ni,  0.0 id,  0.0 wa,  0.0 hi,  1.4 si,  0.0 st
%Cpu(s): 92.9 us,  6.0 sy,  0.0 ni,  0.0 id,  0.0 wa,  0.0 hi,  1.1 si,  0.0 st
%Cpu(s): 92.4 us,  6.3 sy,  0.0 ni,  0.2 id,  0.0 wa,  0.0 hi,  1.0 si,  0.0 st
%Cpu(s): 79.6 us,  4.9 sy,  0.0 ni, 14.6 id,  0.0 wa,  0.0 hi,  0.9 si,  0.0 st
%Cpu(s): 90.5 us,  4.9 sy,  0.0 ni,  3.9 id,  0.0 wa,  0.0 hi,  0.6 si,  0.1 st
%Cpu(s): 51.4 us,  4.7 sy,  0.0 ni, 43.1 id,  0.1 wa,  0.0 hi,  0.6 si,  0.0 st
%Cpu(s): 27.9 us,  5.2 sy,  0.0 ni, 66.3 id,  0.0 wa,  0.0 hi,  0.6 si,  0.0 st
%Cpu(s): 40.8 us,  4.1 sy,  0.0 ni, 54.1 id,  0.0 wa,  0.0 hi,  0.9 si,  0.0 st
%Cpu(s): 87.4 us,  4.7 sy,  0.0 ni,  6.9 id,  0.0 wa,  0.0 hi,  1.0 si,  0.0 st
%Cpu(s): 64.4 us,  3.7 sy,  0.0 ni, 31.0 id,  0.0 wa,  0.0 hi,  0.9 si,  0.0 st
%Cpu(s): 40.1 us,  3.8 sy,  0.0 ni, 54.8 id,  0.0 wa,  0.0 hi,  1.3 si,  0.0 st
%Cpu(s): 54.1 us,  4.5 sy,  0.0 ni, 40.2 id,  0.0 wa,  0.0 hi,  1.3 si,  0.0 st
%Cpu(s): 22.3 us,  5.3 sy,  0.0 ni, 71.0 id,  0.0 wa,  0.0 hi,  1.3 si,  0.1 st
%Cpu(s): 22.6 us,  4.3 sy,  0.0 ni, 72.1 id,  0.0 wa,  0.0 hi,  1.0 si,  0.0 st
%Cpu(s): 38.2 us,  4.2 sy,  0.0 ni, 56.4 id,  0.0 wa,  0.0 hi,  1.3 si,  0.0 st
%Cpu(s): 18.4 us,  5.0 sy,  0.0 ni, 75.6 id,  0.0 wa,  0.0 hi,  1.0 si,  0.1 st
%Cpu(s): 29.4 us,  4.7 sy,  0.0 ni, 65.1 id,  0.0 wa,  0.0 hi,  0.9 si,  0.0 st
%Cpu(s): 12.7 us,  5.7 sy,  0.0 ni, 81.0 id,  0.0 wa,  0.0 hi,  0.6 si,  0.0 st
%Cpu(s): 18.4 us,  4.9 sy,  0.0 ni, 75.8 id,  0.0 wa,  0.0 hi,  0.8 si,  0.1 st
%Cpu(s): 12.1 us,  5.7 sy,  0.0 ni, 81.4 id,  0.0 wa,  0.0 hi,  0.8 si,  0.0 st
%Cpu(s): 14.2 us,  4.4 sy,  0.0 ni, 80.4 id,  0.0 wa,  0.0 hi,  1.0 si,  0.0 st
%Cpu(s): 17.0 us,  5.3 sy,  0.0 ni, 76.6 id,  0.0 wa,  0.0 hi,  1.0 si,  0.1 st
%Cpu(s): 46.6 us,  4.6 sy,  0.0 ni, 48.1 id,  0.0 wa,  0.0 hi,  0.8 si,  0.0 st
%Cpu(s): 40.8 us,  3.6 sy,  0.0 ni, 54.8 id,  0.0 wa,  0.0 hi,  0.8 si,  0.0 st
%Cpu(s): 45.6 us,  5.0 sy,  0.0 ni, 48.7 id,  0.0 wa,  0.0 hi,  0.5 si,  0.1 st
%Cpu(s): 28.2 us,  5.8 sy,  0.0 ni, 65.6 id,  0.0 wa,  0.0 hi,  0.5 si,  0.0 st
%Cpu(s): 18.6 us,  4.9 sy,  0.0 ni, 76.0 id,  0.0 wa,  0.0 hi,  0.4 si,  0.1 st
%Cpu(s): 40.6 us,  3.9 sy,  0.0 ni, 55.0 id,  0.0 wa,  0.0 hi,  0.5 si,  0.0 st
%Cpu(s): 17.1 us,  5.4 sy,  0.0 ni, 77.1 id,  0.0 wa,  0.0 hi,  0.4 si,  0.0 st
%Cpu(s): 34.9 us,  4.0 sy,  0.0 ni, 60.4 id,  0.1 wa,  0.0 hi,  0.6 si,  0.0 st
%Cpu(s): 19.9 us,  4.6 sy,  0.0 ni, 75.0 id,  0.0 wa,  0.0 hi,  0.5 si,  0.0 st
%Cpu(s): 15.6 us,  5.4 sy,  0.0 ni, 78.5 id,  0.0 wa,  0.0 hi,  0.5 si,  0.0 st
%Cpu(s): 34.1 us,  4.3 sy,  0.0 ni, 61.2 id,  0.0 wa,  0.0 hi,  0.4 si,  0.0 st
%Cpu(s): 22.4 us,  3.8 sy,  0.0 ni, 73.2 id,  0.0 wa,  0.0 hi,  0.5 si,  0.1 st
%Cpu(s): 10.9 us,  5.2 sy,  0.0 ni, 83.4 id,  0.0 wa,  0.0 hi,  0.4 si,  0.1 st
%Cpu(s):  8.7 us,  4.4 sy,  0.0 ni, 85.6 id,  0.0 wa,  0.0 hi,  1.3 si,  0.0 st
%Cpu(s):  9.0 us,  4.8 sy,  0.0 ni, 85.4 id,  0.0 wa,  0.0 hi,  0.9 si,  0.0 st
%Cpu(s):  9.7 us,  5.3 sy,  0.0 ni, 84.0 id,  0.0 wa,  0.0 hi,  0.9 si,  0.1 st
%Cpu(s): 11.1 us,  4.9 sy,  0.0 ni, 83.4 id,  0.0 wa,  0.0 hi,  0.6 si,  0.0 st
%Cpu(s): 12.4 us,  5.9 sy,  0.0 ni, 81.3 id,  0.0 wa,  0.0 hi,  0.4 si,  0.0 st
%Cpu(s): 14.2 us,  6.3 sy,  0.0 ni, 78.9 id,  0.1 wa,  0.0 hi,  0.5 si,  0.0 st
%Cpu(s): 12.8 us,  5.0 sy,  0.0 ni, 81.9 id,  0.0 wa,  0.0 hi,  0.4 si,  0.0 st
%Cpu(s): 12.1 us,  5.7 sy,  0.0 ni, 81.4 id,  0.0 wa,  0.0 hi,  0.7 si,  0.0 st
%Cpu(s):  8.5 us,  4.6 sy,  0.0 ni, 86.0 id,  0.0 wa,  0.0 hi,  0.8 si,  0.1 st
%Cpu(s): 10.0 us,  4.6 sy,  0.0 ni, 85.0 id,  0.0 wa,  0.0 hi,  0.4 si,  0.0 st
%Cpu(s): 10.8 us,  5.6 sy,  0.0 ni, 82.7 id,  0.0 wa,  0.0 hi,  0.9 si,  0.0 st
%Cpu(s): 10.6 us,  4.6 sy,  0.0 ni, 83.8 id,  0.0 wa,  0.0 hi,  0.9 si,  0.1 st
%Cpu(s): 12.9 us,  4.9 sy,  0.0 ni, 81.3 id,  0.0 wa,  0.0 hi,  0.8 si,  0.1 st
%Cpu(s): 26.3 us,  4.2 sy,  0.0 ni, 68.9 id,  0.0 wa,  0.0 hi,  0.6 si,  0.0 st
%Cpu(s): 27.7 us,  4.7 sy,  0.0 ni, 66.5 id,  0.0 wa,  0.0 hi,  1.0 si,  0.0 st
%Cpu(s):  6.3 us,  3.5 sy,  0.0 ni, 89.6 id,  0.0 wa,  0.0 hi,  0.6 si,  0.0 st
%Cpu(s):  4.5 us,  2.8 sy,  0.0 ni, 92.6 id,  0.0 wa,  0.0 hi,  0.0 si,  0.1 st
%Cpu(s):  2.8 us,  4.3 sy,  0.0 ni, 92.7 id,  0.0 wa,  0.0 hi,  0.0 si,  0.1 st
%Cpu(s):  4.9 us,  4.0 sy,  0.0 ni, 90.9 id,  0.0 wa,  0.0 hi,  0.1 si,  0.0 st
%Cpu(s):  3.7 us,  3.5 sy,  0.0 ni, 92.7 id,  0.0 wa,  0.0 hi,  0.0 si,  0.1 st
%Cpu(s): 49.9 us,  1.4 sy,  0.0 ni, 48.7 id,  0.0 wa,  0.0 hi,  0.0 si,  0.0 st
%Cpu(s): 12.7 us,  3.5 sy,  0.0 ni, 83.8 id,  0.0 wa,  0.0 hi,  0.0 si,  0.0 st
%Cpu(s):  3.2 us,  3.9 sy,  0.0 ni, 92.7 id,  0.0 wa,  0.0 hi,  0.0 si,  0.1 st
%Cpu(s):  7.9 us,  4.1 sy,  0.0 ni, 87.6 id,  0.0 wa,  0.0 hi,  0.1 si,  0.2 st
%Cpu(s):  6.1 us,  2.4 sy,  0.0 ni, 91.2 id,  0.0 wa,  0.0 hi,  0.1 si,  0.1 st
%Cpu(s):  5.1 us,  3.6 sy,  0.0 ni, 91.1 id,  0.1 wa,  0.0 hi,  0.0 si,  0.1 st
%Cpu(s):  5.2 us,  3.8 sy,  0.0 ni, 90.9 id,  0.0 wa,  0.0 hi,  0.0 si,  0.1 st
%Cpu(s):  4.2 us,  2.7 sy,  0.0 ni, 92.9 id,  0.0 wa,  0.0 hi,  0.1 si,  0.1 st
%Cpu(s):  3.9 us,  1.9 sy,  0.0 ni, 94.1 id,  0.0 wa,  0.0 hi,  0.0 si,  0.0 st
%Cpu(s):  6.6 us,  2.3 sy,  0.0 ni, 91.0 id,  0.0 wa,  0.0 hi,  0.0 si,  0.1 st
%Cpu(s):  3.8 us,  3.6 sy,  0.0 ni, 92.6 id,  0.0 wa,  0.0 hi,  0.0 si,  0.0 st
%Cpu(s):  3.8 us,  4.6 sy,  0.0 ni, 91.5 id,  0.0 wa,  0.0 hi,  0.0 si,  0.1 st
%Cpu(s):  3.8 us,  2.8 sy,  0.0 ni, 93.4 id,  0.0 wa,  0.0 hi,  0.0 si,  0.0 st
%Cpu(s):  3.1 us,  3.4 sy,  0.0 ni, 93.5 id,  0.0 wa,  0.0 hi,  0.0 si,  0.0 st
%Cpu(s):  4.7 us,  5.1 sy,  0.0 ni, 89.9 id,  0.1 wa,  0.0 hi,  0.1 si,  0.1 st
