%Cpu(s):  2.4 us,  0.5 sy,  0.0 ni, 97.1 id,  0.0 wa,  0.0 hi,  0.0 si,  0.0 st
%Cpu(s): 80.9 us,  5.4 sy,  0.0 ni, 13.6 id,  0.0 wa,  0.0 hi,  0.1 si,  0.0 st
%Cpu(s): 78.0 us,  2.9 sy,  0.0 ni, 19.1 id,  0.0 wa,  0.0 hi,  0.0 si,  0.0 st
%Cpu(s): 92.2 us,  2.9 sy,  0.0 ni,  4.9 id,  0.0 wa,  0.0 hi,  0.0 si,  0.0 st
%Cpu(s): 94.8 us,  2.5 sy,  0.0 ni,  2.6 id,  0.0 wa,  0.0 hi,  0.0 si,  0.1 st
%Cpu(s): 75.0 us,  2.4 sy,  0.0 ni, 22.4 id,  0.0 wa,  0.0 hi,  0.1 si,  0.1 st
%Cpu(s): 12.9 us,  1.1 sy,  0.0 ni, 86.0 id,  0.0 wa,  0.0 hi,  0.0 si,  0.0 st
%Cpu(s):  3.8 us,  2.6 sy,  0.0 ni, 93.6 id,  0.0 wa,  0.0 hi,  0.0 si,  0.0 st
%Cpu(s):  3.0 us,  2.2 sy,  0.0 ni, 94.8 id,  0.0 wa,  0.0 hi,  0.0 si,  0.0 st
%Cpu(s):  2.6 us,  2.4 sy,  0.0 ni, 94.9 id,  0.0 wa,  0.0 hi,  0.0 si,  0.1 st
%Cpu(s):  4.2 us,  2.7 sy,  0.0 ni, 92.9 id,  0.0 wa,  0.0 hi,  0.1 si,  0.1 st
%Cpu(s):  3.0 us,  1.8 sy,  0.0 ni, 95.2 id,  0.0 wa,  0.0 hi,  0.0 si,  0.0 st
%Cpu(s):  1.8 us,  2.0 sy,  0.0 ni, 96.1 id,  0.1 wa,  0.0 hi,  0.0 si,  0.0 st
%Cpu(s):  1.9 us,  2.1 sy,  0.0 ni, 96.0 id,  0.0 wa,  0.0 hi,  0.0 si,  0.0 st
%Cpu(s):  2.5 us,  2.5 sy,  0.0 ni, 95.0 id,  0.0 wa,  0.0 hi,  0.0 si,  0.0 st
%Cpu(s):  3.5 us,  2.5 sy,  0.0 ni, 93.9 id,  0.0 wa,  0.0 hi,  0.1 si,  0.0 st
%Cpu(s): 26.8 us,  2.1 sy,  0.0 ni, 71.0 id,  0.0 wa,  0.0 hi,  0.0 si,  0.0 st
%Cpu(s): 41.4 us,  3.5 sy,  0.0 ni, 54.8 id,  0.0 wa,  0.0 hi,  0.2 si,  0.1 st
%Cpu(s): 47.7 us,  2.4 sy,  0.0 ni, 49.4 id,  0.0 wa,  0.0 hi,  0.5 si,  0.0 st
%Cpu(s): 43.9 us,  3.8 sy,  0.0 ni, 51.8 id,  0.0 wa,  0.0 hi,  0.5 si,  0.1 st
%Cpu(s): 42.2 us,  4.4 sy,  0.0 ni, 52.2 id,  0.0 wa,  0.0 hi,  1.2 si,  0.0 st
%Cpu(s): 33.5 us,  4.2 sy,  0.0 ni, 61.2 id,  0.0 wa,  0.0 hi,  1.0 si,  0.0 st
%Cpu(s): 12.2 us,  3.6 sy,  0.0 ni, 83.7 id,  0.0 wa,  0.0 hi,  0.5 si,  0.0 st
%Cpu(s):  8.6 us,  3.5 sy,  0.0 ni, 87.2 id,  0.0 wa,  0.0 hi,  0.6 si,  0.0 st
%Cpu(s): 10.5 us,  4.0 sy,  0.0 ni, 85.0 id,  0.0 wa,  0.0 hi,  0.4 si,  0.1 st
%Cpu(s):  8.2 us,  4.6 sy,  0.0 ni, 86.7 id,  0.0 wa,  0.0 hi,  0.5 si,  0.0 st
%Cpu(s):  7.6 us,  3.3 sy,  0.0 ni, 88.4 id,  0.0 wa,  0.0 hi,  0.8 si,  0.0 st
%Cpu(s):  6.4 us,  4.3 sy,  0.0 ni, 89.1 id,  0.0 wa,  0.0 hi,  0.3 si,  0.0 st
%Cpu(s):  6.1 us,  4.2 sy,  0.0 ni, 89.2 id,  0.0 wa,  0.0 hi,  0.5 si,  0.0 st
%Cpu(s): 15.2 us,  4.1 sy,  0.0 ni, 80.4 id,  0.0 wa,  0.0 hi,  0.4 si,  0.0 st
%Cpu(s): 18.6 us,  3.6 sy,  0.0 ni, 77.6 id,  0.0 wa,  0.0 hi,  0.3 si,  0.0 st
%Cpu(s): 16.5 us,  3.3 sy,  0.0 ni, 79.7 id,  0.0 wa,  0.0 hi,  0.5 si,  0.0 st
%Cpu(s): 20.9 us,  2.9 sy,  0.0 ni, 75.5 id,  0.0 wa,  0.0 hi,  0.5 si,  0.1 st
%Cpu(s): 25.9 us,  4.2 sy,  0.0 ni, 69.3 id,  0.0 wa,  0.0 hi,  0.6 si,  0.0 st
%Cpu(s): 10.4 us,  4.6 sy,  0.0 ni, 84.5 id,  0.0 wa,  0.0 hi,  0.5 si,  0.0 st
%Cpu(s):  8.2 us,  4.4 sy,  0.0 ni, 87.0 id,  0.0 wa,  0.0 hi,  0.4 si,  0.0 st
%Cpu(s):  7.9 us,  4.7 sy,  0.0 ni, 86.9 id,  0.0 wa,  0.0 hi,  0.5 si,  0.0 st
%Cpu(s):  6.2 us,  3.8 sy,  0.0 ni, 89.5 id,  0.1 wa,  0.0 hi,  0.4 si,  0.0 st
%Cpu(s):  9.2 us,  4.0 sy,  0.0 ni, 86.1 id,  0.0 wa,  0.0 hi,  0.8 si,  0.0 st
%Cpu(s):  6.8 us,  5.3 sy,  0.0 ni, 87.4 id,  0.0 wa,  0.0 hi,  0.4 si,  0.1 st
%Cpu(s):  6.1 us,  5.5 sy,  0.0 ni, 87.8 id,  0.0 wa,  0.0 hi,  0.5 si,  0.0 st
%Cpu(s):  5.4 us,  3.7 sy,  0.0 ni, 90.5 id,  0.0 wa,  0.0 hi,  0.4 si,  0.0 st
%Cpu(s):  6.7 us,  5.1 sy,  0.0 ni, 87.4 id,  0.0 wa,  0.0 hi,  0.7 si,  0.0 st
%Cpu(s):  6.1 us,  4.6 sy,  0.0 ni, 88.4 id,  0.0 wa,  0.0 hi,  0.7 si,  0.1 st
%Cpu(s):  5.6 us,  4.1 sy,  0.0 ni, 89.6 id,  0.0 wa,  0.0 hi,  0.8 si,  0.0 st
%Cpu(s):  6.6 us,  4.8 sy,  0.0 ni, 87.9 id,  0.0 wa,  0.0 hi,  0.8 si,  0.0 st
%Cpu(s): 10.6 us,  3.7 sy,  0.0 ni, 85.1 id,  0.0 wa,  0.0 hi,  0.6 si,  0.0 st
%Cpu(s):  8.5 us,  4.9 sy,  0.0 ni, 86.2 id,  0.0 wa,  0.0 hi,  0.4 si,  0.0 st
%Cpu(s):  6.6 us,  4.4 sy,  0.0 ni, 88.2 id,  0.0 wa,  0.0 hi,  0.8 si,  0.0 st
%Cpu(s): 10.4 us,  4.0 sy,  0.0 ni, 85.0 id,  0.0 wa,  0.0 hi,  0.5 si,  0.1 st
%Cpu(s):  5.4 us,  3.2 sy,  0.0 ni, 90.5 id,  0.0 wa,  0.0 hi,  0.9 si,  0.0 st
%Cpu(s): 15.0 us,  4.4 sy,  0.0 ni, 80.3 id,  0.0 wa,  0.0 hi,  0.4 si,  0.0 st
%Cpu(s):  5.1 us,  3.4 sy,  0.0 ni, 90.4 id,  0.0 wa,  0.0 hi,  1.0 si,  0.1 st
%Cpu(s):  6.1 us,  3.4 sy,  0.0 ni, 89.7 id,  0.0 wa,  0.0 hi,  0.8 si,  0.0 st
%Cpu(s):  5.9 us,  4.0 sy,  0.0 ni, 90.1 id,  0.0 wa,  0.0 hi,  0.0 si,  0.0 st
%Cpu(s):  5.4 us,  4.7 sy,  0.0 ni, 89.4 id,  0.0 wa,  0.0 hi,  0.5 si,  0.0 st
%Cpu(s):  4.9 us,  3.6 sy,  0.0 ni, 91.0 id,  0.0 wa,  0.0 hi,  0.5 si,  0.0 st
%Cpu(s):  5.3 us,  3.2 sy,  0.0 ni, 91.0 id,  0.0 wa,  0.0 hi,  0.5 si,  0.0 st
%Cpu(s):  4.3 us,  4.1 sy,  0.0 ni, 91.1 id,  0.0 wa,  0.0 hi,  0.5 si,  0.0 st
%Cpu(s):  6.3 us,  5.3 sy,  0.0 ni, 87.9 id,  0.0 wa,  0.0 hi,  0.5 si,  0.0 st
%Cpu(s):  5.5 us,  4.3 sy,  0.0 ni, 89.5 id,  0.0 wa,  0.0 hi,  0.8 si,  0.0 st
%Cpu(s):  2.1 us,  2.4 sy,  0.0 ni, 95.1 id,  0.0 wa,  0.0 hi,  0.3 si,  0.1 st
%Cpu(s):  1.8 us,  2.5 sy,  0.0 ni, 95.6 id,  0.1 wa,  0.0 hi,  0.0 si,  0.0 st
%Cpu(s):  2.1 us,  2.4 sy,  0.0 ni, 95.4 id,  0.0 wa,  0.0 hi,  0.0 si,  0.1 st
%Cpu(s):  1.1 us,  1.8 sy,  0.0 ni, 97.0 id,  0.0 wa,  0.0 hi,  0.1 si,  0.0 st
%Cpu(s):  2.4 us,  2.2 sy,  0.0 ni, 95.3 id,  0.0 wa,  0.0 hi,  0.1 si,  0.0 st
%Cpu(s):  1.5 us,  2.7 sy,  0.0 ni, 95.8 id,  0.0 wa,  0.0 hi,  0.0 si,  0.0 st
%Cpu(s):  1.3 us,  1.3 sy,  0.0 ni, 97.5 id,  0.0 wa,  0.0 hi,  0.0 si,  0.0 st
%Cpu(s):  1.9 us,  1.8 sy,  0.0 ni, 96.4 id,  0.0 wa,  0.0 hi,  0.0 si,  0.0 st
%Cpu(s):  4.7 us,  3.1 sy,  0.0 ni, 92.2 id,  0.0 wa,  0.0 hi,  0.0 si,  0.0 st
%Cpu(s):  1.7 us,  1.5 sy,  0.0 ni, 96.8 id,  0.0 wa,  0.0 hi,  0.0 si,  0.0 st
%Cpu(s):  1.6 us,  1.8 sy,  0.0 ni, 96.6 id,  0.0 wa,  0.0 hi,  0.0 si,  0.0 st
%Cpu(s):  1.6 us,  1.9 sy,  0.0 ni, 96.3 id,  0.0 wa,  0.0 hi,  0.0 si,  0.2 st
%Cpu(s):  1.9 us,  2.0 sy,  0.0 ni, 96.1 id,  0.0 wa,  0.0 hi,  0.0 si,  0.0 st
