%Cpu(s):  4.1 us,  0.6 sy,  0.0 ni, 95.2 id,  0.0 wa,  0.0 hi,  0.1 si,  0.0 st
%Cpu(s): 70.5 us,  5.4 sy,  0.0 ni, 23.9 id,  0.0 wa,  0.0 hi,  0.2 si,  0.0 st
%Cpu(s): 76.4 us,  3.7 sy,  0.0 ni, 19.6 id,  0.0 wa,  0.0 hi,  0.0 si,  0.3 st
%Cpu(s): 83.9 us,  3.1 sy,  0.0 ni, 12.9 id,  0.0 wa,  0.0 hi,  0.0 si,  0.0 st
%Cpu(s): 96.0 us,  3.2 sy,  0.0 ni,  0.7 id,  0.0 wa,  0.0 hi,  0.0 si,  0.0 st
%Cpu(s): 95.1 us,  3.2 sy,  0.0 ni,  1.5 id,  0.0 wa,  0.0 hi,  0.1 si,  0.0 st
%Cpu(s): 88.2 us,  2.8 sy,  0.0 ni,  8.8 id,  0.0 wa,  0.0 hi,  0.3 si,  0.0 st
%Cpu(s): 13.5 us,  0.9 sy,  0.0 ni, 85.5 id,  0.0 wa,  0.0 hi,  0.0 si,  0.1 st
%Cpu(s):  4.6 us,  0.7 sy,  0.0 ni, 94.7 id,  0.0 wa,  0.0 hi,  0.0 si,  0.0 st
%Cpu(s):  2.1 us,  1.1 sy,  0.0 ni, 96.0 id,  0.8 wa,  0.0 hi,  0.0 si,  0.0 st
%Cpu(s):  2.9 us,  0.8 sy,  0.0 ni, 96.4 id,  0.0 wa,  0.0 hi,  0.0 si,  0.0 st
%Cpu(s):  7.6 us,  1.4 sy,  0.0 ni, 90.8 id,  0.0 wa,  0.0 hi,  0.1 si,  0.1 st
%Cpu(s):  4.5 us,  1.7 sy,  0.0 ni, 93.8 id,  0.0 wa,  0.0 hi,  0.0 si,  0.0 st
%Cpu(s):  2.8 us,  1.5 sy,  0.0 ni, 95.6 id,  0.0 wa,  0.0 hi,  0.0 si,  0.1 st
%Cpu(s):  9.4 us,  3.5 sy,  0.0 ni, 87.0 id,  0.0 wa,  0.0 hi,  0.0 si,  0.1 st
%Cpu(s):  3.1 us,  2.7 sy,  0.0 ni, 94.0 id,  0.0 wa,  0.0 hi,  0.1 si,  0.0 st
%Cpu(s): 32.3 us,  3.7 sy,  0.0 ni, 63.9 id,  0.0 wa,  0.0 hi,  0.1 si,  0.0 st
%Cpu(s): 81.9 us,  9.9 sy,  0.0 ni,  6.2 id,  0.0 wa,  0.0 hi,  2.0 si,  0.0 st
%Cpu(s): 86.8 us, 10.1 sy,  0.0 ni,  0.5 id,  0.0 wa,  0.0 hi,  2.6 si,  0.0 st
%Cpu(s): 85.6 us, 11.2 sy,  0.0 ni,  0.4 id,  0.0 wa,  0.0 hi,  2.9 si,  0.0 st
%Cpu(s): 88.7 us,  7.7 sy,  0.0 ni,  2.1 id,  0.0 wa,  0.0 hi,  1.5 si,  0.0 st
%Cpu(s): 86.9 us,  5.5 sy,  0.0 ni,  6.5 id,  0.0 wa,  0.0 hi,  1.1 si,  0.0 st
%Cpu(s): 56.7 us,  5.2 sy,  0.0 ni, 37.1 id,  0.0 wa,  0.0 hi,  0.9 si,  0.1 st
%Cpu(s): 48.5 us,  5.8 sy,  0.0 ni, 45.0 id,  0.0 wa,  0.0 hi,  0.8 si,  0.0 st
%Cpu(s): 80.5 us,  4.4 sy,  0.0 ni, 14.5 id,  0.0 wa,  0.0 hi,  0.6 si,  0.0 st
%Cpu(s): 59.2 us,  4.5 sy,  0.0 ni, 35.2 id,  0.0 wa,  0.0 hi,  1.1 si,  0.0 st
%Cpu(s): 17.2 us,  4.9 sy,  0.0 ni, 76.6 id,  0.0 wa,  0.0 hi,  1.2 si,  0.0 st
%Cpu(s): 24.7 us,  4.7 sy,  0.0 ni, 69.9 id,  0.0 wa,  0.0 hi,  0.8 si,  0.0 st
%Cpu(s): 49.9 us,  4.9 sy,  0.0 ni, 44.4 id,  0.0 wa,  0.0 hi,  0.6 si,  0.1 st
%Cpu(s): 29.3 us,  5.3 sy,  0.0 ni, 65.0 id,  0.0 wa,  0.0 hi,  0.5 si,  0.0 st
%Cpu(s): 13.6 us,  3.2 sy,  0.0 ni, 82.5 id,  0.0 wa,  0.0 hi,  0.8 si,  0.0 st
%Cpu(s): 24.1 us,  4.8 sy,  0.0 ni, 70.2 id,  0.0 wa,  0.0 hi,  0.9 si,  0.0 st
%Cpu(s):  6.9 us,  4.8 sy,  0.0 ni, 87.4 id,  0.0 wa,  0.0 hi,  0.8 si,  0.1 st
%Cpu(s):  6.0 us,  3.8 sy,  0.0 ni, 89.7 id,  0.0 wa,  0.0 hi,  0.5 si,  0.0 st
%Cpu(s):  7.8 us,  4.5 sy,  0.0 ni, 86.6 id,  0.1 wa,  0.0 hi,  1.0 si,  0.0 st
%Cpu(s):  8.0 us,  4.9 sy,  0.0 ni, 86.4 id,  0.0 wa,  0.0 hi,  0.8 si,  0.0 st
%Cpu(s): 29.6 us,  4.8 sy,  0.0 ni, 64.8 id,  0.0 wa,  0.0 hi,  0.8 si,  0.0 st
%Cpu(s): 23.7 us,  4.9 sy,  0.0 ni, 70.5 id,  0.0 wa,  0.0 hi,  0.8 si,  0.1 st
%Cpu(s): 19.3 us,  4.0 sy,  0.0 ni, 75.9 id,  0.0 wa,  0.0 hi,  0.8 si,  0.0 st
%Cpu(s):  7.9 us,  4.5 sy,  0.0 ni, 87.0 id,  0.0 wa,  0.0 hi,  0.6 si,  0.0 st
%Cpu(s): 13.4 us,  4.1 sy,  0.0 ni, 81.9 id,  0.0 wa,  0.0 hi,  0.6 si,  0.0 st
%Cpu(s): 23.6 us,  4.8 sy,  0.0 ni, 71.2 id,  0.0 wa,  0.0 hi,  0.4 si,  0.0 st
%Cpu(s):  5.7 us,  4.3 sy,  0.0 ni, 89.4 id,  0.0 wa,  0.0 hi,  0.6 si,  0.0 st
%Cpu(s):  9.3 us,  4.9 sy,  0.0 ni, 84.9 id,  0.0 wa,  0.0 hi,  0.8 si,  0.1 st
%Cpu(s):  6.6 us,  4.3 sy,  0.0 ni, 88.5 id,  0.0 wa,  0.0 hi,  0.5 si,  0.1 st
%Cpu(s):  6.6 us,  5.0 sy,  0.0 ni, 87.9 id,  0.0 wa,  0.0 hi,  0.5 si,  0.0 st
%Cpu(s):  8.7 us,  4.1 sy,  0.0 ni, 86.3 id,  0.0 wa,  0.0 hi,  0.9 si,  0.0 st
%Cpu(s): 18.2 us,  4.5 sy,  0.0 ni, 76.4 id,  0.0 wa,  0.0 hi,  0.9 si,  0.0 st
%Cpu(s): 11.5 us,  4.8 sy,  0.0 ni, 82.7 id,  0.0 wa,  0.0 hi,  0.9 si,  0.1 st
%Cpu(s):  5.9 us,  3.8 sy,  0.0 ni, 89.3 id,  0.0 wa,  0.0 hi,  1.0 si,  0.0 st
%Cpu(s):  5.7 us,  3.8 sy,  0.0 ni, 89.7 id,  0.0 wa,  0.0 hi,  0.8 si,  0.0 st
%Cpu(s): 12.3 us,  4.0 sy,  0.0 ni, 82.8 id,  0.0 wa,  0.0 hi,  0.9 si,  0.0 st
%Cpu(s):  6.9 us,  4.0 sy,  0.0 ni, 88.1 id,  0.0 wa,  0.0 hi,  1.0 si,  0.0 st
%Cpu(s): 10.3 us,  3.7 sy,  0.0 ni, 85.6 id,  0.0 wa,  0.0 hi,  0.4 si,  0.0 st
%Cpu(s):  5.2 us,  3.7 sy,  0.0 ni, 90.2 id,  0.0 wa,  0.0 hi,  0.9 si,  0.0 st
%Cpu(s):  5.7 us,  3.3 sy,  0.0 ni, 89.8 id,  0.0 wa,  0.0 hi,  1.0 si,  0.1 st
%Cpu(s): 11.1 us,  4.3 sy,  0.0 ni, 84.3 id,  0.0 wa,  0.0 hi,  0.4 si,  0.0 st
%Cpu(s):  8.5 us,  3.5 sy,  0.0 ni, 87.8 id,  0.0 wa,  0.0 hi,  0.3 si,  0.0 st
%Cpu(s):  5.1 us,  3.8 sy,  0.0 ni, 90.4 id,  0.0 wa,  0.0 hi,  0.6 si,  0.0 st
%Cpu(s):  5.7 us,  3.7 sy,  0.0 ni, 89.4 id,  0.1 wa,  0.0 hi,  1.0 si,  0.0 st
%Cpu(s):  4.5 us,  3.6 sy,  0.0 ni, 91.1 id,  0.0 wa,  0.0 hi,  0.8 si,  0.0 st
%Cpu(s):  2.8 us,  2.3 sy,  0.0 ni, 94.5 id,  0.0 wa,  0.0 hi,  0.4 si,  0.1 st
%Cpu(s):  1.0 us,  1.8 sy,  0.0 ni, 97.2 id,  0.0 wa,  0.0 hi,  0.0 si,  0.0 st
%Cpu(s):  1.9 us,  1.5 sy,  0.0 ni, 96.5 id,  0.0 wa,  0.0 hi,  0.0 si,  0.1 st
%Cpu(s):  1.9 us,  1.3 sy,  0.0 ni, 96.9 id,  0.0 wa,  0.0 hi,  0.0 si,  0.0 st
%Cpu(s):  1.3 us,  1.4 sy,  0.0 ni, 97.2 id,  0.0 wa,  0.0 hi,  0.0 si,  0.1 st
%Cpu(s):  2.3 us,  1.1 sy,  0.0 ni, 96.6 id,  0.0 wa,  0.0 hi,  0.0 si,  0.0 st
%Cpu(s):  1.1 us,  1.0 sy,  0.0 ni, 97.7 id,  0.0 wa,  0.0 hi,  0.0 si,  0.1 st
%Cpu(s):  0.9 us,  1.1 sy,  0.0 ni, 98.0 id,  0.0 wa,  0.0 hi,  0.0 si,  0.0 st
%Cpu(s):  1.8 us,  1.4 sy,  0.0 ni, 96.9 id,  0.0 wa,  0.0 hi,  0.0 si,  0.0 st
%Cpu(s):  2.6 us,  1.4 sy,  0.0 ni, 96.0 id,  0.0 wa,  0.0 hi,  0.0 si,  0.0 st
%Cpu(s):  1.1 us,  1.4 sy,  0.0 ni, 97.4 id,  0.0 wa,  0.0 hi,  0.0 si,  0.1 st
%Cpu(s):  2.1 us,  1.4 sy,  0.0 ni, 96.5 id,  0.0 wa,  0.0 hi,  0.0 si,  0.0 st
%Cpu(s):  1.4 us,  1.7 sy,  0.0 ni, 96.6 id,  0.0 wa,  0.0 hi,  0.1 si,  0.1 st
%Cpu(s):  1.8 us,  1.2 sy,  0.0 ni, 97.0 id,  0.0 wa,  0.0 hi,  0.0 si,  0.0 st
%Cpu(s):  1.0 us,  1.1 sy,  0.0 ni, 97.9 id,  0.0 wa,  0.0 hi,  0.0 si,  0.0 st
%Cpu(s):  3.5 us,  1.5 sy,  0.0 ni, 95.0 id,  0.0 wa,  0.0 hi,  0.0 si,  0.0 st
%Cpu(s):  7.8 us,  1.6 sy,  0.0 ni, 90.5 id,  0.0 wa,  0.0 hi,  0.0 si,  0.1 st
%Cpu(s):  1.9 us,  1.9 sy,  0.0 ni, 96.3 id,  0.0 wa,  0.0 hi,  0.0 si,  0.0 st
%Cpu(s):  2.6 us,  1.2 sy,  0.0 ni, 96.1 id,  0.0 wa,  0.0 hi,  0.0 si,  0.0 st
%Cpu(s):  1.5 us,  2.0 sy,  0.0 ni, 96.5 id,  0.0 wa,  0.0 hi,  0.0 si,  0.0 st
%Cpu(s):  2.4 us,  2.0 sy,  0.0 ni, 95.5 id,  0.0 wa,  0.0 hi,  0.0 si,  0.1 st
