%Cpu(s):  0.1 us,  0.0 sy,  0.0 ni, 99.8 id,  0.0 wa,  0.0 hi,  0.0 si,  0.0 st
%Cpu(s): 42.3 us,  5.0 sy,  0.0 ni, 52.5 id,  0.0 wa,  0.0 hi,  0.1 si,  0.0 st
%Cpu(s): 82.3 us,  3.9 sy,  0.0 ni, 13.6 id,  0.1 wa,  0.0 hi,  0.0 si,  0.1 st
%Cpu(s): 76.0 us,  2.5 sy,  0.0 ni, 21.4 id,  0.1 wa,  0.0 hi,  0.0 si,  0.0 st
%Cpu(s): 95.8 us,  2.5 sy,  0.0 ni,  1.6 id,  0.0 wa,  0.0 hi,  0.0 si,  0.1 st
%Cpu(s): 96.1 us,  2.4 sy,  0.0 ni,  1.5 id,  0.0 wa,  0.0 hi,  0.0 si,  0.0 st
%Cpu(s): 78.3 us,  2.1 sy,  0.0 ni, 19.4 id,  0.1 wa,  0.0 hi,  0.0 si,  0.0 st
%Cpu(s): 12.2 us,  1.4 sy,  0.0 ni, 86.3 id,  0.0 wa,  0.0 hi,  0.1 si,  0.0 st
%Cpu(s):  4.8 us,  1.5 sy,  0.0 ni, 93.4 id,  0.0 wa,  0.0 hi,  0.1 si,  0.3 st
%Cpu(s): 11.6 us,  1.9 sy,  0.0 ni, 86.2 id,  0.0 wa,  0.0 hi,  0.1 si,  0.2 st
%Cpu(s):  3.9 us,  2.3 sy,  0.0 ni, 93.6 id,  0.0 wa,  0.0 hi,  0.0 si,  0.3 st
%Cpu(s):  2.8 us,  2.3 sy,  0.0 ni, 94.9 id,  0.0 wa,  0.0 hi,  0.0 si,  0.1 st
%Cpu(s):  2.5 us,  1.8 sy,  0.0 ni, 95.2 id,  0.3 wa,  0.0 hi,  0.1 si,  0.1 st
%Cpu(s):  2.2 us,  2.1 sy,  0.0 ni, 95.5 id,  0.0 wa,  0.0 hi,  0.0 si,  0.1 st
%Cpu(s):  5.9 us,  2.4 sy,  0.0 ni, 91.5 id,  0.0 wa,  0.0 hi,  0.0 si,  0.2 st
%Cpu(s):  2.7 us,  2.2 sy,  0.0 ni, 94.8 id,  0.0 wa,  0.0 hi,  0.0 si,  0.2 st
%Cpu(s):  6.9 us,  1.6 sy,  0.0 ni, 91.3 id,  0.0 wa,  0.0 hi,  0.0 si,  0.1 st
%Cpu(s): 38.5 us,  4.6 sy,  0.0 ni, 56.3 id,  0.0 wa,  0.0 hi,  0.5 si,  0.1 st
%Cpu(s): 58.4 us,  5.5 sy,  0.0 ni, 35.2 id,  0.0 wa,  0.0 hi,  0.9 si,  0.0 st
%Cpu(s): 73.6 us,  5.0 sy,  0.0 ni, 20.0 id,  0.0 wa,  0.0 hi,  1.4 si,  0.0 st
%Cpu(s): 69.6 us,  4.5 sy,  0.0 ni, 25.2 id,  0.0 wa,  0.0 hi,  0.8 si,  0.0 st
%Cpu(s): 30.5 us,  4.0 sy,  0.0 ni, 65.0 id,  0.0 wa,  0.0 hi,  0.4 si,  0.1 st
%Cpu(s): 10.2 us,  5.8 sy,  0.0 ni, 83.0 id,  0.0 wa,  0.0 hi,  1.0 si,  0.0 st
%Cpu(s):  8.9 us,  5.8 sy,  0.0 ni, 84.9 id,  0.0 wa,  0.0 hi,  0.5 si,  0.0 st
%Cpu(s):  9.6 us,  5.4 sy,  0.0 ni, 84.4 id,  0.0 wa,  0.0 hi,  0.5 si,  0.1 st
%Cpu(s): 10.1 us,  5.6 sy,  0.0 ni, 83.8 id,  0.0 wa,  0.0 hi,  0.5 si,  0.0 st
%Cpu(s):  9.3 us,  3.6 sy,  0.0 ni, 86.3 id,  0.0 wa,  0.0 hi,  0.8 si,  0.0 st
%Cpu(s): 11.5 us,  4.9 sy,  0.0 ni, 82.5 id,  0.0 wa,  0.0 hi,  1.0 si,  0.1 st
%Cpu(s): 38.0 us,  5.3 sy,  0.0 ni, 56.0 id,  0.0 wa,  0.0 hi,  0.8 si,  0.0 st
%Cpu(s): 18.3 us,  4.1 sy,  0.0 ni, 76.9 id,  0.0 wa,  0.0 hi,  0.8 si,  0.0 st
%Cpu(s):  9.2 us,  5.2 sy,  0.0 ni, 85.0 id,  0.0 wa,  0.0 hi,  0.5 si,  0.1 st
%Cpu(s):  9.9 us,  5.4 sy,  0.0 ni, 83.7 id,  0.0 wa,  0.0 hi,  1.0 si,  0.0 st
%Cpu(s): 25.8 us,  5.5 sy,  0.0 ni, 68.0 id,  0.0 wa,  0.0 hi,  0.8 si,  0.0 st
%Cpu(s): 15.2 us,  5.3 sy,  0.0 ni, 78.5 id,  0.0 wa,  0.0 hi,  1.0 si,  0.0 st
%Cpu(s):  5.9 us,  4.3 sy,  0.0 ni, 88.4 id,  0.0 wa,  0.0 hi,  1.3 si,  0.1 st
%Cpu(s):  9.2 us,  4.1 sy,  0.0 ni, 85.9 id,  0.0 wa,  0.0 hi,  0.9 si,  0.0 st
%Cpu(s):  9.4 us,  4.0 sy,  0.0 ni, 86.0 id,  0.0 wa,  0.0 hi,  0.5 si,  0.1 st
%Cpu(s):  7.5 us,  6.1 sy,  0.0 ni, 85.2 id,  0.4 wa,  0.0 hi,  0.7 si,  0.1 st
%Cpu(s):  7.3 us,  4.3 sy,  0.0 ni, 87.4 id,  0.0 wa,  0.0 hi,  1.0 si,  0.0 st
%Cpu(s):  8.2 us,  3.8 sy,  0.0 ni, 87.3 id,  0.0 wa,  0.0 hi,  0.6 si,  0.0 st
%Cpu(s): 15.5 us,  3.5 sy,  0.0 ni, 80.4 id,  0.1 wa,  0.0 hi,  0.5 si,  0.0 st
%Cpu(s):  6.5 us,  4.3 sy,  0.0 ni, 88.5 id,  0.0 wa,  0.0 hi,  0.8 si,  0.0 st
%Cpu(s):  6.6 us,  3.9 sy,  0.0 ni, 88.7 id,  0.0 wa,  0.0 hi,  0.8 si,  0.0 st
%Cpu(s):  6.9 us,  5.2 sy,  0.0 ni, 86.8 id,  0.0 wa,  0.0 hi,  1.0 si,  0.1 st
%Cpu(s):  6.6 us,  5.2 sy,  0.0 ni, 87.8 id,  0.0 wa,  0.0 hi,  0.5 si,  0.0 st
%Cpu(s):  6.3 us,  6.1 sy,  0.0 ni, 86.7 id,  0.0 wa,  0.0 hi,  0.7 si,  0.1 st
%Cpu(s):  6.1 us,  4.4 sy,  0.0 ni, 89.0 id,  0.0 wa,  0.0 hi,  0.5 si,  0.0 st
%Cpu(s): 11.7 us,  4.3 sy,  0.0 ni, 83.3 id,  0.0 wa,  0.0 hi,  0.6 si,  0.0 st
%Cpu(s):  7.0 us,  5.3 sy,  0.0 ni, 86.8 id,  0.0 wa,  0.0 hi,  0.8 si,  0.1 st
%Cpu(s):  6.7 us,  4.6 sy,  0.0 ni, 87.8 id,  0.0 wa,  0.0 hi,  0.9 si,  0.0 st
%Cpu(s): 10.2 us,  3.6 sy,  0.0 ni, 85.8 id,  0.0 wa,  0.0 hi,  0.4 si,  0.0 st
%Cpu(s):  7.7 us,  4.9 sy,  0.0 ni, 86.5 id,  0.0 wa,  0.0 hi,  0.9 si,  0.0 st
%Cpu(s):  5.8 us,  4.9 sy,  0.0 ni, 88.0 id,  0.0 wa,  0.0 hi,  1.3 si,  0.0 st
%Cpu(s):  6.2 us,  5.2 sy,  0.0 ni, 87.6 id,  0.0 wa,  0.0 hi,  1.0 si,  0.0 st
%Cpu(s):  6.2 us,  5.2 sy,  0.0 ni, 87.7 id,  0.0 wa,  0.0 hi,  0.8 si,  0.1 st
%Cpu(s):  6.5 us,  5.3 sy,  0.0 ni, 87.5 id,  0.0 wa,  0.0 hi,  0.6 si,  0.0 st
%Cpu(s):  5.1 us,  3.7 sy,  0.0 ni, 90.0 id,  0.0 wa,  0.0 hi,  0.9 si,  0.3 st
%Cpu(s):  6.5 us,  5.3 sy,  0.0 ni, 87.2 id,  0.0 wa,  0.0 hi,  1.0 si,  0.0 st
%Cpu(s):  6.0 us,  4.8 sy,  0.0 ni, 88.4 id,  0.0 wa,  0.0 hi,  0.8 si,  0.0 st
%Cpu(s):  5.0 us,  4.5 sy,  0.0 ni, 89.8 id,  0.0 wa,  0.0 hi,  0.6 si,  0.0 st
%Cpu(s):  6.9 us,  3.8 sy,  0.0 ni, 88.6 id,  0.0 wa,  0.0 hi,  0.6 si,  0.0 st
%Cpu(s):  2.9 us,  2.5 sy,  0.0 ni, 94.1 id,  0.0 wa,  0.0 hi,  0.5 si,  0.0 st
%Cpu(s):  1.2 us,  2.2 sy,  0.0 ni, 95.5 id,  0.7 wa,  0.0 hi,  0.0 si,  0.2 st
%Cpu(s):  2.5 us,  3.1 sy,  0.0 ni, 94.3 id,  0.0 wa,  0.0 hi,  0.0 si,  0.1 st
%Cpu(s):  2.2 us,  2.6 sy,  0.0 ni, 95.1 id,  0.0 wa,  0.0 hi,  0.0 si,  0.0 st
%Cpu(s):  1.6 us,  3.0 sy,  0.0 ni, 95.3 id,  0.0 wa,  0.0 hi,  0.0 si,  0.1 st
%Cpu(s):  2.8 us,  3.2 sy,  0.0 ni, 93.7 id,  0.0 wa,  0.0 hi,  0.0 si,  0.2 st
%Cpu(s):  2.0 us,  2.6 sy,  0.0 ni, 95.3 id,  0.0 wa,  0.0 hi,  0.0 si,  0.1 st
%Cpu(s):  6.5 us,  2.6 sy,  0.0 ni, 90.7 id,  0.0 wa,  0.0 hi,  0.1 si,  0.1 st
%Cpu(s):  6.7 us,  2.4 sy,  0.0 ni, 90.6 id,  0.0 wa,  0.0 hi,  0.0 si,  0.2 st
%Cpu(s):  2.4 us,  2.0 sy,  0.0 ni, 95.4 id,  0.1 wa,  0.0 hi,  0.0 si,  0.1 st
