%Cpu(s):  6.2 us,  0.8 sy,  0.0 ni, 92.9 id,  0.0 wa,  0.0 hi,  0.1 si,  0.0 st
%Cpu(s): 11.6 us,  3.3 sy,  0.0 ni, 84.3 id,  0.0 wa,  0.0 hi,  0.5 si,  0.3 st
%Cpu(s): 12.3 us,  4.0 sy,  0.0 ni, 83.5 id,  0.0 wa,  0.0 hi,  0.1 si,  0.0 st
%Cpu(s): 10.5 us,  4.2 sy,  0.0 ni, 84.7 id,  0.0 wa,  0.0 hi,  0.4 si,  0.2 st
%Cpu(s):  8.8 us,  4.7 sy,  0.0 ni, 86.1 id,  0.0 wa,  0.0 hi,  0.3 si,  0.1 st
%Cpu(s):  6.9 us,  4.7 sy,  0.0 ni, 88.0 id,  0.0 wa,  0.0 hi,  0.3 si,  0.1 st
%Cpu(s):  4.9 us,  4.9 sy,  0.0 ni, 89.6 id,  0.0 wa,  0.0 hi,  0.1 si,  0.4 st
%Cpu(s):  5.2 us,  4.0 sy,  0.0 ni, 90.8 id,  0.0 wa,  0.0 hi,  0.0 si,  0.0 st
%Cpu(s):  7.1 us,  3.7 sy,  0.0 ni, 88.9 id,  0.0 wa,  0.0 hi,  0.1 si,  0.3 st
%Cpu(s): 73.2 us,  4.5 sy,  0.0 ni, 21.9 id,  0.0 wa,  0.0 hi,  0.4 si,  0.0 st
%Cpu(s): 80.7 us,  6.5 sy,  0.0 ni, 11.7 id,  0.1 wa,  0.0 hi,  1.0 si,  0.0 st
%Cpu(s): 92.5 us,  5.7 sy,  0.0 ni,  0.7 id,  0.0 wa,  0.0 hi,  1.0 si,  0.0 st
%Cpu(s): 78.0 us,  5.3 sy,  0.0 ni, 15.4 id,  0.0 wa,  0.0 hi,  1.3 si,  0.1 st
%Cpu(s): 40.4 us,  3.9 sy,  0.0 ni, 54.5 id,  0.0 wa,  0.0 hi,  1.3 si,  0.0 st
%Cpu(s): 64.5 us,  4.1 sy,  0.0 ni, 30.6 id,  0.0 wa,  0.0 hi,  0.8 si,  0.0 st
%Cpu(s): 68.8 us,  4.3 sy,  0.0 ni, 26.1 id,  0.0 wa,  0.0 hi,  0.8 si,  0.0 st
%Cpu(s): 43.4 us,  4.2 sy,  0.0 ni, 51.7 id,  0.0 wa,  0.0 hi,  0.6 si,  0.0 st
%Cpu(s): 45.0 us,  4.6 sy,  0.0 ni, 49.3 id,  0.0 wa,  0.0 hi,  1.1 si,  0.0 st
%Cpu(s): 50.3 us,  3.3 sy,  0.0 ni, 45.3 id,  0.0 wa,  0.0 hi,  1.0 si,  0.1 st
%Cpu(s): 79.6 us,  5.0 sy,  0.0 ni, 14.2 id,  0.0 wa,  0.0 hi,  1.1 si,  0.0 st
%Cpu(s): 72.1 us,  4.8 sy,  0.0 ni, 22.0 id,  0.0 wa,  0.0 hi,  1.1 si,  0.0 st
%Cpu(s): 59.2 us,  4.5 sy,  0.0 ni, 35.6 id,  0.0 wa,  0.0 hi,  0.6 si,  0.1 st
%Cpu(s): 24.7 us,  4.4 sy,  0.0 ni, 69.6 id,  0.0 wa,  0.0 hi,  1.3 si,  0.0 st
%Cpu(s): 16.3 us,  4.6 sy,  0.0 ni, 78.5 id,  0.0 wa,  0.0 hi,  0.6 si,  0.0 st
%Cpu(s): 22.5 us,  5.1 sy,  0.0 ni, 71.9 id,  0.0 wa,  0.0 hi,  0.5 si,  0.0 st
%Cpu(s): 31.4 us,  4.5 sy,  0.0 ni, 63.5 id,  0.0 wa,  0.0 hi,  0.5 si,  0.0 st
%Cpu(s): 25.5 us,  4.4 sy,  0.0 ni, 69.1 id,  0.0 wa,  0.0 hi,  1.0 si,  0.0 st
%Cpu(s): 24.2 us,  4.5 sy,  0.0 ni, 70.6 id,  0.0 wa,  0.0 hi,  0.6 si,  0.1 st
%Cpu(s): 15.4 us,  4.4 sy,  0.0 ni, 79.5 id,  0.0 wa,  0.0 hi,  0.6 si,  0.0 st
%Cpu(s): 15.9 us,  5.1 sy,  0.0 ni, 78.7 id,  0.0 wa,  0.0 hi,  0.3 si,  0.1 st
%Cpu(s): 17.8 us,  5.2 sy,  0.0 ni, 75.9 id,  0.0 wa,  0.0 hi,  1.1 si,  0.0 st
%Cpu(s): 13.9 us,  5.4 sy,  0.0 ni, 79.9 id,  0.0 wa,  0.0 hi,  0.8 si,  0.0 st
%Cpu(s): 23.9 us,  5.8 sy,  0.0 ni, 69.0 id,  0.0 wa,  0.0 hi,  1.1 si,  0.1 st
%Cpu(s): 44.0 us,  4.3 sy,  0.0 ni, 51.1 id,  0.0 wa,  0.0 hi,  0.6 si,  0.0 st
%Cpu(s): 26.4 us,  5.5 sy,  0.0 ni, 67.4 id,  0.0 wa,  0.0 hi,  0.6 si,  0.0 st
%Cpu(s): 39.2 us,  5.0 sy,  0.0 ni, 54.9 id,  0.0 wa,  0.0 hi,  0.9 si,  0.1 st
%Cpu(s): 35.6 us,  5.0 sy,  0.0 ni, 58.3 id,  0.0 wa,  0.0 hi,  1.1 si,  0.0 st
%Cpu(s): 17.0 us,  5.3 sy,  0.0 ni, 77.2 id,  0.0 wa,  0.0 hi,  0.5 si,  0.0 st
%Cpu(s): 35.5 us,  5.5 sy,  0.0 ni, 58.3 id,  0.0 wa,  0.0 hi,  0.6 si,  0.0 st
%Cpu(s): 17.5 us,  5.2 sy,  0.0 ni, 76.7 id,  0.0 wa,  0.0 hi,  0.6 si,  0.0 st
%Cpu(s): 17.5 us,  4.7 sy,  0.0 ni, 77.3 id,  0.0 wa,  0.0 hi,  0.5 si,  0.0 st
%Cpu(s): 13.9 us,  4.9 sy,  0.0 ni, 80.4 id,  0.0 wa,  0.0 hi,  0.6 si,  0.1 st
%Cpu(s): 21.5 us,  4.8 sy,  0.0 ni, 73.1 id,  0.0 wa,  0.0 hi,  0.6 si,  0.0 st
%Cpu(s): 30.6 us,  3.8 sy,  0.0 ni, 64.9 id,  0.0 wa,  0.0 hi,  0.8 si,  0.0 st
%Cpu(s): 16.0 us,  5.0 sy,  0.0 ni, 78.2 id,  0.0 wa,  0.0 hi,  0.6 si,  0.1 st
%Cpu(s):  9.5 us,  4.1 sy,  0.0 ni, 85.2 id,  0.1 wa,  0.0 hi,  1.1 si,  0.0 st
%Cpu(s):  7.8 us,  5.2 sy,  0.0 ni, 86.5 id,  0.0 wa,  0.0 hi,  0.5 si,  0.0 st
%Cpu(s):  8.3 us,  5.5 sy,  0.0 ni, 85.4 id,  0.0 wa,  0.0 hi,  0.8 si,  0.1 st
%Cpu(s): 10.0 us,  5.2 sy,  0.0 ni, 84.2 id,  0.0 wa,  0.0 hi,  0.6 si,  0.0 st
%Cpu(s):  9.9 us,  5.2 sy,  0.0 ni, 84.2 id,  0.0 wa,  0.0 hi,  0.8 si,  0.0 st
%Cpu(s):  9.4 us,  5.1 sy,  0.0 ni, 84.8 id,  0.1 wa,  0.0 hi,  0.5 si,  0.1 st
%Cpu(s): 14.6 us,  5.3 sy,  0.0 ni, 79.7 id,  0.0 wa,  0.0 hi,  0.4 si,  0.0 st
%Cpu(s):  9.3 us,  5.4 sy,  0.0 ni, 84.8 id,  0.0 wa,  0.0 hi,  0.5 si,  0.0 st
%Cpu(s): 10.0 us,  5.5 sy,  0.0 ni, 83.9 id,  0.0 wa,  0.0 hi,  0.6 si,  0.0 st
%Cpu(s):  8.2 us,  5.6 sy,  0.0 ni, 85.4 id,  0.0 wa,  0.0 hi,  0.9 si,  0.0 st
%Cpu(s):  9.3 us,  5.7 sy,  0.0 ni, 84.3 id,  0.0 wa,  0.0 hi,  0.5 si,  0.1 st
%Cpu(s):  9.2 us,  5.1 sy,  0.0 ni, 84.9 id,  0.0 wa,  0.0 hi,  0.8 si,  0.0 st
%Cpu(s):  7.4 us,  5.1 sy,  0.0 ni, 86.5 id,  0.0 wa,  0.0 hi,  0.9 si,  0.1 st
%Cpu(s): 12.3 us,  4.9 sy,  0.0 ni, 82.0 id,  0.0 wa,  0.0 hi,  0.8 si,  0.0 st
%Cpu(s): 12.9 us,  5.7 sy,  0.0 ni, 80.8 id,  0.0 wa,  0.0 hi,  0.6 si,  0.0 st
%Cpu(s): 25.0 us,  5.1 sy,  0.0 ni, 69.2 id,  0.0 wa,  0.0 hi,  0.7 si,  0.0 st
%Cpu(s):  9.9 us,  4.8 sy,  0.0 ni, 85.1 id,  0.0 wa,  0.0 hi,  0.2 si,  0.0 st
%Cpu(s):  3.7 us,  3.4 sy,  0.0 ni, 92.6 id,  0.0 wa,  0.0 hi,  0.1 si,  0.3 st
%Cpu(s):  4.3 us,  3.3 sy,  0.0 ni, 92.2 id,  0.0 wa,  0.0 hi,  0.0 si,  0.3 st
%Cpu(s):  4.2 us,  4.0 sy,  0.0 ni, 91.5 id,  0.0 wa,  0.0 hi,  0.1 si,  0.1 st
%Cpu(s): 14.0 us,  4.2 sy,  0.0 ni, 81.6 id,  0.0 wa,  0.0 hi,  0.0 si,  0.1 st
%Cpu(s): 69.3 us,  2.0 sy,  0.0 ni, 28.7 id,  0.0 wa,  0.0 hi,  0.0 si,  0.0 st
%Cpu(s): 12.1 us,  2.0 sy,  0.0 ni, 85.6 id,  0.0 wa,  0.0 hi,  0.1 si,  0.1 st
%Cpu(s):  5.1 us,  4.2 sy,  0.0 ni, 90.5 id,  0.0 wa,  0.0 hi,  0.1 si,  0.1 st
%Cpu(s):  5.9 us,  4.4 sy,  0.0 ni, 89.5 id,  0.0 wa,  0.0 hi,  0.0 si,  0.3 st
%Cpu(s):  6.3 us,  4.4 sy,  0.0 ni, 89.1 id,  0.1 wa,  0.0 hi,  0.0 si,  0.1 st
%Cpu(s):  6.7 us,  4.8 sy,  0.0 ni, 88.2 id,  0.1 wa,  0.0 hi,  0.0 si,  0.1 st
