%Cpu(s):  0.0 us,  0.0 sy,  0.0 ni, 99.9 id,  0.0 wa,  0.0 hi,  0.0 si,  0.0 st
%Cpu(s):  0.4 us,  0.1 sy,  0.0 ni, 99.5 id,  0.0 wa,  0.0 hi,  0.0 si,  0.0 st
%Cpu(s):  3.6 us,  1.9 sy,  0.0 ni, 94.4 id,  0.1 wa,  0.0 hi,  0.0 si,  0.0 st
%Cpu(s): 76.9 us,  5.7 sy,  0.0 ni, 17.3 id,  0.0 wa,  0.0 hi,  0.0 si,  0.1 st
%Cpu(s): 75.1 us,  3.3 sy,  0.0 ni, 21.4 id,  0.0 wa,  0.0 hi,  0.1 si,  0.1 st
%Cpu(s): 88.6 us,  2.9 sy,  0.0 ni,  8.6 id,  0.0 wa,  0.0 hi,  0.0 si,  0.0 st
%Cpu(s): 94.5 us,  3.0 sy,  0.0 ni,  2.4 id,  0.1 wa,  0.0 hi,  0.0 si,  0.0 st
%Cpu(s): 94.6 us,  3.2 sy,  0.0 ni,  2.0 id,  0.0 wa,  0.0 hi,  0.1 si,  0.0 st
%Cpu(s): 23.5 us,  2.3 sy,  0.0 ni, 74.0 id,  0.0 wa,  0.0 hi,  0.3 si,  0.0 st
%Cpu(s):  8.9 us,  2.1 sy,  0.0 ni, 88.7 id,  0.0 wa,  0.0 hi,  0.0 si,  0.3 st
%Cpu(s):  5.5 us,  2.3 sy,  0.0 ni, 92.1 id,  0.0 wa,  0.0 hi,  0.0 si,  0.1 st
%Cpu(s):  5.1 us,  2.4 sy,  0.0 ni, 92.1 id,  0.0 wa,  0.0 hi,  0.0 si,  0.4 st
%Cpu(s): 10.4 us,  2.0 sy,  0.0 ni, 87.5 id,  0.0 wa,  0.0 hi,  0.0 si,  0.1 st
%Cpu(s):  7.8 us,  0.9 sy,  0.0 ni, 91.0 id,  0.0 wa,  0.0 hi,  0.0 si,  0.3 st
%Cpu(s):  3.5 us,  2.2 sy,  0.0 ni, 94.1 id,  0.0 wa,  0.0 hi,  0.0 si,  0.3 st
%Cpu(s):  4.3 us,  1.8 sy,  0.0 ni, 93.7 id,  0.0 wa,  0.0 hi,  0.0 si,  0.3 st
%Cpu(s):  4.8 us,  2.5 sy,  0.0 ni, 92.6 id,  0.0 wa,  0.0 hi,  0.0 si,  0.1 st
%Cpu(s):  8.2 us,  2.4 sy,  0.0 ni, 89.2 id,  0.0 wa,  0.0 hi,  0.1 si,  0.1 st
%Cpu(s): 75.0 us,  6.1 sy,  0.0 ni, 17.6 id,  0.0 wa,  0.0 hi,  1.2 si,  0.0 st
%Cpu(s): 87.2 us,  9.0 sy,  0.0 ni,  1.7 id,  0.0 wa,  0.0 hi,  2.1 si,  0.0 st
%Cpu(s): 87.5 us,  9.7 sy,  0.0 ni,  0.4 id,  0.0 wa,  0.0 hi,  2.4 si,  0.0 st
%Cpu(s): 90.9 us,  6.2 sy,  0.0 ni,  0.7 id,  0.0 wa,  0.0 hi,  2.1 si,  0.0 st
%Cpu(s): 92.0 us,  6.2 sy,  0.0 ni,  0.5 id,  0.0 wa,  0.0 hi,  1.2 si,  0.0 st
%Cpu(s): 55.2 us,  4.9 sy,  0.0 ni, 38.7 id,  0.0 wa,  0.0 hi,  1.1 si,  0.1 st
%Cpu(s): 42.1 us,  4.7 sy,  0.0 ni, 52.3 id,  0.0 wa,  0.0 hi,  0.9 si,  0.0 st
%Cpu(s): 38.8 us,  4.5 sy,  0.0 ni, 55.6 id,  0.0 wa,  0.0 hi,  0.9 si,  0.1 st
%Cpu(s): 26.7 us,  4.4 sy,  0.0 ni, 68.1 id,  0.0 wa,  0.0 hi,  0.9 si,  0.0 st
%Cpu(s): 15.9 us,  4.8 sy,  0.0 ni, 78.8 id,  0.0 wa,  0.0 hi,  0.5 si,  0.0 st
%Cpu(s): 41.1 us,  4.3 sy,  0.0 ni, 53.3 id,  0.0 wa,  0.0 hi,  1.3 si,  0.0 st
%Cpu(s): 42.7 us,  3.7 sy,  0.0 ni, 52.9 id,  0.0 wa,  0.0 hi,  0.6 si,  0.1 st
%Cpu(s): 15.1 us,  4.8 sy,  0.0 ni, 78.4 id,  0.1 wa,  0.0 hi,  1.2 si,  0.2 st
%Cpu(s): 14.0 us,  5.0 sy,  0.0 ni, 80.1 id,  0.0 wa,  0.0 hi,  0.9 si,  0.0 st
%Cpu(s): 14.0 us,  5.2 sy,  0.0 ni, 80.0 id,  0.0 wa,  0.0 hi,  0.8 si,  0.0 st
%Cpu(s):  9.7 us,  5.6 sy,  0.0 ni, 83.7 id,  0.0 wa,  0.0 hi,  1.0 si,  0.0 st
%Cpu(s): 15.5 us,  4.6 sy,  0.0 ni, 79.0 id,  0.0 wa,  0.0 hi,  0.9 si,  0.0 st
%Cpu(s): 21.6 us,  4.3 sy,  0.0 ni, 73.5 id,  0.1 wa,  0.0 hi,  0.4 si,  0.1 st
%Cpu(s): 17.7 us,  3.8 sy,  0.0 ni, 77.5 id,  0.0 wa,  0.0 hi,  0.9 si,  0.1 st
%Cpu(s): 14.8 us,  4.8 sy,  0.0 ni, 79.8 id,  0.0 wa,  0.0 hi,  0.6 si,  0.0 st
%Cpu(s): 12.4 us,  5.2 sy,  0.0 ni, 81.3 id,  0.0 wa,  0.0 hi,  1.1 si,  0.0 st
%Cpu(s): 11.4 us,  4.7 sy,  0.0 ni, 82.8 id,  0.0 wa,  0.0 hi,  1.0 si,  0.1 st
%Cpu(s):  6.7 us,  4.8 sy,  0.0 ni, 87.5 id,  0.0 wa,  0.0 hi,  0.9 si,  0.0 st
%Cpu(s): 10.3 us,  5.8 sy,  0.0 ni, 83.1 id,  0.0 wa,  0.0 hi,  0.8 si,  0.1 st
%Cpu(s): 20.3 us,  5.1 sy,  0.0 ni, 73.9 id,  0.0 wa,  0.0 hi,  0.6 si,  0.0 st
%Cpu(s): 10.5 us,  5.0 sy,  0.0 ni, 83.3 id,  0.0 wa,  0.0 hi,  1.1 si,  0.1 st
%Cpu(s): 15.9 us,  5.2 sy,  0.0 ni, 77.8 id,  0.0 wa,  0.0 hi,  1.0 si,  0.0 st
%Cpu(s): 12.5 us,  3.8 sy,  0.0 ni, 82.8 id,  0.0 wa,  0.0 hi,  0.8 si,  0.1 st
%Cpu(s):  7.7 us,  4.1 sy,  0.0 ni, 87.5 id,  0.0 wa,  0.0 hi,  0.6 si,  0.0 st
%Cpu(s): 16.8 us,  4.5 sy,  0.0 ni, 78.0 id,  0.0 wa,  0.0 hi,  0.6 si,  0.1 st
%Cpu(s): 14.6 us,  5.1 sy,  0.0 ni, 79.6 id,  0.0 wa,  0.0 hi,  0.8 si,  0.0 st
%Cpu(s): 14.4 us,  4.2 sy,  0.0 ni, 80.6 id,  0.0 wa,  0.0 hi,  0.8 si,  0.1 st
%Cpu(s):  9.5 us,  5.0 sy,  0.0 ni, 84.4 id,  0.0 wa,  0.0 hi,  1.1 si,  0.0 st
%Cpu(s): 13.0 us,  4.1 sy,  0.0 ni, 82.0 id,  0.0 wa,  0.0 hi,  1.0 si,  0.0 st
%Cpu(s): 12.4 us,  4.5 sy,  0.0 ni, 82.1 id,  0.0 wa,  0.0 hi,  0.9 si,  0.1 st
%Cpu(s):  9.0 us,  4.6 sy,  0.0 ni, 85.6 id,  0.0 wa,  0.0 hi,  0.8 si,  0.1 st
%Cpu(s): 10.2 us,  5.9 sy,  0.0 ni, 83.0 id,  0.0 wa,  0.0 hi,  0.9 si,  0.0 st
%Cpu(s): 10.9 us,  4.3 sy,  0.0 ni, 83.8 id,  0.0 wa,  0.0 hi,  0.9 si,  0.1 st
%Cpu(s): 13.1 us,  4.9 sy,  0.0 ni, 81.6 id,  0.0 wa,  0.0 hi,  0.5 si,  0.0 st
%Cpu(s): 11.1 us,  4.9 sy,  0.0 ni, 83.4 id,  0.0 wa,  0.0 hi,  0.6 si,  0.0 st
%Cpu(s):  9.1 us,  4.9 sy,  0.0 ni, 85.3 id,  0.0 wa,  0.0 hi,  0.6 si,  0.1 st
%Cpu(s):  7.8 us,  5.6 sy,  0.0 ni, 85.6 id,  0.0 wa,  0.0 hi,  0.9 si,  0.1 st
%Cpu(s):  8.8 us,  5.9 sy,  0.0 ni, 84.2 id,  0.0 wa,  0.0 hi,  1.0 si,  0.1 st
%Cpu(s):  3.7 us,  2.0 sy,  0.0 ni, 94.1 id,  0.0 wa,  0.0 hi,  0.1 si,  0.1 st
%Cpu(s):  3.7 us,  3.0 sy,  0.0 ni, 92.8 id,  0.0 wa,  0.0 hi,  0.2 si,  0.2 st
%Cpu(s):  4.2 us,  2.0 sy,  0.0 ni, 93.7 id,  0.0 wa,  0.0 hi,  0.0 si,  0.1 st
%Cpu(s):  3.1 us,  1.5 sy,  0.0 ni, 94.8 id,  0.0 wa,  0.0 hi,  0.2 si,  0.4 st
%Cpu(s):  3.0 us,  2.4 sy,  0.0 ni, 94.4 id,  0.0 wa,  0.0 hi,  0.0 si,  0.2 st
%Cpu(s):  2.4 us,  1.5 sy,  0.0 ni, 95.7 id,  0.0 wa,  0.0 hi,  0.3 si,  0.1 st
%Cpu(s):  4.7 us,  2.8 sy,  0.0 ni, 92.1 id,  0.0 wa,  0.0 hi,  0.1 si,  0.2 st
%Cpu(s):  3.2 us,  1.5 sy,  0.0 ni, 95.1 id,  0.0 wa,  0.0 hi,  0.0 si,  0.3 st
%Cpu(s):  3.5 us,  2.0 sy,  0.0 ni, 94.2 id,  0.0 wa,  0.0 hi,  0.1 si,  0.2 st
%Cpu(s):  3.4 us,  2.9 sy,  0.0 ni, 93.3 id,  0.1 wa,  0.0 hi,  0.1 si,  0.1 st
%Cpu(s):  3.0 us,  1.5 sy,  0.0 ni, 95.1 id,  0.0 wa,  0.0 hi,  0.0 si,  0.4 st
%Cpu(s):  3.9 us,  2.1 sy,  0.0 ni, 93.9 id,  0.0 wa,  0.0 hi,  0.0 si,  0.1 st
%Cpu(s):  3.3 us,  4.0 sy,  0.0 ni, 92.3 id,  0.0 wa,  0.0 hi,  0.1 si,  0.3 st
%Cpu(s):  4.0 us,  3.5 sy,  0.0 ni, 92.4 id,  0.0 wa,  0.0 hi,  0.0 si,  0.1 st
%Cpu(s):  3.3 us,  2.4 sy,  0.0 ni, 93.9 id,  0.0 wa,  0.0 hi,  0.3 si,  0.1 st
