%Cpu(s):  3.4 us,  0.7 sy,  0.0 ni, 95.7 id,  0.0 wa,  0.0 hi,  0.1 si,  0.0 st
%Cpu(s):  5.9 us,  1.6 sy,  0.0 ni, 92.4 id,  0.0 wa,  0.0 hi,  0.0 si,  0.1 st
%Cpu(s): 85.1 us,  6.7 sy,  0.0 ni,  7.9 id,  0.0 wa,  0.0 hi,  0.1 si,  0.1 st
%Cpu(s): 84.5 us,  3.9 sy,  0.0 ni, 11.5 id,  0.0 wa,  0.0 hi,  0.0 si,  0.1 st
%Cpu(s): 92.3 us,  2.1 sy,  0.0 ni,  5.6 id,  0.0 wa,  0.0 hi,  0.0 si,  0.0 st
%Cpu(s): 96.0 us,  3.4 sy,  0.0 ni,  0.6 id,  0.0 wa,  0.0 hi,  0.0 si,  0.0 st
%Cpu(s): 97.2 us,  2.4 sy,  0.0 ni,  0.2 id,  0.0 wa,  0.0 hi,  0.1 si,  0.0 st
%Cpu(s): 94.4 us,  2.9 sy,  0.0 ni,  2.6 id,  0.0 wa,  0.0 hi,  0.1 si,  0.0 st
%Cpu(s): 24.0 us,  1.9 sy,  0.0 ni, 74.2 id,  0.0 wa,  0.0 hi,  0.0 si,  0.0 st
%Cpu(s):  4.8 us,  3.5 sy,  0.0 ni, 91.4 id,  0.0 wa,  0.0 hi,  0.1 si,  0.2 st
%Cpu(s):  4.5 us,  3.3 sy,  0.0 ni, 92.0 id,  0.0 wa,  0.0 hi,  0.0 si,  0.3 st
%Cpu(s): 10.1 us,  2.1 sy,  0.0 ni, 87.7 id,  0.0 wa,  0.0 hi,  0.0 si,  0.1 st
%Cpu(s):  4.0 us,  2.6 sy,  0.0 ni, 93.2 id,  0.0 wa,  0.0 hi,  0.0 si,  0.1 st
%Cpu(s):  5.3 us,  2.3 sy,  0.0 ni, 92.2 id,  0.0 wa,  0.0 hi,  0.0 si,  0.3 st
%Cpu(s):  4.0 us,  3.1 sy,  0.0 ni, 92.7 id,  0.0 wa,  0.0 hi,  0.0 si,  0.2 st
%Cpu(s):  2.9 us,  2.8 sy,  0.0 ni, 94.4 id,  0.0 wa,  0.0 hi,  0.0 si,  0.0 st
%Cpu(s):  3.6 us,  3.2 sy,  0.0 ni, 92.9 id,  0.0 wa,  0.0 hi,  0.0 si,  0.2 st
%Cpu(s):  9.5 us,  2.7 sy,  0.0 ni, 87.3 id,  0.0 wa,  0.0 hi,  0.0 si,  0.5 st
%Cpu(s): 51.0 us,  4.0 sy,  0.0 ni, 43.9 id,  0.0 wa,  0.0 hi,  1.0 si,  0.0 st
%Cpu(s): 59.9 us,  4.9 sy,  0.0 ni, 33.8 id,  0.0 wa,  0.0 hi,  1.4 si,  0.0 st
%Cpu(s): 72.7 us,  5.2 sy,  0.0 ni, 20.7 id,  0.0 wa,  0.0 hi,  1.4 si,  0.0 st
%Cpu(s): 87.0 us,  5.5 sy,  0.0 ni,  5.9 id,  0.0 wa,  0.0 hi,  1.6 si,  0.0 st
%Cpu(s): 36.8 us,  5.6 sy,  0.0 ni, 56.3 id,  0.0 wa,  0.0 hi,  1.3 si,  0.0 st
%Cpu(s): 12.4 us,  5.4 sy,  0.0 ni, 81.5 id,  0.0 wa,  0.0 hi,  0.5 si,  0.1 st
%Cpu(s):  7.9 us,  6.0 sy,  0.0 ni, 85.2 id,  0.0 wa,  0.0 hi,  0.9 si,  0.0 st
%Cpu(s):  9.9 us,  6.3 sy,  0.0 ni, 81.9 id,  1.0 wa,  0.0 hi,  0.8 si,  0.1 st
%Cpu(s):  9.4 us,  4.8 sy,  0.0 ni, 85.6 id,  0.0 wa,  0.0 hi,  0.3 si,  0.0 st
%Cpu(s): 10.7 us,  4.7 sy,  0.0 ni, 83.4 id,  0.0 wa,  0.0 hi,  1.1 si,  0.0 st
%Cpu(s): 12.5 us,  5.4 sy,  0.0 ni, 81.3 id,  0.0 wa,  0.0 hi,  0.8 si,  0.0 st
%Cpu(s): 27.4 us,  4.4 sy,  0.0 ni, 67.8 id,  0.0 wa,  0.0 hi,  0.4 si,  0.0 st
%Cpu(s): 25.9 us,  4.9 sy,  0.0 ni, 68.1 id,  0.0 wa,  0.0 hi,  0.9 si,  0.1 st
%Cpu(s): 17.9 us,  5.4 sy,  0.0 ni, 75.8 id,  0.0 wa,  0.0 hi,  0.8 si,  0.1 st
%Cpu(s): 12.2 us,  4.9 sy,  0.0 ni, 82.2 id,  0.0 wa,  0.0 hi,  0.6 si,  0.0 st
%Cpu(s): 14.8 us,  5.9 sy,  0.0 ni, 78.6 id,  0.0 wa,  0.0 hi,  0.8 si,  0.0 st
%Cpu(s):  7.5 us,  6.0 sy,  0.0 ni, 85.2 id,  0.0 wa,  0.0 hi,  1.3 si,  0.0 st
%Cpu(s):  9.4 us,  5.1 sy,  0.0 ni, 84.5 id,  0.0 wa,  0.0 hi,  1.0 si,  0.0 st
%Cpu(s):  8.3 us,  4.9 sy,  0.0 ni, 85.9 id,  0.0 wa,  0.0 hi,  0.8 si,  0.1 st
%Cpu(s):  9.1 us,  5.0 sy,  0.0 ni, 84.8 id,  0.0 wa,  0.0 hi,  1.0 si,  0.1 st
%Cpu(s):  9.4 us,  4.1 sy,  0.0 ni, 85.8 id,  0.0 wa,  0.0 hi,  0.8 si,  0.0 st
%Cpu(s):  6.6 us,  5.5 sy,  0.0 ni, 87.2 id,  0.0 wa,  0.0 hi,  0.8 si,  0.0 st
%Cpu(s):  8.9 us,  6.2 sy,  0.0 ni, 83.9 id,  0.1 wa,  0.0 hi,  0.9 si,  0.0 st
%Cpu(s): 13.7 us,  4.7 sy,  0.0 ni, 80.6 id,  0.0 wa,  0.0 hi,  1.0 si,  0.0 st
%Cpu(s):  8.5 us,  4.0 sy,  0.0 ni, 86.4 id,  0.0 wa,  0.0 hi,  0.9 si,  0.1 st
%Cpu(s):  7.5 us,  5.8 sy,  0.0 ni, 85.8 id,  0.0 wa,  0.0 hi,  0.9 si,  0.0 st
%Cpu(s):  8.4 us,  5.1 sy,  0.0 ni, 85.6 id,  0.0 wa,  0.0 hi,  0.9 si,  0.0 st
%Cpu(s):  6.5 us,  5.6 sy,  0.0 ni, 86.8 id,  0.0 wa,  0.0 hi,  1.0 si,  0.1 st
%Cpu(s):  8.8 us,  6.0 sy,  0.0 ni, 84.4 id,  0.0 wa,  0.0 hi,  0.9 si,  0.0 st
%Cpu(s):  6.8 us,  4.8 sy,  0.0 ni, 87.2 id,  0.0 wa,  0.0 hi,  1.1 si,  0.0 st
%Cpu(s): 12.6 us,  3.9 sy,  0.0 ni, 83.0 id,  0.0 wa,  0.0 hi,  0.5 si,  0.0 st
%Cpu(s):  7.0 us,  5.1 sy,  0.0 ni, 86.8 id,  0.0 wa,  0.0 hi,  1.0 si,  0.1 st
%Cpu(s):  7.7 us,  4.9 sy,  0.0 ni, 84.3 id,  1.9 wa,  0.0 hi,  1.1 si,  0.0 st
%Cpu(s):  7.1 us,  5.1 sy,  0.0 ni, 86.8 id,  0.0 wa,  0.0 hi,  0.9 si,  0.1 st
%Cpu(s):  7.4 us,  4.9 sy,  0.0 ni, 87.0 id,  0.0 wa,  0.0 hi,  0.6 si,  0.0 st
%Cpu(s):  6.1 us,  5.2 sy,  0.0 ni, 87.4 id,  0.0 wa,  0.0 hi,  1.3 si,  0.0 st
%Cpu(s):  7.4 us,  5.0 sy,  0.0 ni, 86.9 id,  0.0 wa,  0.0 hi,  0.6 si,  0.0 st
%Cpu(s):  7.8 us,  4.6 sy,  0.0 ni, 86.8 id,  0.0 wa,  0.0 hi,  0.8 si,  0.0 st
%Cpu(s):  7.6 us,  5.8 sy,  0.0 ni, 85.7 id,  0.0 wa,  0.0 hi,  0.9 si,  0.0 st
%Cpu(s):  7.3 us,  6.3 sy,  0.0 ni, 85.4 id,  0.0 wa,  0.0 hi,  0.9 si,  0.1 st
%Cpu(s):  8.1 us,  5.5 sy,  0.0 ni, 85.8 id,  0.0 wa,  0.0 hi,  0.6 si,  0.0 st
%Cpu(s):  6.8 us,  5.6 sy,  0.0 ni, 86.8 id,  0.0 wa,  0.0 hi,  0.6 si,  0.1 st
%Cpu(s):  5.8 us,  5.1 sy,  0.0 ni, 88.2 id,  0.1 wa,  0.0 hi,  0.8 si,  0.0 st
%Cpu(s):  4.8 us,  3.7 sy,  0.0 ni, 90.9 id,  0.0 wa,  0.0 hi,  0.5 si,  0.1 st
%Cpu(s):  4.1 us,  3.4 sy,  0.0 ni, 92.0 id,  0.0 wa,  0.0 hi,  0.1 si,  0.4 st
%Cpu(s):  4.9 us,  3.3 sy,  0.0 ni, 91.6 id,  0.0 wa,  0.0 hi,  0.1 si,  0.0 st
%Cpu(s):  3.8 us,  4.1 sy,  0.0 ni, 91.5 id,  0.0 wa,  0.0 hi,  0.3 si,  0.4 st
%Cpu(s):  3.9 us,  4.4 sy,  0.0 ni, 91.2 id,  0.0 wa,  0.0 hi,  0.2 si,  0.2 st
%Cpu(s):  3.9 us,  3.8 sy,  0.0 ni, 91.8 id,  0.0 wa,  0.0 hi,  0.4 si,  0.1 st
%Cpu(s):  3.6 us,  2.5 sy,  0.0 ni, 93.5 id,  0.0 wa,  0.0 hi,  0.1 si,  0.3 st
%Cpu(s):  2.6 us,  2.5 sy,  0.0 ni, 94.7 id,  0.0 wa,  0.0 hi,  0.0 si,  0.1 st
%Cpu(s):  2.0 us,  2.5 sy,  0.0 ni, 95.4 id,  0.0 wa,  0.0 hi,  0.0 si,  0.1 st
%Cpu(s):  8.6 us,  3.3 sy,  0.0 ni, 87.7 id,  0.0 wa,  0.0 hi,  0.0 si,  0.4 st
