%Cpu(s):  3.2 us,  0.6 sy,  0.0 ni, 96.2 id,  0.0 wa,  0.0 hi,  0.0 si,  0.0 st
%Cpu(s):  6.0 us,  1.2 sy,  0.0 ni, 92.8 id,  0.0 wa,  0.0 hi,  0.0 si,  0.0 st
%Cpu(s): 80.3 us,  5.3 sy,  0.0 ni, 14.4 id,  0.0 wa,  0.0 hi,  0.0 si,  0.0 st
%Cpu(s): 73.1 us,  2.6 sy,  0.0 ni, 24.2 id,  0.0 wa,  0.0 hi,  0.0 si,  0.0 st
%Cpu(s): 92.7 us,  2.9 sy,  0.0 ni,  4.4 id,  0.0 wa,  0.0 hi,  0.0 si,  0.0 st
%Cpu(s): 95.8 us,  2.9 sy,  0.0 ni,  1.1 id,  0.0 wa,  0.0 hi,  0.2 si,  0.0 st
%Cpu(s): 94.9 us,  1.9 sy,  0.0 ni,  3.0 id,  0.0 wa,  0.0 hi,  0.1 si,  0.1 st
%Cpu(s): 23.2 us,  1.8 sy,  0.0 ni, 75.1 id,  0.0 wa,  0.0 hi,  0.0 si,  0.0 st
%Cpu(s):  2.8 us,  1.4 sy,  0.0 ni, 95.9 id,  0.0 wa,  0.0 hi,  0.0 si,  0.0 st
%Cpu(s):  4.0 us,  2.4 sy,  0.0 ni, 93.6 id,  0.0 wa,  0.0 hi,  0.0 si,  0.1 st
%Cpu(s):  3.1 us,  3.1 sy,  0.0 ni, 93.4 id,  0.1 wa,  0.0 hi,  0.0 si,  0.2 st
%Cpu(s):  2.4 us,  2.4 sy,  0.0 ni, 95.3 id,  0.0 wa,  0.0 hi,  0.0 si,  0.0 st
%Cpu(s):  2.8 us,  2.3 sy,  0.0 ni, 95.0 id,  0.0 wa,  0.0 hi,  0.0 si,  0.0 st
%Cpu(s):  2.3 us,  2.0 sy,  0.0 ni, 95.7 id,  0.0 wa,  0.0 hi,  0.0 si,  0.0 st
%Cpu(s):  2.0 us,  1.5 sy,  0.0 ni, 96.4 id,  0.0 wa,  0.0 hi,  0.0 si,  0.1 st
%Cpu(s):  1.8 us,  2.0 sy,  0.0 ni, 96.2 id,  0.0 wa,  0.0 hi,  0.0 si,  0.0 st
%Cpu(s):  2.5 us,  2.0 sy,  0.0 ni, 95.4 id,  0.0 wa,  0.0 hi,  0.0 si,  0.1 st
%Cpu(s): 26.0 us,  2.0 sy,  0.0 ni, 72.0 id,  0.0 wa,  0.0 hi,  0.0 si,  0.0 st
%Cpu(s): 52.1 us,  4.4 sy,  0.0 ni, 43.0 id,  0.0 wa,  0.0 hi,  0.5 si,  0.0 st
%Cpu(s): 50.9 us,  4.0 sy,  0.0 ni, 44.7 id,  0.0 wa,  0.0 hi,  0.4 si,  0.0 st
%Cpu(s): 54.4 us,  4.4 sy,  0.0 ni, 40.4 id,  0.0 wa,  0.0 hi,  0.8 si,  0.0 st
%Cpu(s): 41.2 us,  4.2 sy,  0.0 ni, 53.8 id,  0.0 wa,  0.0 hi,  0.8 si,  0.0 st
%Cpu(s): 11.7 us,  4.5 sy,  0.0 ni, 83.3 id,  0.0 wa,  0.0 hi,  0.4 si,  0.1 st
%Cpu(s):  9.5 us,  4.4 sy,  0.0 ni, 85.4 id,  0.0 wa,  0.0 hi,  0.6 si,  0.0 st
%Cpu(s):  6.0 us,  3.7 sy,  0.0 ni, 89.8 id,  0.0 wa,  0.0 hi,  0.5 si,  0.0 st
%Cpu(s):  7.6 us,  4.1 sy,  0.0 ni, 87.8 id,  0.0 wa,  0.0 hi,  0.5 si,  0.0 st
%Cpu(s):  6.4 us,  4.5 sy,  0.0 ni, 89.1 id,  0.0 wa,  0.0 hi,  0.1 si,  0.0 st
%Cpu(s):  8.2 us,  4.6 sy,  0.0 ni, 86.7 id,  0.0 wa,  0.0 hi,  0.4 si,  0.1 st
%Cpu(s): 12.4 us,  4.6 sy,  0.0 ni, 82.7 id,  0.0 wa,  0.0 hi,  0.3 si,  0.0 st
%Cpu(s): 18.6 us,  3.2 sy,  0.0 ni, 78.0 id,  0.0 wa,  0.0 hi,  0.3 si,  0.0 st
%Cpu(s): 13.3 us,  3.7 sy,  0.0 ni, 82.7 id,  0.0 wa,  0.0 hi,  0.3 si,  0.1 st
%Cpu(s): 15.2 us,  4.4 sy,  0.0 ni, 79.4 id,  0.0 wa,  0.0 hi,  0.8 si,  0.1 st
%Cpu(s): 21.2 us,  3.8 sy,  0.0 ni, 74.7 id,  0.0 wa,  0.0 hi,  0.4 si,  0.0 st
%Cpu(s): 11.0 us,  3.5 sy,  0.0 ni, 85.2 id,  0.0 wa,  0.0 hi,  0.4 si,  0.0 st
%Cpu(s):  5.9 us,  5.2 sy,  0.0 ni, 88.4 id,  0.0 wa,  0.0 hi,  0.5 si,  0.0 st
%Cpu(s):  6.4 us,  4.9 sy,  0.0 ni, 87.5 id,  0.1 wa,  0.0 hi,  1.2 si,  0.0 st
%Cpu(s):  8.8 us,  3.9 sy,  0.0 ni, 86.5 id,  0.0 wa,  0.0 hi,  0.8 si,  0.0 st
%Cpu(s):  9.3 us,  4.6 sy,  0.0 ni, 85.5 id,  0.0 wa,  0.0 hi,  0.5 si,  0.1 st
%Cpu(s):  6.8 us,  4.4 sy,  0.0 ni, 88.4 id,  0.0 wa,  0.0 hi,  0.4 si,  0.0 st
%Cpu(s):  8.1 us,  4.5 sy,  0.0 ni, 86.9 id,  0.0 wa,  0.0 hi,  0.5 si,  0.0 st
%Cpu(s): 12.1 us,  3.8 sy,  0.0 ni, 83.6 id,  0.0 wa,  0.0 hi,  0.5 si,  0.0 st
%Cpu(s):  7.3 us,  4.5 sy,  0.0 ni, 87.6 id,  0.0 wa,  0.0 hi,  0.4 si,  0.3 st
%Cpu(s):  5.4 us,  4.9 sy,  0.0 ni, 88.8 id,  0.0 wa,  0.0 hi,  0.9 si,  0.0 st
%Cpu(s):  5.3 us,  4.4 sy,  0.0 ni, 89.9 id,  0.0 wa,  0.0 hi,  0.5 si,  0.0 st
%Cpu(s):  5.4 us,  3.8 sy,  0.0 ni, 90.1 id,  0.0 wa,  0.0 hi,  0.8 si,  0.0 st
%Cpu(s):  3.8 us,  4.2 sy,  0.0 ni, 91.1 id,  0.0 wa,  0.0 hi,  0.8 si,  0.1 st
%Cpu(s):  5.1 us,  4.5 sy,  0.0 ni, 90.1 id,  0.0 wa,  0.0 hi,  0.4 si,  0.0 st
%Cpu(s):  9.8 us,  3.4 sy,  0.0 ni, 86.2 id,  0.0 wa,  0.0 hi,  0.6 si,  0.0 st
%Cpu(s):  6.2 us,  3.6 sy,  0.0 ni, 89.7 id,  0.0 wa,  0.0 hi,  0.5 si,  0.0 st
%Cpu(s):  7.0 us,  3.8 sy,  0.0 ni, 88.6 id,  0.0 wa,  0.0 hi,  0.5 si,  0.1 st
%Cpu(s):  8.1 us,  3.2 sy,  0.0 ni, 88.0 id,  0.0 wa,  0.0 hi,  0.6 si,  0.1 st
%Cpu(s):  6.0 us,  4.3 sy,  0.0 ni, 89.1 id,  0.0 wa,  0.0 hi,  0.6 si,  0.0 st
%Cpu(s):  6.2 us,  3.3 sy,  0.0 ni, 89.5 id,  0.0 wa,  0.0 hi,  0.6 si,  0.4 st
%Cpu(s):  5.3 us,  4.9 sy,  0.0 ni, 89.1 id,  0.0 wa,  0.0 hi,  0.8 si,  0.0 st
%Cpu(s):  5.0 us,  3.7 sy,  0.0 ni, 90.2 id,  0.0 wa,  0.0 hi,  1.1 si,  0.0 st
%Cpu(s):  6.4 us,  4.5 sy,  0.0 ni, 88.0 id,  0.0 wa,  0.0 hi,  0.9 si,  0.1 st
%Cpu(s):  7.5 us,  4.2 sy,  0.0 ni, 87.8 id,  0.0 wa,  0.0 hi,  0.4 si,  0.1 st
%Cpu(s): 11.7 us,  5.0 sy,  0.0 ni, 82.6 id,  0.0 wa,  0.0 hi,  0.5 si,  0.1 st
%Cpu(s):  4.4 us,  4.5 sy,  0.0 ni, 90.5 id,  0.0 wa,  0.0 hi,  0.6 si,  0.0 st
%Cpu(s):  4.0 us,  4.2 sy,  0.0 ni, 89.8 id,  0.0 wa,  0.0 hi,  1.0 si,  1.0 st
%Cpu(s):  5.8 us,  4.5 sy,  0.0 ni, 88.2 id,  0.0 wa,  0.0 hi,  0.7 si,  0.7 st
%Cpu(s):  4.8 us,  3.0 sy,  0.0 ni, 91.9 id,  0.0 wa,  0.0 hi,  0.4 si,  0.0 st
%Cpu(s):  8.5 us,  2.6 sy,  0.0 ni, 88.8 id,  0.0 wa,  0.0 hi,  0.1 si,  0.0 st
%Cpu(s):  2.6 us,  2.7 sy,  0.0 ni, 94.5 id,  0.0 wa,  0.0 hi,  0.1 si,  0.0 st
%Cpu(s):  2.2 us,  3.2 sy,  0.0 ni, 94.3 id,  0.0 wa,  0.0 hi,  0.1 si,  0.1 st
%Cpu(s):  2.9 us,  2.9 sy,  0.0 ni, 94.1 id,  0.0 wa,  0.0 hi,  0.1 si,  0.0 st
%Cpu(s):  2.6 us,  3.0 sy,  0.0 ni, 94.4 id,  0.0 wa,  0.0 hi,  0.0 si,  0.0 st
%Cpu(s):  1.9 us,  2.4 sy,  0.0 ni, 95.7 id,  0.0 wa,  0.0 hi,  0.0 si,  0.0 st
%Cpu(s):  1.2 us,  1.9 sy,  0.0 ni, 96.0 id,  0.0 wa,  0.0 hi,  0.0 si,  0.9 st
%Cpu(s):  2.4 us,  2.3 sy,  0.0 ni, 95.4 id,  0.0 wa,  0.0 hi,  0.0 si,  0.0 st
%Cpu(s):  2.1 us,  2.5 sy,  0.0 ni, 95.3 id,  0.1 wa,  0.0 hi,  0.0 si,  0.0 st
%Cpu(s):  1.7 us,  2.6 sy,  0.0 ni, 95.7 id,  0.0 wa,  0.0 hi,  0.0 si,  0.0 st
%Cpu(s):  2.3 us,  2.1 sy,  0.0 ni, 95.6 id,  0.0 wa,  0.0 hi,  0.0 si,  0.0 st
%Cpu(s):  6.3 us,  2.0 sy,  0.0 ni, 91.6 id,  0.0 wa,  0.0 hi,  0.0 si,  0.1 st
