%Cpu(s):  3.4 us,  0.5 sy,  0.0 ni, 96.0 id,  0.0 wa,  0.0 hi,  0.1 si,  0.0 st
%Cpu(s): 13.7 us,  3.0 sy,  0.0 ni, 83.3 id,  0.0 wa,  0.0 hi,  0.0 si,  0.0 st
%Cpu(s): 88.2 us,  6.8 sy,  0.0 ni,  5.0 id,  0.0 wa,  0.0 hi,  0.0 si,  0.0 st
%Cpu(s): 86.7 us,  3.4 sy,  0.0 ni,  9.9 id,  0.0 wa,  0.0 hi,  0.0 si,  0.0 st
%Cpu(s): 93.6 us,  2.5 sy,  0.0 ni,  3.7 id,  0.0 wa,  0.0 hi,  0.0 si,  0.1 st
%Cpu(s): 96.0 us,  3.2 sy,  0.0 ni,  0.7 id,  0.0 wa,  0.0 hi,  0.0 si,  0.0 st
%Cpu(s): 96.0 us,  3.3 sy,  0.0 ni,  0.5 id,  0.0 wa,  0.0 hi,  0.1 si,  0.0 st
%Cpu(s): 95.8 us,  2.9 sy,  0.0 ni,  1.2 id,  0.0 wa,  0.0 hi,  0.1 si,  0.0 st
%Cpu(s): 35.0 us,  1.2 sy,  0.0 ni, 63.7 id,  0.0 wa,  0.0 hi,  0.0 si,  0.0 st
%Cpu(s):  1.6 us,  0.8 sy,  0.0 ni, 97.6 id,  0.0 wa,  0.0 hi,  0.0 si,  0.0 st
%Cpu(s):  1.7 us,  1.0 sy,  0.0 ni, 97.0 id,  0.1 wa,  0.0 hi,  0.0 si,  0.1 st
%Cpu(s):  1.3 us,  0.9 sy,  0.0 ni, 97.9 id,  0.0 wa,  0.0 hi,  0.0 si,  0.0 st
%Cpu(s):  1.4 us,  0.3 sy,  0.0 ni, 98.4 id,  0.0 wa,  0.0 hi,  0.0 si,  0.0 st
%Cpu(s):  0.9 us,  0.9 sy,  0.0 ni, 98.2 id,  0.0 wa,  0.0 hi,  0.0 si,  0.0 st
%Cpu(s):  1.4 us,  1.2 sy,  0.0 ni, 97.1 id,  0.0 wa,  0.0 hi,  0.1 si,  0.1 st
%Cpu(s):  1.0 us,  0.8 sy,  0.0 ni, 98.2 id,  0.0 wa,  0.0 hi,  0.0 si,  0.0 st
%Cpu(s):  1.0 us,  0.5 sy,  0.0 ni, 98.4 id,  0.0 wa,  0.0 hi,  0.0 si,  0.1 st
%Cpu(s):  3.2 us,  1.1 sy,  0.0 ni, 95.7 id,  0.0 wa,  0.0 hi,  0.0 si,  0.0 st
%Cpu(s): 57.7 us,  4.1 sy,  0.0 ni, 37.8 id,  0.0 wa,  0.0 hi,  0.5 si,  0.0 st
%Cpu(s): 60.5 us,  5.5 sy,  0.0 ni, 32.8 id,  0.0 wa,  0.0 hi,  1.1 si,  0.1 st
%Cpu(s): 63.4 us,  5.6 sy,  0.0 ni, 29.4 id,  0.0 wa,  0.0 hi,  1.6 si,  0.0 st
%Cpu(s): 66.2 us,  5.1 sy,  0.0 ni, 27.6 id,  0.0 wa,  0.0 hi,  1.1 si,  0.0 st
%Cpu(s): 40.9 us,  5.4 sy,  0.0 ni, 52.7 id,  0.0 wa,  0.0 hi,  1.0 si,  0.0 st
%Cpu(s): 18.2 us,  3.4 sy,  0.0 ni, 77.4 id,  0.0 wa,  0.0 hi,  1.0 si,  0.0 st
%Cpu(s): 13.1 us,  4.2 sy,  0.0 ni, 81.2 id,  0.0 wa,  0.0 hi,  1.5 si,  0.0 st
%Cpu(s):  9.4 us,  5.0 sy,  0.0 ni, 84.1 id,  0.6 wa,  0.0 hi,  0.7 si,  0.1 st
%Cpu(s):  8.1 us,  4.7 sy,  0.0 ni, 86.8 id,  0.0 wa,  0.0 hi,  0.5 si,  0.0 st
%Cpu(s):  7.7 us,  4.8 sy,  0.0 ni, 86.8 id,  0.0 wa,  0.0 hi,  0.6 si,  0.0 st
%Cpu(s): 11.5 us,  5.3 sy,  0.0 ni, 82.2 id,  0.0 wa,  0.0 hi,  1.0 si,  0.0 st
%Cpu(s): 19.7 us,  4.9 sy,  0.0 ni, 74.7 id,  0.0 wa,  0.0 hi,  0.6 si,  0.1 st
%Cpu(s):  8.1 us,  3.2 sy,  0.0 ni, 88.0 id,  0.1 wa,  0.0 hi,  0.5 si,  0.1 st
%Cpu(s):  6.0 us,  4.3 sy,  0.0 ni, 89.2 id,  0.0 wa,  0.0 hi,  0.5 si,  0.0 st
%Cpu(s):  7.9 us,  4.3 sy,  0.0 ni, 87.1 id,  0.0 wa,  0.0 hi,  0.8 si,  0.0 st
%Cpu(s):  9.2 us,  4.1 sy,  0.0 ni, 86.2 id,  0.0 wa,  0.0 hi,  0.5 si,  0.0 st
%Cpu(s):  5.8 us,  5.1 sy,  0.0 ni, 88.4 id,  0.0 wa,  0.0 hi,  0.8 si,  0.0 st
%Cpu(s):  5.4 us,  4.1 sy,  0.0 ni, 89.9 id,  0.0 wa,  0.0 hi,  0.5 si,  0.1 st
%Cpu(s):  6.2 us,  3.6 sy,  0.0 ni, 89.4 id,  0.0 wa,  0.0 hi,  0.8 si,  0.0 st
%Cpu(s):  5.2 us,  4.2 sy,  0.0 ni, 90.1 id,  0.0 wa,  0.0 hi,  0.5 si,  0.0 st
%Cpu(s):  6.4 us,  3.3 sy,  0.0 ni, 89.6 id,  0.0 wa,  0.0 hi,  0.6 si,  0.1 st
%Cpu(s):  4.5 us,  3.2 sy,  0.0 ni, 92.0 id,  0.0 wa,  0.0 hi,  0.4 si,  0.0 st
%Cpu(s):  5.0 us,  3.2 sy,  0.0 ni, 91.0 id,  0.1 wa,  0.0 hi,  0.8 si,  0.0 st
%Cpu(s): 11.9 us,  3.3 sy,  0.0 ni, 84.2 id,  0.0 wa,  0.0 hi,  0.5 si,  0.0 st
%Cpu(s):  5.9 us,  3.1 sy,  0.0 ni, 90.1 id,  0.0 wa,  0.0 hi,  0.9 si,  0.1 st
%Cpu(s):  4.8 us,  3.6 sy,  0.0 ni, 91.0 id,  0.0 wa,  0.0 hi,  0.5 si,  0.1 st
%Cpu(s):  5.2 us,  4.7 sy,  0.0 ni, 89.7 id,  0.0 wa,  0.0 hi,  0.4 si,  0.0 st
%Cpu(s):  4.5 us,  3.7 sy,  0.0 ni, 91.2 id,  0.0 wa,  0.0 hi,  0.6 si,  0.0 st
%Cpu(s):  4.3 us,  4.3 sy,  0.0 ni, 90.8 id,  0.0 wa,  0.0 hi,  0.6 si,  0.0 st
%Cpu(s):  4.4 us,  3.8 sy,  0.0 ni, 91.4 id,  0.0 wa,  0.0 hi,  0.4 si,  0.0 st
%Cpu(s):  9.0 us,  3.4 sy,  0.0 ni, 87.1 id,  0.0 wa,  0.0 hi,  0.5 si,  0.0 st
%Cpu(s):  5.4 us,  3.3 sy,  0.0 ni, 90.8 id,  0.0 wa,  0.0 hi,  0.5 si,  0.0 st
%Cpu(s):  7.5 us,  4.8 sy,  0.0 ni, 84.2 id,  3.1 wa,  0.0 hi,  0.4 si,  0.0 st
%Cpu(s):  6.8 us,  3.6 sy,  0.0 ni, 89.3 id,  0.0 wa,  0.0 hi,  0.3 si,  0.0 st
%Cpu(s):  4.2 us,  3.0 sy,  0.0 ni, 91.6 id,  0.0 wa,  0.0 hi,  1.0 si,  0.1 st
%Cpu(s):  5.3 us,  3.8 sy,  0.0 ni, 90.2 id,  0.0 wa,  0.0 hi,  0.8 si,  0.0 st
%Cpu(s):  5.0 us,  4.3 sy,  0.0 ni, 90.2 id,  0.0 wa,  0.0 hi,  0.5 si,  0.0 st
%Cpu(s):  5.3 us,  3.8 sy,  0.0 ni, 90.3 id,  0.0 wa,  0.0 hi,  0.6 si,  0.0 st
%Cpu(s):  3.5 us,  3.6 sy,  0.0 ni, 92.4 id,  0.0 wa,  0.0 hi,  0.5 si,  0.0 st
%Cpu(s):  4.3 us,  4.2 sy,  0.0 ni, 90.8 id,  0.0 wa,  0.0 hi,  0.6 si,  0.1 st
%Cpu(s):  4.2 us,  3.9 sy,  0.0 ni, 91.6 id,  0.0 wa,  0.0 hi,  0.3 si,  0.0 st
%Cpu(s):  5.4 us,  4.6 sy,  0.0 ni, 89.1 id,  0.0 wa,  0.0 hi,  0.9 si,  0.0 st
%Cpu(s):  4.6 us,  3.4 sy,  0.0 ni, 91.5 id,  0.0 wa,  0.0 hi,  0.5 si,  0.0 st
%Cpu(s):  4.4 us,  2.4 sy,  0.0 ni, 92.6 id,  0.0 wa,  0.0 hi,  0.6 si,  0.0 st
%Cpu(s):  3.1 us,  3.1 sy,  0.0 ni, 93.3 id,  0.0 wa,  0.0 hi,  0.5 si,  0.0 st
%Cpu(s):  3.3 us,  3.0 sy,  0.0 ni, 93.2 id,  0.0 wa,  0.0 hi,  0.3 si,  0.3 st
%Cpu(s):  2.9 us,  2.8 sy,  0.0 ni, 94.0 id,  0.0 wa,  0.0 hi,  0.4 si,  0.0 st
%Cpu(s): 11.2 us,  2.8 sy,  0.0 ni, 85.7 id,  0.0 wa,  0.0 hi,  0.4 si,  0.0 st
%Cpu(s): 10.8 us,  2.5 sy,  0.0 ni, 86.3 id,  0.0 wa,  0.0 hi,  0.4 si,  0.0 st
%Cpu(s):  3.9 us,  0.6 sy,  0.0 ni, 95.5 id,  0.0 wa,  0.0 hi,  0.0 si,  0.0 st
%Cpu(s):  1.7 us,  1.0 sy,  0.0 ni, 97.1 id,  0.0 wa,  0.0 hi,  0.0 si,  0.1 st
%Cpu(s):  0.8 us,  0.8 sy,  0.0 ni, 98.5 id,  0.0 wa,  0.0 hi,  0.0 si,  0.0 st
%Cpu(s):  4.0 us,  0.4 sy,  0.0 ni, 95.5 id,  0.1 wa,  0.0 hi,  0.0 si,  0.0 st
%Cpu(s):  6.3 us,  0.9 sy,  0.0 ni, 92.9 id,  0.0 wa,  0.0 hi,  0.0 si,  0.0 st
%Cpu(s):  0.8 us,  0.6 sy,  0.0 ni, 98.5 id,  0.0 wa,  0.0 hi,  0.0 si,  0.1 st
%Cpu(s):  1.4 us,  0.5 sy,  0.0 ni, 98.0 id,  0.0 wa,  0.0 hi,  0.0 si,  0.1 st
%Cpu(s):  0.8 us,  0.8 sy,  0.0 ni, 98.5 id,  0.0 wa,  0.0 hi,  0.0 si,  0.0 st
%Cpu(s):  1.1 us,  1.4 sy,  0.0 ni, 95.9 id,  1.5 wa,  0.0 hi,  0.0 si,  0.1 st
%Cpu(s):  0.6 us,  0.8 sy,  0.0 ni, 98.6 id,  0.0 wa,  0.0 hi,  0.0 si,  0.0 st
%Cpu(s):  7.5 us,  0.8 sy,  0.0 ni, 91.7 id,  0.0 wa,  0.0 hi,  0.0 si,  0.0 st
%Cpu(s):  1.0 us,  1.1 sy,  0.0 ni, 97.9 id,  0.0 wa,  0.0 hi,  0.0 si,  0.0 st
%Cpu(s):  1.2 us,  1.2 sy,  0.0 ni, 97.4 id,  0.0 wa,  0.0 hi,  0.1 si,  0.0 st
%Cpu(s):  1.0 us,  0.9 sy,  0.0 ni, 98.1 id,  0.0 wa,  0.0 hi,  0.0 si,  0.0 st
%Cpu(s):  1.1 us,  0.9 sy,  0.0 ni, 98.0 id,  0.0 wa,  0.0 hi,  0.0 si,  0.0 st
