%Cpu(s):  6.2 us,  0.8 sy,  0.0 ni, 92.9 id,  0.0 wa,  0.0 hi,  0.1 si,  0.0 st
%Cpu(s): 12.9 us,  3.1 sy,  0.0 ni, 83.6 id,  0.1 wa,  0.0 hi,  0.1 si,  0.1 st
%Cpu(s): 12.4 us,  3.5 sy,  0.0 ni, 83.8 id,  0.0 wa,  0.0 hi,  0.1 si,  0.1 st
%Cpu(s): 10.2 us,  4.6 sy,  0.0 ni, 84.9 id,  0.0 wa,  0.0 hi,  0.0 si,  0.3 st
%Cpu(s):  8.5 us,  5.0 sy,  0.0 ni, 86.3 id,  0.0 wa,  0.0 hi,  0.0 si,  0.1 st
%Cpu(s):  7.6 us,  3.7 sy,  0.0 ni, 88.4 id,  0.0 wa,  0.0 hi,  0.1 si,  0.1 st
%Cpu(s):  6.1 us,  2.4 sy,  0.0 ni, 91.1 id,  0.0 wa,  0.0 hi,  0.1 si,  0.3 st
%Cpu(s):  5.6 us,  3.0 sy,  0.0 ni, 91.4 id,  0.0 wa,  0.0 hi,  0.0 si,  0.0 st
%Cpu(s): 16.1 us,  4.8 sy,  0.0 ni, 78.9 id,  0.0 wa,  0.0 hi,  0.0 si,  0.3 st
%Cpu(s): 78.8 us,  4.2 sy,  0.0 ni, 16.3 id,  0.0 wa,  0.0 hi,  0.6 si,  0.1 st
%Cpu(s): 92.6 us,  5.4 sy,  0.0 ni,  1.4 id,  0.0 wa,  0.0 hi,  0.6 si,  0.0 st
%Cpu(s): 90.4 us,  7.0 sy,  0.0 ni,  1.4 id,  0.0 wa,  0.0 hi,  1.2 si,  0.0 st
%Cpu(s): 70.0 us,  4.6 sy,  0.0 ni, 24.1 id,  0.0 wa,  0.0 hi,  1.2 si,  0.0 st
%Cpu(s): 46.1 us,  5.1 sy,  0.0 ni, 48.0 id,  0.0 wa,  0.0 hi,  0.9 si,  0.0 st
%Cpu(s): 63.8 us,  4.5 sy,  0.0 ni, 30.7 id,  0.0 wa,  0.0 hi,  1.0 si,  0.0 st
%Cpu(s): 55.6 us,  4.4 sy,  0.0 ni, 39.4 id,  0.0 wa,  0.0 hi,  0.5 si,  0.1 st
%Cpu(s): 31.8 us,  4.9 sy,  0.0 ni, 62.6 id,  0.0 wa,  0.0 hi,  0.7 si,  0.0 st
%Cpu(s): 44.2 us,  4.6 sy,  0.0 ni, 50.1 id,  0.0 wa,  0.0 hi,  1.0 si,  0.0 st
%Cpu(s): 67.7 us,  4.1 sy,  0.0 ni, 27.6 id,  0.0 wa,  0.0 hi,  0.6 si,  0.0 st
%Cpu(s): 71.0 us,  4.8 sy,  0.0 ni, 23.2 id,  0.0 wa,  0.0 hi,  1.1 si,  0.0 st
%Cpu(s): 42.1 us,  4.9 sy,  0.0 ni, 52.1 id,  0.0 wa,  0.0 hi,  0.9 si,  0.0 st
%Cpu(s): 23.5 us,  4.5 sy,  0.0 ni, 71.8 id,  0.0 wa,  0.0 hi,  0.3 si,  0.0 st
%Cpu(s): 34.6 us,  4.2 sy,  0.0 ni, 60.0 id,  0.0 wa,  0.0 hi,  1.1 si,  0.0 st
%Cpu(s): 28.7 us,  3.6 sy,  0.0 ni, 67.0 id,  0.0 wa,  0.0 hi,  0.8 si,  0.0 st
%Cpu(s): 20.0 us,  4.6 sy,  0.0 ni, 74.6 id,  0.0 wa,  0.0 hi,  0.8 si,  0.1 st
%Cpu(s): 45.8 us,  5.4 sy,  0.0 ni, 48.1 id,  0.1 wa,  0.0 hi,  0.6 si,  0.0 st
%Cpu(s): 23.0 us,  5.1 sy,  0.0 ni, 71.3 id,  0.0 wa,  0.0 hi,  0.6 si,  0.0 st
%Cpu(s): 13.0 us,  5.0 sy,  0.0 ni, 81.3 id,  0.0 wa,  0.0 hi,  0.6 si,  0.1 st
%Cpu(s): 14.2 us,  3.6 sy,  0.0 ni, 81.5 id,  0.0 wa,  0.0 hi,  0.8 si,  0.0 st
%Cpu(s): 16.6 us,  5.4 sy,  0.0 ni, 77.3 id,  0.0 wa,  0.0 hi,  0.7 si,  0.0 st
%Cpu(s): 20.1 us,  5.4 sy,  0.0 ni, 73.7 id,  0.0 wa,  0.0 hi,  0.6 si,  0.1 st
%Cpu(s): 16.1 us,  5.1 sy,  0.0 ni, 78.0 id,  0.0 wa,  0.0 hi,  0.9 si,  0.0 st
%Cpu(s): 20.5 us,  5.3 sy,  0.0 ni, 73.9 id,  0.0 wa,  0.0 hi,  0.3 si,  0.0 st
%Cpu(s): 45.6 us,  4.0 sy,  0.0 ni, 49.6 id,  0.0 wa,  0.0 hi,  0.6 si,  0.1 st
%Cpu(s): 56.3 us,  5.1 sy,  0.0 ni, 37.9 id,  0.0 wa,  0.0 hi,  0.7 si,  0.0 st
%Cpu(s): 49.1 us,  4.2 sy,  0.0 ni, 46.1 id,  0.0 wa,  0.0 hi,  0.6 si,  0.0 st
%Cpu(s): 27.0 us,  5.3 sy,  0.0 ni, 66.9 id,  0.0 wa,  0.0 hi,  0.8 si,  0.0 st
%Cpu(s): 21.9 us,  4.7 sy,  0.0 ni, 73.0 id,  0.0 wa,  0.0 hi,  0.4 si,  0.0 st
%Cpu(s): 31.9 us,  4.2 sy,  0.0 ni, 63.2 id,  0.0 wa,  0.0 hi,  0.8 si,  0.0 st
%Cpu(s): 24.2 us,  4.6 sy,  0.0 ni, 69.7 id,  0.0 wa,  0.0 hi,  1.3 si,  0.1 st
%Cpu(s): 20.0 us,  5.5 sy,  0.0 ni, 73.9 id,  0.1 wa,  0.0 hi,  0.5 si,  0.0 st
%Cpu(s): 13.6 us,  4.7 sy,  0.0 ni, 81.3 id,  0.0 wa,  0.0 hi,  0.4 si,  0.0 st
%Cpu(s): 19.7 us,  4.1 sy,  0.0 ni, 75.3 id,  0.0 wa,  0.0 hi,  0.8 si,  0.1 st
%Cpu(s): 47.8 us,  3.8 sy,  0.0 ni, 48.0 id,  0.0 wa,  0.0 hi,  0.5 si,  0.0 st
%Cpu(s): 21.6 us,  5.0 sy,  0.0 ni, 72.6 id,  0.0 wa,  0.0 hi,  0.6 si,  0.1 st
%Cpu(s):  8.7 us,  5.2 sy,  0.0 ni, 85.8 id,  0.0 wa,  0.0 hi,  0.3 si,  0.0 st
%Cpu(s):  8.0 us,  5.0 sy,  0.0 ni, 86.1 id,  0.1 wa,  0.0 hi,  0.8 si,  0.0 st
%Cpu(s):  8.4 us,  5.6 sy,  0.0 ni, 85.7 id,  0.0 wa,  0.0 hi,  0.3 si,  0.0 st
%Cpu(s): 17.2 us,  4.4 sy,  0.0 ni, 77.8 id,  0.0 wa,  0.0 hi,  0.6 si,  0.0 st
%Cpu(s): 10.7 us,  5.1 sy,  0.0 ni, 83.6 id,  0.0 wa,  0.0 hi,  0.5 si,  0.1 st
%Cpu(s):  9.2 us,  5.1 sy,  0.0 ni, 84.9 id,  0.0 wa,  0.0 hi,  0.6 si,  0.1 st
%Cpu(s): 14.7 us,  4.1 sy,  0.0 ni, 80.7 id,  0.0 wa,  0.0 hi,  0.5 si,  0.0 st
%Cpu(s):  9.6 us,  4.7 sy,  0.0 ni, 85.2 id,  0.0 wa,  0.0 hi,  0.5 si,  0.0 st
%Cpu(s): 11.8 us,  4.6 sy,  0.0 ni, 83.3 id,  0.0 wa,  0.0 hi,  0.4 si,  0.0 st
%Cpu(s):  9.0 us,  5.6 sy,  0.0 ni, 84.6 id,  0.0 wa,  0.0 hi,  0.6 si,  0.1 st
%Cpu(s):  7.6 us,  4.8 sy,  0.0 ni, 87.0 id,  0.0 wa,  0.0 hi,  0.6 si,  0.0 st
%Cpu(s):  8.9 us,  4.8 sy,  0.0 ni, 85.1 id,  0.1 wa,  0.0 hi,  1.0 si,  0.0 st
%Cpu(s):  8.7 us,  5.8 sy,  0.0 ni, 84.5 id,  0.0 wa,  0.0 hi,  1.0 si,  0.0 st
%Cpu(s): 14.3 us,  4.7 sy,  0.0 ni, 80.5 id,  0.0 wa,  0.0 hi,  0.5 si,  0.0 st
%Cpu(s): 12.9 us,  4.9 sy,  0.0 ni, 81.5 id,  0.0 wa,  0.0 hi,  0.4 si,  0.3 st
%Cpu(s): 23.6 us,  4.7 sy,  0.0 ni, 70.8 id,  0.0 wa,  0.0 hi,  0.9 si,  0.0 st
%Cpu(s):  7.4 us,  4.1 sy,  0.0 ni, 88.3 id,  0.0 wa,  0.0 hi,  0.3 si,  0.0 st
%Cpu(s):  4.6 us,  3.6 sy,  0.0 ni, 91.6 id,  0.0 wa,  0.0 hi,  0.0 si,  0.1 st
%Cpu(s):  4.5 us,  4.5 sy,  0.0 ni, 90.7 id,  0.0 wa,  0.0 hi,  0.0 si,  0.3 st
%Cpu(s):  5.5 us,  4.4 sy,  0.0 ni, 89.7 id,  0.0 wa,  0.0 hi,  0.1 si,  0.3 st
%Cpu(s):  5.7 us,  5.5 sy,  0.0 ni, 88.6 id,  0.0 wa,  0.0 hi,  0.0 si,  0.2 st
%Cpu(s): 47.6 us,  3.5 sy,  0.0 ni, 48.8 id,  0.0 wa,  0.0 hi,  0.0 si,  0.1 st
%Cpu(s):  8.6 us,  4.1 sy,  0.0 ni, 87.3 id,  0.0 wa,  0.0 hi,  0.0 si,  0.0 st
%Cpu(s):  5.4 us,  3.0 sy,  0.0 ni, 91.3 id,  0.0 wa,  0.0 hi,  0.0 si,  0.3 st
%Cpu(s):  5.8 us,  4.3 sy,  0.0 ni, 89.7 id,  0.0 wa,  0.0 hi,  0.0 si,  0.1 st
%Cpu(s):  5.5 us,  4.2 sy,  0.0 ni, 89.8 id,  0.0 wa,  0.0 hi,  0.1 si,  0.4 st
%Cpu(s):  4.9 us,  4.4 sy,  0.0 ni, 90.3 id,  0.1 wa,  0.0 hi,  0.3 si,  0.0 st
%Cpu(s):  4.6 us,  4.1 sy,  0.0 ni, 91.0 id,  0.0 wa,  0.0 hi,  0.0 si,  0.3 st
