%Cpu(s):  2.6 us,  0.2 sy,  0.0 ni, 97.2 id,  0.0 wa,  0.0 hi,  0.0 si,  0.0 st
%Cpu(s): 58.2 us,  1.6 sy,  0.0 ni, 40.0 id,  0.0 wa,  0.0 hi,  0.0 si,  0.1 st
%Cpu(s):  4.0 us,  2.6 sy,  0.0 ni, 93.2 id,  0.1 wa,  0.0 hi,  0.1 si,  0.0 st
%Cpu(s):  4.0 us,  2.2 sy,  0.0 ni, 93.8 id,  0.0 wa,  0.0 hi,  0.0 si,  0.0 st
%Cpu(s): 30.8 us,  3.0 sy,  0.0 ni, 65.8 id,  0.0 wa,  0.0 hi,  0.4 si,  0.0 st
%Cpu(s): 48.3 us,  3.1 sy,  0.0 ni, 48.1 id,  0.0 wa,  0.0 hi,  0.5 si,  0.0 st
%Cpu(s): 50.1 us,  3.7 sy,  0.0 ni, 45.3 id,  0.0 wa,  0.0 hi,  1.0 si,  0.0 st
%Cpu(s): 82.3 us,  6.2 sy,  0.0 ni,  9.6 id,  0.0 wa,  0.0 hi,  1.7 si,  0.1 st
%Cpu(s): 62.9 us,  4.7 sy,  0.0 ni, 30.5 id,  0.0 wa,  0.0 hi,  1.9 si,  0.0 st
%Cpu(s): 72.7 us,  4.6 sy,  0.0 ni, 20.7 id,  0.0 wa,  0.0 hi,  1.9 si,  0.1 st
%Cpu(s): 91.3 us,  5.5 sy,  0.0 ni,  1.7 id,  0.0 wa,  0.0 hi,  1.5 si,  0.0 st
%Cpu(s): 87.5 us,  5.7 sy,  0.0 ni,  5.4 id,  0.0 wa,  0.0 hi,  1.4 si,  0.0 st
%Cpu(s): 89.2 us,  4.4 sy,  0.0 ni,  4.6 id,  0.0 wa,  0.0 hi,  1.9 si,  0.0 st
%Cpu(s): 50.3 us,  4.8 sy,  0.0 ni, 43.5 id,  0.0 wa,  0.0 hi,  1.4 si,  0.1 st
%Cpu(s): 87.1 us,  5.3 sy,  0.0 ni,  6.1 id,  0.0 wa,  0.0 hi,  1.5 si,  0.0 st
%Cpu(s): 43.7 us,  4.1 sy,  0.0 ni, 50.7 id,  0.0 wa,  0.0 hi,  1.4 si,  0.1 st
%Cpu(s): 58.4 us,  4.7 sy,  0.0 ni, 35.7 id,  0.0 wa,  0.0 hi,  1.0 si,  0.3 st
%Cpu(s): 15.3 us,  3.8 sy,  0.0 ni, 80.1 id,  0.0 wa,  0.0 hi,  0.8 si,  0.0 st
%Cpu(s): 24.0 us,  3.9 sy,  0.0 ni, 70.8 id,  0.0 wa,  0.0 hi,  1.1 si,  0.1 st
%Cpu(s): 17.2 us,  3.8 sy,  0.0 ni, 78.2 id,  0.0 wa,  0.0 hi,  0.8 si,  0.1 st
%Cpu(s): 14.4 us,  4.2 sy,  0.0 ni, 80.7 id,  0.0 wa,  0.0 hi,  0.8 si,  0.0 st
%Cpu(s): 12.5 us,  4.3 sy,  0.0 ni, 82.5 id,  0.0 wa,  0.0 hi,  0.6 si,  0.0 st
%Cpu(s): 23.5 us,  4.4 sy,  0.0 ni, 71.2 id,  0.0 wa,  0.0 hi,  0.9 si,  0.0 st
%Cpu(s): 86.8 us,  5.6 sy,  0.0 ni,  6.1 id,  0.0 wa,  0.0 hi,  1.5 si,  0.0 st
%Cpu(s): 74.5 us,  5.2 sy,  0.0 ni, 18.4 id,  0.0 wa,  0.0 hi,  1.8 si,  0.1 st
%Cpu(s): 59.3 us,  4.9 sy,  0.0 ni, 34.4 id,  0.0 wa,  0.0 hi,  1.3 si,  0.1 st
%Cpu(s): 19.1 us,  3.8 sy,  0.0 ni, 76.0 id,  0.0 wa,  0.0 hi,  1.1 si,  0.0 st
%Cpu(s): 58.3 us,  4.9 sy,  0.0 ni, 35.5 id,  0.0 wa,  0.0 hi,  1.1 si,  0.1 st
%Cpu(s): 16.8 us,  4.4 sy,  0.0 ni, 77.9 id,  0.0 wa,  0.0 hi,  0.6 si,  0.4 st
%Cpu(s): 11.6 us,  4.1 sy,  0.0 ni, 83.2 id,  0.0 wa,  0.0 hi,  0.8 si,  0.3 st
%Cpu(s): 23.4 us,  4.7 sy,  0.0 ni, 70.9 id,  0.0 wa,  0.0 hi,  0.8 si,  0.3 st
%Cpu(s): 31.0 us,  3.6 sy,  0.0 ni, 63.9 id,  0.0 wa,  0.0 hi,  1.0 si,  0.5 st
%Cpu(s): 45.3 us,  4.4 sy,  0.0 ni, 48.7 id,  0.0 wa,  0.0 hi,  1.1 si,  0.4 st
%Cpu(s): 41.4 us,  3.9 sy,  0.0 ni, 53.5 id,  0.0 wa,  0.0 hi,  1.1 si,  0.0 st
%Cpu(s): 17.0 us,  3.6 sy,  0.0 ni, 78.4 id,  0.0 wa,  0.0 hi,  0.8 si,  0.3 st
%Cpu(s): 15.1 us,  4.8 sy,  0.0 ni, 78.7 id,  0.0 wa,  0.0 hi,  0.8 si,  0.6 st
%Cpu(s): 21.4 us,  4.1 sy,  0.0 ni, 72.4 id,  0.0 wa,  0.0 hi,  1.0 si,  1.1 st
%Cpu(s): 26.1 us,  4.1 sy,  0.0 ni, 68.9 id,  0.0 wa,  0.0 hi,  0.6 si,  0.3 st
%Cpu(s): 32.7 us,  3.4 sy,  0.0 ni, 62.9 id,  0.0 wa,  0.0 hi,  0.8 si,  0.1 st
%Cpu(s): 15.6 us,  3.7 sy,  0.0 ni, 79.9 id,  0.0 wa,  0.0 hi,  0.6 si,  0.1 st
%Cpu(s): 13.8 us,  3.2 sy,  0.0 ni, 82.1 id,  0.0 wa,  0.0 hi,  0.9 si,  0.0 st
%Cpu(s): 13.7 us,  3.9 sy,  0.0 ni, 81.4 id,  0.0 wa,  0.0 hi,  0.9 si,  0.1 st
%Cpu(s): 10.4 us,  3.8 sy,  0.0 ni, 84.8 id,  0.1 wa,  0.0 hi,  0.5 si,  0.3 st
%Cpu(s): 11.1 us,  4.0 sy,  0.0 ni, 83.9 id,  0.0 wa,  0.0 hi,  0.8 si,  0.1 st
%Cpu(s): 14.1 us,  4.4 sy,  0.0 ni, 81.0 id,  0.0 wa,  0.0 hi,  0.5 si,  0.0 st
%Cpu(s): 10.7 us,  4.1 sy,  0.0 ni, 84.4 id,  0.0 wa,  0.0 hi,  0.8 si,  0.0 st
%Cpu(s): 13.4 us,  3.4 sy,  0.0 ni, 82.5 id,  0.0 wa,  0.0 hi,  0.8 si,  0.0 st
%Cpu(s): 20.8 us,  4.4 sy,  0.0 ni, 74.1 id,  0.0 wa,  0.0 hi,  0.8 si,  0.0 st
%Cpu(s): 10.4 us,  4.8 sy,  0.0 ni, 84.0 id,  0.0 wa,  0.0 hi,  0.8 si,  0.1 st
%Cpu(s): 11.5 us,  4.1 sy,  0.0 ni, 83.6 id,  0.0 wa,  0.0 hi,  0.8 si,  0.1 st
%Cpu(s): 13.8 us,  4.1 sy,  0.0 ni, 81.2 id,  0.0 wa,  0.0 hi,  0.8 si,  0.1 st
%Cpu(s):  9.0 us,  4.3 sy,  0.0 ni, 85.9 id,  0.0 wa,  0.0 hi,  0.8 si,  0.0 st
%Cpu(s):  8.4 us,  4.8 sy,  0.0 ni, 86.1 id,  0.0 wa,  0.0 hi,  0.8 si,  0.0 st
%Cpu(s):  9.4 us,  4.4 sy,  0.0 ni, 85.3 id,  0.0 wa,  0.0 hi,  0.8 si,  0.1 st
%Cpu(s):  9.8 us,  4.0 sy,  0.0 ni, 85.1 id,  0.0 wa,  0.0 hi,  0.9 si,  0.1 st
%Cpu(s):  9.5 us,  3.7 sy,  0.0 ni, 85.8 id,  0.0 wa,  0.0 hi,  1.0 si,  0.0 st
%Cpu(s):  9.5 us,  4.0 sy,  0.0 ni, 85.7 id,  0.0 wa,  0.0 hi,  0.6 si,  0.1 st
%Cpu(s):  9.3 us,  3.8 sy,  0.0 ni, 85.9 id,  0.1 wa,  0.0 hi,  0.8 si,  0.1 st
%Cpu(s):  9.4 us,  3.7 sy,  0.0 ni, 86.2 id,  0.0 wa,  0.0 hi,  0.8 si,  0.0 st
%Cpu(s): 10.0 us,  4.4 sy,  0.0 ni, 84.8 id,  0.0 wa,  0.0 hi,  0.8 si,  0.0 st
%Cpu(s): 22.2 us,  3.4 sy,  0.0 ni, 73.7 id,  0.0 wa,  0.0 hi,  0.5 si,  0.1 st
%Cpu(s):  5.0 us,  1.4 sy,  0.0 ni, 93.5 id,  0.0 wa,  0.0 hi,  0.0 si,  0.1 st
%Cpu(s):  1.6 us,  0.8 sy,  0.0 ni, 97.5 id,  0.0 wa,  0.0 hi,  0.1 si,  0.0 st
%Cpu(s):  1.8 us,  1.4 sy,  0.0 ni, 96.9 id,  0.0 wa,  0.0 hi,  0.0 si,  0.0 st
%Cpu(s):  1.4 us,  1.2 sy,  0.0 ni, 97.4 id,  0.0 wa,  0.0 hi,  0.0 si,  0.0 st
%Cpu(s):  1.1 us,  1.0 sy,  0.0 ni, 97.9 id,  0.0 wa,  0.0 hi,  0.0 si,  0.0 st
%Cpu(s):  1.5 us,  0.9 sy,  0.0 ni, 97.6 id,  0.0 wa,  0.0 hi,  0.0 si,  0.0 st
%Cpu(s):  2.9 us,  0.9 sy,  0.0 ni, 96.1 id,  0.0 wa,  0.0 hi,  0.1 si,  0.0 st
%Cpu(s):  2.7 us,  2.1 sy,  0.0 ni, 95.1 id,  0.0 wa,  0.0 hi,  0.0 si,  0.1 st
%Cpu(s):  4.2 us,  2.5 sy,  0.0 ni, 93.2 id,  0.0 wa,  0.0 hi,  0.0 si,  0.1 st
%Cpu(s):  2.1 us,  1.7 sy,  0.0 ni, 95.9 id,  0.0 wa,  0.0 hi,  0.0 si,  0.2 st
%Cpu(s):  2.1 us,  3.0 sy,  0.0 ni, 94.9 id,  0.0 wa,  0.0 hi,  0.0 si,  0.0 st
%Cpu(s):  1.6 us,  1.7 sy,  0.0 ni, 96.5 id,  0.0 wa,  0.0 hi,  0.0 si,  0.1 st
%Cpu(s):  2.1 us,  1.6 sy,  0.0 ni, 96.1 id,  0.0 wa,  0.0 hi,  0.1 si,  0.0 st
%Cpu(s):  2.7 us,  2.7 sy,  0.0 ni, 94.4 id,  0.0 wa,  0.0 hi,  0.0 si,  0.1 st
