%Cpu(s):  0.9 us,  0.4 sy,  0.0 ni, 98.7 id,  0.0 wa,  0.0 hi,  0.0 si,  0.0 st
%Cpu(s): 44.1 us,  3.1 sy,  0.0 ni, 52.5 id,  0.1 wa,  0.0 hi,  0.0 si,  0.1 st
%Cpu(s): 57.8 us,  1.3 sy,  0.0 ni, 40.7 id,  0.1 wa,  0.0 hi,  0.0 si,  0.1 st
%Cpu(s): 76.3 us,  2.1 sy,  0.0 ni, 21.1 id,  0.4 wa,  0.0 hi,  0.1 si,  0.0 st
%Cpu(s): 39.2 us,  1.0 sy,  0.0 ni, 59.7 id,  0.1 wa,  0.0 hi,  0.0 si,  0.0 st
%Cpu(s): 28.4 us,  2.1 sy,  0.0 ni, 69.2 id,  0.0 wa,  0.0 hi,  0.1 si,  0.1 st
%Cpu(s): 54.9 us,  3.2 sy,  0.0 ni, 40.8 id,  0.0 wa,  0.0 hi,  1.1 si,  0.0 st
%Cpu(s): 18.1 us,  3.1 sy,  0.0 ni, 78.0 id,  0.0 wa,  0.0 hi,  0.8 si,  0.0 st
%Cpu(s): 14.3 us,  3.4 sy,  0.0 ni, 81.4 id,  0.0 wa,  0.0 hi,  0.8 si,  0.1 st
%Cpu(s): 10.3 us,  3.0 sy,  0.0 ni, 85.9 id,  0.0 wa,  0.0 hi,  0.6 si,  0.1 st
%Cpu(s):  7.8 us,  3.3 sy,  0.0 ni, 88.3 id,  0.0 wa,  0.0 hi,  0.5 si,  0.1 st
%Cpu(s):  9.9 us,  2.3 sy,  0.0 ni, 87.0 id,  0.1 wa,  0.0 hi,  0.8 si,  0.0 st
%Cpu(s):  9.1 us,  3.5 sy,  0.0 ni, 87.0 id,  0.0 wa,  0.0 hi,  0.4 si,  0.0 st
%Cpu(s):  5.5 us,  2.4 sy,  0.0 ni, 91.5 id,  0.0 wa,  0.0 hi,  0.6 si,  0.0 st
%Cpu(s):  6.6 us,  2.8 sy,  0.0 ni, 90.0 id,  0.0 wa,  0.0 hi,  0.6 si,  0.0 st
%Cpu(s):  6.3 us,  2.6 sy,  0.0 ni, 90.5 id,  0.0 wa,  0.0 hi,  0.5 si,  0.0 st
%Cpu(s):  8.1 us,  2.9 sy,  0.0 ni, 88.5 id,  0.0 wa,  0.0 hi,  0.5 si,  0.0 st
%Cpu(s):  6.0 us,  3.0 sy,  0.0 ni, 89.9 id,  0.0 wa,  0.0 hi,  1.1 si,  0.0 st
%Cpu(s):  4.0 us,  3.4 sy,  0.0 ni, 91.8 id,  0.0 wa,  0.0 hi,  0.8 si,  0.0 st
%Cpu(s):  4.3 us,  3.6 sy,  0.0 ni, 91.1 id,  0.0 wa,  0.0 hi,  0.9 si,  0.1 st
%Cpu(s):  5.9 us,  3.4 sy,  0.0 ni, 89.9 id,  0.0 wa,  0.0 hi,  0.6 si,  0.1 st
%Cpu(s):  4.8 us,  3.3 sy,  0.0 ni, 91.2 id,  0.0 wa,  0.0 hi,  0.8 si,  0.0 st
%Cpu(s):  6.2 us,  3.2 sy,  0.0 ni, 89.8 id,  0.0 wa,  0.0 hi,  0.7 si,  0.0 st
%Cpu(s):  5.2 us,  2.5 sy,  0.0 ni, 91.6 id,  0.0 wa,  0.0 hi,  0.5 si,  0.1 st
%Cpu(s):  6.1 us,  3.5 sy,  0.0 ni, 90.0 id,  0.0 wa,  0.0 hi,  0.4 si,  0.0 st
%Cpu(s):  5.3 us,  3.3 sy,  0.0 ni, 90.7 id,  0.0 wa,  0.0 hi,  0.6 si,  0.1 st
%Cpu(s):  4.7 us,  2.8 sy,  0.0 ni, 91.7 id,  0.1 wa,  0.0 hi,  0.6 si,  0.0 st
%Cpu(s):  4.8 us,  3.0 sy,  0.0 ni, 91.4 id,  0.0 wa,  0.0 hi,  0.8 si,  0.0 st
%Cpu(s):  4.9 us,  3.1 sy,  0.0 ni, 91.2 id,  0.0 wa,  0.0 hi,  0.8 si,  0.0 st
%Cpu(s):  5.0 us,  2.4 sy,  0.0 ni, 92.2 id,  0.0 wa,  0.0 hi,  0.4 si,  0.0 st
%Cpu(s):  3.8 us,  2.5 sy,  0.0 ni, 93.0 id,  0.0 wa,  0.0 hi,  0.6 si,  0.0 st
%Cpu(s):  4.4 us,  3.5 sy,  0.0 ni, 91.4 id,  0.0 wa,  0.0 hi,  0.6 si,  0.1 st
%Cpu(s):  4.5 us,  3.3 sy,  0.0 ni, 91.7 id,  0.0 wa,  0.0 hi,  0.5 si,  0.0 st
%Cpu(s):  4.4 us,  3.0 sy,  0.0 ni, 91.8 id,  0.0 wa,  0.0 hi,  0.8 si,  0.0 st
%Cpu(s):  5.6 us,  3.0 sy,  0.0 ni, 90.9 id,  0.0 wa,  0.0 hi,  0.5 si,  0.0 st
%Cpu(s): 14.0 us,  4.9 sy,  0.0 ni, 79.4 id,  1.0 wa,  0.0 hi,  0.6 si,  0.1 st
%Cpu(s): 16.6 us,  5.3 sy,  0.0 ni, 77.3 id,  0.0 wa,  0.0 hi,  0.8 si,  0.0 st
%Cpu(s): 16.8 us,  3.6 sy,  0.0 ni, 78.8 id,  0.0 wa,  0.0 hi,  0.8 si,  0.0 st
%Cpu(s):  6.8 us,  4.0 sy,  0.0 ni, 88.5 id,  0.0 wa,  0.0 hi,  0.6 si,  0.1 st
%Cpu(s):  4.6 us,  3.3 sy,  0.0 ni, 91.1 id,  0.0 wa,  0.0 hi,  1.0 si,  0.0 st
%Cpu(s):  4.8 us,  3.1 sy,  0.0 ni, 91.1 id,  0.0 wa,  0.0 hi,  0.9 si,  0.1 st
%Cpu(s):  4.0 us,  3.6 sy,  0.0 ni, 92.0 id,  0.1 wa,  0.0 hi,  0.4 si,  0.0 st
%Cpu(s):  5.2 us,  3.2 sy,  0.0 ni, 91.2 id,  0.0 wa,  0.0 hi,  0.5 si,  0.0 st
%Cpu(s):  5.3 us,  2.8 sy,  0.0 ni, 90.9 id,  0.0 wa,  0.0 hi,  0.9 si,  0.1 st
%Cpu(s):  6.0 us,  3.2 sy,  0.0 ni, 90.1 id,  0.0 wa,  0.0 hi,  0.8 si,  0.0 st
%Cpu(s):  6.0 us,  3.9 sy,  0.0 ni, 89.2 id,  0.0 wa,  0.0 hi,  0.8 si,  0.1 st
%Cpu(s):  5.1 us,  3.3 sy,  0.0 ni, 91.0 id,  0.0 wa,  0.0 hi,  0.6 si,  0.0 st
%Cpu(s):  3.8 us,  3.3 sy,  0.0 ni, 92.5 id,  0.0 wa,  0.0 hi,  0.4 si,  0.0 st
%Cpu(s):  5.4 us,  4.5 sy,  0.0 ni, 89.6 id,  0.0 wa,  0.0 hi,  0.5 si,  0.0 st
%Cpu(s):  4.2 us,  3.4 sy,  0.0 ni, 91.6 id,  0.0 wa,  0.0 hi,  0.8 si,  0.0 st
%Cpu(s):  5.2 us,  3.3 sy,  0.0 ni, 90.9 id,  0.0 wa,  0.0 hi,  0.6 si,  0.0 st
%Cpu(s):  5.0 us,  3.3 sy,  0.0 ni, 91.1 id,  0.1 wa,  0.0 hi,  0.5 si,  0.0 st
%Cpu(s):  4.7 us,  2.6 sy,  0.0 ni, 92.2 id,  0.0 wa,  0.0 hi,  0.5 si,  0.0 st
%Cpu(s):  5.4 us,  3.0 sy,  0.0 ni, 91.0 id,  0.0 wa,  0.0 hi,  0.6 si,  0.0 st
%Cpu(s):  7.7 us,  3.4 sy,  0.0 ni, 88.0 id,  0.0 wa,  0.0 hi,  0.8 si,  0.1 st
%Cpu(s):  7.0 us,  3.2 sy,  0.0 ni, 89.3 id,  0.0 wa,  0.0 hi,  0.4 si,  0.1 st
%Cpu(s):  4.0 us,  3.0 sy,  0.0 ni, 92.3 id,  0.0 wa,  0.0 hi,  0.7 si,  0.0 st
%Cpu(s):  4.1 us,  2.7 sy,  0.0 ni, 92.8 id,  0.0 wa,  0.0 hi,  0.4 si,  0.0 st
%Cpu(s):  5.5 us,  3.4 sy,  0.0 ni, 90.8 id,  0.0 wa,  0.0 hi,  0.4 si,  0.0 st
%Cpu(s):  5.9 us,  3.0 sy,  0.0 ni, 90.8 id,  0.0 wa,  0.0 hi,  0.4 si,  0.0 st
%Cpu(s):  4.0 us,  4.0 sy,  0.0 ni, 91.6 id,  0.0 wa,  0.0 hi,  0.4 si,  0.0 st
%Cpu(s):  3.2 us,  2.9 sy,  0.0 ni, 93.5 id,  0.0 wa,  0.0 hi,  0.2 si,  0.1 st
%Cpu(s):  1.9 us,  2.1 sy,  0.0 ni, 95.5 id,  0.0 wa,  0.0 hi,  0.4 si,  0.1 st
%Cpu(s):  3.8 us,  2.3 sy,  0.0 ni, 93.7 id,  0.0 wa,  0.0 hi,  0.3 si,  0.0 st
%Cpu(s):  3.5 us,  2.5 sy,  0.0 ni, 93.8 id,  0.0 wa,  0.0 hi,  0.1 si,  0.0 st
%Cpu(s):  6.6 us,  2.7 sy,  0.0 ni, 90.4 id,  0.0 wa,  0.0 hi,  0.2 si,  0.0 st
%Cpu(s):  3.3 us,  1.6 sy,  0.0 ni, 95.1 id,  0.0 wa,  0.0 hi,  0.0 si,  0.0 st
%Cpu(s):  1.2 us,  1.1 sy,  0.0 ni, 97.7 id,  0.0 wa,  0.0 hi,  0.0 si,  0.0 st
%Cpu(s):  0.5 us,  1.1 sy,  0.0 ni, 98.4 id,  0.0 wa,  0.0 hi,  0.0 si,  0.0 st
%Cpu(s):  1.4 us,  0.9 sy,  0.0 ni, 97.6 id,  0.0 wa,  0.0 hi,  0.0 si,  0.1 st
%Cpu(s):  1.4 us,  1.4 sy,  0.0 ni, 96.4 id,  0.9 wa,  0.0 hi,  0.0 si,  0.0 st
%Cpu(s):  0.5 us,  0.7 sy,  0.0 ni, 98.5 id,  0.1 wa,  0.0 hi,  0.0 si,  0.1 st
%Cpu(s):  0.9 us,  0.6 sy,  0.0 ni, 98.5 id,  0.0 wa,  0.0 hi,  0.0 si,  0.0 st
%Cpu(s):  0.7 us,  1.6 sy,  0.0 ni, 97.6 id,  0.0 wa,  0.0 hi,  0.0 si,  0.0 st
