%Cpu(s):  7.1 us,  0.7 sy,  0.0 ni, 92.1 id,  0.0 wa,  0.0 hi,  0.1 si,  0.0 st
%Cpu(s):  3.6 us,  1.7 sy,  0.0 ni, 94.5 id,  0.0 wa,  0.0 hi,  0.1 si,  0.0 st
%Cpu(s): 75.2 us,  6.5 sy,  0.0 ni, 18.3 id,  0.0 wa,  0.0 hi,  0.0 si,  0.0 st
%Cpu(s): 95.9 us,  4.0 sy,  0.0 ni,  0.1 id,  0.0 wa,  0.0 hi,  0.0 si,  0.0 st
%Cpu(s): 96.3 us,  3.4 sy,  0.0 ni,  0.4 id,  0.0 wa,  0.0 hi,  0.0 si,  0.0 st
%Cpu(s): 97.0 us,  2.9 sy,  0.0 ni,  0.1 id,  0.0 wa,  0.0 hi,  0.0 si,  0.0 st
%Cpu(s): 95.6 us,  3.5 sy,  0.0 ni,  0.9 id,  0.0 wa,  0.0 hi,  0.0 si,  0.0 st
%Cpu(s): 96.0 us,  3.0 sy,  0.0 ni,  1.0 id,  0.0 wa,  0.0 hi,  0.0 si,  0.0 st
%Cpu(s): 97.6 us,  2.2 sy,  0.0 ni,  0.0 id,  0.0 wa,  0.0 hi,  0.0 si,  0.1 st
%Cpu(s): 97.8 us,  2.0 sy,  0.0 ni,  0.0 id,  0.0 wa,  0.0 hi,  0.2 si,  0.0 st
%Cpu(s): 97.6 us,  2.2 sy,  0.0 ni,  0.0 id,  0.0 wa,  0.0 hi,  0.1 si,  0.0 st
%Cpu(s): 96.7 us,  3.1 sy,  0.0 ni,  0.0 id,  0.0 wa,  0.0 hi,  0.2 si,  0.0 st
%Cpu(s): 97.5 us,  2.4 sy,  0.0 ni,  0.0 id,  0.0 wa,  0.0 hi,  0.1 si,  0.0 st
%Cpu(s): 95.9 us,  4.0 sy,  0.0 ni,  0.0 id,  0.0 wa,  0.0 hi,  0.1 si,  0.0 st
%Cpu(s): 95.9 us,  4.0 sy,  0.0 ni,  0.0 id,  0.0 wa,  0.0 hi,  0.1 si,  0.0 st
%Cpu(s): 96.0 us,  3.7 sy,  0.0 ni,  0.0 id,  0.0 wa,  0.0 hi,  0.2 si,  0.0 st
%Cpu(s): 95.8 us,  4.0 sy,  0.0 ni,  0.1 id,  0.0 wa,  0.0 hi,  0.1 si,  0.0 st
%Cpu(s): 78.5 us,  3.0 sy,  0.0 ni, 18.5 id,  0.0 wa,  0.0 hi,  0.0 si,  0.0 st
%Cpu(s): 94.0 us,  4.8 sy,  0.0 ni,  0.5 id,  0.0 wa,  0.0 hi,  0.6 si,  0.0 st
%Cpu(s): 90.8 us,  7.0 sy,  0.0 ni,  0.7 id,  0.0 wa,  0.0 hi,  1.4 si,  0.1 st
%Cpu(s): 89.0 us,  5.1 sy,  0.0 ni,  4.9 id,  0.0 wa,  0.0 hi,  1.0 si,  0.0 st
%Cpu(s): 70.0 us,  4.6 sy,  0.0 ni, 24.4 id,  0.0 wa,  0.0 hi,  1.0 si,  0.0 st
%Cpu(s): 40.4 us,  3.5 sy,  0.0 ni, 55.2 id,  0.0 wa,  0.0 hi,  0.8 si,  0.1 st
%Cpu(s): 20.6 us,  4.1 sy,  0.0 ni, 74.2 id,  0.0 wa,  0.0 hi,  1.1 si,  0.0 st
%Cpu(s): 22.5 us,  4.4 sy,  0.0 ni, 72.8 id,  0.0 wa,  0.0 hi,  0.3 si,  0.1 st
%Cpu(s): 52.6 us,  4.8 sy,  0.0 ni, 41.9 id,  0.0 wa,  0.0 hi,  0.8 si,  0.0 st
%Cpu(s): 87.2 us,  6.6 sy,  0.0 ni,  4.7 id,  0.0 wa,  0.0 hi,  1.5 si,  0.0 st
%Cpu(s): 89.2 us,  8.8 sy,  0.0 ni,  0.2 id,  0.0 wa,  0.0 hi,  1.6 si,  0.1 st
%Cpu(s): 89.5 us,  8.7 sy,  0.0 ni,  0.0 id,  0.0 wa,  0.0 hi,  1.9 si,  0.0 st
%Cpu(s): 88.7 us,  9.5 sy,  0.0 ni,  0.0 id,  0.0 wa,  0.0 hi,  1.9 si,  0.0 st
%Cpu(s): 89.0 us,  9.2 sy,  0.0 ni,  0.0 id,  0.0 wa,  0.0 hi,  1.7 si,  0.1 st
%Cpu(s): 88.0 us, 10.1 sy,  0.0 ni,  0.0 id,  0.0 wa,  0.0 hi,  1.9 si,  0.0 st
%Cpu(s): 88.4 us, 10.2 sy,  0.0 ni,  0.0 id,  0.0 wa,  0.0 hi,  1.4 si,  0.0 st
%Cpu(s): 91.1 us,  7.7 sy,  0.0 ni,  0.0 id,  0.0 wa,  0.0 hi,  1.2 si,  0.0 st
%Cpu(s): 90.4 us,  8.2 sy,  0.0 ni,  0.0 id,  0.0 wa,  0.0 hi,  1.4 si,  0.0 st
%Cpu(s): 90.5 us,  7.7 sy,  0.0 ni,  0.2 id,  0.0 wa,  0.0 hi,  1.5 si,  0.1 st
%Cpu(s): 92.0 us,  7.1 sy,  0.0 ni,  0.0 id,  0.0 wa,  0.0 hi,  0.9 si,  0.0 st
%Cpu(s): 93.5 us,  5.1 sy,  0.0 ni,  0.0 id,  0.0 wa,  0.0 hi,  1.4 si,  0.0 st
%Cpu(s): 91.6 us,  7.2 sy,  0.0 ni,  0.0 id,  0.0 wa,  0.0 hi,  1.2 si,  0.0 st
%Cpu(s): 93.0 us,  5.7 sy,  0.0 ni,  0.0 id,  0.0 wa,  0.0 hi,  1.2 si,  0.0 st
%Cpu(s): 92.6 us,  6.5 sy,  0.0 ni,  0.0 id,  0.0 wa,  0.0 hi,  1.0 si,  0.0 st
%Cpu(s): 82.9 us,  6.6 sy,  0.0 ni,  9.4 id,  0.0 wa,  0.0 hi,  1.1 si,  0.0 st
%Cpu(s): 64.2 us,  6.7 sy,  0.0 ni, 28.1 id,  0.0 wa,  0.0 hi,  0.9 si,  0.1 st
%Cpu(s): 55.3 us,  5.5 sy,  0.0 ni, 37.7 id,  0.0 wa,  0.0 hi,  1.4 si,  0.1 st
%Cpu(s): 47.4 us,  5.4 sy,  0.0 ni, 46.4 id,  0.0 wa,  0.0 hi,  0.8 si,  0.0 st
%Cpu(s): 46.7 us,  5.7 sy,  0.0 ni, 46.4 id,  0.1 wa,  0.0 hi,  1.0 si,  0.1 st
%Cpu(s): 69.4 us,  7.1 sy,  0.0 ni, 22.0 id,  0.0 wa,  0.0 hi,  1.5 si,  0.0 st
%Cpu(s): 59.6 us,  4.7 sy,  0.0 ni, 34.5 id,  0.0 wa,  0.0 hi,  1.3 si,  0.0 st
%Cpu(s): 66.3 us,  4.4 sy,  0.0 ni, 28.0 id,  0.0 wa,  0.0 hi,  1.3 si,  0.0 st
%Cpu(s): 51.2 us,  4.3 sy,  0.0 ni, 43.3 id,  0.0 wa,  0.0 hi,  1.1 si,  0.1 st
%Cpu(s): 43.7 us,  4.9 sy,  0.0 ni, 50.4 id,  0.0 wa,  0.0 hi,  1.0 si,  0.0 st
%Cpu(s): 49.5 us,  5.2 sy,  0.0 ni, 43.9 id,  0.0 wa,  0.0 hi,  1.4 si,  0.0 st
%Cpu(s): 50.4 us,  4.7 sy,  0.0 ni, 42.9 id,  0.0 wa,  0.0 hi,  1.8 si,  0.3 st
%Cpu(s): 49.7 us,  5.3 sy,  0.0 ni, 43.9 id,  0.0 wa,  0.0 hi,  1.1 si,  0.0 st
%Cpu(s): 29.2 us,  5.5 sy,  0.0 ni, 64.2 id,  0.0 wa,  0.0 hi,  1.0 si,  0.1 st
%Cpu(s): 18.9 us,  4.8 sy,  0.0 ni, 75.3 id,  0.0 wa,  0.0 hi,  0.9 si,  0.1 st
%Cpu(s): 37.5 us,  4.3 sy,  0.0 ni, 57.2 id,  0.0 wa,  0.0 hi,  1.0 si,  0.0 st
%Cpu(s): 28.4 us,  5.3 sy,  0.0 ni, 65.2 id,  0.0 wa,  0.0 hi,  0.9 si,  0.3 st
%Cpu(s): 31.3 us,  5.3 sy,  0.0 ni, 62.3 id,  0.0 wa,  0.0 hi,  1.1 si,  0.0 st
%Cpu(s): 66.3 us,  6.0 sy,  0.0 ni, 26.4 id,  0.0 wa,  0.0 hi,  1.3 si,  0.0 st
%Cpu(s): 44.5 us,  5.4 sy,  0.0 ni, 49.4 id,  0.0 wa,  0.0 hi,  0.6 si,  0.0 st
%Cpu(s): 25.7 us,  1.9 sy,  0.0 ni, 72.3 id,  0.0 wa,  0.0 hi,  0.1 si,  0.0 st
%Cpu(s):  5.3 us,  2.5 sy,  0.0 ni, 92.1 id,  0.0 wa,  0.0 hi,  0.0 si,  0.1 st
%Cpu(s):  3.0 us,  2.9 sy,  0.0 ni, 93.9 id,  0.0 wa,  0.0 hi,  0.1 si,  0.1 st
%Cpu(s):  4.7 us,  3.1 sy,  0.0 ni, 92.0 id,  0.0 wa,  0.0 hi,  0.0 si,  0.1 st
%Cpu(s): 35.8 us,  2.7 sy,  0.0 ni, 61.3 id,  0.0 wa,  0.0 hi,  0.0 si,  0.1 st
%Cpu(s): 39.6 us,  1.9 sy,  0.0 ni, 58.5 id,  0.0 wa,  0.0 hi,  0.0 si,  0.0 st
%Cpu(s): 17.2 us,  1.8 sy,  0.0 ni, 80.9 id,  0.0 wa,  0.0 hi,  0.0 si,  0.1 st
%Cpu(s):  4.1 us,  3.0 sy,  0.0 ni, 92.8 id,  0.0 wa,  0.0 hi,  0.0 si,  0.1 st
%Cpu(s):  3.6 us,  3.4 sy,  0.0 ni, 93.0 id,  0.0 wa,  0.0 hi,  0.0 si,  0.0 st
%Cpu(s):  4.3 us,  3.1 sy,  0.0 ni, 92.6 id,  0.0 wa,  0.0 hi,  0.0 si,  0.0 st
%Cpu(s):  3.8 us,  2.9 sy,  0.0 ni, 93.2 id,  0.0 wa,  0.0 hi,  0.1 si,  0.0 st
%Cpu(s):  3.9 us,  2.7 sy,  0.0 ni, 93.3 id,  0.0 wa,  0.0 hi,  0.0 si,  0.1 st
%Cpu(s):  4.8 us,  2.8 sy,  0.0 ni, 92.2 id,  0.0 wa,  0.0 hi,  0.1 si,  0.1 st
%Cpu(s):  6.1 us,  2.5 sy,  0.0 ni, 91.2 id,  0.0 wa,  0.0 hi,  0.0 si,  0.1 st
%Cpu(s): 15.9 us,  2.3 sy,  0.0 ni, 81.6 id,  0.1 wa,  0.0 hi,  0.0 si,  0.1 st
%Cpu(s): 22.9 us,  2.2 sy,  0.0 ni, 74.8 id,  0.0 wa,  0.0 hi,  0.1 si,  0.0 st
%Cpu(s): 19.9 us,  2.8 sy,  0.0 ni, 77.2 id,  0.0 wa,  0.0 hi,  0.1 si,  0.0 st
