%Cpu(s):  2.2 us,  0.2 sy,  0.0 ni, 97.5 id,  0.0 wa,  0.0 hi,  0.0 si,  0.0 st
%Cpu(s): 14.2 us,  2.8 sy,  0.0 ni, 83.0 id,  0.0 wa,  0.0 hi,  0.0 si,  0.0 st
%Cpu(s):  9.2 us,  3.8 sy,  0.0 ni, 86.7 id,  0.0 wa,  0.0 hi,  0.1 si,  0.3 st
%Cpu(s):  7.8 us,  4.2 sy,  0.0 ni, 87.8 id,  0.0 wa,  0.0 hi,  0.1 si,  0.1 st
%Cpu(s):  6.5 us,  4.4 sy,  0.0 ni, 88.8 id,  0.0 wa,  0.0 hi,  0.0 si,  0.3 st
%Cpu(s):  6.2 us,  5.0 sy,  0.0 ni, 88.7 id,  0.0 wa,  0.0 hi,  0.0 si,  0.1 st
%Cpu(s):  6.6 us,  5.5 sy,  0.0 ni, 87.7 id,  0.0 wa,  0.0 hi,  0.0 si,  0.2 st
%Cpu(s):  5.7 us,  4.3 sy,  0.0 ni, 89.8 id,  0.0 wa,  0.0 hi,  0.0 si,  0.3 st
%Cpu(s):  5.1 us,  3.7 sy,  0.0 ni, 90.9 id,  0.0 wa,  0.0 hi,  0.1 si,  0.3 st
%Cpu(s): 20.2 us,  2.9 sy,  0.0 ni, 76.7 id,  0.0 wa,  0.0 hi,  0.0 si,  0.1 st
%Cpu(s): 73.1 us,  4.1 sy,  0.0 ni, 22.2 id,  0.0 wa,  0.0 hi,  0.5 si,  0.0 st
%Cpu(s): 88.8 us,  6.1 sy,  0.0 ni,  3.9 id,  0.0 wa,  0.0 hi,  1.2 si,  0.0 st
%Cpu(s): 78.8 us,  5.8 sy,  0.0 ni, 13.5 id,  0.0 wa,  0.0 hi,  1.9 si,  0.0 st
%Cpu(s): 64.2 us,  5.2 sy,  0.0 ni, 29.2 id,  0.0 wa,  0.0 hi,  1.2 si,  0.0 st
%Cpu(s): 37.9 us,  4.1 sy,  0.0 ni, 56.9 id,  0.0 wa,  0.0 hi,  0.9 si,  0.1 st
%Cpu(s): 65.5 us,  4.6 sy,  0.0 ni, 28.7 id,  0.1 wa,  0.0 hi,  0.9 si,  0.1 st
%Cpu(s): 66.7 us,  3.0 sy,  0.0 ni, 29.7 id,  0.0 wa,  0.0 hi,  0.6 si,  0.0 st
%Cpu(s): 27.3 us,  3.8 sy,  0.0 ni, 68.1 id,  0.0 wa,  0.0 hi,  0.9 si,  0.0 st
%Cpu(s): 17.2 us,  4.7 sy,  0.0 ni, 77.5 id,  0.0 wa,  0.0 hi,  0.6 si,  0.0 st
%Cpu(s): 51.9 us,  4.4 sy,  0.0 ni, 42.9 id,  0.0 wa,  0.0 hi,  0.8 si,  0.0 st
%Cpu(s): 87.2 us,  3.4 sy,  0.0 ni,  8.5 id,  0.0 wa,  0.0 hi,  0.9 si,  0.0 st
%Cpu(s): 41.3 us,  4.5 sy,  0.0 ni, 53.1 id,  0.0 wa,  0.0 hi,  0.9 si,  0.1 st
%Cpu(s): 25.2 us,  3.9 sy,  0.0 ni, 70.4 id,  0.0 wa,  0.0 hi,  0.5 si,  0.0 st
%Cpu(s): 32.2 us,  5.3 sy,  0.0 ni, 61.8 id,  0.0 wa,  0.0 hi,  0.8 si,  0.0 st
%Cpu(s): 19.6 us,  5.7 sy,  0.0 ni, 74.0 id,  0.0 wa,  0.0 hi,  0.6 si,  0.1 st
%Cpu(s): 17.5 us,  5.2 sy,  0.0 ni, 76.8 id,  0.0 wa,  0.0 hi,  0.5 si,  0.0 st
%Cpu(s): 18.7 us,  4.1 sy,  0.0 ni, 76.3 id,  0.0 wa,  0.0 hi,  0.9 si,  0.0 st
%Cpu(s): 42.9 us,  3.4 sy,  0.0 ni, 53.1 id,  0.0 wa,  0.0 hi,  0.4 si,  0.1 st
%Cpu(s): 24.1 us,  4.5 sy,  0.0 ni, 70.7 id,  0.0 wa,  0.0 hi,  0.5 si,  0.1 st
%Cpu(s): 10.3 us,  5.1 sy,  0.0 ni, 84.1 id,  0.0 wa,  0.0 hi,  0.5 si,  0.0 st
%Cpu(s): 11.6 us,  5.6 sy,  0.0 ni, 82.2 id,  0.0 wa,  0.0 hi,  0.6 si,  0.0 st
%Cpu(s): 11.7 us,  4.7 sy,  0.0 ni, 83.1 id,  0.0 wa,  0.0 hi,  0.5 si,  0.0 st
%Cpu(s): 15.7 us,  4.6 sy,  0.0 ni, 79.0 id,  0.0 wa,  0.0 hi,  0.8 si,  0.0 st
%Cpu(s): 22.4 us,  4.2 sy,  0.0 ni, 72.8 id,  0.0 wa,  0.0 hi,  0.6 si,  0.0 st
%Cpu(s): 55.2 us,  2.9 sy,  0.0 ni, 41.2 id,  0.0 wa,  0.0 hi,  0.6 si,  0.1 st
%Cpu(s): 58.4 us,  3.9 sy,  0.0 ni, 36.6 id,  0.0 wa,  0.0 hi,  1.0 si,  0.1 st
%Cpu(s): 49.5 us,  4.1 sy,  0.0 ni, 45.3 id,  0.0 wa,  0.0 hi,  1.0 si,  0.1 st
%Cpu(s): 19.8 us,  4.1 sy,  0.0 ni, 75.1 id,  0.0 wa,  0.0 hi,  0.9 si,  0.0 st
%Cpu(s): 23.2 us,  4.7 sy,  0.0 ni, 71.3 id,  0.0 wa,  0.0 hi,  0.7 si,  0.0 st
%Cpu(s): 35.9 us,  4.8 sy,  0.0 ni, 58.2 id,  0.0 wa,  0.0 hi,  1.1 si,  0.0 st
%Cpu(s): 30.4 us,  3.4 sy,  0.0 ni, 65.4 id,  0.1 wa,  0.0 hi,  0.7 si,  0.0 st
%Cpu(s): 26.7 us,  4.2 sy,  0.0 ni, 68.3 id,  0.0 wa,  0.0 hi,  0.9 si,  0.0 st
%Cpu(s): 13.7 us,  4.7 sy,  0.0 ni, 80.7 id,  0.0 wa,  0.0 hi,  0.8 si,  0.1 st
%Cpu(s): 10.2 us,  4.8 sy,  0.0 ni, 84.4 id,  0.0 wa,  0.0 hi,  0.5 si,  0.1 st
%Cpu(s): 32.3 us,  4.3 sy,  0.0 ni, 62.5 id,  0.0 wa,  0.0 hi,  0.8 si,  0.1 st
%Cpu(s): 12.9 us,  5.0 sy,  0.0 ni, 81.5 id,  0.1 wa,  0.0 hi,  0.5 si,  0.0 st
%Cpu(s): 10.5 us,  5.1 sy,  0.0 ni, 83.7 id,  0.0 wa,  0.0 hi,  0.6 si,  0.0 st
%Cpu(s):  9.7 us,  5.1 sy,  0.0 ni, 84.1 id,  0.0 wa,  0.0 hi,  1.0 si,  0.0 st
%Cpu(s): 10.8 us,  4.2 sy,  0.0 ni, 84.7 id,  0.0 wa,  0.0 hi,  0.4 si,  0.0 st
%Cpu(s): 12.0 us,  4.9 sy,  0.0 ni, 82.1 id,  0.0 wa,  0.0 hi,  0.9 si,  0.0 st
%Cpu(s):  8.9 us,  5.0 sy,  0.0 ni, 85.5 id,  0.0 wa,  0.0 hi,  0.6 si,  0.0 st
%Cpu(s):  8.7 us,  4.4 sy,  0.0 ni, 86.1 id,  0.0 wa,  0.0 hi,  0.6 si,  0.1 st
%Cpu(s): 12.6 us,  4.6 sy,  0.0 ni, 81.9 id,  0.0 wa,  0.0 hi,  0.9 si,  0.0 st
%Cpu(s):  9.5 us,  5.3 sy,  0.0 ni, 84.1 id,  0.0 wa,  0.0 hi,  1.0 si,  0.1 st
%Cpu(s):  9.1 us,  3.3 sy,  0.0 ni, 86.9 id,  0.0 wa,  0.0 hi,  0.6 si,  0.0 st
%Cpu(s):  8.4 us,  5.4 sy,  0.0 ni, 85.6 id,  0.0 wa,  0.0 hi,  0.5 si,  0.1 st
%Cpu(s):  9.1 us,  4.8 sy,  0.0 ni, 85.6 id,  0.0 wa,  0.0 hi,  0.5 si,  0.0 st
%Cpu(s): 10.1 us,  5.9 sy,  0.0 ni, 83.4 id,  0.0 wa,  0.0 hi,  0.6 si,  0.0 st
%Cpu(s):  8.5 us,  4.8 sy,  0.0 ni, 86.2 id,  0.0 wa,  0.0 hi,  0.4 si,  0.0 st
%Cpu(s): 13.0 us,  5.0 sy,  0.0 ni, 81.5 id,  0.0 wa,  0.0 hi,  0.5 si,  0.0 st
%Cpu(s):  8.2 us,  5.2 sy,  0.0 ni, 85.9 id,  0.0 wa,  0.0 hi,  0.5 si,  0.3 st
%Cpu(s): 11.5 us,  3.6 sy,  0.0 ni, 84.5 id,  0.0 wa,  0.0 hi,  0.3 si,  0.1 st
%Cpu(s):  6.3 us,  5.3 sy,  0.0 ni, 88.2 id,  0.0 wa,  0.0 hi,  0.1 si,  0.1 st
%Cpu(s):  5.0 us,  5.5 sy,  0.0 ni, 88.9 id,  0.0 wa,  0.0 hi,  0.4 si,  0.2 st
%Cpu(s):  3.8 us,  4.0 sy,  0.0 ni, 92.1 id,  0.0 wa,  0.0 hi,  0.0 si,  0.1 st
%Cpu(s):  6.6 us,  3.9 sy,  0.0 ni, 89.1 id,  0.1 wa,  0.0 hi,  0.0 si,  0.3 st
%Cpu(s):  3.7 us,  4.5 sy,  0.0 ni, 91.6 id,  0.0 wa,  0.0 hi,  0.0 si,  0.3 st
%Cpu(s):  3.1 us,  5.4 sy,  0.0 ni, 91.2 id,  0.0 wa,  0.0 hi,  0.0 si,  0.3 st
%Cpu(s):  5.2 us,  4.4 sy,  0.0 ni, 90.2 id,  0.0 wa,  0.0 hi,  0.0 si,  0.3 st
%Cpu(s):  6.0 us,  5.6 sy,  0.0 ni, 88.2 id,  0.0 wa,  0.0 hi,  0.1 si,  0.1 st
%Cpu(s):  6.0 us,  3.6 sy,  0.0 ni, 90.1 id,  0.0 wa,  0.0 hi,  0.0 si,  0.3 st
%Cpu(s):  4.7 us,  5.0 sy,  0.0 ni, 90.1 id,  0.0 wa,  0.0 hi,  0.0 si,  0.1 st
%Cpu(s):  4.6 us,  4.5 sy,  0.0 ni, 90.6 id,  0.0 wa,  0.0 hi,  0.0 si,  0.3 st
%Cpu(s):  4.4 us,  4.2 sy,  0.0 ni, 91.2 id,  0.0 wa,  0.0 hi,  0.0 si,  0.3 st
%Cpu(s):  3.9 us,  4.4 sy,  0.0 ni, 91.4 id,  0.0 wa,  0.0 hi,  0.1 si,  0.1 st
%Cpu(s):  4.1 us,  5.7 sy,  0.0 ni, 89.9 id,  0.1 wa,  0.0 hi,  0.0 si,  0.1 st
