%Cpu(s):  4.1 us,  0.8 sy,  0.0 ni, 95.0 id,  0.0 wa,  0.0 hi,  0.1 si,  0.0 st
%Cpu(s): 75.4 us,  4.4 sy,  0.0 ni, 20.0 id,  0.0 wa,  0.0 hi,  0.0 si,  0.1 st
%Cpu(s): 74.5 us,  2.8 sy,  0.0 ni, 22.6 id,  0.0 wa,  0.0 hi,  0.0 si,  0.1 st
%Cpu(s): 91.6 us,  2.3 sy,  0.0 ni,  6.1 id,  0.0 wa,  0.0 hi,  0.0 si,  0.0 st
%Cpu(s): 95.9 us,  2.4 sy,  0.0 ni,  1.7 id,  0.0 wa,  0.0 hi,  0.0 si,  0.0 st
%Cpu(s): 90.4 us,  2.0 sy,  0.0 ni,  7.3 id,  0.0 wa,  0.0 hi,  0.1 si,  0.1 st
%Cpu(s): 24.0 us,  1.6 sy,  0.0 ni, 74.1 id,  0.0 wa,  0.0 hi,  0.1 si,  0.1 st
%Cpu(s):  6.1 us,  2.1 sy,  0.0 ni, 91.5 id,  0.0 wa,  0.0 hi,  0.0 si,  0.3 st
%Cpu(s):  6.2 us,  2.5 sy,  0.0 ni, 91.1 id,  0.0 wa,  0.0 hi,  0.1 si,  0.0 st
%Cpu(s):  3.6 us,  2.4 sy,  0.0 ni, 93.8 id,  0.0 wa,  0.0 hi,  0.0 si,  0.2 st
%Cpu(s):  4.0 us,  2.1 sy,  0.0 ni, 93.6 id,  0.1 wa,  0.0 hi,  0.0 si,  0.1 st
%Cpu(s):  3.3 us,  3.0 sy,  0.0 ni, 93.5 id,  0.0 wa,  0.0 hi,  0.0 si,  0.1 st
%Cpu(s):  3.0 us,  4.1 sy,  0.0 ni, 92.6 id,  0.0 wa,  0.0 hi,  0.1 si,  0.2 st
%Cpu(s):  7.5 us,  2.9 sy,  0.0 ni, 89.6 id,  0.0 wa,  0.0 hi,  0.0 si,  0.1 st
%Cpu(s): 11.9 us,  2.1 sy,  0.0 ni, 86.0 id,  0.0 wa,  0.0 hi,  0.0 si,  0.0 st
%Cpu(s):  2.9 us,  2.1 sy,  0.0 ni, 94.5 id,  0.1 wa,  0.0 hi,  0.0 si,  0.4 st
%Cpu(s): 28.0 us,  2.8 sy,  0.0 ni, 68.9 id,  0.0 wa,  0.0 hi,  0.3 si,  0.0 st
%Cpu(s): 58.6 us,  5.0 sy,  0.0 ni, 35.4 id,  0.0 wa,  0.0 hi,  1.0 si,  0.0 st
%Cpu(s): 55.5 us,  4.8 sy,  0.0 ni, 38.1 id,  0.0 wa,  0.0 hi,  1.6 si,  0.0 st
%Cpu(s): 45.9 us,  5.3 sy,  0.0 ni, 47.9 id,  0.0 wa,  0.0 hi,  0.8 si,  0.1 st
%Cpu(s): 55.7 us,  4.1 sy,  0.0 ni, 39.1 id,  0.0 wa,  0.0 hi,  1.1 si,  0.0 st
%Cpu(s): 36.9 us,  5.2 sy,  0.0 ni, 56.6 id,  0.0 wa,  0.0 hi,  1.3 si,  0.0 st
%Cpu(s): 12.3 us,  5.4 sy,  0.0 ni, 81.2 id,  0.0 wa,  0.0 hi,  1.0 si,  0.0 st
%Cpu(s): 10.5 us,  4.9 sy,  0.0 ni, 83.8 id,  0.0 wa,  0.0 hi,  0.6 si,  0.1 st
%Cpu(s):  6.5 us,  4.7 sy,  0.0 ni, 88.1 id,  0.0 wa,  0.0 hi,  0.7 si,  0.0 st
%Cpu(s):  7.2 us,  4.3 sy,  0.0 ni, 87.6 id,  0.0 wa,  0.0 hi,  0.9 si,  0.0 st
%Cpu(s):  9.0 us,  4.2 sy,  0.0 ni, 86.1 id,  0.0 wa,  0.0 hi,  0.8 si,  0.0 st
%Cpu(s): 12.8 us,  5.5 sy,  0.0 ni, 80.7 id,  0.0 wa,  0.0 hi,  1.0 si,  0.0 st
%Cpu(s): 23.1 us,  5.2 sy,  0.0 ni, 71.1 id,  0.0 wa,  0.0 hi,  0.5 si,  0.1 st
%Cpu(s): 17.7 us,  5.5 sy,  0.0 ni, 75.9 id,  0.0 wa,  0.0 hi,  0.9 si,  0.0 st
%Cpu(s):  9.2 us,  3.7 sy,  0.0 ni, 86.1 id,  0.0 wa,  0.0 hi,  0.9 si,  0.1 st
%Cpu(s): 19.5 us,  4.1 sy,  0.0 ni, 75.4 id,  0.0 wa,  0.0 hi,  1.0 si,  0.0 st
%Cpu(s): 15.3 us,  4.1 sy,  0.0 ni, 80.1 id,  0.0 wa,  0.0 hi,  0.5 si,  0.0 st
%Cpu(s): 20.1 us,  4.0 sy,  0.0 ni, 75.2 id,  0.0 wa,  0.0 hi,  0.8 si,  0.0 st
%Cpu(s):  9.7 us,  4.1 sy,  0.0 ni, 85.7 id,  0.0 wa,  0.0 hi,  0.5 si,  0.0 st
%Cpu(s):  8.1 us,  4.2 sy,  0.0 ni, 86.9 id,  0.0 wa,  0.0 hi,  0.6 si,  0.1 st
%Cpu(s):  9.7 us,  5.6 sy,  0.0 ni, 83.6 id,  0.0 wa,  0.0 hi,  1.0 si,  0.0 st
%Cpu(s):  8.8 us,  4.4 sy,  0.0 ni, 85.7 id,  0.0 wa,  0.0 hi,  0.9 si,  0.1 st
%Cpu(s):  6.4 us,  4.2 sy,  0.0 ni, 88.5 id,  0.0 wa,  0.0 hi,  0.9 si,  0.0 st
%Cpu(s):  6.3 us,  3.5 sy,  0.0 ni, 89.1 id,  0.0 wa,  0.0 hi,  1.0 si,  0.1 st
%Cpu(s): 10.1 us,  4.8 sy,  0.0 ni, 84.2 id,  0.1 wa,  0.0 hi,  0.9 si,  0.0 st
%Cpu(s):  7.7 us,  4.4 sy,  0.0 ni, 86.6 id,  0.0 wa,  0.0 hi,  1.3 si,  0.0 st
%Cpu(s):  6.2 us,  5.4 sy,  0.0 ni, 87.9 id,  0.0 wa,  0.0 hi,  0.5 si,  0.0 st
%Cpu(s):  7.5 us,  4.9 sy,  0.0 ni, 86.8 id,  0.0 wa,  0.0 hi,  0.8 si,  0.0 st
%Cpu(s):  6.9 us,  5.3 sy,  0.0 ni, 86.9 id,  0.0 wa,  0.0 hi,  0.8 si,  0.1 st
%Cpu(s):  8.1 us,  4.4 sy,  0.0 ni, 86.7 id,  0.0 wa,  0.0 hi,  0.8 si,  0.0 st
%Cpu(s): 11.9 us,  5.0 sy,  0.0 ni, 82.4 id,  0.0 wa,  0.0 hi,  0.6 si,  0.1 st
%Cpu(s):  9.2 us,  3.2 sy,  0.0 ni, 86.1 id,  0.0 wa,  0.0 hi,  1.4 si,  0.0 st
%Cpu(s):  7.5 us,  4.3 sy,  0.0 ni, 87.0 id,  0.0 wa,  0.0 hi,  1.0 si,  0.1 st
%Cpu(s): 10.4 us,  4.9 sy,  0.0 ni, 83.8 id,  0.0 wa,  0.0 hi,  0.9 si,  0.0 st
%Cpu(s):  9.1 us,  5.1 sy,  0.0 ni, 84.9 id,  0.0 wa,  0.0 hi,  0.9 si,  0.0 st
%Cpu(s):  7.5 us,  4.8 sy,  0.0 ni, 86.7 id,  0.0 wa,  0.0 hi,  1.0 si,  0.0 st
%Cpu(s):  6.1 us,  4.2 sy,  0.0 ni, 88.6 id,  0.0 wa,  0.0 hi,  1.1 si,  0.0 st
%Cpu(s):  6.0 us,  4.3 sy,  0.0 ni, 88.6 id,  0.0 wa,  0.0 hi,  1.0 si,  0.1 st
%Cpu(s):  6.4 us,  4.5 sy,  0.0 ni, 88.1 id,  0.0 wa,  0.0 hi,  0.9 si,  0.0 st
%Cpu(s):  6.3 us,  4.1 sy,  0.0 ni, 88.6 id,  0.0 wa,  0.0 hi,  1.0 si,  0.0 st
%Cpu(s):  6.2 us,  5.5 sy,  0.0 ni, 87.3 id,  0.0 wa,  0.0 hi,  0.9 si,  0.1 st
%Cpu(s):  6.0 us,  5.2 sy,  0.0 ni, 87.9 id,  0.0 wa,  0.0 hi,  0.9 si,  0.0 st
%Cpu(s):  4.7 us,  5.0 sy,  0.0 ni, 89.3 id,  0.0 wa,  0.0 hi,  1.0 si,  0.0 st
%Cpu(s):  5.1 us,  3.8 sy,  0.0 ni, 90.3 id,  0.0 wa,  0.0 hi,  0.6 si,  0.1 st
%Cpu(s):  9.8 us,  5.1 sy,  0.0 ni, 84.0 id,  0.1 wa,  0.0 hi,  1.0 si,  0.0 st
%Cpu(s):  6.8 us,  3.1 sy,  0.0 ni, 89.8 id,  0.0 wa,  0.0 hi,  0.2 si,  0.1 st
%Cpu(s):  7.2 us,  5.4 sy,  0.0 ni, 87.1 id,  0.0 wa,  0.0 hi,  0.2 si,  0.0 st
%Cpu(s):  5.0 us,  2.8 sy,  0.0 ni, 92.0 id,  0.0 wa,  0.0 hi,  0.0 si,  0.2 st
%Cpu(s):  1.3 us,  1.8 sy,  0.0 ni, 96.6 id,  0.0 wa,  0.0 hi,  0.1 si,  0.3 st
%Cpu(s):  2.0 us,  2.0 sy,  0.0 ni, 95.9 id,  0.0 wa,  0.0 hi,  0.0 si,  0.1 st
%Cpu(s):  3.1 us,  2.7 sy,  0.0 ni, 93.9 id,  0.0 wa,  0.0 hi,  0.0 si,  0.2 st
%Cpu(s):  6.0 us,  2.6 sy,  0.0 ni, 91.3 id,  0.0 wa,  0.0 hi,  0.0 si,  0.1 st
%Cpu(s):  1.8 us,  2.2 sy,  0.0 ni, 95.8 id,  0.0 wa,  0.0 hi,  0.0 si,  0.2 st
%Cpu(s):  2.0 us,  2.0 sy,  0.0 ni, 95.9 id,  0.0 wa,  0.0 hi,  0.0 si,  0.1 st
%Cpu(s):  1.6 us,  3.1 sy,  0.0 ni, 95.0 id,  0.1 wa,  0.0 hi,  0.0 si,  0.1 st
