%Cpu(s):  6.5 us,  0.7 sy,  0.0 ni, 92.8 id,  0.0 wa,  0.0 hi,  0.1 si,  0.0 st
%Cpu(s): 18.6 us,  3.7 sy,  0.0 ni, 77.6 id,  0.0 wa,  0.0 hi,  0.0 si,  0.1 st
%Cpu(s): 92.0 us,  6.9 sy,  0.0 ni,  1.1 id,  0.0 wa,  0.0 hi,  0.0 si,  0.0 st
%Cpu(s): 95.4 us,  4.1 sy,  0.0 ni,  0.5 id,  0.0 wa,  0.0 hi,  0.0 si,  0.0 st
%Cpu(s): 96.9 us,  2.7 sy,  0.0 ni,  0.4 id,  0.0 wa,  0.0 hi,  0.0 si,  0.0 st
%Cpu(s): 97.1 us,  2.6 sy,  0.0 ni,  0.2 id,  0.0 wa,  0.0 hi,  0.0 si,  0.0 st
%Cpu(s): 94.5 us,  4.4 sy,  0.0 ni,  1.1 id,  0.0 wa,  0.0 hi,  0.0 si,  0.0 st
%Cpu(s): 96.5 us,  2.5 sy,  0.0 ni,  1.0 id,  0.0 wa,  0.0 hi,  0.0 si,  0.0 st
%Cpu(s): 97.6 us,  2.4 sy,  0.0 ni,  0.0 id,  0.0 wa,  0.0 hi,  0.0 si,  0.0 st
%Cpu(s): 97.9 us,  2.0 sy,  0.0 ni,  0.0 id,  0.0 wa,  0.0 hi,  0.1 si,  0.0 st
%Cpu(s): 97.3 us,  2.6 sy,  0.0 ni,  0.0 id,  0.0 wa,  0.0 hi,  0.1 si,  0.0 st
%Cpu(s): 96.6 us,  3.2 sy,  0.0 ni,  0.0 id,  0.0 wa,  0.0 hi,  0.1 si,  0.0 st
%Cpu(s): 96.5 us,  3.2 sy,  0.0 ni,  0.0 id,  0.0 wa,  0.0 hi,  0.2 si,  0.0 st
%Cpu(s): 97.1 us,  2.7 sy,  0.0 ni,  0.0 id,  0.0 wa,  0.0 hi,  0.1 si,  0.0 st
%Cpu(s): 96.5 us,  3.4 sy,  0.0 ni,  0.0 id,  0.0 wa,  0.0 hi,  0.1 si,  0.0 st
%Cpu(s): 96.8 us,  3.1 sy,  0.0 ni,  0.0 id,  0.0 wa,  0.0 hi,  0.1 si,  0.0 st
%Cpu(s): 97.5 us,  2.4 sy,  0.0 ni,  0.1 id,  0.0 wa,  0.0 hi,  0.0 si,  0.0 st
%Cpu(s): 96.1 us,  2.9 sy,  0.0 ni,  0.9 id,  0.0 wa,  0.0 hi,  0.1 si,  0.0 st
%Cpu(s): 91.1 us,  6.3 sy,  0.0 ni,  1.5 id,  0.0 wa,  0.0 hi,  1.1 si,  0.0 st
%Cpu(s): 89.8 us,  7.6 sy,  0.0 ni,  0.5 id,  0.0 wa,  0.0 hi,  2.0 si,  0.1 st
%Cpu(s): 89.7 us,  7.8 sy,  0.0 ni,  0.0 id,  0.0 wa,  0.0 hi,  2.5 si,  0.0 st
%Cpu(s): 89.3 us,  7.8 sy,  0.0 ni,  0.6 id,  0.0 wa,  0.0 hi,  2.1 si,  0.1 st
%Cpu(s): 84.7 us,  6.9 sy,  0.0 ni,  6.0 id,  0.0 wa,  0.0 hi,  2.4 si,  0.0 st
%Cpu(s): 76.7 us,  5.5 sy,  0.0 ni, 15.2 id,  0.0 wa,  0.0 hi,  2.6 si,  0.0 st
%Cpu(s): 48.0 us,  5.5 sy,  0.0 ni, 45.0 id,  0.0 wa,  0.0 hi,  1.4 si,  0.1 st
%Cpu(s): 73.9 us,  5.6 sy,  0.0 ni, 18.8 id,  0.0 wa,  0.0 hi,  1.7 si,  0.0 st
%Cpu(s): 90.7 us,  7.2 sy,  0.0 ni,  0.6 id,  0.0 wa,  0.0 hi,  1.5 si,  0.0 st
%Cpu(s): 90.3 us,  8.0 sy,  0.0 ni,  0.0 id,  0.0 wa,  0.0 hi,  1.7 si,  0.0 st
%Cpu(s): 89.2 us,  9.1 sy,  0.0 ni,  0.0 id,  0.0 wa,  0.0 hi,  1.7 si,  0.0 st
%Cpu(s): 86.8 us, 10.8 sy,  0.0 ni,  0.0 id,  0.0 wa,  0.0 hi,  2.4 si,  0.0 st
%Cpu(s): 88.2 us, 10.2 sy,  0.0 ni,  0.0 id,  0.0 wa,  0.0 hi,  1.6 si,  0.0 st
%Cpu(s): 88.5 us,  9.3 sy,  0.0 ni,  0.0 id,  0.0 wa,  0.0 hi,  2.2 si,  0.0 st
%Cpu(s): 89.3 us,  8.5 sy,  0.0 ni,  0.0 id,  0.0 wa,  0.0 hi,  2.2 si,  0.0 st
%Cpu(s): 89.5 us,  8.4 sy,  0.0 ni,  0.0 id,  0.0 wa,  0.0 hi,  2.0 si,  0.1 st
%Cpu(s): 91.2 us,  6.6 sy,  0.0 ni,  0.1 id,  0.0 wa,  0.0 hi,  2.1 si,  0.0 st
%Cpu(s): 90.3 us,  7.1 sy,  0.0 ni,  0.5 id,  0.0 wa,  0.0 hi,  2.1 si,  0.0 st
%Cpu(s): 91.7 us,  6.3 sy,  0.0 ni,  0.5 id,  0.0 wa,  0.0 hi,  1.4 si,  0.1 st
%Cpu(s): 91.8 us,  6.1 sy,  0.0 ni,  0.2 id,  0.0 wa,  0.0 hi,  1.9 si,  0.0 st
%Cpu(s): 91.1 us,  7.2 sy,  0.0 ni,  0.0 id,  0.0 wa,  0.0 hi,  1.7 si,  0.0 st
%Cpu(s): 92.1 us,  6.4 sy,  0.0 ni,  0.2 id,  0.0 wa,  0.0 hi,  1.2 si,  0.0 st
%Cpu(s): 91.7 us,  5.9 sy,  0.0 ni,  0.5 id,  0.0 wa,  0.0 hi,  1.7 si,  0.1 st
%Cpu(s): 91.9 us,  5.6 sy,  0.0 ni,  0.5 id,  0.0 wa,  0.0 hi,  2.0 si,  0.0 st
%Cpu(s): 58.1 us,  4.8 sy,  0.0 ni, 35.7 id,  0.0 wa,  0.0 hi,  1.5 si,  0.0 st
%Cpu(s): 53.5 us,  5.9 sy,  0.0 ni, 39.3 id,  0.0 wa,  0.0 hi,  1.4 si,  0.0 st
%Cpu(s): 57.4 us,  5.5 sy,  0.0 ni, 35.8 id,  0.0 wa,  0.0 hi,  1.3 si,  0.0 st
%Cpu(s): 57.3 us,  7.1 sy,  0.0 ni, 34.1 id,  0.0 wa,  0.0 hi,  1.4 si,  0.1 st
%Cpu(s): 44.7 us,  5.3 sy,  0.0 ni, 48.6 id,  0.0 wa,  0.0 hi,  1.4 si,  0.0 st
%Cpu(s): 19.8 us,  4.3 sy,  0.0 ni, 74.3 id,  0.0 wa,  0.0 hi,  1.4 si,  0.1 st
%Cpu(s): 66.3 us,  6.0 sy,  0.0 ni, 26.6 id,  0.0 wa,  0.0 hi,  1.0 si,  0.1 st
%Cpu(s): 71.0 us,  5.5 sy,  0.0 ni, 21.8 id,  0.0 wa,  0.0 hi,  1.7 si,  0.0 st
%Cpu(s): 33.0 us,  4.2 sy,  0.0 ni, 61.5 id,  0.0 wa,  0.0 hi,  1.4 si,  0.0 st
%Cpu(s): 19.4 us,  4.4 sy,  0.0 ni, 74.9 id,  0.0 wa,  0.0 hi,  1.2 si,  0.1 st
%Cpu(s): 18.2 us,  4.9 sy,  0.0 ni, 75.1 id,  0.0 wa,  0.0 hi,  1.6 si,  0.1 st
%Cpu(s): 14.9 us,  4.6 sy,  0.0 ni, 79.3 id,  0.0 wa,  0.0 hi,  1.0 si,  0.3 st
%Cpu(s): 39.4 us,  6.0 sy,  0.0 ni, 53.7 id,  0.0 wa,  0.0 hi,  0.8 si,  0.1 st
%Cpu(s): 24.2 us,  3.7 sy,  0.0 ni, 70.7 id,  0.0 wa,  0.0 hi,  1.2 si,  0.3 st
%Cpu(s): 30.7 us,  5.5 sy,  0.0 ni, 62.2 id,  0.0 wa,  0.0 hi,  1.6 si,  0.0 st
%Cpu(s): 30.1 us,  5.5 sy,  0.0 ni, 62.8 id,  0.0 wa,  0.0 hi,  1.5 si,  0.0 st
%Cpu(s): 35.9 us,  4.4 sy,  0.0 ni, 58.4 id,  0.0 wa,  0.0 hi,  1.1 si,  0.1 st
%Cpu(s): 42.0 us,  6.0 sy,  0.0 ni, 51.0 id,  0.0 wa,  0.0 hi,  1.1 si,  0.0 st
%Cpu(s): 26.8 us,  4.5 sy,  0.0 ni, 66.6 id,  0.3 wa,  0.0 hi,  1.6 si,  0.1 st
%Cpu(s): 11.9 us,  2.3 sy,  0.0 ni, 85.1 id,  0.0 wa,  0.0 hi,  0.6 si,  0.1 st
%Cpu(s):  8.1 us,  2.0 sy,  0.0 ni, 89.8 id,  0.0 wa,  0.0 hi,  0.0 si,  0.0 st
%Cpu(s):  2.8 us,  2.2 sy,  0.0 ni, 94.9 id,  0.0 wa,  0.0 hi,  0.0 si,  0.1 st
%Cpu(s):  2.9 us,  2.6 sy,  0.0 ni, 94.4 id,  0.0 wa,  0.0 hi,  0.0 si,  0.1 st
%Cpu(s):  3.9 us,  2.1 sy,  0.0 ni, 94.0 id,  0.0 wa,  0.0 hi,  0.0 si,  0.0 st
%Cpu(s):  3.7 us,  2.4 sy,  0.0 ni, 93.9 id,  0.0 wa,  0.0 hi,  0.0 si,  0.0 st
%Cpu(s):  5.5 us,  2.0 sy,  0.0 ni, 92.3 id,  0.0 wa,  0.0 hi,  0.0 si,  0.1 st
%Cpu(s):  2.9 us,  2.1 sy,  0.0 ni, 95.0 id,  0.0 wa,  0.0 hi,  0.0 si,  0.0 st
%Cpu(s):  3.8 us,  2.4 sy,  0.0 ni, 93.9 id,  0.0 wa,  0.0 hi,  0.0 si,  0.0 st
%Cpu(s): 37.5 us,  1.9 sy,  0.0 ni, 60.5 id,  0.0 wa,  0.0 hi,  0.0 si,  0.1 st
%Cpu(s): 32.6 us,  1.4 sy,  0.0 ni, 65.9 id,  0.0 wa,  0.0 hi,  0.1 si,  0.0 st
%Cpu(s):  4.5 us,  1.8 sy,  0.0 ni, 93.6 id,  0.0 wa,  0.0 hi,  0.1 si,  0.0 st
%Cpu(s):  3.8 us,  2.0 sy,  0.0 ni, 94.0 id,  0.0 wa,  0.0 hi,  0.0 si,  0.3 st
%Cpu(s):  6.7 us,  3.2 sy,  0.0 ni, 90.1 id,  0.0 wa,  0.0 hi,  0.0 si,  0.0 st
%Cpu(s): 13.5 us,  2.6 sy,  0.0 ni, 83.9 id,  0.0 wa,  0.0 hi,  0.0 si,  0.0 st
%Cpu(s): 12.0 us,  1.3 sy,  0.0 ni, 86.6 id,  0.0 wa,  0.0 hi,  0.0 si,  0.1 st
%Cpu(s):  8.0 us,  1.9 sy,  0.0 ni, 90.0 id,  0.0 wa,  0.0 hi,  0.1 si,  0.0 st
%Cpu(s): 11.1 us,  1.7 sy,  0.0 ni, 86.9 id,  0.0 wa,  0.0 hi,  0.1 si,  0.1 st
