%Cpu(s):  1.7 us,  0.2 sy,  0.0 ni, 98.0 id,  0.0 wa,  0.0 hi,  0.0 si,  0.0 st
%Cpu(s):  2.0 us,  2.4 sy,  0.0 ni, 95.6 id,  0.0 wa,  0.0 hi,  0.0 si,  0.0 st
%Cpu(s):  2.5 us,  2.0 sy,  0.0 ni, 95.4 id,  0.0 wa,  0.0 hi,  0.0 si,  0.1 st
%Cpu(s):  2.9 us,  4.3 sy,  0.0 ni, 92.7 id,  0.0 wa,  0.0 hi,  0.0 si,  0.1 st
%Cpu(s):  4.3 us,  2.4 sy,  0.0 ni, 93.3 id,  0.0 wa,  0.0 hi,  0.0 si,  0.0 st
%Cpu(s):  4.8 us,  2.3 sy,  0.0 ni, 92.6 id,  0.0 wa,  0.0 hi,  0.1 si,  0.3 st
%Cpu(s): 39.2 us,  3.4 sy,  0.0 ni, 57.2 id,  0.0 wa,  0.0 hi,  0.3 si,  0.0 st
%Cpu(s): 77.5 us,  5.1 sy,  0.0 ni, 16.5 id,  0.0 wa,  0.0 hi,  0.9 si,  0.0 st
%Cpu(s): 60.2 us,  4.0 sy,  0.0 ni, 35.2 id,  0.0 wa,  0.0 hi,  0.6 si,  0.0 st
%Cpu(s): 30.4 us,  4.3 sy,  0.0 ni, 64.4 id,  0.0 wa,  0.0 hi,  0.7 si,  0.1 st
%Cpu(s): 66.4 us,  3.9 sy,  0.0 ni, 28.8 id,  0.0 wa,  0.0 hi,  0.9 si,  0.0 st
%Cpu(s): 79.4 us,  3.0 sy,  0.0 ni, 16.9 id,  0.0 wa,  0.0 hi,  0.6 si,  0.0 st
%Cpu(s): 47.7 us,  4.2 sy,  0.0 ni, 47.2 id,  0.1 wa,  0.0 hi,  0.7 si,  0.0 st
%Cpu(s): 35.8 us,  4.8 sy,  0.0 ni, 58.1 id,  0.0 wa,  0.0 hi,  1.1 si,  0.1 st
%Cpu(s): 34.2 us,  4.5 sy,  0.0 ni, 60.8 id,  0.0 wa,  0.0 hi,  0.5 si,  0.0 st
%Cpu(s): 35.6 us,  3.5 sy,  0.0 ni, 59.8 id,  0.0 wa,  0.0 hi,  1.0 si,  0.1 st
%Cpu(s): 33.1 us,  3.7 sy,  0.0 ni, 62.0 id,  0.0 wa,  0.0 hi,  1.1 si,  0.1 st
%Cpu(s): 20.5 us,  3.5 sy,  0.0 ni, 75.5 id,  0.0 wa,  0.0 hi,  0.5 si,  0.0 st
%Cpu(s): 11.0 us,  4.7 sy,  0.0 ni, 83.4 id,  0.0 wa,  0.0 hi,  0.6 si,  0.2 st
%Cpu(s): 23.8 us,  4.5 sy,  0.0 ni, 71.0 id,  0.0 wa,  0.0 hi,  0.6 si,  0.0 st
%Cpu(s): 16.2 us,  3.7 sy,  0.0 ni, 79.1 id,  0.0 wa,  0.0 hi,  0.9 si,  0.1 st
%Cpu(s):  9.3 us,  4.3 sy,  0.0 ni, 85.9 id,  0.0 wa,  0.0 hi,  0.4 si,  0.1 st
%Cpu(s):  9.4 us,  4.8 sy,  0.0 ni, 84.9 id,  0.0 wa,  0.0 hi,  0.9 si,  0.0 st
%Cpu(s): 14.8 us,  4.6 sy,  0.0 ni, 79.8 id,  0.0 wa,  0.0 hi,  0.6 si,  0.1 st
%Cpu(s): 36.0 us,  4.7 sy,  0.0 ni, 58.3 id,  0.0 wa,  0.0 hi,  1.0 si,  0.0 st
%Cpu(s): 36.0 us,  4.5 sy,  0.0 ni, 59.0 id,  0.0 wa,  0.0 hi,  0.4 si,  0.1 st
%Cpu(s): 28.8 us,  3.5 sy,  0.0 ni, 67.0 id,  0.0 wa,  0.0 hi,  0.5 si,  0.1 st
%Cpu(s): 53.3 us,  3.1 sy,  0.0 ni, 42.5 id,  0.0 wa,  0.0 hi,  1.0 si,  0.0 st
%Cpu(s): 29.7 us,  4.4 sy,  0.0 ni, 65.0 id,  0.0 wa,  0.0 hi,  0.8 si,  0.1 st
%Cpu(s): 14.6 us,  5.8 sy,  0.0 ni, 78.7 id,  0.0 wa,  0.0 hi,  0.9 si,  0.0 st
%Cpu(s): 21.5 us,  3.6 sy,  0.0 ni, 74.5 id,  0.0 wa,  0.0 hi,  0.5 si,  0.0 st
%Cpu(s): 10.3 us,  4.5 sy,  0.0 ni, 84.6 id,  0.0 wa,  0.0 hi,  0.5 si,  0.1 st
%Cpu(s):  8.6 us,  5.7 sy,  0.0 ni, 84.9 id,  0.0 wa,  0.0 hi,  0.6 si,  0.1 st
%Cpu(s): 14.2 us,  5.2 sy,  0.0 ni, 79.8 id,  0.0 wa,  0.0 hi,  0.7 si,  0.0 st
%Cpu(s): 20.2 us,  3.8 sy,  0.0 ni, 75.6 id,  0.0 wa,  0.0 hi,  0.3 si,  0.1 st
%Cpu(s): 11.0 us,  4.7 sy,  0.0 ni, 83.7 id,  0.0 wa,  0.0 hi,  0.5 si,  0.1 st
%Cpu(s): 10.9 us,  5.2 sy,  0.0 ni, 83.0 id,  0.0 wa,  0.0 hi,  0.8 si,  0.1 st
%Cpu(s): 22.3 us,  4.1 sy,  0.0 ni, 73.0 id,  0.0 wa,  0.0 hi,  0.6 si,  0.0 st
%Cpu(s): 30.0 us,  4.4 sy,  0.0 ni, 65.0 id,  0.0 wa,  0.0 hi,  0.5 si,  0.0 st
%Cpu(s): 10.2 us,  4.7 sy,  0.0 ni, 84.2 id,  0.0 wa,  0.0 hi,  0.7 si,  0.1 st
%Cpu(s):  7.8 us,  5.5 sy,  0.0 ni, 85.9 id,  0.0 wa,  0.0 hi,  0.6 si,  0.1 st
%Cpu(s):  8.7 us,  4.7 sy,  0.0 ni, 85.6 id,  0.0 wa,  0.0 hi,  0.7 si,  0.1 st
%Cpu(s):  7.3 us,  4.2 sy,  0.0 ni, 87.8 id,  0.0 wa,  0.0 hi,  0.6 si,  0.0 st
%Cpu(s):  8.8 us,  4.0 sy,  0.0 ni, 86.3 id,  0.0 wa,  0.0 hi,  0.8 si,  0.1 st
%Cpu(s):  7.1 us,  4.2 sy,  0.0 ni, 87.9 id,  0.0 wa,  0.0 hi,  0.6 si,  0.1 st
%Cpu(s): 13.8 us,  4.0 sy,  0.0 ni, 81.4 id,  0.0 wa,  0.0 hi,  0.8 si,  0.0 st
%Cpu(s):  8.1 us,  4.1 sy,  0.0 ni, 87.0 id,  0.1 wa,  0.0 hi,  0.5 si,  0.1 st
%Cpu(s): 10.0 us,  4.1 sy,  0.0 ni, 85.2 id,  0.0 wa,  0.0 hi,  0.8 si,  0.0 st
%Cpu(s):  7.3 us,  4.2 sy,  0.0 ni, 87.0 id,  0.0 wa,  0.0 hi,  1.2 si,  0.1 st
%Cpu(s):  9.4 us,  4.4 sy,  0.0 ni, 85.2 id,  0.0 wa,  0.0 hi,  1.0 si,  0.0 st
%Cpu(s):  8.1 us,  4.5 sy,  0.0 ni, 86.9 id,  0.0 wa,  0.0 hi,  0.4 si,  0.1 st
%Cpu(s):  7.5 us,  4.9 sy,  0.0 ni, 86.8 id,  0.0 wa,  0.0 hi,  0.6 si,  0.1 st
%Cpu(s):  7.9 us,  4.6 sy,  0.0 ni, 86.5 id,  0.0 wa,  0.0 hi,  1.0 si,  0.0 st
%Cpu(s): 12.5 us,  3.2 sy,  0.0 ni, 83.7 id,  0.0 wa,  0.0 hi,  0.5 si,  0.0 st
%Cpu(s): 12.3 us,  4.2 sy,  0.0 ni, 82.6 id,  0.0 wa,  0.0 hi,  0.6 si,  0.2 st
%Cpu(s):  7.5 us,  4.8 sy,  0.0 ni, 87.3 id,  0.0 wa,  0.0 hi,  0.4 si,  0.0 st
%Cpu(s): 10.2 us,  3.3 sy,  0.0 ni, 85.5 id,  0.0 wa,  0.0 hi,  1.0 si,  0.0 st
%Cpu(s):  7.1 us,  3.7 sy,  0.0 ni, 88.5 id,  0.0 wa,  0.0 hi,  0.6 si,  0.1 st
%Cpu(s):  6.8 us,  4.9 sy,  0.0 ni, 87.5 id,  0.0 wa,  0.0 hi,  0.6 si,  0.3 st
%Cpu(s):  9.3 us,  5.1 sy,  0.0 ni, 85.0 id,  0.0 wa,  0.0 hi,  0.6 si,  0.0 st
%Cpu(s):  6.7 us,  4.7 sy,  0.0 ni, 88.0 id,  0.0 wa,  0.0 hi,  0.5 si,  0.1 st
%Cpu(s):  2.5 us,  1.9 sy,  0.0 ni, 95.4 id,  0.1 wa,  0.0 hi,  0.1 si,  0.0 st
%Cpu(s):  2.3 us,  2.0 sy,  0.0 ni, 95.5 id,  0.0 wa,  0.0 hi,  0.0 si,  0.3 st
%Cpu(s):  1.6 us,  1.0 sy,  0.0 ni, 97.2 id,  0.0 wa,  0.0 hi,  0.0 si,  0.1 st
%Cpu(s):  2.2 us,  1.6 sy,  0.0 ni, 96.1 id,  0.0 wa,  0.0 hi,  0.0 si,  0.0 st
%Cpu(s):  3.0 us,  2.2 sy,  0.0 ni, 94.6 id,  0.0 wa,  0.0 hi,  0.0 si,  0.1 st
%Cpu(s):  4.9 us,  3.3 sy,  0.0 ni, 91.1 id,  0.1 wa,  0.0 hi,  0.2 si,  0.2 st
%Cpu(s):  3.1 us,  3.0 sy,  0.0 ni, 93.9 id,  0.0 wa,  0.0 hi,  0.0 si,  0.0 st
%Cpu(s):  2.7 us,  2.6 sy,  0.0 ni, 94.5 id,  0.0 wa,  0.0 hi,  0.1 si,  0.0 st
%Cpu(s):  4.8 us,  3.8 sy,  0.0 ni, 91.3 id,  0.0 wa,  0.0 hi,  0.0 si,  0.0 st
%Cpu(s):  2.5 us,  2.7 sy,  0.0 ni, 94.5 id,  0.0 wa,  0.0 hi,  0.1 si,  0.1 st
%Cpu(s):  3.1 us,  3.2 sy,  0.0 ni, 93.4 id,  0.0 wa,  0.0 hi,  0.1 si,  0.1 st
%Cpu(s):  1.8 us,  2.4 sy,  0.0 ni, 95.7 id,  0.0 wa,  0.0 hi,  0.0 si,  0.1 st
%Cpu(s):  3.1 us,  3.0 sy,  0.0 ni, 93.9 id,  0.0 wa,  0.0 hi,  0.0 si,  0.0 st
%Cpu(s):  2.1 us,  2.5 sy,  0.0 ni, 95.1 id,  0.0 wa,  0.0 hi,  0.1 si,  0.1 st
%Cpu(s):  4.8 us,  2.8 sy,  0.0 ni, 92.2 id,  0.0 wa,  0.0 hi,  0.0 si,  0.1 st
%Cpu(s):  2.4 us,  2.5 sy,  0.0 ni, 95.0 id,  0.0 wa,  0.0 hi,  0.1 si,  0.0 st
%Cpu(s):  1.4 us,  2.3 sy,  0.0 ni, 96.1 id,  0.0 wa,  0.0 hi,  0.1 si,  0.1 st
%Cpu(s):  1.8 us,  2.8 sy,  0.0 ni, 95.4 id,  0.0 wa,  0.0 hi,  0.0 si,  0.1 st
%Cpu(s):  2.6 us,  2.7 sy,  0.0 ni, 94.6 id,  0.0 wa,  0.0 hi,  0.0 si,  0.0 st
%Cpu(s):  3.2 us,  3.2 sy,  0.0 ni, 93.2 id,  0.0 wa,  0.0 hi,  0.2 si,  0.1 st
