%Cpu(s):  3.8 us,  0.7 sy,  0.0 ni, 95.3 id,  0.0 wa,  0.0 hi,  0.1 si,  0.0 st
%Cpu(s): 77.5 us,  4.8 sy,  0.0 ni, 17.6 id,  0.0 wa,  0.0 hi,  0.0 si,  0.1 st
%Cpu(s): 78.5 us,  2.7 sy,  0.0 ni, 18.7 id,  0.0 wa,  0.0 hi,  0.1 si,  0.0 st
%Cpu(s): 92.3 us,  2.2 sy,  0.0 ni,  5.2 id,  0.0 wa,  0.0 hi,  0.1 si,  0.1 st
%Cpu(s): 95.9 us,  2.7 sy,  0.0 ni,  1.4 id,  0.0 wa,  0.0 hi,  0.0 si,  0.0 st
%Cpu(s): 96.1 us,  2.6 sy,  0.0 ni,  1.1 id,  0.0 wa,  0.0 hi,  0.1 si,  0.0 st
%Cpu(s): 55.0 us,  2.0 sy,  0.0 ni, 43.0 id,  0.0 wa,  0.0 hi,  0.0 si,  0.0 st
%Cpu(s): 11.1 us,  2.0 sy,  0.0 ni, 86.7 id,  0.0 wa,  0.0 hi,  0.1 si,  0.1 st
%Cpu(s):  9.5 us,  2.5 sy,  0.0 ni, 87.8 id,  0.0 wa,  0.0 hi,  0.0 si,  0.2 st
%Cpu(s):  7.4 us,  2.5 sy,  0.0 ni, 89.7 id,  0.0 wa,  0.0 hi,  0.1 si,  0.3 st
%Cpu(s): 10.0 us,  2.0 sy,  0.0 ni, 87.6 id,  0.1 wa,  0.0 hi,  0.1 si,  0.2 st
%Cpu(s): 11.5 us,  2.8 sy,  0.0 ni, 85.4 id,  0.0 wa,  0.0 hi,  0.0 si,  0.3 st
%Cpu(s):  8.4 us,  4.1 sy,  0.0 ni, 87.0 id,  0.0 wa,  0.0 hi,  0.2 si,  0.2 st
%Cpu(s):  5.6 us,  2.8 sy,  0.0 ni, 91.2 id,  0.0 wa,  0.0 hi,  0.0 si,  0.4 st
%Cpu(s): 11.7 us,  3.8 sy,  0.0 ni, 84.6 id,  0.0 wa,  0.0 hi,  0.0 si,  0.0 st
%Cpu(s):  6.5 us,  5.1 sy,  0.0 ni, 88.1 id,  0.0 wa,  0.0 hi,  0.0 si,  0.3 st
%Cpu(s): 61.6 us,  5.3 sy,  0.0 ni, 32.8 id,  0.0 wa,  0.0 hi,  0.3 si,  0.0 st
%Cpu(s): 87.3 us,  9.6 sy,  0.0 ni,  1.2 id,  0.0 wa,  0.0 hi,  1.9 si,  0.0 st
%Cpu(s): 89.2 us,  8.4 sy,  0.0 ni,  0.8 id,  0.0 wa,  0.0 hi,  1.6 si,  0.0 st
%Cpu(s): 89.5 us,  7.6 sy,  0.0 ni,  1.7 id,  0.0 wa,  0.0 hi,  1.1 si,  0.0 st
%Cpu(s): 93.3 us,  5.5 sy,  0.0 ni,  0.1 id,  0.0 wa,  0.0 hi,  1.1 si,  0.0 st
%Cpu(s): 79.9 us,  5.1 sy,  0.0 ni, 13.7 id,  0.0 wa,  0.0 hi,  1.3 si,  0.0 st
%Cpu(s): 23.6 us,  4.1 sy,  0.0 ni, 71.6 id,  0.0 wa,  0.0 hi,  0.8 si,  0.0 st
%Cpu(s): 42.9 us,  5.3 sy,  0.0 ni, 50.4 id,  0.0 wa,  0.0 hi,  1.3 si,  0.1 st
%Cpu(s): 36.3 us,  4.7 sy,  0.0 ni, 58.2 id,  0.0 wa,  0.0 hi,  0.8 si,  0.0 st
%Cpu(s): 13.3 us,  5.2 sy,  0.0 ni, 80.8 id,  0.1 wa,  0.0 hi,  0.5 si,  0.0 st
%Cpu(s): 18.4 us,  5.2 sy,  0.0 ni, 76.0 id,  0.0 wa,  0.0 hi,  0.5 si,  0.0 st
%Cpu(s): 37.0 us,  4.9 sy,  0.0 ni, 57.1 id,  0.0 wa,  0.0 hi,  0.9 si,  0.1 st
%Cpu(s): 70.9 us,  4.5 sy,  0.0 ni, 23.2 id,  0.0 wa,  0.0 hi,  1.4 si,  0.0 st
%Cpu(s): 22.8 us,  4.7 sy,  0.0 ni, 71.5 id,  0.0 wa,  0.0 hi,  1.0 si,  0.0 st
%Cpu(s): 12.0 us,  4.7 sy,  0.0 ni, 82.2 id,  0.0 wa,  0.0 hi,  1.0 si,  0.1 st
%Cpu(s): 15.2 us,  5.4 sy,  0.0 ni, 78.3 id,  0.0 wa,  0.0 hi,  1.2 si,  0.0 st
%Cpu(s):  9.6 us,  5.2 sy,  0.0 ni, 84.1 id,  0.0 wa,  0.0 hi,  1.1 si,  0.0 st
%Cpu(s): 15.8 us,  5.5 sy,  0.0 ni, 77.5 id,  0.0 wa,  0.0 hi,  1.2 si,  0.0 st
%Cpu(s): 17.5 us,  3.7 sy,  0.0 ni, 78.3 id,  0.0 wa,  0.0 hi,  0.5 si,  0.0 st
%Cpu(s): 20.1 us,  5.8 sy,  0.0 ni, 73.0 id,  0.0 wa,  0.0 hi,  1.1 si,  0.0 st
%Cpu(s): 16.7 us,  5.1 sy,  0.0 ni, 77.6 id,  0.0 wa,  0.0 hi,  0.5 si,  0.0 st
%Cpu(s): 15.3 us,  5.1 sy,  0.0 ni, 78.4 id,  0.0 wa,  0.0 hi,  1.2 si,  0.0 st
%Cpu(s): 14.1 us,  5.3 sy,  0.0 ni, 79.7 id,  0.0 wa,  0.0 hi,  0.8 si,  0.1 st
%Cpu(s): 17.1 us,  5.0 sy,  0.0 ni, 76.9 id,  0.0 wa,  0.0 hi,  1.0 si,  0.0 st
%Cpu(s): 22.6 us,  5.7 sy,  0.0 ni, 70.9 id,  0.0 wa,  0.0 hi,  0.6 si,  0.1 st
%Cpu(s): 10.1 us,  5.7 sy,  0.0 ni, 83.5 id,  0.0 wa,  0.0 hi,  0.8 si,  0.0 st
%Cpu(s):  7.2 us,  5.8 sy,  0.0 ni, 86.2 id,  0.0 wa,  0.0 hi,  0.8 si,  0.0 st
%Cpu(s):  6.6 us,  6.2 sy,  0.0 ni, 86.2 id,  0.0 wa,  0.0 hi,  1.0 si,  0.0 st
%Cpu(s): 10.7 us,  5.8 sy,  0.0 ni, 82.9 id,  0.0 wa,  0.0 hi,  0.6 si,  0.0 st
%Cpu(s):  7.7 us,  4.8 sy,  0.0 ni, 86.4 id,  0.0 wa,  0.0 hi,  0.9 si,  0.1 st
%Cpu(s): 12.1 us,  5.9 sy,  0.0 ni, 80.9 id,  0.0 wa,  0.0 hi,  1.0 si,  0.0 st
%Cpu(s): 12.6 us,  5.4 sy,  0.0 ni, 81.1 id,  0.0 wa,  0.0 hi,  0.9 si,  0.0 st
%Cpu(s):  9.8 us,  5.8 sy,  0.0 ni, 83.4 id,  0.0 wa,  0.0 hi,  1.0 si,  0.0 st
%Cpu(s): 14.3 us,  5.6 sy,  0.0 ni, 79.0 id,  0.0 wa,  0.0 hi,  0.9 si,  0.1 st
%Cpu(s): 15.7 us,  4.9 sy,  0.0 ni, 78.1 id,  0.0 wa,  0.0 hi,  1.3 si,  0.0 st
%Cpu(s): 20.2 us,  5.0 sy,  0.0 ni, 73.9 id,  0.0 wa,  0.0 hi,  0.8 si,  0.1 st
%Cpu(s): 12.6 us,  4.8 sy,  0.0 ni, 82.1 id,  0.0 wa,  0.0 hi,  0.5 si,  0.0 st
%Cpu(s): 10.8 us,  6.1 sy,  0.0 ni, 82.4 id,  0.0 wa,  0.0 hi,  0.8 si,  0.0 st
%Cpu(s):  6.3 us,  6.1 sy,  0.0 ni, 86.6 id,  0.0 wa,  0.0 hi,  1.0 si,  0.0 st
%Cpu(s): 11.5 us,  5.5 sy,  0.0 ni, 81.9 id,  0.0 wa,  0.0 hi,  0.9 si,  0.1 st
%Cpu(s):  8.4 us,  4.6 sy,  0.0 ni, 85.9 id,  0.0 wa,  0.0 hi,  1.2 si,  0.0 st
%Cpu(s):  8.6 us,  5.0 sy,  0.0 ni, 85.4 id,  0.0 wa,  0.0 hi,  1.0 si,  0.0 st
%Cpu(s):  7.2 us,  5.2 sy,  0.0 ni, 86.5 id,  0.0 wa,  0.0 hi,  1.0 si,  0.0 st
%Cpu(s): 11.2 us,  5.3 sy,  0.0 ni, 82.6 id,  0.0 wa,  0.0 hi,  0.9 si,  0.0 st
%Cpu(s):  7.8 us,  4.7 sy,  0.0 ni, 86.7 id,  0.0 wa,  0.0 hi,  0.6 si,  0.1 st
%Cpu(s):  4.4 us,  4.3 sy,  0.0 ni, 90.7 id,  0.0 wa,  0.0 hi,  0.4 si,  0.1 st
%Cpu(s):  2.8 us,  3.1 sy,  0.0 ni, 93.9 id,  0.0 wa,  0.0 hi,  0.1 si,  0.1 st
%Cpu(s):  3.9 us,  3.2 sy,  0.0 ni, 92.6 id,  0.0 wa,  0.0 hi,  0.0 si,  0.3 st
%Cpu(s):  3.9 us,  3.3 sy,  0.0 ni, 92.7 id,  0.0 wa,  0.0 hi,  0.0 si,  0.1 st
%Cpu(s):  3.4 us,  3.0 sy,  0.0 ni, 93.3 id,  0.0 wa,  0.0 hi,  0.0 si,  0.3 st
%Cpu(s):  4.1 us,  3.2 sy,  0.0 ni, 92.7 id,  0.0 wa,  0.0 hi,  0.0 si,  0.1 st
%Cpu(s):  2.9 us,  3.0 sy,  0.0 ni, 93.9 id,  0.0 wa,  0.0 hi,  0.0 si,  0.1 st
%Cpu(s):  3.4 us,  3.0 sy,  0.0 ni, 93.4 id,  0.0 wa,  0.0 hi,  0.0 si,  0.1 st
%Cpu(s):  5.3 us,  3.4 sy,  0.0 ni, 91.1 id,  0.0 wa,  0.0 hi,  0.0 si,  0.3 st
%Cpu(s):  3.4 us,  3.1 sy,  0.0 ni, 93.2 id,  0.0 wa,  0.0 hi,  0.0 si,  0.3 st
%Cpu(s):  3.0 us,  3.4 sy,  0.0 ni, 93.2 id,  0.0 wa,  0.0 hi,  0.1 si,  0.3 st
%Cpu(s):  3.9 us,  2.8 sy,  0.0 ni, 93.1 id,  0.0 wa,  0.0 hi,  0.0 si,  0.1 st
%Cpu(s):  3.3 us,  3.2 sy,  0.0 ni, 93.3 id,  0.0 wa,  0.0 hi,  0.0 si,  0.3 st
%Cpu(s):  3.2 us,  3.2 sy,  0.0 ni, 93.6 id,  0.0 wa,  0.0 hi,  0.0 si,  0.0 st
%Cpu(s):  4.3 us,  2.9 sy,  0.0 ni, 92.6 id,  0.0 wa,  0.0 hi,  0.0 si,  0.3 st
%Cpu(s):  6.2 us,  2.9 sy,  0.0 ni, 90.7 id,  0.0 wa,  0.0 hi,  0.0 si,  0.1 st
