%Cpu(s):  0.1 us,  0.0 sy,  0.0 ni, 99.9 id,  0.0 wa,  0.0 hi,  0.0 si,  0.0 st
%Cpu(s):  0.4 us,  0.0 sy,  0.0 ni, 99.5 id,  0.1 wa,  0.0 hi,  0.0 si,  0.0 st
%Cpu(s): 26.6 us,  4.2 sy,  0.0 ni, 69.1 id,  0.1 wa,  0.0 hi,  0.0 si,  0.0 st
%Cpu(s): 87.7 us,  3.5 sy,  0.0 ni,  8.7 id,  0.0 wa,  0.0 hi,  0.0 si,  0.1 st
%Cpu(s): 85.9 us,  2.2 sy,  0.0 ni, 11.9 id,  0.0 wa,  0.0 hi,  0.0 si,  0.0 st
%Cpu(s): 73.4 us,  2.1 sy,  0.0 ni, 24.5 id,  0.0 wa,  0.0 hi,  0.0 si,  0.0 st
%Cpu(s): 94.0 us,  2.1 sy,  0.0 ni,  3.9 id,  0.0 wa,  0.0 hi,  0.0 si,  0.0 st
%Cpu(s): 97.1 us,  2.2 sy,  0.0 ni,  0.4 id,  0.0 wa,  0.0 hi,  0.2 si,  0.0 st
%Cpu(s): 96.4 us,  2.7 sy,  0.0 ni,  0.7 id,  0.0 wa,  0.0 hi,  0.1 si,  0.0 st
%Cpu(s): 95.3 us,  3.1 sy,  0.0 ni,  1.4 id,  0.0 wa,  0.0 hi,  0.2 si,  0.0 st
%Cpu(s): 97.1 us,  2.4 sy,  0.0 ni,  0.2 id,  0.0 wa,  0.0 hi,  0.2 si,  0.0 st
%Cpu(s): 95.9 us,  3.1 sy,  0.0 ni,  0.6 id,  0.0 wa,  0.0 hi,  0.4 si,  0.0 st
%Cpu(s): 90.8 us,  8.1 sy,  0.0 ni,  0.0 id,  0.0 wa,  0.0 hi,  1.0 si,  0.1 st
%Cpu(s): 94.8 us,  3.9 sy,  0.0 ni,  0.2 id,  0.0 wa,  0.0 hi,  1.1 si,  0.0 st
%Cpu(s): 88.4 us,  3.4 sy,  0.0 ni,  7.5 id,  0.0 wa,  0.0 hi,  0.7 si,  0.0 st
%Cpu(s): 90.9 us,  2.4 sy,  0.0 ni,  5.7 id,  0.0 wa,  0.0 hi,  1.0 si,  0.0 st
%Cpu(s): 95.2 us,  4.0 sy,  0.0 ni,  0.4 id,  0.0 wa,  0.0 hi,  0.5 si,  0.0 st
%Cpu(s): 92.9 us,  3.9 sy,  0.0 ni,  2.2 id,  0.0 wa,  0.0 hi,  1.0 si,  0.0 st
%Cpu(s): 92.2 us,  5.8 sy,  0.0 ni,  0.2 id,  0.0 wa,  0.0 hi,  1.7 si,  0.0 st
%Cpu(s): 85.9 us,  6.2 sy,  0.0 ni,  5.5 id,  0.0 wa,  0.0 hi,  2.2 si,  0.1 st
%Cpu(s): 90.6 us,  6.8 sy,  0.0 ni,  0.6 id,  0.0 wa,  0.0 hi,  1.9 si,  0.1 st
%Cpu(s): 74.5 us,  6.7 sy,  0.0 ni, 17.1 id,  0.0 wa,  0.0 hi,  1.5 si,  0.1 st
%Cpu(s): 74.6 us,  7.2 sy,  0.0 ni, 16.8 id,  0.0 wa,  0.0 hi,  1.4 si,  0.0 st
%Cpu(s): 67.4 us,  5.3 sy,  0.0 ni, 25.9 id,  0.0 wa,  0.0 hi,  1.4 si,  0.0 st
%Cpu(s): 56.5 us,  5.4 sy,  0.0 ni, 37.0 id,  0.0 wa,  0.0 hi,  1.1 si,  0.0 st
%Cpu(s): 31.7 us,  5.1 sy,  0.0 ni, 61.6 id,  0.1 wa,  0.0 hi,  1.3 si,  0.3 st
%Cpu(s): 37.4 us,  5.2 sy,  0.0 ni, 56.9 id,  0.0 wa,  0.0 hi,  0.5 si,  0.0 st
%Cpu(s): 19.7 us,  4.9 sy,  0.0 ni, 74.4 id,  0.0 wa,  0.0 hi,  1.0 si,  0.0 st
%Cpu(s): 48.6 us,  5.5 sy,  0.0 ni, 44.7 id,  0.0 wa,  0.0 hi,  1.1 si,  0.1 st
%Cpu(s): 75.7 us,  6.3 sy,  0.0 ni, 16.5 id,  0.0 wa,  0.0 hi,  1.4 si,  0.0 st
%Cpu(s): 59.1 us,  5.1 sy,  0.0 ni, 34.4 id,  0.0 wa,  0.0 hi,  1.2 si,  0.1 st
%Cpu(s): 17.7 us,  4.9 sy,  0.0 ni, 75.8 id,  0.0 wa,  0.0 hi,  1.5 si,  0.1 st
%Cpu(s): 23.4 us,  4.9 sy,  0.0 ni, 70.4 id,  0.0 wa,  0.0 hi,  1.4 si,  0.0 st
%Cpu(s): 39.5 us,  5.2 sy,  0.0 ni, 53.7 id,  0.0 wa,  0.0 hi,  1.4 si,  0.1 st
%Cpu(s): 40.6 us,  4.7 sy,  0.0 ni, 53.2 id,  0.0 wa,  0.0 hi,  1.5 si,  0.0 st
%Cpu(s): 36.5 us,  4.1 sy,  0.0 ni, 58.2 id,  0.0 wa,  0.0 hi,  1.1 si,  0.1 st
%Cpu(s): 22.0 us,  4.8 sy,  0.0 ni, 71.8 id,  0.0 wa,  0.0 hi,  1.2 si,  0.1 st
%Cpu(s): 15.5 us,  4.3 sy,  0.0 ni, 78.9 id,  0.0 wa,  0.0 hi,  1.2 si,  0.0 st
%Cpu(s): 11.6 us,  4.6 sy,  0.0 ni, 82.2 id,  0.0 wa,  0.0 hi,  1.4 si,  0.1 st
%Cpu(s): 10.5 us,  5.3 sy,  0.0 ni, 82.6 id,  0.0 wa,  0.0 hi,  1.5 si,  0.1 st
%Cpu(s): 12.3 us,  5.7 sy,  0.0 ni, 80.5 id,  0.1 wa,  0.0 hi,  1.2 si,  0.1 st
%Cpu(s): 27.5 us,  5.3 sy,  0.0 ni, 66.0 id,  0.0 wa,  0.0 hi,  1.2 si,  0.0 st
%Cpu(s): 35.7 us,  5.1 sy,  0.0 ni, 57.8 id,  0.0 wa,  0.0 hi,  1.4 si,  0.1 st
%Cpu(s): 18.1 us,  3.7 sy,  0.0 ni, 76.4 id,  0.0 wa,  0.0 hi,  1.7 si,  0.0 st
%Cpu(s): 16.9 us,  4.4 sy,  0.0 ni, 77.4 id,  0.0 wa,  0.0 hi,  1.0 si,  0.3 st
%Cpu(s): 36.1 us,  5.2 sy,  0.0 ni, 57.8 id,  0.0 wa,  0.0 hi,  1.0 si,  0.0 st
%Cpu(s): 25.4 us,  6.7 sy,  0.0 ni, 66.9 id,  0.0 wa,  0.0 hi,  1.0 si,  0.0 st
%Cpu(s): 31.1 us,  6.4 sy,  0.0 ni, 61.5 id,  0.0 wa,  0.0 hi,  1.0 si,  0.0 st
%Cpu(s): 12.8 us,  4.8 sy,  0.0 ni, 81.1 id,  0.0 wa,  0.0 hi,  1.1 si,  0.3 st
%Cpu(s): 11.5 us,  5.8 sy,  0.0 ni, 81.0 id,  0.0 wa,  0.0 hi,  1.5 si,  0.1 st
%Cpu(s): 10.5 us,  5.2 sy,  0.0 ni, 83.0 id,  0.0 wa,  0.0 hi,  1.4 si,  0.0 st
%Cpu(s): 16.4 us,  5.7 sy,  0.0 ni, 76.7 id,  0.0 wa,  0.0 hi,  1.2 si,  0.0 st
%Cpu(s): 10.7 us,  5.5 sy,  0.0 ni, 82.8 id,  0.0 wa,  0.0 hi,  1.0 si,  0.1 st
%Cpu(s): 13.0 us,  4.8 sy,  0.0 ni, 80.7 id,  0.0 wa,  0.0 hi,  1.4 si,  0.1 st
%Cpu(s): 12.5 us,  4.7 sy,  0.0 ni, 81.4 id,  0.0 wa,  0.0 hi,  1.2 si,  0.1 st
%Cpu(s): 11.6 us,  5.2 sy,  0.0 ni, 82.2 id,  0.0 wa,  0.0 hi,  1.0 si,  0.1 st
%Cpu(s): 11.9 us,  4.4 sy,  0.0 ni, 82.3 id,  0.0 wa,  0.0 hi,  1.3 si,  0.1 st
%Cpu(s): 17.8 us,  4.8 sy,  0.0 ni, 75.4 id,  0.0 wa,  0.0 hi,  1.9 si,  0.1 st
%Cpu(s): 14.6 us,  4.2 sy,  0.0 ni, 79.5 id,  0.0 wa,  0.0 hi,  1.5 si,  0.1 st
%Cpu(s): 12.3 us,  4.9 sy,  0.0 ni, 81.4 id,  0.0 wa,  0.0 hi,  1.3 si,  0.1 st
%Cpu(s): 10.5 us,  4.9 sy,  0.0 ni, 83.7 id,  0.0 wa,  0.0 hi,  0.9 si,  0.0 st
%Cpu(s):  3.1 us,  1.6 sy,  0.0 ni, 95.0 id,  0.0 wa,  0.0 hi,  0.3 si,  0.0 st
%Cpu(s):  1.9 us,  0.8 sy,  0.0 ni, 97.4 id,  0.0 wa,  0.0 hi,  0.0 si,  0.0 st
%Cpu(s):  2.7 us,  1.6 sy,  0.0 ni, 95.6 id,  0.0 wa,  0.0 hi,  0.0 si,  0.0 st
%Cpu(s):  2.9 us,  1.4 sy,  0.0 ni, 95.6 id,  0.0 wa,  0.0 hi,  0.0 si,  0.1 st
%Cpu(s):  2.1 us,  1.6 sy,  0.0 ni, 96.0 id,  0.1 wa,  0.0 hi,  0.1 si,  0.0 st
%Cpu(s):  2.2 us,  1.6 sy,  0.0 ni, 96.1 id,  0.0 wa,  0.0 hi,  0.0 si,  0.0 st
%Cpu(s):  2.9 us,  1.7 sy,  0.0 ni, 95.3 id,  0.0 wa,  0.0 hi,  0.0 si,  0.1 st
%Cpu(s):  3.5 us,  2.2 sy,  0.0 ni, 94.3 id,  0.0 wa,  0.0 hi,  0.0 si,  0.0 st
%Cpu(s):  3.9 us,  1.2 sy,  0.0 ni, 94.8 id,  0.0 wa,  0.0 hi,  0.0 si,  0.1 st
%Cpu(s):  4.5 us,  1.7 sy,  0.0 ni, 93.7 id,  0.0 wa,  0.0 hi,  0.1 si,  0.0 st
%Cpu(s):  4.2 us,  1.1 sy,  0.0 ni, 94.6 id,  0.0 wa,  0.0 hi,  0.0 si,  0.0 st
%Cpu(s):  2.5 us,  1.0 sy,  0.0 ni, 96.5 id,  0.0 wa,  0.0 hi,  0.0 si,  0.0 st
%Cpu(s):  4.2 us,  1.2 sy,  0.0 ni, 94.3 id,  0.0 wa,  0.0 hi,  0.1 si,  0.1 st
%Cpu(s):  1.4 us,  1.5 sy,  0.0 ni, 97.1 id,  0.0 wa,  0.0 hi,  0.0 si,  0.0 st
%Cpu(s):  2.0 us,  1.2 sy,  0.0 ni, 96.8 id,  0.0 wa,  0.0 hi,  0.0 si,  0.0 st
%Cpu(s):  2.0 us,  1.1 sy,  0.0 ni, 96.8 id,  0.0 wa,  0.0 hi,  0.0 si,  0.1 st
%Cpu(s):  2.0 us,  1.2 sy,  0.0 ni, 96.8 id,  0.0 wa,  0.0 hi,  0.0 si,  0.0 st
%Cpu(s):  1.9 us,  1.3 sy,  0.0 ni, 96.9 id,  0.0 wa,  0.0 hi,  0.0 si,  0.0 st
