%Cpu(s):  5.7 us,  0.6 sy,  0.0 ni, 93.6 id,  0.0 wa,  0.0 hi,  0.1 si,  0.0 st
%Cpu(s): 83.4 us,  6.3 sy,  0.0 ni, 10.3 id,  0.0 wa,  0.0 hi,  0.0 si,  0.0 st
%Cpu(s): 93.6 us,  5.7 sy,  0.0 ni,  0.7 id,  0.0 wa,  0.0 hi,  0.0 si,  0.0 st
%Cpu(s): 96.9 us,  3.1 sy,  0.0 ni,  0.0 id,  0.0 wa,  0.0 hi,  0.0 si,  0.0 st
%Cpu(s): 96.5 us,  3.1 sy,  0.0 ni,  0.4 id,  0.0 wa,  0.0 hi,  0.0 si,  0.0 st
%Cpu(s): 97.0 us,  2.5 sy,  0.0 ni,  0.5 id,  0.0 wa,  0.0 hi,  0.0 si,  0.0 st
%Cpu(s): 95.4 us,  3.4 sy,  0.0 ni,  1.2 id,  0.0 wa,  0.0 hi,  0.0 si,  0.0 st
%Cpu(s): 97.3 us,  2.6 sy,  0.0 ni,  0.0 id,  0.0 wa,  0.0 hi,  0.0 si,  0.1 st
%Cpu(s): 97.3 us,  2.6 sy,  0.0 ni,  0.0 id,  0.0 wa,  0.0 hi,  0.1 si,  0.0 st
%Cpu(s): 97.0 us,  2.7 sy,  0.0 ni,  0.0 id,  0.0 wa,  0.0 hi,  0.2 si,  0.0 st
%Cpu(s): 96.9 us,  2.7 sy,  0.0 ni,  0.0 id,  0.0 wa,  0.0 hi,  0.4 si,  0.0 st
%Cpu(s): 97.5 us,  2.2 sy,  0.0 ni,  0.0 id,  0.0 wa,  0.0 hi,  0.2 si,  0.0 st
%Cpu(s): 97.0 us,  2.7 sy,  0.0 ni,  0.0 id,  0.0 wa,  0.0 hi,  0.2 si,  0.0 st
%Cpu(s): 95.9 us,  3.8 sy,  0.0 ni,  0.0 id,  0.0 wa,  0.0 hi,  0.2 si,  0.0 st
%Cpu(s): 96.8 us,  2.9 sy,  0.0 ni,  0.0 id,  0.0 wa,  0.0 hi,  0.4 si,  0.0 st
%Cpu(s): 96.1 us,  3.6 sy,  0.0 ni,  0.0 id,  0.0 wa,  0.0 hi,  0.2 si,  0.0 st
%Cpu(s): 96.5 us,  2.7 sy,  0.0 ni,  0.5 id,  0.0 wa,  0.0 hi,  0.2 si,  0.0 st
%Cpu(s): 95.2 us,  4.3 sy,  0.0 ni,  0.1 id,  0.0 wa,  0.0 hi,  0.4 si,  0.0 st
%Cpu(s): 93.1 us,  5.5 sy,  0.0 ni,  0.4 id,  0.0 wa,  0.0 hi,  1.0 si,  0.0 st
%Cpu(s): 88.1 us,  9.8 sy,  0.0 ni,  0.2 id,  0.0 wa,  0.0 hi,  1.7 si,  0.1 st
%Cpu(s): 87.4 us, 10.0 sy,  0.0 ni,  0.4 id,  0.0 wa,  0.0 hi,  2.2 si,  0.0 st
%Cpu(s): 86.9 us, 10.5 sy,  0.0 ni,  0.4 id,  0.0 wa,  0.0 hi,  2.2 si,  0.0 st
%Cpu(s): 87.6 us, 10.2 sy,  0.0 ni,  0.2 id,  0.0 wa,  0.0 hi,  2.0 si,  0.0 st
%Cpu(s): 84.8 us, 12.4 sy,  0.0 ni,  0.0 id,  0.0 wa,  0.0 hi,  2.9 si,  0.0 st
%Cpu(s): 85.4 us, 12.1 sy,  0.0 ni,  0.0 id,  0.0 wa,  0.0 hi,  2.5 si,  0.0 st
%Cpu(s): 87.2 us, 11.0 sy,  0.0 ni,  0.0 id,  0.0 wa,  0.0 hi,  1.7 si,  0.1 st
%Cpu(s): 88.3 us,  9.6 sy,  0.0 ni,  0.0 id,  0.0 wa,  0.0 hi,  2.1 si,  0.0 st
%Cpu(s): 89.2 us,  8.9 sy,  0.0 ni,  0.0 id,  0.0 wa,  0.0 hi,  1.9 si,  0.0 st
%Cpu(s): 87.9 us, 10.2 sy,  0.0 ni,  0.0 id,  0.0 wa,  0.0 hi,  1.9 si,  0.0 st
%Cpu(s): 87.5 us, 10.7 sy,  0.0 ni,  0.0 id,  0.0 wa,  0.0 hi,  1.9 si,  0.0 st
%Cpu(s): 87.7 us, 10.4 sy,  0.0 ni,  0.0 id,  0.0 wa,  0.0 hi,  1.9 si,  0.0 st
%Cpu(s): 87.7 us, 10.0 sy,  0.0 ni,  0.0 id,  0.0 wa,  0.0 hi,  2.2 si,  0.1 st
%Cpu(s): 87.2 us, 10.3 sy,  0.0 ni,  0.0 id,  0.0 wa,  0.0 hi,  2.5 si,  0.0 st
%Cpu(s): 88.2 us,  9.6 sy,  0.0 ni,  0.0 id,  0.0 wa,  0.0 hi,  2.2 si,  0.0 st
%Cpu(s): 90.4 us,  7.3 sy,  0.0 ni,  0.0 id,  0.0 wa,  0.0 hi,  2.2 si,  0.0 st
%Cpu(s): 92.4 us,  6.5 sy,  0.0 ni,  0.1 id,  0.0 wa,  0.0 hi,  1.0 si,  0.0 st
%Cpu(s): 92.2 us,  6.4 sy,  0.0 ni,  0.0 id,  0.0 wa,  0.0 hi,  1.4 si,  0.0 st
%Cpu(s): 91.8 us,  6.6 sy,  0.0 ni,  0.0 id,  0.0 wa,  0.0 hi,  1.6 si,  0.0 st
%Cpu(s): 91.6 us,  7.1 sy,  0.0 ni,  0.0 id,  0.0 wa,  0.0 hi,  1.2 si,  0.1 st
%Cpu(s): 90.2 us,  8.3 sy,  0.0 ni,  0.0 id,  0.0 wa,  0.0 hi,  1.5 si,  0.0 st
%Cpu(s): 88.9 us,  9.0 sy,  0.0 ni,  0.2 id,  0.0 wa,  0.0 hi,  1.9 si,  0.0 st
%Cpu(s): 90.1 us,  8.1 sy,  0.0 ni,  0.0 id,  0.0 wa,  0.0 hi,  1.9 si,  0.0 st
%Cpu(s): 86.6 us,  8.8 sy,  0.0 ni,  2.6 id,  0.0 wa,  0.0 hi,  1.9 si,  0.1 st
%Cpu(s): 85.5 us,  8.6 sy,  0.0 ni,  3.7 id,  0.0 wa,  0.0 hi,  2.1 si,  0.0 st
%Cpu(s): 68.9 us,  6.9 sy,  0.0 ni, 22.2 id,  0.0 wa,  0.0 hi,  2.0 si,  0.0 st
%Cpu(s): 65.6 us,  7.3 sy,  0.0 ni, 25.1 id,  0.0 wa,  0.0 hi,  2.0 si,  0.0 st
%Cpu(s): 78.4 us,  7.4 sy,  0.0 ni, 12.6 id,  0.0 wa,  0.0 hi,  1.6 si,  0.0 st
%Cpu(s): 78.1 us,  8.1 sy,  0.0 ni, 12.2 id,  0.0 wa,  0.0 hi,  1.6 si,  0.0 st
%Cpu(s): 45.0 us,  6.8 sy,  0.0 ni, 46.6 id,  0.0 wa,  0.0 hi,  1.5 si,  0.1 st
%Cpu(s): 50.8 us,  6.2 sy,  0.0 ni, 41.5 id,  0.0 wa,  0.0 hi,  1.5 si,  0.1 st
%Cpu(s): 38.2 us,  6.9 sy,  0.0 ni, 52.9 id,  0.0 wa,  0.0 hi,  2.0 si,  0.0 st
%Cpu(s): 42.0 us,  6.8 sy,  0.0 ni, 49.6 id,  0.0 wa,  0.0 hi,  1.5 si,  0.1 st
%Cpu(s): 30.6 us,  6.4 sy,  0.0 ni, 61.0 id,  0.0 wa,  0.0 hi,  2.0 si,  0.0 st
%Cpu(s): 30.0 us,  5.8 sy,  0.0 ni, 62.2 id,  0.0 wa,  0.0 hi,  2.0 si,  0.0 st
%Cpu(s): 51.2 us,  6.9 sy,  0.0 ni, 39.9 id,  0.0 wa,  0.0 hi,  2.0 si,  0.0 st
%Cpu(s): 36.3 us,  6.4 sy,  0.0 ni, 56.1 id,  0.0 wa,  0.0 hi,  1.1 si,  0.1 st
%Cpu(s): 28.3 us,  6.1 sy,  0.0 ni, 63.8 id,  0.0 wa,  0.0 hi,  1.7 si,  0.1 st
%Cpu(s): 30.5 us,  7.6 sy,  0.0 ni, 60.1 id,  0.0 wa,  0.0 hi,  1.8 si,  0.1 st
%Cpu(s): 19.0 us,  6.3 sy,  0.0 ni, 72.7 id,  0.3 wa,  0.0 hi,  1.8 si,  0.0 st
%Cpu(s): 37.0 us,  7.5 sy,  0.0 ni, 54.0 id,  0.0 wa,  0.0 hi,  1.4 si,  0.1 st
%Cpu(s): 40.6 us,  6.4 sy,  0.0 ni, 50.9 id,  0.0 wa,  0.0 hi,  1.8 si,  0.3 st
%Cpu(s): 18.0 us,  3.6 sy,  0.0 ni, 77.8 id,  0.0 wa,  0.0 hi,  0.5 si,  0.0 st
%Cpu(s):  7.4 us,  2.8 sy,  0.0 ni, 89.8 id,  0.0 wa,  0.0 hi,  0.0 si,  0.0 st
%Cpu(s):  4.1 us,  3.2 sy,  0.0 ni, 92.6 id,  0.0 wa,  0.0 hi,  0.0 si,  0.0 st
%Cpu(s):  5.8 us,  2.8 sy,  0.0 ni, 91.2 id,  0.0 wa,  0.0 hi,  0.1 si,  0.1 st
%Cpu(s):  4.0 us,  2.5 sy,  0.0 ni, 93.4 id,  0.0 wa,  0.0 hi,  0.0 si,  0.0 st
%Cpu(s):  5.1 us,  3.2 sy,  0.0 ni, 91.4 id,  0.1 wa,  0.0 hi,  0.0 si,  0.1 st
%Cpu(s):  7.7 us,  2.5 sy,  0.0 ni, 89.8 id,  0.0 wa,  0.0 hi,  0.0 si,  0.0 st
%Cpu(s):  3.8 us,  2.8 sy,  0.0 ni, 93.4 id,  0.0 wa,  0.0 hi,  0.0 si,  0.1 st
%Cpu(s):  4.9 us,  2.6 sy,  0.0 ni, 92.5 id,  0.0 wa,  0.0 hi,  0.0 si,  0.0 st
%Cpu(s):  5.5 us,  2.9 sy,  0.0 ni, 91.6 id,  0.0 wa,  0.0 hi,  0.0 si,  0.0 st
%Cpu(s):  3.6 us,  2.5 sy,  0.0 ni, 93.7 id,  0.0 wa,  0.0 hi,  0.0 si,  0.1 st
%Cpu(s): 15.9 us,  2.5 sy,  0.0 ni, 81.4 id,  0.0 wa,  0.0 hi,  0.0 si,  0.1 st
%Cpu(s): 21.4 us,  2.8 sy,  0.0 ni, 75.8 id,  0.0 wa,  0.0 hi,  0.0 si,  0.0 st
%Cpu(s): 10.6 us,  2.4 sy,  0.0 ni, 86.7 id,  0.0 wa,  0.0 hi,  0.1 si,  0.1 st
%Cpu(s): 16.1 us,  3.4 sy,  0.0 ni, 80.5 id,  0.0 wa,  0.0 hi,  0.0 si,  0.0 st
%Cpu(s): 17.0 us,  2.6 sy,  0.0 ni, 80.2 id,  0.0 wa,  0.0 hi,  0.1 si,  0.0 st
%Cpu(s): 12.3 us,  2.4 sy,  0.0 ni, 85.2 id,  0.0 wa,  0.0 hi,  0.0 si,  0.0 st
%Cpu(s): 10.0 us,  3.3 sy,  0.0 ni, 86.3 id,  0.0 wa,  0.0 hi,  0.4 si,  0.0 st
