%Cpu(s):  0.1 us,  0.0 sy,  0.0 ni, 99.8 id,  0.0 wa,  0.0 hi,  0.0 si,  0.0 st
%Cpu(s): 41.2 us,  4.9 sy,  0.0 ni, 53.6 id,  0.0 wa,  0.0 hi,  0.1 si,  0.1 st
%Cpu(s): 83.4 us,  3.5 sy,  0.0 ni, 13.0 id,  0.0 wa,  0.0 hi,  0.0 si,  0.0 st
%Cpu(s): 78.3 us,  2.8 sy,  0.0 ni, 18.6 id,  0.3 wa,  0.0 hi,  0.0 si,  0.1 st
%Cpu(s): 95.9 us,  2.0 sy,  0.0 ni,  2.1 id,  0.0 wa,  0.0 hi,  0.0 si,  0.0 st
%Cpu(s): 96.1 us,  2.5 sy,  0.0 ni,  1.2 id,  0.0 wa,  0.0 hi,  0.1 si,  0.0 st
%Cpu(s): 67.9 us,  1.5 sy,  0.0 ni, 30.6 id,  0.0 wa,  0.0 hi,  0.0 si,  0.0 st
%Cpu(s): 11.6 us,  1.9 sy,  0.0 ni, 86.2 id,  0.0 wa,  0.0 hi,  0.0 si,  0.2 st
%Cpu(s):  3.1 us,  1.9 sy,  0.0 ni, 94.7 id,  0.0 wa,  0.0 hi,  0.1 si,  0.1 st
%Cpu(s):  4.8 us,  2.1 sy,  0.0 ni, 92.8 id,  0.0 wa,  0.0 hi,  0.0 si,  0.2 st
%Cpu(s):  3.0 us,  1.8 sy,  0.0 ni, 95.1 id,  0.0 wa,  0.0 hi,  0.0 si,  0.1 st
%Cpu(s):  3.2 us,  2.1 sy,  0.0 ni, 94.4 id,  0.0 wa,  0.0 hi,  0.1 si,  0.1 st
%Cpu(s):  3.5 us,  2.0 sy,  0.0 ni, 94.4 id,  0.0 wa,  0.0 hi,  0.0 si,  0.1 st
%Cpu(s):  3.1 us,  1.9 sy,  0.0 ni, 94.8 id,  0.0 wa,  0.0 hi,  0.0 si,  0.2 st
%Cpu(s):  2.6 us,  2.6 sy,  0.0 ni, 94.4 id,  0.0 wa,  0.0 hi,  0.1 si,  0.2 st
%Cpu(s):  2.9 us,  1.8 sy,  0.0 ni, 95.1 id,  0.0 wa,  0.0 hi,  0.0 si,  0.3 st
%Cpu(s):  7.2 us,  2.5 sy,  0.0 ni, 89.9 id,  0.2 wa,  0.0 hi,  0.0 si,  0.1 st
%Cpu(s): 46.5 us,  3.7 sy,  0.0 ni, 48.9 id,  0.0 wa,  0.0 hi,  0.8 si,  0.1 st
%Cpu(s): 46.4 us,  3.5 sy,  0.0 ni, 48.9 id,  0.0 wa,  0.0 hi,  1.0 si,  0.1 st
%Cpu(s): 23.6 us,  3.8 sy,  0.0 ni, 71.9 id,  0.0 wa,  0.0 hi,  0.6 si,  0.1 st
%Cpu(s): 33.2 us,  3.5 sy,  0.0 ni, 62.0 id,  0.1 wa,  0.0 hi,  1.3 si,  0.0 st
%Cpu(s): 18.1 us,  3.8 sy,  0.0 ni, 77.6 id,  0.0 wa,  0.0 hi,  0.5 si,  0.0 st
%Cpu(s):  8.8 us,  4.4 sy,  0.0 ni, 85.9 id,  0.0 wa,  0.0 hi,  0.8 si,  0.1 st
%Cpu(s):  8.0 us,  4.5 sy,  0.0 ni, 86.5 id,  0.0 wa,  0.0 hi,  1.0 si,  0.0 st
%Cpu(s): 11.7 us,  4.7 sy,  0.0 ni, 82.6 id,  0.0 wa,  0.0 hi,  0.9 si,  0.1 st
%Cpu(s): 10.2 us,  4.6 sy,  0.0 ni, 84.4 id,  0.0 wa,  0.0 hi,  0.9 si,  0.0 st
%Cpu(s): 11.0 us,  3.9 sy,  0.0 ni, 83.9 id,  0.0 wa,  0.0 hi,  1.0 si,  0.1 st
%Cpu(s): 15.2 us,  5.2 sy,  0.0 ni, 78.6 id,  0.0 wa,  0.0 hi,  0.9 si,  0.1 st
%Cpu(s): 15.0 us,  4.3 sy,  0.0 ni, 79.8 id,  0.0 wa,  0.0 hi,  0.9 si,  0.0 st
%Cpu(s):  8.0 us,  5.2 sy,  0.0 ni, 85.9 id,  0.0 wa,  0.0 hi,  0.9 si,  0.1 st
%Cpu(s):  8.7 us,  4.1 sy,  0.0 ni, 86.1 id,  0.1 wa,  0.0 hi,  1.0 si,  0.0 st
%Cpu(s): 14.7 us,  4.8 sy,  0.0 ni, 79.6 id,  0.0 wa,  0.0 hi,  0.9 si,  0.0 st
%Cpu(s):  5.9 us,  5.3 sy,  0.0 ni, 87.8 id,  0.0 wa,  0.0 hi,  0.8 si,  0.1 st
%Cpu(s):  6.5 us,  4.7 sy,  0.0 ni, 88.1 id,  0.0 wa,  0.0 hi,  0.8 si,  0.0 st
%Cpu(s):  8.0 us,  4.4 sy,  0.0 ni, 86.7 id,  0.0 wa,  0.0 hi,  0.8 si,  0.1 st
%Cpu(s):  8.9 us,  4.8 sy,  0.0 ni, 85.4 id,  0.0 wa,  0.0 hi,  0.9 si,  0.1 st
%Cpu(s): 18.1 us,  4.9 sy,  0.0 ni, 75.8 id,  0.0 wa,  0.0 hi,  1.1 si,  0.0 st
%Cpu(s): 20.7 us,  4.9 sy,  0.0 ni, 73.9 id,  0.0 wa,  0.0 hi,  0.5 si,  0.0 st
%Cpu(s): 17.0 us,  4.0 sy,  0.0 ni, 77.6 id,  0.0 wa,  0.0 hi,  1.3 si,  0.1 st
%Cpu(s):  7.6 us,  3.7 sy,  0.0 ni, 88.3 id,  0.0 wa,  0.0 hi,  0.3 si,  0.1 st
%Cpu(s):  9.1 us,  3.8 sy,  0.0 ni, 86.2 id,  0.0 wa,  0.0 hi,  0.9 si,  0.0 st
%Cpu(s):  5.4 us,  3.7 sy,  0.0 ni, 90.3 id,  0.0 wa,  0.0 hi,  0.6 si,  0.0 st
%Cpu(s):  6.5 us,  3.6 sy,  0.0 ni, 88.7 id,  0.0 wa,  0.0 hi,  1.1 si,  0.1 st
%Cpu(s):  6.1 us,  4.2 sy,  0.0 ni, 89.2 id,  0.0 wa,  0.0 hi,  0.4 si,  0.1 st
%Cpu(s):  5.6 us,  4.5 sy,  0.0 ni, 89.3 id,  0.0 wa,  0.0 hi,  0.5 si,  0.0 st
%Cpu(s):  7.0 us,  4.3 sy,  0.0 ni, 87.8 id,  0.0 wa,  0.0 hi,  0.9 si,  0.0 st
%Cpu(s):  6.0 us,  4.6 sy,  0.0 ni, 87.1 id,  1.5 wa,  0.0 hi,  0.6 si,  0.3 st
%Cpu(s):  6.0 us,  3.1 sy,  0.0 ni, 90.2 id,  0.0 wa,  0.0 hi,  0.7 si,  0.0 st
%Cpu(s):  7.8 us,  4.8 sy,  0.0 ni, 86.7 id,  0.0 wa,  0.0 hi,  0.6 si,  0.1 st
%Cpu(s):  7.1 us,  4.8 sy,  0.0 ni, 87.6 id,  0.0 wa,  0.0 hi,  0.5 si,  0.0 st
%Cpu(s):  5.7 us,  4.3 sy,  0.0 ni, 88.9 id,  0.0 wa,  0.0 hi,  1.0 si,  0.1 st
%Cpu(s):  6.5 us,  4.5 sy,  0.0 ni, 87.5 id,  0.3 wa,  0.0 hi,  1.0 si,  0.3 st
%Cpu(s):  6.4 us,  5.4 sy,  0.0 ni, 87.2 id,  0.0 wa,  0.0 hi,  1.0 si,  0.0 st
%Cpu(s):  6.9 us,  4.3 sy,  0.0 ni, 88.2 id,  0.0 wa,  0.0 hi,  0.5 si,  0.1 st
%Cpu(s):  7.0 us,  4.3 sy,  0.0 ni, 88.0 id,  0.0 wa,  0.0 hi,  0.6 si,  0.0 st
%Cpu(s):  5.8 us,  4.8 sy,  0.0 ni, 88.7 id,  0.0 wa,  0.0 hi,  0.5 si,  0.1 st
%Cpu(s):  7.5 us,  4.3 sy,  0.0 ni, 87.5 id,  0.0 wa,  0.0 hi,  0.6 si,  0.1 st
%Cpu(s):  6.3 us,  3.5 sy,  0.0 ni, 89.4 id,  0.0 wa,  0.0 hi,  0.6 si,  0.1 st
%Cpu(s):  7.8 us,  4.4 sy,  0.0 ni, 86.9 id,  0.0 wa,  0.0 hi,  0.8 si,  0.1 st
%Cpu(s):  5.2 us,  4.6 sy,  0.0 ni, 89.8 id,  0.0 wa,  0.0 hi,  0.4 si,  0.0 st
%Cpu(s):  9.9 us,  3.3 sy,  0.0 ni, 85.8 id,  0.1 wa,  0.0 hi,  0.6 si,  0.1 st
%Cpu(s):  3.5 us,  1.9 sy,  0.0 ni, 94.2 id,  0.0 wa,  0.0 hi,  0.3 si,  0.1 st
%Cpu(s):  1.5 us,  2.2 sy,  0.0 ni, 96.0 id,  0.0 wa,  0.0 hi,  0.0 si,  0.2 st
%Cpu(s):  1.8 us,  3.1 sy,  0.0 ni, 94.6 id,  0.0 wa,  0.0 hi,  0.1 si,  0.4 st
%Cpu(s):  2.4 us,  2.1 sy,  0.0 ni, 95.4 id,  0.0 wa,  0.0 hi,  0.0 si,  0.1 st
%Cpu(s):  1.5 us,  1.5 sy,  0.0 ni, 96.8 id,  0.0 wa,  0.0 hi,  0.0 si,  0.1 st
%Cpu(s):  3.1 us,  2.5 sy,  0.0 ni, 94.0 id,  0.0 wa,  0.0 hi,  0.0 si,  0.4 st
%Cpu(s):  2.0 us,  2.0 sy,  0.0 ni, 96.0 id,  0.0 wa,  0.0 hi,  0.0 si,  0.0 st
%Cpu(s):  1.4 us,  2.1 sy,  0.0 ni, 96.4 id,  0.0 wa,  0.0 hi,  0.0 si,  0.1 st
%Cpu(s):  7.8 us,  2.1 sy,  0.0 ni, 89.8 id,  0.0 wa,  0.0 hi,  0.0 si,  0.2 st
%Cpu(s):  4.9 us,  2.2 sy,  0.0 ni, 92.9 id,  0.0 wa,  0.0 hi,  0.0 si,  0.0 st
%Cpu(s):  1.6 us,  1.8 sy,  0.0 ni, 96.4 id,  0.0 wa,  0.0 hi,  0.0 si,  0.3 st
%Cpu(s):  2.0 us,  1.6 sy,  0.0 ni, 96.2 id,  0.0 wa,  0.0 hi,  0.0 si,  0.1 st
%Cpu(s):  1.6 us,  1.3 sy,  0.0 ni, 96.9 id,  0.0 wa,  0.0 hi,  0.0 si,  0.3 st
%Cpu(s):  1.6 us,  1.7 sy,  0.0 ni, 96.5 id,  0.0 wa,  0.0 hi,  0.0 si,  0.1 st
%Cpu(s):  8.7 us,  2.1 sy,  0.0 ni, 88.9 id,  0.1 wa,  0.0 hi,  0.0 si,  0.1 st
%Cpu(s):  2.4 us,  2.5 sy,  0.0 ni, 94.6 id,  0.2 wa,  0.0 hi,  0.0 si,  0.2 st
%Cpu(s):  2.6 us,  1.6 sy,  0.0 ni, 95.6 id,  0.0 wa,  0.0 hi,  0.0 si,  0.1 st
