%Cpu(s):  2.3 us,  0.2 sy,  0.0 ni, 97.4 id,  0.0 wa,  0.0 hi,  0.0 si,  0.0 st
%Cpu(s): 20.3 us,  2.0 sy,  0.0 ni, 77.3 id,  0.0 wa,  0.0 hi,  0.3 si,  0.1 st
%Cpu(s):  8.6 us,  3.0 sy,  0.0 ni, 87.9 id,  0.0 wa,  0.0 hi,  0.1 si,  0.3 st
%Cpu(s):  7.0 us,  3.9 sy,  0.0 ni, 89.1 id,  0.0 wa,  0.0 hi,  0.0 si,  0.0 st
%Cpu(s):  5.8 us,  2.8 sy,  0.0 ni, 91.4 id,  0.0 wa,  0.0 hi,  0.0 si,  0.0 st
%Cpu(s):  5.7 us,  3.3 sy,  0.0 ni, 91.0 id,  0.0 wa,  0.0 hi,  0.0 si,  0.0 st
%Cpu(s): 14.8 us,  2.8 sy,  0.0 ni, 82.4 id,  0.0 wa,  0.0 hi,  0.0 si,  0.0 st
%Cpu(s):  9.5 us,  3.3 sy,  0.0 ni, 87.0 id,  0.0 wa,  0.0 hi,  0.1 si,  0.1 st
%Cpu(s):  7.3 us,  3.4 sy,  0.0 ni, 89.3 id,  0.0 wa,  0.0 hi,  0.0 si,  0.0 st
%Cpu(s): 40.6 us,  4.3 sy,  0.0 ni, 54.8 id,  0.1 wa,  0.0 hi,  0.3 si,  0.0 st
%Cpu(s): 87.5 us,  5.8 sy,  0.0 ni,  5.6 id,  0.0 wa,  0.0 hi,  1.1 si,  0.0 st
%Cpu(s): 90.5 us,  7.1 sy,  0.0 ni,  0.9 id,  0.0 wa,  0.0 hi,  1.5 si,  0.0 st
%Cpu(s): 91.1 us,  6.5 sy,  0.0 ni,  0.2 id,  0.0 wa,  0.0 hi,  2.1 si,  0.0 st
%Cpu(s): 90.0 us,  5.8 sy,  0.0 ni,  2.6 id,  0.0 wa,  0.0 hi,  1.4 si,  0.1 st
%Cpu(s): 61.8 us,  5.4 sy,  0.0 ni, 31.5 id,  0.0 wa,  0.0 hi,  1.3 si,  0.0 st
%Cpu(s): 62.6 us,  5.6 sy,  0.0 ni, 30.6 id,  0.0 wa,  0.0 hi,  1.1 si,  0.1 st
%Cpu(s): 56.4 us,  4.9 sy,  0.0 ni, 37.3 id,  0.0 wa,  0.0 hi,  1.4 si,  0.0 st
%Cpu(s): 26.9 us,  4.8 sy,  0.0 ni, 67.4 id,  0.0 wa,  0.0 hi,  0.9 si,  0.0 st
%Cpu(s): 29.6 us,  4.9 sy,  0.0 ni, 63.8 id,  0.0 wa,  0.0 hi,  1.5 si,  0.1 st
%Cpu(s): 34.8 us,  4.2 sy,  0.0 ni, 60.1 id,  0.0 wa,  0.0 hi,  1.0 si,  0.0 st
%Cpu(s): 51.9 us,  5.0 sy,  0.0 ni, 42.1 id,  0.0 wa,  0.0 hi,  1.0 si,  0.0 st
%Cpu(s): 57.2 us,  5.1 sy,  0.0 ni, 36.5 id,  0.0 wa,  0.0 hi,  1.0 si,  0.1 st
%Cpu(s): 58.7 us,  5.4 sy,  0.0 ni, 34.2 id,  0.0 wa,  0.0 hi,  1.8 si,  0.0 st
%Cpu(s): 26.6 us,  4.1 sy,  0.0 ni, 67.9 id,  0.0 wa,  0.0 hi,  1.3 si,  0.1 st
%Cpu(s): 33.1 us,  4.7 sy,  0.0 ni, 61.0 id,  0.0 wa,  0.0 hi,  1.0 si,  0.1 st
%Cpu(s): 47.8 us,  5.9 sy,  0.0 ni, 45.1 id,  0.1 wa,  0.0 hi,  1.1 si,  0.0 st
%Cpu(s): 27.9 us,  4.9 sy,  0.0 ni, 66.0 id,  0.0 wa,  0.0 hi,  1.1 si,  0.0 st
%Cpu(s): 20.6 us,  5.1 sy,  0.0 ni, 72.9 id,  0.0 wa,  0.0 hi,  1.4 si,  0.0 st
%Cpu(s): 26.0 us,  5.1 sy,  0.0 ni, 67.3 id,  0.0 wa,  0.0 hi,  1.4 si,  0.3 st
%Cpu(s): 19.4 us,  5.7 sy,  0.0 ni, 74.0 id,  0.0 wa,  0.0 hi,  1.0 si,  0.0 st
%Cpu(s): 16.9 us,  4.9 sy,  0.0 ni, 77.5 id,  0.0 wa,  0.0 hi,  0.8 si,  0.0 st
%Cpu(s): 19.0 us,  5.9 sy,  0.0 ni, 73.8 id,  0.0 wa,  0.0 hi,  1.1 si,  0.1 st
%Cpu(s): 13.8 us,  5.1 sy,  0.0 ni, 79.5 id,  0.0 wa,  0.0 hi,  1.4 si,  0.1 st
%Cpu(s): 25.8 us,  5.5 sy,  0.0 ni, 67.5 id,  0.0 wa,  0.0 hi,  1.2 si,  0.0 st
%Cpu(s): 40.4 us,  5.0 sy,  0.0 ni, 53.1 id,  0.0 wa,  0.0 hi,  1.4 si,  0.1 st
%Cpu(s): 25.8 us,  4.7 sy,  0.0 ni, 68.1 id,  0.0 wa,  0.0 hi,  1.4 si,  0.0 st
%Cpu(s): 44.4 us,  5.9 sy,  0.0 ni, 48.1 id,  0.0 wa,  0.0 hi,  1.5 si,  0.1 st
%Cpu(s): 34.7 us,  4.6 sy,  0.0 ni, 59.6 id,  0.0 wa,  0.0 hi,  1.1 si,  0.0 st
%Cpu(s): 23.0 us,  4.6 sy,  0.0 ni, 71.4 id,  0.0 wa,  0.0 hi,  0.9 si,  0.1 st
%Cpu(s): 40.3 us,  5.7 sy,  0.0 ni, 52.3 id,  0.0 wa,  0.0 hi,  1.5 si,  0.1 st
%Cpu(s): 28.3 us,  5.5 sy,  0.0 ni, 65.0 id,  0.1 wa,  0.0 hi,  1.0 si,  0.0 st
%Cpu(s): 26.9 us,  5.0 sy,  0.0 ni, 66.8 id,  0.0 wa,  0.0 hi,  1.1 si,  0.1 st
%Cpu(s): 17.8 us,  5.7 sy,  0.0 ni, 75.3 id,  0.0 wa,  0.0 hi,  1.3 si,  0.0 st
%Cpu(s): 27.6 us,  4.3 sy,  0.0 ni, 66.9 id,  0.0 wa,  0.0 hi,  0.9 si,  0.3 st
%Cpu(s): 46.3 us,  4.3 sy,  0.0 ni, 48.0 id,  0.0 wa,  0.0 hi,  1.4 si,  0.0 st
%Cpu(s): 21.3 us,  4.4 sy,  0.0 ni, 73.1 id,  0.0 wa,  0.0 hi,  1.1 si,  0.0 st
%Cpu(s):  9.0 us,  4.6 sy,  0.0 ni, 84.9 id,  0.0 wa,  0.0 hi,  1.5 si,  0.0 st
%Cpu(s): 11.9 us,  4.8 sy,  0.0 ni, 81.7 id,  0.0 wa,  0.0 hi,  1.4 si,  0.3 st
%Cpu(s): 10.1 us,  5.3 sy,  0.0 ni, 83.3 id,  0.0 wa,  0.0 hi,  1.3 si,  0.0 st
%Cpu(s): 22.4 us,  5.3 sy,  0.0 ni, 71.0 id,  0.0 wa,  0.0 hi,  1.1 si,  0.1 st
%Cpu(s): 20.3 us,  6.2 sy,  0.0 ni, 72.2 id,  0.1 wa,  0.0 hi,  1.1 si,  0.0 st
%Cpu(s): 13.6 us,  5.8 sy,  0.0 ni, 79.3 id,  0.0 wa,  0.0 hi,  1.3 si,  0.0 st
%Cpu(s): 10.2 us,  6.1 sy,  0.0 ni, 82.3 id,  0.0 wa,  0.0 hi,  1.1 si,  0.3 st
%Cpu(s): 12.7 us,  5.1 sy,  0.0 ni, 81.0 id,  0.0 wa,  0.0 hi,  1.3 si,  0.0 st
%Cpu(s): 11.0 us,  5.4 sy,  0.0 ni, 82.4 id,  0.0 wa,  0.0 hi,  1.0 si,  0.1 st
%Cpu(s):  9.4 us,  6.1 sy,  0.0 ni, 82.9 id,  0.0 wa,  0.0 hi,  1.5 si,  0.1 st
%Cpu(s): 11.8 us,  5.5 sy,  0.0 ni, 81.9 id,  0.0 wa,  0.0 hi,  0.9 si,  0.0 st
%Cpu(s): 12.0 us,  5.6 sy,  0.0 ni, 81.5 id,  0.0 wa,  0.0 hi,  0.9 si,  0.0 st
%Cpu(s): 11.0 us,  5.0 sy,  0.0 ni, 82.6 id,  0.0 wa,  0.0 hi,  1.4 si,  0.0 st
%Cpu(s): 16.1 us,  5.1 sy,  0.0 ni, 77.5 id,  0.0 wa,  0.0 hi,  1.1 si,  0.1 st
%Cpu(s): 12.9 us,  5.3 sy,  0.0 ni, 80.8 id,  0.0 wa,  0.0 hi,  1.0 si,  0.0 st
%Cpu(s): 17.7 us,  3.8 sy,  0.0 ni, 78.0 id,  0.0 wa,  0.0 hi,  0.2 si,  0.1 st
%Cpu(s):  5.0 us,  4.1 sy,  0.0 ni, 90.2 id,  0.0 wa,  0.0 hi,  0.5 si,  0.1 st
%Cpu(s):  4.9 us,  3.2 sy,  0.0 ni, 91.4 id,  0.0 wa,  0.0 hi,  0.5 si,  0.0 st
%Cpu(s):  3.9 us,  3.6 sy,  0.0 ni, 92.4 id,  0.0 wa,  0.0 hi,  0.0 si,  0.1 st
%Cpu(s):  3.6 us,  4.1 sy,  0.0 ni, 92.1 id,  0.1 wa,  0.0 hi,  0.0 si,  0.0 st
%Cpu(s):  3.5 us,  3.6 sy,  0.0 ni, 92.5 id,  0.0 wa,  0.0 hi,  0.3 si,  0.1 st
%Cpu(s):  2.8 us,  3.3 sy,  0.0 ni, 93.9 id,  0.0 wa,  0.0 hi,  0.0 si,  0.0 st
%Cpu(s):  3.7 us,  3.7 sy,  0.0 ni, 92.5 id,  0.0 wa,  0.0 hi,  0.0 si,  0.0 st
%Cpu(s):  4.5 us,  3.0 sy,  0.0 ni, 92.3 id,  0.0 wa,  0.0 hi,  0.0 si,  0.1 st
%Cpu(s):  4.8 us,  3.8 sy,  0.0 ni, 91.5 id,  0.0 wa,  0.0 hi,  0.0 si,  0.0 st
%Cpu(s):  5.2 us,  4.3 sy,  0.0 ni, 90.3 id,  0.0 wa,  0.0 hi,  0.3 si,  0.0 st
%Cpu(s):  4.6 us,  3.6 sy,  0.0 ni, 91.7 id,  0.0 wa,  0.0 hi,  0.0 si,  0.1 st
%Cpu(s):  3.8 us,  4.2 sy,  0.0 ni, 91.9 id,  0.0 wa,  0.0 hi,  0.1 si,  0.0 st
