%Cpu(s):  0.8 us,  0.1 sy,  0.0 ni, 99.1 id,  0.0 wa,  0.0 hi,  0.0 si,  0.0 st
%Cpu(s):  1.4 us,  1.6 sy,  0.0 ni, 97.0 id,  0.0 wa,  0.0 hi,  0.0 si,  0.0 st
%Cpu(s):  1.4 us,  0.9 sy,  0.0 ni, 97.6 id,  0.0 wa,  0.0 hi,  0.1 si,  0.0 st
%Cpu(s):  1.8 us,  2.1 sy,  0.0 ni, 96.0 id,  0.0 wa,  0.0 hi,  0.0 si,  0.1 st
%Cpu(s):  1.1 us,  1.0 sy,  0.0 ni, 97.8 id,  0.0 wa,  0.0 hi,  0.1 si,  0.0 st
%Cpu(s):  0.9 us,  1.3 sy,  0.0 ni, 97.7 id,  0.1 wa,  0.0 hi,  0.0 si,  0.0 st
%Cpu(s): 17.5 us,  2.0 sy,  0.0 ni, 80.5 id,  0.0 wa,  0.0 hi,  0.0 si,  0.0 st
%Cpu(s): 87.0 us,  4.1 sy,  0.0 ni,  8.2 id,  0.0 wa,  0.0 hi,  0.6 si,  0.0 st
%Cpu(s): 68.5 us,  4.1 sy,  0.0 ni, 26.1 id,  0.0 wa,  0.0 hi,  1.1 si,  0.1 st
%Cpu(s): 69.5 us,  4.3 sy,  0.0 ni, 25.0 id,  0.0 wa,  0.0 hi,  1.3 si,  0.0 st
%Cpu(s): 40.7 us,  4.0 sy,  0.0 ni, 54.4 id,  0.0 wa,  0.0 hi,  0.9 si,  0.0 st
%Cpu(s): 92.9 us,  4.3 sy,  0.0 ni,  2.1 id,  0.0 wa,  0.0 hi,  0.6 si,  0.0 st
%Cpu(s): 93.3 us,  4.1 sy,  0.0 ni,  1.7 id,  0.0 wa,  0.0 hi,  0.9 si,  0.0 st
%Cpu(s): 44.1 us,  3.2 sy,  0.0 ni, 51.9 id,  0.0 wa,  0.0 hi,  0.9 si,  0.0 st
%Cpu(s): 15.3 us,  2.6 sy,  0.0 ni, 81.0 id,  0.0 wa,  0.0 hi,  0.9 si,  0.1 st
%Cpu(s): 21.3 us,  2.5 sy,  0.0 ni, 75.6 id,  0.0 wa,  0.0 hi,  0.6 si,  0.0 st
%Cpu(s): 72.9 us,  3.7 sy,  0.0 ni, 22.4 id,  0.0 wa,  0.0 hi,  1.0 si,  0.0 st
%Cpu(s): 22.8 us,  2.3 sy,  0.0 ni, 74.2 id,  0.0 wa,  0.0 hi,  0.8 si,  0.0 st
%Cpu(s):  9.8 us,  2.1 sy,  0.0 ni, 87.5 id,  0.0 wa,  0.0 hi,  0.5 si,  0.0 st
%Cpu(s):  9.2 us,  2.6 sy,  0.0 ni, 87.4 id,  0.0 wa,  0.0 hi,  0.6 si,  0.1 st
%Cpu(s):  8.5 us,  3.0 sy,  0.0 ni, 88.1 id,  0.0 wa,  0.0 hi,  0.5 si,  0.0 st
%Cpu(s):  4.9 us,  2.5 sy,  0.0 ni, 91.9 id,  0.0 wa,  0.0 hi,  0.6 si,  0.0 st
%Cpu(s):  5.7 us,  2.3 sy,  0.0 ni, 91.6 id,  0.0 wa,  0.0 hi,  0.4 si,  0.1 st
%Cpu(s):  4.6 us,  2.9 sy,  0.0 ni, 91.6 id,  0.0 wa,  0.0 hi,  0.8 si,  0.1 st
%Cpu(s): 20.0 us,  3.1 sy,  0.0 ni, 75.9 id,  0.0 wa,  0.0 hi,  0.9 si,  0.1 st
%Cpu(s): 70.9 us,  3.2 sy,  0.0 ni, 25.1 id,  0.0 wa,  0.0 hi,  0.7 si,  0.0 st
%Cpu(s): 61.7 us,  3.5 sy,  0.0 ni, 34.3 id,  0.0 wa,  0.0 hi,  0.5 si,  0.0 st
%Cpu(s): 18.1 us,  2.4 sy,  0.0 ni, 79.0 id,  0.0 wa,  0.0 hi,  0.5 si,  0.0 st
%Cpu(s): 39.1 us,  3.5 sy,  0.0 ni, 57.0 id,  0.0 wa,  0.0 hi,  0.4 si,  0.0 st
%Cpu(s): 25.2 us,  2.9 sy,  0.0 ni, 71.0 id,  0.0 wa,  0.0 hi,  1.0 si,  0.0 st
%Cpu(s): 15.8 us,  2.3 sy,  0.0 ni, 81.3 id,  0.1 wa,  0.0 hi,  0.5 si,  0.0 st
%Cpu(s):  4.2 us,  3.4 sy,  0.0 ni, 91.7 id,  0.0 wa,  0.0 hi,  0.6 si,  0.1 st
%Cpu(s): 28.7 us,  2.4 sy,  0.0 ni, 67.8 id,  0.0 wa,  0.0 hi,  1.1 si,  0.0 st
%Cpu(s):  4.4 us,  2.7 sy,  0.0 ni, 92.4 id,  0.0 wa,  0.0 hi,  0.5 si,  0.0 st
%Cpu(s):  3.6 us,  3.3 sy,  0.0 ni, 92.2 id,  0.0 wa,  0.0 hi,  0.9 si,  0.0 st
%Cpu(s):  4.8 us,  2.9 sy,  0.0 ni, 91.5 id,  0.0 wa,  0.0 hi,  0.6 si,  0.1 st
%Cpu(s):  3.8 us,  2.9 sy,  0.0 ni, 92.8 id,  0.0 wa,  0.0 hi,  0.5 si,  0.0 st
%Cpu(s): 11.0 us,  3.0 sy,  0.0 ni, 85.7 id,  0.0 wa,  0.0 hi,  0.3 si,  0.0 st
%Cpu(s):  8.9 us,  3.0 sy,  0.0 ni, 87.2 id,  0.0 wa,  0.0 hi,  0.9 si,  0.0 st
%Cpu(s):  6.6 us,  2.8 sy,  0.0 ni, 90.2 id,  0.0 wa,  0.0 hi,  0.4 si,  0.0 st
%Cpu(s):  5.5 us,  2.5 sy,  0.0 ni, 91.2 id,  0.1 wa,  0.0 hi,  0.6 si,  0.0 st
%Cpu(s):  4.2 us,  2.6 sy,  0.0 ni, 92.6 id,  0.0 wa,  0.0 hi,  0.5 si,  0.1 st
%Cpu(s):  5.0 us,  3.2 sy,  0.0 ni, 90.9 id,  0.0 wa,  0.0 hi,  0.7 si,  0.1 st
%Cpu(s):  4.2 us,  3.5 sy,  0.0 ni, 91.6 id,  0.0 wa,  0.0 hi,  0.6 si,  0.0 st
%Cpu(s):  4.0 us,  2.8 sy,  0.0 ni, 92.2 id,  0.0 wa,  0.0 hi,  0.9 si,  0.1 st
%Cpu(s):  7.5 us,  3.0 sy,  0.0 ni, 89.0 id,  0.0 wa,  0.0 hi,  0.5 si,  0.0 st
%Cpu(s): 15.4 us,  3.1 sy,  0.0 ni, 80.7 id,  0.0 wa,  0.0 hi,  0.7 si,  0.0 st
%Cpu(s):  6.8 us,  3.1 sy,  0.0 ni, 89.3 id,  0.0 wa,  0.0 hi,  0.8 si,  0.0 st
%Cpu(s):  4.0 us,  2.9 sy,  0.0 ni, 92.4 id,  0.0 wa,  0.0 hi,  0.8 si,  0.0 st
%Cpu(s):  3.9 us,  3.0 sy,  0.0 ni, 92.2 id,  0.0 wa,  0.0 hi,  0.9 si,  0.0 st
%Cpu(s):  4.8 us,  2.7 sy,  0.0 ni, 92.0 id,  0.0 wa,  0.0 hi,  0.4 si,  0.1 st
%Cpu(s):  4.5 us,  2.8 sy,  0.0 ni, 92.0 id,  0.0 wa,  0.0 hi,  0.8 si,  0.0 st
%Cpu(s):  3.5 us,  2.4 sy,  0.0 ni, 93.3 id,  0.0 wa,  0.0 hi,  0.8 si,  0.0 st
%Cpu(s):  8.1 us,  2.6 sy,  0.0 ni, 88.8 id,  0.0 wa,  0.0 hi,  0.5 si,  0.0 st
%Cpu(s): 12.8 us,  2.8 sy,  0.0 ni, 84.1 id,  0.0 wa,  0.0 hi,  0.3 si,  0.1 st
%Cpu(s):  3.7 us,  3.0 sy,  0.0 ni, 92.8 id,  0.0 wa,  0.0 hi,  0.5 si,  0.0 st
%Cpu(s):  6.2 us,  2.9 sy,  0.0 ni, 90.1 id,  0.0 wa,  0.0 hi,  0.8 si,  0.0 st
%Cpu(s):  6.7 us,  3.7 sy,  0.0 ni, 89.1 id,  0.0 wa,  0.0 hi,  0.5 si,  0.0 st
%Cpu(s):  4.5 us,  2.5 sy,  0.0 ni, 92.2 id,  0.0 wa,  0.0 hi,  0.6 si,  0.1 st
%Cpu(s):  3.9 us,  2.6 sy,  0.0 ni, 93.1 id,  0.0 wa,  0.0 hi,  0.4 si,  0.0 st
%Cpu(s):  3.7 us,  2.2 sy,  0.0 ni, 93.5 id,  0.0 wa,  0.0 hi,  0.6 si,  0.0 st
%Cpu(s):  2.0 us,  1.2 sy,  0.0 ni, 96.5 id,  0.0 wa,  0.0 hi,  0.2 si,  0.0 st
%Cpu(s):  1.2 us,  1.4 sy,  0.0 ni, 97.4 id,  0.0 wa,  0.0 hi,  0.0 si,  0.0 st
%Cpu(s):  0.9 us,  0.9 sy,  0.0 ni, 98.0 id,  0.0 wa,  0.0 hi,  0.0 si,  0.2 st
%Cpu(s):  0.8 us,  1.1 sy,  0.0 ni, 98.0 id,  0.0 wa,  0.0 hi,  0.1 si,  0.0 st
%Cpu(s):  1.6 us,  0.9 sy,  0.0 ni, 97.4 id,  0.1 wa,  0.0 hi,  0.0 si,  0.0 st
%Cpu(s):  2.6 us,  1.1 sy,  0.0 ni, 96.2 id,  0.0 wa,  0.0 hi,  0.0 si,  0.0 st
%Cpu(s):  2.0 us,  2.0 sy,  0.0 ni, 96.0 id,  0.0 wa,  0.0 hi,  0.0 si,  0.0 st
%Cpu(s):  1.5 us,  1.1 sy,  0.0 ni, 97.4 id,  0.0 wa,  0.0 hi,  0.0 si,  0.0 st
%Cpu(s):  3.0 us,  1.7 sy,  0.0 ni, 95.3 id,  0.0 wa,  0.0 hi,  0.0 si,  0.0 st
%Cpu(s):  1.5 us,  2.7 sy,  0.0 ni, 95.8 id,  0.0 wa,  0.0 hi,  0.0 si,  0.0 st
%Cpu(s):  2.8 us,  1.3 sy,  0.0 ni, 96.0 id,  0.0 wa,  0.0 hi,  0.0 si,  0.0 st
%Cpu(s):  1.2 us,  1.2 sy,  0.0 ni, 97.5 id,  0.0 wa,  0.0 hi,  0.0 si,  0.0 st
%Cpu(s):  0.9 us,  1.6 sy,  0.0 ni, 97.3 id,  0.0 wa,  0.0 hi,  0.1 si,  0.1 st
%Cpu(s):  0.9 us,  1.7 sy,  0.0 ni, 97.3 id,  0.0 wa,  0.0 hi,  0.0 si,  0.1 st
%Cpu(s):  0.8 us,  1.1 sy,  0.0 ni, 98.1 id,  0.0 wa,  0.0 hi,  0.0 si,  0.0 st
%Cpu(s):  1.0 us,  1.0 sy,  0.0 ni, 98.0 id,  0.0 wa,  0.0 hi,  0.0 si,  0.0 st
%Cpu(s):  1.5 us,  1.6 sy,  0.0 ni, 96.9 id,  0.0 wa,  0.0 hi,  0.0 si,  0.0 st
%Cpu(s):  1.0 us,  1.0 sy,  0.0 ni, 98.0 id,  0.0 wa,  0.0 hi,  0.0 si,  0.0 st
%Cpu(s):  0.9 us,  0.6 sy,  0.0 ni, 98.4 id,  0.0 wa,  0.0 hi,  0.0 si,  0.1 st
%Cpu(s):  1.6 us,  1.6 sy,  0.0 ni, 96.6 id,  0.0 wa,  0.0 hi,  0.1 si,  0.0 st
%Cpu(s):  1.4 us,  1.6 sy,  0.0 ni, 97.0 id,  0.0 wa,  0.0 hi,  0.0 si,  0.0 st
