%Cpu(s):  5.1 us,  0.9 sy,  0.0 ni, 93.8 id,  0.0 wa,  0.0 hi,  0.1 si,  0.0 st
%Cpu(s):  8.6 us,  1.9 sy,  0.0 ni, 89.3 id,  0.0 wa,  0.0 hi,  0.0 si,  0.1 st
%Cpu(s): 91.8 us,  5.9 sy,  0.0 ni,  2.2 id,  0.0 wa,  0.0 hi,  0.0 si,  0.0 st
%Cpu(s): 94.4 us,  4.9 sy,  0.0 ni,  0.7 id,  0.0 wa,  0.0 hi,  0.0 si,  0.0 st
%Cpu(s): 93.8 us,  4.0 sy,  0.0 ni,  2.2 id,  0.0 wa,  0.0 hi,  0.0 si,  0.0 st
%Cpu(s): 96.4 us,  2.7 sy,  0.0 ni,  0.9 id,  0.0 wa,  0.0 hi,  0.0 si,  0.0 st
%Cpu(s): 97.3 us,  2.7 sy,  0.0 ni,  0.0 id,  0.0 wa,  0.0 hi,  0.0 si,  0.0 st
%Cpu(s): 97.8 us,  2.2 sy,  0.0 ni,  0.0 id,  0.0 wa,  0.0 hi,  0.0 si,  0.0 st
%Cpu(s): 96.5 us,  3.4 sy,  0.0 ni,  0.0 id,  0.0 wa,  0.0 hi,  0.1 si,  0.0 st
%Cpu(s): 95.8 us,  3.9 sy,  0.0 ni,  0.0 id,  0.0 wa,  0.0 hi,  0.4 si,  0.0 st
%Cpu(s): 96.1 us,  3.2 sy,  0.0 ni,  0.6 id,  0.0 wa,  0.0 hi,  0.0 si,  0.0 st
%Cpu(s): 27.8 us,  2.4 sy,  0.0 ni, 69.5 id,  0.0 wa,  0.0 hi,  0.2 si,  0.0 st
%Cpu(s): 16.1 us,  3.4 sy,  0.0 ni, 80.1 id,  0.0 wa,  0.0 hi,  0.1 si,  0.4 st
%Cpu(s): 10.8 us,  4.4 sy,  0.0 ni, 84.6 id,  0.0 wa,  0.0 hi,  0.1 si,  0.0 st
%Cpu(s): 24.3 us,  3.5 sy,  0.0 ni, 71.6 id,  0.0 wa,  0.0 hi,  0.4 si,  0.2 st
%Cpu(s): 10.7 us,  3.9 sy,  0.0 ni, 85.1 id,  0.0 wa,  0.0 hi,  0.2 si,  0.1 st
%Cpu(s):  6.1 us,  6.1 sy,  0.0 ni, 87.1 id,  0.0 wa,  0.0 hi,  0.5 si,  0.2 st
%Cpu(s):  6.0 us,  4.5 sy,  0.0 ni, 89.2 id,  0.0 wa,  0.0 hi,  0.1 si,  0.2 st
%Cpu(s):  9.1 us,  4.9 sy,  0.0 ni, 85.9 id,  0.0 wa,  0.0 hi,  0.0 si,  0.1 st
%Cpu(s): 14.0 us,  4.1 sy,  0.0 ni, 81.5 id,  0.0 wa,  0.0 hi,  0.1 si,  0.3 st
%Cpu(s): 75.5 us,  5.5 sy,  0.0 ni, 18.4 id,  0.0 wa,  0.0 hi,  0.5 si,  0.0 st
%Cpu(s): 92.2 us,  6.8 sy,  0.0 ni,  0.0 id,  0.0 wa,  0.0 hi,  1.0 si,  0.0 st
%Cpu(s): 89.2 us,  8.9 sy,  0.0 ni,  0.2 id,  0.0 wa,  0.0 hi,  1.7 si,  0.0 st
%Cpu(s): 90.6 us,  7.7 sy,  0.0 ni,  0.0 id,  0.0 wa,  0.0 hi,  1.6 si,  0.0 st
%Cpu(s): 89.7 us,  8.6 sy,  0.0 ni,  0.1 id,  0.0 wa,  0.0 hi,  1.6 si,  0.0 st
%Cpu(s): 94.3 us,  4.9 sy,  0.0 ni,  0.0 id,  0.0 wa,  0.0 hi,  0.9 si,  0.0 st
%Cpu(s): 94.1 us,  3.9 sy,  0.0 ni,  1.1 id,  0.0 wa,  0.0 hi,  0.9 si,  0.0 st
%Cpu(s): 93.4 us,  5.1 sy,  0.0 ni,  0.6 id,  0.0 wa,  0.0 hi,  0.9 si,  0.0 st
%Cpu(s): 94.3 us,  4.9 sy,  0.0 ni,  0.0 id,  0.0 wa,  0.0 hi,  0.9 si,  0.0 st
%Cpu(s): 92.8 us,  4.4 sy,  0.0 ni,  1.5 id,  0.0 wa,  0.0 hi,  1.4 si,  0.0 st
%Cpu(s): 60.8 us,  4.6 sy,  0.0 ni, 33.8 id,  0.1 wa,  0.0 hi,  0.6 si,  0.0 st
%Cpu(s): 25.9 us,  4.4 sy,  0.0 ni, 69.2 id,  0.0 wa,  0.0 hi,  0.5 si,  0.0 st
%Cpu(s): 28.8 us,  5.5 sy,  0.0 ni, 64.8 id,  0.0 wa,  0.0 hi,  0.9 si,  0.0 st
%Cpu(s): 43.0 us,  3.8 sy,  0.0 ni, 52.0 id,  0.0 wa,  0.0 hi,  1.3 si,  0.0 st
%Cpu(s): 40.2 us,  4.3 sy,  0.0 ni, 54.5 id,  0.0 wa,  0.0 hi,  1.0 si,  0.0 st
%Cpu(s): 25.1 us,  5.1 sy,  0.0 ni, 68.7 id,  0.0 wa,  0.0 hi,  1.0 si,  0.1 st
%Cpu(s): 13.0 us,  4.5 sy,  0.0 ni, 81.7 id,  0.0 wa,  0.0 hi,  0.8 si,  0.0 st
%Cpu(s): 25.7 us,  5.0 sy,  0.0 ni, 68.3 id,  0.0 wa,  0.0 hi,  0.8 si,  0.1 st
%Cpu(s): 38.8 us,  3.7 sy,  0.0 ni, 56.4 id,  0.0 wa,  0.0 hi,  1.0 si,  0.1 st
%Cpu(s): 50.4 us,  4.2 sy,  0.0 ni, 45.1 id,  0.0 wa,  0.0 hi,  0.3 si,  0.0 st
%Cpu(s): 34.0 us,  5.1 sy,  0.0 ni, 60.2 id,  0.0 wa,  0.0 hi,  0.7 si,  0.0 st
%Cpu(s): 31.4 us,  4.1 sy,  0.0 ni, 63.5 id,  0.0 wa,  0.0 hi,  0.9 si,  0.1 st
%Cpu(s): 35.6 us,  4.2 sy,  0.0 ni, 59.5 id,  0.0 wa,  0.0 hi,  0.6 si,  0.0 st
%Cpu(s): 20.4 us,  4.9 sy,  0.0 ni, 74.2 id,  0.0 wa,  0.0 hi,  0.5 si,  0.0 st
%Cpu(s): 12.2 us,  6.1 sy,  0.0 ni, 80.8 id,  0.0 wa,  0.0 hi,  0.9 si,  0.0 st
%Cpu(s): 11.3 us,  4.7 sy,  0.0 ni, 83.3 id,  0.0 wa,  0.0 hi,  0.8 si,  0.0 st
%Cpu(s): 10.1 us,  6.7 sy,  0.0 ni, 82.6 id,  0.0 wa,  0.0 hi,  0.4 si,  0.1 st
%Cpu(s): 15.4 us,  6.1 sy,  0.0 ni, 77.9 id,  0.0 wa,  0.0 hi,  0.5 si,  0.0 st
%Cpu(s): 10.0 us,  5.0 sy,  0.0 ni, 84.2 id,  0.0 wa,  0.0 hi,  0.6 si,  0.1 st
%Cpu(s): 14.1 us,  5.3 sy,  0.0 ni, 80.0 id,  0.0 wa,  0.0 hi,  0.5 si,  0.1 st
%Cpu(s): 18.3 us,  4.7 sy,  0.0 ni, 76.2 id,  0.1 wa,  0.0 hi,  0.6 si,  0.0 st
%Cpu(s): 26.1 us,  5.2 sy,  0.0 ni, 68.2 id,  0.0 wa,  0.0 hi,  0.5 si,  0.0 st
%Cpu(s): 24.7 us,  4.1 sy,  0.0 ni, 70.4 id,  0.0 wa,  0.0 hi,  0.8 si,  0.0 st
%Cpu(s): 16.1 us,  4.2 sy,  0.0 ni, 78.8 id,  0.0 wa,  0.0 hi,  0.9 si,  0.0 st
%Cpu(s): 21.5 us,  4.6 sy,  0.0 ni, 73.0 id,  0.0 wa,  0.0 hi,  0.9 si,  0.0 st
%Cpu(s): 11.3 us,  4.8 sy,  0.0 ni, 83.4 id,  0.0 wa,  0.0 hi,  0.5 si,  0.0 st
%Cpu(s): 15.9 us,  5.2 sy,  0.0 ni, 78.4 id,  0.0 wa,  0.0 hi,  0.5 si,  0.0 st
%Cpu(s):  7.8 us,  4.9 sy,  0.0 ni, 86.3 id,  0.0 wa,  0.0 hi,  1.0 si,  0.0 st
%Cpu(s):  7.8 us,  5.5 sy,  0.0 ni, 86.0 id,  0.0 wa,  0.0 hi,  0.6 si,  0.1 st
%Cpu(s): 18.9 us,  4.7 sy,  0.0 ni, 75.2 id,  0.0 wa,  0.0 hi,  1.2 si,  0.0 st
%Cpu(s): 32.9 us,  4.9 sy,  0.0 ni, 61.1 id,  0.0 wa,  0.0 hi,  1.0 si,  0.1 st
%Cpu(s): 21.4 us,  2.9 sy,  0.0 ni, 75.1 id,  0.0 wa,  0.0 hi,  0.5 si,  0.1 st
%Cpu(s):  8.3 us,  2.8 sy,  0.0 ni, 88.9 id,  0.0 wa,  0.0 hi,  0.0 si,  0.0 st
%Cpu(s):  3.8 us,  3.8 sy,  0.0 ni, 92.3 id,  0.0 wa,  0.0 hi,  0.0 si,  0.1 st
%Cpu(s):  6.2 us,  5.4 sy,  0.0 ni, 88.0 id,  0.0 wa,  0.0 hi,  0.1 si,  0.2 st
%Cpu(s): 42.6 us,  4.0 sy,  0.0 ni, 53.2 id,  0.0 wa,  0.0 hi,  0.1 si,  0.1 st
%Cpu(s): 14.9 us,  4.0 sy,  0.0 ni, 81.1 id,  0.0 wa,  0.0 hi,  0.0 si,  0.0 st
%Cpu(s):  5.5 us,  4.1 sy,  0.0 ni, 90.1 id,  0.0 wa,  0.0 hi,  0.0 si,  0.2 st
%Cpu(s):  4.5 us,  4.3 sy,  0.0 ni, 91.0 id,  0.0 wa,  0.0 hi,  0.0 si,  0.3 st
%Cpu(s):  5.2 us,  4.9 sy,  0.0 ni, 89.6 id,  0.0 wa,  0.0 hi,  0.0 si,  0.2 st
%Cpu(s):  6.4 us,  3.8 sy,  0.0 ni, 89.4 id,  0.1 wa,  0.0 hi,  0.0 si,  0.3 st
