%Cpu(s): 10.3 us,  0.8 sy,  0.0 ni, 88.8 id,  0.0 wa,  0.0 hi,  0.1 si,  0.0 st
%Cpu(s): 96.9 us,  3.0 sy,  0.0 ni,  0.0 id,  0.0 wa,  0.0 hi,  0.1 si,  0.0 st
%Cpu(s): 96.0 us,  3.6 sy,  0.0 ni,  0.0 id,  0.0 wa,  0.0 hi,  0.4 si,  0.0 st
%Cpu(s): 96.5 us,  3.2 sy,  0.0 ni,  0.0 id,  0.0 wa,  0.0 hi,  0.2 si,  0.0 st
%Cpu(s): 94.5 us,  5.1 sy,  0.0 ni,  0.0 id,  0.0 wa,  0.0 hi,  0.4 si,  0.0 st
%Cpu(s): 96.3 us,  3.5 sy,  0.0 ni,  0.0 id,  0.0 wa,  0.0 hi,  0.2 si,  0.0 st
%Cpu(s): 96.9 us,  3.0 sy,  0.0 ni,  0.0 id,  0.0 wa,  0.0 hi,  0.1 si,  0.0 st
%Cpu(s): 93.9 us,  2.5 sy,  0.0 ni,  3.6 id,  0.0 wa,  0.0 hi,  0.0 si,  0.0 st
%Cpu(s): 62.9 us,  2.8 sy,  0.0 ni, 33.9 id,  0.0 wa,  0.0 hi,  0.3 si,  0.1 st
%Cpu(s): 35.1 us,  2.1 sy,  0.0 ni, 62.7 id,  0.0 wa,  0.0 hi,  0.1 si,  0.0 st
%Cpu(s): 30.8 us,  3.6 sy,  0.0 ni, 65.1 id,  0.0 wa,  0.0 hi,  0.5 si,  0.0 st
%Cpu(s): 30.8 us,  3.8 sy,  0.0 ni, 64.8 id,  0.1 wa,  0.0 hi,  0.3 si,  0.1 st
%Cpu(s): 39.0 us,  3.3 sy,  0.0 ni, 57.6 id,  0.0 wa,  0.0 hi,  0.1 si,  0.0 st
%Cpu(s): 30.4 us,  4.3 sy,  0.0 ni, 64.7 id,  0.0 wa,  0.0 hi,  0.5 si,  0.0 st
%Cpu(s): 10.8 us,  4.1 sy,  0.0 ni, 84.6 id,  0.0 wa,  0.0 hi,  0.4 si,  0.1 st
%Cpu(s): 28.4 us,  5.3 sy,  0.0 ni, 65.6 id,  0.0 wa,  0.0 hi,  0.6 si,  0.0 st
%Cpu(s): 87.7 us,  8.3 sy,  0.0 ni,  2.4 id,  0.0 wa,  0.0 hi,  1.6 si,  0.0 st
%Cpu(s): 90.6 us,  7.7 sy,  0.0 ni,  0.2 id,  0.0 wa,  0.0 hi,  1.4 si,  0.0 st
%Cpu(s): 88.5 us,  9.6 sy,  0.0 ni,  0.0 id,  0.0 wa,  0.0 hi,  2.0 si,  0.0 st
%Cpu(s): 86.1 us, 11.7 sy,  0.0 ni,  0.0 id,  0.0 wa,  0.0 hi,  2.1 si,  0.1 st
%Cpu(s): 87.0 us, 11.5 sy,  0.0 ni,  0.0 id,  0.0 wa,  0.0 hi,  1.5 si,  0.0 st
%Cpu(s): 87.5 us, 10.6 sy,  0.0 ni,  0.0 id,  0.0 wa,  0.0 hi,  1.9 si,  0.0 st
%Cpu(s): 86.3 us, 10.9 sy,  0.0 ni,  0.0 id,  0.0 wa,  0.0 hi,  2.8 si,  0.0 st
%Cpu(s): 88.4 us,  9.7 sy,  0.0 ni,  0.0 id,  0.0 wa,  0.0 hi,  1.9 si,  0.0 st
%Cpu(s): 89.3 us,  8.8 sy,  0.0 ni,  0.0 id,  0.0 wa,  0.0 hi,  1.7 si,  0.1 st
%Cpu(s): 92.0 us,  6.3 sy,  0.0 ni,  0.2 id,  0.0 wa,  0.0 hi,  1.4 si,  0.0 st
%Cpu(s): 92.1 us,  6.7 sy,  0.0 ni,  0.0 id,  0.0 wa,  0.0 hi,  1.2 si,  0.0 st
%Cpu(s): 91.8 us,  6.6 sy,  0.0 ni,  0.0 id,  0.0 wa,  0.0 hi,  1.6 si,  0.0 st
%Cpu(s): 91.4 us,  7.4 sy,  0.0 ni,  0.0 id,  0.0 wa,  0.0 hi,  1.2 si,  0.0 st
%Cpu(s): 91.3 us,  6.9 sy,  0.0 ni,  0.0 id,  0.0 wa,  0.0 hi,  1.7 si,  0.0 st
%Cpu(s): 92.4 us,  6.2 sy,  0.0 ni,  0.0 id,  0.0 wa,  0.0 hi,  1.2 si,  0.1 st
%Cpu(s): 92.5 us,  5.7 sy,  0.0 ni,  0.1 id,  0.0 wa,  0.0 hi,  1.6 si,  0.0 st
%Cpu(s): 92.9 us,  5.3 sy,  0.0 ni,  0.2 id,  0.0 wa,  0.0 hi,  1.5 si,  0.0 st
%Cpu(s): 91.8 us,  6.4 sy,  0.0 ni,  0.1 id,  0.0 wa,  0.0 hi,  1.7 si,  0.0 st
%Cpu(s): 92.8 us,  5.7 sy,  0.0 ni,  0.0 id,  0.0 wa,  0.0 hi,  1.4 si,  0.1 st
%Cpu(s): 90.3 us,  6.6 sy,  0.0 ni,  1.5 id,  0.0 wa,  0.0 hi,  1.6 si,  0.0 st
%Cpu(s): 65.8 us,  6.5 sy,  0.0 ni, 25.9 id,  0.0 wa,  0.0 hi,  1.8 si,  0.0 st
%Cpu(s): 34.1 us,  4.3 sy,  0.0 ni, 60.2 id,  0.0 wa,  0.0 hi,  1.3 si,  0.1 st
%Cpu(s): 54.4 us,  5.8 sy,  0.0 ni, 38.7 id,  0.0 wa,  0.0 hi,  1.1 si,  0.0 st
%Cpu(s): 44.8 us,  4.9 sy,  0.0 ni, 48.5 id,  0.0 wa,  0.0 hi,  1.8 si,  0.0 st
%Cpu(s): 55.0 us,  5.5 sy,  0.0 ni, 38.1 id,  0.0 wa,  0.0 hi,  1.4 si,  0.0 st
%Cpu(s): 41.0 us,  4.6 sy,  0.0 ni, 53.7 id,  0.0 wa,  0.0 hi,  0.8 si,  0.0 st
%Cpu(s): 33.0 us,  4.9 sy,  0.0 ni, 61.2 id,  0.0 wa,  0.0 hi,  0.8 si,  0.1 st
%Cpu(s): 35.9 us,  5.8 sy,  0.0 ni, 57.0 id,  0.0 wa,  0.0 hi,  1.3 si,  0.0 st
%Cpu(s): 40.7 us,  5.6 sy,  0.0 ni, 53.0 id,  0.0 wa,  0.0 hi,  0.8 si,  0.0 st
%Cpu(s): 37.6 us,  5.4 sy,  0.0 ni, 56.0 id,  0.0 wa,  0.0 hi,  0.8 si,  0.1 st
%Cpu(s): 67.0 us,  5.1 sy,  0.0 ni, 27.2 id,  0.0 wa,  0.0 hi,  0.6 si,  0.0 st
%Cpu(s): 51.2 us,  5.6 sy,  0.0 ni, 41.6 id,  0.0 wa,  0.0 hi,  1.5 si,  0.1 st
%Cpu(s): 37.6 us,  4.2 sy,  0.0 ni, 57.0 id,  0.0 wa,  0.0 hi,  1.3 si,  0.0 st
%Cpu(s): 34.7 us,  4.4 sy,  0.0 ni, 59.4 id,  0.0 wa,  0.0 hi,  1.4 si,  0.0 st
%Cpu(s): 37.7 us,  5.8 sy,  0.0 ni, 55.4 id,  0.0 wa,  0.0 hi,  1.0 si,  0.1 st
%Cpu(s): 26.3 us,  5.2 sy,  0.0 ni, 67.1 id,  0.0 wa,  0.0 hi,  1.3 si,  0.1 st
%Cpu(s): 18.9 us,  4.2 sy,  0.0 ni, 75.4 id,  0.0 wa,  0.0 hi,  1.5 si,  0.0 st
%Cpu(s): 17.0 us,  5.3 sy,  0.0 ni, 76.7 id,  0.0 wa,  0.0 hi,  0.9 si,  0.1 st
%Cpu(s): 14.2 us,  4.8 sy,  0.0 ni, 79.9 id,  0.0 wa,  0.0 hi,  0.9 si,  0.1 st
%Cpu(s): 18.7 us,  5.9 sy,  0.0 ni, 74.4 id,  0.0 wa,  0.0 hi,  1.0 si,  0.0 st
%Cpu(s): 32.1 us,  4.2 sy,  0.0 ni, 62.2 id,  0.1 wa,  0.0 hi,  1.2 si,  0.3 st
%Cpu(s): 25.5 us,  4.5 sy,  0.0 ni, 69.0 id,  0.0 wa,  0.0 hi,  1.0 si,  0.0 st
%Cpu(s): 41.1 us,  5.3 sy,  0.0 ni, 52.8 id,  0.0 wa,  0.0 hi,  0.6 si,  0.1 st
%Cpu(s): 60.0 us,  6.3 sy,  0.0 ni, 32.3 id,  0.0 wa,  0.0 hi,  1.4 si,  0.0 st
%Cpu(s): 56.9 us,  5.5 sy,  0.0 ni, 36.7 id,  0.0 wa,  0.0 hi,  0.8 si,  0.1 st
%Cpu(s): 20.2 us,  3.4 sy,  0.0 ni, 76.1 id,  0.0 wa,  0.0 hi,  0.2 si,  0.1 st
%Cpu(s):  2.8 us,  2.1 sy,  0.0 ni, 95.1 id,  0.0 wa,  0.0 hi,  0.0 si,  0.0 st
%Cpu(s):  3.4 us,  1.5 sy,  0.0 ni, 94.8 id,  0.0 wa,  0.0 hi,  0.1 si,  0.1 st
%Cpu(s):  2.9 us,  3.0 sy,  0.0 ni, 94.1 id,  0.0 wa,  0.0 hi,  0.0 si,  0.0 st
%Cpu(s): 23.6 us,  3.4 sy,  0.0 ni, 73.1 id,  0.0 wa,  0.0 hi,  0.0 si,  0.0 st
%Cpu(s): 34.8 us,  3.6 sy,  0.0 ni, 61.6 id,  0.0 wa,  0.0 hi,  0.0 si,  0.0 st
%Cpu(s):  4.3 us,  2.3 sy,  0.0 ni, 93.2 id,  0.0 wa,  0.0 hi,  0.1 si,  0.1 st
%Cpu(s): 15.6 us,  3.0 sy,  0.0 ni, 81.2 id,  0.0 wa,  0.0 hi,  0.0 si,  0.1 st
%Cpu(s):  6.0 us,  2.8 sy,  0.0 ni, 91.1 id,  0.0 wa,  0.0 hi,  0.0 si,  0.1 st
%Cpu(s):  3.8 us,  3.2 sy,  0.0 ni, 92.9 id,  0.0 wa,  0.0 hi,  0.1 si,  0.0 st
%Cpu(s):  4.2 us,  2.5 sy,  0.0 ni, 93.2 id,  0.1 wa,  0.0 hi,  0.0 si,  0.0 st
%Cpu(s):  4.9 us,  2.5 sy,  0.0 ni, 92.5 id,  0.0 wa,  0.0 hi,  0.0 si,  0.1 st
%Cpu(s):  4.4 us,  3.3 sy,  0.0 ni, 92.3 id,  0.0 wa,  0.0 hi,  0.0 si,  0.0 st
%Cpu(s):  3.8 us,  3.0 sy,  0.0 ni, 93.1 id,  0.0 wa,  0.0 hi,  0.0 si,  0.1 st
%Cpu(s):  4.4 us,  2.5 sy,  0.0 ni, 93.0 id,  0.0 wa,  0.0 hi,  0.0 si,  0.0 st
%Cpu(s):  5.8 us,  3.0 sy,  0.0 ni, 91.1 id,  0.0 wa,  0.0 hi,  0.1 si,  0.0 st
%Cpu(s):  4.5 us,  2.9 sy,  0.0 ni, 92.5 id,  0.0 wa,  0.0 hi,  0.0 si,  0.1 st
%Cpu(s):  6.2 us,  3.2 sy,  0.0 ni, 90.5 id,  0.0 wa,  0.0 hi,  0.0 si,  0.0 st
