%Cpu(s):  0.1 us,  0.0 sy,  0.0 ni, 99.9 id,  0.0 wa,  0.0 hi,  0.0 si,  0.0 st
%Cpu(s):  3.2 us,  2.6 sy,  0.0 ni, 93.6 id,  0.0 wa,  0.0 hi,  0.1 si,  0.4 st
%Cpu(s):  3.0 us,  1.9 sy,  0.0 ni, 95.0 id,  0.0 wa,  0.0 hi,  0.0 si,  0.1 st
%Cpu(s):  2.5 us,  2.0 sy,  0.0 ni, 95.4 id,  0.0 wa,  0.0 hi,  0.0 si,  0.1 st
%Cpu(s):  3.1 us,  2.0 sy,  0.0 ni, 94.7 id,  0.0 wa,  0.0 hi,  0.0 si,  0.1 st
%Cpu(s):  3.4 us,  2.4 sy,  0.0 ni, 93.9 id,  0.0 wa,  0.0 hi,  0.0 si,  0.3 st
%Cpu(s): 31.2 us,  3.0 sy,  0.0 ni, 65.5 id,  0.0 wa,  0.0 hi,  0.1 si,  0.1 st
%Cpu(s): 59.9 us,  3.4 sy,  0.0 ni, 35.9 id,  0.0 wa,  0.0 hi,  0.8 si,  0.0 st
%Cpu(s): 50.1 us,  4.3 sy,  0.0 ni, 45.0 id,  0.0 wa,  0.0 hi,  0.6 si,  0.0 st
%Cpu(s): 28.8 us,  3.9 sy,  0.0 ni, 66.5 id,  0.0 wa,  0.0 hi,  0.5 si,  0.3 st
%Cpu(s): 55.1 us,  3.4 sy,  0.0 ni, 41.1 id,  0.0 wa,  0.0 hi,  0.5 si,  0.0 st
%Cpu(s): 62.2 us,  3.0 sy,  0.0 ni, 34.0 id,  0.0 wa,  0.0 hi,  0.8 si,  0.1 st
%Cpu(s): 58.5 us,  3.4 sy,  0.0 ni, 37.2 id,  0.0 wa,  0.0 hi,  0.9 si,  0.0 st
%Cpu(s): 50.5 us,  2.9 sy,  0.0 ni, 45.4 id,  0.0 wa,  0.0 hi,  1.1 si,  0.1 st
%Cpu(s): 26.2 us,  3.5 sy,  0.0 ni, 69.9 id,  0.0 wa,  0.0 hi,  0.5 si,  0.0 st
%Cpu(s): 43.4 us,  4.0 sy,  0.0 ni, 51.9 id,  0.0 wa,  0.0 hi,  0.5 si,  0.1 st
%Cpu(s): 55.0 us,  3.5 sy,  0.0 ni, 40.8 id,  0.0 wa,  0.0 hi,  0.8 si,  0.0 st
%Cpu(s): 22.4 us,  3.8 sy,  0.0 ni, 73.3 id,  0.0 wa,  0.0 hi,  0.4 si,  0.1 st
%Cpu(s): 15.5 us,  4.0 sy,  0.0 ni, 79.6 id,  0.0 wa,  0.0 hi,  0.8 si,  0.1 st
%Cpu(s): 10.1 us,  3.6 sy,  0.0 ni, 85.7 id,  0.0 wa,  0.0 hi,  0.6 si,  0.0 st
%Cpu(s): 14.9 us,  4.4 sy,  0.0 ni, 79.8 id,  0.0 wa,  0.0 hi,  0.8 si,  0.1 st
%Cpu(s):  9.5 us,  5.1 sy,  0.0 ni, 84.8 id,  0.0 wa,  0.0 hi,  0.4 si,  0.1 st
%Cpu(s):  9.5 us,  4.4 sy,  0.0 ni, 85.3 id,  0.0 wa,  0.0 hi,  0.6 si,  0.1 st
%Cpu(s): 12.5 us,  5.0 sy,  0.0 ni, 81.7 id,  0.0 wa,  0.0 hi,  0.6 si,  0.1 st
%Cpu(s): 37.2 us,  3.8 sy,  0.0 ni, 58.2 id,  0.0 wa,  0.0 hi,  0.9 si,  0.0 st
%Cpu(s): 63.0 us,  4.0 sy,  0.0 ni, 32.2 id,  0.0 wa,  0.0 hi,  0.6 si,  0.1 st
%Cpu(s): 35.8 us,  3.9 sy,  0.0 ni, 59.7 id,  0.0 wa,  0.0 hi,  0.5 si,  0.1 st
%Cpu(s): 10.2 us,  4.1 sy,  0.0 ni, 85.4 id,  0.0 wa,  0.0 hi,  0.3 si,  0.0 st
%Cpu(s): 24.2 us,  3.6 sy,  0.0 ni, 71.9 id,  0.0 wa,  0.0 hi,  0.4 si,  0.0 st
%Cpu(s):  9.3 us,  3.8 sy,  0.0 ni, 86.2 id,  0.0 wa,  0.0 hi,  0.6 si,  0.1 st
%Cpu(s):  8.0 us,  3.7 sy,  0.0 ni, 87.3 id,  0.0 wa,  0.0 hi,  0.9 si,  0.1 st
%Cpu(s): 11.4 us,  3.6 sy,  0.0 ni, 84.5 id,  0.0 wa,  0.0 hi,  0.5 si,  0.0 st
%Cpu(s): 14.0 us,  4.9 sy,  0.0 ni, 80.6 id,  0.0 wa,  0.0 hi,  0.4 si,  0.1 st
%Cpu(s): 19.1 us,  4.4 sy,  0.0 ni, 76.1 id,  0.0 wa,  0.0 hi,  0.3 si,  0.1 st
%Cpu(s): 10.5 us,  3.5 sy,  0.0 ni, 85.5 id,  0.0 wa,  0.0 hi,  0.5 si,  0.0 st
%Cpu(s): 14.6 us,  4.3 sy,  0.0 ni, 80.8 id,  0.0 wa,  0.0 hi,  0.2 si,  0.0 st
%Cpu(s): 12.0 us,  4.9 sy,  0.0 ni, 82.6 id,  0.0 wa,  0.0 hi,  0.4 si,  0.1 st
%Cpu(s): 16.3 us,  3.7 sy,  0.0 ni, 79.6 id,  0.0 wa,  0.0 hi,  0.3 si,  0.1 st
%Cpu(s): 17.9 us,  3.5 sy,  0.0 ni, 77.8 id,  0.0 wa,  0.0 hi,  0.7 si,  0.1 st
%Cpu(s): 23.3 us,  4.4 sy,  0.0 ni, 71.8 id,  0.0 wa,  0.0 hi,  0.5 si,  0.0 st
%Cpu(s):  8.4 us,  4.2 sy,  0.0 ni, 86.8 id,  0.0 wa,  0.0 hi,  0.5 si,  0.1 st
%Cpu(s):  5.8 us,  4.8 sy,  0.0 ni, 88.5 id,  0.0 wa,  0.0 hi,  0.8 si,  0.1 st
%Cpu(s):  6.9 us,  3.9 sy,  0.0 ni, 88.5 id,  0.0 wa,  0.0 hi,  0.5 si,  0.1 st
%Cpu(s):  7.1 us,  3.9 sy,  0.0 ni, 88.5 id,  0.0 wa,  0.0 hi,  0.5 si,  0.0 st
%Cpu(s):  7.2 us,  5.0 sy,  0.0 ni, 87.2 id,  0.0 wa,  0.0 hi,  0.5 si,  0.1 st
%Cpu(s): 13.0 us,  3.8 sy,  0.0 ni, 82.6 id,  0.0 wa,  0.0 hi,  0.5 si,  0.1 st
%Cpu(s):  7.9 us,  3.7 sy,  0.0 ni, 88.0 id,  0.0 wa,  0.0 hi,  0.4 si,  0.0 st
%Cpu(s):  7.7 us,  4.7 sy,  0.0 ni, 87.0 id,  0.0 wa,  0.0 hi,  0.6 si,  0.0 st
%Cpu(s):  5.2 us,  2.9 sy,  0.0 ni, 90.6 id,  0.0 wa,  0.0 hi,  1.1 si,  0.1 st
%Cpu(s):  8.2 us,  5.5 sy,  0.0 ni, 85.3 id,  0.0 wa,  0.0 hi,  1.0 si,  0.0 st
%Cpu(s):  8.5 us,  4.2 sy,  0.0 ni, 86.4 id,  0.1 wa,  0.0 hi,  0.6 si,  0.1 st
%Cpu(s):  6.5 us,  4.4 sy,  0.0 ni, 88.2 id,  0.0 wa,  0.0 hi,  0.8 si,  0.1 st
%Cpu(s):  6.0 us,  4.1 sy,  0.0 ni, 89.6 id,  0.0 wa,  0.0 hi,  0.3 si,  0.1 st
%Cpu(s): 16.0 us,  3.3 sy,  0.0 ni, 80.2 id,  0.0 wa,  0.0 hi,  0.5 si,  0.0 st
%Cpu(s):  6.0 us,  3.9 sy,  0.0 ni, 89.3 id,  0.0 wa,  0.0 hi,  0.8 si,  0.0 st
%Cpu(s):  5.6 us,  4.0 sy,  0.0 ni, 89.1 id,  0.0 wa,  0.0 hi,  1.0 si,  0.3 st
%Cpu(s): 10.6 us,  3.7 sy,  0.0 ni, 85.0 id,  0.0 wa,  0.0 hi,  0.8 si,  0.0 st
%Cpu(s):  6.8 us,  4.2 sy,  0.0 ni, 88.4 id,  0.0 wa,  0.0 hi,  0.5 si,  0.0 st
%Cpu(s):  6.7 us,  4.1 sy,  0.0 ni, 88.2 id,  0.0 wa,  0.0 hi,  0.7 si,  0.2 st
%Cpu(s):  5.5 us,  4.0 sy,  0.0 ni, 89.8 id,  0.0 wa,  0.0 hi,  0.6 si,  0.0 st
%Cpu(s):  5.8 us,  4.0 sy,  0.0 ni, 89.3 id,  0.0 wa,  0.0 hi,  0.9 si,  0.0 st
%Cpu(s):  3.0 us,  2.0 sy,  0.0 ni, 94.6 id,  0.0 wa,  0.0 hi,  0.1 si,  0.3 st
%Cpu(s):  3.0 us,  2.0 sy,  0.0 ni, 94.7 id,  0.0 wa,  0.0 hi,  0.0 si,  0.4 st
%Cpu(s):  2.4 us,  4.0 sy,  0.0 ni, 93.6 id,  0.0 wa,  0.0 hi,  0.0 si,  0.0 st
%Cpu(s):  2.6 us,  4.4 sy,  0.0 ni, 92.8 id,  0.0 wa,  0.0 hi,  0.1 si,  0.1 st
%Cpu(s):  3.4 us,  3.4 sy,  0.0 ni, 93.2 id,  0.0 wa,  0.0 hi,  0.0 si,  0.0 st
%Cpu(s):  4.2 us,  4.1 sy,  0.0 ni, 91.4 id,  0.0 wa,  0.0 hi,  0.0 si,  0.2 st
%Cpu(s):  3.5 us,  2.9 sy,  0.0 ni, 93.6 id,  0.0 wa,  0.0 hi,  0.0 si,  0.0 st
%Cpu(s):  3.7 us,  2.7 sy,  0.0 ni, 93.3 id,  0.0 wa,  0.0 hi,  0.0 si,  0.2 st
%Cpu(s):  5.0 us,  3.2 sy,  0.0 ni, 91.7 id,  0.0 wa,  0.0 hi,  0.0 si,  0.1 st
%Cpu(s):  4.0 us,  2.6 sy,  0.0 ni, 93.2 id,  0.1 wa,  0.0 hi,  0.0 si,  0.1 st
%Cpu(s):  3.6 us,  3.5 sy,  0.0 ni, 92.8 id,  0.0 wa,  0.0 hi,  0.0 si,  0.1 st
%Cpu(s):  2.9 us,  2.4 sy,  0.0 ni, 94.5 id,  0.0 wa,  0.0 hi,  0.0 si,  0.2 st
%Cpu(s):  2.6 us,  1.7 sy,  0.0 ni, 95.4 id,  0.0 wa,  0.0 hi,  0.1 si,  0.1 st
%Cpu(s):  3.4 us,  3.1 sy,  0.0 ni, 93.4 id,  0.0 wa,  0.0 hi,  0.0 si,  0.1 st
%Cpu(s):  4.9 us,  3.1 sy,  0.0 ni, 91.9 id,  0.0 wa,  0.0 hi,  0.0 si,  0.1 st
