%Cpu(s):  3.8 us,  0.7 sy,  0.0 ni, 95.4 id,  0.0 wa,  0.0 hi,  0.1 si,  0.0 st
%Cpu(s): 83.6 us,  4.8 sy,  0.0 ni, 11.5 id,  0.0 wa,  0.0 hi,  0.0 si,  0.0 st
%Cpu(s): 78.8 us,  3.3 sy,  0.0 ni, 17.7 id,  0.1 wa,  0.0 hi,  0.0 si,  0.1 st
%Cpu(s): 94.5 us,  2.8 sy,  0.0 ni,  2.8 id,  0.0 wa,  0.0 hi,  0.0 si,  0.0 st
%Cpu(s): 96.4 us,  2.2 sy,  0.0 ni,  1.2 id,  0.0 wa,  0.0 hi,  0.1 si,  0.0 st
%Cpu(s): 92.8 us,  3.5 sy,  0.0 ni,  3.5 id,  0.0 wa,  0.0 hi,  0.2 si,  0.0 st
%Cpu(s): 32.6 us,  2.5 sy,  0.0 ni, 64.5 id,  0.0 wa,  0.0 hi,  0.3 si,  0.1 st
%Cpu(s): 10.6 us,  2.2 sy,  0.0 ni, 86.8 id,  0.0 wa,  0.0 hi,  0.3 si,  0.3 st
%Cpu(s): 10.8 us,  2.1 sy,  0.0 ni, 86.6 id,  0.0 wa,  0.0 hi,  0.2 si,  0.2 st
%Cpu(s):  5.3 us,  3.4 sy,  0.0 ni, 91.0 id,  0.0 wa,  0.0 hi,  0.1 si,  0.3 st
%Cpu(s): 13.1 us,  2.8 sy,  0.0 ni, 83.7 id,  0.0 wa,  0.0 hi,  0.2 si,  0.1 st
%Cpu(s): 14.9 us,  1.6 sy,  0.0 ni, 83.1 id,  0.0 wa,  0.0 hi,  0.1 si,  0.2 st
%Cpu(s):  6.8 us,  2.5 sy,  0.0 ni, 90.0 id,  0.1 wa,  0.0 hi,  0.1 si,  0.4 st
%Cpu(s):  6.0 us,  3.4 sy,  0.0 ni, 90.3 id,  0.0 wa,  0.0 hi,  0.1 si,  0.1 st
%Cpu(s):  7.1 us,  3.1 sy,  0.0 ni, 89.8 id,  0.0 wa,  0.0 hi,  0.0 si,  0.0 st
%Cpu(s):  7.0 us,  3.4 sy,  0.0 ni, 89.3 id,  0.0 wa,  0.0 hi,  0.3 si,  0.1 st
%Cpu(s): 75.2 us,  5.8 sy,  0.0 ni, 17.9 id,  0.0 wa,  0.0 hi,  1.1 si,  0.0 st
%Cpu(s): 85.4 us,  9.8 sy,  0.0 ni,  2.8 id,  0.0 wa,  0.0 hi,  2.1 si,  0.0 st
%Cpu(s): 88.3 us,  9.8 sy,  0.0 ni,  0.4 id,  0.0 wa,  0.0 hi,  1.5 si,  0.0 st
%Cpu(s): 90.0 us,  7.1 sy,  0.0 ni,  0.9 id,  0.0 wa,  0.0 hi,  2.0 si,  0.0 st
%Cpu(s): 92.2 us,  6.2 sy,  0.0 ni,  0.6 id,  0.0 wa,  0.0 hi,  1.0 si,  0.0 st
%Cpu(s): 85.2 us,  4.0 sy,  0.0 ni,  9.7 id,  0.0 wa,  0.0 hi,  1.1 si,  0.0 st
%Cpu(s): 39.5 us,  5.4 sy,  0.0 ni, 54.2 id,  0.0 wa,  0.0 hi,  0.9 si,  0.0 st
%Cpu(s): 30.3 us,  5.3 sy,  0.0 ni, 63.2 id,  0.0 wa,  0.0 hi,  1.0 si,  0.1 st
%Cpu(s): 45.5 us,  4.9 sy,  0.0 ni, 48.8 id,  0.0 wa,  0.0 hi,  0.7 si,  0.1 st
%Cpu(s): 44.9 us,  4.1 sy,  0.0 ni, 49.9 id,  0.0 wa,  0.0 hi,  1.0 si,  0.0 st
%Cpu(s): 19.1 us,  4.7 sy,  0.0 ni, 75.2 id,  0.0 wa,  0.0 hi,  0.9 si,  0.0 st
%Cpu(s): 27.1 us,  4.8 sy,  0.0 ni, 67.3 id,  0.1 wa,  0.0 hi,  0.8 si,  0.0 st
%Cpu(s): 24.5 us,  4.2 sy,  0.0 ni, 70.8 id,  0.0 wa,  0.0 hi,  0.5 si,  0.0 st
%Cpu(s): 11.2 us,  6.2 sy,  0.0 ni, 81.9 id,  0.0 wa,  0.0 hi,  0.6 si,  0.0 st
%Cpu(s): 10.3 us,  5.8 sy,  0.0 ni, 83.1 id,  0.0 wa,  0.0 hi,  0.8 si,  0.1 st
%Cpu(s): 13.5 us,  5.1 sy,  0.0 ni, 80.6 id,  0.0 wa,  0.0 hi,  0.6 si,  0.1 st
%Cpu(s):  7.7 us,  4.5 sy,  0.0 ni, 86.9 id,  0.0 wa,  0.0 hi,  0.9 si,  0.0 st
%Cpu(s): 14.2 us,  5.3 sy,  0.0 ni, 79.7 id,  0.0 wa,  0.0 hi,  0.8 si,  0.0 st
%Cpu(s): 24.1 us,  5.3 sy,  0.0 ni, 70.2 id,  0.0 wa,  0.0 hi,  0.5 si,  0.0 st
%Cpu(s): 10.6 us,  4.4 sy,  0.0 ni, 84.3 id,  0.0 wa,  0.0 hi,  0.8 si,  0.0 st
%Cpu(s): 17.1 us,  5.8 sy,  0.0 ni, 75.9 id,  0.0 wa,  0.0 hi,  1.3 si,  0.0 st
%Cpu(s): 10.6 us,  4.6 sy,  0.0 ni, 84.0 id,  0.0 wa,  0.0 hi,  0.6 si,  0.1 st
%Cpu(s): 15.9 us,  5.0 sy,  0.0 ni, 78.3 id,  0.0 wa,  0.0 hi,  0.8 si,  0.0 st
%Cpu(s): 15.3 us,  5.6 sy,  0.0 ni, 78.1 id,  0.0 wa,  0.0 hi,  0.9 si,  0.1 st
%Cpu(s): 11.4 us,  5.8 sy,  0.0 ni, 82.3 id,  0.0 wa,  0.0 hi,  0.5 si,  0.0 st
%Cpu(s): 18.2 us,  5.5 sy,  0.0 ni, 75.1 id,  0.0 wa,  0.0 hi,  1.0 si,  0.1 st
%Cpu(s):  8.0 us,  5.9 sy,  0.0 ni, 85.0 id,  0.0 wa,  0.0 hi,  1.1 si,  0.0 st
%Cpu(s): 14.9 us,  5.8 sy,  0.0 ni, 78.3 id,  0.0 wa,  0.0 hi,  1.0 si,  0.0 st
%Cpu(s):  8.4 us,  4.7 sy,  0.0 ni, 86.2 id,  0.0 wa,  0.0 hi,  0.6 si,  0.1 st
%Cpu(s):  9.3 us,  4.4 sy,  0.0 ni, 85.2 id,  0.0 wa,  0.0 hi,  1.1 si,  0.0 st
%Cpu(s): 12.2 us,  5.3 sy,  0.0 ni, 81.6 id,  0.0 wa,  0.0 hi,  0.9 si,  0.0 st
%Cpu(s): 13.4 us,  5.1 sy,  0.0 ni, 80.8 id,  0.0 wa,  0.0 hi,  0.6 si,  0.0 st
%Cpu(s): 14.2 us,  5.4 sy,  0.0 ni, 79.7 id,  0.0 wa,  0.0 hi,  0.7 si,  0.0 st
%Cpu(s): 12.5 us,  4.6 sy,  0.0 ni, 82.0 id,  0.0 wa,  0.0 hi,  0.8 si,  0.1 st
%Cpu(s): 19.9 us,  4.8 sy,  0.0 ni, 74.1 id,  0.1 wa,  0.0 hi,  1.0 si,  0.0 st
%Cpu(s): 10.3 us,  5.6 sy,  0.0 ni, 82.9 id,  0.0 wa,  0.0 hi,  1.1 si,  0.0 st
%Cpu(s): 10.3 us,  5.7 sy,  0.0 ni, 83.4 id,  0.0 wa,  0.0 hi,  0.5 si,  0.1 st
%Cpu(s):  8.2 us,  5.8 sy,  0.0 ni, 85.2 id,  0.0 wa,  0.0 hi,  0.9 si,  0.0 st
%Cpu(s): 13.4 us,  4.5 sy,  0.0 ni, 81.5 id,  0.0 wa,  0.0 hi,  0.6 si,  0.0 st
%Cpu(s): 10.0 us,  5.7 sy,  0.0 ni, 83.4 id,  0.0 wa,  0.0 hi,  0.7 si,  0.1 st
%Cpu(s):  9.1 us,  4.9 sy,  0.0 ni, 84.8 id,  0.0 wa,  0.0 hi,  1.1 si,  0.0 st
%Cpu(s):  9.1 us,  5.1 sy,  0.0 ni, 84.4 id,  0.1 wa,  0.0 hi,  1.1 si,  0.1 st
%Cpu(s):  8.6 us,  5.5 sy,  0.0 ni, 85.0 id,  0.0 wa,  0.0 hi,  0.9 si,  0.0 st
%Cpu(s):  8.9 us,  5.0 sy,  0.0 ni, 85.2 id,  0.0 wa,  0.0 hi,  0.9 si,  0.0 st
%Cpu(s):  6.0 us,  5.4 sy,  0.0 ni, 87.9 id,  0.0 wa,  0.0 hi,  0.8 si,  0.0 st
%Cpu(s):  4.1 us,  3.3 sy,  0.0 ni, 92.2 id,  0.0 wa,  0.0 hi,  0.3 si,  0.1 st
%Cpu(s):  3.2 us,  2.6 sy,  0.0 ni, 94.0 id,  0.0 wa,  0.0 hi,  0.0 si,  0.3 st
%Cpu(s):  3.4 us,  2.4 sy,  0.0 ni, 93.9 id,  0.0 wa,  0.0 hi,  0.0 si,  0.3 st
%Cpu(s):  2.5 us,  2.5 sy,  0.0 ni, 94.8 id,  0.0 wa,  0.0 hi,  0.0 si,  0.1 st
%Cpu(s):  3.5 us,  2.8 sy,  0.0 ni, 93.4 id,  0.0 wa,  0.0 hi,  0.0 si,  0.3 st
%Cpu(s):  5.3 us,  2.8 sy,  0.0 ni, 91.8 id,  0.0 wa,  0.0 hi,  0.0 si,  0.1 st
%Cpu(s):  3.2 us,  2.4 sy,  0.0 ni, 94.3 id,  0.0 wa,  0.0 hi,  0.0 si,  0.1 st
%Cpu(s):  3.6 us,  2.4 sy,  0.0 ni, 93.8 id,  0.0 wa,  0.0 hi,  0.0 si,  0.3 st
%Cpu(s):  4.7 us,  2.2 sy,  0.0 ni, 92.9 id,  0.0 wa,  0.0 hi,  0.0 si,  0.3 st
%Cpu(s):  2.3 us,  2.4 sy,  0.0 ni, 94.9 id,  0.0 wa,  0.0 hi,  0.1 si,  0.3 st
%Cpu(s):  2.8 us,  2.5 sy,  0.0 ni, 94.4 id,  0.0 wa,  0.0 hi,  0.0 si,  0.3 st
%Cpu(s):  3.6 us,  2.4 sy,  0.0 ni, 93.8 id,  0.0 wa,  0.0 hi,  0.0 si,  0.1 st
%Cpu(s):  3.4 us,  3.3 sy,  0.0 ni, 93.1 id,  0.0 wa,  0.0 hi,  0.0 si,  0.3 st
%Cpu(s):  2.5 us,  2.5 sy,  0.0 ni, 94.8 id,  0.0 wa,  0.0 hi,  0.1 si,  0.0 st
%Cpu(s):  5.0 us,  3.3 sy,  0.0 ni, 91.2 id,  0.0 wa,  0.0 hi,  0.1 si,  0.4 st
