%Cpu(s):  6.4 us,  0.8 sy,  0.0 ni, 92.5 id,  0.0 wa,  0.0 hi,  0.2 si,  0.0 st
%Cpu(s): 20.7 us,  3.0 sy,  0.0 ni, 76.3 id,  0.0 wa,  0.0 hi,  0.0 si,  0.0 st
%Cpu(s): 90.4 us,  5.0 sy,  0.0 ni,  4.6 id,  0.0 wa,  0.0 hi,  0.0 si,  0.0 st
%Cpu(s): 82.4 us,  2.0 sy,  0.0 ni, 15.6 id,  0.0 wa,  0.0 hi,  0.0 si,  0.0 st
%Cpu(s): 75.7 us,  2.9 sy,  0.0 ni, 21.4 id,  0.0 wa,  0.0 hi,  0.0 si,  0.0 st
%Cpu(s): 93.9 us,  1.7 sy,  0.0 ni,  4.1 id,  0.1 wa,  0.0 hi,  0.1 si,  0.0 st
%Cpu(s): 96.0 us,  2.5 sy,  0.0 ni,  1.4 id,  0.0 wa,  0.0 hi,  0.1 si,  0.0 st
%Cpu(s): 92.0 us,  3.0 sy,  0.0 ni,  4.8 id,  0.0 wa,  0.0 hi,  0.2 si,  0.0 st
%Cpu(s): 96.1 us,  3.1 sy,  0.0 ni,  0.5 id,  0.0 wa,  0.0 hi,  0.2 si,  0.0 st
%Cpu(s): 96.5 us,  2.5 sy,  0.0 ni,  0.7 id,  0.1 wa,  0.0 hi,  0.1 si,  0.0 st
%Cpu(s): 94.9 us,  3.0 sy,  0.0 ni,  1.6 id,  0.0 wa,  0.0 hi,  0.5 si,  0.0 st
%Cpu(s): 93.3 us,  5.3 sy,  0.0 ni,  0.1 id,  0.0 wa,  0.0 hi,  1.2 si,  0.0 st
%Cpu(s): 94.2 us,  4.5 sy,  0.0 ni,  0.0 id,  0.0 wa,  0.0 hi,  1.4 si,  0.0 st
%Cpu(s): 92.2 us,  5.1 sy,  0.0 ni,  2.0 id,  0.0 wa,  0.0 hi,  0.6 si,  0.0 st
%Cpu(s): 74.2 us,  3.2 sy,  0.0 ni, 21.8 id,  0.0 wa,  0.0 hi,  0.7 si,  0.0 st
%Cpu(s): 37.8 us,  3.1 sy,  0.0 ni, 58.8 id,  0.0 wa,  0.0 hi,  0.4 si,  0.0 st
%Cpu(s): 64.2 us,  4.9 sy,  0.0 ni, 29.7 id,  0.0 wa,  0.0 hi,  1.2 si,  0.0 st
%Cpu(s): 78.3 us,  6.7 sy,  0.0 ni, 12.6 id,  0.0 wa,  0.0 hi,  2.4 si,  0.0 st
%Cpu(s): 79.0 us,  6.0 sy,  0.0 ni, 12.5 id,  0.0 wa,  0.0 hi,  2.5 si,  0.0 st
%Cpu(s): 57.3 us,  5.8 sy,  0.0 ni, 35.5 id,  0.0 wa,  0.0 hi,  1.4 si,  0.0 st
%Cpu(s): 61.7 us,  5.8 sy,  0.0 ni, 31.3 id,  0.0 wa,  0.0 hi,  1.3 si,  0.0 st
%Cpu(s): 70.7 us,  3.4 sy,  0.0 ni, 24.9 id,  0.0 wa,  0.0 hi,  1.0 si,  0.0 st
%Cpu(s): 51.3 us,  4.8 sy,  0.0 ni, 43.0 id,  0.0 wa,  0.0 hi,  1.0 si,  0.0 st
%Cpu(s): 54.8 us,  4.9 sy,  0.0 ni, 39.0 id,  0.0 wa,  0.0 hi,  1.3 si,  0.0 st
%Cpu(s): 50.3 us,  4.4 sy,  0.0 ni, 43.8 id,  0.0 wa,  0.0 hi,  1.5 si,  0.0 st
%Cpu(s): 27.0 us,  3.6 sy,  0.0 ni, 68.2 id,  0.0 wa,  0.0 hi,  1.1 si,  0.1 st
%Cpu(s): 27.8 us,  4.2 sy,  0.0 ni, 66.9 id,  0.0 wa,  0.0 hi,  1.1 si,  0.0 st
%Cpu(s): 48.3 us,  4.2 sy,  0.0 ni, 46.7 id,  0.0 wa,  0.0 hi,  0.9 si,  0.0 st
%Cpu(s): 52.8 us,  4.0 sy,  0.0 ni, 42.3 id,  0.0 wa,  0.0 hi,  0.9 si,  0.0 st
%Cpu(s): 47.0 us,  3.6 sy,  0.0 ni, 48.2 id,  0.0 wa,  0.0 hi,  1.1 si,  0.0 st
%Cpu(s): 17.6 us,  4.6 sy,  0.0 ni, 76.6 id,  0.0 wa,  0.0 hi,  1.1 si,  0.1 st
%Cpu(s): 33.7 us,  4.3 sy,  0.0 ni, 61.3 id,  0.0 wa,  0.0 hi,  0.8 si,  0.0 st
%Cpu(s): 38.4 us,  4.3 sy,  0.0 ni, 56.0 id,  0.0 wa,  0.0 hi,  1.4 si,  0.0 st
%Cpu(s): 23.8 us,  3.4 sy,  0.0 ni, 71.8 id,  0.0 wa,  0.0 hi,  1.0 si,  0.0 st
%Cpu(s): 21.2 us,  3.5 sy,  0.0 ni, 74.7 id,  0.0 wa,  0.0 hi,  0.6 si,  0.0 st
%Cpu(s): 12.2 us,  4.8 sy,  0.0 ni, 81.6 id,  0.0 wa,  0.0 hi,  1.4 si,  0.0 st
%Cpu(s): 44.8 us,  4.9 sy,  0.0 ni, 49.2 id,  0.0 wa,  0.0 hi,  1.1 si,  0.0 st
%Cpu(s): 28.6 us,  4.3 sy,  0.0 ni, 66.0 id,  0.0 wa,  0.0 hi,  1.1 si,  0.0 st
%Cpu(s): 21.8 us,  4.1 sy,  0.0 ni, 72.5 id,  0.0 wa,  0.0 hi,  1.5 si,  0.1 st
%Cpu(s): 41.2 us,  5.3 sy,  0.0 ni, 52.6 id,  0.0 wa,  0.0 hi,  1.0 si,  0.0 st
%Cpu(s): 25.8 us,  3.8 sy,  0.0 ni, 69.4 id,  0.1 wa,  0.0 hi,  0.9 si,  0.0 st
%Cpu(s): 35.8 us,  4.4 sy,  0.0 ni, 59.3 id,  0.0 wa,  0.0 hi,  0.5 si,  0.0 st
%Cpu(s): 27.4 us,  4.6 sy,  0.0 ni, 67.0 id,  0.0 wa,  0.0 hi,  1.0 si,  0.0 st
%Cpu(s): 16.2 us,  4.0 sy,  0.0 ni, 78.9 id,  0.0 wa,  0.0 hi,  0.9 si,  0.0 st
%Cpu(s): 13.6 us,  4.4 sy,  0.0 ni, 80.4 id,  0.0 wa,  0.0 hi,  1.6 si,  0.0 st
%Cpu(s): 14.0 us,  4.2 sy,  0.0 ni, 80.4 id,  0.0 wa,  0.0 hi,  1.4 si,  0.0 st
%Cpu(s): 15.8 us,  3.6 sy,  0.0 ni, 79.0 id,  0.0 wa,  0.0 hi,  1.5 si,  0.0 st
%Cpu(s): 10.2 us,  3.3 sy,  0.0 ni, 85.7 id,  0.0 wa,  0.0 hi,  0.8 si,  0.0 st
%Cpu(s):  9.0 us,  4.4 sy,  0.0 ni, 85.1 id,  0.0 wa,  0.0 hi,  1.5 si,  0.0 st
%Cpu(s): 11.9 us,  4.4 sy,  0.0 ni, 82.4 id,  0.0 wa,  0.0 hi,  1.2 si,  0.1 st
%Cpu(s): 25.5 us,  4.9 sy,  0.0 ni, 68.5 id,  0.0 wa,  0.0 hi,  1.1 si,  0.0 st
%Cpu(s): 10.1 us,  4.2 sy,  0.0 ni, 84.4 id,  0.0 wa,  0.0 hi,  1.2 si,  0.0 st
%Cpu(s):  8.3 us,  4.6 sy,  0.0 ni, 86.1 id,  0.0 wa,  0.0 hi,  1.0 si,  0.0 st
%Cpu(s):  9.2 us,  4.0 sy,  0.0 ni, 85.6 id,  0.0 wa,  0.0 hi,  1.1 si,  0.0 st
%Cpu(s): 10.4 us,  4.7 sy,  0.0 ni, 83.4 id,  0.0 wa,  0.0 hi,  1.4 si,  0.1 st
%Cpu(s): 12.1 us,  3.8 sy,  0.0 ni, 83.0 id,  0.0 wa,  0.0 hi,  1.1 si,  0.0 st
%Cpu(s): 14.6 us,  4.6 sy,  0.0 ni, 79.7 id,  0.0 wa,  0.0 hi,  1.0 si,  0.0 st
%Cpu(s): 13.8 us,  4.5 sy,  0.0 ni, 80.8 id,  0.0 wa,  0.0 hi,  1.0 si,  0.0 st
%Cpu(s): 10.1 us,  4.0 sy,  0.0 ni, 85.0 id,  0.0 wa,  0.0 hi,  0.9 si,  0.0 st
%Cpu(s): 15.2 us,  3.5 sy,  0.0 ni, 80.1 id,  0.0 wa,  0.0 hi,  1.1 si,  0.0 st
%Cpu(s): 12.5 us,  4.3 sy,  0.0 ni, 82.1 id,  0.1 wa,  0.0 hi,  0.9 si,  0.1 st
%Cpu(s):  3.5 us,  1.1 sy,  0.0 ni, 95.1 id,  0.0 wa,  0.0 hi,  0.3 si,  0.0 st
%Cpu(s):  1.9 us,  0.5 sy,  0.0 ni, 97.6 id,  0.0 wa,  0.0 hi,  0.0 si,  0.0 st
%Cpu(s):  2.7 us,  2.1 sy,  0.0 ni, 95.1 id,  0.0 wa,  0.0 hi,  0.0 si,  0.0 st
%Cpu(s):  1.9 us,  1.6 sy,  0.0 ni, 96.5 id,  0.0 wa,  0.0 hi,  0.0 si,  0.0 st
%Cpu(s):  2.1 us,  1.6 sy,  0.0 ni, 96.3 id,  0.0 wa,  0.0 hi,  0.0 si,  0.0 st
%Cpu(s):  2.9 us,  1.6 sy,  0.0 ni, 95.4 id,  0.0 wa,  0.0 hi,  0.1 si,  0.0 st
%Cpu(s):  2.9 us,  1.6 sy,  0.0 ni, 95.5 id,  0.0 wa,  0.0 hi,  0.0 si,  0.0 st
%Cpu(s):  2.6 us,  0.4 sy,  0.0 ni, 97.0 id,  0.0 wa,  0.0 hi,  0.0 si,  0.0 st
%Cpu(s):  5.5 us,  0.9 sy,  0.0 ni, 93.6 id,  0.0 wa,  0.0 hi,  0.0 si,  0.0 st
%Cpu(s):  1.9 us,  0.9 sy,  0.0 ni, 97.2 id,  0.0 wa,  0.0 hi,  0.0 si,  0.0 st
%Cpu(s):  2.4 us,  1.4 sy,  0.0 ni, 96.0 id,  0.0 wa,  0.0 hi,  0.2 si,  0.0 st
%Cpu(s):  2.5 us,  1.2 sy,  0.0 ni, 96.2 id,  0.0 wa,  0.0 hi,  0.0 si,  0.1 st
%Cpu(s):  1.7 us,  0.4 sy,  0.0 ni, 97.9 id,  0.0 wa,  0.0 hi,  0.0 si,  0.0 st
%Cpu(s):  2.2 us,  0.6 sy,  0.0 ni, 97.0 id,  0.0 wa,  0.0 hi,  0.0 si,  0.1 st
%Cpu(s):  2.0 us,  0.9 sy,  0.0 ni, 97.1 id,  0.0 wa,  0.0 hi,  0.0 si,  0.0 st
%Cpu(s):  1.4 us,  1.0 sy,  0.0 ni, 97.6 id,  0.0 wa,  0.0 hi,  0.0 si,  0.0 st
%Cpu(s):  1.5 us,  0.6 sy,  0.0 ni, 97.9 id,  0.0 wa,  0.0 hi,  0.0 si,  0.0 st
%Cpu(s):  2.6 us,  1.0 sy,  0.0 ni, 96.4 id,  0.0 wa,  0.0 hi,  0.0 si,  0.0 st
%Cpu(s):  2.4 us,  0.7 sy,  0.0 ni, 96.8 id,  0.0 wa,  0.0 hi,  0.1 si,  0.0 st
%Cpu(s):  2.1 us,  0.6 sy,  0.0 ni, 97.1 id,  0.1 wa,  0.0 hi,  0.0 si,  0.0 st
%Cpu(s):  2.1 us,  2.1 sy,  0.0 ni, 95.8 id,  0.0 wa,  0.0 hi,  0.0 si,  0.0 st
%Cpu(s):  2.0 us,  2.4 sy,  0.0 ni, 95.5 id,  0.0 wa,  0.0 hi,  0.1 si,  0.0 st
