%Cpu(s):  4.0 us,  0.7 sy,  0.0 ni, 95.2 id,  0.0 wa,  0.0 hi,  0.1 si,  0.0 st
%Cpu(s): 80.4 us,  6.9 sy,  0.0 ni, 12.6 id,  0.1 wa,  0.0 hi,  0.0 si,  0.0 st
%Cpu(s): 94.6 us,  3.9 sy,  0.0 ni,  1.5 id,  0.0 wa,  0.0 hi,  0.0 si,  0.0 st
%Cpu(s): 94.0 us,  4.2 sy,  0.0 ni,  1.7 id,  0.0 wa,  0.0 hi,  0.0 si,  0.0 st
%Cpu(s): 96.5 us,  2.4 sy,  0.0 ni,  1.1 id,  0.0 wa,  0.0 hi,  0.0 si,  0.0 st
%Cpu(s): 97.0 us,  3.0 sy,  0.0 ni,  0.0 id,  0.0 wa,  0.0 hi,  0.0 si,  0.0 st
%Cpu(s): 96.9 us,  3.0 sy,  0.0 ni,  0.0 id,  0.0 wa,  0.0 hi,  0.1 si,  0.0 st
%Cpu(s): 96.9 us,  3.0 sy,  0.0 ni,  0.0 id,  0.0 wa,  0.0 hi,  0.1 si,  0.0 st
%Cpu(s): 96.5 us,  3.4 sy,  0.0 ni,  0.0 id,  0.0 wa,  0.0 hi,  0.1 si,  0.0 st
%Cpu(s): 95.6 us,  4.0 sy,  0.0 ni,  0.0 id,  0.0 wa,  0.0 hi,  0.4 si,  0.0 st
%Cpu(s): 67.1 us,  2.5 sy,  0.0 ni, 30.1 id,  0.0 wa,  0.0 hi,  0.2 si,  0.0 st
%Cpu(s): 18.8 us,  2.4 sy,  0.0 ni, 78.3 id,  0.0 wa,  0.0 hi,  0.3 si,  0.3 st
%Cpu(s): 14.7 us,  3.0 sy,  0.0 ni, 82.2 id,  0.0 wa,  0.0 hi,  0.0 si,  0.0 st
%Cpu(s): 11.6 us,  4.3 sy,  0.0 ni, 83.7 id,  0.0 wa,  0.0 hi,  0.3 si,  0.1 st
%Cpu(s):  8.8 us,  4.3 sy,  0.0 ni, 86.5 id,  0.0 wa,  0.0 hi,  0.3 si,  0.1 st
%Cpu(s):  6.9 us,  3.6 sy,  0.0 ni, 89.0 id,  0.0 wa,  0.0 hi,  0.3 si,  0.3 st
%Cpu(s):  6.9 us,  3.3 sy,  0.0 ni, 89.8 id,  0.0 wa,  0.0 hi,  0.0 si,  0.0 st
%Cpu(s):  6.1 us,  4.1 sy,  0.0 ni, 89.5 id,  0.0 wa,  0.0 hi,  0.3 si,  0.0 st
%Cpu(s): 15.7 us,  3.4 sy,  0.0 ni, 80.6 id,  0.0 wa,  0.0 hi,  0.0 si,  0.3 st
%Cpu(s): 34.1 us,  2.6 sy,  0.0 ni, 63.0 id,  0.0 wa,  0.0 hi,  0.3 si,  0.0 st
%Cpu(s): 89.8 us,  5.9 sy,  0.0 ni,  3.5 id,  0.0 wa,  0.0 hi,  0.9 si,  0.0 st
%Cpu(s): 90.0 us,  8.2 sy,  0.0 ni,  0.4 id,  0.0 wa,  0.0 hi,  1.4 si,  0.0 st
%Cpu(s): 88.2 us,  9.3 sy,  0.0 ni,  0.0 id,  0.0 wa,  0.0 hi,  2.5 si,  0.0 st
%Cpu(s): 87.8 us, 10.1 sy,  0.0 ni,  0.0 id,  0.0 wa,  0.0 hi,  2.1 si,  0.0 st
%Cpu(s): 89.9 us,  8.2 sy,  0.0 ni,  0.0 id,  0.0 wa,  0.0 hi,  1.9 si,  0.0 st
%Cpu(s): 92.8 us,  5.1 sy,  0.0 ni,  0.0 id,  0.0 wa,  0.0 hi,  2.1 si,  0.0 st
%Cpu(s): 91.4 us,  5.7 sy,  0.0 ni,  1.0 id,  0.0 wa,  0.0 hi,  1.9 si,  0.0 st
%Cpu(s): 92.8 us,  5.9 sy,  0.0 ni,  0.0 id,  0.0 wa,  0.0 hi,  1.4 si,  0.0 st
%Cpu(s): 93.0 us,  5.0 sy,  0.0 ni,  0.9 id,  0.0 wa,  0.0 hi,  1.1 si,  0.0 st
%Cpu(s): 93.5 us,  4.7 sy,  0.0 ni,  0.6 id,  0.0 wa,  0.0 hi,  1.1 si,  0.0 st
%Cpu(s): 86.1 us,  4.7 sy,  0.0 ni,  8.0 id,  0.0 wa,  0.0 hi,  1.1 si,  0.0 st
%Cpu(s): 39.7 us,  4.5 sy,  0.0 ni, 53.7 id,  0.0 wa,  0.0 hi,  2.0 si,  0.0 st
%Cpu(s): 42.7 us,  5.1 sy,  0.0 ni, 50.7 id,  0.0 wa,  0.0 hi,  1.5 si,  0.0 st
%Cpu(s): 39.6 us,  5.4 sy,  0.0 ni, 54.3 id,  0.0 wa,  0.0 hi,  0.6 si,  0.0 st
%Cpu(s): 23.2 us,  5.1 sy,  0.0 ni, 70.5 id,  0.0 wa,  0.0 hi,  1.1 si,  0.0 st
%Cpu(s): 14.4 us,  5.3 sy,  0.0 ni, 79.3 id,  0.0 wa,  0.0 hi,  0.8 si,  0.1 st
%Cpu(s): 17.4 us,  5.1 sy,  0.0 ni, 76.5 id,  0.0 wa,  0.0 hi,  1.0 si,  0.0 st
%Cpu(s): 18.8 us,  5.1 sy,  0.0 ni, 75.3 id,  0.1 wa,  0.0 hi,  0.6 si,  0.0 st
%Cpu(s): 36.5 us,  4.8 sy,  0.0 ni, 57.6 id,  0.0 wa,  0.0 hi,  1.0 si,  0.1 st
%Cpu(s): 68.3 us,  3.6 sy,  0.0 ni, 26.7 id,  0.0 wa,  0.0 hi,  1.4 si,  0.0 st
%Cpu(s): 36.9 us,  5.0 sy,  0.0 ni, 56.6 id,  0.0 wa,  0.0 hi,  1.5 si,  0.0 st
%Cpu(s): 41.6 us,  4.5 sy,  0.0 ni, 52.6 id,  0.0 wa,  0.0 hi,  1.2 si,  0.0 st
%Cpu(s): 16.4 us,  5.3 sy,  0.0 ni, 77.4 id,  0.0 wa,  0.0 hi,  0.8 si,  0.1 st
%Cpu(s): 21.6 us,  5.0 sy,  0.0 ni, 72.7 id,  0.0 wa,  0.0 hi,  0.8 si,  0.0 st
%Cpu(s): 37.8 us,  5.7 sy,  0.0 ni, 55.8 id,  0.0 wa,  0.0 hi,  0.8 si,  0.0 st
%Cpu(s): 24.1 us,  4.8 sy,  0.0 ni, 70.5 id,  0.0 wa,  0.0 hi,  0.5 si,  0.1 st
%Cpu(s):  9.3 us,  4.5 sy,  0.0 ni, 85.2 id,  0.0 wa,  0.0 hi,  0.8 si,  0.1 st
%Cpu(s): 14.0 us,  5.6 sy,  0.0 ni, 79.6 id,  0.0 wa,  0.0 hi,  0.8 si,  0.0 st
%Cpu(s): 11.8 us,  5.3 sy,  0.0 ni, 82.0 id,  0.0 wa,  0.0 hi,  0.7 si,  0.1 st
%Cpu(s): 16.3 us,  5.3 sy,  0.0 ni, 77.3 id,  0.0 wa,  0.0 hi,  1.1 si,  0.0 st
%Cpu(s): 22.4 us,  4.1 sy,  0.0 ni, 72.7 id,  0.0 wa,  0.0 hi,  0.8 si,  0.0 st
%Cpu(s): 19.0 us,  5.0 sy,  0.0 ni, 75.2 id,  0.0 wa,  0.0 hi,  0.6 si,  0.1 st
%Cpu(s): 23.8 us,  4.5 sy,  0.0 ni, 71.1 id,  0.0 wa,  0.0 hi,  0.6 si,  0.0 st
%Cpu(s): 19.2 us,  4.5 sy,  0.0 ni, 75.8 id,  0.0 wa,  0.0 hi,  0.5 si,  0.0 st
%Cpu(s): 14.2 us,  4.6 sy,  0.0 ni, 80.7 id,  0.0 wa,  0.0 hi,  0.5 si,  0.0 st
%Cpu(s): 17.3 us,  4.3 sy,  0.0 ni, 77.0 id,  0.1 wa,  0.0 hi,  1.3 si,  0.0 st
%Cpu(s): 11.7 us,  4.6 sy,  0.0 ni, 83.0 id,  0.0 wa,  0.0 hi,  0.6 si,  0.1 st
%Cpu(s): 17.7 us,  4.9 sy,  0.0 ni, 76.7 id,  0.0 wa,  0.0 hi,  0.7 si,  0.0 st
%Cpu(s): 13.3 us,  5.0 sy,  0.0 ni, 80.8 id,  0.0 wa,  0.0 hi,  0.8 si,  0.1 st
%Cpu(s): 14.2 us,  4.1 sy,  0.0 ni, 80.8 id,  0.0 wa,  0.0 hi,  0.9 si,  0.0 st
%Cpu(s): 14.2 us,  5.3 sy,  0.0 ni, 79.3 id,  0.0 wa,  0.0 hi,  1.3 si,  0.0 st
%Cpu(s):  5.1 us,  3.4 sy,  0.0 ni, 90.9 id,  0.0 wa,  0.0 hi,  0.4 si,  0.1 st
%Cpu(s):  4.6 us,  3.5 sy,  0.0 ni, 91.8 id,  0.0 wa,  0.0 hi,  0.1 si,  0.0 st
%Cpu(s):  7.1 us,  3.0 sy,  0.0 ni, 89.6 id,  0.0 wa,  0.0 hi,  0.1 si,  0.1 st
%Cpu(s):  2.8 us,  3.0 sy,  0.0 ni, 94.2 id,  0.0 wa,  0.0 hi,  0.0 si,  0.0 st
%Cpu(s):  5.3 us,  2.6 sy,  0.0 ni, 91.8 id,  0.0 wa,  0.0 hi,  0.1 si,  0.1 st
%Cpu(s):  4.5 us,  3.7 sy,  0.0 ni, 91.8 id,  0.0 wa,  0.0 hi,  0.0 si,  0.0 st
%Cpu(s):  2.5 us,  2.7 sy,  0.0 ni, 94.5 id,  0.0 wa,  0.0 hi,  0.1 si,  0.1 st
%Cpu(s):  3.1 us,  3.6 sy,  0.0 ni, 93.2 id,  0.0 wa,  0.0 hi,  0.0 si,  0.1 st
%Cpu(s):  4.6 us,  3.7 sy,  0.0 ni, 91.7 id,  0.0 wa,  0.0 hi,  0.0 si,  0.0 st
%Cpu(s):  5.3 us,  3.7 sy,  0.0 ni, 90.9 id,  0.0 wa,  0.0 hi,  0.0 si,  0.1 st
%Cpu(s): 32.2 us,  2.3 sy,  0.0 ni, 65.6 id,  0.0 wa,  0.0 hi,  0.0 si,  0.0 st
%Cpu(s): 23.1 us,  2.4 sy,  0.0 ni, 74.4 id,  0.0 wa,  0.0 hi,  0.0 si,  0.1 st
%Cpu(s):  4.0 us,  3.2 sy,  0.0 ni, 92.6 id,  0.0 wa,  0.0 hi,  0.1 si,  0.1 st
%Cpu(s):  5.8 us,  3.3 sy,  0.0 ni, 90.5 id,  0.0 wa,  0.0 hi,  0.1 si,  0.3 st
%Cpu(s):  4.9 us,  4.3 sy,  0.0 ni, 90.5 id,  0.1 wa,  0.0 hi,  0.0 si,  0.1 st
%Cpu(s):  4.4 us,  4.0 sy,  0.0 ni, 91.6 id,  0.0 wa,  0.0 hi,  0.0 si,  0.0 st
%Cpu(s):  4.6 us,  3.7 sy,  0.0 ni, 91.3 id,  0.0 wa,  0.0 hi,  0.2 si,  0.1 st
%Cpu(s):  3.6 us,  3.3 sy,  0.0 ni, 93.0 id,  0.0 wa,  0.0 hi,  0.0 si,  0.1 st
%Cpu(s):  4.9 us,  2.9 sy,  0.0 ni, 91.8 id,  0.0 wa,  0.0 hi,  0.3 si,  0.1 st
