%Cpu(s):  2.5 us,  0.5 sy,  0.0 ni, 96.9 id,  0.0 wa,  0.0 hi,  0.0 si,  0.0 st
%Cpu(s): 23.6 us,  0.7 sy,  0.0 ni, 75.6 id,  0.0 wa,  0.0 hi,  0.0 si,  0.0 st
%Cpu(s): 30.1 us,  1.2 sy,  0.0 ni, 68.7 id,  0.0 wa,  0.0 hi,  0.0 si,  0.0 st
%Cpu(s): 27.2 us,  1.5 sy,  0.0 ni, 71.3 id,  0.0 wa,  0.0 hi,  0.0 si,  0.0 st
%Cpu(s): 19.7 us,  0.7 sy,  0.0 ni, 79.5 id,  0.1 wa,  0.0 hi,  0.0 si,  0.0 st
%Cpu(s): 28.4 us,  0.9 sy,  0.0 ni, 70.6 id,  0.1 wa,  0.0 hi,  0.0 si,  0.0 st
%Cpu(s): 39.7 us,  1.2 sy,  0.0 ni, 58.1 id,  1.0 wa,  0.0 hi,  0.0 si,  0.0 st
%Cpu(s):  6.5 us,  0.1 sy,  0.0 ni, 93.4 id,  0.0 wa,  0.0 hi,  0.0 si,  0.0 st
%Cpu(s):  0.0 us,  0.1 sy,  0.0 ni, 99.9 id,  0.0 wa,  0.0 hi,  0.0 si,  0.0 st
%Cpu(s):  1.1 us,  0.1 sy,  0.0 ni, 98.8 id,  0.0 wa,  0.0 hi,  0.0 si,  0.0 st
%Cpu(s):  0.0 us,  0.0 sy,  0.0 ni,100.0 id,  0.0 wa,  0.0 hi,  0.0 si,  0.0 st
%Cpu(s):  0.1 us,  0.1 sy,  0.0 ni, 99.8 id,  0.0 wa,  0.0 hi,  0.0 si,  0.0 st
%Cpu(s):  1.5 us,  0.2 sy,  0.0 ni, 98.3 id,  0.0 wa,  0.0 hi,  0.0 si,  0.0 st
%Cpu(s): 38.4 us,  4.2 sy,  0.0 ni, 57.1 id,  0.1 wa,  0.0 hi,  0.1 si,  0.0 st
%Cpu(s): 84.9 us,  3.5 sy,  0.0 ni, 11.6 id,  0.0 wa,  0.0 hi,  0.0 si,  0.0 st
%Cpu(s): 84.5 us,  2.9 sy,  0.0 ni, 12.6 id,  0.0 wa,  0.0 hi,  0.0 si,  0.0 st
%Cpu(s): 83.6 us,  1.8 sy,  0.0 ni, 14.5 id,  0.1 wa,  0.0 hi,  0.0 si,  0.0 st
%Cpu(s): 97.1 us,  2.0 sy,  0.0 ni,  0.9 id,  0.0 wa,  0.0 hi,  0.0 si,  0.0 st
%Cpu(s): 95.1 us,  2.0 sy,  0.0 ni,  2.6 id,  0.1 wa,  0.0 hi,  0.1 si,  0.0 st
%Cpu(s): 96.8 us,  2.6 sy,  0.0 ni,  0.5 id,  0.0 wa,  0.0 hi,  0.1 si,  0.0 st
%Cpu(s): 88.3 us,  2.1 sy,  0.0 ni,  9.4 id,  0.0 wa,  0.0 hi,  0.1 si,  0.0 st
%Cpu(s): 68.2 us,  1.9 sy,  0.0 ni, 29.9 id,  0.0 wa,  0.0 hi,  0.0 si,  0.0 st
%Cpu(s): 47.6 us,  2.9 sy,  0.0 ni, 49.2 id,  0.0 wa,  0.0 hi,  0.2 si,  0.1 st
%Cpu(s): 51.6 us,  2.9 sy,  0.0 ni, 45.3 id,  0.0 wa,  0.0 hi,  0.3 si,  0.0 st
%Cpu(s): 45.0 us,  2.3 sy,  0.0 ni, 52.6 id,  0.0 wa,  0.0 hi,  0.1 si,  0.0 st
%Cpu(s): 42.4 us,  2.2 sy,  0.0 ni, 55.3 id,  0.0 wa,  0.0 hi,  0.1 si,  0.0 st
%Cpu(s): 26.7 us,  2.3 sy,  0.0 ni, 70.9 id,  0.0 wa,  0.0 hi,  0.1 si,  0.0 st
%Cpu(s):  9.7 us,  2.6 sy,  0.0 ni, 87.5 id,  0.0 wa,  0.0 hi,  0.1 si,  0.1 st
%Cpu(s): 15.5 us,  3.5 sy,  0.0 ni, 80.7 id,  0.0 wa,  0.0 hi,  0.1 si,  0.1 st
%Cpu(s): 41.7 us,  4.9 sy,  0.0 ni, 52.3 id,  0.0 wa,  0.0 hi,  1.0 si,  0.0 st
%Cpu(s): 29.1 us,  4.8 sy,  0.0 ni, 65.2 id,  0.0 wa,  0.0 hi,  0.9 si,  0.0 st
%Cpu(s): 48.5 us,  4.8 sy,  0.0 ni, 45.9 id,  0.0 wa,  0.0 hi,  0.8 si,  0.0 st
%Cpu(s): 53.9 us,  5.0 sy,  0.0 ni, 39.9 id,  0.0 wa,  0.0 hi,  1.1 si,  0.0 st
%Cpu(s): 11.8 us,  4.4 sy,  0.0 ni, 83.2 id,  0.0 wa,  0.0 hi,  0.6 si,  0.0 st
%Cpu(s): 12.9 us,  4.6 sy,  0.0 ni, 81.7 id,  0.0 wa,  0.0 hi,  0.8 si,  0.0 st
%Cpu(s):  9.4 us,  4.7 sy,  0.0 ni, 85.2 id,  0.0 wa,  0.0 hi,  0.8 si,  0.0 st
%Cpu(s):  8.6 us,  4.8 sy,  0.0 ni, 86.3 id,  0.0 wa,  0.0 hi,  0.4 si,  0.0 st
%Cpu(s):  9.2 us,  4.3 sy,  0.0 ni, 85.3 id,  0.0 wa,  0.0 hi,  1.0 si,  0.1 st
%Cpu(s): 11.1 us,  5.2 sy,  0.0 ni, 82.3 id,  0.0 wa,  0.0 hi,  1.4 si,  0.0 st
%Cpu(s): 28.4 us,  4.7 sy,  0.0 ni, 65.9 id,  0.0 wa,  0.0 hi,  0.9 si,  0.0 st
%Cpu(s): 39.6 us,  4.5 sy,  0.0 ni, 54.1 id,  0.0 wa,  0.0 hi,  1.1 si,  0.6 st
%Cpu(s): 22.6 us,  4.1 sy,  0.0 ni, 72.5 id,  0.0 wa,  0.0 hi,  0.8 si,  0.0 st
%Cpu(s): 15.4 us,  4.7 sy,  0.0 ni, 78.8 id,  0.0 wa,  0.0 hi,  1.0 si,  0.1 st
%Cpu(s):  9.8 us,  4.1 sy,  0.0 ni, 85.5 id,  0.0 wa,  0.0 hi,  0.6 si,  0.0 st
%Cpu(s): 12.3 us,  4.0 sy,  0.0 ni, 82.9 id,  0.0 wa,  0.0 hi,  0.8 si,  0.0 st
%Cpu(s): 29.9 us,  5.3 sy,  0.0 ni, 64.2 id,  0.0 wa,  0.0 hi,  0.6 si,  0.0 st
%Cpu(s):  6.6 us,  4.5 sy,  0.0 ni, 87.9 id,  0.0 wa,  0.0 hi,  0.9 si,  0.1 st
%Cpu(s):  8.9 us,  4.5 sy,  0.0 ni, 85.6 id,  0.0 wa,  0.0 hi,  0.8 si,  0.1 st
%Cpu(s):  9.7 us,  4.3 sy,  0.0 ni, 85.1 id,  0.0 wa,  0.0 hi,  0.9 si,  0.0 st
%Cpu(s):  7.2 us,  4.3 sy,  0.0 ni, 87.5 id,  0.0 wa,  0.0 hi,  1.0 si,  0.0 st
%Cpu(s): 10.4 us,  4.7 sy,  0.0 ni, 84.4 id,  0.0 wa,  0.0 hi,  0.4 si,  0.1 st
%Cpu(s): 11.4 us,  4.2 sy,  0.0 ni, 84.0 id,  0.0 wa,  0.0 hi,  0.4 si,  0.0 st
%Cpu(s): 11.1 us,  4.8 sy,  0.0 ni, 83.4 id,  0.0 wa,  0.0 hi,  0.6 si,  0.0 st
%Cpu(s): 15.9 us,  3.7 sy,  0.0 ni, 79.4 id,  0.0 wa,  0.0 hi,  0.8 si,  0.3 st
%Cpu(s): 21.5 us,  4.7 sy,  0.0 ni, 73.3 id,  0.0 wa,  0.0 hi,  0.5 si,  0.0 st
%Cpu(s):  8.3 us,  3.9 sy,  0.0 ni, 86.4 id,  0.0 wa,  0.0 hi,  1.2 si,  0.1 st
%Cpu(s):  7.5 us,  3.9 sy,  0.0 ni, 87.3 id,  0.0 wa,  0.0 hi,  1.3 si,  0.0 st
%Cpu(s):  6.9 us,  3.5 sy,  0.0 ni, 89.2 id,  0.0 wa,  0.0 hi,  0.3 si,  0.1 st
%Cpu(s): 12.6 us,  4.5 sy,  0.0 ni, 82.5 id,  0.0 wa,  0.0 hi,  0.4 si,  0.0 st
%Cpu(s): 12.3 us,  3.2 sy,  0.0 ni, 83.8 id,  0.1 wa,  0.0 hi,  0.5 si,  0.0 st
%Cpu(s):  6.5 us,  4.2 sy,  0.0 ni, 88.2 id,  0.0 wa,  0.0 hi,  1.1 si,  0.0 st
%Cpu(s):  3.6 us,  1.8 sy,  0.0 ni, 94.1 id,  0.0 wa,  0.0 hi,  0.4 si,  0.1 st
%Cpu(s):  3.9 us,  1.4 sy,  0.0 ni, 94.8 id,  0.0 wa,  0.0 hi,  0.0 si,  0.0 st
%Cpu(s):  1.4 us,  1.4 sy,  0.0 ni, 97.2 id,  0.0 wa,  0.0 hi,  0.0 si,  0.0 st
%Cpu(s):  1.6 us,  1.0 sy,  0.0 ni, 97.2 id,  0.0 wa,  0.0 hi,  0.1 si,  0.0 st
%Cpu(s):  2.6 us,  1.9 sy,  0.0 ni, 95.5 id,  0.0 wa,  0.0 hi,  0.0 si,  0.0 st
%Cpu(s):  6.9 us,  1.8 sy,  0.0 ni, 91.3 id,  0.0 wa,  0.0 hi,  0.0 si,  0.0 st
%Cpu(s):  3.0 us,  1.9 sy,  0.0 ni, 95.0 id,  0.0 wa,  0.0 hi,  0.1 si,  0.0 st
%Cpu(s):  2.6 us,  1.8 sy,  0.0 ni, 95.5 id,  0.0 wa,  0.0 hi,  0.1 si,  0.0 st
%Cpu(s):  3.9 us,  2.0 sy,  0.0 ni, 94.1 id,  0.0 wa,  0.0 hi,  0.0 si,  0.0 st
