%Cpu(s):  4.1 us,  0.7 sy,  0.0 ni, 95.1 id,  0.0 wa,  0.0 hi,  0.1 si,  0.0 st
%Cpu(s): 88.3 us,  6.5 sy,  0.0 ni,  5.1 id,  0.0 wa,  0.0 hi,  0.0 si,  0.0 st
%Cpu(s): 95.5 us,  3.9 sy,  0.0 ni,  0.6 id,  0.0 wa,  0.0 hi,  0.0 si,  0.0 st
%Cpu(s): 94.4 us,  4.0 sy,  0.0 ni,  1.6 id,  0.0 wa,  0.0 hi,  0.0 si,  0.0 st
%Cpu(s): 96.8 us,  2.9 sy,  0.0 ni,  0.4 id,  0.0 wa,  0.0 hi,  0.0 si,  0.0 st
%Cpu(s): 97.3 us,  2.7 sy,  0.0 ni,  0.0 id,  0.0 wa,  0.0 hi,  0.0 si,  0.0 st
%Cpu(s): 96.6 us,  3.2 sy,  0.0 ni,  0.0 id,  0.0 wa,  0.0 hi,  0.1 si,  0.0 st
%Cpu(s): 96.5 us,  3.5 sy,  0.0 ni,  0.0 id,  0.0 wa,  0.0 hi,  0.0 si,  0.0 st
%Cpu(s): 96.0 us,  3.9 sy,  0.0 ni,  0.0 id,  0.0 wa,  0.0 hi,  0.1 si,  0.0 st
%Cpu(s): 96.3 us,  3.4 sy,  0.0 ni,  0.1 id,  0.0 wa,  0.0 hi,  0.2 si,  0.0 st
%Cpu(s): 65.6 us,  2.5 sy,  0.0 ni, 31.7 id,  0.0 wa,  0.0 hi,  0.3 si,  0.0 st
%Cpu(s): 23.3 us,  2.4 sy,  0.0 ni, 73.7 id,  0.1 wa,  0.0 hi,  0.2 si,  0.2 st
%Cpu(s): 17.2 us,  4.4 sy,  0.0 ni, 78.2 id,  0.0 wa,  0.0 hi,  0.1 si,  0.1 st
%Cpu(s): 12.7 us,  4.8 sy,  0.0 ni, 82.1 id,  0.0 wa,  0.0 hi,  0.3 si,  0.3 st
%Cpu(s): 11.3 us,  3.5 sy,  0.0 ni, 84.8 id,  0.0 wa,  0.0 hi,  0.3 si,  0.1 st
%Cpu(s):  6.8 us,  3.9 sy,  0.0 ni, 89.0 id,  0.0 wa,  0.0 hi,  0.0 si,  0.3 st
%Cpu(s):  5.7 us,  3.4 sy,  0.0 ni, 90.7 id,  0.0 wa,  0.0 hi,  0.0 si,  0.1 st
%Cpu(s): 10.8 us,  3.5 sy,  0.0 ni, 85.3 id,  0.0 wa,  0.0 hi,  0.0 si,  0.4 st
%Cpu(s): 38.8 us,  4.1 sy,  0.0 ni, 56.6 id,  0.0 wa,  0.0 hi,  0.5 si,  0.0 st
%Cpu(s): 69.1 us,  4.8 sy,  0.0 ni, 25.3 id,  0.0 wa,  0.0 hi,  0.9 si,  0.0 st
%Cpu(s): 90.2 us,  8.0 sy,  0.0 ni,  0.7 id,  0.0 wa,  0.0 hi,  1.1 si,  0.0 st
%Cpu(s): 89.4 us,  8.8 sy,  0.0 ni,  0.0 id,  0.0 wa,  0.0 hi,  1.7 si,  0.0 st
%Cpu(s): 88.5 us,  9.8 sy,  0.0 ni,  0.0 id,  0.0 wa,  0.0 hi,  1.6 si,  0.0 st
%Cpu(s): 86.8 us, 10.9 sy,  0.0 ni,  0.0 id,  0.0 wa,  0.0 hi,  2.2 si,  0.0 st
%Cpu(s): 89.2 us,  9.2 sy,  0.0 ni,  0.0 id,  0.0 wa,  0.0 hi,  1.6 si,  0.0 st
%Cpu(s): 91.5 us,  6.6 sy,  0.0 ni,  0.0 id,  0.0 wa,  0.0 hi,  1.9 si,  0.0 st
%Cpu(s): 90.7 us,  8.1 sy,  0.0 ni,  0.0 id,  0.0 wa,  0.0 hi,  1.2 si,  0.0 st
%Cpu(s): 92.8 us,  5.7 sy,  0.0 ni,  0.2 id,  0.0 wa,  0.0 hi,  1.2 si,  0.0 st
%Cpu(s): 90.8 us,  6.6 sy,  0.0 ni,  1.4 id,  0.0 wa,  0.0 hi,  1.2 si,  0.0 st
%Cpu(s): 81.8 us,  5.9 sy,  0.0 ni, 11.2 id,  0.0 wa,  0.0 hi,  1.1 si,  0.0 st
%Cpu(s): 62.9 us,  6.2 sy,  0.0 ni, 30.0 id,  0.0 wa,  0.0 hi,  0.9 si,  0.0 st
%Cpu(s): 24.5 us,  4.6 sy,  0.0 ni, 69.6 id,  0.0 wa,  0.0 hi,  1.2 si,  0.1 st
%Cpu(s): 35.4 us,  5.5 sy,  0.0 ni, 57.9 id,  0.0 wa,  0.0 hi,  1.3 si,  0.0 st
%Cpu(s): 37.2 us,  4.5 sy,  0.0 ni, 57.4 id,  0.0 wa,  0.0 hi,  0.9 si,  0.0 st
%Cpu(s): 36.4 us,  5.2 sy,  0.0 ni, 57.2 id,  0.0 wa,  0.0 hi,  1.3 si,  0.0 st
%Cpu(s): 21.4 us,  5.9 sy,  0.0 ni, 71.6 id,  0.0 wa,  0.0 hi,  1.1 si,  0.0 st
%Cpu(s): 22.1 us,  5.5 sy,  0.0 ni, 72.1 id,  0.0 wa,  0.0 hi,  0.4 si,  0.0 st
%Cpu(s): 30.6 us,  4.9 sy,  0.0 ni, 64.1 id,  0.0 wa,  0.0 hi,  0.4 si,  0.0 st
%Cpu(s): 52.0 us,  5.1 sy,  0.0 ni, 42.0 id,  0.0 wa,  0.0 hi,  0.9 si,  0.1 st
%Cpu(s): 61.8 us,  5.5 sy,  0.0 ni, 32.2 id,  0.0 wa,  0.0 hi,  0.5 si,  0.0 st
%Cpu(s): 35.7 us,  4.8 sy,  0.0 ni, 58.4 id,  0.0 wa,  0.0 hi,  1.1 si,  0.0 st
%Cpu(s): 29.9 us,  4.3 sy,  0.0 ni, 64.8 id,  0.0 wa,  0.0 hi,  0.9 si,  0.1 st
%Cpu(s): 23.9 us,  4.4 sy,  0.0 ni, 71.1 id,  0.0 wa,  0.0 hi,  0.6 si,  0.0 st
%Cpu(s): 18.0 us,  6.4 sy,  0.0 ni, 74.9 id,  0.0 wa,  0.0 hi,  0.6 si,  0.1 st
%Cpu(s): 21.0 us,  5.5 sy,  0.0 ni, 72.7 id,  0.0 wa,  0.0 hi,  0.8 si,  0.0 st
%Cpu(s): 15.6 us,  4.1 sy,  0.0 ni, 79.2 id,  0.0 wa,  0.0 hi,  1.1 si,  0.0 st
%Cpu(s): 16.3 us,  4.8 sy,  0.0 ni, 78.2 id,  0.0 wa,  0.0 hi,  0.6 si,  0.0 st
%Cpu(s): 35.4 us,  4.5 sy,  0.0 ni, 58.9 id,  0.0 wa,  0.0 hi,  1.0 si,  0.1 st
%Cpu(s): 19.2 us,  5.1 sy,  0.0 ni, 75.0 id,  0.0 wa,  0.0 hi,  0.8 si,  0.0 st
%Cpu(s): 18.4 us,  5.1 sy,  0.0 ni, 75.4 id,  0.1 wa,  0.0 hi,  0.9 si,  0.0 st
%Cpu(s): 17.8 us,  5.1 sy,  0.0 ni, 76.2 id,  0.0 wa,  0.0 hi,  0.9 si,  0.0 st
%Cpu(s): 15.5 us,  4.9 sy,  0.0 ni, 79.1 id,  0.0 wa,  0.0 hi,  0.4 si,  0.1 st
%Cpu(s): 14.6 us,  5.1 sy,  0.0 ni, 79.5 id,  0.0 wa,  0.0 hi,  0.8 si,  0.0 st
%Cpu(s): 27.7 us,  5.2 sy,  0.0 ni, 66.4 id,  0.0 wa,  0.0 hi,  0.6 si,  0.0 st
%Cpu(s): 14.5 us,  5.0 sy,  0.0 ni, 79.8 id,  0.0 wa,  0.0 hi,  0.5 si,  0.1 st
%Cpu(s): 15.0 us,  5.2 sy,  0.0 ni, 79.3 id,  0.0 wa,  0.0 hi,  0.5 si,  0.0 st
%Cpu(s):  9.5 us,  5.6 sy,  0.0 ni, 83.8 id,  0.0 wa,  0.0 hi,  1.1 si,  0.0 st
%Cpu(s):  8.7 us,  6.1 sy,  0.0 ni, 84.6 id,  0.0 wa,  0.0 hi,  0.6 si,  0.0 st
%Cpu(s): 11.8 us,  5.4 sy,  0.0 ni, 82.3 id,  0.0 wa,  0.0 hi,  0.5 si,  0.0 st
%Cpu(s): 16.6 us,  4.8 sy,  0.0 ni, 77.8 id,  0.0 wa,  0.0 hi,  0.8 si,  0.0 st
%Cpu(s): 25.6 us,  4.7 sy,  0.0 ni, 68.9 id,  0.0 wa,  0.0 hi,  0.8 si,  0.0 st
%Cpu(s): 28.5 us,  3.1 sy,  0.0 ni, 67.8 id,  0.1 wa,  0.0 hi,  0.3 si,  0.1 st
%Cpu(s):  7.7 us,  3.3 sy,  0.0 ni, 88.8 id,  0.0 wa,  0.0 hi,  0.0 si,  0.1 st
%Cpu(s):  5.5 us,  5.0 sy,  0.0 ni, 89.2 id,  0.0 wa,  0.0 hi,  0.0 si,  0.3 st
%Cpu(s):  5.2 us,  3.8 sy,  0.0 ni, 90.9 id,  0.0 wa,  0.0 hi,  0.0 si,  0.0 st
%Cpu(s):  4.1 us,  4.6 sy,  0.0 ni, 91.0 id,  0.0 wa,  0.0 hi,  0.1 si,  0.3 st
%Cpu(s):  5.0 us,  3.7 sy,  0.0 ni, 91.1 id,  0.0 wa,  0.0 hi,  0.0 si,  0.1 st
%Cpu(s):  4.9 us,  4.0 sy,  0.0 ni, 90.9 id,  0.0 wa,  0.0 hi,  0.0 si,  0.1 st
%Cpu(s):  4.0 us,  3.4 sy,  0.0 ni, 92.5 id,  0.0 wa,  0.0 hi,  0.0 si,  0.1 st
%Cpu(s):  4.2 us,  4.3 sy,  0.0 ni, 91.2 id,  0.0 wa,  0.0 hi,  0.1 si,  0.1 st
%Cpu(s):  4.6 us,  4.1 sy,  0.0 ni, 91.2 id,  0.0 wa,  0.0 hi,  0.0 si,  0.1 st
%Cpu(s):  8.8 us,  4.7 sy,  0.0 ni, 86.3 id,  0.0 wa,  0.0 hi,  0.1 si,  0.1 st
%Cpu(s): 32.0 us,  3.8 sy,  0.0 ni, 64.2 id,  0.0 wa,  0.0 hi,  0.0 si,  0.0 st
%Cpu(s):  8.2 us,  4.8 sy,  0.0 ni, 86.9 id,  0.0 wa,  0.0 hi,  0.0 si,  0.1 st
%Cpu(s):  6.5 us,  3.8 sy,  0.0 ni, 89.4 id,  0.1 wa,  0.0 hi,  0.0 si,  0.1 st
%Cpu(s):  5.3 us,  4.6 sy,  0.0 ni, 89.8 id,  0.0 wa,  0.0 hi,  0.0 si,  0.3 st
