%Cpu(s):  8.0 us,  0.9 sy,  0.0 ni, 90.8 id,  0.0 wa,  0.0 hi,  0.2 si,  0.0 st
%Cpu(s):  3.6 us,  1.6 sy,  0.0 ni, 94.8 id,  0.0 wa,  0.0 hi,  0.0 si,  0.0 st
%Cpu(s): 79.3 us,  7.5 sy,  0.0 ni, 13.1 id,  0.0 wa,  0.0 hi,  0.1 si,  0.0 st
%Cpu(s): 95.4 us,  4.3 sy,  0.0 ni,  0.2 id,  0.0 wa,  0.0 hi,  0.0 si,  0.0 st
%Cpu(s): 95.4 us,  3.7 sy,  0.0 ni,  0.9 id,  0.0 wa,  0.0 hi,  0.0 si,  0.0 st
%Cpu(s): 97.0 us,  2.9 sy,  0.0 ni,  0.1 id,  0.0 wa,  0.0 hi,  0.0 si,  0.0 st
%Cpu(s): 94.0 us,  3.6 sy,  0.0 ni,  2.4 id,  0.0 wa,  0.0 hi,  0.0 si,  0.0 st
%Cpu(s): 95.4 us,  3.2 sy,  0.0 ni,  1.4 id,  0.0 wa,  0.0 hi,  0.0 si,  0.0 st
%Cpu(s): 97.9 us,  2.1 sy,  0.0 ni,  0.0 id,  0.0 wa,  0.0 hi,  0.0 si,  0.0 st
%Cpu(s): 98.0 us,  1.7 sy,  0.0 ni,  0.0 id,  0.0 wa,  0.0 hi,  0.2 si,  0.0 st
%Cpu(s): 97.3 us,  2.5 sy,  0.0 ni,  0.0 id,  0.0 wa,  0.0 hi,  0.2 si,  0.0 st
%Cpu(s): 97.3 us,  2.5 sy,  0.0 ni,  0.0 id,  0.0 wa,  0.0 hi,  0.2 si,  0.0 st
%Cpu(s): 96.8 us,  3.2 sy,  0.0 ni,  0.0 id,  0.0 wa,  0.0 hi,  0.0 si,  0.0 st
%Cpu(s): 96.7 us,  3.0 sy,  0.0 ni,  0.0 id,  0.0 wa,  0.0 hi,  0.4 si,  0.0 st
%Cpu(s): 96.3 us,  3.5 sy,  0.0 ni,  0.0 id,  0.0 wa,  0.0 hi,  0.2 si,  0.0 st
%Cpu(s): 96.5 us,  3.4 sy,  0.0 ni,  0.0 id,  0.0 wa,  0.0 hi,  0.1 si,  0.0 st
%Cpu(s): 95.3 us,  3.0 sy,  0.0 ni,  1.5 id,  0.0 wa,  0.0 hi,  0.2 si,  0.0 st
%Cpu(s): 52.4 us,  1.9 sy,  0.0 ni, 45.7 id,  0.0 wa,  0.0 hi,  0.0 si,  0.0 st
%Cpu(s): 67.3 us,  3.8 sy,  0.0 ni, 28.1 id,  0.0 wa,  0.0 hi,  0.8 si,  0.0 st
%Cpu(s): 39.7 us,  2.6 sy,  0.0 ni, 57.2 id,  0.0 wa,  0.0 hi,  0.4 si,  0.0 st
%Cpu(s): 52.5 us,  3.5 sy,  0.0 ni, 43.6 id,  0.0 wa,  0.0 hi,  0.4 si,  0.0 st
%Cpu(s): 53.2 us,  3.9 sy,  0.0 ni, 42.4 id,  0.0 wa,  0.0 hi,  0.5 si,  0.0 st
%Cpu(s): 47.4 us,  2.0 sy,  0.0 ni, 50.1 id,  0.0 wa,  0.0 hi,  0.4 si,  0.0 st
%Cpu(s): 12.7 us,  3.2 sy,  0.0 ni, 83.5 id,  0.0 wa,  0.0 hi,  0.5 si,  0.0 st
%Cpu(s): 10.2 us,  3.3 sy,  0.0 ni, 86.3 id,  0.0 wa,  0.0 hi,  0.1 si,  0.0 st
%Cpu(s): 45.2 us,  4.9 sy,  0.0 ni, 49.5 id,  0.0 wa,  0.0 hi,  0.4 si,  0.0 st
%Cpu(s): 86.1 us,  6.4 sy,  0.0 ni,  6.4 id,  0.0 wa,  0.0 hi,  1.1 si,  0.0 st
%Cpu(s): 92.3 us,  6.6 sy,  0.0 ni,  0.0 id,  0.0 wa,  0.0 hi,  1.1 si,  0.0 st
%Cpu(s): 92.4 us,  6.2 sy,  0.0 ni,  0.0 id,  0.0 wa,  0.0 hi,  1.4 si,  0.0 st
%Cpu(s): 92.2 us,  6.7 sy,  0.0 ni,  0.0 id,  0.0 wa,  0.0 hi,  1.1 si,  0.0 st
%Cpu(s): 90.4 us,  7.7 sy,  0.0 ni,  0.0 id,  0.0 wa,  0.0 hi,  1.9 si,  0.0 st
%Cpu(s): 89.2 us,  8.7 sy,  0.0 ni,  0.0 id,  0.0 wa,  0.0 hi,  2.1 si,  0.0 st
%Cpu(s): 87.4 us, 10.6 sy,  0.0 ni,  0.0 id,  0.0 wa,  0.0 hi,  2.0 si,  0.0 st
%Cpu(s): 89.1 us,  8.8 sy,  0.0 ni,  0.0 id,  0.0 wa,  0.0 hi,  2.1 si,  0.0 st
%Cpu(s): 91.6 us,  6.5 sy,  0.0 ni,  0.1 id,  0.0 wa,  0.0 hi,  1.9 si,  0.0 st
%Cpu(s): 91.3 us,  7.4 sy,  0.0 ni,  0.0 id,  0.0 wa,  0.0 hi,  1.2 si,  0.0 st
%Cpu(s): 91.6 us,  6.9 sy,  0.0 ni,  0.0 id,  0.0 wa,  0.0 hi,  1.5 si,  0.0 st
%Cpu(s): 92.2 us,  6.5 sy,  0.0 ni,  0.0 id,  0.0 wa,  0.0 hi,  1.4 si,  0.0 st
%Cpu(s): 93.4 us,  5.7 sy,  0.0 ni,  0.0 id,  0.0 wa,  0.0 hi,  0.9 si,  0.0 st
%Cpu(s): 93.9 us,  5.1 sy,  0.0 ni,  0.0 id,  0.0 wa,  0.0 hi,  1.0 si,  0.0 st
%Cpu(s): 93.1 us,  5.8 sy,  0.0 ni,  0.0 id,  0.0 wa,  0.0 hi,  1.1 si,  0.0 st
%Cpu(s): 93.2 us,  5.5 sy,  0.0 ni,  0.1 id,  0.0 wa,  0.0 hi,  1.2 si,  0.0 st
%Cpu(s): 92.3 us,  6.6 sy,  0.0 ni,  0.0 id,  0.0 wa,  0.0 hi,  1.1 si,  0.0 st
%Cpu(s): 93.3 us,  5.1 sy,  0.0 ni,  0.2 id,  0.0 wa,  0.0 hi,  1.4 si,  0.0 st
%Cpu(s): 92.5 us,  4.6 sy,  0.0 ni,  1.5 id,  0.0 wa,  0.0 hi,  1.4 si,  0.0 st
%Cpu(s): 71.0 us,  5.2 sy,  0.0 ni, 22.7 id,  0.0 wa,  0.0 hi,  1.1 si,  0.0 st
%Cpu(s): 70.9 us,  4.3 sy,  0.0 ni, 23.6 id,  0.0 wa,  0.0 hi,  1.3 si,  0.0 st
%Cpu(s): 59.3 us,  5.5 sy,  0.0 ni, 34.2 id,  0.0 wa,  0.0 hi,  1.0 si,  0.0 st
%Cpu(s): 62.0 us,  4.4 sy,  0.0 ni, 32.7 id,  0.0 wa,  0.0 hi,  0.9 si,  0.0 st
%Cpu(s): 53.3 us,  4.1 sy,  0.0 ni, 41.5 id,  0.0 wa,  0.0 hi,  1.0 si,  0.1 st
%Cpu(s): 37.1 us,  4.2 sy,  0.0 ni, 57.7 id,  0.0 wa,  0.0 hi,  0.9 si,  0.0 st
%Cpu(s): 26.8 us,  3.7 sy,  0.0 ni, 68.7 id,  0.0 wa,  0.0 hi,  0.9 si,  0.0 st
%Cpu(s): 43.5 us,  3.3 sy,  0.0 ni, 52.6 id,  0.0 wa,  0.0 hi,  0.6 si,  0.0 st
%Cpu(s): 22.4 us,  4.4 sy,  0.0 ni, 72.3 id,  0.0 wa,  0.0 hi,  0.9 si,  0.0 st
%Cpu(s): 22.7 us,  4.4 sy,  0.0 ni, 72.3 id,  0.0 wa,  0.0 hi,  0.6 si,  0.0 st
%Cpu(s): 35.8 us,  4.0 sy,  0.0 ni, 59.3 id,  0.0 wa,  0.0 hi,  0.9 si,  0.0 st
%Cpu(s): 39.2 us,  4.6 sy,  0.0 ni, 55.1 id,  0.0 wa,  0.0 hi,  1.1 si,  0.0 st
%Cpu(s): 27.4 us,  4.3 sy,  0.0 ni, 67.2 id,  0.0 wa,  0.0 hi,  1.0 si,  0.1 st
%Cpu(s): 15.9 us,  4.0 sy,  0.0 ni, 79.2 id,  0.0 wa,  0.0 hi,  0.9 si,  0.0 st
%Cpu(s): 18.8 us,  4.1 sy,  0.0 ni, 76.6 id,  0.0 wa,  0.0 hi,  0.5 si,  0.0 st
%Cpu(s): 29.5 us,  4.0 sy,  0.0 ni, 65.4 id,  0.0 wa,  0.0 hi,  1.0 si,  0.1 st
%Cpu(s): 19.7 us,  2.5 sy,  0.0 ni, 77.7 id,  0.0 wa,  0.0 hi,  0.1 si,  0.0 st
%Cpu(s):  5.8 us,  2.1 sy,  0.0 ni, 92.1 id,  0.0 wa,  0.0 hi,  0.0 si,  0.0 st
%Cpu(s):  3.1 us,  2.1 sy,  0.0 ni, 94.6 id,  0.1 wa,  0.0 hi,  0.0 si,  0.0 st
%Cpu(s):  3.4 us,  2.3 sy,  0.0 ni, 94.4 id,  0.0 wa,  0.0 hi,  0.0 si,  0.0 st
%Cpu(s): 57.0 us,  2.5 sy,  0.0 ni, 40.5 id,  0.0 wa,  0.0 hi,  0.0 si,  0.0 st
%Cpu(s): 62.0 us,  1.5 sy,  0.0 ni, 36.3 id,  0.0 wa,  0.0 hi,  0.1 si,  0.0 st
%Cpu(s): 22.2 us,  2.2 sy,  0.0 ni, 75.6 id,  0.0 wa,  0.0 hi,  0.0 si,  0.0 st
%Cpu(s):  4.0 us,  2.2 sy,  0.0 ni, 93.8 id,  0.0 wa,  0.0 hi,  0.0 si,  0.0 st
%Cpu(s):  3.8 us,  2.5 sy,  0.0 ni, 93.7 id,  0.0 wa,  0.0 hi,  0.0 si,  0.0 st
%Cpu(s):  3.6 us,  2.2 sy,  0.0 ni, 94.0 id,  0.0 wa,  0.0 hi,  0.1 si,  0.0 st
%Cpu(s):  3.1 us,  2.8 sy,  0.0 ni, 94.1 id,  0.0 wa,  0.0 hi,  0.0 si,  0.0 st
%Cpu(s):  3.9 us,  2.7 sy,  0.0 ni, 93.4 id,  0.0 wa,  0.0 hi,  0.0 si,  0.0 st
%Cpu(s):  4.4 us,  3.1 sy,  0.0 ni, 92.5 id,  0.0 wa,  0.0 hi,  0.0 si,  0.0 st
%Cpu(s):  5.5 us,  3.5 sy,  0.0 ni, 91.1 id,  0.0 wa,  0.0 hi,  0.0 si,  0.0 st
%Cpu(s): 22.9 us,  2.5 sy,  0.0 ni, 74.3 id,  0.0 wa,  0.0 hi,  0.2 si,  0.0 st
%Cpu(s): 16.9 us,  1.9 sy,  0.0 ni, 80.9 id,  0.0 wa,  0.0 hi,  0.2 si,  0.1 st
%Cpu(s): 10.0 us,  2.6 sy,  0.0 ni, 87.2 id,  0.0 wa,  0.0 hi,  0.2 si,  0.0 st
%Cpu(s):  8.4 us,  3.2 sy,  0.0 ni, 88.4 id,  0.0 wa,  0.0 hi,  0.0 si,  0.0 st
%Cpu(s):  7.9 us,  3.1 sy,  0.0 ni, 88.7 id,  0.0 wa,  0.0 hi,  0.2 si,  0.0 st
%Cpu(s):  9.6 us,  2.3 sy,  0.0 ni, 88.2 id,  0.0 wa,  0.0 hi,  0.0 si,  0.0 st
%Cpu(s):  8.4 us,  3.0 sy,  0.0 ni, 88.4 id,  0.0 wa,  0.0 hi,  0.2 si,  0.0 st
%Cpu(s):  8.6 us,  3.5 sy,  0.0 ni, 87.7 id,  0.0 wa,  0.0 hi,  0.2 si,  0.0 st
