%Cpu(s):  4.5 us,  0.8 sy,  0.0 ni, 94.7 id,  0.0 wa,  0.0 hi,  0.1 si,  0.0 st
%Cpu(s): 79.2 us,  6.6 sy,  0.0 ni, 14.2 id,  0.0 wa,  0.0 hi,  0.0 si,  0.0 st
%Cpu(s): 95.0 us,  4.2 sy,  0.0 ni,  0.7 id,  0.0 wa,  0.0 hi,  0.0 si,  0.0 st
%Cpu(s): 95.1 us,  3.5 sy,  0.0 ni,  1.4 id,  0.0 wa,  0.0 hi,  0.0 si,  0.0 st
%Cpu(s): 95.0 us,  3.4 sy,  0.0 ni,  1.6 id,  0.0 wa,  0.0 hi,  0.0 si,  0.0 st
%Cpu(s): 97.6 us,  2.4 sy,  0.0 ni,  0.0 id,  0.0 wa,  0.0 hi,  0.0 si,  0.0 st
%Cpu(s): 97.5 us,  2.4 sy,  0.0 ni,  0.0 id,  0.0 wa,  0.0 hi,  0.1 si,  0.0 st
%Cpu(s): 96.0 us,  4.0 sy,  0.0 ni,  0.0 id,  0.0 wa,  0.0 hi,  0.0 si,  0.0 st
%Cpu(s): 96.1 us,  3.6 sy,  0.0 ni,  0.0 id,  0.0 wa,  0.0 hi,  0.1 si,  0.1 st
%Cpu(s): 96.5 us,  3.2 sy,  0.0 ni,  0.0 id,  0.0 wa,  0.0 hi,  0.2 si,  0.0 st
%Cpu(s): 60.1 us,  1.6 sy,  0.0 ni, 38.0 id,  0.0 wa,  0.0 hi,  0.3 si,  0.0 st
%Cpu(s): 12.1 us,  2.7 sy,  0.0 ni, 85.0 id,  0.0 wa,  0.0 hi,  0.3 si,  0.0 st
%Cpu(s): 10.5 us,  3.8 sy,  0.0 ni, 85.5 id,  0.0 wa,  0.0 hi,  0.1 si,  0.0 st
%Cpu(s):  8.4 us,  4.4 sy,  0.0 ni, 87.2 id,  0.0 wa,  0.0 hi,  0.0 si,  0.0 st
%Cpu(s):  9.0 us,  5.5 sy,  0.0 ni, 85.2 id,  0.0 wa,  0.0 hi,  0.1 si,  0.1 st
%Cpu(s):  7.1 us,  3.3 sy,  0.0 ni, 89.4 id,  0.1 wa,  0.0 hi,  0.1 si,  0.0 st
%Cpu(s):  5.8 us,  6.0 sy,  0.0 ni, 88.1 id,  0.0 wa,  0.0 hi,  0.0 si,  0.1 st
%Cpu(s):  9.1 us,  4.6 sy,  0.0 ni, 86.1 id,  0.0 wa,  0.0 hi,  0.1 si,  0.0 st
%Cpu(s): 13.8 us,  4.8 sy,  0.0 ni, 81.5 id,  0.0 wa,  0.0 hi,  0.0 si,  0.0 st
%Cpu(s): 59.9 us,  4.0 sy,  0.0 ni, 35.6 id,  0.0 wa,  0.0 hi,  0.4 si,  0.1 st
%Cpu(s): 92.8 us,  6.4 sy,  0.0 ni,  0.0 id,  0.0 wa,  0.0 hi,  0.9 si,  0.0 st
%Cpu(s): 88.1 us, 10.1 sy,  0.0 ni,  0.1 id,  0.0 wa,  0.0 hi,  1.7 si,  0.0 st
%Cpu(s): 91.1 us,  7.1 sy,  0.0 ni,  0.0 id,  0.0 wa,  0.0 hi,  1.9 si,  0.0 st
%Cpu(s): 87.8 us, 10.1 sy,  0.0 ni,  0.0 id,  0.0 wa,  0.0 hi,  2.0 si,  0.1 st
%Cpu(s): 89.7 us,  8.5 sy,  0.0 ni,  0.1 id,  0.0 wa,  0.0 hi,  1.7 si,  0.0 st
%Cpu(s): 93.5 us,  5.5 sy,  0.0 ni,  0.1 id,  0.0 wa,  0.0 hi,  0.9 si,  0.0 st
%Cpu(s): 93.3 us,  5.4 sy,  0.0 ni,  0.1 id,  0.0 wa,  0.0 hi,  1.2 si,  0.0 st
%Cpu(s): 91.8 us,  6.8 sy,  0.0 ni,  0.0 id,  0.0 wa,  0.0 hi,  1.4 si,  0.0 st
%Cpu(s): 92.0 us,  6.5 sy,  0.0 ni,  0.2 id,  0.0 wa,  0.0 hi,  1.2 si,  0.0 st
%Cpu(s): 93.5 us,  5.2 sy,  0.0 ni,  0.0 id,  0.0 wa,  0.0 hi,  1.2 si,  0.0 st
%Cpu(s): 93.1 us,  4.5 sy,  0.0 ni,  1.2 id,  0.0 wa,  0.0 hi,  1.1 si,  0.0 st
%Cpu(s): 61.5 us,  5.0 sy,  0.0 ni, 31.8 id,  0.0 wa,  0.0 hi,  1.6 si,  0.1 st
%Cpu(s): 34.6 us,  5.9 sy,  0.0 ni, 58.8 id,  0.0 wa,  0.0 hi,  0.8 si,  0.0 st
%Cpu(s): 43.6 us,  4.0 sy,  0.0 ni, 51.1 id,  0.0 wa,  0.0 hi,  1.1 si,  0.1 st
%Cpu(s): 19.5 us,  5.3 sy,  0.0 ni, 74.1 id,  0.0 wa,  0.0 hi,  1.1 si,  0.0 st
%Cpu(s): 16.2 us,  5.2 sy,  0.0 ni, 77.6 id,  0.0 wa,  0.0 hi,  1.0 si,  0.0 st
%Cpu(s): 17.4 us,  5.3 sy,  0.0 ni, 76.7 id,  0.0 wa,  0.0 hi,  0.6 si,  0.0 st
%Cpu(s): 30.7 us,  4.8 sy,  0.0 ni, 63.4 id,  0.0 wa,  0.0 hi,  1.0 si,  0.1 st
%Cpu(s): 56.3 us,  4.5 sy,  0.0 ni, 38.2 id,  0.0 wa,  0.0 hi,  1.0 si,  0.0 st
%Cpu(s): 66.0 us,  5.2 sy,  0.0 ni, 28.1 id,  0.0 wa,  0.0 hi,  0.8 si,  0.0 st
%Cpu(s): 35.9 us,  4.4 sy,  0.0 ni, 58.0 id,  0.0 wa,  0.0 hi,  1.5 si,  0.1 st
%Cpu(s): 45.5 us,  4.4 sy,  0.0 ni, 49.4 id,  0.0 wa,  0.0 hi,  0.6 si,  0.0 st
%Cpu(s): 18.7 us,  4.9 sy,  0.0 ni, 75.5 id,  0.0 wa,  0.0 hi,  0.8 si,  0.1 st
%Cpu(s): 29.8 us,  5.4 sy,  0.0 ni, 63.9 id,  0.0 wa,  0.0 hi,  0.9 si,  0.0 st
%Cpu(s): 21.4 us,  4.7 sy,  0.0 ni, 72.8 id,  0.0 wa,  0.0 hi,  1.1 si,  0.0 st
%Cpu(s): 13.2 us,  5.5 sy,  0.0 ni, 80.5 id,  0.0 wa,  0.0 hi,  0.6 si,  0.1 st
%Cpu(s):  8.8 us,  4.8 sy,  0.0 ni, 85.8 id,  0.0 wa,  0.0 hi,  0.6 si,  0.0 st
%Cpu(s): 12.3 us,  3.6 sy,  0.0 ni, 83.5 id,  0.0 wa,  0.0 hi,  0.6 si,  0.0 st
%Cpu(s): 17.6 us,  4.9 sy,  0.0 ni, 76.8 id,  0.0 wa,  0.0 hi,  0.8 si,  0.0 st
%Cpu(s): 23.7 us,  4.1 sy,  0.0 ni, 71.6 id,  0.0 wa,  0.0 hi,  0.6 si,  0.0 st
%Cpu(s): 28.7 us,  5.0 sy,  0.0 ni, 65.5 id,  0.0 wa,  0.0 hi,  0.8 si,  0.1 st
%Cpu(s): 26.4 us,  5.3 sy,  0.0 ni, 67.7 id,  0.0 wa,  0.0 hi,  0.6 si,  0.0 st
%Cpu(s): 18.8 us,  5.5 sy,  0.0 ni, 74.7 id,  0.0 wa,  0.0 hi,  0.9 si,  0.1 st
%Cpu(s): 16.8 us,  4.8 sy,  0.0 ni, 77.9 id,  0.0 wa,  0.0 hi,  0.5 si,  0.0 st
%Cpu(s): 10.5 us,  5.5 sy,  0.0 ni, 83.5 id,  0.0 wa,  0.0 hi,  0.5 si,  0.0 st
%Cpu(s): 11.3 us,  5.1 sy,  0.0 ni, 82.6 id,  0.0 wa,  0.0 hi,  0.8 si,  0.3 st
%Cpu(s):  8.8 us,  5.6 sy,  0.0 ni, 84.8 id,  0.1 wa,  0.0 hi,  0.5 si,  0.1 st
%Cpu(s): 15.2 us,  5.0 sy,  0.0 ni, 78.8 id,  0.0 wa,  0.0 hi,  0.9 si,  0.1 st
%Cpu(s): 11.3 us,  5.4 sy,  0.0 ni, 82.9 id,  0.0 wa,  0.0 hi,  0.5 si,  0.0 st
%Cpu(s): 20.2 us,  5.7 sy,  0.0 ni, 73.2 id,  0.0 wa,  0.0 hi,  0.8 si,  0.1 st
%Cpu(s): 20.7 us,  5.3 sy,  0.0 ni, 73.3 id,  0.0 wa,  0.0 hi,  0.6 si,  0.0 st
%Cpu(s):  6.1 us,  4.4 sy,  0.0 ni, 89.0 id,  0.0 wa,  0.0 hi,  0.4 si,  0.1 st
%Cpu(s):  3.7 us,  4.2 sy,  0.0 ni, 91.9 id,  0.0 wa,  0.0 hi,  0.1 si,  0.0 st
%Cpu(s):  4.8 us,  3.7 sy,  0.0 ni, 91.4 id,  0.0 wa,  0.0 hi,  0.0 si,  0.1 st
%Cpu(s):  3.3 us,  5.0 sy,  0.0 ni, 91.7 id,  0.0 wa,  0.0 hi,  0.0 si,  0.0 st
%Cpu(s):  3.9 us,  5.9 sy,  0.0 ni, 90.3 id,  0.0 wa,  0.0 hi,  0.0 si,  0.0 st
%Cpu(s):  4.2 us,  3.8 sy,  0.0 ni, 91.9 id,  0.0 wa,  0.0 hi,  0.0 si,  0.1 st
%Cpu(s):  3.2 us,  3.2 sy,  0.0 ni, 93.6 id,  0.0 wa,  0.0 hi,  0.0 si,  0.0 st
%Cpu(s):  3.2 us,  3.8 sy,  0.0 ni, 92.9 id,  0.0 wa,  0.0 hi,  0.0 si,  0.1 st
%Cpu(s):  7.0 us,  4.0 sy,  0.0 ni, 89.0 id,  0.0 wa,  0.0 hi,  0.0 si,  0.0 st
%Cpu(s): 60.8 us,  4.2 sy,  0.0 ni, 35.0 id,  0.0 wa,  0.0 hi,  0.0 si,  0.0 st
%Cpu(s):  8.9 us,  2.4 sy,  0.0 ni, 88.6 id,  0.0 wa,  0.0 hi,  0.0 si,  0.1 st
%Cpu(s):  3.9 us,  4.5 sy,  0.0 ni, 91.6 id,  0.0 wa,  0.0 hi,  0.0 si,  0.0 st
%Cpu(s):  4.7 us,  4.4 sy,  0.0 ni, 90.8 id,  0.0 wa,  0.0 hi,  0.1 si,  0.0 st
