%Cpu(s):  1.4 us,  0.4 sy,  0.0 ni, 98.1 id,  0.0 wa,  0.0 hi,  0.1 si,  0.0 st
%Cpu(s):  0.5 us,  0.5 sy,  0.0 ni, 99.0 id,  0.0 wa,  0.0 hi,  0.0 si,  0.0 st
%Cpu(s):  0.0 us,  0.5 sy,  0.0 ni, 99.0 id,  0.0 wa,  0.0 hi,  0.0 si,  0.5 st
%Cpu(s):  1.0 us,  0.5 sy,  0.0 ni, 98.5 id,  0.0 wa,  0.0 hi,  0.0 si,  0.0 st
%Cpu(s):  1.0 us,  0.5 sy,  0.0 ni, 98.5 id,  0.0 wa,  0.0 hi,  0.0 si,  0.0 st
%Cpu(s):  1.0 us,  0.0 sy,  0.0 ni, 99.0 id,  0.0 wa,  0.0 hi,  0.0 si,  0.0 st
%Cpu(s):  0.0 us,  0.0 sy,  0.0 ni,100.0 id,  0.0 wa,  0.0 hi,  0.0 si,  0.0 st
%Cpu(s):  1.0 us,  0.0 sy,  0.0 ni, 99.0 id,  0.0 wa,  0.0 hi,  0.0 si,  0.0 st
%Cpu(s):  1.5 us,  0.5 sy,  0.0 ni, 98.0 id,  0.0 wa,  0.0 hi,  0.0 si,  0.0 st
%Cpu(s):  0.5 us,  0.5 sy,  0.0 ni, 99.0 id,  0.0 wa,  0.0 hi,  0.0 si,  0.0 st
%Cpu(s): 75.9 us,  4.0 sy,  0.0 ni, 20.1 id,  0.0 wa,  0.0 hi,  0.0 si,  0.0 st
%Cpu(s): 54.0 us,  5.0 sy,  0.0 ni, 40.5 id,  0.0 wa,  0.0 hi,  0.5 si,  0.0 st
%Cpu(s): 86.5 us, 10.5 sy,  0.0 ni,  1.0 id,  0.0 wa,  0.0 hi,  2.0 si,  0.0 st
%Cpu(s): 83.0 us, 13.5 sy,  0.0 ni,  0.5 id,  0.0 wa,  0.0 hi,  3.0 si,  0.0 st
%Cpu(s): 75.6 us, 17.9 sy,  0.0 ni,  1.0 id,  0.0 wa,  0.0 hi,  5.5 si,  0.0 st
%Cpu(s): 77.9 us, 17.1 sy,  0.0 ni,  1.5 id,  0.0 wa,  0.0 hi,  3.5 si,  0.0 st
%Cpu(s): 77.7 us, 16.3 sy,  0.0 ni,  1.5 id,  0.5 wa,  0.0 hi,  4.0 si,  0.0 st
%Cpu(s): 75.4 us, 18.1 sy,  0.0 ni,  1.5 id,  0.0 wa,  0.0 hi,  5.0 si,  0.0 st
%Cpu(s): 75.2 us, 17.8 sy,  0.0 ni,  2.0 id,  0.0 wa,  0.0 hi,  5.0 si,  0.0 st
%Cpu(s): 79.4 us, 15.6 sy,  0.0 ni,  1.0 id,  0.0 wa,  0.0 hi,  4.0 si,  0.0 st
%Cpu(s): 77.0 us, 19.5 sy,  0.0 ni,  0.0 id,  0.0 wa,  0.0 hi,  3.5 si,  0.0 st
%Cpu(s): 75.5 us, 18.0 sy,  0.0 ni,  1.0 id,  0.0 wa,  0.0 hi,  5.5 si,  0.0 st
%Cpu(s): 77.5 us, 16.5 sy,  0.0 ni,  1.0 id,  0.0 wa,  0.0 hi,  5.0 si,  0.0 st
%Cpu(s): 75.4 us, 19.1 sy,  0.0 ni,  1.0 id,  0.0 wa,  0.0 hi,  4.5 si,  0.0 st
%Cpu(s): 74.4 us, 19.1 sy,  0.0 ni,  1.5 id,  0.0 wa,  0.0 hi,  5.0 si,  0.0 st
%Cpu(s): 77.4 us, 18.1 sy,  0.0 ni,  1.0 id,  0.0 wa,  0.0 hi,  3.5 si,  0.0 st
%Cpu(s): 73.0 us, 19.5 sy,  0.0 ni,  1.5 id,  0.0 wa,  0.0 hi,  6.0 si,  0.0 st
%Cpu(s): 71.8 us, 21.3 sy,  0.0 ni,  1.0 id,  0.0 wa,  0.0 hi,  5.9 si,  0.0 st
%Cpu(s): 73.5 us, 21.0 sy,  0.0 ni,  1.5 id,  0.0 wa,  0.0 hi,  4.0 si,  0.0 st
%Cpu(s): 71.5 us, 23.5 sy,  0.0 ni,  0.5 id,  0.0 wa,  0.0 hi,  4.5 si,  0.0 st
%Cpu(s): 67.0 us, 26.5 sy,  0.0 ni,  0.5 id,  0.0 wa,  0.0 hi,  6.0 si,  0.0 st
%Cpu(s): 63.5 us, 32.0 sy,  0.0 ni,  0.5 id,  0.0 wa,  0.0 hi,  4.0 si,  0.0 st
%Cpu(s): 66.7 us, 27.9 sy,  0.0 ni,  1.0 id,  0.0 wa,  0.0 hi,  4.5 si,  0.0 st
%Cpu(s): 73.6 us, 19.9 sy,  0.0 ni,  2.0 id,  0.0 wa,  0.0 hi,  4.5 si,  0.0 st
%Cpu(s): 71.4 us, 22.1 sy,  0.0 ni,  0.5 id,  0.0 wa,  0.0 hi,  6.0 si,  0.0 st
%Cpu(s): 66.2 us, 25.9 sy,  0.0 ni,  1.5 id,  0.0 wa,  0.0 hi,  6.5 si,  0.0 st
%Cpu(s): 70.1 us, 23.4 sy,  0.0 ni,  1.0 id,  0.0 wa,  0.0 hi,  5.5 si,  0.0 st
%Cpu(s): 70.6 us, 24.9 sy,  0.0 ni,  0.5 id,  0.0 wa,  0.0 hi,  4.0 si,  0.0 st
%Cpu(s): 68.5 us, 23.5 sy,  0.0 ni,  0.5 id,  0.0 wa,  0.0 hi,  7.5 si,  0.0 st
%Cpu(s): 67.7 us, 28.9 sy,  0.0 ni,  0.0 id,  0.0 wa,  0.0 hi,  3.5 si,  0.0 st
%Cpu(s): 66.7 us, 28.4 sy,  0.0 ni,  1.0 id,  0.0 wa,  0.0 hi,  4.0 si,  0.0 st
%Cpu(s): 62.0 us, 33.0 sy,  0.0 ni,  0.5 id,  0.0 wa,  0.0 hi,  4.5 si,  0.0 st
%Cpu(s): 71.1 us, 21.9 sy,  0.0 ni,  1.0 id,  0.0 wa,  0.0 hi,  6.0 si,  0.0 st
%Cpu(s): 67.7 us, 25.9 sy,  0.0 ni,  0.5 id,  0.0 wa,  0.0 hi,  6.0 si,  0.0 st
%Cpu(s): 69.0 us, 24.0 sy,  0.0 ni,  0.5 id,  0.0 wa,  0.0 hi,  6.5 si,  0.0 st
%Cpu(s): 67.5 us, 25.5 sy,  0.0 ni,  0.5 id,  0.0 wa,  0.0 hi,  6.5 si,  0.0 st
%Cpu(s): 64.9 us, 26.7 sy,  0.0 ni,  0.5 id,  0.0 wa,  0.0 hi,  7.9 si,  0.0 st
%Cpu(s): 68.5 us, 27.5 sy,  0.0 ni,  0.5 id,  0.0 wa,  0.0 hi,  3.5 si,  0.0 st
%Cpu(s): 64.7 us, 27.4 sy,  0.0 ni,  1.0 id,  0.0 wa,  0.0 hi,  7.0 si,  0.0 st
%Cpu(s): 66.8 us, 26.6 sy,  0.0 ni,  1.0 id,  0.0 wa,  0.0 hi,  5.5 si,  0.0 st
%Cpu(s): 66.2 us, 27.9 sy,  0.0 ni,  1.0 id,  0.0 wa,  0.0 hi,  5.0 si,  0.0 st
%Cpu(s): 68.2 us, 24.9 sy,  0.0 ni,  1.0 id,  0.0 wa,  0.0 hi,  6.0 si,  0.0 st
%Cpu(s): 66.8 us, 26.1 sy,  0.0 ni,  1.0 id,  0.0 wa,  0.0 hi,  6.0 si,  0.0 st
%Cpu(s): 71.0 us, 21.5 sy,  0.0 ni,  2.0 id,  0.0 wa,  0.0 hi,  5.5 si,  0.0 st
%Cpu(s): 68.8 us, 25.2 sy,  0.0 ni,  0.5 id,  0.0 wa,  0.0 hi,  5.4 si,  0.0 st
%Cpu(s): 70.5 us, 24.0 sy,  0.0 ni,  0.0 id,  0.0 wa,  0.0 hi,  5.5 si,  0.0 st
%Cpu(s): 74.6 us, 21.9 sy,  0.0 ni,  0.0 id,  0.0 wa,  0.0 hi,  3.5 si,  0.0 st
%Cpu(s): 69.0 us, 24.5 sy,  0.0 ni,  0.5 id,  0.0 wa,  0.0 hi,  6.0 si,  0.0 st
%Cpu(s): 71.6 us, 22.9 sy,  0.0 ni,  1.0 id,  0.0 wa,  0.0 hi,  4.5 si,  0.0 st
%Cpu(s): 70.9 us, 24.1 sy,  0.0 ni,  1.0 id,  0.0 wa,  0.0 hi,  4.0 si,  0.0 st
%Cpu(s): 70.6 us, 24.9 sy,  0.0 ni,  0.5 id,  0.0 wa,  0.0 hi,  4.0 si,  0.0 st
%Cpu(s): 73.6 us, 22.4 sy,  0.0 ni,  0.5 id,  0.0 wa,  0.0 hi,  3.5 si,  0.0 st
%Cpu(s): 72.0 us, 22.5 sy,  0.0 ni,  0.5 id,  0.0 wa,  0.0 hi,  5.0 si,  0.0 st
%Cpu(s): 70.9 us, 23.6 sy,  0.0 ni,  0.5 id,  0.0 wa,  0.0 hi,  5.0 si,  0.0 st
%Cpu(s): 74.5 us, 21.5 sy,  0.0 ni,  0.5 id,  0.0 wa,  0.0 hi,  3.5 si,  0.0 st
%Cpu(s): 70.3 us, 24.8 sy,  0.0 ni,  0.5 id,  0.0 wa,  0.0 hi,  4.5 si,  0.0 st
%Cpu(s): 69.0 us, 24.5 sy,  0.0 ni,  1.5 id,  0.0 wa,  0.0 hi,  5.0 si,  0.0 st
%Cpu(s): 55.4 us,  2.5 sy,  0.0 ni, 40.1 id,  0.0 wa,  0.0 hi,  2.0 si,  0.0 st
%Cpu(s): 10.0 us,  1.0 sy,  0.0 ni, 88.6 id,  0.0 wa,  0.0 hi,  0.0 si,  0.5 st
%Cpu(s):  4.9 us,  1.0 sy,  0.0 ni, 93.6 id,  0.0 wa,  0.0 hi,  0.5 si,  0.0 st
%Cpu(s): 10.1 us,  1.0 sy,  0.0 ni, 88.9 id,  0.0 wa,  0.0 hi,  0.0 si,  0.0 st
%Cpu(s):  5.0 us,  1.0 sy,  0.0 ni, 93.5 id,  0.0 wa,  0.0 hi,  0.5 si,  0.0 st
