%Cpu(s):  1.0 us,  0.4 sy,  0.0 ni, 98.4 id,  0.0 wa,  0.0 hi,  0.1 si,  0.0 st
%Cpu(s):  0.0 us,  0.5 sy,  0.0 ni, 99.5 id,  0.0 wa,  0.0 hi,  0.0 si,  0.0 st
%Cpu(s):  1.0 us,  0.0 sy,  0.0 ni, 99.0 id,  0.0 wa,  0.0 hi,  0.0 si,  0.0 st
%Cpu(s):  0.5 us,  0.5 sy,  0.0 ni, 99.0 id,  0.0 wa,  0.0 hi,  0.0 si,  0.0 st
%Cpu(s):  0.5 us,  0.5 sy,  0.0 ni, 99.0 id,  0.0 wa,  0.0 hi,  0.0 si,  0.0 st
%Cpu(s):  2.5 us,  0.5 sy,  0.0 ni, 97.0 id,  0.0 wa,  0.0 hi,  0.0 si,  0.0 st
%Cpu(s):  0.5 us,  0.0 sy,  0.0 ni, 99.5 id,  0.0 wa,  0.0 hi,  0.0 si,  0.0 st
%Cpu(s):  2.5 us,  0.5 sy,  0.0 ni, 97.0 id,  0.0 wa,  0.0 hi,  0.0 si,  0.0 st
%Cpu(s):  0.5 us,  0.0 sy,  0.0 ni, 99.5 id,  0.0 wa,  0.0 hi,  0.0 si,  0.0 st
%Cpu(s):  0.0 us,  0.5 sy,  0.0 ni, 99.0 id,  0.0 wa,  0.0 hi,  0.0 si,  0.5 st
%Cpu(s): 37.2 us,  3.0 sy,  0.0 ni, 59.8 id,  0.0 wa,  0.0 hi,  0.0 si,  0.0 st
%Cpu(s): 27.4 us,  1.5 sy,  0.0 ni, 71.1 id,  0.0 wa,  0.0 hi,  0.0 si,  0.0 st
%Cpu(s): 88.6 us,  6.9 sy,  0.0 ni,  2.5 id,  0.0 wa,  0.0 hi,  2.0 si,  0.0 st
%Cpu(s): 87.5 us, 10.5 sy,  0.0 ni,  0.0 id,  0.0 wa,  0.0 hi,  2.0 si,  0.0 st
%Cpu(s): 81.6 us, 15.4 sy,  0.0 ni,  0.0 id,  0.0 wa,  0.0 hi,  3.0 si,  0.0 st
%Cpu(s): 77.1 us, 18.9 sy,  0.0 ni,  0.5 id,  0.0 wa,  0.0 hi,  3.5 si,  0.0 st
%Cpu(s): 75.5 us, 20.0 sy,  0.0 ni,  0.5 id,  0.0 wa,  0.0 hi,  4.0 si,  0.0 st
%Cpu(s): 76.7 us, 19.3 sy,  0.0 ni,  1.5 id,  0.0 wa,  0.0 hi,  2.5 si,  0.0 st
%Cpu(s): 77.4 us, 17.6 sy,  0.0 ni,  1.0 id,  0.0 wa,  0.0 hi,  4.0 si,  0.0 st
%Cpu(s): 69.7 us, 22.9 sy,  0.0 ni,  1.0 id,  0.0 wa,  0.0 hi,  6.5 si,  0.0 st
%Cpu(s): 68.5 us, 26.0 sy,  0.0 ni,  1.0 id,  0.0 wa,  0.0 hi,  4.5 si,  0.0 st
%Cpu(s): 71.1 us, 23.9 sy,  0.0 ni,  0.5 id,  0.0 wa,  0.0 hi,  4.5 si,  0.0 st
%Cpu(s): 74.4 us, 21.1 sy,  0.0 ni,  1.0 id,  0.0 wa,  0.0 hi,  3.5 si,  0.0 st
%Cpu(s): 70.1 us, 23.4 sy,  0.0 ni,  0.5 id,  0.0 wa,  0.0 hi,  6.0 si,  0.0 st
%Cpu(s): 74.4 us, 19.6 sy,  0.0 ni,  1.0 id,  0.0 wa,  0.0 hi,  5.0 si,  0.0 st
%Cpu(s): 70.0 us, 24.5 sy,  0.0 ni,  0.5 id,  0.0 wa,  0.0 hi,  5.0 si,  0.0 st
%Cpu(s): 68.2 us, 23.9 sy,  0.0 ni,  1.0 id,  0.0 wa,  0.0 hi,  7.0 si,  0.0 st
%Cpu(s): 72.9 us, 21.6 sy,  0.0 ni,  1.0 id,  0.0 wa,  0.0 hi,  4.5 si,  0.0 st
%Cpu(s): 72.5 us, 23.0 sy,  0.0 ni,  0.5 id,  0.0 wa,  0.0 hi,  4.0 si,  0.0 st
%Cpu(s): 65.0 us, 28.5 sy,  0.0 ni,  1.0 id,  0.0 wa,  0.0 hi,  5.5 si,  0.0 st
%Cpu(s): 66.8 us, 26.7 sy,  0.0 ni,  0.5 id,  0.0 wa,  0.0 hi,  5.9 si,  0.0 st
%Cpu(s): 64.6 us, 29.8 sy,  0.0 ni,  0.5 id,  0.0 wa,  0.0 hi,  5.1 si,  0.0 st
%Cpu(s): 63.7 us, 29.4 sy,  0.0 ni,  2.0 id,  0.0 wa,  0.0 hi,  5.0 si,  0.0 st
%Cpu(s): 65.3 us, 29.2 sy,  0.0 ni,  0.5 id,  0.0 wa,  0.0 hi,  5.0 si,  0.0 st
%Cpu(s): 57.5 us, 34.0 sy,  0.0 ni,  1.0 id,  0.0 wa,  0.0 hi,  7.5 si,  0.0 st
%Cpu(s): 62.8 us, 30.7 sy,  0.0 ni,  0.5 id,  0.0 wa,  0.0 hi,  6.0 si,  0.0 st
%Cpu(s): 68.2 us, 24.4 sy,  0.0 ni,  1.5 id,  0.0 wa,  0.0 hi,  6.0 si,  0.0 st
%Cpu(s): 65.2 us, 27.9 sy,  0.0 ni,  1.5 id,  0.0 wa,  0.0 hi,  5.4 si,  0.0 st
%Cpu(s): 66.2 us, 25.9 sy,  0.0 ni,  2.5 id,  0.0 wa,  0.0 hi,  5.5 si,  0.0 st
%Cpu(s): 64.1 us, 28.3 sy,  0.0 ni,  1.5 id,  0.0 wa,  0.0 hi,  6.1 si,  0.0 st
%Cpu(s): 63.4 us, 29.2 sy,  0.0 ni,  1.5 id,  0.0 wa,  0.0 hi,  5.9 si,  0.0 st
%Cpu(s): 64.2 us, 29.4 sy,  0.0 ni,  1.0 id,  0.0 wa,  0.0 hi,  5.5 si,  0.0 st
%Cpu(s): 59.6 us, 34.8 sy,  0.0 ni,  0.0 id,  0.0 wa,  0.0 hi,  5.6 si,  0.0 st
%Cpu(s): 61.9 us, 32.7 sy,  0.0 ni,  1.5 id,  0.0 wa,  0.0 hi,  4.0 si,  0.0 st
%Cpu(s): 58.5 us, 36.0 sy,  0.0 ni,  0.5 id,  0.0 wa,  0.0 hi,  5.0 si,  0.0 st
%Cpu(s): 68.3 us, 25.7 sy,  0.0 ni,  1.0 id,  0.0 wa,  0.0 hi,  5.0 si,  0.0 st
%Cpu(s): 67.8 us, 27.1 sy,  0.0 ni,  1.0 id,  0.0 wa,  0.0 hi,  4.0 si,  0.0 st
%Cpu(s): 68.3 us, 23.8 sy,  0.0 ni,  2.0 id,  0.0 wa,  0.0 hi,  5.9 si,  0.0 st
%Cpu(s): 66.8 us, 27.6 sy,  0.0 ni,  0.5 id,  0.0 wa,  0.0 hi,  5.0 si,  0.0 st
%Cpu(s): 65.8 us, 26.2 sy,  0.0 ni,  1.0 id,  0.0 wa,  0.0 hi,  6.9 si,  0.0 st
%Cpu(s): 66.0 us, 27.5 sy,  0.0 ni,  0.5 id,  0.0 wa,  0.0 hi,  6.0 si,  0.0 st
%Cpu(s): 67.0 us, 27.5 sy,  0.0 ni,  1.0 id,  0.0 wa,  0.0 hi,  4.5 si,  0.0 st
%Cpu(s): 65.0 us, 30.0 sy,  0.0 ni,  0.0 id,  0.0 wa,  0.0 hi,  5.0 si,  0.0 st
%Cpu(s): 67.7 us, 26.4 sy,  0.0 ni,  1.0 id,  0.0 wa,  0.0 hi,  5.0 si,  0.0 st
%Cpu(s): 69.7 us, 24.9 sy,  0.0 ni,  0.5 id,  0.0 wa,  0.0 hi,  5.0 si,  0.0 st
%Cpu(s): 64.0 us, 30.0 sy,  0.0 ni,  0.5 id,  0.0 wa,  0.0 hi,  5.5 si,  0.0 st
%Cpu(s): 66.3 us, 26.6 sy,  0.0 ni,  0.5 id,  0.0 wa,  0.0 hi,  6.5 si,  0.0 st
%Cpu(s): 68.7 us, 25.9 sy,  0.0 ni,  0.5 id,  0.0 wa,  0.0 hi,  5.0 si,  0.0 st
%Cpu(s): 66.2 us, 26.9 sy,  0.0 ni,  0.0 id,  0.0 wa,  0.0 hi,  7.0 si,  0.0 st
%Cpu(s): 63.9 us, 28.2 sy,  0.0 ni,  1.0 id,  0.0 wa,  0.0 hi,  6.9 si,  0.0 st
%Cpu(s): 66.5 us, 27.5 sy,  0.0 ni,  0.5 id,  0.0 wa,  0.0 hi,  5.5 si,  0.0 st
%Cpu(s): 65.5 us, 28.1 sy,  0.0 ni,  1.0 id,  0.0 wa,  0.0 hi,  5.4 si,  0.0 st
%Cpu(s): 67.3 us, 24.6 sy,  0.0 ni,  1.0 id,  0.0 wa,  0.0 hi,  7.0 si,  0.0 st
%Cpu(s): 65.7 us, 27.9 sy,  0.0 ni,  1.0 id,  0.0 wa,  0.0 hi,  5.5 si,  0.0 st
%Cpu(s): 66.2 us, 25.9 sy,  0.0 ni,  1.5 id,  0.0 wa,  0.0 hi,  6.5 si,  0.0 st
%Cpu(s): 65.7 us, 25.9 sy,  0.0 ni,  2.5 id,  0.0 wa,  0.0 hi,  6.0 si,  0.0 st
%Cpu(s): 66.8 us, 24.3 sy,  0.0 ni,  4.5 id,  0.0 wa,  0.0 hi,  4.5 si,  0.0 st
%Cpu(s): 48.5 us,  8.1 sy,  0.0 ni, 41.4 id,  0.0 wa,  0.0 hi,  2.0 si,  0.0 st
%Cpu(s):  2.0 us,  0.0 sy,  0.0 ni, 98.0 id,  0.0 wa,  0.0 hi,  0.0 si,  0.0 st
%Cpu(s):  1.0 us,  0.5 sy,  0.0 ni, 98.5 id,  0.0 wa,  0.0 hi,  0.0 si,  0.0 st
%Cpu(s):  3.4 us,  1.0 sy,  0.0 ni, 95.6 id,  0.0 wa,  0.0 hi,  0.0 si,  0.0 st
%Cpu(s):  1.5 us,  1.0 sy,  0.0 ni, 97.0 id,  0.0 wa,  0.0 hi,  0.5 si,  0.0 st
