%Cpu(s):  1.3 us,  0.4 sy,  0.0 ni, 98.2 id,  0.0 wa,  0.0 hi,  0.1 si,  0.0 st
%Cpu(s):  0.5 us,  0.5 sy,  0.0 ni, 99.0 id,  0.0 wa,  0.0 hi,  0.0 si,  0.0 st
%Cpu(s):  1.0 us,  0.5 sy,  0.0 ni, 98.5 id,  0.0 wa,  0.0 hi,  0.0 si,  0.0 st
%Cpu(s):  3.0 us,  1.0 sy,  0.0 ni, 95.6 id,  0.5 wa,  0.0 hi,  0.0 si,  0.0 st
%Cpu(s):  1.0 us,  0.0 sy,  0.0 ni, 99.0 id,  0.0 wa,  0.0 hi,  0.0 si,  0.0 st
%Cpu(s):  0.5 us,  0.0 sy,  0.0 ni, 99.5 id,  0.0 wa,  0.0 hi,  0.0 si,  0.0 st
%Cpu(s):  0.5 us,  1.0 sy,  0.0 ni, 98.5 id,  0.0 wa,  0.0 hi,  0.0 si,  0.0 st
%Cpu(s):  0.0 us,  0.5 sy,  0.0 ni, 99.5 id,  0.0 wa,  0.0 hi,  0.0 si,  0.0 st
%Cpu(s):  1.0 us,  0.5 sy,  0.0 ni, 98.5 id,  0.0 wa,  0.0 hi,  0.0 si,  0.0 st
%Cpu(s):  0.0 us,  1.5 sy,  0.0 ni, 98.5 id,  0.0 wa,  0.0 hi,  0.0 si,  0.0 st
%Cpu(s): 45.5 us,  2.5 sy,  0.0 ni, 51.5 id,  0.0 wa,  0.0 hi,  0.0 si,  0.5 st
%Cpu(s): 44.9 us,  2.5 sy,  0.0 ni, 52.0 id,  0.0 wa,  0.0 hi,  0.5 si,  0.0 st
%Cpu(s): 90.6 us,  7.9 sy,  0.0 ni,  0.5 id,  0.0 wa,  0.0 hi,  1.0 si,  0.0 st
%Cpu(s): 89.5 us,  9.0 sy,  0.0 ni,  0.0 id,  0.0 wa,  0.0 hi,  1.5 si,  0.0 st
%Cpu(s): 81.6 us, 14.9 sy,  0.0 ni,  0.5 id,  0.0 wa,  0.0 hi,  3.0 si,  0.0 st
%Cpu(s): 78.1 us, 16.9 sy,  0.0 ni,  1.0 id,  0.0 wa,  0.0 hi,  4.0 si,  0.0 st
%Cpu(s): 79.0 us, 15.0 sy,  0.0 ni,  1.0 id,  0.0 wa,  0.0 hi,  5.0 si,  0.0 st
%Cpu(s): 75.4 us, 20.1 sy,  0.0 ni,  1.0 id,  0.0 wa,  0.0 hi,  3.5 si,  0.0 st
%Cpu(s): 74.6 us, 19.4 sy,  0.0 ni,  1.5 id,  0.0 wa,  0.0 hi,  4.5 si,  0.0 st
%Cpu(s): 73.1 us, 20.9 sy,  0.0 ni,  1.0 id,  0.0 wa,  0.0 hi,  5.0 si,  0.0 st
%Cpu(s): 77.6 us, 17.9 sy,  0.0 ni,  0.5 id,  0.0 wa,  0.0 hi,  4.0 si,  0.0 st
%Cpu(s): 76.4 us, 20.1 sy,  0.0 ni,  1.0 id,  0.0 wa,  0.0 hi,  2.5 si,  0.0 st
%Cpu(s): 73.5 us, 22.5 sy,  0.0 ni,  1.5 id,  0.0 wa,  0.0 hi,  2.5 si,  0.0 st
%Cpu(s): 75.3 us, 20.2 sy,  0.0 ni,  1.0 id,  0.0 wa,  0.0 hi,  3.5 si,  0.0 st
%Cpu(s): 70.0 us, 24.5 sy,  0.0 ni,  0.5 id,  0.0 wa,  0.0 hi,  5.0 si,  0.0 st
%Cpu(s): 67.8 us, 25.6 sy,  0.0 ni,  2.0 id,  0.0 wa,  0.0 hi,  4.5 si,  0.0 st
%Cpu(s): 66.8 us, 26.6 sy,  0.0 ni,  1.0 id,  0.0 wa,  0.0 hi,  5.5 si,  0.0 st
%Cpu(s): 67.2 us, 28.4 sy,  0.0 ni,  1.0 id,  0.0 wa,  0.0 hi,  3.5 si,  0.0 st
%Cpu(s): 68.5 us, 24.5 sy,  0.0 ni,  0.5 id,  0.0 wa,  0.0 hi,  6.5 si,  0.0 st
%Cpu(s): 68.2 us, 26.4 sy,  0.0 ni,  1.0 id,  0.0 wa,  0.0 hi,  4.5 si,  0.0 st
%Cpu(s): 66.3 us, 27.6 sy,  0.0 ni,  1.0 id,  0.0 wa,  0.0 hi,  5.0 si,  0.0 st
%Cpu(s): 70.9 us, 24.1 sy,  0.0 ni,  0.5 id,  0.0 wa,  0.0 hi,  4.5 si,  0.0 st
%Cpu(s): 70.0 us, 25.0 sy,  0.0 ni,  0.5 id,  0.0 wa,  0.0 hi,  4.5 si,  0.0 st
%Cpu(s): 71.5 us, 22.0 sy,  0.0 ni,  1.0 id,  0.0 wa,  0.0 hi,  5.5 si,  0.0 st
%Cpu(s): 71.8 us, 21.8 sy,  0.0 ni,  1.0 id,  0.0 wa,  0.0 hi,  5.4 si,  0.0 st
%Cpu(s): 66.2 us, 27.4 sy,  0.0 ni,  1.0 id,  0.0 wa,  0.0 hi,  5.5 si,  0.0 st
%Cpu(s): 75.6 us, 19.9 sy,  0.0 ni,  0.5 id,  0.0 wa,  0.0 hi,  4.0 si,  0.0 st
%Cpu(s): 74.4 us, 19.1 sy,  0.0 ni,  1.0 id,  0.0 wa,  0.0 hi,  5.5 si,  0.0 st
%Cpu(s): 73.6 us, 20.4 sy,  0.0 ni,  1.5 id,  0.0 wa,  0.0 hi,  4.5 si,  0.0 st
%Cpu(s): 76.5 us, 19.0 sy,  0.0 ni,  1.0 id,  0.0 wa,  0.0 hi,  3.5 si,  0.0 st
%Cpu(s): 67.2 us, 27.3 sy,  0.0 ni,  1.5 id,  0.0 wa,  0.0 hi,  4.0 si,  0.0 st
%Cpu(s): 69.7 us, 24.9 sy,  0.0 ni,  1.0 id,  0.0 wa,  0.0 hi,  4.5 si,  0.0 st
%Cpu(s): 72.0 us, 24.0 sy,  0.0 ni,  1.0 id,  0.0 wa,  0.0 hi,  3.0 si,  0.0 st
%Cpu(s): 66.2 us, 25.9 sy,  0.0 ni,  0.5 id,  1.5 wa,  0.0 hi,  6.0 si,  0.0 st
%Cpu(s): 70.4 us, 23.6 sy,  0.0 ni,  1.0 id,  0.0 wa,  0.0 hi,  5.0 si,  0.0 st
%Cpu(s): 66.2 us, 27.4 sy,  0.0 ni,  2.0 id,  0.0 wa,  0.0 hi,  4.5 si,  0.0 st
%Cpu(s): 69.0 us, 24.0 sy,  0.0 ni,  1.5 id,  0.0 wa,  0.0 hi,  5.5 si,  0.0 st
%Cpu(s): 69.0 us, 25.0 sy,  0.0 ni,  0.5 id,  0.0 wa,  0.0 hi,  5.5 si,  0.0 st
%Cpu(s): 72.1 us, 22.9 sy,  0.0 ni,  0.5 id,  0.0 wa,  0.0 hi,  4.5 si,  0.0 st
%Cpu(s): 66.0 us, 26.0 sy,  0.0 ni,  1.5 id,  0.0 wa,  0.0 hi,  6.5 si,  0.0 st
%Cpu(s): 67.8 us, 27.2 sy,  0.0 ni,  1.0 id,  0.0 wa,  0.0 hi,  4.0 si,  0.0 st
%Cpu(s): 66.0 us, 27.5 sy,  0.0 ni,  1.0 id,  0.0 wa,  0.0 hi,  5.5 si,  0.0 st
%Cpu(s): 62.6 us, 30.3 sy,  0.0 ni,  1.0 id,  0.0 wa,  0.0 hi,  6.1 si,  0.0 st
%Cpu(s): 71.0 us, 23.5 sy,  0.0 ni,  1.0 id,  0.0 wa,  0.0 hi,  4.5 si,  0.0 st
%Cpu(s): 65.2 us, 29.3 sy,  0.0 ni,  1.0 id,  0.0 wa,  0.0 hi,  4.5 si,  0.0 st
%Cpu(s): 66.3 us, 25.7 sy,  0.0 ni,  1.5 id,  0.0 wa,  0.0 hi,  6.4 si,  0.0 st
%Cpu(s): 65.7 us, 27.9 sy,  0.0 ni,  1.0 id,  0.0 wa,  0.0 hi,  5.5 si,  0.0 st
%Cpu(s): 68.2 us, 27.3 sy,  0.0 ni,  0.5 id,  0.0 wa,  0.0 hi,  4.0 si,  0.0 st
%Cpu(s): 62.2 us, 32.8 sy,  0.0 ni,  1.0 id,  0.0 wa,  0.0 hi,  4.0 si,  0.0 st
%Cpu(s): 63.0 us, 29.0 sy,  0.0 ni,  1.0 id,  0.0 wa,  0.0 hi,  7.0 si,  0.0 st
%Cpu(s): 66.8 us, 28.1 sy,  0.0 ni,  0.5 id,  0.0 wa,  0.0 hi,  4.5 si,  0.0 st
%Cpu(s): 65.0 us, 29.0 sy,  0.0 ni,  0.5 id,  0.0 wa,  0.0 hi,  5.5 si,  0.0 st
%Cpu(s): 65.5 us, 28.0 sy,  0.0 ni,  1.0 id,  0.0 wa,  0.0 hi,  5.5 si,  0.0 st
%Cpu(s): 59.5 us, 33.0 sy,  0.0 ni,  2.0 id,  0.0 wa,  0.0 hi,  5.5 si,  0.0 st
%Cpu(s): 65.5 us, 27.5 sy,  0.0 ni,  0.5 id,  0.0 wa,  0.0 hi,  6.5 si,  0.0 st
%Cpu(s): 62.0 us, 31.0 sy,  0.0 ni,  1.5 id,  0.0 wa,  0.0 hi,  5.5 si,  0.0 st
%Cpu(s): 63.2 us, 29.9 sy,  0.0 ni,  2.0 id,  0.0 wa,  0.0 hi,  5.0 si,  0.0 st
%Cpu(s): 15.2 us,  6.1 sy,  0.0 ni, 77.2 id,  0.0 wa,  0.0 hi,  1.5 si,  0.0 st
%Cpu(s):  0.5 us,  0.0 sy,  0.0 ni, 99.5 id,  0.0 wa,  0.0 hi,  0.0 si,  0.0 st
%Cpu(s):  1.0 us,  0.5 sy,  0.0 ni, 98.5 id,  0.0 wa,  0.0 hi,  0.0 si,  0.0 st
%Cpu(s):  1.5 us,  0.0 sy,  0.0 ni, 98.5 id,  0.0 wa,  0.0 hi,  0.0 si,  0.0 st
%Cpu(s):  1.0 us,  1.0 sy,  0.0 ni, 98.0 id,  0.0 wa,  0.0 hi,  0.0 si,  0.0 st
