%Cpu(s):  1.1 us,  0.3 sy,  0.0 ni, 98.5 id,  0.0 wa,  0.0 hi,  0.1 si,  0.0 st
%Cpu(s):  1.0 us,  0.5 sy,  0.0 ni, 98.5 id,  0.0 wa,  0.0 hi,  0.0 si,  0.0 st
%Cpu(s):  1.0 us,  0.5 sy,  0.0 ni, 98.5 id,  0.0 wa,  0.0 hi,  0.0 si,  0.0 st
%Cpu(s):  0.5 us,  0.5 sy,  0.0 ni, 99.0 id,  0.0 wa,  0.0 hi,  0.0 si,  0.0 st
%Cpu(s):  0.5 us,  1.0 sy,  0.0 ni, 98.5 id,  0.0 wa,  0.0 hi,  0.0 si,  0.0 st
%Cpu(s):  0.5 us,  0.0 sy,  0.0 ni, 99.5 id,  0.0 wa,  0.0 hi,  0.0 si,  0.0 st
%Cpu(s):  0.5 us,  0.5 sy,  0.0 ni, 99.0 id,  0.0 wa,  0.0 hi,  0.0 si,  0.0 st
%Cpu(s):  1.0 us,  1.0 sy,  0.0 ni, 98.0 id,  0.0 wa,  0.0 hi,  0.0 si,  0.0 st
%Cpu(s):  2.0 us,  0.5 sy,  0.0 ni, 97.5 id,  0.0 wa,  0.0 hi,  0.0 si,  0.0 st
%Cpu(s):  0.5 us,  1.0 sy,  0.0 ni, 98.5 id,  0.0 wa,  0.0 hi,  0.0 si,  0.0 st
%Cpu(s): 57.8 us,  4.0 sy,  0.0 ni, 37.7 id,  0.0 wa,  0.0 hi,  0.5 si,  0.0 st
%Cpu(s): 17.4 us,  1.0 sy,  0.0 ni, 81.1 id,  0.5 wa,  0.0 hi,  0.0 si,  0.0 st
%Cpu(s): 86.9 us,  7.0 sy,  0.0 ni,  5.0 id,  0.0 wa,  0.0 hi,  1.0 si,  0.0 st
%Cpu(s): 88.6 us,  9.5 sy,  0.0 ni,  1.0 id,  0.0 wa,  0.0 hi,  1.0 si,  0.0 st
%Cpu(s): 85.5 us, 12.5 sy,  0.0 ni,  0.0 id,  0.0 wa,  0.0 hi,  2.0 si,  0.0 st
%Cpu(s): 80.1 us, 15.9 sy,  0.0 ni,  0.5 id,  0.0 wa,  0.0 hi,  3.5 si,  0.0 st
%Cpu(s): 75.4 us, 18.6 sy,  0.0 ni,  1.0 id,  0.0 wa,  0.0 hi,  5.0 si,  0.0 st
%Cpu(s): 79.4 us, 15.6 sy,  0.0 ni,  0.5 id,  0.0 wa,  0.0 hi,  4.5 si,  0.0 st
%Cpu(s): 78.0 us, 16.5 sy,  0.0 ni,  1.0 id,  0.0 wa,  0.0 hi,  4.5 si,  0.0 st
%Cpu(s): 78.9 us, 15.6 sy,  0.0 ni,  1.5 id,  0.0 wa,  0.0 hi,  4.0 si,  0.0 st
%Cpu(s): 79.1 us, 16.9 sy,  0.0 ni,  1.0 id,  0.0 wa,  0.0 hi,  3.0 si,  0.0 st
%Cpu(s): 73.4 us, 22.1 sy,  0.0 ni,  0.5 id,  0.0 wa,  0.0 hi,  4.0 si,  0.0 st
%Cpu(s): 73.6 us, 21.4 sy,  0.0 ni,  1.0 id,  0.0 wa,  0.0 hi,  4.0 si,  0.0 st
%Cpu(s): 72.1 us, 20.4 sy,  0.0 ni,  3.0 id,  0.0 wa,  0.0 hi,  4.5 si,  0.0 st
%Cpu(s): 72.1 us, 22.4 sy,  0.0 ni,  0.0 id,  0.0 wa,  0.0 hi,  5.5 si,  0.0 st
%Cpu(s): 72.0 us, 21.5 sy,  0.0 ni,  0.5 id,  0.0 wa,  0.0 hi,  6.0 si,  0.0 st
%Cpu(s): 70.9 us, 22.6 sy,  0.0 ni,  0.5 id,  0.0 wa,  0.0 hi,  6.0 si,  0.0 st
%Cpu(s): 68.2 us, 26.4 sy,  0.0 ni,  0.5 id,  0.0 wa,  0.0 hi,  5.0 si,  0.0 st
%Cpu(s): 63.8 us, 32.2 sy,  0.0 ni,  1.0 id,  0.0 wa,  0.0 hi,  3.0 si,  0.0 st
%Cpu(s): 62.2 us, 31.8 sy,  0.0 ni,  1.0 id,  0.0 wa,  0.0 hi,  5.0 si,  0.0 st
%Cpu(s): 68.7 us, 26.9 sy,  0.0 ni,  0.5 id,  0.0 wa,  0.0 hi,  4.0 si,  0.0 st
%Cpu(s): 68.3 us, 25.6 sy,  0.0 ni,  0.5 id,  0.0 wa,  0.0 hi,  5.5 si,  0.0 st
%Cpu(s): 68.8 us, 24.8 sy,  0.0 ni,  1.0 id,  0.0 wa,  0.0 hi,  5.4 si,  0.0 st
%Cpu(s): 64.9 us, 28.2 sy,  0.0 ni,  1.0 id,  0.0 wa,  0.0 hi,  5.9 si,  0.0 st
%Cpu(s): 69.2 us, 24.7 sy,  0.0 ni,  0.5 id,  0.0 wa,  0.0 hi,  5.6 si,  0.0 st
%Cpu(s): 63.0 us, 32.5 sy,  0.0 ni,  0.5 id,  0.0 wa,  0.0 hi,  4.0 si,  0.0 st
%Cpu(s): 64.7 us, 30.3 sy,  0.0 ni,  0.5 id,  0.0 wa,  0.0 hi,  4.5 si,  0.0 st
%Cpu(s): 67.0 us, 27.5 sy,  0.0 ni,  1.0 id,  0.0 wa,  0.0 hi,  4.5 si,  0.0 st
%Cpu(s): 64.7 us, 27.9 sy,  0.0 ni,  1.0 id,  0.0 wa,  0.0 hi,  6.5 si,  0.0 st
%Cpu(s): 62.2 us, 32.8 sy,  0.0 ni,  0.5 id,  0.0 wa,  0.0 hi,  4.5 si,  0.0 st
%Cpu(s): 69.7 us, 25.4 sy,  0.0 ni,  0.0 id,  0.0 wa,  0.0 hi,  5.0 si,  0.0 st
%Cpu(s): 71.5 us, 24.0 sy,  0.0 ni,  1.0 id,  0.0 wa,  0.0 hi,  3.5 si,  0.0 st
%Cpu(s): 64.2 us, 29.9 sy,  0.0 ni,  1.0 id,  0.0 wa,  0.0 hi,  5.0 si,  0.0 st
%Cpu(s): 67.3 us, 25.7 sy,  0.0 ni,  1.0 id,  0.0 wa,  0.0 hi,  5.9 si,  0.0 st
%Cpu(s): 69.8 us, 23.6 sy,  0.0 ni,  1.0 id,  0.0 wa,  0.0 hi,  5.5 si,  0.0 st
%Cpu(s): 68.5 us, 23.5 sy,  0.0 ni,  1.5 id,  0.0 wa,  0.0 hi,  6.5 si,  0.0 st
%Cpu(s): 68.7 us, 25.4 sy,  0.0 ni,  1.0 id,  0.0 wa,  0.0 hi,  5.0 si,  0.0 st
%Cpu(s): 71.5 us, 23.5 sy,  0.0 ni,  0.0 id,  0.0 wa,  0.0 hi,  5.0 si,  0.0 st
%Cpu(s): 69.2 us, 24.4 sy,  0.0 ni,  0.5 id,  0.0 wa,  0.0 hi,  6.0 si,  0.0 st
%Cpu(s): 67.5 us, 26.5 sy,  0.0 ni,  1.0 id,  0.0 wa,  0.0 hi,  5.0 si,  0.0 st
%Cpu(s): 61.4 us, 29.7 sy,  0.0 ni,  1.0 id,  0.0 wa,  0.0 hi,  7.9 si,  0.0 st
%Cpu(s): 69.2 us, 23.9 sy,  0.0 ni,  1.0 id,  0.0 wa,  0.0 hi,  6.0 si,  0.0 st
%Cpu(s): 60.2 us, 33.3 sy,  0.0 ni,  0.5 id,  0.0 wa,  0.0 hi,  6.0 si,  0.0 st
%Cpu(s): 63.5 us, 29.0 sy,  0.0 ni,  2.0 id,  0.0 wa,  0.0 hi,  5.5 si,  0.0 st
%Cpu(s): 62.5 us, 30.0 sy,  0.0 ni,  2.0 id,  0.0 wa,  0.0 hi,  5.5 si,  0.0 st
%Cpu(s): 66.2 us, 26.8 sy,  0.0 ni,  2.5 id,  0.0 wa,  0.0 hi,  4.5 si,  0.0 st
%Cpu(s): 64.0 us, 29.0 sy,  0.0 ni,  3.0 id,  0.0 wa,  0.0 hi,  4.0 si,  0.0 st
%Cpu(s): 63.2 us, 28.4 sy,  0.0 ni,  3.0 id,  0.0 wa,  0.0 hi,  5.5 si,  0.0 st
%Cpu(s): 60.7 us, 29.9 sy,  0.0 ni,  2.5 id,  0.0 wa,  0.0 hi,  7.0 si,  0.0 st
%Cpu(s): 63.5 us, 27.0 sy,  0.0 ni,  3.5 id,  0.0 wa,  0.0 hi,  6.0 si,  0.0 st
%Cpu(s): 61.1 us, 30.0 sy,  0.0 ni,  3.0 id,  0.0 wa,  0.0 hi,  5.9 si,  0.0 st
%Cpu(s): 64.2 us, 26.9 sy,  0.0 ni,  3.0 id,  0.0 wa,  0.0 hi,  6.0 si,  0.0 st
%Cpu(s): 63.5 us, 28.0 sy,  0.0 ni,  2.5 id,  0.0 wa,  0.0 hi,  6.0 si,  0.0 st
%Cpu(s): 61.5 us, 26.5 sy,  0.0 ni,  4.0 id,  0.0 wa,  0.0 hi,  8.0 si,  0.0 st
%Cpu(s): 63.2 us, 28.4 sy,  0.0 ni,  3.5 id,  0.0 wa,  0.0 hi,  5.0 si,  0.0 st
%Cpu(s): 64.0 us, 25.0 sy,  0.0 ni,  2.5 id,  0.0 wa,  0.0 hi,  8.5 si,  0.0 st
%Cpu(s): 59.7 us, 27.2 sy,  0.0 ni,  6.3 id,  0.0 wa,  0.0 hi,  6.8 si,  0.0 st
%Cpu(s): 35.1 us,  6.9 sy,  0.0 ni, 56.9 id,  0.0 wa,  0.0 hi,  1.0 si,  0.0 st
%Cpu(s):  1.0 us,  0.5 sy,  0.0 ni, 98.5 id,  0.0 wa,  0.0 hi,  0.0 si,  0.0 st
%Cpu(s):  1.0 us,  0.0 sy,  0.0 ni, 99.0 id,  0.0 wa,  0.0 hi,  0.0 si,  0.0 st
%Cpu(s):  0.5 us,  0.5 sy,  0.0 ni, 99.0 id,  0.0 wa,  0.0 hi,  0.0 si,  0.0 st
%Cpu(s):  1.5 us,  1.5 sy,  0.0 ni, 97.0 id,  0.0 wa,  0.0 hi,  0.0 si,  0.0 st
