%Cpu(s):  1.0 us,  0.3 sy,  0.0 ni, 98.6 id,  0.0 wa,  0.0 hi,  0.1 si,  0.0 st
%Cpu(s):  1.0 us,  0.0 sy,  0.0 ni, 99.0 id,  0.0 wa,  0.0 hi,  0.0 si,  0.0 st
%Cpu(s):  0.0 us,  1.5 sy,  0.0 ni, 98.5 id,  0.0 wa,  0.0 hi,  0.0 si,  0.0 st
%Cpu(s):  3.0 us,  0.0 sy,  0.0 ni, 97.0 id,  0.0 wa,  0.0 hi,  0.0 si,  0.0 st
%Cpu(s):  1.0 us,  0.5 sy,  0.0 ni, 98.5 id,  0.0 wa,  0.0 hi,  0.0 si,  0.0 st
%Cpu(s):  2.0 us,  0.0 sy,  0.0 ni, 97.5 id,  0.0 wa,  0.0 hi,  0.0 si,  0.5 st
%Cpu(s):  0.0 us,  0.5 sy,  0.0 ni, 99.5 id,  0.0 wa,  0.0 hi,  0.0 si,  0.0 st
%Cpu(s):  1.0 us,  0.5 sy,  0.0 ni, 98.5 id,  0.0 wa,  0.0 hi,  0.0 si,  0.0 st
%Cpu(s):  0.5 us,  0.5 sy,  0.0 ni, 99.0 id,  0.0 wa,  0.0 hi,  0.0 si,  0.0 st
%Cpu(s):  0.5 us,  0.0 sy,  0.0 ni, 99.5 id,  0.0 wa,  0.0 hi,  0.0 si,  0.0 st
%Cpu(s): 15.3 us,  2.0 sy,  0.0 ni, 82.7 id,  0.0 wa,  0.0 hi,  0.0 si,  0.0 st
%Cpu(s): 35.6 us,  1.5 sy,  0.0 ni, 62.4 id,  0.0 wa,  0.0 hi,  0.5 si,  0.0 st
%Cpu(s): 84.1 us,  7.0 sy,  0.0 ni,  8.0 id,  0.0 wa,  0.0 hi,  1.0 si,  0.0 st
%Cpu(s): 87.9 us,  9.0 sy,  0.0 ni,  0.5 id,  0.0 wa,  0.0 hi,  2.5 si,  0.0 st
%Cpu(s): 83.1 us, 13.4 sy,  0.0 ni,  0.5 id,  0.0 wa,  0.0 hi,  3.0 si,  0.0 st
%Cpu(s): 77.2 us, 17.8 sy,  0.0 ni,  1.0 id,  0.0 wa,  0.0 hi,  4.0 si,  0.0 st
%Cpu(s): 80.9 us, 15.1 sy,  0.0 ni,  1.0 id,  0.0 wa,  0.0 hi,  3.0 si,  0.0 st
%Cpu(s): 78.1 us, 16.9 sy,  0.0 ni,  0.5 id,  0.0 wa,  0.0 hi,  4.5 si,  0.0 st
%Cpu(s): 75.0 us, 20.5 sy,  0.0 ni,  1.0 id,  0.0 wa,  0.0 hi,  3.5 si,  0.0 st
%Cpu(s): 75.5 us, 19.5 sy,  0.0 ni,  1.5 id,  0.0 wa,  0.0 hi,  3.5 si,  0.0 st
%Cpu(s): 74.9 us, 21.1 sy,  0.0 ni,  0.5 id,  0.0 wa,  0.0 hi,  3.5 si,  0.0 st
%Cpu(s): 77.5 us, 17.0 sy,  0.0 ni,  1.5 id,  0.0 wa,  0.0 hi,  4.0 si,  0.0 st
%Cpu(s): 71.9 us, 21.1 sy,  0.0 ni,  2.0 id,  0.0 wa,  0.0 hi,  5.0 si,  0.0 st
%Cpu(s): 71.3 us, 20.8 sy,  0.0 ni,  2.5 id,  0.0 wa,  0.0 hi,  5.4 si,  0.0 st
%Cpu(s): 69.8 us, 21.8 sy,  0.0 ni,  3.5 id,  0.0 wa,  0.0 hi,  5.0 si,  0.0 st
%Cpu(s): 72.0 us, 19.5 sy,  0.0 ni,  4.5 id,  0.0 wa,  0.0 hi,  4.0 si,  0.0 st
%Cpu(s): 70.4 us, 19.6 sy,  0.0 ni,  5.0 id,  0.0 wa,  0.0 hi,  5.0 si,  0.0 st
%Cpu(s): 68.8 us, 21.3 sy,  0.0 ni,  4.5 id,  0.0 wa,  0.0 hi,  5.4 si,  0.0 st
%Cpu(s): 67.7 us, 24.4 sy,  0.0 ni,  3.5 id,  0.0 wa,  0.0 hi,  4.5 si,  0.0 st
%Cpu(s): 62.9 us, 26.2 sy,  0.0 ni,  5.4 id,  0.0 wa,  0.0 hi,  5.4 si,  0.0 st
%Cpu(s): 66.5 us, 22.5 sy,  0.0 ni,  6.5 id,  0.0 wa,  0.0 hi,  4.5 si,  0.0 st
%Cpu(s): 67.2 us, 24.9 sy,  0.0 ni,  3.0 id,  0.0 wa,  0.0 hi,  5.0 si,  0.0 st
%Cpu(s): 64.5 us, 29.5 sy,  0.0 ni,  2.5 id,  0.0 wa,  0.0 hi,  3.5 si,  0.0 st
%Cpu(s): 64.9 us, 27.7 sy,  0.0 ni,  1.5 id,  0.0 wa,  0.0 hi,  5.9 si,  0.0 st
%Cpu(s): 63.5 us, 27.5 sy,  0.0 ni,  4.5 id,  0.0 wa,  0.0 hi,  4.5 si,  0.0 st
%Cpu(s): 65.2 us, 26.9 sy,  0.0 ni,  3.0 id,  0.0 wa,  0.0 hi,  5.0 si,  0.0 st
%Cpu(s): 67.2 us, 26.4 sy,  0.0 ni,  3.5 id,  0.0 wa,  0.0 hi,  3.0 si,  0.0 st
%Cpu(s): 68.3 us, 22.6 sy,  0.0 ni,  5.0 id,  0.0 wa,  0.0 hi,  4.0 si,  0.0 st
%Cpu(s): 63.3 us, 24.5 sy,  0.0 ni,  9.2 id,  0.0 wa,  0.0 hi,  3.1 si,  0.0 st
%Cpu(s): 63.4 us, 24.3 sy,  0.0 ni,  7.9 id,  0.0 wa,  0.0 hi,  4.5 si,  0.0 st
%Cpu(s): 59.5 us, 27.5 sy,  0.0 ni,  6.0 id,  0.0 wa,  0.0 hi,  7.0 si,  0.0 st
%Cpu(s): 64.9 us, 26.7 sy,  0.0 ni,  3.0 id,  0.0 wa,  0.0 hi,  5.4 si,  0.0 st
%Cpu(s): 68.0 us, 22.2 sy,  0.0 ni,  4.9 id,  0.0 wa,  0.0 hi,  4.9 si,  0.0 st
%Cpu(s): 67.2 us, 23.1 sy,  0.0 ni,  6.2 id,  0.0 wa,  0.0 hi,  3.6 si,  0.0 st
%Cpu(s): 62.9 us, 24.4 sy,  0.0 ni,  7.1 id,  0.0 wa,  0.0 hi,  5.6 si,  0.0 st
%Cpu(s): 68.2 us, 21.9 sy,  0.0 ni,  6.0 id,  0.0 wa,  0.0 hi,  4.0 si,  0.0 st
%Cpu(s): 63.5 us, 25.0 sy,  0.0 ni,  8.0 id,  0.0 wa,  0.0 hi,  3.5 si,  0.0 st
%Cpu(s): 45.1 us, 20.7 sy,  0.0 ni, 28.0 id,  0.0 wa,  0.0 hi,  6.2 si,  0.0 st
%Cpu(s): 48.5 us, 19.6 sy,  0.0 ni, 26.0 id,  0.0 wa,  0.0 hi,  5.9 si,  0.0 st
%Cpu(s): 36.8 us, 22.8 sy,  0.0 ni, 36.8 id,  0.0 wa,  0.0 hi,  3.6 si,  0.0 st
%Cpu(s): 33.7 us, 26.5 sy,  0.0 ni, 34.2 id,  0.0 wa,  0.0 hi,  5.6 si,  0.0 st
%Cpu(s): 38.7 us, 22.5 sy,  0.0 ni, 33.5 id,  0.0 wa,  0.0 hi,  5.2 si,  0.0 st
%Cpu(s): 38.3 us, 23.0 sy,  0.0 ni, 32.7 id,  0.0 wa,  0.0 hi,  6.1 si,  0.0 st
%Cpu(s): 42.3 us, 19.9 sy,  0.0 ni, 35.2 id,  0.0 wa,  0.0 hi,  2.6 si,  0.0 st
%Cpu(s): 36.9 us, 19.0 sy,  0.0 ni, 39.0 id,  0.0 wa,  0.0 hi,  5.1 si,  0.0 st
%Cpu(s): 39.8 us, 19.9 sy,  0.0 ni, 36.6 id,  0.0 wa,  0.0 hi,  3.7 si,  0.0 st
%Cpu(s): 33.3 us, 18.2 sy,  0.0 ni, 43.8 id,  0.0 wa,  0.0 hi,  4.7 si,  0.0 st
%Cpu(s): 33.8 us, 19.0 sy,  0.0 ni, 42.1 id,  0.0 wa,  0.0 hi,  5.1 si,  0.0 st
%Cpu(s): 32.7 us, 21.1 sy,  0.0 ni, 40.2 id,  0.0 wa,  0.0 hi,  6.0 si,  0.0 st
%Cpu(s): 62.8 us, 20.1 sy,  0.0 ni, 13.1 id,  0.0 wa,  0.0 hi,  4.0 si,  0.0 st
%Cpu(s): 28.1 us, 24.0 sy,  0.0 ni, 43.8 id,  0.5 wa,  0.0 hi,  3.6 si,  0.0 st
%Cpu(s): 39.2 us, 19.6 sy,  0.0 ni, 36.3 id,  0.0 wa,  0.0 hi,  4.9 si,  0.0 st
%Cpu(s): 28.9 us, 21.1 sy,  0.0 ni, 45.9 id,  0.0 wa,  0.0 hi,  4.1 si,  0.0 st
%Cpu(s): 37.0 us, 26.5 sy,  0.0 ni, 31.5 id,  0.0 wa,  0.0 hi,  5.0 si,  0.0 st
%Cpu(s): 34.0 us, 20.9 sy,  0.0 ni, 39.8 id,  0.0 wa,  0.0 hi,  5.2 si,  0.0 st
%Cpu(s): 42.6 us, 19.8 sy,  0.0 ni, 34.0 id,  0.0 wa,  0.0 hi,  3.6 si,  0.0 st
%Cpu(s): 49.2 us, 19.8 sy,  0.0 ni, 26.4 id,  0.0 wa,  0.0 hi,  4.6 si,  0.0 st
%Cpu(s): 27.6 us,  7.0 sy,  0.0 ni, 63.3 id,  0.0 wa,  0.0 hi,  2.0 si,  0.0 st
%Cpu(s):  1.0 us,  0.5 sy,  0.0 ni, 98.5 id,  0.0 wa,  0.0 hi,  0.0 si,  0.0 st
%Cpu(s):  1.0 us,  0.5 sy,  0.0 ni, 98.5 id,  0.0 wa,  0.0 hi,  0.0 si,  0.0 st
%Cpu(s):  0.5 us,  0.5 sy,  0.0 ni, 99.0 id,  0.0 wa,  0.0 hi,  0.0 si,  0.0 st
%Cpu(s):  2.0 us,  0.5 sy,  0.0 ni, 97.5 id,  0.0 wa,  0.0 hi,  0.0 si,  0.0 st
