%Cpu(s):  1.4 us,  0.5 sy,  0.0 ni, 97.9 id,  0.0 wa,  0.0 hi,  0.1 si,  0.0 st
%Cpu(s):  1.0 us,  0.5 sy,  0.0 ni, 98.5 id,  0.0 wa,  0.0 hi,  0.0 si,  0.0 st
%Cpu(s):  0.5 us,  0.5 sy,  0.0 ni, 98.5 id,  0.0 wa,  0.0 hi,  0.0 si,  0.5 st
%Cpu(s):  1.0 us,  0.0 sy,  0.0 ni, 99.0 id,  0.0 wa,  0.0 hi,  0.0 si,  0.0 st
%Cpu(s):  0.0 us,  1.0 sy,  0.0 ni, 99.0 id,  0.0 wa,  0.0 hi,  0.0 si,  0.0 st
%Cpu(s):  2.0 us,  0.5 sy,  0.0 ni, 97.5 id,  0.0 wa,  0.0 hi,  0.0 si,  0.0 st
%Cpu(s):  2.0 us,  0.5 sy,  0.0 ni, 97.5 id,  0.0 wa,  0.0 hi,  0.0 si,  0.0 st
%Cpu(s):  1.0 us,  0.5 sy,  0.0 ni, 98.5 id,  0.0 wa,  0.0 hi,  0.0 si,  0.0 st
%Cpu(s):  1.0 us,  0.5 sy,  0.0 ni, 98.5 id,  0.0 wa,  0.0 hi,  0.0 si,  0.0 st
%Cpu(s):  1.0 us,  0.5 sy,  0.0 ni, 98.5 id,  0.0 wa,  0.0 hi,  0.0 si,  0.0 st
%Cpu(s): 49.0 us,  3.5 sy,  0.0 ni, 46.5 id,  0.0 wa,  0.0 hi,  1.0 si,  0.0 st
%Cpu(s): 43.0 us,  3.5 sy,  0.0 ni, 53.5 id,  0.0 wa,  0.0 hi,  0.0 si,  0.0 st
%Cpu(s): 87.1 us, 10.9 sy,  0.0 ni,  0.0 id,  0.0 wa,  0.0 hi,  2.0 si,  0.0 st
%Cpu(s): 82.1 us, 14.4 sy,  0.0 ni,  0.5 id,  0.0 wa,  0.0 hi,  3.0 si,  0.0 st
%Cpu(s): 79.1 us, 17.9 sy,  0.0 ni,  0.5 id,  0.0 wa,  0.0 hi,  2.5 si,  0.0 st
%Cpu(s): 75.8 us, 18.2 sy,  0.0 ni,  2.5 id,  0.0 wa,  0.0 hi,  3.5 si,  0.0 st
%Cpu(s): 73.1 us, 19.3 sy,  0.0 ni,  2.5 id,  0.0 wa,  0.0 hi,  5.1 si,  0.0 st
%Cpu(s): 74.4 us, 18.2 sy,  0.0 ni,  2.0 id,  0.0 wa,  0.0 hi,  5.4 si,  0.0 st
%Cpu(s): 75.5 us, 17.5 sy,  0.0 ni,  1.5 id,  0.0 wa,  0.0 hi,  5.5 si,  0.0 st
%Cpu(s): 70.0 us, 25.0 sy,  0.0 ni,  2.0 id,  0.0 wa,  0.0 hi,  3.0 si,  0.0 st
%Cpu(s): 74.4 us, 20.1 sy,  0.0 ni,  1.5 id,  0.0 wa,  0.0 hi,  4.0 si,  0.0 st
%Cpu(s): 71.2 us, 22.2 sy,  0.0 ni,  1.5 id,  0.0 wa,  0.0 hi,  5.1 si,  0.0 st
%Cpu(s): 74.0 us, 21.0 sy,  0.0 ni,  1.0 id,  0.0 wa,  0.0 hi,  4.0 si,  0.0 st
%Cpu(s): 72.0 us, 20.5 sy,  0.0 ni,  2.0 id,  0.0 wa,  0.0 hi,  5.5 si,  0.0 st
%Cpu(s): 71.1 us, 21.9 sy,  0.0 ni,  2.5 id,  0.0 wa,  0.0 hi,  4.5 si,  0.0 st
%Cpu(s): 72.8 us, 20.3 sy,  0.0 ni,  1.5 id,  0.0 wa,  0.0 hi,  5.4 si,  0.0 st
%Cpu(s): 71.9 us, 22.6 sy,  0.0 ni,  1.0 id,  0.0 wa,  0.0 hi,  4.5 si,  0.0 st
%Cpu(s): 65.3 us, 25.6 sy,  0.0 ni,  3.0 id,  0.0 wa,  0.0 hi,  6.0 si,  0.0 st
%Cpu(s): 68.7 us, 26.3 sy,  0.0 ni,  1.0 id,  0.0 wa,  0.0 hi,  4.0 si,  0.0 st
%Cpu(s): 68.3 us, 24.3 sy,  0.0 ni,  1.5 id,  0.0 wa,  0.0 hi,  5.9 si,  0.0 st
%Cpu(s): 64.0 us, 29.5 sy,  0.0 ni,  1.5 id,  0.0 wa,  0.0 hi,  5.0 si,  0.0 st
%Cpu(s): 62.1 us, 30.5 sy,  0.0 ni,  2.5 id,  0.0 wa,  0.0 hi,  4.9 si,  0.0 st
%Cpu(s): 69.3 us, 23.3 sy,  0.0 ni,  1.0 id,  0.0 wa,  0.0 hi,  6.4 si,  0.0 st
%Cpu(s): 62.7 us, 27.4 sy,  0.0 ni,  2.5 id,  0.0 wa,  0.0 hi,  7.5 si,  0.0 st
%Cpu(s): 68.0 us, 23.5 sy,  0.0 ni,  1.0 id,  0.0 wa,  0.0 hi,  7.5 si,  0.0 st
%Cpu(s): 63.4 us, 30.2 sy,  0.0 ni,  1.5 id,  0.0 wa,  0.0 hi,  5.0 si,  0.0 st
%Cpu(s): 62.6 us, 30.0 sy,  0.0 ni,  1.5 id,  0.0 wa,  0.0 hi,  5.9 si,  0.0 st
%Cpu(s): 65.5 us, 28.0 sy,  0.0 ni,  1.0 id,  0.0 wa,  0.0 hi,  5.5 si,  0.0 st
%Cpu(s): 61.1 us, 29.1 sy,  0.0 ni,  3.4 id,  0.0 wa,  0.0 hi,  6.4 si,  0.0 st
%Cpu(s): 58.3 us, 33.8 sy,  0.0 ni,  2.0 id,  0.0 wa,  0.0 hi,  5.9 si,  0.0 st
%Cpu(s): 63.0 us, 30.5 sy,  0.0 ni,  2.0 id,  0.0 wa,  0.0 hi,  4.5 si,  0.0 st
%Cpu(s): 59.2 us, 33.3 sy,  0.0 ni,  2.5 id,  0.0 wa,  0.0 hi,  5.0 si,  0.0 st
%Cpu(s): 62.7 us, 29.4 sy,  0.0 ni,  2.5 id,  0.0 wa,  0.0 hi,  5.5 si,  0.0 st
%Cpu(s): 59.7 us, 32.3 sy,  0.0 ni,  1.5 id,  0.0 wa,  0.0 hi,  6.5 si,  0.0 st
%Cpu(s): 66.7 us, 25.9 sy,  0.0 ni,  1.5 id,  0.0 wa,  0.0 hi,  6.0 si,  0.0 st
%Cpu(s): 61.6 us, 31.8 sy,  0.0 ni,  1.5 id,  0.0 wa,  0.0 hi,  5.1 si,  0.0 st
%Cpu(s): 61.3 us, 28.1 sy,  0.0 ni,  1.5 id,  0.0 wa,  0.0 hi,  9.0 si,  0.0 st
%Cpu(s): 65.2 us, 23.9 sy,  0.0 ni,  2.5 id,  0.0 wa,  0.0 hi,  8.5 si,  0.0 st
%Cpu(s): 70.5 us, 25.0 sy,  0.0 ni,  0.5 id,  0.0 wa,  0.0 hi,  4.0 si,  0.0 st
%Cpu(s): 64.2 us, 27.4 sy,  0.0 ni,  1.5 id,  0.0 wa,  0.0 hi,  7.0 si,  0.0 st
%Cpu(s): 65.2 us, 26.3 sy,  0.0 ni,  1.0 id,  0.0 wa,  0.0 hi,  7.6 si,  0.0 st
%Cpu(s): 64.3 us, 28.6 sy,  0.0 ni,  2.0 id,  0.0 wa,  0.0 hi,  5.0 si,  0.0 st
%Cpu(s): 61.6 us, 28.6 sy,  0.0 ni,  2.5 id,  0.0 wa,  0.0 hi,  7.4 si,  0.0 st
%Cpu(s): 58.8 us, 32.7 sy,  0.0 ni,  2.0 id,  0.0 wa,  0.0 hi,  6.5 si,  0.0 st
%Cpu(s): 67.5 us, 26.0 sy,  0.0 ni,  1.0 id,  0.0 wa,  0.0 hi,  5.5 si,  0.0 st
%Cpu(s): 62.4 us, 27.2 sy,  0.0 ni,  2.0 id,  0.0 wa,  0.0 hi,  8.4 si,  0.0 st
%Cpu(s): 63.5 us, 28.5 sy,  0.0 ni,  2.5 id,  0.0 wa,  0.0 hi,  5.5 si,  0.0 st
%Cpu(s): 61.3 us, 28.6 sy,  0.0 ni,  3.0 id,  0.0 wa,  0.0 hi,  7.0 si,  0.0 st
%Cpu(s): 60.0 us, 30.0 sy,  0.0 ni,  4.0 id,  0.0 wa,  0.0 hi,  6.0 si,  0.0 st
%Cpu(s): 61.3 us, 28.6 sy,  0.0 ni,  4.5 id,  0.0 wa,  0.0 hi,  5.5 si,  0.0 st
%Cpu(s): 59.0 us, 32.0 sy,  0.0 ni,  2.5 id,  0.0 wa,  0.0 hi,  6.5 si,  0.0 st
%Cpu(s): 53.5 us, 30.5 sy,  0.0 ni,  7.5 id,  0.0 wa,  0.0 hi,  8.5 si,  0.0 st
%Cpu(s): 58.5 us, 29.0 sy,  0.0 ni,  6.0 id,  0.0 wa,  0.0 hi,  6.5 si,  0.0 st
%Cpu(s): 52.0 us, 30.7 sy,  0.0 ni,  9.9 id,  0.0 wa,  0.0 hi,  7.4 si,  0.0 st
%Cpu(s): 61.8 us, 28.1 sy,  0.0 ni,  3.5 id,  0.0 wa,  0.0 hi,  6.5 si,  0.0 st
%Cpu(s): 51.0 us, 29.5 sy,  0.0 ni, 12.0 id,  0.0 wa,  0.0 hi,  7.5 si,  0.0 st
%Cpu(s): 37.8 us, 22.3 sy,  0.0 ni, 32.6 id,  0.0 wa,  0.0 hi,  7.3 si,  0.0 st
%Cpu(s): 11.5 us,  5.0 sy,  0.0 ni, 83.5 id,  0.0 wa,  0.0 hi,  0.0 si,  0.0 st
%Cpu(s):  0.5 us,  0.5 sy,  0.0 ni, 99.0 id,  0.0 wa,  0.0 hi,  0.0 si,  0.0 st
%Cpu(s):  1.0 us,  0.5 sy,  0.0 ni, 98.5 id,  0.0 wa,  0.0 hi,  0.0 si,  0.0 st
%Cpu(s):  0.5 us,  0.5 sy,  0.0 ni, 99.0 id,  0.0 wa,  0.0 hi,  0.0 si,  0.0 st
%Cpu(s):  1.5 us,  1.0 sy,  0.0 ni, 97.5 id,  0.0 wa,  0.0 hi,  0.0 si,  0.0 st
