%Cpu(s):  1.6 us,  0.3 sy,  0.0 ni, 98.0 id,  0.0 wa,  0.0 hi,  0.1 si,  0.0 st
%Cpu(s): 24.6 us,  3.5 sy,  0.0 ni, 69.3 id,  2.0 wa,  0.0 hi,  0.0 si,  0.5 st
%Cpu(s): 49.5 us,  4.5 sy,  0.0 ni, 45.5 id,  0.5 wa,  0.0 hi,  0.0 si,  0.0 st
%Cpu(s):  1.0 us,  0.0 sy,  0.0 ni, 99.0 id,  0.0 wa,  0.0 hi,  0.0 si,  0.0 st
%Cpu(s):  2.0 us,  1.0 sy,  0.0 ni, 97.0 id,  0.0 wa,  0.0 hi,  0.0 si,  0.0 st
%Cpu(s): 20.7 us,  2.0 sy,  0.0 ni, 76.3 id,  0.5 wa,  0.0 hi,  0.5 si,  0.0 st
%Cpu(s): 66.3 us,  4.5 sy,  0.0 ni, 29.2 id,  0.0 wa,  0.0 hi,  0.0 si,  0.0 st
%Cpu(s): 57.7 us,  2.5 sy,  0.0 ni, 39.8 id,  0.0 wa,  0.0 hi,  0.0 si,  0.0 st
%Cpu(s): 61.5 us,  3.5 sy,  0.0 ni, 35.0 id,  0.0 wa,  0.0 hi,  0.0 si,  0.0 st
%Cpu(s): 89.5 us,  6.5 sy,  0.0 ni,  3.5 id,  0.0 wa,  0.0 hi,  0.5 si,  0.0 st
%Cpu(s): 46.4 us,  5.1 sy,  0.0 ni, 48.5 id,  0.0 wa,  0.0 hi,  0.0 si,  0.0 st
%Cpu(s): 49.3 us,  6.5 sy,  0.0 ni, 43.3 id,  0.0 wa,  0.0 hi,  1.0 si,  0.0 st
%Cpu(s): 77.6 us, 12.9 sy,  0.0 ni,  3.0 id,  0.0 wa,  0.0 hi,  6.5 si,  0.0 st
%Cpu(s): 66.3 us, 17.9 sy,  0.0 ni,  8.7 id,  0.0 wa,  0.0 hi,  7.1 si,  0.0 st
%Cpu(s): 74.1 us, 18.9 sy,  0.0 ni,  2.5 id,  0.0 wa,  0.0 hi,  4.5 si,  0.0 st
%Cpu(s): 72.4 us, 22.1 sy,  0.0 ni,  0.5 id,  0.0 wa,  0.0 hi,  5.0 si,  0.0 st
%Cpu(s): 71.5 us, 21.5 sy,  0.0 ni,  3.0 id,  0.0 wa,  0.0 hi,  4.0 si,  0.0 st
%Cpu(s): 79.2 us, 11.7 sy,  0.0 ni,  5.1 id,  0.0 wa,  0.0 hi,  4.1 si,  0.0 st
%Cpu(s): 75.3 us, 12.1 sy,  0.0 ni,  6.1 id,  0.0 wa,  0.0 hi,  6.6 si,  0.0 st
%Cpu(s): 81.0 us, 13.5 sy,  0.0 ni,  1.0 id,  0.0 wa,  0.0 hi,  4.5 si,  0.0 st
%Cpu(s): 70.5 us, 22.0 sy,  0.0 ni,  4.0 id,  0.0 wa,  0.0 hi,  3.5 si,  0.0 st
%Cpu(s): 71.0 us, 19.5 sy,  0.0 ni,  4.0 id,  0.0 wa,  0.0 hi,  5.5 si,  0.0 st
%Cpu(s): 71.8 us, 19.3 sy,  0.0 ni,  5.0 id,  0.0 wa,  0.0 hi,  4.0 si,  0.0 st
%Cpu(s): 74.5 us, 17.5 sy,  0.0 ni,  3.0 id,  0.0 wa,  0.0 hi,  5.0 si,  0.0 st
%Cpu(s): 78.1 us, 16.9 sy,  0.0 ni,  0.5 id,  0.0 wa,  0.0 hi,  4.5 si,  0.0 st
%Cpu(s): 70.9 us, 15.3 sy,  0.0 ni,  8.7 id,  0.0 wa,  0.0 hi,  5.1 si,  0.0 st
%Cpu(s): 75.4 us, 13.8 sy,  0.0 ni,  7.4 id,  0.0 wa,  0.0 hi,  3.4 si,  0.0 st
%Cpu(s): 62.0 us, 12.0 sy,  0.0 ni, 23.4 id,  0.0 wa,  0.0 hi,  2.6 si,  0.0 st
%Cpu(s): 42.4 us, 11.0 sy,  0.0 ni, 42.9 id,  0.0 wa,  0.0 hi,  3.7 si,  0.0 st
%Cpu(s): 56.6 us,  9.1 sy,  0.0 ni, 29.8 id,  0.0 wa,  0.0 hi,  4.5 si,  0.0 st
%Cpu(s): 51.8 us, 12.0 sy,  0.0 ni, 32.5 id,  0.0 wa,  0.0 hi,  3.7 si,  0.0 st
%Cpu(s): 63.9 us,  9.8 sy,  0.0 ni, 23.2 id,  0.0 wa,  0.0 hi,  3.1 si,  0.0 st
%Cpu(s): 67.3 us,  8.5 sy,  0.0 ni, 21.1 id,  0.0 wa,  0.0 hi,  3.0 si,  0.0 st
%Cpu(s): 72.6 us, 12.2 sy,  0.0 ni, 10.7 id,  0.0 wa,  0.0 hi,  4.6 si,  0.0 st
%Cpu(s): 78.4 us, 11.6 sy,  0.0 ni,  5.0 id,  0.0 wa,  0.0 hi,  5.0 si,  0.0 st
%Cpu(s): 72.3 us, 10.8 sy,  0.0 ni, 12.8 id,  0.0 wa,  0.0 hi,  4.1 si,  0.0 st
%Cpu(s): 49.5 us,  7.7 sy,  0.0 ni, 41.8 id,  0.0 wa,  0.0 hi,  1.0 si,  0.0 st
%Cpu(s): 70.6 us, 12.2 sy,  0.0 ni, 10.7 id,  0.0 wa,  0.0 hi,  6.6 si,  0.0 st
%Cpu(s): 57.1 us, 12.2 sy,  0.0 ni, 24.3 id,  0.0 wa,  0.0 hi,  6.3 si,  0.0 st
%Cpu(s): 41.0 us,  9.0 sy,  0.0 ni, 46.3 id,  0.0 wa,  0.0 hi,  3.7 si,  0.0 st
%Cpu(s): 33.3 us, 10.7 sy,  0.0 ni, 54.2 id,  0.0 wa,  0.0 hi,  1.7 si,  0.0 st
%Cpu(s): 30.0 us,  7.2 sy,  0.0 ni, 61.7 id,  0.0 wa,  0.0 hi,  1.1 si,  0.0 st
%Cpu(s): 34.4 us,  9.4 sy,  0.0 ni, 54.2 id,  0.0 wa,  0.0 hi,  2.1 si,  0.0 st
%Cpu(s): 40.2 us, 12.0 sy,  0.0 ni, 44.6 id,  0.0 wa,  0.0 hi,  3.3 si,  0.0 st
%Cpu(s): 63.1 us, 16.4 sy,  0.0 ni, 15.9 id,  0.0 wa,  0.0 hi,  4.6 si,  0.0 st
%Cpu(s): 45.3 us, 15.8 sy,  0.0 ni, 33.2 id,  0.0 wa,  0.0 hi,  5.8 si,  0.0 st
%Cpu(s): 30.6 us,  8.3 sy,  0.0 ni, 59.4 id,  0.0 wa,  0.0 hi,  1.7 si,  0.0 st
%Cpu(s): 28.8 us, 12.0 sy,  0.0 ni, 58.2 id,  0.0 wa,  0.0 hi,  1.1 si,  0.0 st
%Cpu(s): 32.0 us,  9.9 sy,  0.0 ni, 55.2 id,  0.0 wa,  0.0 hi,  2.8 si,  0.0 st
%Cpu(s): 30.2 us,  8.4 sy,  0.0 ni, 59.8 id,  0.0 wa,  0.0 hi,  1.7 si,  0.0 st
%Cpu(s): 26.5 us, 11.0 sy,  0.0 ni, 59.1 id,  0.0 wa,  0.0 hi,  3.3 si,  0.0 st
%Cpu(s): 33.9 us, 10.6 sy,  0.0 ni, 53.4 id,  0.0 wa,  0.0 hi,  2.1 si,  0.0 st
%Cpu(s): 26.9 us,  8.8 sy,  0.0 ni, 62.1 id,  0.0 wa,  0.0 hi,  2.2 si,  0.0 st
%Cpu(s): 41.7 us, 12.8 sy,  0.0 ni, 43.9 id,  0.0 wa,  0.0 hi,  1.7 si,  0.0 st
%Cpu(s): 59.6 us, 17.1 sy,  0.0 ni, 18.1 id,  0.0 wa,  0.0 hi,  5.2 si,  0.0 st
%Cpu(s): 37.6 us, 10.1 sy,  0.0 ni, 47.6 id,  0.0 wa,  0.0 hi,  4.8 si,  0.0 st
%Cpu(s): 30.7 us,  7.4 sy,  0.0 ni, 60.3 id,  0.0 wa,  0.0 hi,  1.6 si,  0.0 st
%Cpu(s): 28.0 us,  8.2 sy,  0.0 ni, 61.5 id,  0.0 wa,  0.0 hi,  2.2 si,  0.0 st
%Cpu(s): 28.5 us,  9.7 sy,  0.0 ni, 60.8 id,  0.0 wa,  0.0 hi,  1.1 si,  0.0 st
%Cpu(s): 28.6 us,  9.7 sy,  0.0 ni, 60.5 id,  0.0 wa,  0.0 hi,  1.1 si,  0.0 st
%Cpu(s): 32.1 us,  8.7 sy,  0.0 ni, 57.1 id,  0.0 wa,  0.0 hi,  2.0 si,  0.0 st
%Cpu(s): 27.7 us,  7.1 sy,  0.0 ni, 62.5 id,  0.0 wa,  0.0 hi,  2.7 si,  0.0 st
%Cpu(s): 29.3 us,  8.2 sy,  0.0 ni, 60.9 id,  0.0 wa,  0.0 hi,  1.6 si,  0.0 st
%Cpu(s): 42.9 us, 10.7 sy,  0.0 ni, 43.5 id,  0.0 wa,  0.0 hi,  2.8 si,  0.0 st
%Cpu(s): 62.6 us, 14.6 sy,  0.0 ni, 18.2 id,  0.0 wa,  0.0 hi,  4.5 si,  0.0 st
%Cpu(s): 45.1 us, 15.8 sy,  0.0 ni, 37.0 id,  0.0 wa,  0.0 hi,  2.2 si,  0.0 st
%Cpu(s): 28.2 us,  9.2 sy,  0.0 ni, 61.5 id,  0.0 wa,  0.0 hi,  1.1 si,  0.0 st
%Cpu(s): 13.8 us,  6.3 sy,  0.0 ni, 79.4 id,  0.0 wa,  0.0 hi,  0.5 si,  0.0 st
%Cpu(s):  1.0 us,  1.5 sy,  0.0 ni, 97.5 id,  0.0 wa,  0.0 hi,  0.0 si,  0.0 st
%Cpu(s):  3.5 us,  0.5 sy,  0.0 ni, 95.0 id,  0.0 wa,  0.0 hi,  0.5 si,  0.5 st
%Cpu(s):  3.5 us,  2.0 sy,  0.0 ni, 94.6 id,  0.0 wa,  0.0 hi,  0.0 si,  0.0 st
%Cpu(s):  2.5 us,  0.5 sy,  0.0 ni, 96.5 id,  0.5 wa,  0.0 hi,  0.0 si,  0.0 st
