%Cpu(s):  1.1 us,  0.2 sy,  0.0 ni, 98.6 id,  0.0 wa,  0.0 hi,  0.0 si,  0.0 st
%Cpu(s): 29.9 us,  5.0 sy,  0.0 ni, 65.2 id,  0.0 wa,  0.0 hi,  0.0 si,  0.0 st
%Cpu(s): 49.3 us,  4.9 sy,  0.0 ni, 45.8 id,  0.0 wa,  0.0 hi,  0.0 si,  0.0 st
%Cpu(s):  1.0 us,  0.5 sy,  0.0 ni, 98.5 id,  0.0 wa,  0.0 hi,  0.0 si,  0.0 st
%Cpu(s):  2.0 us,  0.5 sy,  0.0 ni, 97.5 id,  0.0 wa,  0.0 hi,  0.0 si,  0.0 st
%Cpu(s): 28.5 us,  2.0 sy,  0.0 ni, 69.0 id,  0.0 wa,  0.0 hi,  0.5 si,  0.0 st
%Cpu(s): 62.8 us,  3.0 sy,  0.0 ni, 33.7 id,  0.0 wa,  0.0 hi,  0.5 si,  0.0 st
%Cpu(s): 58.5 us,  2.5 sy,  0.0 ni, 39.0 id,  0.0 wa,  0.0 hi,  0.0 si,  0.0 st
%Cpu(s): 58.0 us,  4.5 sy,  0.0 ni, 37.5 id,  0.0 wa,  0.0 hi,  0.0 si,  0.0 st
%Cpu(s): 88.8 us,  8.2 sy,  0.0 ni,  3.1 id,  0.0 wa,  0.0 hi,  0.0 si,  0.0 st
%Cpu(s): 31.0 us,  5.0 sy,  0.0 ni, 64.0 id,  0.0 wa,  0.0 hi,  0.0 si,  0.0 st
%Cpu(s): 48.3 us,  6.5 sy,  0.0 ni, 44.8 id,  0.0 wa,  0.0 hi,  0.5 si,  0.0 st
%Cpu(s): 68.7 us,  7.6 sy,  0.0 ni, 19.2 id,  0.0 wa,  0.0 hi,  4.5 si,  0.0 st
%Cpu(s): 74.2 us, 16.7 sy,  0.0 ni,  5.1 id,  0.0 wa,  0.0 hi,  4.0 si,  0.0 st
%Cpu(s): 69.7 us, 18.4 sy,  0.0 ni,  6.0 id,  0.0 wa,  0.0 hi,  6.0 si,  0.0 st
%Cpu(s): 68.3 us, 16.3 sy,  0.0 ni, 13.4 id,  0.0 wa,  0.0 hi,  2.0 si,  0.0 st
%Cpu(s): 78.7 us, 15.3 sy,  0.0 ni,  2.0 id,  0.0 wa,  0.0 hi,  4.0 si,  0.0 st
%Cpu(s): 81.4 us, 11.6 sy,  0.0 ni,  1.5 id,  0.0 wa,  0.0 hi,  5.5 si,  0.0 st
%Cpu(s): 66.8 us, 19.6 sy,  0.0 ni, 10.6 id,  0.0 wa,  0.0 hi,  3.0 si,  0.0 st
%Cpu(s): 61.9 us, 13.7 sy,  0.0 ni, 19.3 id,  0.0 wa,  0.0 hi,  5.1 si,  0.0 st
%Cpu(s): 69.4 us, 14.3 sy,  0.0 ni, 13.8 id,  0.0 wa,  0.0 hi,  2.6 si,  0.0 st
%Cpu(s): 70.4 us, 11.1 sy,  0.0 ni, 15.6 id,  0.0 wa,  0.0 hi,  3.0 si,  0.0 st
%Cpu(s): 69.2 us, 12.8 sy,  0.0 ni, 13.8 id,  0.0 wa,  0.0 hi,  4.1 si,  0.0 st
%Cpu(s): 52.6 us, 17.7 sy,  0.0 ni, 26.6 id,  0.0 wa,  0.0 hi,  3.1 si,  0.0 st
%Cpu(s): 53.2 us,  6.8 sy,  0.0 ni, 37.4 id,  0.0 wa,  0.0 hi,  2.6 si,  0.0 st
%Cpu(s): 45.5 us,  5.8 sy,  0.0 ni, 46.6 id,  0.0 wa,  0.0 hi,  2.1 si,  0.0 st
%Cpu(s): 63.4 us, 13.4 sy,  0.0 ni, 20.1 id,  0.0 wa,  0.0 hi,  3.1 si,  0.0 st
%Cpu(s): 55.4 us, 11.4 sy,  0.0 ni, 30.6 id,  0.0 wa,  0.0 hi,  2.6 si,  0.0 st
%Cpu(s): 23.7 us,  4.8 sy,  0.0 ni, 71.0 id,  0.0 wa,  0.0 hi,  0.5 si,  0.0 st
%Cpu(s): 21.8 us,  4.3 sy,  0.0 ni, 73.9 id,  0.0 wa,  0.0 hi,  0.0 si,  0.0 st
%Cpu(s): 11.7 us,  3.7 sy,  0.0 ni, 84.0 id,  0.0 wa,  0.0 hi,  0.5 si,  0.0 st
%Cpu(s): 15.8 us,  3.7 sy,  0.0 ni, 80.0 id,  0.0 wa,  0.0 hi,  0.5 si,  0.0 st
%Cpu(s): 21.5 us,  4.8 sy,  0.0 ni, 73.1 id,  0.0 wa,  0.0 hi,  0.5 si,  0.0 st
%Cpu(s): 58.6 us,  4.2 sy,  0.0 ni, 32.5 id,  0.0 wa,  0.0 hi,  4.7 si,  0.0 st
%Cpu(s): 59.3 us,  6.7 sy,  0.0 ni, 32.0 id,  0.0 wa,  0.0 hi,  2.1 si,  0.0 st
%Cpu(s): 58.2 us,  3.1 sy,  0.0 ni, 36.7 id,  0.0 wa,  0.0 hi,  2.0 si,  0.0 st
%Cpu(s): 74.1 us, 13.7 sy,  0.0 ni,  8.1 id,  0.0 wa,  0.0 hi,  4.1 si,  0.0 st
%Cpu(s): 67.3 us, 13.3 sy,  0.0 ni, 15.8 id,  0.0 wa,  0.0 hi,  3.6 si,  0.0 st
%Cpu(s): 38.2 us,  4.7 sy,  0.0 ni, 55.0 id,  0.0 wa,  0.0 hi,  1.6 si,  0.5 st
%Cpu(s): 16.4 us,  5.8 sy,  0.0 ni, 77.2 id,  0.0 wa,  0.0 hi,  0.5 si,  0.0 st
%Cpu(s): 21.2 us,  6.3 sy,  0.0 ni, 70.4 id,  0.0 wa,  0.0 hi,  2.1 si,  0.0 st
%Cpu(s): 17.2 us,  5.4 sy,  0.0 ni, 77.4 id,  0.0 wa,  0.0 hi,  0.0 si,  0.0 st
%Cpu(s): 16.8 us,  4.7 sy,  0.0 ni, 78.4 id,  0.0 wa,  0.0 hi,  0.0 si,  0.0 st
%Cpu(s): 19.1 us,  5.2 sy,  0.0 ni, 74.7 id,  0.0 wa,  0.0 hi,  1.0 si,  0.0 st
%Cpu(s): 16.1 us,  4.8 sy,  0.0 ni, 78.0 id,  0.0 wa,  0.0 hi,  1.1 si,  0.0 st
%Cpu(s): 13.1 us,  5.5 sy,  0.0 ni, 81.4 id,  0.0 wa,  0.0 hi,  0.0 si,  0.0 st
%Cpu(s): 46.9 us, 13.0 sy,  0.0 ni, 37.0 id,  0.0 wa,  0.0 hi,  3.1 si,  0.0 st
%Cpu(s): 31.5 us, 13.2 sy,  0.0 ni, 52.8 id,  0.0 wa,  0.0 hi,  2.5 si,  0.0 st
%Cpu(s): 15.6 us,  5.4 sy,  0.0 ni, 78.5 id,  0.0 wa,  0.0 hi,  0.5 si,  0.0 st
%Cpu(s): 17.1 us,  5.3 sy,  0.0 ni, 77.0 id,  0.0 wa,  0.0 hi,  0.5 si,  0.0 st
%Cpu(s): 15.9 us,  6.3 sy,  0.0 ni, 76.2 id,  0.0 wa,  0.0 hi,  1.6 si,  0.0 st
%Cpu(s): 16.3 us,  4.3 sy,  0.0 ni, 78.8 id,  0.0 wa,  0.0 hi,  0.0 si,  0.5 st
%Cpu(s): 15.2 us,  5.8 sy,  0.0 ni, 79.1 id,  0.0 wa,  0.0 hi,  0.0 si,  0.0 st
%Cpu(s): 13.2 us,  5.3 sy,  0.0 ni, 81.1 id,  0.0 wa,  0.0 hi,  0.5 si,  0.0 st
%Cpu(s): 13.7 us,  6.3 sy,  0.0 ni, 78.9 id,  0.0 wa,  0.0 hi,  1.1 si,  0.0 st
%Cpu(s): 17.0 us,  3.7 sy,  0.0 ni, 79.3 id,  0.0 wa,  0.0 hi,  0.0 si,  0.0 st
%Cpu(s): 52.9 us, 11.1 sy,  0.0 ni, 34.4 id,  0.0 wa,  0.0 hi,  1.6 si,  0.0 st
%Cpu(s): 33.0 us,  4.6 sy,  0.0 ni, 60.8 id,  0.0 wa,  0.0 hi,  1.5 si,  0.0 st
%Cpu(s): 15.9 us,  5.8 sy,  0.0 ni, 77.8 id,  0.0 wa,  0.0 hi,  0.5 si,  0.0 st
%Cpu(s): 20.0 us,  3.8 sy,  0.0 ni, 75.7 id,  0.0 wa,  0.0 hi,  0.5 si,  0.0 st
%Cpu(s): 16.8 us,  3.8 sy,  0.0 ni, 79.5 id,  0.0 wa,  0.0 hi,  0.0 si,  0.0 st
%Cpu(s): 16.4 us,  5.8 sy,  0.0 ni, 76.7 id,  0.0 wa,  0.0 hi,  1.1 si,  0.0 st
%Cpu(s): 17.6 us,  5.9 sy,  0.0 ni, 75.9 id,  0.0 wa,  0.0 hi,  0.5 si,  0.0 st
%Cpu(s): 19.0 us,  4.3 sy,  0.0 ni, 76.1 id,  0.0 wa,  0.0 hi,  0.5 si,  0.0 st
%Cpu(s): 19.7 us,  6.6 sy,  0.0 ni, 73.8 id,  0.0 wa,  0.0 hi,  0.0 si,  0.0 st
%Cpu(s): 20.1 us,  6.0 sy,  0.0 ni, 72.8 id,  0.0 wa,  0.0 hi,  1.1 si,  0.0 st
%Cpu(s): 53.4 us, 13.0 sy,  0.0 ni, 29.5 id,  0.0 wa,  0.0 hi,  4.1 si,  0.0 st
%Cpu(s): 32.0 us,  6.2 sy,  0.0 ni, 59.8 id,  0.0 wa,  0.0 hi,  2.1 si,  0.0 st
%Cpu(s):  1.5 us,  1.0 sy,  0.0 ni, 97.5 id,  0.0 wa,  0.0 hi,  0.0 si,  0.0 st
%Cpu(s):  2.0 us,  2.0 sy,  0.0 ni, 96.0 id,  0.0 wa,  0.0 hi,  0.0 si,  0.0 st
%Cpu(s):  0.5 us,  1.0 sy,  0.0 ni, 98.0 id,  0.0 wa,  0.0 hi,  0.5 si,  0.0 st
%Cpu(s):  2.0 us,  1.0 sy,  0.0 ni, 96.5 id,  0.0 wa,  0.0 hi,  0.0 si,  0.5 st
