%Cpu(s):  1.6 us,  0.4 sy,  0.0 ni, 97.8 id,  0.0 wa,  0.0 hi,  0.0 si,  0.1 st
%Cpu(s):  0.4 us,  0.2 sy,  0.0 ni, 99.3 id,  0.0 wa,  0.0 hi,  0.0 si,  0.1 st
%Cpu(s):  0.2 us,  0.1 sy,  0.0 ni, 99.6 id,  0.0 wa,  0.0 hi,  0.0 si,  0.0 st
%Cpu(s):  0.4 us,  0.1 sy,  0.0 ni, 99.5 id,  0.0 wa,  0.0 hi,  0.0 si,  0.0 st
%Cpu(s):  3.7 us,  0.4 sy,  0.0 ni, 95.6 id,  0.1 wa,  0.0 hi,  0.0 si,  0.1 st
%Cpu(s): 26.2 us,  2.7 sy,  0.0 ni, 70.6 id,  0.0 wa,  0.0 hi,  0.2 si,  0.2 st
%Cpu(s): 29.9 us,  3.1 sy,  0.0 ni, 66.5 id,  0.0 wa,  0.0 hi,  0.4 si,  0.1 st
%Cpu(s): 31.7 us,  2.5 sy,  0.0 ni, 65.5 id,  0.0 wa,  0.0 hi,  0.2 si,  0.1 st
%Cpu(s): 22.3 us,  3.7 sy,  0.0 ni, 73.6 id,  0.0 wa,  0.0 hi,  0.4 si,  0.1 st
%Cpu(s):  7.5 us,  3.0 sy,  0.0 ni, 89.1 id,  0.0 wa,  0.0 hi,  0.4 si,  0.0 st
%Cpu(s): 11.9 us,  4.7 sy,  0.0 ni, 83.1 id,  0.0 wa,  0.0 hi,  0.1 si,  0.1 st
%Cpu(s): 12.9 us,  4.9 sy,  0.0 ni, 81.7 id,  0.0 wa,  0.0 hi,  0.4 si,  0.1 st
%Cpu(s):  7.5 us,  4.6 sy,  0.0 ni, 86.9 id,  0.0 wa,  0.0 hi,  0.7 si,  0.2 st
%Cpu(s):  6.7 us,  5.2 sy,  0.0 ni, 87.8 id,  0.0 wa,  0.0 hi,  0.3 si,  0.0 st
%Cpu(s):  5.7 us,  3.8 sy,  0.0 ni, 90.0 id,  0.0 wa,  0.0 hi,  0.5 si,  0.0 st
%Cpu(s):  6.1 us,  4.0 sy,  0.0 ni, 89.5 id,  0.0 wa,  0.0 hi,  0.3 si,  0.1 st
%Cpu(s):  5.2 us,  4.5 sy,  0.0 ni, 89.3 id,  0.1 wa,  0.0 hi,  0.8 si,  0.1 st
%Cpu(s):  6.5 us,  4.4 sy,  0.0 ni, 88.3 id,  0.0 wa,  0.0 hi,  0.6 si,  0.1 st
%Cpu(s):  7.2 us,  5.3 sy,  0.0 ni, 86.8 id,  0.0 wa,  0.0 hi,  0.6 si,  0.0 st
%Cpu(s):  7.5 us,  4.6 sy,  0.0 ni, 86.8 id,  0.0 wa,  0.0 hi,  0.8 si,  0.3 st
%Cpu(s):  8.7 us,  4.0 sy,  0.0 ni, 86.4 id,  0.0 wa,  0.0 hi,  0.7 si,  0.1 st
%Cpu(s):  6.3 us,  5.6 sy,  0.0 ni, 87.6 id,  0.0 wa,  0.0 hi,  0.5 si,  0.0 st
%Cpu(s):  6.0 us,  3.5 sy,  0.0 ni, 90.2 id,  0.0 wa,  0.0 hi,  0.4 si,  0.0 st
%Cpu(s):  4.4 us,  3.2 sy,  0.0 ni, 92.0 id,  0.0 wa,  0.0 hi,  0.4 si,  0.0 st
%Cpu(s):  6.3 us,  3.2 sy,  0.0 ni, 89.9 id,  0.0 wa,  0.0 hi,  0.4 si,  0.1 st
%Cpu(s):  8.4 us,  4.6 sy,  0.0 ni, 86.2 id,  0.0 wa,  0.0 hi,  0.6 si,  0.1 st
%Cpu(s):  7.2 us,  5.2 sy,  0.0 ni, 86.8 id,  0.0 wa,  0.0 hi,  0.7 si,  0.0 st
%Cpu(s):  7.7 us,  5.2 sy,  0.0 ni, 86.5 id,  0.0 wa,  0.0 hi,  0.5 si,  0.0 st
%Cpu(s):  6.7 us,  3.9 sy,  0.0 ni, 88.8 id,  0.0 wa,  0.0 hi,  0.3 si,  0.3 st
%Cpu(s):  7.2 us,  4.8 sy,  0.0 ni, 87.6 id,  0.0 wa,  0.0 hi,  0.4 si,  0.0 st
%Cpu(s):  6.6 us,  4.2 sy,  0.0 ni, 88.5 id,  0.0 wa,  0.0 hi,  0.6 si,  0.0 st
%Cpu(s):  7.0 us,  4.6 sy,  0.0 ni, 88.1 id,  0.0 wa,  0.0 hi,  0.4 si,  0.0 st
%Cpu(s):  7.4 us,  4.3 sy,  0.0 ni, 87.6 id,  0.0 wa,  0.0 hi,  0.5 si,  0.1 st
%Cpu(s):  7.3 us,  4.7 sy,  0.0 ni, 87.2 id,  0.0 wa,  0.0 hi,  0.6 si,  0.1 st
%Cpu(s):  7.6 us,  4.0 sy,  0.0 ni, 88.0 id,  0.0 wa,  0.0 hi,  0.4 si,  0.0 st
%Cpu(s):  7.5 us,  5.3 sy,  0.0 ni, 86.3 id,  0.0 wa,  0.0 hi,  0.6 si,  0.2 st
%Cpu(s):  7.1 us,  4.4 sy,  0.0 ni, 87.2 id,  0.5 wa,  0.0 hi,  0.8 si,  0.0 st
%Cpu(s):  7.5 us,  5.0 sy,  0.0 ni, 87.0 id,  0.0 wa,  0.0 hi,  0.6 si,  0.0 st
%Cpu(s):  6.5 us,  3.9 sy,  0.0 ni, 89.0 id,  0.0 wa,  0.0 hi,  0.6 si,  0.0 st
%Cpu(s):  7.6 us,  4.7 sy,  0.0 ni, 87.1 id,  0.0 wa,  0.0 hi,  0.5 si,  0.1 st
%Cpu(s):  6.7 us,  3.9 sy,  0.0 ni, 88.9 id,  0.0 wa,  0.0 hi,  0.5 si,  0.0 st
%Cpu(s):  7.6 us,  4.4 sy,  0.0 ni, 86.9 id,  0.0 wa,  0.0 hi,  1.0 si,  0.0 st
%Cpu(s):  7.6 us,  4.9 sy,  0.0 ni, 86.9 id,  0.0 wa,  0.0 hi,  0.5 si,  0.1 st
%Cpu(s):  7.8 us,  4.8 sy,  0.0 ni, 86.4 id,  0.0 wa,  0.0 hi,  0.9 si,  0.1 st
%Cpu(s):  7.0 us,  4.5 sy,  0.0 ni, 87.5 id,  0.0 wa,  0.0 hi,  0.9 si,  0.1 st
%Cpu(s):  7.4 us,  4.4 sy,  0.0 ni, 87.5 id,  0.0 wa,  0.0 hi,  0.6 si,  0.0 st
%Cpu(s):  7.0 us,  4.5 sy,  0.0 ni, 88.0 id,  0.1 wa,  0.0 hi,  0.4 si,  0.1 st
%Cpu(s):  7.2 us,  4.7 sy,  0.0 ni, 87.4 id,  0.0 wa,  0.0 hi,  0.6 si,  0.0 st
%Cpu(s):  7.8 us,  4.4 sy,  0.0 ni, 87.1 id,  0.0 wa,  0.0 hi,  0.5 si,  0.1 st
%Cpu(s):  6.1 us,  6.1 sy,  0.0 ni, 87.6 id,  0.0 wa,  0.0 hi,  0.2 si,  0.0 st
%Cpu(s):  7.3 us,  4.4 sy,  0.0 ni, 87.8 id,  0.0 wa,  0.0 hi,  0.4 si,  0.1 st
%Cpu(s):  8.1 us,  4.5 sy,  0.0 ni, 86.8 id,  0.0 wa,  0.0 hi,  0.5 si,  0.1 st
%Cpu(s):  7.2 us,  5.4 sy,  0.0 ni, 86.9 id,  0.0 wa,  0.0 hi,  0.5 si,  0.0 st
%Cpu(s):  6.0 us,  4.8 sy,  0.0 ni, 88.6 id,  0.0 wa,  0.0 hi,  0.6 si,  0.0 st
%Cpu(s):  7.3 us,  4.1 sy,  0.0 ni, 88.2 id,  0.0 wa,  0.0 hi,  0.4 si,  0.0 st
%Cpu(s):  6.4 us,  3.6 sy,  0.0 ni, 89.6 id,  0.0 wa,  0.0 hi,  0.3 si,  0.1 st
%Cpu(s):  7.7 us,  4.6 sy,  0.0 ni, 86.8 id,  0.0 wa,  0.0 hi,  0.7 si,  0.1 st
%Cpu(s):  6.7 us,  4.5 sy,  0.0 ni, 88.0 id,  0.0 wa,  0.0 hi,  0.7 si,  0.0 st
%Cpu(s):  8.9 us,  4.9 sy,  0.0 ni, 85.4 id,  0.0 wa,  0.0 hi,  0.9 si,  0.0 st
%Cpu(s):  7.6 us,  4.7 sy,  0.0 ni, 86.8 id,  0.0 wa,  0.0 hi,  0.9 si,  0.0 st
%Cpu(s):  7.8 us,  3.4 sy,  0.0 ni, 88.3 id,  0.0 wa,  0.0 hi,  0.5 si,  0.0 st
%Cpu(s):  5.5 us,  1.4 sy,  0.0 ni, 92.8 id,  0.0 wa,  0.0 hi,  0.0 si,  0.4 st
%Cpu(s):  0.1 us,  0.1 sy,  0.0 ni, 99.8 id,  0.0 wa,  0.0 hi,  0.0 si,  0.0 st
%Cpu(s):  0.2 us,  0.2 sy,  0.0 ni, 99.4 id,  0.0 wa,  0.0 hi,  0.0 si,  0.1 st
%Cpu(s):  0.0 us,  0.2 sy,  0.0 ni, 99.8 id,  0.0 wa,  0.0 hi,  0.0 si,  0.0 st
%Cpu(s):  0.2 us,  0.1 sy,  0.0 ni, 99.6 id,  0.0 wa,  0.0 hi,  0.0 si,  0.0 st
%Cpu(s):  0.2 us,  0.2 sy,  0.0 ni, 99.5 id,  0.0 wa,  0.0 hi,  0.0 si,  0.0 st
%Cpu(s):  0.1 us,  0.0 sy,  0.0 ni, 99.9 id,  0.0 wa,  0.0 hi,  0.0 si,  0.0 st
%Cpu(s):  0.1 us,  0.2 sy,  0.0 ni, 99.6 id,  0.0 wa,  0.0 hi,  0.0 si,  0.0 st
%Cpu(s):  0.9 us,  0.5 sy,  0.0 ni, 98.5 id,  0.0 wa,  0.0 hi,  0.0 si,  0.1 st
