%Cpu(s):  1.5 us,  0.3 sy,  0.0 ni, 98.2 id,  0.0 wa,  0.0 hi,  0.1 si,  0.0 st
%Cpu(s):  0.5 us,  0.0 sy,  0.0 ni, 99.5 id,  0.0 wa,  0.0 hi,  0.0 si,  0.0 st
%Cpu(s):  0.4 us,  0.2 sy,  0.0 ni, 99.3 id,  0.0 wa,  0.0 hi,  0.0 si,  0.1 st
%Cpu(s):  0.4 us,  0.0 sy,  0.0 ni, 99.6 id,  0.0 wa,  0.0 hi,  0.0 si,  0.0 st
%Cpu(s):  6.4 us,  0.4 sy,  0.0 ni, 93.1 id,  0.1 wa,  0.0 hi,  0.0 si,  0.0 st
%Cpu(s): 30.3 us,  2.5 sy,  0.0 ni, 67.1 id,  0.0 wa,  0.0 hi,  0.1 si,  0.0 st
%Cpu(s): 34.8 us,  3.0 sy,  0.0 ni, 61.4 id,  0.0 wa,  0.0 hi,  0.6 si,  0.1 st
%Cpu(s): 28.1 us,  2.9 sy,  0.0 ni, 68.5 id,  0.0 wa,  0.0 hi,  0.5 si,  0.0 st
%Cpu(s): 24.4 us,  4.1 sy,  0.0 ni, 71.1 id,  0.0 wa,  0.0 hi,  0.5 si,  0.0 st
%Cpu(s): 19.1 us,  4.2 sy,  0.0 ni, 76.4 id,  0.0 wa,  0.0 hi,  0.1 si,  0.1 st
%Cpu(s):  9.2 us,  4.7 sy,  0.0 ni, 85.2 id,  0.0 wa,  0.0 hi,  0.9 si,  0.0 st
%Cpu(s): 19.6 us,  4.0 sy,  0.0 ni, 76.0 id,  0.0 wa,  0.0 hi,  0.3 si,  0.1 st
%Cpu(s):  5.4 us,  3.3 sy,  0.0 ni, 90.5 id,  0.0 wa,  0.0 hi,  0.8 si,  0.0 st
%Cpu(s):  5.8 us,  3.3 sy,  0.0 ni, 90.3 id,  0.0 wa,  0.0 hi,  0.5 si,  0.1 st
%Cpu(s):  6.4 us,  3.6 sy,  0.0 ni, 89.5 id,  0.0 wa,  0.0 hi,  0.5 si,  0.0 st
%Cpu(s):  6.4 us,  4.0 sy,  0.0 ni, 89.0 id,  0.0 wa,  0.0 hi,  0.6 si,  0.0 st
%Cpu(s):  5.7 us,  3.4 sy,  0.0 ni, 90.1 id,  0.0 wa,  0.0 hi,  0.8 si,  0.0 st
%Cpu(s):  5.1 us,  2.9 sy,  0.0 ni, 91.3 id,  0.0 wa,  0.0 hi,  0.5 si,  0.1 st
%Cpu(s):  6.7 us,  3.0 sy,  0.0 ni, 90.2 id,  0.0 wa,  0.0 hi,  0.1 si,  0.0 st
%Cpu(s):  7.5 us,  3.2 sy,  0.0 ni, 88.9 id,  0.0 wa,  0.0 hi,  0.2 si,  0.1 st
%Cpu(s): 10.0 us,  3.4 sy,  0.0 ni, 86.1 id,  0.0 wa,  0.0 hi,  0.5 si,  0.0 st
%Cpu(s):  6.6 us,  2.9 sy,  0.0 ni, 89.3 id,  0.0 wa,  0.0 hi,  1.0 si,  0.1 st
%Cpu(s):  7.8 us,  3.6 sy,  0.0 ni, 86.1 id,  1.2 wa,  0.0 hi,  1.1 si,  0.1 st
%Cpu(s):  8.8 us,  3.1 sy,  0.0 ni, 87.1 id,  0.0 wa,  0.0 hi,  1.0 si,  0.0 st
%Cpu(s):  9.0 us,  3.0 sy,  0.0 ni, 87.5 id,  0.0 wa,  0.0 hi,  0.4 si,  0.1 st
%Cpu(s):  8.2 us,  3.7 sy,  0.0 ni, 87.3 id,  0.0 wa,  0.0 hi,  0.8 si,  0.0 st
%Cpu(s):  7.4 us,  3.6 sy,  0.0 ni, 87.8 id,  0.0 wa,  0.0 hi,  1.1 si,  0.1 st
%Cpu(s):  8.7 us,  3.5 sy,  0.0 ni, 86.7 id,  0.0 wa,  0.0 hi,  1.1 si,  0.0 st
%Cpu(s):  7.7 us,  4.1 sy,  0.0 ni, 87.6 id,  0.0 wa,  0.0 hi,  0.5 si,  0.1 st
%Cpu(s):  8.5 us,  3.8 sy,  0.0 ni, 86.5 id,  0.0 wa,  0.0 hi,  1.3 si,  0.0 st
%Cpu(s): 12.8 us,  3.3 sy,  0.0 ni, 82.9 id,  0.0 wa,  0.0 hi,  1.1 si,  0.0 st
%Cpu(s):  8.9 us,  2.9 sy,  0.0 ni, 87.1 id,  0.0 wa,  0.0 hi,  1.1 si,  0.0 st
%Cpu(s): 10.2 us,  3.0 sy,  0.0 ni, 85.8 id,  0.0 wa,  0.0 hi,  0.9 si,  0.1 st
%Cpu(s): 11.7 us,  3.6 sy,  0.0 ni, 83.6 id,  0.0 wa,  0.0 hi,  1.1 si,  0.0 st
%Cpu(s): 14.3 us,  3.9 sy,  0.0 ni, 80.3 id,  0.0 wa,  0.0 hi,  1.4 si,  0.1 st
%Cpu(s): 12.5 us,  3.2 sy,  0.0 ni, 83.0 id,  0.0 wa,  0.0 hi,  1.2 si,  0.0 st
%Cpu(s): 11.2 us,  2.8 sy,  0.0 ni, 85.1 id,  0.0 wa,  0.0 hi,  0.9 si,  0.0 st
%Cpu(s): 10.8 us,  3.4 sy,  0.0 ni, 84.6 id,  0.0 wa,  0.0 hi,  1.2 si,  0.0 st
%Cpu(s): 11.6 us,  4.2 sy,  0.0 ni, 82.5 id,  0.0 wa,  0.0 hi,  1.2 si,  0.4 st
%Cpu(s): 13.1 us,  2.4 sy,  0.0 ni, 83.6 id,  0.0 wa,  0.0 hi,  0.9 si,  0.0 st
%Cpu(s): 12.2 us,  3.2 sy,  0.0 ni, 84.2 id,  0.0 wa,  0.0 hi,  0.4 si,  0.0 st
%Cpu(s): 12.6 us,  3.8 sy,  0.0 ni, 82.6 id,  0.1 wa,  0.0 hi,  0.9 si,  0.0 st
%Cpu(s): 13.6 us,  3.0 sy,  0.0 ni, 82.9 id,  0.0 wa,  0.0 hi,  0.4 si,  0.1 st
%Cpu(s): 13.5 us,  3.2 sy,  0.0 ni, 82.2 id,  0.0 wa,  0.0 hi,  1.0 si,  0.0 st
%Cpu(s): 11.8 us,  4.0 sy,  0.0 ni, 83.2 id,  0.0 wa,  0.0 hi,  1.0 si,  0.0 st
%Cpu(s): 12.4 us,  3.2 sy,  0.0 ni, 83.3 id,  0.0 wa,  0.0 hi,  1.0 si,  0.1 st
%Cpu(s): 13.2 us,  3.3 sy,  0.0 ni, 82.3 id,  0.0 wa,  0.0 hi,  1.3 si,  0.0 st
%Cpu(s): 13.5 us,  3.3 sy,  0.0 ni, 82.3 id,  0.0 wa,  0.0 hi,  0.8 si,  0.1 st
%Cpu(s): 13.9 us,  3.5 sy,  0.0 ni, 81.9 id,  0.0 wa,  0.0 hi,  0.8 si,  0.0 st
%Cpu(s): 13.8 us,  3.4 sy,  0.0 ni, 82.2 id,  0.0 wa,  0.0 hi,  0.4 si,  0.2 st
%Cpu(s): 13.5 us,  4.1 sy,  0.0 ni, 81.7 id,  0.0 wa,  0.0 hi,  0.6 si,  0.0 st
%Cpu(s): 13.6 us,  3.7 sy,  0.0 ni, 81.6 id,  0.1 wa,  0.0 hi,  0.9 si,  0.1 st
%Cpu(s): 14.1 us,  4.2 sy,  0.0 ni, 81.3 id,  0.0 wa,  0.0 hi,  0.4 si,  0.0 st
%Cpu(s): 23.6 us,  3.3 sy,  0.0 ni, 72.8 id,  0.0 wa,  0.0 hi,  0.3 si,  0.1 st
%Cpu(s): 27.0 us,  3.0 sy,  0.0 ni, 69.5 id,  0.0 wa,  0.0 hi,  0.5 si,  0.0 st
%Cpu(s): 15.2 us,  3.3 sy,  0.0 ni, 81.2 id,  0.0 wa,  0.0 hi,  0.3 si,  0.0 st
%Cpu(s): 14.8 us,  3.9 sy,  0.0 ni, 81.2 id,  0.0 wa,  0.0 hi,  0.1 si,  0.0 st
%Cpu(s): 13.6 us,  4.3 sy,  0.0 ni, 82.0 id,  0.0 wa,  0.0 hi,  0.1 si,  0.0 st
%Cpu(s): 14.6 us,  3.6 sy,  0.0 ni, 81.3 id,  0.0 wa,  0.0 hi,  0.4 si,  0.1 st
%Cpu(s): 17.2 us,  3.1 sy,  0.0 ni, 79.1 id,  0.0 wa,  0.0 hi,  0.4 si,  0.1 st
%Cpu(s): 19.4 us,  3.5 sy,  0.0 ni, 76.6 id,  0.1 wa,  0.0 hi,  0.4 si,  0.0 st
%Cpu(s): 18.2 us,  2.4 sy,  0.0 ni, 79.2 id,  0.0 wa,  0.0 hi,  0.1 si,  0.0 st
%Cpu(s):  8.4 us,  1.3 sy,  0.0 ni, 90.2 id,  0.0 wa,  0.0 hi,  0.1 si,  0.0 st
%Cpu(s): 11.3 us,  0.6 sy,  0.0 ni, 88.0 id,  0.0 wa,  0.0 hi,  0.1 si,  0.0 st
%Cpu(s):  2.9 us,  0.8 sy,  0.0 ni, 96.4 id,  0.0 wa,  0.0 hi,  0.0 si,  0.0 st
%Cpu(s):  0.1 us,  0.1 sy,  0.0 ni, 99.8 id,  0.0 wa,  0.0 hi,  0.0 si,  0.0 st
%Cpu(s):  0.2 us,  0.0 sy,  0.0 ni, 99.8 id,  0.0 wa,  0.0 hi,  0.0 si,  0.0 st
%Cpu(s):  0.1 us,  0.1 sy,  0.0 ni, 99.8 id,  0.0 wa,  0.0 hi,  0.0 si,  0.0 st
