%Cpu(s):  2.8 us,  1.8 sy,  0.0 ni, 95.1 id,  0.0 wa,  0.0 hi,  0.2 si,  0.0 st
%Cpu(s):  1.7 us,  0.1 sy,  0.0 ni, 98.1 id,  0.0 wa,  0.0 hi,  0.0 si,  0.0 st
%Cpu(s):  0.9 us,  0.2 sy,  0.0 ni, 98.8 id,  0.0 wa,  0.0 hi,  0.1 si,  0.0 st
%Cpu(s):  0.7 us,  0.0 sy,  0.0 ni, 99.3 id,  0.0 wa,  0.0 hi,  0.0 si,  0.0 st
%Cpu(s): 10.8 us,  1.4 sy,  0.0 ni, 87.5 id,  0.0 wa,  0.0 hi,  0.2 si,  0.1 st
%Cpu(s): 58.5 us,  8.3 sy,  0.0 ni, 32.3 id,  0.0 wa,  0.0 hi,  0.9 si,  0.0 st
%Cpu(s): 53.3 us, 10.9 sy,  0.0 ni, 33.8 id,  0.0 wa,  0.0 hi,  2.0 si,  0.0 st
%Cpu(s): 55.0 us, 11.7 sy,  0.0 ni, 30.8 id,  0.0 wa,  0.0 hi,  2.5 si,  0.0 st
%Cpu(s): 50.9 us, 11.5 sy,  0.0 ni, 35.9 id,  0.0 wa,  0.0 hi,  1.6 si,  0.0 st
%Cpu(s): 32.3 us, 11.0 sy,  0.0 ni, 54.3 id,  0.1 wa,  0.0 hi,  2.3 si,  0.0 st
%Cpu(s): 15.9 us,  9.3 sy,  0.0 ni, 72.2 id,  0.0 wa,  0.0 hi,  2.5 si,  0.0 st
%Cpu(s): 16.8 us,  9.9 sy,  0.0 ni, 71.2 id,  0.0 wa,  0.0 hi,  2.1 si,  0.0 st
%Cpu(s): 14.5 us, 10.3 sy,  0.0 ni, 72.7 id,  0.0 wa,  0.0 hi,  2.6 si,  0.0 st
%Cpu(s): 15.7 us, 10.9 sy,  0.0 ni, 70.9 id,  1.3 wa,  0.0 hi,  1.3 si,  0.0 st
%Cpu(s): 16.8 us,  9.9 sy,  0.0 ni, 71.3 id,  0.3 wa,  0.0 hi,  1.8 si,  0.0 st
%Cpu(s): 19.6 us,  9.8 sy,  0.0 ni, 68.4 id,  0.0 wa,  0.0 hi,  2.2 si,  0.0 st
%Cpu(s): 25.1 us, 10.1 sy,  0.0 ni, 62.9 id,  0.0 wa,  0.0 hi,  2.0 si,  0.0 st
%Cpu(s): 19.4 us, 10.3 sy,  0.0 ni, 70.0 id,  0.0 wa,  0.0 hi,  0.3 si,  0.0 st
%Cpu(s): 23.7 us, 12.4 sy,  0.0 ni, 62.1 id,  0.0 wa,  0.0 hi,  1.8 si,  0.0 st
%Cpu(s): 26.3 us, 11.8 sy,  0.0 ni, 61.1 id,  0.0 wa,  0.0 hi,  0.8 si,  0.0 st
%Cpu(s): 23.9 us, 12.0 sy,  0.0 ni, 63.7 id,  0.0 wa,  0.0 hi,  0.4 si,  0.0 st
%Cpu(s): 20.8 us, 12.1 sy,  0.0 ni, 65.2 id,  0.0 wa,  0.0 hi,  1.9 si,  0.0 st
%Cpu(s): 18.5 us, 12.8 sy,  0.0 ni, 65.7 id,  0.0 wa,  0.0 hi,  2.9 si,  0.0 st
%Cpu(s): 19.0 us, 11.3 sy,  0.0 ni, 67.6 id,  0.0 wa,  0.0 hi,  2.2 si,  0.0 st
%Cpu(s): 19.4 us, 11.8 sy,  0.0 ni, 66.1 id,  0.1 wa,  0.0 hi,  2.6 si,  0.0 st
%Cpu(s): 18.1 us, 11.6 sy,  0.0 ni, 68.1 id,  0.0 wa,  0.0 hi,  2.2 si,  0.0 st
%Cpu(s): 19.2 us, 12.0 sy,  0.0 ni, 67.1 id,  0.0 wa,  0.0 hi,  1.7 si,  0.0 st
%Cpu(s): 19.0 us, 13.3 sy,  0.0 ni, 65.8 id,  0.0 wa,  0.0 hi,  1.9 si,  0.0 st
%Cpu(s): 18.0 us, 12.3 sy,  0.0 ni, 67.1 id,  0.0 wa,  0.0 hi,  2.6 si,  0.0 st
%Cpu(s): 19.1 us, 12.4 sy,  0.0 ni, 65.7 id,  0.1 wa,  0.0 hi,  2.6 si,  0.0 st
%Cpu(s): 19.7 us, 13.2 sy,  0.0 ni, 64.9 id,  0.0 wa,  0.0 hi,  2.2 si,  0.0 st
%Cpu(s): 20.5 us, 12.3 sy,  0.0 ni, 64.7 id,  0.0 wa,  0.0 hi,  2.5 si,  0.0 st
%Cpu(s): 19.8 us, 12.8 sy,  0.0 ni, 64.6 id,  0.0 wa,  0.0 hi,  2.8 si,  0.0 st
%Cpu(s): 20.2 us, 12.1 sy,  0.0 ni, 66.8 id,  0.0 wa,  0.0 hi,  0.9 si,  0.0 st
%Cpu(s): 20.3 us, 12.6 sy,  0.0 ni, 66.6 id,  0.1 wa,  0.0 hi,  0.4 si,  0.0 st
%Cpu(s): 20.3 us, 13.8 sy,  0.0 ni, 65.2 id,  0.0 wa,  0.0 hi,  0.8 si,  0.0 st
%Cpu(s): 18.8 us, 12.3 sy,  0.0 ni, 68.2 id,  0.0 wa,  0.0 hi,  0.6 si,  0.0 st
%Cpu(s): 18.9 us, 12.6 sy,  0.0 ni, 67.8 id,  0.0 wa,  0.0 hi,  0.8 si,  0.0 st
%Cpu(s): 17.6 us, 14.3 sy,  0.0 ni, 67.3 id,  0.0 wa,  0.0 hi,  0.8 si,  0.0 st
%Cpu(s): 20.2 us, 12.7 sy,  0.0 ni, 66.6 id,  0.0 wa,  0.0 hi,  0.4 si,  0.1 st
%Cpu(s): 19.6 us, 12.3 sy,  0.0 ni, 67.6 id,  0.0 wa,  0.0 hi,  0.5 si,  0.0 st
%Cpu(s): 18.5 us, 12.2 sy,  0.0 ni, 68.5 id,  0.0 wa,  0.0 hi,  0.8 si,  0.0 st
%Cpu(s): 19.9 us, 12.9 sy,  0.0 ni, 66.8 id,  0.0 wa,  0.0 hi,  0.5 si,  0.0 st
%Cpu(s): 18.4 us, 12.0 sy,  0.0 ni, 66.0 id,  2.7 wa,  0.0 hi,  0.9 si,  0.0 st
%Cpu(s): 19.2 us, 12.4 sy,  0.0 ni, 68.1 id,  0.1 wa,  0.0 hi,  0.1 si,  0.0 st
%Cpu(s): 20.3 us, 11.2 sy,  0.0 ni, 68.5 id,  0.0 wa,  0.0 hi,  0.0 si,  0.0 st
%Cpu(s): 24.3 us, 11.3 sy,  0.0 ni, 63.9 id,  0.0 wa,  0.0 hi,  0.5 si,  0.0 st
%Cpu(s): 17.6 us, 13.3 sy,  0.0 ni, 66.9 id,  0.0 wa,  0.0 hi,  2.2 si,  0.0 st
%Cpu(s): 18.6 us, 12.7 sy,  0.0 ni, 66.8 id,  0.0 wa,  0.0 hi,  1.9 si,  0.0 st
%Cpu(s): 25.7 us, 12.0 sy,  0.0 ni, 60.1 id,  0.0 wa,  0.0 hi,  2.2 si,  0.0 st
%Cpu(s): 20.0 us, 12.6 sy,  0.0 ni, 64.9 id,  0.0 wa,  0.0 hi,  2.5 si,  0.0 st
%Cpu(s): 19.6 us, 11.9 sy,  0.0 ni, 66.3 id,  0.0 wa,  0.0 hi,  2.2 si,  0.0 st
%Cpu(s): 19.6 us, 12.9 sy,  0.0 ni, 67.1 id,  0.0 wa,  0.0 hi,  0.5 si,  0.0 st
%Cpu(s): 19.0 us, 13.8 sy,  0.0 ni, 66.7 id,  0.0 wa,  0.0 hi,  0.5 si,  0.0 st
%Cpu(s): 20.5 us, 12.3 sy,  0.0 ni, 66.6 id,  0.1 wa,  0.0 hi,  0.4 si,  0.0 st
%Cpu(s): 20.7 us, 13.0 sy,  0.0 ni, 65.6 id,  0.0 wa,  0.0 hi,  0.6 si,  0.0 st
%Cpu(s): 19.5 us, 12.7 sy,  0.0 ni, 67.2 id,  0.0 wa,  0.0 hi,  0.5 si,  0.0 st
%Cpu(s): 18.9 us, 12.3 sy,  0.0 ni, 68.0 id,  0.0 wa,  0.0 hi,  0.8 si,  0.0 st
%Cpu(s): 20.4 us, 13.0 sy,  0.0 ni, 65.9 id,  0.0 wa,  0.0 hi,  0.7 si,  0.0 st
%Cpu(s): 19.0 us, 14.1 sy,  0.0 ni, 65.8 id,  0.3 wa,  0.0 hi,  0.8 si,  0.0 st
%Cpu(s): 22.0 us, 12.7 sy,  0.0 ni, 64.7 id,  0.0 wa,  0.0 hi,  0.6 si,  0.0 st
%Cpu(s): 21.0 us, 12.6 sy,  0.0 ni, 65.6 id,  0.0 wa,  0.0 hi,  0.8 si,  0.1 st
%Cpu(s): 10.6 us,  8.1 sy,  0.0 ni, 81.0 id,  0.0 wa,  0.0 hi,  0.3 si,  0.0 st
%Cpu(s):  7.3 us,  7.0 sy,  0.0 ni, 85.4 id,  0.0 wa,  0.0 hi,  0.3 si,  0.0 st
%Cpu(s):  7.3 us,  5.8 sy,  0.0 ni, 87.0 id,  0.0 wa,  0.0 hi,  0.0 si,  0.0 st
%Cpu(s):  6.5 us,  6.5 sy,  0.0 ni, 85.6 id,  0.0 wa,  0.0 hi,  1.4 si,  0.0 st
%Cpu(s):  6.9 us,  6.8 sy,  0.0 ni, 84.6 id,  0.0 wa,  0.0 hi,  1.6 si,  0.0 st
%Cpu(s):  6.8 us,  6.0 sy,  0.0 ni, 85.9 id,  0.0 wa,  0.0 hi,  1.3 si,  0.0 st
%Cpu(s):  6.1 us,  6.3 sy,  0.0 ni, 86.1 id,  0.0 wa,  0.0 hi,  1.5 si,  0.0 st
%Cpu(s):  5.7 us,  4.8 sy,  0.0 ni, 88.1 id,  0.0 wa,  0.0 hi,  1.4 si,  0.0 st
%Cpu(s):  4.8 us,  3.8 sy,  0.0 ni, 90.1 id,  0.0 wa,  0.0 hi,  1.3 si,  0.0 st
%Cpu(s):  5.2 us,  5.2 sy,  0.0 ni, 88.3 id,  0.0 wa,  0.0 hi,  1.2 si,  0.0 st
%Cpu(s):  5.2 us,  4.7 sy,  0.0 ni, 89.3 id,  0.0 wa,  0.0 hi,  0.9 si,  0.0 st
%Cpu(s):  5.0 us,  4.9 sy,  0.0 ni, 86.8 id,  1.5 wa,  0.0 hi,  1.8 si,  0.0 st
%Cpu(s):  4.7 us,  3.3 sy,  0.0 ni, 91.6 id,  0.0 wa,  0.0 hi,  0.5 si,  0.0 st
%Cpu(s):  4.0 us,  2.8 sy,  0.0 ni, 92.5 id,  0.0 wa,  0.0 hi,  0.8 si,  0.0 st
%Cpu(s):  2.5 us,  3.1 sy,  0.0 ni, 93.9 id,  0.0 wa,  0.0 hi,  0.3 si,  0.3 st
%Cpu(s):  2.0 us,  0.9 sy,  0.0 ni, 96.8 id,  0.0 wa,  0.0 hi,  0.2 si,  0.1 st
%Cpu(s):  1.7 us,  1.5 sy,  0.0 ni, 96.4 id,  0.0 wa,  0.0 hi,  0.0 si,  0.4 st
%Cpu(s):  2.2 us,  1.5 sy,  0.0 ni, 96.0 id,  0.1 wa,  0.0 hi,  0.1 si,  0.0 st
%Cpu(s):  0.1 us,  0.0 sy,  0.0 ni, 99.9 id,  0.0 wa,  0.0 hi,  0.0 si,  0.0 st
%Cpu(s):  0.1 us,  0.2 sy,  0.0 ni, 99.6 id,  0.0 wa,  0.0 hi,  0.0 si,  0.0 st
%Cpu(s):  0.1 us,  0.2 sy,  0.0 ni, 99.6 id,  0.0 wa,  0.0 hi,  0.0 si,  0.0 st
%Cpu(s):  0.4 us,  0.2 sy,  0.0 ni, 99.3 id,  0.0 wa,  0.0 hi,  0.1 si,  0.0 st
