%Cpu(s):  1.5 us,  0.7 sy,  0.0 ni, 97.6 id,  0.0 wa,  0.0 hi,  0.1 si,  0.1 st
%Cpu(s): 31.6 us,  1.5 sy,  0.0 ni, 66.8 id,  0.0 wa,  0.0 hi,  0.0 si,  0.1 st
%Cpu(s): 12.4 us,  0.7 sy,  0.0 ni, 86.7 id,  0.0 wa,  0.0 hi,  0.1 si,  0.0 st
%Cpu(s):  0.7 us,  0.2 sy,  0.0 ni, 99.0 id,  0.0 wa,  0.0 hi,  0.0 si,  0.0 st
%Cpu(s):  0.1 us,  0.1 sy,  0.0 ni, 99.6 id,  0.0 wa,  0.0 hi,  0.0 si,  0.1 st
%Cpu(s): 38.6 us,  3.4 sy,  0.0 ni, 57.9 id,  0.0 wa,  0.0 hi,  0.0 si,  0.1 st
%Cpu(s): 56.3 us,  1.7 sy,  0.0 ni, 41.7 id,  0.0 wa,  0.0 hi,  0.0 si,  0.2 st
%Cpu(s): 73.0 us,  1.8 sy,  0.0 ni, 25.3 id,  0.0 wa,  0.0 hi,  0.0 si,  0.0 st
%Cpu(s): 37.8 us,  1.4 sy,  0.0 ni, 60.8 id,  0.0 wa,  0.0 hi,  0.0 si,  0.0 st
%Cpu(s):  6.0 us,  1.2 sy,  0.0 ni, 92.3 id,  0.1 wa,  0.0 hi,  0.1 si,  0.2 st
%Cpu(s):  2.1 us,  0.9 sy,  0.0 ni, 96.8 id,  0.0 wa,  0.0 hi,  0.0 si,  0.2 st
%Cpu(s):  2.3 us,  0.6 sy,  0.0 ni, 96.9 id,  0.0 wa,  0.0 hi,  0.0 si,  0.3 st
%Cpu(s):  2.0 us,  1.1 sy,  0.0 ni, 96.7 id,  0.0 wa,  0.0 hi,  0.0 si,  0.1 st
%Cpu(s):  4.5 us,  0.9 sy,  0.0 ni, 94.3 id,  0.0 wa,  0.0 hi,  0.1 si,  0.2 st
%Cpu(s):  2.0 us,  1.2 sy,  0.0 ni, 96.6 id,  0.0 wa,  0.0 hi,  0.0 si,  0.1 st
%Cpu(s):  1.9 us,  1.6 sy,  0.0 ni, 96.4 id,  0.0 wa,  0.0 hi,  0.0 si,  0.1 st
%Cpu(s):  9.1 us,  1.4 sy,  0.0 ni, 89.2 id,  0.0 wa,  0.0 hi,  0.0 si,  0.3 st
%Cpu(s):  8.8 us,  2.3 sy,  0.0 ni, 88.8 id,  0.0 wa,  0.0 hi,  0.0 si,  0.1 st
%Cpu(s):  9.4 us,  2.4 sy,  0.0 ni, 88.1 id,  0.0 wa,  0.0 hi,  0.1 si,  0.0 st
%Cpu(s): 52.0 us,  5.6 sy,  0.0 ni, 40.7 id,  0.0 wa,  0.0 hi,  1.6 si,  0.0 st
%Cpu(s): 47.1 us,  5.1 sy,  0.0 ni, 45.4 id,  0.0 wa,  0.0 hi,  2.4 si,  0.0 st
%Cpu(s): 14.3 us,  4.5 sy,  0.0 ni, 79.5 id,  0.0 wa,  0.0 hi,  1.5 si,  0.1 st
%Cpu(s):  9.7 us,  4.5 sy,  0.0 ni, 84.3 id,  0.0 wa,  0.0 hi,  1.4 si,  0.0 st
%Cpu(s): 12.2 us,  5.3 sy,  0.0 ni, 81.1 id,  0.3 wa,  0.0 hi,  1.0 si,  0.1 st
%Cpu(s): 17.6 us,  4.4 sy,  0.0 ni, 76.0 id,  0.4 wa,  0.0 hi,  1.5 si,  0.0 st
%Cpu(s):  9.4 us,  3.9 sy,  0.0 ni, 85.6 id,  0.0 wa,  0.0 hi,  1.0 si,  0.0 st
%Cpu(s):  8.5 us,  3.3 sy,  0.0 ni, 87.0 id,  0.0 wa,  0.0 hi,  1.1 si,  0.1 st
%Cpu(s):  7.1 us,  4.6 sy,  0.0 ni, 87.0 id,  0.0 wa,  0.0 hi,  1.3 si,  0.0 st
%Cpu(s):  9.6 us,  4.7 sy,  0.0 ni, 84.7 id,  0.0 wa,  0.0 hi,  0.9 si,  0.1 st
%Cpu(s):  7.1 us,  5.5 sy,  0.0 ni, 86.1 id,  0.0 wa,  0.0 hi,  1.3 si,  0.0 st
%Cpu(s):  8.2 us,  4.8 sy,  0.0 ni, 86.1 id,  0.0 wa,  0.0 hi,  1.0 si,  0.0 st
%Cpu(s):  9.4 us,  4.5 sy,  0.0 ni, 84.7 id,  0.0 wa,  0.0 hi,  1.4 si,  0.0 st
%Cpu(s): 16.8 us,  4.9 sy,  0.0 ni, 75.7 id,  0.0 wa,  0.0 hi,  2.6 si,  0.0 st
%Cpu(s):  9.4 us,  4.4 sy,  0.0 ni, 84.3 id,  0.0 wa,  0.0 hi,  1.8 si,  0.1 st
%Cpu(s):  5.7 us,  4.7 sy,  0.0 ni, 88.4 id,  0.0 wa,  0.0 hi,  1.1 si,  0.1 st
%Cpu(s):  8.0 us,  4.6 sy,  0.0 ni, 86.1 id,  0.0 wa,  0.0 hi,  1.3 si,  0.0 st
%Cpu(s):  8.9 us,  4.0 sy,  0.0 ni, 85.4 id,  0.0 wa,  0.0 hi,  1.6 si,  0.0 st
%Cpu(s):  6.2 us,  3.3 sy,  0.0 ni, 89.1 id,  0.0 wa,  0.0 hi,  1.3 si,  0.1 st
%Cpu(s):  6.9 us,  5.6 sy,  0.0 ni, 85.8 id,  0.1 wa,  0.0 hi,  1.4 si,  0.1 st
%Cpu(s):  9.6 us,  4.4 sy,  0.0 ni, 84.6 id,  0.0 wa,  0.0 hi,  1.4 si,  0.0 st
%Cpu(s): 17.3 us,  4.8 sy,  0.0 ni, 76.4 id,  0.0 wa,  0.0 hi,  1.5 si,  0.0 st
%Cpu(s):  6.3 us,  4.6 sy,  0.0 ni, 88.2 id,  0.0 wa,  0.0 hi,  0.9 si,  0.0 st
%Cpu(s):  7.0 us,  4.6 sy,  0.0 ni, 87.7 id,  0.0 wa,  0.0 hi,  0.8 si,  0.0 st
%Cpu(s):  7.2 us,  4.2 sy,  0.0 ni, 87.9 id,  0.0 wa,  0.0 hi,  0.8 si,  0.0 st
%Cpu(s):  6.3 us,  3.9 sy,  0.0 ni, 88.5 id,  0.0 wa,  0.0 hi,  1.4 si,  0.0 st
%Cpu(s):  6.2 us,  3.8 sy,  0.0 ni, 89.0 id,  0.0 wa,  0.0 hi,  0.9 si,  0.1 st
%Cpu(s):  4.6 us,  4.3 sy,  0.0 ni, 90.1 id,  0.0 wa,  0.0 hi,  1.0 si,  0.0 st
%Cpu(s):  6.2 us,  4.2 sy,  0.0 ni, 88.4 id,  0.0 wa,  0.0 hi,  1.1 si,  0.1 st
%Cpu(s): 15.4 us,  5.2 sy,  0.0 ni, 76.1 id,  2.3 wa,  0.0 hi,  1.0 si,  0.0 st
%Cpu(s): 15.0 us,  4.8 sy,  0.0 ni, 79.3 id,  0.1 wa,  0.0 hi,  0.8 si,  0.0 st
%Cpu(s):  7.2 us,  4.9 sy,  0.0 ni, 86.8 id,  0.0 wa,  0.0 hi,  1.1 si,  0.0 st
%Cpu(s):  5.2 us,  4.7 sy,  0.0 ni, 88.5 id,  0.0 wa,  0.0 hi,  1.5 si,  0.1 st
%Cpu(s):  6.5 us,  5.1 sy,  0.0 ni, 87.1 id,  0.0 wa,  0.0 hi,  1.2 si,  0.0 st
%Cpu(s): 11.0 us,  4.4 sy,  0.0 ni, 83.3 id,  0.1 wa,  0.0 hi,  1.1 si,  0.0 st
%Cpu(s):  6.4 us,  4.2 sy,  0.0 ni, 88.4 id,  0.0 wa,  0.0 hi,  1.0 si,  0.0 st
%Cpu(s):  5.1 us,  4.0 sy,  0.0 ni, 89.8 id,  0.0 wa,  0.0 hi,  1.1 si,  0.0 st
%Cpu(s): 10.6 us,  4.0 sy,  0.0 ni, 84.3 id,  0.0 wa,  0.0 hi,  1.0 si,  0.1 st
%Cpu(s): 17.7 us,  4.0 sy,  0.0 ni, 76.9 id,  0.0 wa,  0.0 hi,  1.3 si,  0.1 st
%Cpu(s):  6.7 us,  4.1 sy,  0.0 ni, 88.3 id,  0.0 wa,  0.0 hi,  0.9 si,  0.0 st
%Cpu(s):  6.7 us,  4.3 sy,  0.0 ni, 88.0 id,  0.0 wa,  0.0 hi,  1.0 si,  0.0 st
%Cpu(s):  5.5 us,  3.8 sy,  0.0 ni, 89.9 id,  0.0 wa,  0.0 hi,  0.8 si,  0.0 st
%Cpu(s):  6.2 us,  4.3 sy,  0.0 ni, 88.0 id,  0.0 wa,  0.0 hi,  1.4 si,  0.0 st
%Cpu(s):  9.9 us,  6.7 sy,  0.0 ni, 81.7 id,  0.0 wa,  0.0 hi,  1.6 si,  0.1 st
%Cpu(s): 16.0 us,  4.9 sy,  0.0 ni, 77.1 id,  0.0 wa,  0.0 hi,  2.0 si,  0.0 st
%Cpu(s): 17.9 us,  6.2 sy,  0.0 ni, 74.0 id,  0.0 wa,  0.0 hi,  1.9 si,  0.0 st
%Cpu(s):  8.5 us,  5.7 sy,  0.0 ni, 83.6 id,  0.0 wa,  0.0 hi,  2.2 si,  0.0 st
%Cpu(s):  9.8 us,  6.0 sy,  0.0 ni, 82.4 id,  0.0 wa,  0.0 hi,  1.8 si,  0.0 st
%Cpu(s): 12.8 us,  5.0 sy,  0.0 ni, 80.8 id,  0.0 wa,  0.0 hi,  1.4 si,  0.0 st
%Cpu(s): 32.5 us,  4.8 sy,  0.0 ni, 61.0 id,  0.0 wa,  0.0 hi,  1.6 si,  0.0 st
%Cpu(s): 11.7 us,  5.9 sy,  0.0 ni, 80.8 id,  0.0 wa,  0.0 hi,  1.5 si,  0.1 st
%Cpu(s):  8.1 us,  5.4 sy,  0.0 ni, 85.1 id,  0.0 wa,  0.0 hi,  1.2 si,  0.1 st
%Cpu(s):  7.6 us,  3.8 sy,  0.0 ni, 86.9 id,  0.0 wa,  0.0 hi,  1.6 si,  0.0 st
