%Cpu(s):  1.6 us,  0.7 sy,  0.0 ni, 97.6 id,  0.0 wa,  0.0 hi,  0.1 si,  0.0 st
%Cpu(s): 29.2 us,  0.9 sy,  0.0 ni, 69.6 id,  0.0 wa,  0.0 hi,  0.0 si,  0.2 st
%Cpu(s): 23.1 us,  0.7 sy,  0.0 ni, 76.2 id,  0.0 wa,  0.0 hi,  0.0 si,  0.0 st
%Cpu(s):  0.5 us,  0.1 sy,  0.0 ni, 99.4 id,  0.0 wa,  0.0 hi,  0.0 si,  0.0 st
%Cpu(s):  0.0 us,  0.1 sy,  0.0 ni, 99.9 id,  0.0 wa,  0.0 hi,  0.0 si,  0.0 st
%Cpu(s): 28.6 us,  2.4 sy,  0.0 ni, 69.0 id,  0.0 wa,  0.0 hi,  0.0 si,  0.0 st
%Cpu(s): 48.4 us,  2.4 sy,  0.0 ni, 48.8 id,  0.0 wa,  0.0 hi,  0.1 si,  0.2 st
%Cpu(s): 70.6 us,  1.7 sy,  0.0 ni, 27.7 id,  0.0 wa,  0.0 hi,  0.0 si,  0.0 st
%Cpu(s): 59.5 us,  1.5 sy,  0.0 ni, 39.0 id,  0.0 wa,  0.0 hi,  0.0 si,  0.0 st
%Cpu(s):  6.0 us,  1.0 sy,  0.0 ni, 92.9 id,  0.0 wa,  0.0 hi,  0.0 si,  0.1 st
%Cpu(s):  1.1 us,  1.4 sy,  0.0 ni, 97.5 id,  0.0 wa,  0.0 hi,  0.0 si,  0.0 st
%Cpu(s):  2.0 us,  1.6 sy,  0.0 ni, 96.4 id,  0.0 wa,  0.0 hi,  0.0 si,  0.0 st
%Cpu(s):  1.6 us,  1.4 sy,  0.0 ni, 97.0 id,  0.0 wa,  0.0 hi,  0.0 si,  0.0 st
%Cpu(s):  1.2 us,  1.4 sy,  0.0 ni, 97.4 id,  0.0 wa,  0.0 hi,  0.0 si,  0.0 st
%Cpu(s):  1.6 us,  1.4 sy,  0.0 ni, 96.9 id,  0.1 wa,  0.0 hi,  0.0 si,  0.0 st
%Cpu(s):  1.0 us,  0.5 sy,  0.0 ni, 98.5 id,  0.0 wa,  0.0 hi,  0.0 si,  0.0 st
%Cpu(s):  3.5 us,  1.1 sy,  0.0 ni, 95.3 id,  0.0 wa,  0.0 hi,  0.0 si,  0.1 st
%Cpu(s):  3.4 us,  1.2 sy,  0.0 ni, 95.4 id,  0.0 wa,  0.0 hi,  0.0 si,  0.0 st
%Cpu(s):  2.8 us,  1.4 sy,  0.0 ni, 95.7 id,  0.0 wa,  0.0 hi,  0.0 si,  0.1 st
%Cpu(s): 49.1 us,  2.8 sy,  0.0 ni, 47.1 id,  0.0 wa,  0.0 hi,  1.0 si,  0.0 st
%Cpu(s): 48.6 us,  3.2 sy,  0.0 ni, 47.6 id,  0.0 wa,  0.0 hi,  0.5 si,  0.1 st
%Cpu(s): 16.9 us,  3.0 sy,  0.0 ni, 79.6 id,  0.0 wa,  0.0 hi,  0.5 si,  0.0 st
%Cpu(s):  8.7 us,  3.1 sy,  0.0 ni, 87.7 id,  0.0 wa,  0.0 hi,  0.5 si,  0.0 st
%Cpu(s): 11.2 us,  3.0 sy,  0.0 ni, 85.0 id,  0.0 wa,  0.0 hi,  0.8 si,  0.0 st
%Cpu(s):  5.5 us,  2.5 sy,  0.0 ni, 91.4 id,  0.0 wa,  0.0 hi,  0.5 si,  0.0 st
%Cpu(s):  6.3 us,  4.3 sy,  0.0 ni, 88.6 id,  0.0 wa,  0.0 hi,  0.8 si,  0.0 st
%Cpu(s):  8.4 us,  2.8 sy,  0.0 ni, 88.1 id,  0.0 wa,  0.0 hi,  0.6 si,  0.1 st
%Cpu(s):  5.8 us,  3.8 sy,  0.0 ni, 89.7 id,  0.0 wa,  0.0 hi,  0.8 si,  0.0 st
%Cpu(s):  6.3 us,  3.0 sy,  0.0 ni, 89.6 id,  0.0 wa,  0.0 hi,  0.9 si,  0.1 st
%Cpu(s):  6.5 us,  3.1 sy,  0.0 ni, 89.4 id,  0.0 wa,  0.0 hi,  0.9 si,  0.0 st
%Cpu(s): 16.6 us,  3.7 sy,  0.0 ni, 78.9 id,  0.0 wa,  0.0 hi,  0.7 si,  0.0 st
%Cpu(s): 15.6 us,  2.9 sy,  0.0 ni, 80.4 id,  0.0 wa,  0.0 hi,  0.9 si,  0.1 st
%Cpu(s): 12.0 us,  2.6 sy,  0.0 ni, 84.7 id,  0.0 wa,  0.0 hi,  0.8 si,  0.0 st
%Cpu(s):  6.8 us,  4.0 sy,  0.0 ni, 88.3 id,  0.0 wa,  0.0 hi,  0.9 si,  0.0 st
%Cpu(s):  3.7 us,  3.8 sy,  0.0 ni, 91.7 id,  0.0 wa,  0.0 hi,  0.9 si,  0.0 st
%Cpu(s):  5.7 us,  2.9 sy,  0.0 ni, 90.7 id,  0.0 wa,  0.0 hi,  0.8 si,  0.0 st
%Cpu(s):  5.6 us,  2.9 sy,  0.0 ni, 90.9 id,  0.0 wa,  0.0 hi,  0.6 si,  0.0 st
%Cpu(s):  5.0 us,  3.6 sy,  0.0 ni, 90.8 id,  0.0 wa,  0.0 hi,  0.5 si,  0.0 st
%Cpu(s):  6.9 us,  4.1 sy,  0.0 ni, 87.9 id,  0.0 wa,  0.0 hi,  0.9 si,  0.1 st
%Cpu(s):  5.6 us,  4.0 sy,  0.0 ni, 89.6 id,  0.1 wa,  0.0 hi,  0.6 si,  0.0 st
%Cpu(s):  6.4 us,  3.3 sy,  0.0 ni, 89.7 id,  0.0 wa,  0.0 hi,  0.5 si,  0.1 st
%Cpu(s):  4.6 us,  2.8 sy,  0.0 ni, 92.0 id,  0.0 wa,  0.0 hi,  0.6 si,  0.0 st
%Cpu(s):  5.5 us,  2.4 sy,  0.0 ni, 91.2 id,  0.0 wa,  0.0 hi,  0.9 si,  0.0 st
%Cpu(s):  4.7 us,  3.0 sy,  0.0 ni, 91.8 id,  0.0 wa,  0.0 hi,  0.5 si,  0.0 st
%Cpu(s):  9.8 us,  3.4 sy,  0.0 ni, 86.4 id,  0.0 wa,  0.0 hi,  0.4 si,  0.0 st
%Cpu(s):  4.7 us,  3.4 sy,  0.0 ni, 91.4 id,  0.0 wa,  0.0 hi,  0.5 si,  0.0 st
%Cpu(s):  5.3 us,  3.5 sy,  0.0 ni, 90.7 id,  0.0 wa,  0.0 hi,  0.4 si,  0.1 st
%Cpu(s):  5.4 us,  3.7 sy,  0.0 ni, 90.2 id,  0.0 wa,  0.0 hi,  0.6 si,  0.0 st
%Cpu(s):  5.4 us,  2.7 sy,  0.0 ni, 91.3 id,  0.0 wa,  0.0 hi,  0.6 si,  0.0 st
%Cpu(s):  5.8 us,  2.9 sy,  0.0 ni, 90.3 id,  0.1 wa,  0.0 hi,  0.9 si,  0.0 st
%Cpu(s):  5.3 us,  3.0 sy,  0.0 ni, 91.2 id,  0.0 wa,  0.0 hi,  0.4 si,  0.0 st
%Cpu(s):  4.2 us,  2.8 sy,  0.0 ni, 92.1 id,  0.0 wa,  0.0 hi,  0.9 si,  0.0 st
%Cpu(s):  4.8 us,  3.3 sy,  0.0 ni, 91.2 id,  0.0 wa,  0.0 hi,  0.8 si,  0.0 st
%Cpu(s):  5.1 us,  3.7 sy,  0.0 ni, 90.7 id,  0.0 wa,  0.0 hi,  0.5 si,  0.0 st
%Cpu(s):  4.9 us,  3.4 sy,  0.0 ni, 91.4 id,  0.0 wa,  0.0 hi,  0.3 si,  0.0 st
%Cpu(s): 16.1 us,  4.5 sy,  0.0 ni, 78.8 id,  0.0 wa,  0.0 hi,  0.6 si,  0.0 st
%Cpu(s): 16.7 us,  3.0 sy,  0.0 ni, 79.6 id,  0.0 wa,  0.0 hi,  0.5 si,  0.1 st
%Cpu(s): 18.4 us,  3.6 sy,  0.0 ni, 77.3 id,  0.0 wa,  0.0 hi,  0.6 si,  0.0 st
%Cpu(s):  5.5 us,  3.7 sy,  0.0 ni, 89.3 id,  1.0 wa,  0.0 hi,  0.5 si,  0.0 st
%Cpu(s):  5.0 us,  3.1 sy,  0.0 ni, 91.1 id,  0.0 wa,  0.0 hi,  0.8 si,  0.0 st
%Cpu(s):  5.2 us,  2.6 sy,  0.0 ni, 91.6 id,  0.0 wa,  0.0 hi,  0.5 si,  0.1 st
%Cpu(s):  5.0 us,  3.1 sy,  0.0 ni, 91.6 id,  0.0 wa,  0.0 hi,  0.4 si,  0.0 st
%Cpu(s):  5.6 us,  3.3 sy,  0.0 ni, 90.0 id,  0.0 wa,  0.0 hi,  1.1 si,  0.0 st
%Cpu(s):  6.2 us,  3.7 sy,  0.0 ni, 89.3 id,  0.0 wa,  0.0 hi,  0.9 si,  0.0 st
%Cpu(s):  6.9 us,  4.3 sy,  0.0 ni, 88.2 id,  0.0 wa,  0.0 hi,  0.6 si,  0.0 st
%Cpu(s):  6.7 us,  2.9 sy,  0.0 ni, 89.2 id,  0.0 wa,  0.0 hi,  1.0 si,  0.1 st
%Cpu(s):  5.0 us,  3.5 sy,  0.0 ni, 90.8 id,  0.0 wa,  0.0 hi,  0.6 si,  0.0 st
%Cpu(s):  5.0 us,  2.9 sy,  0.0 ni, 91.5 id,  0.0 wa,  0.0 hi,  0.6 si,  0.0 st
%Cpu(s): 15.9 us,  2.7 sy,  0.0 ni, 81.2 id,  0.0 wa,  0.0 hi,  0.3 si,  0.0 st
%Cpu(s):  7.5 us,  2.9 sy,  0.0 ni, 88.8 id,  0.0 wa,  0.0 hi,  0.8 si,  0.0 st
