%Cpu(s):  2.9 us,  1.9 sy,  0.0 ni, 95.0 id,  0.0 wa,  0.0 hi,  0.2 si,  0.0 st
%Cpu(s):  0.1 us,  0.1 sy,  0.0 ni, 99.8 id,  0.0 wa,  0.0 hi,  0.0 si,  0.0 st
%Cpu(s):  0.1 us,  0.1 sy,  0.0 ni, 99.8 id,  0.0 wa,  0.0 hi,  0.0 si,  0.0 st
%Cpu(s):  0.1 us,  0.0 sy,  0.0 ni, 99.9 id,  0.0 wa,  0.0 hi,  0.0 si,  0.0 st
%Cpu(s): 16.9 us,  1.5 sy,  0.0 ni, 81.1 id,  0.0 wa,  0.0 hi,  0.5 si,  0.0 st
%Cpu(s): 54.2 us,  7.6 sy,  0.0 ni, 37.0 id,  0.0 wa,  0.0 hi,  1.3 si,  0.0 st
%Cpu(s): 50.7 us,  8.9 sy,  0.0 ni, 39.2 id,  0.0 wa,  0.0 hi,  1.2 si,  0.0 st
%Cpu(s): 14.8 us,  7.3 sy,  0.0 ni, 77.1 id,  0.0 wa,  0.0 hi,  0.8 si,  0.0 st
%Cpu(s): 22.4 us,  8.6 sy,  0.0 ni, 67.6 id,  0.0 wa,  0.0 hi,  1.4 si,  0.0 st
%Cpu(s): 34.6 us, 10.9 sy,  0.0 ni, 53.2 id,  0.0 wa,  0.0 hi,  1.3 si,  0.1 st
%Cpu(s): 16.1 us,  9.7 sy,  0.0 ni, 73.8 id,  0.0 wa,  0.0 hi,  0.4 si,  0.0 st
%Cpu(s): 15.5 us, 10.8 sy,  0.0 ni, 73.2 id,  0.0 wa,  0.0 hi,  0.5 si,  0.0 st
%Cpu(s): 16.1 us, 11.5 sy,  0.0 ni, 70.4 id,  0.0 wa,  0.0 hi,  2.0 si,  0.0 st
%Cpu(s): 14.5 us, 11.7 sy,  0.0 ni, 73.7 id,  0.0 wa,  0.0 hi,  0.1 si,  0.0 st
%Cpu(s): 13.5 us, 10.9 sy,  0.0 ni, 74.0 id,  0.0 wa,  0.0 hi,  1.5 si,  0.0 st
%Cpu(s): 14.7 us, 11.3 sy,  0.0 ni, 71.9 id,  0.0 wa,  0.0 hi,  2.1 si,  0.0 st
%Cpu(s): 15.3 us, 10.8 sy,  0.0 ni, 72.5 id,  0.0 wa,  0.0 hi,  1.4 si,  0.0 st
%Cpu(s): 14.2 us, 10.8 sy,  0.0 ni, 72.4 id,  0.0 wa,  0.0 hi,  2.6 si,  0.0 st
%Cpu(s): 13.6 us, 10.4 sy,  0.0 ni, 73.4 id,  0.0 wa,  0.0 hi,  2.5 si,  0.0 st
%Cpu(s): 14.1 us, 10.2 sy,  0.0 ni, 73.3 id,  0.0 wa,  0.0 hi,  2.4 si,  0.0 st
%Cpu(s): 13.9 us, 11.0 sy,  0.0 ni, 74.5 id,  0.0 wa,  0.0 hi,  0.7 si,  0.0 st
%Cpu(s): 14.5 us, 10.6 sy,  0.0 ni, 74.0 id,  0.0 wa,  0.0 hi,  0.9 si,  0.0 st
%Cpu(s): 14.0 us, 10.7 sy,  0.0 ni, 73.1 id,  0.0 wa,  0.0 hi,  2.2 si,  0.0 st
%Cpu(s): 15.3 us, 10.4 sy,  0.0 ni, 72.2 id,  0.0 wa,  0.0 hi,  2.1 si,  0.0 st
%Cpu(s): 13.9 us, 10.7 sy,  0.0 ni, 72.9 id,  0.0 wa,  0.0 hi,  2.4 si,  0.0 st
%Cpu(s): 14.0 us, 10.2 sy,  0.0 ni, 73.3 id,  0.0 wa,  0.0 hi,  2.4 si,  0.0 st
%Cpu(s): 13.5 us, 11.2 sy,  0.0 ni, 72.8 id,  0.0 wa,  0.0 hi,  2.5 si,  0.0 st
%Cpu(s): 13.1 us, 11.3 sy,  0.0 ni, 73.2 id,  0.0 wa,  0.0 hi,  2.4 si,  0.0 st
%Cpu(s): 14.4 us, 10.9 sy,  0.0 ni, 72.7 id,  0.0 wa,  0.0 hi,  2.0 si,  0.0 st
%Cpu(s): 12.6 us, 12.0 sy,  0.0 ni, 73.3 id,  0.0 wa,  0.0 hi,  2.1 si,  0.0 st
%Cpu(s): 14.5 us, 11.4 sy,  0.0 ni, 72.0 id,  0.0 wa,  0.0 hi,  2.1 si,  0.0 st
%Cpu(s): 14.1 us, 11.4 sy,  0.0 ni, 74.0 id,  0.0 wa,  0.0 hi,  0.4 si,  0.0 st
%Cpu(s): 13.3 us, 11.5 sy,  0.0 ni, 73.0 id,  0.0 wa,  0.0 hi,  2.3 si,  0.0 st
%Cpu(s): 14.7 us, 11.0 sy,  0.0 ni, 72.3 id,  0.0 wa,  0.0 hi,  2.0 si,  0.0 st
%Cpu(s): 11.8 us, 10.5 sy,  0.0 ni, 74.7 id,  0.1 wa,  0.0 hi,  2.8 si,  0.0 st
%Cpu(s): 14.5 us, 11.1 sy,  0.0 ni, 72.2 id,  0.0 wa,  0.0 hi,  2.1 si,  0.0 st
%Cpu(s): 13.4 us, 10.6 sy,  0.0 ni, 73.5 id,  0.0 wa,  0.0 hi,  2.5 si,  0.0 st
%Cpu(s): 14.0 us, 11.3 sy,  0.0 ni, 71.5 id,  1.7 wa,  0.0 hi,  1.5 si,  0.0 st
%Cpu(s): 26.9 us, 11.5 sy,  0.0 ni, 60.2 id,  0.0 wa,  0.0 hi,  1.4 si,  0.0 st
%Cpu(s): 20.3 us, 12.2 sy,  0.0 ni, 65.0 id,  0.0 wa,  0.0 hi,  2.4 si,  0.0 st
%Cpu(s): 15.9 us, 11.2 sy,  0.0 ni, 70.5 id,  0.0 wa,  0.0 hi,  2.4 si,  0.0 st
%Cpu(s): 13.6 us, 12.5 sy,  0.0 ni, 71.9 id,  0.0 wa,  0.0 hi,  2.0 si,  0.0 st
%Cpu(s): 15.3 us, 12.8 sy,  0.0 ni, 71.4 id,  0.0 wa,  0.0 hi,  0.5 si,  0.0 st
%Cpu(s): 14.1 us, 12.3 sy,  0.0 ni, 72.8 id,  0.0 wa,  0.0 hi,  0.9 si,  0.0 st
%Cpu(s): 16.8 us, 10.4 sy,  0.0 ni, 72.2 id,  0.0 wa,  0.0 hi,  0.6 si,  0.0 st
%Cpu(s): 14.8 us, 11.0 sy,  0.0 ni, 73.5 id,  0.0 wa,  0.0 hi,  0.8 si,  0.0 st
%Cpu(s): 13.7 us, 10.7 sy,  0.0 ni, 73.4 id,  0.0 wa,  0.0 hi,  2.0 si,  0.1 st
%Cpu(s): 14.9 us, 11.1 sy,  0.0 ni, 71.2 id,  0.0 wa,  0.0 hi,  2.8 si,  0.0 st
%Cpu(s): 12.6 us, 11.8 sy,  0.0 ni, 73.3 id,  0.0 wa,  0.0 hi,  2.3 si,  0.0 st
%Cpu(s): 14.0 us, 11.2 sy,  0.0 ni, 72.3 id,  0.0 wa,  0.0 hi,  2.5 si,  0.0 st
%Cpu(s): 13.6 us, 11.2 sy,  0.0 ni, 72.8 id,  0.0 wa,  0.0 hi,  2.4 si,  0.0 st
%Cpu(s): 14.3 us, 10.9 sy,  0.0 ni, 72.4 id,  0.0 wa,  0.0 hi,  2.4 si,  0.0 st
%Cpu(s): 14.2 us, 10.3 sy,  0.0 ni, 73.3 id,  0.0 wa,  0.0 hi,  2.2 si,  0.0 st
%Cpu(s): 14.3 us,  9.7 sy,  0.0 ni, 72.8 id,  0.0 wa,  0.0 hi,  3.2 si,  0.0 st
%Cpu(s): 12.3 us,  9.9 sy,  0.0 ni, 75.7 id,  0.0 wa,  0.0 hi,  2.1 si,  0.0 st
%Cpu(s): 13.2 us, 10.7 sy,  0.0 ni, 73.6 id,  0.0 wa,  0.0 hi,  2.5 si,  0.0 st
%Cpu(s): 13.1 us, 10.2 sy,  0.0 ni, 74.2 id,  0.0 wa,  0.0 hi,  2.5 si,  0.0 st
%Cpu(s): 13.4 us, 11.1 sy,  0.0 ni, 73.5 id,  0.0 wa,  0.0 hi,  2.0 si,  0.0 st
%Cpu(s): 14.7 us, 11.5 sy,  0.0 ni, 71.9 id,  0.0 wa,  0.0 hi,  2.0 si,  0.0 st
%Cpu(s): 13.3 us, 10.1 sy,  0.0 ni, 74.0 id,  0.1 wa,  0.0 hi,  2.5 si,  0.0 st
%Cpu(s): 14.1 us, 11.2 sy,  0.0 ni, 72.7 id,  0.0 wa,  0.0 hi,  2.0 si,  0.0 st
%Cpu(s):  7.5 us,  6.3 sy,  0.0 ni, 85.7 id,  0.0 wa,  0.0 hi,  0.4 si,  0.1 st
%Cpu(s):  5.8 us,  6.4 sy,  0.0 ni, 87.8 id,  0.0 wa,  0.0 hi,  0.0 si,  0.0 st
%Cpu(s):  5.8 us,  5.0 sy,  0.0 ni, 89.3 id,  0.0 wa,  0.0 hi,  0.0 si,  0.0 st
%Cpu(s):  5.9 us,  6.9 sy,  0.0 ni, 87.2 id,  0.0 wa,  0.0 hi,  0.0 si,  0.0 st
%Cpu(s):  6.9 us,  6.6 sy,  0.0 ni, 86.5 id,  0.0 wa,  0.0 hi,  0.0 si,  0.0 st
%Cpu(s):  6.3 us,  6.5 sy,  0.0 ni, 87.2 id,  0.0 wa,  0.0 hi,  0.0 si,  0.0 st
%Cpu(s):  5.7 us,  5.6 sy,  0.0 ni, 87.6 id,  0.9 wa,  0.0 hi,  0.3 si,  0.0 st
%Cpu(s):  6.3 us,  5.6 sy,  0.0 ni, 87.0 id,  0.0 wa,  0.0 hi,  1.1 si,  0.0 st
%Cpu(s):  4.1 us,  5.3 sy,  0.0 ni, 90.1 id,  0.0 wa,  0.0 hi,  0.5 si,  0.0 st
%Cpu(s):  4.6 us,  5.0 sy,  0.0 ni, 90.4 id,  0.0 wa,  0.0 hi,  0.0 si,  0.0 st
%Cpu(s):  5.4 us,  4.2 sy,  0.0 ni, 90.4 id,  0.0 wa,  0.0 hi,  0.0 si,  0.0 st
%Cpu(s):  5.2 us,  5.7 sy,  0.0 ni, 89.1 id,  0.0 wa,  0.0 hi,  0.0 si,  0.0 st
%Cpu(s):  4.8 us,  3.9 sy,  0.0 ni, 91.1 id,  0.0 wa,  0.0 hi,  0.1 si,  0.0 st
%Cpu(s):  4.2 us,  2.9 sy,  0.0 ni, 92.9 id,  0.0 wa,  0.0 hi,  0.0 si,  0.0 st
%Cpu(s):  3.0 us,  2.9 sy,  0.0 ni, 94.0 id,  0.0 wa,  0.0 hi,  0.0 si,  0.0 st
%Cpu(s):  1.9 us,  1.1 sy,  0.0 ni, 96.8 id,  0.0 wa,  0.0 hi,  0.0 si,  0.1 st
%Cpu(s):  2.0 us,  0.8 sy,  0.0 ni, 97.1 id,  0.0 wa,  0.0 hi,  0.0 si,  0.1 st
%Cpu(s):  2.1 us,  1.4 sy,  0.0 ni, 96.4 id,  0.0 wa,  0.0 hi,  0.0 si,  0.1 st
%Cpu(s):  0.4 us,  0.2 sy,  0.0 ni, 99.3 id,  0.0 wa,  0.0 hi,  0.0 si,  0.1 st
%Cpu(s):  0.1 us,  0.1 sy,  0.0 ni, 99.8 id,  0.0 wa,  0.0 hi,  0.0 si,  0.0 st
%Cpu(s):  0.1 us,  0.2 sy,  0.0 ni, 99.6 id,  0.0 wa,  0.0 hi,  0.0 si,  0.0 st
%Cpu(s):  0.4 us,  0.0 sy,  0.0 ni, 99.6 id,  0.0 wa,  0.0 hi,  0.0 si,  0.0 st
