%Cpu(s):  1.8 us,  1.1 sy,  0.0 ni, 97.0 id,  0.0 wa,  0.0 hi,  0.1 si,  0.0 st
%Cpu(s):  0.1 us,  0.1 sy,  0.0 ni, 99.8 id,  0.0 wa,  0.0 hi,  0.0 si,  0.0 st
%Cpu(s):  0.2 us,  0.1 sy,  0.0 ni, 99.6 id,  0.0 wa,  0.0 hi,  0.0 si,  0.0 st
%Cpu(s):  0.1 us,  0.0 sy,  0.0 ni, 99.9 id,  0.0 wa,  0.0 hi,  0.0 si,  0.0 st
%Cpu(s): 15.6 us,  0.8 sy,  0.0 ni, 83.5 id,  0.1 wa,  0.0 hi,  0.0 si,  0.0 st
%Cpu(s): 51.4 us,  6.4 sy,  0.0 ni, 41.6 id,  0.0 wa,  0.0 hi,  0.5 si,  0.1 st
%Cpu(s): 49.5 us,  7.8 sy,  0.0 ni, 41.8 id,  0.0 wa,  0.0 hi,  0.8 si,  0.1 st
%Cpu(s): 26.9 us,  8.3 sy,  0.0 ni, 64.8 id,  0.0 wa,  0.0 hi,  0.0 si,  0.0 st
%Cpu(s): 13.1 us,  7.1 sy,  0.0 ni, 78.8 id,  0.0 wa,  0.0 hi,  1.0 si,  0.0 st
%Cpu(s): 12.4 us,  8.0 sy,  0.0 ni, 78.4 id,  0.0 wa,  0.0 hi,  1.1 si,  0.0 st
%Cpu(s): 10.1 us,  6.4 sy,  0.0 ni, 82.8 id,  0.0 wa,  0.0 hi,  0.8 si,  0.0 st
%Cpu(s): 11.5 us,  6.2 sy,  0.0 ni, 81.0 id,  0.1 wa,  0.0 hi,  1.0 si,  0.1 st
%Cpu(s): 10.6 us,  7.3 sy,  0.0 ni, 81.1 id,  0.0 wa,  0.0 hi,  1.0 si,  0.0 st
%Cpu(s): 11.6 us,  7.8 sy,  0.0 ni, 79.2 id,  0.0 wa,  0.0 hi,  1.4 si,  0.0 st
%Cpu(s): 10.5 us,  8.6 sy,  0.0 ni, 79.4 id,  0.0 wa,  0.0 hi,  1.5 si,  0.0 st
%Cpu(s): 12.7 us,  8.3 sy,  0.0 ni, 78.9 id,  0.0 wa,  0.0 hi,  0.1 si,  0.0 st
%Cpu(s): 11.8 us,  7.6 sy,  0.0 ni, 80.5 id,  0.0 wa,  0.0 hi,  0.0 si,  0.1 st
%Cpu(s): 10.9 us,  9.0 sy,  0.0 ni, 80.1 id,  0.0 wa,  0.0 hi,  0.0 si,  0.0 st
%Cpu(s): 14.8 us,  8.2 sy,  0.0 ni, 76.7 id,  0.0 wa,  0.0 hi,  0.1 si,  0.1 st
%Cpu(s): 14.2 us,  9.6 sy,  0.0 ni, 76.2 id,  0.0 wa,  0.0 hi,  0.0 si,  0.0 st
%Cpu(s): 12.9 us,  8.9 sy,  0.0 ni, 78.2 id,  0.0 wa,  0.0 hi,  0.0 si,  0.0 st
%Cpu(s): 10.5 us,  9.1 sy,  0.0 ni, 80.3 id,  0.0 wa,  0.0 hi,  0.1 si,  0.0 st
%Cpu(s): 13.8 us,  8.7 sy,  0.0 ni, 76.7 id,  0.0 wa,  0.0 hi,  0.6 si,  0.1 st
%Cpu(s): 11.0 us,  9.2 sy,  0.0 ni, 79.7 id,  0.0 wa,  0.0 hi,  0.0 si,  0.1 st
%Cpu(s): 12.6 us,  7.5 sy,  0.0 ni, 79.6 id,  0.0 wa,  0.0 hi,  0.1 si,  0.1 st
%Cpu(s): 11.6 us,  9.0 sy,  0.0 ni, 79.1 id,  0.0 wa,  0.0 hi,  0.2 si,  0.0 st
%Cpu(s): 10.4 us,  7.5 sy,  0.0 ni, 82.0 id,  0.0 wa,  0.0 hi,  0.0 si,  0.1 st
%Cpu(s): 12.4 us,  8.4 sy,  0.0 ni, 78.1 id,  0.0 wa,  0.0 hi,  1.0 si,  0.1 st
%Cpu(s): 11.0 us,  7.1 sy,  0.0 ni, 81.6 id,  0.0 wa,  0.0 hi,  0.1 si,  0.1 st
%Cpu(s): 10.1 us,  7.6 sy,  0.0 ni, 82.0 id,  0.0 wa,  0.0 hi,  0.1 si,  0.1 st
%Cpu(s): 10.8 us,  7.8 sy,  0.0 ni, 81.1 id,  0.0 wa,  0.0 hi,  0.1 si,  0.1 st
%Cpu(s): 11.6 us,  8.4 sy,  0.0 ni, 79.7 id,  0.0 wa,  0.0 hi,  0.3 si,  0.1 st
%Cpu(s): 10.6 us,  7.9 sy,  0.0 ni, 81.5 id,  0.0 wa,  0.0 hi,  0.0 si,  0.0 st
%Cpu(s): 11.1 us,  8.4 sy,  0.0 ni, 78.8 id,  0.0 wa,  0.0 hi,  1.5 si,  0.1 st
%Cpu(s): 14.6 us,  8.4 sy,  0.0 ni, 75.9 id,  0.0 wa,  0.0 hi,  1.2 si,  0.0 st
%Cpu(s): 32.9 us,  7.8 sy,  0.0 ni, 58.0 id,  0.0 wa,  0.0 hi,  1.2 si,  0.1 st
%Cpu(s): 11.9 us,  8.0 sy,  0.0 ni, 78.3 id,  0.1 wa,  0.0 hi,  1.6 si,  0.0 st
%Cpu(s): 11.4 us,  7.8 sy,  0.0 ni, 78.1 id,  1.4 wa,  0.0 hi,  1.3 si,  0.1 st
%Cpu(s): 10.7 us,  8.9 sy,  0.0 ni, 79.1 id,  0.0 wa,  0.0 hi,  1.1 si,  0.1 st
%Cpu(s): 12.0 us,  8.2 sy,  0.0 ni, 78.7 id,  0.0 wa,  0.0 hi,  1.0 si,  0.0 st
%Cpu(s): 11.1 us,  8.2 sy,  0.0 ni, 79.7 id,  0.0 wa,  0.0 hi,  1.0 si,  0.0 st
%Cpu(s): 12.1 us,  9.6 sy,  0.0 ni, 77.0 id,  0.1 wa,  0.0 hi,  1.0 si,  0.1 st
%Cpu(s): 12.8 us,  7.8 sy,  0.0 ni, 78.0 id,  0.0 wa,  0.0 hi,  1.3 si,  0.1 st
%Cpu(s): 12.0 us,  7.2 sy,  0.0 ni, 80.0 id,  0.0 wa,  0.0 hi,  0.8 si,  0.0 st
%Cpu(s): 12.0 us,  8.5 sy,  0.0 ni, 78.3 id,  0.0 wa,  0.0 hi,  1.1 si,  0.0 st
%Cpu(s): 10.1 us,  7.2 sy,  0.0 ni, 81.5 id,  0.0 wa,  0.0 hi,  1.0 si,  0.1 st
%Cpu(s): 11.7 us,  9.3 sy,  0.0 ni, 78.1 id,  0.0 wa,  0.0 hi,  0.7 si,  0.1 st
%Cpu(s): 13.0 us,  8.8 sy,  0.0 ni, 77.1 id,  0.0 wa,  0.0 hi,  1.0 si,  0.1 st
%Cpu(s): 11.9 us,  7.0 sy,  0.0 ni, 79.8 id,  0.0 wa,  0.0 hi,  1.1 si,  0.1 st
%Cpu(s): 11.6 us,  8.2 sy,  0.0 ni, 79.0 id,  0.0 wa,  0.0 hi,  1.3 si,  0.0 st
%Cpu(s): 12.3 us,  8.8 sy,  0.0 ni, 78.1 id,  0.0 wa,  0.0 hi,  0.6 si,  0.2 st
%Cpu(s): 11.4 us,  7.7 sy,  0.0 ni, 79.9 id,  0.1 wa,  0.0 hi,  0.8 si,  0.1 st
%Cpu(s): 12.1 us,  8.6 sy,  0.0 ni, 78.5 id,  0.0 wa,  0.0 hi,  0.6 si,  0.1 st
%Cpu(s): 12.1 us,  9.1 sy,  0.0 ni, 77.9 id,  0.0 wa,  0.0 hi,  0.9 si,  0.0 st
%Cpu(s): 12.1 us,  7.9 sy,  0.0 ni, 78.8 id,  0.0 wa,  0.0 hi,  1.3 si,  0.0 st
%Cpu(s): 11.3 us,  7.7 sy,  0.0 ni, 79.4 id,  0.0 wa,  0.0 hi,  1.4 si,  0.1 st
%Cpu(s): 12.6 us,  7.5 sy,  0.0 ni, 78.8 id,  0.0 wa,  0.0 hi,  1.0 si,  0.0 st
%Cpu(s): 12.6 us, 10.1 sy,  0.0 ni, 76.0 id,  0.0 wa,  0.0 hi,  1.2 si,  0.0 st
%Cpu(s): 12.6 us,  8.3 sy,  0.0 ni, 78.1 id,  0.0 wa,  0.0 hi,  0.9 si,  0.1 st
%Cpu(s): 14.3 us,  8.9 sy,  0.0 ni, 75.6 id,  0.0 wa,  0.0 hi,  1.1 si,  0.1 st
%Cpu(s): 15.3 us,  7.6 sy,  0.0 ni, 75.6 id,  0.0 wa,  0.0 hi,  1.5 si,  0.0 st
%Cpu(s):  8.0 us,  6.9 sy,  0.0 ni, 84.5 id,  0.0 wa,  0.0 hi,  0.5 si,  0.1 st
%Cpu(s):  5.4 us,  5.9 sy,  0.0 ni, 88.6 id,  0.0 wa,  0.0 hi,  0.0 si,  0.1 st
%Cpu(s):  5.5 us,  6.2 sy,  0.0 ni, 88.2 id,  0.0 wa,  0.0 hi,  0.1 si,  0.0 st
%Cpu(s):  5.7 us,  5.4 sy,  0.0 ni, 88.9 id,  0.0 wa,  0.0 hi,  0.0 si,  0.0 st
%Cpu(s):  6.4 us,  5.7 sy,  0.0 ni, 87.1 id,  0.0 wa,  0.0 hi,  0.7 si,  0.0 st
%Cpu(s):  6.7 us,  4.3 sy,  0.0 ni, 88.1 id,  0.1 wa,  0.0 hi,  0.9 si,  0.0 st
%Cpu(s):  4.8 us,  5.4 sy,  0.0 ni, 88.6 id,  1.0 wa,  0.0 hi,  0.0 si,  0.1 st
%Cpu(s):  5.3 us,  4.6 sy,  0.0 ni, 90.1 id,  0.0 wa,  0.0 hi,  0.0 si,  0.0 st
%Cpu(s):  5.0 us,  4.1 sy,  0.0 ni, 90.9 id,  0.0 wa,  0.0 hi,  0.0 si,  0.0 st
%Cpu(s):  5.5 us,  4.7 sy,  0.0 ni, 89.8 id,  0.0 wa,  0.0 hi,  0.0 si,  0.0 st
%Cpu(s):  4.4 us,  5.0 sy,  0.0 ni, 90.2 id,  0.1 wa,  0.0 hi,  0.3 si,  0.0 st
%Cpu(s):  6.0 us,  5.7 sy,  0.0 ni, 88.0 id,  0.0 wa,  0.0 hi,  0.2 si,  0.0 st
%Cpu(s):  3.8 us,  4.1 sy,  0.0 ni, 92.0 id,  0.0 wa,  0.0 hi,  0.1 si,  0.0 st
%Cpu(s):  4.4 us,  4.7 sy,  0.0 ni, 90.8 id,  0.0 wa,  0.0 hi,  0.1 si,  0.0 st
%Cpu(s):  3.7 us,  3.7 sy,  0.0 ni, 92.5 id,  0.0 wa,  0.0 hi,  0.0 si,  0.1 st
%Cpu(s):  4.4 us,  4.3 sy,  0.0 ni, 91.3 id,  0.0 wa,  0.0 hi,  0.0 si,  0.0 st
%Cpu(s):  4.5 us,  4.1 sy,  0.0 ni, 91.5 id,  0.0 wa,  0.0 hi,  0.0 si,  0.0 st
%Cpu(s):  4.2 us,  3.9 sy,  0.0 ni, 91.8 id,  0.0 wa,  0.0 hi,  0.1 si,  0.0 st
%Cpu(s):  3.0 us,  2.8 sy,  0.0 ni, 94.2 id,  0.0 wa,  0.0 hi,  0.0 si,  0.0 st
%Cpu(s):  2.9 us,  2.6 sy,  0.0 ni, 94.4 id,  0.0 wa,  0.0 hi,  0.0 si,  0.1 st
%Cpu(s):  2.9 us,  1.0 sy,  0.0 ni, 96.0 id,  0.0 wa,  0.0 hi,  0.1 si,  0.0 st
%Cpu(s):  1.8 us,  1.2 sy,  0.0 ni, 97.0 id,  0.0 wa,  0.0 hi,  0.0 si,  0.0 st
%Cpu(s):  3.8 us,  0.9 sy,  0.0 ni, 95.2 id,  0.0 wa,  0.0 hi,  0.0 si,  0.1 st
%Cpu(s):  0.1 us,  0.1 sy,  0.0 ni, 99.6 id,  0.0 wa,  0.0 hi,  0.0 si,  0.1 st
%Cpu(s):  0.1 us,  0.1 sy,  0.0 ni, 99.8 id,  0.0 wa,  0.0 hi,  0.0 si,  0.0 st
%Cpu(s):  0.2 us,  0.0 sy,  0.0 ni, 99.6 id,  0.1 wa,  0.0 hi,  0.0 si,  0.0 st
%Cpu(s):  0.4 us,  0.1 sy,  0.0 ni, 99.5 id,  0.0 wa,  0.0 hi,  0.0 si,  0.0 st
