%Cpu(s):  2.9 us,  1.4 sy,  0.0 ni, 95.4 id,  0.0 wa,  0.0 hi,  0.2 si,  0.0 st
%Cpu(s):  0.6 us,  0.2 sy,  0.0 ni, 99.1 id,  0.0 wa,  0.0 hi,  0.0 si,  0.0 st
%Cpu(s):  0.5 us,  0.2 sy,  0.0 ni, 99.3 id,  0.0 wa,  0.0 hi,  0.0 si,  0.0 st
%Cpu(s):  0.5 us,  0.2 sy,  0.0 ni, 99.3 id,  0.0 wa,  0.0 hi,  0.0 si,  0.0 st
%Cpu(s): 14.0 us,  0.4 sy,  0.0 ni, 85.0 id,  0.2 wa,  0.0 hi,  0.4 si,  0.0 st
%Cpu(s): 49.8 us,  6.3 sy,  0.0 ni, 42.4 id,  0.0 wa,  0.0 hi,  1.5 si,  0.0 st
%Cpu(s): 50.4 us,  8.6 sy,  0.0 ni, 39.5 id,  0.0 wa,  0.0 hi,  1.4 si,  0.1 st
%Cpu(s): 47.9 us, 10.5 sy,  0.0 ni, 39.6 id,  0.0 wa,  0.0 hi,  2.0 si,  0.0 st
%Cpu(s): 22.6 us, 11.4 sy,  0.0 ni, 64.5 id,  0.0 wa,  0.0 hi,  1.5 si,  0.0 st
%Cpu(s): 22.3 us, 12.0 sy,  0.0 ni, 64.0 id,  0.0 wa,  0.0 hi,  1.6 si,  0.0 st
%Cpu(s): 22.7 us, 11.4 sy,  0.0 ni, 63.9 id,  0.0 wa,  0.0 hi,  1.9 si,  0.0 st
%Cpu(s): 23.8 us, 11.0 sy,  0.0 ni, 64.6 id,  0.0 wa,  0.0 hi,  0.6 si,  0.0 st
%Cpu(s): 21.2 us, 11.8 sy,  0.0 ni, 64.8 id,  0.1 wa,  0.0 hi,  1.9 si,  0.1 st
%Cpu(s): 20.9 us, 12.1 sy,  0.0 ni, 65.5 id,  0.0 wa,  0.0 hi,  1.5 si,  0.0 st
%Cpu(s): 21.4 us, 12.1 sy,  0.0 ni, 65.0 id,  0.0 wa,  0.0 hi,  1.6 si,  0.0 st
%Cpu(s): 24.7 us, 15.2 sy,  0.0 ni, 57.5 id,  0.0 wa,  0.0 hi,  2.7 si,  0.0 st
%Cpu(s): 22.4 us, 17.1 sy,  0.0 ni, 58.5 id,  0.1 wa,  0.0 hi,  1.7 si,  0.1 st
%Cpu(s): 21.7 us, 13.6 sy,  0.0 ni, 62.0 id,  1.8 wa,  0.0 hi,  0.9 si,  0.0 st
%Cpu(s): 21.6 us, 13.0 sy,  0.0 ni, 64.9 id,  0.0 wa,  0.0 hi,  0.5 si,  0.0 st
%Cpu(s): 21.9 us, 11.6 sy,  0.0 ni, 65.5 id,  0.0 wa,  0.0 hi,  0.9 si,  0.0 st
%Cpu(s): 24.2 us, 14.2 sy,  0.0 ni, 59.8 id,  0.0 wa,  0.0 hi,  1.8 si,  0.0 st
%Cpu(s): 25.6 us, 14.5 sy,  0.0 ni, 59.4 id,  0.1 wa,  0.0 hi,  0.3 si,  0.0 st
%Cpu(s): 21.4 us, 12.1 sy,  0.0 ni, 65.9 id,  0.0 wa,  0.0 hi,  0.6 si,  0.0 st
%Cpu(s): 22.0 us, 12.3 sy,  0.0 ni, 65.4 id,  0.0 wa,  0.0 hi,  0.4 si,  0.0 st
%Cpu(s): 20.0 us, 11.7 sy,  0.0 ni, 67.4 id,  0.0 wa,  0.0 hi,  0.8 si,  0.1 st
%Cpu(s): 19.9 us, 11.9 sy,  0.0 ni, 65.9 id,  0.0 wa,  0.0 hi,  2.3 si,  0.0 st
%Cpu(s): 21.8 us, 13.3 sy,  0.0 ni, 63.1 id,  0.3 wa,  0.0 hi,  1.5 si,  0.0 st
%Cpu(s): 23.2 us, 17.7 sy,  0.0 ni, 58.8 id,  0.0 wa,  0.0 hi,  0.4 si,  0.0 st
%Cpu(s): 23.3 us, 16.0 sy,  0.0 ni, 59.6 id,  0.0 wa,  0.0 hi,  1.1 si,  0.0 st
%Cpu(s): 26.0 us, 11.4 sy,  0.0 ni, 60.1 id,  0.0 wa,  0.0 hi,  2.5 si,  0.0 st
%Cpu(s): 29.4 us, 12.8 sy,  0.0 ni, 55.4 id,  0.0 wa,  0.0 hi,  2.4 si,  0.0 st
%Cpu(s): 22.0 us, 12.0 sy,  0.0 ni, 63.7 id,  0.1 wa,  0.0 hi,  2.1 si,  0.0 st
%Cpu(s): 22.4 us, 12.2 sy,  0.0 ni, 63.2 id,  0.0 wa,  0.0 hi,  2.1 si,  0.0 st
%Cpu(s): 20.4 us, 12.6 sy,  0.0 ni, 65.0 id,  0.0 wa,  0.0 hi,  2.0 si,  0.0 st
%Cpu(s): 21.0 us, 14.0 sy,  0.0 ni, 62.4 id,  0.0 wa,  0.0 hi,  2.4 si,  0.1 st
%Cpu(s): 21.0 us, 12.9 sy,  0.0 ni, 63.8 id,  0.0 wa,  0.0 hi,  2.3 si,  0.0 st
%Cpu(s): 24.3 us, 12.6 sy,  0.0 ni, 60.8 id,  0.0 wa,  0.0 hi,  2.2 si,  0.1 st
%Cpu(s): 21.5 us, 10.3 sy,  0.0 ni, 66.5 id,  0.0 wa,  0.0 hi,  1.7 si,  0.0 st
%Cpu(s): 21.7 us, 12.8 sy,  0.0 ni, 63.6 id,  0.0 wa,  0.0 hi,  1.9 si,  0.0 st
%Cpu(s): 23.4 us, 12.0 sy,  0.0 ni, 62.7 id,  0.0 wa,  0.0 hi,  1.9 si,  0.0 st
%Cpu(s): 21.3 us, 12.9 sy,  0.0 ni, 63.3 id,  0.0 wa,  0.0 hi,  2.3 si,  0.1 st
%Cpu(s): 21.5 us, 13.0 sy,  0.0 ni, 63.7 id,  0.0 wa,  0.0 hi,  1.8 si,  0.0 st
%Cpu(s): 21.4 us, 12.6 sy,  0.0 ni, 63.9 id,  0.0 wa,  0.0 hi,  2.0 si,  0.0 st
%Cpu(s): 22.0 us, 13.0 sy,  0.0 ni, 62.6 id,  0.0 wa,  0.0 hi,  2.4 si,  0.0 st
%Cpu(s): 22.0 us, 12.2 sy,  0.0 ni, 63.8 id,  0.0 wa,  0.0 hi,  2.0 si,  0.0 st
%Cpu(s): 21.1 us, 11.0 sy,  0.0 ni, 66.3 id,  0.0 wa,  0.0 hi,  1.6 si,  0.0 st
%Cpu(s): 23.4 us, 12.3 sy,  0.0 ni, 62.2 id,  0.2 wa,  0.0 hi,  1.9 si,  0.0 st
%Cpu(s): 21.1 us, 12.7 sy,  0.0 ni, 61.5 id,  2.7 wa,  0.0 hi,  2.0 si,  0.0 st
%Cpu(s): 23.4 us, 13.4 sy,  0.0 ni, 60.7 id,  0.0 wa,  0.0 hi,  2.5 si,  0.0 st
%Cpu(s): 22.1 us, 13.1 sy,  0.0 ni, 62.7 id,  0.0 wa,  0.0 hi,  2.1 si,  0.0 st
%Cpu(s): 22.0 us, 14.0 sy,  0.0 ni, 61.9 id,  0.0 wa,  0.0 hi,  2.0 si,  0.0 st
%Cpu(s): 23.1 us, 13.1 sy,  0.0 ni, 61.4 id,  0.0 wa,  0.0 hi,  2.4 si,  0.0 st
%Cpu(s): 23.0 us, 13.0 sy,  0.0 ni, 61.7 id,  0.0 wa,  0.0 hi,  2.3 si,  0.0 st
%Cpu(s): 23.9 us, 13.6 sy,  0.0 ni, 60.4 id,  0.0 wa,  0.0 hi,  2.1 si,  0.0 st
%Cpu(s): 23.5 us, 15.0 sy,  0.0 ni, 59.1 id,  0.0 wa,  0.0 hi,  2.4 si,  0.0 st
%Cpu(s): 24.3 us, 13.9 sy,  0.0 ni, 59.4 id,  0.0 wa,  0.0 hi,  2.3 si,  0.1 st
%Cpu(s): 24.4 us, 11.9 sy,  0.0 ni, 61.7 id,  0.1 wa,  0.0 hi,  1.8 si,  0.0 st
%Cpu(s): 25.1 us, 13.2 sy,  0.0 ni, 59.3 id,  0.0 wa,  0.0 hi,  2.4 si,  0.1 st
%Cpu(s): 22.0 us, 13.0 sy,  0.0 ni, 64.0 id,  0.0 wa,  0.0 hi,  1.0 si,  0.0 st
%Cpu(s): 22.5 us, 13.9 sy,  0.0 ni, 62.0 id,  0.0 wa,  0.0 hi,  1.5 si,  0.0 st
%Cpu(s): 22.8 us, 12.7 sy,  0.0 ni, 63.1 id,  0.0 wa,  0.0 hi,  1.4 si,  0.0 st
%Cpu(s): 20.7 us, 12.4 sy,  0.0 ni, 66.2 id,  0.0 wa,  0.0 hi,  0.6 si,  0.0 st
%Cpu(s): 17.9 us, 11.3 sy,  0.0 ni, 68.2 id,  0.0 wa,  0.0 hi,  2.6 si,  0.0 st
%Cpu(s): 18.9 us, 14.0 sy,  0.0 ni, 64.9 id,  0.0 wa,  0.0 hi,  2.3 si,  0.0 st
%Cpu(s): 16.2 us, 13.7 sy,  0.0 ni, 67.7 id,  0.0 wa,  0.0 hi,  2.4 si,  0.0 st
%Cpu(s): 13.0 us, 11.6 sy,  0.0 ni, 72.8 id,  0.0 wa,  0.0 hi,  2.6 si,  0.0 st
%Cpu(s): 10.6 us,  8.6 sy,  0.0 ni, 78.9 id,  0.0 wa,  0.0 hi,  1.9 si,  0.0 st
%Cpu(s):  7.8 us,  7.0 sy,  0.0 ni, 83.7 id,  0.0 wa,  0.0 hi,  1.4 si,  0.1 st
%Cpu(s):  4.0 us,  5.4 sy,  0.0 ni, 89.8 id,  0.0 wa,  0.0 hi,  0.8 si,  0.0 st
%Cpu(s):  4.8 us,  4.2 sy,  0.0 ni, 90.4 id,  0.0 wa,  0.0 hi,  0.6 si,  0.0 st
%Cpu(s):  5.5 us,  3.9 sy,  0.0 ni, 90.2 id,  0.0 wa,  0.0 hi,  0.4 si,  0.1 st
%Cpu(s):  5.9 us,  3.6 sy,  0.0 ni, 89.7 id,  0.1 wa,  0.0 hi,  0.6 si,  0.0 st
%Cpu(s):  5.8 us,  4.9 sy,  0.0 ni, 88.9 id,  0.0 wa,  0.0 hi,  0.5 si,  0.0 st
%Cpu(s): 13.9 us,  3.7 sy,  0.0 ni, 82.3 id,  0.0 wa,  0.0 hi,  0.0 si,  0.0 st
%Cpu(s):  4.2 us,  4.2 sy,  0.0 ni, 91.5 id,  0.0 wa,  0.0 hi,  0.1 si,  0.0 st
%Cpu(s):  4.8 us,  3.4 sy,  0.0 ni, 91.5 id,  0.0 wa,  0.0 hi,  0.3 si,  0.0 st
%Cpu(s):  1.0 us,  0.8 sy,  0.0 ni, 98.2 id,  0.0 wa,  0.0 hi,  0.0 si,  0.0 st
%Cpu(s):  0.7 us,  0.4 sy,  0.0 ni, 98.4 id,  0.5 wa,  0.0 hi,  0.0 si,  0.0 st
%Cpu(s):  0.6 us,  0.0 sy,  0.0 ni, 99.3 id,  0.0 wa,  0.0 hi,  0.1 si,  0.0 st
%Cpu(s):  0.2 us,  0.1 sy,  0.0 ni, 99.6 id,  0.0 wa,  0.0 hi,  0.0 si,  0.0 st
%Cpu(s):  0.2 us,  0.2 sy,  0.0 ni, 99.5 id,  0.0 wa,  0.0 hi,  0.0 si,  0.0 st
%Cpu(s):  0.5 us,  0.2 sy,  0.0 ni, 99.1 id,  0.1 wa,  0.0 hi,  0.0 si,  0.0 st
%Cpu(s):  0.2 us,  0.1 sy,  0.0 ni, 99.6 id,  0.0 wa,  0.0 hi,  0.0 si,  0.0 st
%Cpu(s):  0.1 us,  0.1 sy,  0.0 ni, 99.8 id,  0.0 wa,  0.0 hi,  0.0 si,  0.0 st
%Cpu(s):  0.4 us,  0.1 sy,  0.0 ni, 99.5 id,  0.0 wa,  0.0 hi,  0.0 si,  0.0 st
%Cpu(s):  0.2 us,  0.1 sy,  0.0 ni, 99.6 id,  0.0 wa,  0.0 hi,  0.0 si,  0.0 st
%Cpu(s):  1.2 us,  0.1 sy,  0.0 ni, 98.6 id,  0.0 wa,  0.0 hi,  0.0 si,  0.0 st
%Cpu(s):  0.2 us,  0.1 sy,  0.0 ni, 99.6 id,  0.0 wa,  0.0 hi,  0.0 si,  0.0 st
