%Cpu(s):  7.0 us,  1.3 sy,  0.0 ni, 91.4 id,  0.0 wa,  0.0 hi,  0.1 si,  0.0 st
%Cpu(s):  3.2 us,  2.4 sy,  0.0 ni, 94.1 id,  0.0 wa,  0.0 hi,  0.1 si,  0.3 st
%Cpu(s):  3.4 us,  2.5 sy,  0.0 ni, 93.8 id,  0.0 wa,  0.0 hi,  0.0 si,  0.3 st
%Cpu(s):  2.4 us,  2.6 sy,  0.0 ni, 94.7 id,  0.0 wa,  0.0 hi,  0.0 si,  0.3 st
%Cpu(s):  3.7 us,  3.3 sy,  0.0 ni, 92.7 id,  0.0 wa,  0.0 hi,  0.0 si,  0.2 st
%Cpu(s):  6.2 us,  1.8 sy,  0.0 ni, 91.7 id,  0.1 wa,  0.0 hi,  0.0 si,  0.1 st
%Cpu(s): 50.3 us,  4.0 sy,  0.0 ni, 45.2 id,  0.0 wa,  0.0 hi,  0.3 si,  0.3 st
%Cpu(s): 88.5 us,  7.4 sy,  0.0 ni,  2.8 id,  0.0 wa,  0.0 hi,  1.4 si,  0.0 st
%Cpu(s): 89.0 us,  8.6 sy,  0.0 ni,  0.6 id,  0.0 wa,  0.0 hi,  1.7 si,  0.0 st
%Cpu(s): 88.3 us,  8.1 sy,  0.0 ni,  2.0 id,  0.0 wa,  0.0 hi,  1.6 si,  0.0 st
%Cpu(s): 86.0 us,  6.7 sy,  0.0 ni,  6.1 id,  0.0 wa,  0.0 hi,  1.1 si,  0.0 st
%Cpu(s): 87.9 us,  6.4 sy,  0.0 ni,  3.4 id,  0.0 wa,  0.0 hi,  2.3 si,  0.0 st
%Cpu(s): 64.3 us,  7.6 sy,  0.0 ni, 27.0 id,  0.0 wa,  0.0 hi,  1.1 si,  0.0 st
%Cpu(s): 26.6 us,  7.0 sy,  0.0 ni, 65.1 id,  0.0 wa,  0.0 hi,  1.3 si,  0.0 st
%Cpu(s): 27.4 us,  6.7 sy,  0.0 ni, 65.1 id,  0.0 wa,  0.0 hi,  0.8 si,  0.0 st
%Cpu(s): 23.5 us,  7.2 sy,  0.0 ni, 68.1 id,  0.0 wa,  0.0 hi,  1.1 si,  0.1 st
%Cpu(s): 14.8 us,  5.1 sy,  0.0 ni, 79.5 id,  0.0 wa,  0.0 hi,  0.5 si,  0.0 st
%Cpu(s): 12.0 us,  6.5 sy,  0.0 ni, 80.7 id,  0.0 wa,  0.0 hi,  0.8 si,  0.0 st
%Cpu(s): 15.5 us,  8.7 sy,  0.0 ni, 74.8 id,  0.0 wa,  0.0 hi,  1.0 si,  0.0 st
%Cpu(s): 11.9 us,  6.8 sy,  0.0 ni, 80.8 id,  0.0 wa,  0.0 hi,  0.5 si,  0.0 st
%Cpu(s): 13.5 us,  6.2 sy,  0.0 ni, 79.8 id,  0.0 wa,  0.0 hi,  0.5 si,  0.0 st
%Cpu(s): 14.8 us,  7.0 sy,  0.0 ni, 77.7 id,  0.0 wa,  0.0 hi,  0.4 si,  0.1 st
%Cpu(s): 12.8 us,  6.1 sy,  0.0 ni, 81.0 id,  0.0 wa,  0.0 hi,  0.1 si,  0.0 st
%Cpu(s): 15.1 us,  6.3 sy,  0.0 ni, 78.1 id,  0.0 wa,  0.0 hi,  0.5 si,  0.0 st
%Cpu(s): 15.6 us,  6.8 sy,  0.0 ni, 77.0 id,  0.0 wa,  0.0 hi,  0.5 si,  0.1 st
%Cpu(s): 12.5 us,  5.5 sy,  0.0 ni, 81.6 id,  0.0 wa,  0.0 hi,  0.5 si,  0.0 st
%Cpu(s): 14.7 us,  6.8 sy,  0.0 ni, 77.6 id,  0.0 wa,  0.0 hi,  1.0 si,  0.0 st
%Cpu(s): 12.2 us,  6.0 sy,  0.0 ni, 81.6 id,  0.0 wa,  0.0 hi,  0.3 si,  0.0 st
%Cpu(s): 13.0 us,  6.1 sy,  0.0 ni, 80.3 id,  0.0 wa,  0.0 hi,  0.5 si,  0.1 st
%Cpu(s): 14.6 us,  5.3 sy,  0.0 ni, 79.6 id,  0.0 wa,  0.0 hi,  0.5 si,  0.0 st
%Cpu(s): 14.9 us,  6.1 sy,  0.0 ni, 78.1 id,  0.0 wa,  0.0 hi,  0.9 si,  0.0 st
%Cpu(s): 12.8 us,  6.5 sy,  0.0 ni, 80.1 id,  0.0 wa,  0.0 hi,  0.6 si,  0.0 st
%Cpu(s): 13.7 us,  5.8 sy,  0.0 ni, 79.9 id,  0.0 wa,  0.0 hi,  0.5 si,  0.0 st
%Cpu(s): 11.6 us,  5.1 sy,  0.0 ni, 83.0 id,  0.0 wa,  0.0 hi,  0.3 si,  0.0 st
%Cpu(s): 11.6 us,  5.3 sy,  0.0 ni, 82.7 id,  0.0 wa,  0.0 hi,  0.3 si,  0.1 st
%Cpu(s): 14.3 us,  6.5 sy,  0.0 ni, 78.6 id,  0.0 wa,  0.0 hi,  0.5 si,  0.0 st
%Cpu(s): 19.6 us,  6.4 sy,  0.0 ni, 73.1 id,  0.0 wa,  0.0 hi,  0.9 si,  0.0 st
%Cpu(s): 18.8 us,  6.5 sy,  0.0 ni, 74.4 id,  0.0 wa,  0.0 hi,  0.4 si,  0.0 st
%Cpu(s): 19.1 us,  6.6 sy,  0.0 ni, 73.6 id,  0.0 wa,  0.0 hi,  0.8 si,  0.0 st
%Cpu(s): 22.5 us,  7.8 sy,  0.0 ni, 69.2 id,  0.0 wa,  0.0 hi,  0.5 si,  0.0 st
%Cpu(s): 16.7 us,  5.9 sy,  0.0 ni, 76.7 id,  0.0 wa,  0.0 hi,  0.6 si,  0.0 st
%Cpu(s): 12.9 us,  7.0 sy,  0.0 ni, 79.5 id,  0.0 wa,  0.0 hi,  0.5 si,  0.1 st
%Cpu(s): 14.3 us,  6.1 sy,  0.0 ni, 79.4 id,  0.0 wa,  0.0 hi,  0.1 si,  0.0 st
%Cpu(s): 14.5 us,  6.1 sy,  0.0 ni, 79.2 id,  0.0 wa,  0.0 hi,  0.3 si,  0.0 st
%Cpu(s): 12.8 us,  8.2 sy,  0.0 ni, 78.6 id,  0.0 wa,  0.0 hi,  0.3 si,  0.1 st
%Cpu(s): 13.6 us,  7.3 sy,  0.0 ni, 78.4 id,  0.1 wa,  0.0 hi,  0.5 si,  0.0 st
%Cpu(s): 15.6 us,  6.6 sy,  0.0 ni, 77.6 id,  0.0 wa,  0.0 hi,  0.3 si,  0.0 st
%Cpu(s): 12.2 us,  6.0 sy,  0.0 ni, 81.0 id,  0.0 wa,  0.0 hi,  0.8 si,  0.0 st
%Cpu(s): 12.5 us,  6.2 sy,  0.0 ni, 80.7 id,  0.0 wa,  0.0 hi,  0.6 si,  0.0 st
%Cpu(s): 14.5 us,  6.3 sy,  0.0 ni, 78.9 id,  0.0 wa,  0.0 hi,  0.3 si,  0.1 st
%Cpu(s): 14.1 us,  6.6 sy,  0.0 ni, 78.8 id,  0.0 wa,  0.0 hi,  0.5 si,  0.0 st
%Cpu(s): 13.3 us,  6.8 sy,  0.0 ni, 79.0 id,  0.0 wa,  0.0 hi,  0.9 si,  0.0 st
%Cpu(s): 14.7 us,  6.1 sy,  0.0 ni, 78.5 id,  0.0 wa,  0.0 hi,  0.6 si,  0.0 st
%Cpu(s): 14.3 us,  6.7 sy,  0.0 ni, 78.3 id,  0.0 wa,  0.0 hi,  0.5 si,  0.1 st
%Cpu(s): 14.9 us,  6.7 sy,  0.0 ni, 77.8 id,  0.0 wa,  0.0 hi,  0.6 si,  0.0 st
%Cpu(s): 12.3 us,  6.6 sy,  0.0 ni, 80.3 id,  0.0 wa,  0.0 hi,  0.8 si,  0.0 st
%Cpu(s): 14.6 us,  6.4 sy,  0.0 ni, 78.7 id,  0.0 wa,  0.0 hi,  0.3 si,  0.0 st
%Cpu(s): 12.3 us,  6.0 sy,  0.0 ni, 80.8 id,  0.0 wa,  0.0 hi,  0.8 si,  0.0 st
%Cpu(s): 13.0 us,  7.5 sy,  0.0 ni, 78.8 id,  0.0 wa,  0.0 hi,  0.6 si,  0.0 st
%Cpu(s): 13.4 us,  6.7 sy,  0.0 ni, 79.0 id,  0.0 wa,  0.0 hi,  0.9 si,  0.0 st
%Cpu(s): 13.4 us,  6.5 sy,  0.0 ni, 79.5 id,  0.1 wa,  0.0 hi,  0.5 si,  0.0 st
%Cpu(s): 12.5 us,  6.3 sy,  0.0 ni, 80.3 id,  0.0 wa,  0.0 hi,  0.8 si,  0.1 st
%Cpu(s): 13.7 us,  6.1 sy,  0.0 ni, 79.9 id,  0.0 wa,  0.0 hi,  0.4 si,  0.0 st
%Cpu(s): 18.6 us,  4.1 sy,  0.0 ni, 77.0 id,  0.0 wa,  0.0 hi,  0.4 si,  0.0 st
%Cpu(s):  7.9 us,  2.3 sy,  0.0 ni, 89.6 id,  0.0 wa,  0.0 hi,  0.1 si,  0.1 st
%Cpu(s):  7.8 us,  3.0 sy,  0.0 ni, 89.0 id,  0.0 wa,  0.0 hi,  0.1 si,  0.1 st
%Cpu(s): 11.3 us,  2.9 sy,  0.0 ni, 85.7 id,  0.0 wa,  0.0 hi,  0.1 si,  0.0 st
%Cpu(s):  5.7 us,  2.8 sy,  0.0 ni, 91.4 id,  0.0 wa,  0.0 hi,  0.1 si,  0.0 st
%Cpu(s):  5.6 us,  2.5 sy,  0.0 ni, 91.6 id,  0.0 wa,  0.0 hi,  0.1 si,  0.1 st
%Cpu(s):  3.7 us,  3.1 sy,  0.0 ni, 93.2 id,  0.0 wa,  0.0 hi,  0.0 si,  0.0 st
%Cpu(s):  2.8 us,  2.0 sy,  0.0 ni, 95.0 id,  0.0 wa,  0.0 hi,  0.0 si,  0.1 st
%Cpu(s):  4.0 us,  3.8 sy,  0.0 ni, 92.0 id,  0.0 wa,  0.0 hi,  0.1 si,  0.1 st
%Cpu(s):  5.4 us,  4.0 sy,  0.0 ni, 90.5 id,  0.0 wa,  0.0 hi,  0.1 si,  0.0 st
