%Cpu(s):  1.5 us,  0.7 sy,  0.0 ni, 97.6 id,  0.0 wa,  0.0 hi,  0.1 si,  0.1 st
%Cpu(s): 16.4 us,  0.7 sy,  0.0 ni, 82.7 id,  0.0 wa,  0.0 hi,  0.0 si,  0.1 st
%Cpu(s):  0.7 us,  0.0 sy,  0.0 ni, 99.3 id,  0.0 wa,  0.0 hi,  0.0 si,  0.0 st
%Cpu(s):  0.0 us,  0.1 sy,  0.0 ni, 99.9 id,  0.0 wa,  0.0 hi,  0.0 si,  0.0 st
%Cpu(s): 35.2 us,  2.9 sy,  0.0 ni, 61.9 id,  0.0 wa,  0.0 hi,  0.0 si,  0.0 st
%Cpu(s): 55.9 us,  2.0 sy,  0.0 ni, 41.8 id,  0.0 wa,  0.0 hi,  0.0 si,  0.2 st
%Cpu(s): 75.9 us,  3.0 sy,  0.0 ni, 21.1 id,  0.0 wa,  0.0 hi,  0.0 si,  0.0 st
%Cpu(s): 34.1 us,  1.3 sy,  0.0 ni, 64.5 id,  0.0 wa,  0.0 hi,  0.1 si,  0.0 st
%Cpu(s): 45.7 us,  2.7 sy,  0.0 ni, 50.5 id,  0.0 wa,  0.0 hi,  1.0 si,  0.1 st
%Cpu(s): 52.6 us,  4.2 sy,  0.0 ni, 41.9 id,  0.0 wa,  0.0 hi,  1.3 si,  0.0 st
%Cpu(s): 22.5 us,  5.1 sy,  0.0 ni, 70.8 id,  0.0 wa,  0.0 hi,  1.5 si,  0.1 st
%Cpu(s): 14.1 us,  5.7 sy,  0.0 ni, 78.4 id,  0.0 wa,  0.0 hi,  1.8 si,  0.0 st
%Cpu(s): 13.6 us,  4.1 sy,  0.0 ni, 81.0 id,  0.0 wa,  0.0 hi,  1.3 si,  0.0 st
%Cpu(s): 29.6 us,  4.0 sy,  0.0 ni, 65.2 id,  0.0 wa,  0.0 hi,  1.3 si,  0.0 st
%Cpu(s): 15.6 us,  4.3 sy,  0.0 ni, 78.1 id,  0.0 wa,  0.0 hi,  2.0 si,  0.0 st
%Cpu(s): 11.4 us,  4.8 sy,  0.0 ni, 82.2 id,  0.0 wa,  0.0 hi,  1.5 si,  0.1 st
%Cpu(s):  9.9 us,  5.3 sy,  0.0 ni, 82.7 id,  1.0 wa,  0.0 hi,  1.1 si,  0.0 st
%Cpu(s):  8.3 us,  5.0 sy,  0.0 ni, 85.6 id,  0.0 wa,  0.0 hi,  1.1 si,  0.0 st
%Cpu(s): 17.5 us,  4.6 sy,  0.0 ni, 76.1 id,  0.0 wa,  0.0 hi,  1.6 si,  0.1 st
%Cpu(s): 13.8 us,  5.8 sy,  0.0 ni, 78.6 id,  0.0 wa,  0.0 hi,  1.8 si,  0.1 st
%Cpu(s):  8.7 us,  4.8 sy,  0.0 ni, 84.9 id,  0.0 wa,  0.0 hi,  1.6 si,  0.0 st
%Cpu(s):  8.4 us,  3.9 sy,  0.0 ni, 85.6 id,  0.0 wa,  0.0 hi,  2.0 si,  0.0 st
%Cpu(s): 11.7 us,  5.5 sy,  0.0 ni, 81.0 id,  0.0 wa,  0.0 hi,  1.6 si,  0.1 st
%Cpu(s): 18.6 us,  5.2 sy,  0.0 ni, 73.2 id,  0.0 wa,  0.0 hi,  3.0 si,  0.0 st
%Cpu(s):  9.7 us,  5.6 sy,  0.0 ni, 82.8 id,  0.0 wa,  0.0 hi,  1.9 si,  0.0 st
%Cpu(s):  8.1 us,  5.2 sy,  0.0 ni, 85.0 id,  0.0 wa,  0.0 hi,  1.8 si,  0.0 st
%Cpu(s):  9.9 us,  5.7 sy,  0.0 ni, 82.7 id,  0.1 wa,  0.0 hi,  1.6 si,  0.0 st
%Cpu(s): 18.8 us,  5.7 sy,  0.0 ni, 73.5 id,  0.0 wa,  0.0 hi,  1.9 si,  0.1 st
%Cpu(s): 15.2 us,  5.5 sy,  0.0 ni, 78.2 id,  0.0 wa,  0.0 hi,  1.1 si,  0.0 st
%Cpu(s):  7.2 us,  4.2 sy,  0.0 ni, 87.0 id,  0.0 wa,  0.0 hi,  1.7 si,  0.0 st
%Cpu(s):  9.0 us,  4.5 sy,  0.0 ni, 84.4 id,  0.0 wa,  0.0 hi,  2.1 si,  0.0 st
%Cpu(s): 14.7 us,  5.4 sy,  0.0 ni, 77.3 id,  0.0 wa,  0.0 hi,  2.6 si,  0.0 st
%Cpu(s): 24.1 us,  6.5 sy,  0.0 ni, 66.9 id,  0.0 wa,  0.0 hi,  2.5 si,  0.0 st
%Cpu(s): 10.1 us,  5.0 sy,  0.0 ni, 83.4 id,  0.0 wa,  0.0 hi,  1.4 si,  0.1 st
%Cpu(s):  9.1 us,  4.5 sy,  0.0 ni, 84.8 id,  0.0 wa,  0.0 hi,  1.6 si,  0.0 st
%Cpu(s):  9.1 us,  4.4 sy,  0.0 ni, 84.8 id,  0.0 wa,  0.0 hi,  1.8 si,  0.0 st
%Cpu(s): 15.4 us,  5.4 sy,  0.0 ni, 78.1 id,  0.0 wa,  0.0 hi,  1.0 si,  0.0 st
%Cpu(s): 16.7 us,  5.2 sy,  0.0 ni, 75.6 id,  0.0 wa,  0.0 hi,  2.5 si,  0.0 st
%Cpu(s): 11.0 us,  4.5 sy,  0.0 ni, 82.6 id,  0.0 wa,  0.0 hi,  2.0 si,  0.0 st
%Cpu(s):  8.1 us,  5.5 sy,  0.0 ni, 84.6 id,  0.0 wa,  0.0 hi,  1.6 si,  0.1 st
%Cpu(s):  6.8 us,  4.9 sy,  0.0 ni, 86.2 id,  0.0 wa,  0.0 hi,  1.9 si,  0.1 st
%Cpu(s): 18.2 us,  5.2 sy,  0.0 ni, 75.1 id,  0.0 wa,  0.0 hi,  1.5 si,  0.0 st
%Cpu(s): 13.9 us,  4.9 sy,  0.0 ni, 79.5 id,  0.0 wa,  0.0 hi,  1.8 si,  0.0 st
%Cpu(s):  8.5 us,  4.9 sy,  0.0 ni, 85.3 id,  0.0 wa,  0.0 hi,  1.3 si,  0.0 st
%Cpu(s):  8.1 us,  4.9 sy,  0.0 ni, 84.7 id,  0.0 wa,  0.0 hi,  2.2 si,  0.1 st
%Cpu(s): 11.4 us,  5.5 sy,  0.0 ni, 81.6 id,  0.0 wa,  0.0 hi,  1.4 si,  0.1 st
%Cpu(s): 20.3 us,  5.9 sy,  0.0 ni, 71.9 id,  0.0 wa,  0.0 hi,  1.9 si,  0.0 st
%Cpu(s):  8.4 us,  4.8 sy,  0.0 ni, 85.1 id,  0.0 wa,  0.0 hi,  1.6 si,  0.0 st
%Cpu(s):  8.6 us,  4.9 sy,  0.0 ni, 84.4 id,  0.0 wa,  0.0 hi,  2.0 si,  0.0 st
%Cpu(s):  9.3 us,  5.2 sy,  0.0 ni, 83.3 id,  0.0 wa,  0.0 hi,  2.2 si,  0.0 st
%Cpu(s): 16.7 us,  5.4 sy,  0.0 ni, 75.3 id,  0.0 wa,  0.0 hi,  2.6 si,  0.0 st
%Cpu(s): 14.9 us,  5.4 sy,  0.0 ni, 78.0 id,  0.0 wa,  0.0 hi,  1.8 si,  0.0 st
%Cpu(s):  7.9 us,  5.4 sy,  0.0 ni, 84.7 id,  0.0 wa,  0.0 hi,  1.8 si,  0.1 st
%Cpu(s):  8.7 us,  5.1 sy,  0.0 ni, 84.8 id,  0.0 wa,  0.0 hi,  1.4 si,  0.0 st
%Cpu(s): 10.6 us,  5.5 sy,  0.0 ni, 82.6 id,  0.0 wa,  0.0 hi,  1.3 si,  0.0 st
%Cpu(s): 17.0 us,  5.8 sy,  0.0 ni, 75.6 id,  0.0 wa,  0.0 hi,  1.5 si,  0.0 st
%Cpu(s):  8.8 us,  6.1 sy,  0.0 ni, 83.2 id,  0.1 wa,  0.0 hi,  1.8 si,  0.0 st
%Cpu(s):  8.8 us,  5.2 sy,  0.0 ni, 84.5 id,  0.0 wa,  0.0 hi,  1.4 si,  0.1 st
%Cpu(s):  9.0 us,  5.4 sy,  0.0 ni, 84.0 id,  0.0 wa,  0.0 hi,  1.6 si,  0.0 st
%Cpu(s): 18.5 us,  5.7 sy,  0.0 ni, 74.1 id,  0.0 wa,  0.0 hi,  1.5 si,  0.1 st
%Cpu(s): 14.5 us,  6.6 sy,  0.0 ni, 77.9 id,  0.0 wa,  0.0 hi,  1.0 si,  0.0 st
%Cpu(s):  8.3 us,  4.3 sy,  0.0 ni, 85.6 id,  0.0 wa,  0.0 hi,  1.8 si,  0.0 st
%Cpu(s):  8.1 us,  5.1 sy,  0.0 ni, 84.6 id,  0.0 wa,  0.0 hi,  2.0 si,  0.1 st
%Cpu(s): 16.6 us,  5.2 sy,  0.0 ni, 76.4 id,  0.0 wa,  0.0 hi,  1.8 si,  0.0 st
%Cpu(s): 18.0 us,  6.3 sy,  0.0 ni, 74.2 id,  0.0 wa,  0.0 hi,  1.5 si,  0.0 st
%Cpu(s):  9.4 us,  5.9 sy,  0.0 ni, 82.8 id,  0.0 wa,  0.0 hi,  1.9 si,  0.0 st
%Cpu(s):  8.2 us,  6.4 sy,  0.0 ni, 82.6 id,  0.0 wa,  0.0 hi,  2.6 si,  0.1 st
%Cpu(s): 33.3 us,  6.0 sy,  0.0 ni, 59.0 id,  0.0 wa,  0.0 hi,  1.7 si,  0.0 st
%Cpu(s): 21.2 us,  4.7 sy,  0.0 ni, 72.6 id,  0.0 wa,  0.0 hi,  1.5 si,  0.0 st
%Cpu(s):  6.5 us,  5.4 sy,  0.0 ni, 86.5 id,  0.0 wa,  0.0 hi,  1.5 si,  0.0 st
%Cpu(s):  9.0 us,  4.2 sy,  0.0 ni, 85.8 id,  0.0 wa,  0.0 hi,  1.0 si,  0.1 st
