%Cpu(s):  7.1 us,  1.1 sy,  0.0 ni, 91.6 id,  0.0 wa,  0.0 hi,  0.1 si,  0.0 st
%Cpu(s):  1.9 us,  1.9 sy,  0.0 ni, 96.2 id,  0.0 wa,  0.0 hi,  0.0 si,  0.1 st
%Cpu(s):  1.9 us,  1.9 sy,  0.0 ni, 96.3 id,  0.0 wa,  0.0 hi,  0.0 si,  0.0 st
%Cpu(s):  1.7 us,  1.9 sy,  0.0 ni, 96.3 id,  0.0 wa,  0.0 hi,  0.1 si,  0.0 st
%Cpu(s):  1.7 us,  1.4 sy,  0.0 ni, 96.5 id,  0.0 wa,  0.0 hi,  0.0 si,  0.4 st
%Cpu(s):  4.5 us,  1.4 sy,  0.0 ni, 94.2 id,  0.0 wa,  0.0 hi,  0.0 si,  0.0 st
%Cpu(s):  3.9 us,  1.7 sy,  0.0 ni, 94.4 id,  0.0 wa,  0.0 hi,  0.0 si,  0.0 st
%Cpu(s): 66.5 us,  5.1 sy,  0.0 ni, 27.3 id,  0.0 wa,  0.0 hi,  1.1 si,  0.0 st
%Cpu(s): 89.4 us,  8.0 sy,  0.0 ni,  1.0 id,  0.0 wa,  0.0 hi,  1.6 si,  0.0 st
%Cpu(s): 88.9 us,  9.2 sy,  0.0 ni,  0.2 id,  0.0 wa,  0.0 hi,  1.6 si,  0.0 st
%Cpu(s): 86.7 us, 10.6 sy,  0.0 ni,  0.5 id,  0.0 wa,  0.0 hi,  2.2 si,  0.0 st
%Cpu(s): 87.5 us, 10.6 sy,  0.0 ni,  0.0 id,  0.0 wa,  0.0 hi,  2.0 si,  0.0 st
%Cpu(s): 86.6 us, 10.6 sy,  0.0 ni,  0.2 id,  0.0 wa,  0.0 hi,  2.5 si,  0.1 st
%Cpu(s): 87.7 us, 10.3 sy,  0.0 ni,  0.0 id,  0.0 wa,  0.0 hi,  2.0 si,  0.0 st
%Cpu(s): 85.8 us, 11.6 sy,  0.0 ni,  0.2 id,  0.0 wa,  0.0 hi,  2.4 si,  0.0 st
%Cpu(s): 84.7 us, 11.6 sy,  0.0 ni,  0.7 id,  0.0 wa,  0.0 hi,  3.0 si,  0.0 st
%Cpu(s): 87.0 us,  9.8 sy,  0.0 ni,  1.0 id,  0.0 wa,  0.0 hi,  2.2 si,  0.0 st
%Cpu(s): 48.9 us,  7.0 sy,  0.0 ni, 42.4 id,  0.0 wa,  0.0 hi,  1.8 si,  0.0 st
%Cpu(s): 16.2 us,  8.4 sy,  0.0 ni, 75.1 id,  0.0 wa,  0.0 hi,  0.3 si,  0.0 st
%Cpu(s): 14.7 us,  6.8 sy,  0.0 ni, 78.2 id,  0.0 wa,  0.0 hi,  0.4 si,  0.0 st
%Cpu(s): 13.6 us,  6.8 sy,  0.0 ni, 79.3 id,  0.0 wa,  0.0 hi,  0.3 si,  0.0 st
%Cpu(s): 15.0 us,  6.1 sy,  0.0 ni, 78.3 id,  0.0 wa,  0.0 hi,  0.6 si,  0.0 st
%Cpu(s): 12.0 us,  6.7 sy,  0.0 ni, 80.4 id,  0.0 wa,  0.0 hi,  0.8 si,  0.1 st
%Cpu(s): 12.0 us,  7.1 sy,  0.0 ni, 80.1 id,  0.0 wa,  0.0 hi,  0.6 si,  0.1 st
%Cpu(s): 13.1 us,  7.6 sy,  0.0 ni, 78.6 id,  0.0 wa,  0.0 hi,  0.8 si,  0.0 st
%Cpu(s): 13.3 us,  7.5 sy,  0.0 ni, 78.4 id,  0.0 wa,  0.0 hi,  0.9 si,  0.0 st
%Cpu(s): 14.1 us,  7.1 sy,  0.0 ni, 78.2 id,  0.0 wa,  0.0 hi,  0.5 si,  0.1 st
%Cpu(s): 14.2 us,  7.1 sy,  0.0 ni, 78.2 id,  0.0 wa,  0.0 hi,  0.5 si,  0.0 st
%Cpu(s): 13.6 us,  7.1 sy,  0.0 ni, 78.5 id,  0.0 wa,  0.0 hi,  0.8 si,  0.0 st
%Cpu(s): 11.9 us,  7.3 sy,  0.0 ni, 79.7 id,  0.0 wa,  0.0 hi,  1.0 si,  0.0 st
%Cpu(s): 14.1 us,  6.5 sy,  0.0 ni, 79.0 id,  0.0 wa,  0.0 hi,  0.4 si,  0.1 st
%Cpu(s): 13.5 us,  5.9 sy,  0.0 ni, 79.9 id,  0.0 wa,  0.0 hi,  0.6 si,  0.0 st
%Cpu(s): 11.5 us,  7.0 sy,  0.0 ni, 80.8 id,  0.1 wa,  0.0 hi,  0.5 si,  0.0 st
%Cpu(s): 13.3 us,  8.6 sy,  0.0 ni, 77.3 id,  0.0 wa,  0.0 hi,  0.8 si,  0.0 st
%Cpu(s): 11.9 us,  6.7 sy,  0.0 ni, 80.5 id,  0.0 wa,  0.0 hi,  0.8 si,  0.0 st
%Cpu(s): 12.4 us,  6.3 sy,  0.0 ni, 80.7 id,  0.0 wa,  0.0 hi,  0.5 si,  0.1 st
%Cpu(s): 11.3 us,  6.3 sy,  0.0 ni, 82.0 id,  0.0 wa,  0.0 hi,  0.3 si,  0.1 st
%Cpu(s): 27.9 us,  7.8 sy,  0.0 ni, 63.4 id,  0.0 wa,  0.0 hi,  0.9 si,  0.0 st
%Cpu(s): 18.2 us,  7.7 sy,  0.0 ni, 73.2 id,  0.0 wa,  0.0 hi,  0.9 si,  0.0 st
%Cpu(s): 20.6 us,  7.8 sy,  0.0 ni, 71.0 id,  0.0 wa,  0.0 hi,  0.6 si,  0.0 st
%Cpu(s): 25.1 us,  6.8 sy,  0.0 ni, 66.9 id,  0.0 wa,  0.0 hi,  1.2 si,  0.0 st
%Cpu(s): 18.3 us,  7.6 sy,  0.0 ni, 73.0 id,  0.0 wa,  0.0 hi,  1.0 si,  0.1 st
%Cpu(s): 12.3 us,  7.6 sy,  0.0 ni, 79.4 id,  0.0 wa,  0.0 hi,  0.8 si,  0.0 st
%Cpu(s): 11.5 us,  6.9 sy,  0.0 ni, 81.2 id,  0.0 wa,  0.0 hi,  0.4 si,  0.0 st
%Cpu(s): 12.8 us,  7.5 sy,  0.0 ni, 78.7 id,  0.0 wa,  0.0 hi,  0.9 si,  0.1 st
%Cpu(s): 11.0 us,  8.1 sy,  0.0 ni, 80.0 id,  0.0 wa,  0.0 hi,  0.9 si,  0.0 st
%Cpu(s): 10.8 us,  6.9 sy,  0.0 ni, 81.6 id,  0.0 wa,  0.0 hi,  0.5 si,  0.1 st
%Cpu(s): 10.5 us,  6.8 sy,  0.0 ni, 81.9 id,  0.0 wa,  0.0 hi,  0.8 si,  0.1 st
%Cpu(s): 12.9 us,  6.5 sy,  0.0 ni, 79.8 id,  0.0 wa,  0.0 hi,  0.8 si,  0.0 st
%Cpu(s): 13.6 us,  8.1 sy,  0.0 ni, 77.7 id,  0.0 wa,  0.0 hi,  0.6 si,  0.0 st
%Cpu(s): 13.8 us,  6.1 sy,  0.0 ni, 79.4 id,  0.0 wa,  0.0 hi,  0.5 si,  0.1 st
%Cpu(s): 13.2 us,  7.7 sy,  0.0 ni, 78.6 id,  0.0 wa,  0.0 hi,  0.5 si,  0.0 st
%Cpu(s): 13.6 us,  8.2 sy,  0.0 ni, 77.6 id,  0.0 wa,  0.0 hi,  0.5 si,  0.1 st
%Cpu(s): 11.1 us,  7.5 sy,  0.0 ni, 80.6 id,  0.0 wa,  0.0 hi,  0.8 si,  0.0 st
%Cpu(s): 13.3 us,  6.8 sy,  0.0 ni, 79.0 id,  0.0 wa,  0.0 hi,  0.9 si,  0.0 st
%Cpu(s): 13.0 us,  7.2 sy,  0.0 ni, 78.7 id,  0.0 wa,  0.0 hi,  1.2 si,  0.0 st
%Cpu(s): 13.8 us,  7.8 sy,  0.0 ni, 77.6 id,  0.0 wa,  0.0 hi,  0.8 si,  0.0 st
%Cpu(s): 13.4 us,  7.7 sy,  0.0 ni, 78.0 id,  0.0 wa,  0.0 hi,  0.9 si,  0.0 st
%Cpu(s): 11.3 us,  7.3 sy,  0.0 ni, 80.7 id,  0.0 wa,  0.0 hi,  0.5 si,  0.1 st
%Cpu(s): 11.3 us,  7.1 sy,  0.0 ni, 80.5 id,  0.0 wa,  0.0 hi,  1.2 si,  0.0 st
%Cpu(s): 11.1 us,  6.7 sy,  0.0 ni, 81.2 id,  0.0 wa,  0.0 hi,  0.8 si,  0.1 st
%Cpu(s): 13.8 us,  8.0 sy,  0.0 ni, 77.6 id,  0.0 wa,  0.0 hi,  0.6 si,  0.0 st
%Cpu(s): 14.5 us,  7.8 sy,  0.0 ni, 76.6 id,  0.0 wa,  0.0 hi,  1.2 si,  0.0 st
%Cpu(s): 17.4 us,  9.8 sy,  0.0 ni, 71.6 id,  0.0 wa,  0.0 hi,  1.0 si,  0.1 st
%Cpu(s): 26.6 us,  7.7 sy,  0.0 ni, 64.3 id,  0.0 wa,  0.0 hi,  1.4 si,  0.0 st
%Cpu(s): 43.9 us,  8.6 sy,  0.0 ni, 45.6 id,  0.0 wa,  0.0 hi,  1.9 si,  0.0 st
%Cpu(s): 24.1 us,  4.5 sy,  0.0 ni, 70.9 id,  0.0 wa,  0.0 hi,  0.5 si,  0.0 st
%Cpu(s): 13.0 us,  1.1 sy,  0.0 ni, 85.9 id,  0.0 wa,  0.0 hi,  0.0 si,  0.0 st
%Cpu(s):  2.5 us,  1.1 sy,  0.0 ni, 96.2 id,  0.0 wa,  0.0 hi,  0.0 si,  0.1 st
%Cpu(s):  1.6 us,  2.0 sy,  0.0 ni, 96.4 id,  0.0 wa,  0.0 hi,  0.0 si,  0.0 st
%Cpu(s):  2.9 us,  2.0 sy,  0.0 ni, 95.0 id,  0.0 wa,  0.0 hi,  0.1 si,  0.0 st
%Cpu(s):  2.7 us,  2.0 sy,  0.0 ni, 95.2 id,  0.0 wa,  0.0 hi,  0.0 si,  0.1 st
%Cpu(s):  2.5 us,  2.5 sy,  0.0 ni, 94.9 id,  0.0 wa,  0.0 hi,  0.1 si,  0.0 st
%Cpu(s):  2.5 us,  2.6 sy,  0.0 ni, 94.9 id,  0.0 wa,  0.0 hi,  0.0 si,  0.0 st
%Cpu(s):  2.5 us,  2.2 sy,  0.0 ni, 95.3 id,  0.0 wa,  0.0 hi,  0.0 si,  0.0 st
%Cpu(s):  2.0 us,  2.6 sy,  0.0 ni, 95.3 id,  0.0 wa,  0.0 hi,  0.0 si,  0.1 st
%Cpu(s):  1.4 us,  1.1 sy,  0.0 ni, 96.5 id,  0.0 wa,  0.0 hi,  0.0 si,  1.0 st
%Cpu(s):  1.2 us,  1.5 sy,  0.0 ni, 97.1 id,  0.0 wa,  0.0 hi,  0.0 si,  0.1 st
%Cpu(s):  1.0 us,  1.9 sy,  0.0 ni, 97.1 id,  0.0 wa,  0.0 hi,  0.0 si,  0.0 st
%Cpu(s):  1.5 us,  1.6 sy,  0.0 ni, 96.8 id,  0.0 wa,  0.0 hi,  0.1 si,  0.0 st
%Cpu(s):  1.1 us,  1.1 sy,  0.0 ni, 97.8 id,  0.0 wa,  0.0 hi,  0.0 si,  0.0 st
%Cpu(s):  1.4 us,  1.5 sy,  0.0 ni, 97.1 id,  0.0 wa,  0.0 hi,  0.0 si,  0.0 st
%Cpu(s):  1.4 us,  2.0 sy,  0.0 ni, 96.4 id,  0.0 wa,  0.0 hi,  0.1 si,  0.1 st
%Cpu(s):  2.0 us,  2.0 sy,  0.0 ni, 96.0 id,  0.0 wa,  0.0 hi,  0.0 si,  0.0 st
