%Cpu(s):  1.3 us,  0.2 sy,  0.0 ni, 98.4 id,  0.0 wa,  0.0 hi,  0.0 si,  0.0 st
%Cpu(s):  3.0 us,  1.0 sy,  0.0 ni, 95.6 id,  0.0 wa,  0.0 hi,  0.0 si,  0.4 st
%Cpu(s):  3.3 us,  1.5 sy,  0.0 ni, 94.9 id,  0.0 wa,  0.0 hi,  0.1 si,  0.1 st
%Cpu(s):  3.1 us,  2.0 sy,  0.0 ni, 94.6 id,  0.0 wa,  0.0 hi,  0.0 si,  0.3 st
%Cpu(s):  3.2 us,  1.5 sy,  0.0 ni, 95.1 id,  0.0 wa,  0.0 hi,  0.0 si,  0.3 st
%Cpu(s):  6.5 us,  1.5 sy,  0.0 ni, 91.6 id,  0.0 wa,  0.0 hi,  0.1 si,  0.3 st
%Cpu(s):  4.9 us,  2.4 sy,  0.0 ni, 92.4 id,  0.0 wa,  0.0 hi,  0.0 si,  0.3 st
%Cpu(s): 44.7 us,  3.3 sy,  0.0 ni, 51.8 id,  0.0 wa,  0.0 hi,  0.1 si,  0.0 st
%Cpu(s): 84.0 us,  6.4 sy,  0.0 ni,  8.8 id,  0.0 wa,  0.0 hi,  0.9 si,  0.0 st
%Cpu(s): 69.2 us,  5.9 sy,  0.0 ni, 23.3 id,  0.0 wa,  0.0 hi,  1.5 si,  0.1 st
%Cpu(s): 82.4 us,  6.2 sy,  0.0 ni, 10.2 id,  0.0 wa,  0.0 hi,  1.3 si,  0.0 st
%Cpu(s): 90.3 us,  5.4 sy,  0.0 ni,  3.1 id,  0.0 wa,  0.0 hi,  1.2 si,  0.0 st
%Cpu(s): 70.7 us,  5.0 sy,  0.0 ni, 22.8 id,  0.0 wa,  0.0 hi,  1.5 si,  0.0 st
%Cpu(s): 49.7 us,  5.7 sy,  0.0 ni, 43.6 id,  0.0 wa,  0.0 hi,  1.0 si,  0.0 st
%Cpu(s): 45.9 us,  6.1 sy,  0.0 ni, 47.5 id,  0.0 wa,  0.0 hi,  0.5 si,  0.0 st
%Cpu(s): 48.9 us,  5.8 sy,  0.0 ni, 44.4 id,  0.1 wa,  0.0 hi,  0.8 si,  0.0 st
%Cpu(s): 27.5 us,  6.0 sy,  0.0 ni, 65.5 id,  0.0 wa,  0.0 hi,  0.8 si,  0.1 st
%Cpu(s): 18.8 us,  6.6 sy,  0.0 ni, 73.6 id,  0.0 wa,  0.0 hi,  1.0 si,  0.0 st
%Cpu(s): 14.4 us,  4.8 sy,  0.0 ni, 80.1 id,  0.0 wa,  0.0 hi,  0.6 si,  0.1 st
%Cpu(s): 11.2 us,  7.4 sy,  0.0 ni, 81.1 id,  0.0 wa,  0.0 hi,  0.3 si,  0.0 st
%Cpu(s): 15.9 us,  6.0 sy,  0.0 ni, 77.5 id,  0.0 wa,  0.0 hi,  0.6 si,  0.0 st
%Cpu(s): 14.0 us,  5.5 sy,  0.0 ni, 80.0 id,  0.0 wa,  0.0 hi,  0.5 si,  0.0 st
%Cpu(s):  8.6 us,  6.0 sy,  0.0 ni, 84.9 id,  0.0 wa,  0.0 hi,  0.5 si,  0.0 st
%Cpu(s): 10.5 us,  6.8 sy,  0.0 ni, 82.1 id,  0.0 wa,  0.0 hi,  0.6 si,  0.0 st
%Cpu(s): 10.9 us,  4.8 sy,  0.0 ni, 83.8 id,  0.0 wa,  0.0 hi,  0.4 si,  0.1 st
%Cpu(s): 12.5 us,  5.9 sy,  0.0 ni, 80.9 id,  0.3 wa,  0.0 hi,  0.5 si,  0.0 st
%Cpu(s): 11.2 us,  5.9 sy,  0.0 ni, 82.2 id,  0.0 wa,  0.0 hi,  0.5 si,  0.1 st
%Cpu(s): 13.9 us,  6.4 sy,  0.0 ni, 79.7 id,  0.0 wa,  0.0 hi,  0.1 si,  0.0 st
%Cpu(s): 12.8 us,  6.0 sy,  0.0 ni, 80.7 id,  0.0 wa,  0.0 hi,  0.5 si,  0.0 st
%Cpu(s): 11.8 us,  5.6 sy,  0.0 ni, 82.0 id,  0.0 wa,  0.0 hi,  0.4 si,  0.1 st
%Cpu(s): 10.7 us,  5.6 sy,  0.0 ni, 82.9 id,  0.0 wa,  0.0 hi,  0.8 si,  0.0 st
%Cpu(s):  9.3 us,  5.5 sy,  0.0 ni, 84.7 id,  0.0 wa,  0.0 hi,  0.5 si,  0.0 st
%Cpu(s):  9.4 us,  5.5 sy,  0.0 ni, 84.3 id,  0.0 wa,  0.0 hi,  0.8 si,  0.0 st
%Cpu(s):  9.7 us,  5.2 sy,  0.0 ni, 84.5 id,  0.0 wa,  0.0 hi,  0.6 si,  0.0 st
%Cpu(s):  9.1 us,  6.0 sy,  0.0 ni, 84.4 id,  0.0 wa,  0.0 hi,  0.4 si,  0.0 st
%Cpu(s):  8.0 us,  6.3 sy,  0.0 ni, 85.4 id,  0.1 wa,  0.0 hi,  0.3 si,  0.0 st
%Cpu(s): 11.6 us,  7.0 sy,  0.0 ni, 80.8 id,  0.0 wa,  0.0 hi,  0.6 si,  0.0 st
%Cpu(s): 16.4 us,  6.0 sy,  0.0 ni, 77.0 id,  0.0 wa,  0.0 hi,  0.5 si,  0.1 st
%Cpu(s): 18.8 us,  5.5 sy,  0.0 ni, 74.9 id,  0.0 wa,  0.0 hi,  0.6 si,  0.1 st
%Cpu(s): 11.7 us,  6.1 sy,  0.0 ni, 81.6 id,  0.0 wa,  0.0 hi,  0.6 si,  0.0 st
%Cpu(s): 11.8 us,  5.7 sy,  0.0 ni, 82.0 id,  0.0 wa,  0.0 hi,  0.4 si,  0.1 st
%Cpu(s): 11.0 us,  7.3 sy,  0.0 ni, 81.1 id,  0.0 wa,  0.0 hi,  0.6 si,  0.0 st
%Cpu(s): 14.8 us,  6.2 sy,  0.0 ni, 78.4 id,  0.0 wa,  0.0 hi,  0.6 si,  0.0 st
%Cpu(s): 15.9 us,  4.7 sy,  0.0 ni, 78.8 id,  0.0 wa,  0.0 hi,  0.5 si,  0.0 st
%Cpu(s): 10.1 us,  4.7 sy,  0.0 ni, 85.0 id,  0.0 wa,  0.0 hi,  0.3 si,  0.0 st
%Cpu(s):  9.7 us,  5.1 sy,  0.0 ni, 84.6 id,  0.0 wa,  0.0 hi,  0.6 si,  0.0 st
%Cpu(s):  9.3 us,  5.8 sy,  0.0 ni, 84.4 id,  0.0 wa,  0.0 hi,  0.4 si,  0.1 st
%Cpu(s):  9.5 us,  6.3 sy,  0.0 ni, 83.4 id,  0.0 wa,  0.0 hi,  0.8 si,  0.0 st
%Cpu(s): 11.5 us,  6.5 sy,  0.0 ni, 81.4 id,  0.0 wa,  0.0 hi,  0.5 si,  0.0 st
%Cpu(s):  9.4 us,  4.7 sy,  0.0 ni, 85.3 id,  0.0 wa,  0.0 hi,  0.4 si,  0.3 st
%Cpu(s): 11.0 us,  6.1 sy,  0.0 ni, 82.5 id,  0.0 wa,  0.0 hi,  0.4 si,  0.0 st
%Cpu(s): 10.7 us,  4.4 sy,  0.0 ni, 84.6 id,  0.0 wa,  0.0 hi,  0.3 si,  0.0 st
%Cpu(s): 12.6 us,  6.3 sy,  0.0 ni, 80.4 id,  0.0 wa,  0.0 hi,  0.8 si,  0.0 st
%Cpu(s): 10.3 us,  5.5 sy,  0.0 ni, 83.6 id,  0.0 wa,  0.0 hi,  0.5 si,  0.0 st
%Cpu(s): 12.0 us,  5.5 sy,  0.0 ni, 82.2 id,  0.0 wa,  0.0 hi,  0.3 si,  0.0 st
%Cpu(s): 10.2 us,  5.5 sy,  0.0 ni, 83.8 id,  0.0 wa,  0.0 hi,  0.5 si,  0.0 st
%Cpu(s):  9.6 us,  6.5 sy,  0.0 ni, 83.6 id,  0.0 wa,  0.0 hi,  0.3 si,  0.0 st
%Cpu(s):  9.2 us,  5.8 sy,  0.0 ni, 84.9 id,  0.0 wa,  0.0 hi,  0.1 si,  0.0 st
%Cpu(s): 10.5 us,  7.0 sy,  0.0 ni, 81.9 id,  0.0 wa,  0.0 hi,  0.4 si,  0.1 st
%Cpu(s):  9.4 us,  5.5 sy,  0.0 ni, 84.6 id,  0.0 wa,  0.0 hi,  0.5 si,  0.0 st
%Cpu(s): 10.9 us,  5.6 sy,  0.0 ni, 83.0 id,  0.0 wa,  0.0 hi,  0.4 si,  0.1 st
%Cpu(s): 10.5 us,  6.6 sy,  0.0 ni, 82.5 id,  0.0 wa,  0.0 hi,  0.4 si,  0.0 st
%Cpu(s): 10.7 us,  5.9 sy,  0.0 ni, 83.0 id,  0.0 wa,  0.0 hi,  0.5 si,  0.0 st
%Cpu(s): 12.0 us,  5.7 sy,  0.0 ni, 81.7 id,  0.0 wa,  0.0 hi,  0.5 si,  0.0 st
%Cpu(s): 12.1 us,  7.1 sy,  0.0 ni, 80.3 id,  0.0 wa,  0.0 hi,  0.5 si,  0.0 st
%Cpu(s): 12.0 us,  6.6 sy,  0.0 ni, 80.6 id,  0.0 wa,  0.0 hi,  0.6 si,  0.1 st
%Cpu(s): 11.4 us,  7.0 sy,  0.0 ni, 81.2 id,  0.0 wa,  0.0 hi,  0.4 si,  0.0 st
%Cpu(s): 40.3 us,  6.4 sy,  0.0 ni, 52.5 id,  0.0 wa,  0.0 hi,  0.8 si,  0.0 st
%Cpu(s): 51.7 us,  6.2 sy,  0.0 ni, 41.4 id,  0.0 wa,  0.0 hi,  0.5 si,  0.1 st
%Cpu(s): 16.6 us,  5.6 sy,  0.0 ni, 77.4 id,  0.0 wa,  0.0 hi,  0.4 si,  0.0 st
%Cpu(s): 18.3 us,  8.0 sy,  0.0 ni, 72.9 id,  0.1 wa,  0.0 hi,  0.6 si,  0.0 st
%Cpu(s): 12.6 us,  6.4 sy,  0.0 ni, 80.7 id,  0.0 wa,  0.0 hi,  0.3 si,  0.0 st
%Cpu(s): 14.8 us,  6.3 sy,  0.0 ni, 78.5 id,  0.0 wa,  0.0 hi,  0.3 si,  0.1 st
