%Cpu(s):  1.5 us,  0.5 sy,  0.0 ni, 97.8 id,  0.0 wa,  0.0 hi,  0.1 si,  0.1 st
%Cpu(s): 57.6 us,  3.9 sy,  0.0 ni, 38.4 id,  0.0 wa,  0.0 hi,  0.0 si,  0.1 st
%Cpu(s): 57.6 us,  1.6 sy,  0.0 ni, 40.8 id,  0.0 wa,  0.0 hi,  0.0 si,  0.0 st
%Cpu(s): 72.4 us,  1.9 sy,  0.0 ni, 25.2 id,  0.0 wa,  0.0 hi,  0.2 si,  0.2 st
%Cpu(s): 25.6 us,  1.5 sy,  0.0 ni, 72.9 id,  0.0 wa,  0.0 hi,  0.0 si,  0.0 st
%Cpu(s): 40.6 us,  3.4 sy,  0.0 ni, 54.5 id,  0.4 wa,  0.0 hi,  1.0 si,  0.1 st
%Cpu(s): 39.5 us,  3.4 sy,  0.0 ni, 56.0 id,  0.0 wa,  0.0 hi,  1.0 si,  0.0 st
%Cpu(s): 12.7 us,  3.6 sy,  0.0 ni, 82.7 id,  0.0 wa,  0.0 hi,  0.9 si,  0.1 st
%Cpu(s):  8.5 us,  3.4 sy,  0.0 ni, 87.4 id,  0.0 wa,  0.0 hi,  0.8 si,  0.0 st
%Cpu(s): 10.9 us,  3.0 sy,  0.0 ni, 85.1 id,  0.0 wa,  0.0 hi,  0.9 si,  0.1 st
%Cpu(s): 12.1 us,  3.2 sy,  0.0 ni, 83.9 id,  0.0 wa,  0.0 hi,  0.9 si,  0.0 st
%Cpu(s):  5.3 us,  3.0 sy,  0.0 ni, 90.9 id,  0.0 wa,  0.0 hi,  0.8 si,  0.0 st
%Cpu(s):  5.8 us,  3.8 sy,  0.0 ni, 89.4 id,  0.0 wa,  0.0 hi,  0.9 si,  0.1 st
%Cpu(s):  9.3 us,  3.5 sy,  0.0 ni, 86.3 id,  0.0 wa,  0.0 hi,  0.8 si,  0.1 st
%Cpu(s):  7.1 us,  3.6 sy,  0.0 ni, 88.3 id,  0.0 wa,  0.0 hi,  1.0 si,  0.0 st
%Cpu(s):  6.2 us,  3.5 sy,  0.0 ni, 89.5 id,  0.0 wa,  0.0 hi,  0.8 si,  0.0 st
%Cpu(s):  7.3 us,  4.4 sy,  0.0 ni, 87.1 id,  0.0 wa,  0.0 hi,  1.0 si,  0.1 st
%Cpu(s): 12.7 us,  3.6 sy,  0.0 ni, 82.4 id,  0.0 wa,  0.0 hi,  1.4 si,  0.0 st
%Cpu(s): 19.1 us,  3.8 sy,  0.0 ni, 76.0 id,  0.0 wa,  0.0 hi,  1.1 si,  0.0 st
%Cpu(s):  7.7 us,  4.5 sy,  0.0 ni, 86.4 id,  0.0 wa,  0.0 hi,  1.4 si,  0.1 st
%Cpu(s):  5.9 us,  4.2 sy,  0.0 ni, 88.6 id,  0.0 wa,  0.0 hi,  1.1 si,  0.1 st
%Cpu(s): 10.5 us,  4.5 sy,  0.0 ni, 84.3 id,  0.0 wa,  0.0 hi,  0.6 si,  0.0 st
%Cpu(s):  6.2 us,  3.6 sy,  0.0 ni, 89.5 id,  0.0 wa,  0.0 hi,  0.8 si,  0.0 st
%Cpu(s):  4.7 us,  3.0 sy,  0.0 ni, 91.4 id,  0.0 wa,  0.0 hi,  0.9 si,  0.0 st
%Cpu(s):  3.9 us,  3.1 sy,  0.0 ni, 92.4 id,  0.0 wa,  0.0 hi,  0.5 si,  0.1 st
%Cpu(s):  5.2 us,  3.9 sy,  0.0 ni, 89.7 id,  0.1 wa,  0.0 hi,  1.1 si,  0.0 st
%Cpu(s):  4.4 us,  3.9 sy,  0.0 ni, 90.9 id,  0.0 wa,  0.0 hi,  0.8 si,  0.1 st
%Cpu(s):  4.3 us,  3.8 sy,  0.0 ni, 90.9 id,  0.0 wa,  0.0 hi,  0.9 si,  0.1 st
%Cpu(s):  5.0 us,  3.6 sy,  0.0 ni, 90.4 id,  0.0 wa,  0.0 hi,  1.0 si,  0.0 st
%Cpu(s): 12.3 us,  3.6 sy,  0.0 ni, 83.1 id,  0.0 wa,  0.0 hi,  0.9 si,  0.0 st
%Cpu(s): 20.6 us,  3.4 sy,  0.0 ni, 75.0 id,  0.0 wa,  0.0 hi,  0.9 si,  0.1 st
%Cpu(s):  4.9 us,  3.0 sy,  0.0 ni, 91.1 id,  0.0 wa,  0.0 hi,  0.9 si,  0.0 st
%Cpu(s):  3.2 us,  2.8 sy,  0.0 ni, 92.7 id,  0.0 wa,  0.0 hi,  1.1 si,  0.1 st
%Cpu(s):  5.7 us,  3.9 sy,  0.0 ni, 89.1 id,  0.0 wa,  0.0 hi,  1.3 si,  0.0 st
%Cpu(s):  8.3 us,  3.0 sy,  0.0 ni, 87.3 id,  0.0 wa,  0.0 hi,  1.4 si,  0.0 st
%Cpu(s):  9.6 us,  3.3 sy,  0.0 ni, 79.9 id,  5.8 wa,  0.0 hi,  1.3 si,  0.1 st
%Cpu(s):  5.1 us,  4.1 sy,  0.0 ni, 89.7 id,  0.0 wa,  0.0 hi,  1.1 si,  0.0 st
%Cpu(s):  4.7 us,  3.4 sy,  0.0 ni, 91.0 id,  0.0 wa,  0.0 hi,  0.8 si,  0.1 st
%Cpu(s):  5.9 us,  3.3 sy,  0.0 ni, 89.4 id,  0.0 wa,  0.0 hi,  1.4 si,  0.0 st
%Cpu(s):  6.0 us,  3.6 sy,  0.0 ni, 89.2 id,  0.0 wa,  0.0 hi,  1.0 si,  0.1 st
%Cpu(s): 16.2 us,  4.0 sy,  0.0 ni, 78.6 id,  0.0 wa,  0.0 hi,  1.1 si,  0.0 st
%Cpu(s): 10.4 us,  4.1 sy,  0.0 ni, 84.6 id,  0.0 wa,  0.0 hi,  1.0 si,  0.0 st
%Cpu(s):  6.6 us,  4.0 sy,  0.0 ni, 88.5 id,  0.0 wa,  0.0 hi,  0.8 si,  0.1 st
%Cpu(s):  5.4 us,  3.8 sy,  0.0 ni, 89.9 id,  0.0 wa,  0.0 hi,  0.9 si,  0.0 st
%Cpu(s):  4.8 us,  3.4 sy,  0.0 ni, 90.8 id,  0.0 wa,  0.0 hi,  1.0 si,  0.0 st
%Cpu(s):  5.5 us,  2.9 sy,  0.0 ni, 90.9 id,  0.0 wa,  0.0 hi,  0.6 si,  0.0 st
%Cpu(s):  4.1 us,  3.0 sy,  0.0 ni, 91.8 id,  0.0 wa,  0.0 hi,  1.0 si,  0.1 st
%Cpu(s):  5.5 us,  3.3 sy,  0.0 ni, 90.6 id,  0.0 wa,  0.0 hi,  0.5 si,  0.1 st
%Cpu(s):  5.1 us,  3.9 sy,  0.0 ni, 89.8 id,  0.0 wa,  0.0 hi,  1.2 si,  0.0 st
%Cpu(s):  4.9 us,  3.3 sy,  0.0 ni, 90.4 id,  0.0 wa,  0.0 hi,  1.4 si,  0.0 st
%Cpu(s):  4.8 us,  3.3 sy,  0.0 ni, 90.7 id,  0.0 wa,  0.0 hi,  1.1 si,  0.1 st
%Cpu(s):  4.3 us,  2.5 sy,  0.0 ni, 92.7 id,  0.0 wa,  0.0 hi,  0.5 si,  0.0 st
%Cpu(s):  4.1 us,  4.4 sy,  0.0 ni, 90.7 id,  0.0 wa,  0.0 hi,  0.8 si,  0.0 st
%Cpu(s):  6.8 us,  3.0 sy,  0.0 ni, 89.2 id,  0.0 wa,  0.0 hi,  0.9 si,  0.1 st
%Cpu(s): 16.9 us,  4.2 sy,  0.0 ni, 78.0 id,  0.0 wa,  0.0 hi,  0.7 si,  0.1 st
%Cpu(s):  8.1 us,  4.8 sy,  0.0 ni, 86.2 id,  0.0 wa,  0.0 hi,  0.9 si,  0.0 st
%Cpu(s):  4.0 us,  3.5 sy,  0.0 ni, 91.7 id,  0.0 wa,  0.0 hi,  0.8 si,  0.0 st
%Cpu(s):  4.0 us,  3.6 sy,  0.0 ni, 91.4 id,  0.0 wa,  0.0 hi,  1.0 si,  0.0 st
%Cpu(s):  5.1 us,  3.7 sy,  0.0 ni, 89.8 id,  0.0 wa,  0.0 hi,  1.2 si,  0.1 st
%Cpu(s):  5.4 us,  3.5 sy,  0.0 ni, 90.4 id,  0.0 wa,  0.0 hi,  0.6 si,  0.0 st
%Cpu(s):  4.1 us,  3.3 sy,  0.0 ni, 91.7 id,  0.0 wa,  0.0 hi,  0.8 si,  0.1 st
%Cpu(s):  7.1 us,  4.2 sy,  0.0 ni, 87.4 id,  0.0 wa,  0.0 hi,  1.3 si,  0.0 st
%Cpu(s):  7.1 us,  5.2 sy,  0.0 ni, 86.5 id,  0.0 wa,  0.0 hi,  1.0 si,  0.1 st
%Cpu(s): 15.4 us,  5.1 sy,  0.0 ni, 78.2 id,  0.0 wa,  0.0 hi,  1.3 si,  0.0 st
%Cpu(s): 22.2 us,  4.8 sy,  0.0 ni, 71.4 id,  0.1 wa,  0.0 hi,  1.5 si,  0.0 st
%Cpu(s): 16.9 us,  4.2 sy,  0.0 ni, 77.5 id,  0.0 wa,  0.0 hi,  1.4 si,  0.1 st
%Cpu(s):  6.6 us,  4.8 sy,  0.0 ni, 87.3 id,  0.0 wa,  0.0 hi,  1.3 si,  0.0 st
%Cpu(s):  6.4 us,  3.8 sy,  0.0 ni, 87.8 id,  0.0 wa,  0.0 hi,  2.0 si,  0.0 st
%Cpu(s):  8.3 us,  4.0 sy,  0.0 ni, 86.3 id,  0.0 wa,  0.0 hi,  1.3 si,  0.1 st
%Cpu(s): 18.4 us,  5.0 sy,  0.0 ni, 75.3 id,  0.0 wa,  0.0 hi,  1.3 si,  0.0 st
%Cpu(s):  8.2 us,  4.7 sy,  0.0 ni, 85.8 id,  0.0 wa,  0.0 hi,  1.3 si,  0.0 st
%Cpu(s):  9.5 us,  4.8 sy,  0.0 ni, 84.0 id,  0.0 wa,  0.0 hi,  1.8 si,  0.0 st
%Cpu(s): 17.8 us,  4.3 sy,  0.0 ni, 76.1 id,  0.0 wa,  0.0 hi,  1.8 si,  0.0 st
%Cpu(s):  8.3 us,  3.5 sy,  0.0 ni, 86.5 id,  0.0 wa,  0.0 hi,  1.6 si,  0.0 st
%Cpu(s):  9.5 us,  3.9 sy,  0.0 ni, 84.9 id,  0.1 wa,  0.0 hi,  1.4 si,  0.1 st
%Cpu(s): 17.9 us,  3.3 sy,  0.0 ni, 77.5 id,  0.0 wa,  0.0 hi,  1.4 si,  0.0 st
