%Cpu(s): 10.2 us,  1.6 sy,  0.0 ni, 87.9 id,  0.0 wa,  0.0 hi,  0.2 si,  0.0 st
%Cpu(s):  2.8 us,  1.3 sy,  0.0 ni, 95.7 id,  0.0 wa,  0.0 hi,  0.0 si,  0.3 st
%Cpu(s):  3.0 us,  3.9 sy,  0.0 ni, 93.2 id,  0.0 wa,  0.0 hi,  0.0 si,  0.0 st
%Cpu(s):  2.4 us,  4.4 sy,  0.0 ni, 93.2 id,  0.0 wa,  0.0 hi,  0.0 si,  0.1 st
%Cpu(s):  2.9 us,  1.8 sy,  0.0 ni, 95.4 id,  0.0 wa,  0.0 hi,  0.0 si,  0.0 st
%Cpu(s):  7.2 us,  2.0 sy,  0.0 ni, 90.6 id,  0.0 wa,  0.0 hi,  0.1 si,  0.1 st
%Cpu(s): 48.9 us,  3.9 sy,  0.0 ni, 46.9 id,  0.0 wa,  0.0 hi,  0.1 si,  0.1 st
%Cpu(s): 87.5 us,  8.6 sy,  0.0 ni,  2.1 id,  0.0 wa,  0.0 hi,  1.8 si,  0.0 st
%Cpu(s): 86.8 us, 10.2 sy,  0.0 ni,  0.9 id,  0.0 wa,  0.0 hi,  2.1 si,  0.0 st
%Cpu(s): 88.4 us,  9.5 sy,  0.0 ni,  0.1 id,  0.0 wa,  0.0 hi,  2.0 si,  0.0 st
%Cpu(s): 88.8 us,  8.5 sy,  0.0 ni,  0.6 id,  0.0 wa,  0.0 hi,  2.1 si,  0.0 st
%Cpu(s): 84.7 us,  9.1 sy,  0.0 ni,  3.7 id,  0.0 wa,  0.0 hi,  2.5 si,  0.0 st
%Cpu(s): 87.4 us,  9.7 sy,  0.0 ni,  0.9 id,  0.0 wa,  0.0 hi,  2.0 si,  0.0 st
%Cpu(s): 67.5 us,  7.6 sy,  0.0 ni, 22.7 id,  0.0 wa,  0.0 hi,  2.3 si,  0.0 st
%Cpu(s): 50.8 us,  8.2 sy,  0.0 ni, 39.6 id,  0.0 wa,  0.0 hi,  1.4 si,  0.0 st
%Cpu(s): 42.2 us,  7.5 sy,  0.0 ni, 49.0 id,  0.1 wa,  0.0 hi,  1.1 si,  0.0 st
%Cpu(s): 19.5 us,  7.5 sy,  0.0 ni, 71.6 id,  0.0 wa,  0.0 hi,  1.3 si,  0.1 st
%Cpu(s): 21.4 us,  6.4 sy,  0.0 ni, 70.9 id,  0.0 wa,  0.0 hi,  1.3 si,  0.0 st
%Cpu(s): 18.0 us,  7.2 sy,  0.0 ni, 73.8 id,  0.0 wa,  0.0 hi,  1.0 si,  0.0 st
%Cpu(s): 18.9 us,  7.3 sy,  0.0 ni, 72.5 id,  0.0 wa,  0.0 hi,  1.3 si,  0.0 st
%Cpu(s): 21.5 us,  7.4 sy,  0.0 ni, 69.6 id,  0.0 wa,  0.0 hi,  1.5 si,  0.0 st
%Cpu(s): 28.8 us,  7.8 sy,  0.0 ni, 62.1 id,  0.0 wa,  0.0 hi,  1.3 si,  0.0 st
%Cpu(s): 18.2 us,  7.5 sy,  0.0 ni, 73.3 id,  0.0 wa,  0.0 hi,  1.0 si,  0.0 st
%Cpu(s): 28.5 us,  7.4 sy,  0.0 ni, 61.9 id,  0.0 wa,  0.0 hi,  2.2 si,  0.0 st
%Cpu(s): 43.8 us,  6.7 sy,  0.0 ni, 47.9 id,  0.0 wa,  0.0 hi,  1.7 si,  0.0 st
%Cpu(s): 53.4 us,  6.9 sy,  0.0 ni, 38.5 id,  0.0 wa,  0.0 hi,  1.2 si,  0.0 st
%Cpu(s): 23.8 us,  7.4 sy,  0.0 ni, 66.9 id,  0.0 wa,  0.0 hi,  1.8 si,  0.1 st
%Cpu(s): 22.8 us,  6.6 sy,  0.0 ni, 69.7 id,  0.0 wa,  0.0 hi,  0.9 si,  0.0 st
%Cpu(s): 17.5 us,  7.2 sy,  0.0 ni, 74.0 id,  0.0 wa,  0.0 hi,  1.3 si,  0.0 st
%Cpu(s): 14.8 us,  6.6 sy,  0.0 ni, 77.2 id,  0.0 wa,  0.0 hi,  1.3 si,  0.1 st
%Cpu(s): 15.7 us,  6.0 sy,  0.0 ni, 77.3 id,  0.0 wa,  0.0 hi,  1.0 si,  0.0 st
%Cpu(s): 24.6 us,  7.8 sy,  0.0 ni, 66.5 id,  0.0 wa,  0.0 hi,  1.2 si,  0.0 st
%Cpu(s): 17.6 us,  7.3 sy,  0.0 ni, 73.8 id,  0.0 wa,  0.0 hi,  1.3 si,  0.0 st
%Cpu(s): 15.1 us,  8.6 sy,  0.0 ni, 75.6 id,  0.0 wa,  0.0 hi,  0.6 si,  0.0 st
%Cpu(s): 15.5 us,  8.2 sy,  0.0 ni, 74.7 id,  0.0 wa,  0.0 hi,  1.6 si,  0.0 st
%Cpu(s): 15.8 us,  7.6 sy,  0.0 ni, 75.1 id,  0.0 wa,  0.0 hi,  1.4 si,  0.1 st
%Cpu(s): 26.2 us,  7.2 sy,  0.0 ni, 65.5 id,  0.0 wa,  0.0 hi,  1.2 si,  0.0 st
%Cpu(s): 26.5 us,  7.3 sy,  0.0 ni, 64.8 id,  0.0 wa,  0.0 hi,  1.4 si,  0.0 st
%Cpu(s): 19.8 us,  6.5 sy,  0.0 ni, 72.9 id,  0.0 wa,  0.0 hi,  0.8 si,  0.0 st
%Cpu(s): 37.5 us,  8.0 sy,  0.0 ni, 53.6 id,  0.0 wa,  0.0 hi,  0.9 si,  0.0 st
%Cpu(s): 25.2 us,  7.1 sy,  0.0 ni, 66.8 id,  0.0 wa,  0.0 hi,  0.9 si,  0.0 st
%Cpu(s): 21.5 us,  7.1 sy,  0.0 ni, 69.4 id,  0.0 wa,  0.0 hi,  1.8 si,  0.1 st
%Cpu(s): 20.6 us,  7.1 sy,  0.0 ni, 71.3 id,  0.0 wa,  0.0 hi,  1.0 si,  0.0 st
%Cpu(s): 18.1 us,  6.7 sy,  0.0 ni, 74.0 id,  0.0 wa,  0.0 hi,  1.2 si,  0.0 st
%Cpu(s): 16.5 us,  7.0 sy,  0.0 ni, 75.3 id,  0.0 wa,  0.0 hi,  1.1 si,  0.0 st
%Cpu(s): 18.0 us,  7.0 sy,  0.0 ni, 74.3 id,  0.0 wa,  0.0 hi,  0.8 si,  0.0 st
%Cpu(s): 23.4 us,  7.0 sy,  0.0 ni, 68.2 id,  0.0 wa,  0.0 hi,  1.4 si,  0.0 st
%Cpu(s): 17.6 us,  7.4 sy,  0.0 ni, 73.9 id,  0.0 wa,  0.0 hi,  1.1 si,  0.0 st
%Cpu(s): 16.4 us,  7.7 sy,  0.0 ni, 74.6 id,  0.0 wa,  0.0 hi,  1.3 si,  0.1 st
%Cpu(s): 15.6 us,  7.1 sy,  0.0 ni, 76.1 id,  0.0 wa,  0.0 hi,  1.1 si,  0.0 st
%Cpu(s): 16.7 us,  7.4 sy,  0.0 ni, 74.4 id,  0.1 wa,  0.0 hi,  1.4 si,  0.0 st
%Cpu(s): 22.8 us,  7.1 sy,  0.0 ni, 68.6 id,  0.0 wa,  0.0 hi,  1.5 si,  0.0 st
%Cpu(s): 16.3 us,  6.6 sy,  0.0 ni, 75.5 id,  0.0 wa,  0.0 hi,  1.6 si,  0.0 st
%Cpu(s): 15.7 us,  6.8 sy,  0.0 ni, 76.1 id,  0.0 wa,  0.0 hi,  1.3 si,  0.1 st
%Cpu(s): 13.6 us,  7.2 sy,  0.0 ni, 78.2 id,  0.0 wa,  0.0 hi,  1.0 si,  0.0 st
%Cpu(s): 15.9 us,  7.0 sy,  0.0 ni, 75.5 id,  0.0 wa,  0.0 hi,  1.5 si,  0.0 st
%Cpu(s): 17.3 us,  7.3 sy,  0.0 ni, 73.7 id,  0.0 wa,  0.0 hi,  1.7 si,  0.0 st
%Cpu(s): 15.5 us,  7.4 sy,  0.0 ni, 76.2 id,  0.0 wa,  0.0 hi,  0.9 si,  0.0 st
%Cpu(s): 17.8 us,  8.2 sy,  0.0 ni, 73.2 id,  0.0 wa,  0.0 hi,  0.8 si,  0.0 st
%Cpu(s): 14.4 us,  6.8 sy,  0.0 ni, 77.5 id,  0.0 wa,  0.0 hi,  1.3 si,  0.0 st
%Cpu(s): 15.9 us,  6.9 sy,  0.0 ni, 76.4 id,  0.0 wa,  0.0 hi,  0.8 si,  0.0 st
%Cpu(s): 11.8 us,  5.7 sy,  0.0 ni, 81.6 id,  0.0 wa,  0.0 hi,  0.9 si,  0.0 st
%Cpu(s):  8.1 us,  3.4 sy,  0.0 ni, 87.8 id,  0.0 wa,  0.0 hi,  0.7 si,  0.1 st
%Cpu(s):  8.2 us,  3.1 sy,  0.0 ni, 88.5 id,  0.0 wa,  0.0 hi,  0.1 si,  0.1 st
%Cpu(s):  9.8 us,  3.6 sy,  0.0 ni, 86.5 id,  0.0 wa,  0.0 hi,  0.1 si,  0.0 st
%Cpu(s): 18.9 us,  3.2 sy,  0.0 ni, 77.7 id,  0.0 wa,  0.0 hi,  0.3 si,  0.0 st
%Cpu(s): 13.2 us,  4.0 sy,  0.0 ni, 82.7 id,  0.0 wa,  0.0 hi,  0.1 si,  0.0 st
%Cpu(s):  9.5 us,  2.3 sy,  0.0 ni, 87.9 id,  0.0 wa,  0.0 hi,  0.4 si,  0.0 st
%Cpu(s):  7.1 us,  2.5 sy,  0.0 ni, 89.9 id,  0.0 wa,  0.0 hi,  0.4 si,  0.1 st
%Cpu(s):  4.9 us,  2.1 sy,  0.0 ni, 92.8 id,  0.0 wa,  0.0 hi,  0.0 si,  0.1 st
%Cpu(s):  2.3 us,  1.5 sy,  0.0 ni, 96.1 id,  0.0 wa,  0.0 hi,  0.0 si,  0.1 st
%Cpu(s):  3.4 us,  3.1 sy,  0.0 ni, 93.5 id,  0.0 wa,  0.0 hi,  0.0 si,  0.0 st
%Cpu(s):  1.6 us,  1.6 sy,  0.0 ni, 96.5 id,  0.0 wa,  0.0 hi,  0.1 si,  0.1 st
%Cpu(s):  2.0 us,  1.9 sy,  0.0 ni, 96.0 id,  0.0 wa,  0.0 hi,  0.0 si,  0.1 st
%Cpu(s):  3.0 us,  3.2 sy,  0.0 ni, 93.6 id,  0.0 wa,  0.0 hi,  0.1 si,  0.1 st
%Cpu(s):  2.5 us,  1.9 sy,  0.0 ni, 95.6 id,  0.0 wa,  0.0 hi,  0.0 si,  0.0 st
%Cpu(s):  2.5 us,  1.1 sy,  0.0 ni, 96.1 id,  0.0 wa,  0.0 hi,  0.1 si,  0.1 st
%Cpu(s):  2.2 us,  2.9 sy,  0.0 ni, 94.9 id,  0.0 wa,  0.0 hi,  0.0 si,  0.0 st
%Cpu(s):  2.1 us,  2.4 sy,  0.0 ni, 95.4 id,  0.0 wa,  0.0 hi,  0.1 si,  0.0 st
%Cpu(s):  2.1 us,  1.5 sy,  0.0 ni, 96.1 id,  0.0 wa,  0.0 hi,  0.1 si,  0.1 st
%Cpu(s):  3.4 us,  1.9 sy,  0.0 ni, 94.8 id,  0.0 wa,  0.0 hi,  0.0 si,  0.0 st
