%Cpu(s):  2.2 us,  0.2 sy,  0.0 ni, 97.5 id,  0.0 wa,  0.0 hi,  0.0 si,  0.0 st
%Cpu(s):  6.2 us,  0.9 sy,  0.0 ni, 92.8 id,  0.1 wa,  0.0 hi,  0.0 si,  0.0 st
%Cpu(s):  3.8 us,  1.6 sy,  0.0 ni, 94.5 id,  0.0 wa,  0.0 hi,  0.0 si,  0.1 st
%Cpu(s):  3.4 us,  1.9 sy,  0.0 ni, 94.6 id,  0.0 wa,  0.0 hi,  0.1 si,  0.0 st
%Cpu(s):  2.0 us,  1.3 sy,  0.0 ni, 96.7 id,  0.0 wa,  0.0 hi,  0.0 si,  0.0 st
%Cpu(s): 46.8 us,  3.4 sy,  0.0 ni, 49.2 id,  0.0 wa,  0.0 hi,  0.5 si,  0.1 st
%Cpu(s): 78.1 us,  5.3 sy,  0.0 ni, 15.3 id,  0.0 wa,  0.0 hi,  1.1 si,  0.1 st
%Cpu(s): 78.8 us,  4.6 sy,  0.0 ni, 14.9 id,  0.0 wa,  0.0 hi,  1.7 si,  0.0 st
%Cpu(s): 76.5 us,  5.3 sy,  0.0 ni, 17.2 id,  0.0 wa,  0.0 hi,  1.0 si,  0.0 st
%Cpu(s): 89.8 us,  5.5 sy,  0.0 ni,  3.5 id,  0.0 wa,  0.0 hi,  1.1 si,  0.1 st
%Cpu(s): 89.9 us,  7.3 sy,  0.0 ni,  1.4 id,  0.0 wa,  0.0 hi,  1.4 si,  0.0 st
%Cpu(s): 91.7 us,  6.6 sy,  0.0 ni,  0.5 id,  0.0 wa,  0.0 hi,  1.2 si,  0.0 st
%Cpu(s): 90.2 us,  7.4 sy,  0.0 ni,  1.1 id,  0.0 wa,  0.0 hi,  1.2 si,  0.0 st
%Cpu(s): 88.7 us,  7.3 sy,  0.0 ni,  2.4 id,  0.0 wa,  0.0 hi,  1.6 si,  0.0 st
%Cpu(s): 90.3 us,  7.4 sy,  0.0 ni,  0.9 id,  0.0 wa,  0.0 hi,  1.5 si,  0.0 st
%Cpu(s): 90.5 us,  6.5 sy,  0.0 ni,  0.7 id,  0.0 wa,  0.0 hi,  2.1 si,  0.1 st
%Cpu(s): 91.2 us,  7.0 sy,  0.0 ni,  0.4 id,  0.0 wa,  0.0 hi,  1.4 si,  0.1 st
%Cpu(s): 90.3 us,  7.3 sy,  0.0 ni,  0.5 id,  0.0 wa,  0.0 hi,  1.9 si,  0.0 st
%Cpu(s): 86.8 us,  7.2 sy,  0.0 ni,  4.9 id,  0.0 wa,  0.0 hi,  1.1 si,  0.0 st
%Cpu(s): 70.2 us,  6.3 sy,  0.0 ni, 21.6 id,  0.0 wa,  0.0 hi,  2.0 si,  0.0 st
%Cpu(s): 47.1 us,  5.9 sy,  0.0 ni, 45.9 id,  0.0 wa,  0.0 hi,  1.1 si,  0.0 st
%Cpu(s): 29.1 us,  6.1 sy,  0.0 ni, 63.9 id,  0.0 wa,  0.0 hi,  0.8 si,  0.1 st
%Cpu(s): 14.3 us,  6.3 sy,  0.0 ni, 78.7 id,  0.0 wa,  0.0 hi,  0.5 si,  0.1 st
%Cpu(s): 18.3 us,  4.9 sy,  0.0 ni, 75.9 id,  0.0 wa,  0.0 hi,  0.9 si,  0.0 st
%Cpu(s): 21.0 us,  6.2 sy,  0.0 ni, 72.0 id,  0.0 wa,  0.0 hi,  0.6 si,  0.1 st
%Cpu(s): 21.2 us,  5.6 sy,  0.0 ni, 72.4 id,  0.0 wa,  0.0 hi,  0.8 si,  0.0 st
%Cpu(s): 46.9 us,  6.8 sy,  0.0 ni, 45.4 id,  0.0 wa,  0.0 hi,  0.8 si,  0.1 st
%Cpu(s): 40.9 us,  5.5 sy,  0.0 ni, 53.3 id,  0.0 wa,  0.0 hi,  0.4 si,  0.0 st
%Cpu(s): 15.4 us,  5.5 sy,  0.0 ni, 78.2 id,  0.0 wa,  0.0 hi,  0.8 si,  0.1 st
%Cpu(s): 13.2 us,  6.2 sy,  0.0 ni, 79.8 id,  0.0 wa,  0.0 hi,  0.8 si,  0.0 st
%Cpu(s): 29.4 us,  5.5 sy,  0.0 ni, 64.2 id,  0.0 wa,  0.0 hi,  0.8 si,  0.1 st
%Cpu(s): 22.5 us,  6.1 sy,  0.0 ni, 70.9 id,  0.0 wa,  0.0 hi,  0.5 si,  0.0 st
%Cpu(s): 16.3 us,  6.1 sy,  0.0 ni, 76.9 id,  0.0 wa,  0.0 hi,  0.5 si,  0.1 st
%Cpu(s): 22.6 us,  5.6 sy,  0.0 ni, 70.0 id,  0.0 wa,  0.0 hi,  1.6 si,  0.1 st
%Cpu(s): 21.8 us,  6.7 sy,  0.0 ni, 71.3 id,  0.0 wa,  0.0 hi,  0.3 si,  0.0 st
%Cpu(s): 22.8 us,  6.1 sy,  0.0 ni, 70.0 id,  0.0 wa,  0.0 hi,  1.0 si,  0.1 st
%Cpu(s): 12.6 us,  6.2 sy,  0.0 ni, 80.7 id,  0.0 wa,  0.0 hi,  0.4 si,  0.1 st
%Cpu(s): 20.7 us,  6.3 sy,  0.0 ni, 72.2 id,  0.0 wa,  0.0 hi,  0.6 si,  0.1 st
%Cpu(s): 35.3 us,  6.8 sy,  0.0 ni, 57.0 id,  0.0 wa,  0.0 hi,  0.9 si,  0.1 st
%Cpu(s): 34.4 us,  6.5 sy,  0.0 ni, 58.0 id,  0.0 wa,  0.0 hi,  1.1 si,  0.0 st
%Cpu(s): 31.9 us,  6.4 sy,  0.0 ni, 61.1 id,  0.0 wa,  0.0 hi,  0.5 si,  0.1 st
%Cpu(s): 16.1 us,  5.2 sy,  0.0 ni, 78.3 id,  0.0 wa,  0.0 hi,  0.3 si,  0.1 st
%Cpu(s): 12.1 us,  5.6 sy,  0.0 ni, 81.6 id,  0.0 wa,  0.0 hi,  0.6 si,  0.0 st
%Cpu(s): 13.1 us,  6.2 sy,  0.0 ni, 79.9 id,  0.0 wa,  0.0 hi,  0.6 si,  0.1 st
%Cpu(s): 28.6 us,  5.4 sy,  0.0 ni, 65.1 id,  0.0 wa,  0.0 hi,  0.9 si,  0.0 st
%Cpu(s): 17.1 us,  4.5 sy,  0.0 ni, 77.5 id,  0.0 wa,  0.0 hi,  0.8 si,  0.1 st
%Cpu(s): 12.4 us,  6.0 sy,  0.0 ni, 80.8 id,  0.0 wa,  0.0 hi,  0.8 si,  0.0 st
%Cpu(s): 12.8 us,  6.5 sy,  0.0 ni, 79.7 id,  0.0 wa,  0.0 hi,  0.8 si,  0.3 st
%Cpu(s): 15.1 us,  5.9 sy,  0.0 ni, 78.1 id,  0.0 wa,  0.0 hi,  0.9 si,  0.0 st
%Cpu(s): 12.7 us,  5.1 sy,  0.0 ni, 81.6 id,  0.0 wa,  0.0 hi,  0.5 si,  0.0 st
%Cpu(s): 14.0 us,  4.5 sy,  0.0 ni, 80.6 id,  0.1 wa,  0.0 hi,  0.6 si,  0.1 st
%Cpu(s): 12.9 us,  5.7 sy,  0.0 ni, 80.3 id,  0.0 wa,  0.0 hi,  1.0 si,  0.1 st
%Cpu(s): 15.5 us,  6.4 sy,  0.0 ni, 77.1 id,  0.0 wa,  0.0 hi,  0.9 si,  0.0 st
%Cpu(s): 14.6 us,  5.8 sy,  0.0 ni, 79.1 id,  0.0 wa,  0.0 hi,  0.5 si,  0.0 st
%Cpu(s): 13.9 us,  5.3 sy,  0.0 ni, 79.9 id,  0.0 wa,  0.0 hi,  0.8 si,  0.1 st
%Cpu(s): 14.0 us,  5.2 sy,  0.0 ni, 80.0 id,  0.0 wa,  0.0 hi,  0.8 si,  0.0 st
%Cpu(s): 13.1 us,  6.4 sy,  0.0 ni, 79.8 id,  0.0 wa,  0.0 hi,  0.6 si,  0.1 st
%Cpu(s): 12.5 us,  4.8 sy,  0.0 ni, 81.6 id,  0.0 wa,  0.0 hi,  0.9 si,  0.1 st
%Cpu(s): 12.8 us,  6.7 sy,  0.0 ni, 79.9 id,  0.0 wa,  0.0 hi,  0.6 si,  0.0 st
%Cpu(s): 13.0 us,  5.5 sy,  0.0 ni, 80.7 id,  0.0 wa,  0.0 hi,  0.8 si,  0.0 st
%Cpu(s): 47.5 us,  6.8 sy,  0.0 ni, 44.7 id,  0.0 wa,  0.0 hi,  0.9 si,  0.1 st
%Cpu(s): 32.4 us,  6.8 sy,  0.0 ni, 60.1 id,  0.0 wa,  0.0 hi,  0.8 si,  0.0 st
%Cpu(s): 20.7 us,  6.3 sy,  0.0 ni, 71.7 id,  0.0 wa,  0.0 hi,  1.0 si,  0.3 st
%Cpu(s): 17.7 us,  6.5 sy,  0.0 ni, 74.8 id,  0.0 wa,  0.0 hi,  0.8 si,  0.1 st
%Cpu(s): 22.0 us,  6.2 sy,  0.0 ni, 71.1 id,  0.0 wa,  0.0 hi,  0.6 si,  0.0 st
%Cpu(s): 15.1 us,  5.7 sy,  0.0 ni, 78.8 id,  0.0 wa,  0.0 hi,  0.3 si,  0.1 st
%Cpu(s): 15.5 us,  5.9 sy,  0.0 ni, 78.0 id,  0.0 wa,  0.0 hi,  0.5 si,  0.0 st
%Cpu(s): 16.5 us,  7.8 sy,  0.0 ni, 75.1 id,  0.0 wa,  0.0 hi,  0.5 si,  0.1 st
%Cpu(s): 14.5 us,  6.8 sy,  0.0 ni, 77.8 id,  0.0 wa,  0.0 hi,  0.8 si,  0.1 st
%Cpu(s): 39.1 us,  7.1 sy,  0.0 ni, 52.2 id,  0.0 wa,  0.0 hi,  1.4 si,  0.1 st
%Cpu(s): 49.4 us,  5.9 sy,  0.0 ni, 43.2 id,  0.0 wa,  0.0 hi,  1.5 si,  0.0 st
%Cpu(s): 40.3 us,  6.5 sy,  0.0 ni, 52.1 id,  0.0 wa,  0.0 hi,  1.0 si,  0.1 st
%Cpu(s): 16.3 us,  6.6 sy,  0.0 ni, 76.9 id,  0.0 wa,  0.0 hi,  0.3 si,  0.0 st
%Cpu(s): 36.3 us,  7.1 sy,  0.0 ni, 55.0 id,  0.0 wa,  0.0 hi,  1.4 si,  0.1 st
%Cpu(s): 28.5 us,  5.8 sy,  0.0 ni, 63.9 id,  0.0 wa,  0.0 hi,  1.6 si,  0.1 st
%Cpu(s): 17.7 us,  5.9 sy,  0.0 ni, 75.5 id,  0.0 wa,  0.0 hi,  0.9 si,  0.0 st
%Cpu(s): 18.8 us,  5.7 sy,  0.0 ni, 74.4 id,  0.0 wa,  0.0 hi,  0.9 si,  0.3 st
%Cpu(s): 14.6 us,  5.9 sy,  0.0 ni, 78.8 id,  0.0 wa,  0.0 hi,  0.5 si,  0.1 st
%Cpu(s): 16.0 us,  6.9 sy,  0.0 ni, 76.3 id,  0.0 wa,  0.0 hi,  0.6 si,  0.1 st
%Cpu(s): 17.8 us,  7.1 sy,  0.0 ni, 74.0 id,  0.0 wa,  0.0 hi,  1.1 si,  0.0 st
