%Cpu(s):  7.3 us,  1.3 sy,  0.0 ni, 91.2 id,  0.0 wa,  0.0 hi,  0.1 si,  0.0 st
%Cpu(s):  3.0 us,  3.5 sy,  0.0 ni, 93.5 id,  0.0 wa,  0.0 hi,  0.0 si,  0.0 st
%Cpu(s):  3.1 us,  4.5 sy,  0.0 ni, 92.3 id,  0.0 wa,  0.0 hi,  0.1 si,  0.0 st
%Cpu(s):  1.5 us,  2.6 sy,  0.0 ni, 95.6 id,  0.0 wa,  0.0 hi,  0.0 si,  0.2 st
%Cpu(s):  3.1 us,  2.1 sy,  0.0 ni, 94.6 id,  0.0 wa,  0.0 hi,  0.1 si,  0.0 st
%Cpu(s):  7.0 us,  2.6 sy,  0.0 ni, 90.1 id,  0.0 wa,  0.0 hi,  0.1 si,  0.1 st
%Cpu(s): 71.7 us,  3.9 sy,  0.0 ni, 23.7 id,  0.0 wa,  0.0 hi,  0.6 si,  0.1 st
%Cpu(s): 89.4 us,  8.8 sy,  0.0 ni,  0.4 id,  0.0 wa,  0.0 hi,  1.5 si,  0.0 st
%Cpu(s): 89.2 us,  8.2 sy,  0.0 ni,  1.0 id,  0.0 wa,  0.0 hi,  1.6 si,  0.0 st
%Cpu(s): 89.3 us,  7.8 sy,  0.0 ni,  1.0 id,  0.0 wa,  0.0 hi,  1.9 si,  0.0 st
%Cpu(s): 88.8 us,  7.5 sy,  0.0 ni,  2.2 id,  0.0 wa,  0.0 hi,  1.5 si,  0.0 st
%Cpu(s): 75.4 us,  7.4 sy,  0.0 ni, 15.7 id,  0.0 wa,  0.0 hi,  1.5 si,  0.0 st
%Cpu(s): 76.4 us,  6.2 sy,  0.0 ni, 15.6 id,  0.0 wa,  0.0 hi,  1.8 si,  0.0 st
%Cpu(s): 29.1 us,  6.0 sy,  0.0 ni, 63.8 id,  0.0 wa,  0.0 hi,  1.1 si,  0.0 st
%Cpu(s): 33.5 us,  6.6 sy,  0.0 ni, 58.3 id,  0.0 wa,  0.0 hi,  1.4 si,  0.1 st
%Cpu(s): 18.8 us,  7.0 sy,  0.0 ni, 73.5 id,  0.0 wa,  0.0 hi,  0.6 si,  0.0 st
%Cpu(s): 15.8 us,  6.5 sy,  0.0 ni, 76.7 id,  0.0 wa,  0.0 hi,  1.0 si,  0.0 st
%Cpu(s): 14.2 us,  6.7 sy,  0.0 ni, 78.5 id,  0.0 wa,  0.0 hi,  0.6 si,  0.0 st
%Cpu(s): 24.1 us,  6.3 sy,  0.0 ni, 68.8 id,  0.0 wa,  0.0 hi,  0.8 si,  0.0 st
%Cpu(s): 14.1 us,  6.6 sy,  0.0 ni, 78.8 id,  0.0 wa,  0.0 hi,  0.4 si,  0.1 st
%Cpu(s): 16.1 us,  6.0 sy,  0.0 ni, 77.5 id,  0.0 wa,  0.0 hi,  0.4 si,  0.0 st
%Cpu(s): 18.3 us,  7.6 sy,  0.0 ni, 72.5 id,  0.0 wa,  0.0 hi,  1.6 si,  0.0 st
%Cpu(s): 17.2 us,  6.2 sy,  0.0 ni, 75.7 id,  0.0 wa,  0.0 hi,  0.9 si,  0.0 st
%Cpu(s): 16.2 us,  6.8 sy,  0.0 ni, 76.4 id,  0.0 wa,  0.0 hi,  0.6 si,  0.0 st
%Cpu(s): 15.8 us,  7.2 sy,  0.0 ni, 76.7 id,  0.0 wa,  0.0 hi,  0.4 si,  0.0 st
%Cpu(s): 15.3 us,  5.4 sy,  0.0 ni, 78.6 id,  0.0 wa,  0.0 hi,  0.6 si,  0.0 st
%Cpu(s): 15.6 us,  6.4 sy,  0.0 ni, 76.9 id,  0.0 wa,  0.0 hi,  1.1 si,  0.0 st
%Cpu(s): 13.9 us,  6.2 sy,  0.0 ni, 79.3 id,  0.0 wa,  0.0 hi,  0.5 si,  0.1 st
%Cpu(s): 15.5 us,  6.4 sy,  0.0 ni, 77.3 id,  0.0 wa,  0.0 hi,  0.8 si,  0.0 st
%Cpu(s): 16.2 us,  6.5 sy,  0.0 ni, 76.5 id,  0.0 wa,  0.0 hi,  0.8 si,  0.1 st
%Cpu(s): 14.9 us,  6.3 sy,  0.0 ni, 78.2 id,  0.0 wa,  0.0 hi,  0.5 si,  0.0 st
%Cpu(s): 12.9 us,  6.4 sy,  0.0 ni, 80.3 id,  0.0 wa,  0.0 hi,  0.4 si,  0.0 st
%Cpu(s): 14.5 us,  6.2 sy,  0.0 ni, 78.6 id,  0.0 wa,  0.0 hi,  0.8 si,  0.0 st
%Cpu(s): 14.5 us,  6.0 sy,  0.0 ni, 79.0 id,  0.0 wa,  0.0 hi,  0.5 si,  0.0 st
%Cpu(s): 13.5 us,  5.8 sy,  0.0 ni, 79.7 id,  0.0 wa,  0.0 hi,  0.9 si,  0.0 st
%Cpu(s): 15.3 us,  6.3 sy,  0.0 ni, 77.8 id,  0.0 wa,  0.0 hi,  0.5 si,  0.1 st
%Cpu(s): 24.7 us,  5.5 sy,  0.0 ni, 68.9 id,  0.1 wa,  0.0 hi,  0.8 si,  0.0 st
%Cpu(s): 19.6 us,  5.4 sy,  0.0 ni, 74.3 id,  0.0 wa,  0.0 hi,  0.6 si,  0.0 st
%Cpu(s): 28.2 us,  6.4 sy,  0.0 ni, 64.5 id,  0.0 wa,  0.0 hi,  0.9 si,  0.0 st
%Cpu(s): 16.6 us,  6.1 sy,  0.0 ni, 76.6 id,  0.0 wa,  0.0 hi,  0.7 si,  0.0 st
%Cpu(s): 17.4 us,  5.9 sy,  0.0 ni, 76.2 id,  0.0 wa,  0.0 hi,  0.5 si,  0.0 st
%Cpu(s): 14.4 us,  7.0 sy,  0.0 ni, 77.9 id,  0.0 wa,  0.0 hi,  0.6 si,  0.0 st
%Cpu(s): 14.3 us,  6.9 sy,  0.0 ni, 78.2 id,  0.0 wa,  0.0 hi,  0.5 si,  0.1 st
%Cpu(s): 14.8 us,  6.3 sy,  0.0 ni, 78.4 id,  0.0 wa,  0.0 hi,  0.5 si,  0.0 st
%Cpu(s): 16.6 us,  6.2 sy,  0.0 ni, 76.4 id,  0.0 wa,  0.0 hi,  0.6 si,  0.3 st
%Cpu(s): 13.0 us,  5.5 sy,  0.0 ni, 80.7 id,  0.0 wa,  0.0 hi,  0.6 si,  0.1 st
%Cpu(s): 14.2 us,  6.1 sy,  0.0 ni, 79.4 id,  0.0 wa,  0.0 hi,  0.3 si,  0.0 st
%Cpu(s): 12.0 us,  5.7 sy,  0.0 ni, 81.6 id,  0.0 wa,  0.0 hi,  0.6 si,  0.0 st
%Cpu(s): 13.4 us,  6.7 sy,  0.0 ni, 79.2 id,  0.0 wa,  0.0 hi,  0.8 si,  0.0 st
%Cpu(s): 15.4 us,  7.1 sy,  0.0 ni, 76.9 id,  0.0 wa,  0.0 hi,  0.6 si,  0.0 st
%Cpu(s): 14.5 us,  7.4 sy,  0.0 ni, 77.1 id,  0.0 wa,  0.0 hi,  0.8 si,  0.1 st
%Cpu(s): 14.4 us,  6.1 sy,  0.0 ni, 78.4 id,  0.0 wa,  0.0 hi,  1.0 si,  0.0 st
%Cpu(s): 14.7 us,  6.8 sy,  0.0 ni, 77.7 id,  0.0 wa,  0.0 hi,  0.8 si,  0.0 st
%Cpu(s): 13.1 us,  6.2 sy,  0.0 ni, 80.2 id,  0.0 wa,  0.0 hi,  0.5 si,  0.0 st
%Cpu(s): 15.7 us,  5.8 sy,  0.0 ni, 77.7 id,  0.0 wa,  0.0 hi,  0.8 si,  0.0 st
%Cpu(s): 16.4 us,  5.5 sy,  0.0 ni, 77.4 id,  0.0 wa,  0.0 hi,  0.7 si,  0.1 st
%Cpu(s): 14.9 us,  6.5 sy,  0.0 ni, 77.8 id,  0.0 wa,  0.0 hi,  0.6 si,  0.1 st
%Cpu(s): 16.0 us,  6.1 sy,  0.0 ni, 77.0 id,  0.0 wa,  0.0 hi,  0.9 si,  0.0 st
%Cpu(s): 14.9 us,  6.4 sy,  0.0 ni, 78.1 id,  0.0 wa,  0.0 hi,  0.6 si,  0.0 st
%Cpu(s): 14.1 us,  6.2 sy,  0.0 ni, 78.7 id,  0.0 wa,  0.0 hi,  1.0 si,  0.0 st
%Cpu(s): 13.9 us,  6.3 sy,  0.0 ni, 79.4 id,  0.0 wa,  0.0 hi,  0.4 si,  0.0 st
%Cpu(s): 16.4 us,  6.2 sy,  0.0 ni, 77.0 id,  0.0 wa,  0.0 hi,  0.4 si,  0.0 st
%Cpu(s): 15.8 us,  6.4 sy,  0.0 ni, 76.8 id,  0.0 wa,  0.0 hi,  1.0 si,  0.0 st
%Cpu(s): 10.6 us,  3.2 sy,  0.0 ni, 85.7 id,  0.0 wa,  0.0 hi,  0.4 si,  0.1 st
%Cpu(s):  9.5 us,  2.4 sy,  0.0 ni, 88.0 id,  0.0 wa,  0.0 hi,  0.1 si,  0.0 st
%Cpu(s):  8.8 us,  2.6 sy,  0.0 ni, 88.4 id,  0.1 wa,  0.0 hi,  0.1 si,  0.0 st
%Cpu(s): 12.1 us,  2.8 sy,  0.0 ni, 85.0 id,  0.0 wa,  0.0 hi,  0.1 si,  0.0 st
%Cpu(s):  9.0 us,  2.0 sy,  0.0 ni, 88.8 id,  0.0 wa,  0.0 hi,  0.1 si,  0.1 st
%Cpu(s):  4.6 us,  3.0 sy,  0.0 ni, 92.3 id,  0.0 wa,  0.0 hi,  0.1 si,  0.0 st
%Cpu(s):  5.3 us,  3.6 sy,  0.0 ni, 90.9 id,  0.0 wa,  0.0 hi,  0.0 si,  0.2 st
%Cpu(s):  4.7 us,  2.5 sy,  0.0 ni, 92.8 id,  0.0 wa,  0.0 hi,  0.0 si,  0.0 st
%Cpu(s):  3.5 us,  2.0 sy,  0.0 ni, 94.5 id,  0.0 wa,  0.0 hi,  0.0 si,  0.0 st
%Cpu(s):  4.5 us,  3.0 sy,  0.0 ni, 92.3 id,  0.0 wa,  0.0 hi,  0.0 si,  0.1 st
%Cpu(s):  7.0 us,  2.7 sy,  0.0 ni, 90.1 id,  0.0 wa,  0.0 hi,  0.1 si,  0.0 st
%Cpu(s):  4.8 us,  1.8 sy,  0.0 ni, 93.3 id,  0.0 wa,  0.0 hi,  0.0 si,  0.1 st
%Cpu(s):  4.1 us,  2.9 sy,  0.0 ni, 92.9 id,  0.1 wa,  0.0 hi,  0.0 si,  0.0 st
%Cpu(s):  2.1 us,  2.4 sy,  0.0 ni, 95.4 id,  0.0 wa,  0.0 hi,  0.0 si,  0.1 st
%Cpu(s):  2.0 us,  2.4 sy,  0.0 ni, 95.4 id,  0.0 wa,  0.0 hi,  0.1 si,  0.1 st
%Cpu(s):  2.3 us,  3.3 sy,  0.0 ni, 94.2 id,  0.0 wa,  0.0 hi,  0.0 si,  0.3 st
%Cpu(s):  3.6 us,  3.1 sy,  0.0 ni, 92.7 id,  0.0 wa,  0.0 hi,  0.5 si,  0.1 st
%Cpu(s):  9.7 us,  2.8 sy,  0.0 ni, 87.4 id,  0.0 wa,  0.0 hi,  0.0 si,  0.1 st
