%Cpu(s):  1.3 us,  0.2 sy,  0.0 ni, 98.4 id,  0.0 wa,  0.0 hi,  0.0 si,  0.0 st
%Cpu(s):  1.4 us,  1.1 sy,  0.0 ni, 97.4 id,  0.0 wa,  0.0 hi,  0.0 si,  0.1 st
%Cpu(s):  1.0 us,  0.8 sy,  0.0 ni, 98.2 id,  0.0 wa,  0.0 hi,  0.0 si,  0.0 st
%Cpu(s):  1.2 us,  1.6 sy,  0.0 ni, 96.9 id,  0.1 wa,  0.0 hi,  0.0 si,  0.1 st
%Cpu(s):  0.9 us,  1.0 sy,  0.0 ni, 98.1 id,  0.0 wa,  0.0 hi,  0.0 si,  0.0 st
%Cpu(s):  4.5 us,  1.4 sy,  0.0 ni, 94.1 id,  0.0 wa,  0.0 hi,  0.0 si,  0.0 st
%Cpu(s):  7.8 us,  1.5 sy,  0.0 ni, 90.8 id,  0.0 wa,  0.0 hi,  0.0 si,  0.0 st
%Cpu(s): 76.3 us,  4.9 sy,  0.0 ni, 18.2 id,  0.0 wa,  0.0 hi,  0.6 si,  0.0 st
%Cpu(s): 87.4 us,  6.2 sy,  0.0 ni,  5.0 id,  0.0 wa,  0.0 hi,  1.4 si,  0.0 st
%Cpu(s): 88.5 us,  7.4 sy,  0.0 ni,  2.9 id,  0.0 wa,  0.0 hi,  1.2 si,  0.0 st
%Cpu(s): 86.7 us,  7.7 sy,  0.0 ni,  4.5 id,  0.0 wa,  0.0 hi,  1.1 si,  0.0 st
%Cpu(s): 90.5 us,  6.4 sy,  0.0 ni,  1.7 id,  0.0 wa,  0.0 hi,  1.4 si,  0.0 st
%Cpu(s): 76.4 us,  6.3 sy,  0.0 ni, 16.1 id,  0.0 wa,  0.0 hi,  1.3 si,  0.0 st
%Cpu(s): 30.6 us,  5.1 sy,  0.0 ni, 63.6 id,  0.0 wa,  0.0 hi,  0.6 si,  0.0 st
%Cpu(s): 39.3 us,  6.2 sy,  0.0 ni, 53.7 id,  0.0 wa,  0.0 hi,  0.8 si,  0.0 st
%Cpu(s): 28.8 us,  4.9 sy,  0.0 ni, 65.6 id,  0.0 wa,  0.0 hi,  0.8 si,  0.0 st
%Cpu(s): 43.5 us,  5.5 sy,  0.0 ni, 50.1 id,  0.1 wa,  0.0 hi,  0.6 si,  0.1 st
%Cpu(s): 18.8 us,  5.3 sy,  0.0 ni, 75.3 id,  0.0 wa,  0.0 hi,  0.6 si,  0.0 st
%Cpu(s):  7.6 us,  5.8 sy,  0.0 ni, 86.3 id,  0.0 wa,  0.0 hi,  0.1 si,  0.1 st
%Cpu(s):  8.1 us,  5.4 sy,  0.0 ni, 86.1 id,  0.0 wa,  0.0 hi,  0.4 si,  0.0 st
%Cpu(s):  9.5 us,  5.1 sy,  0.0 ni, 84.7 id,  0.0 wa,  0.0 hi,  0.6 si,  0.1 st
%Cpu(s):  8.2 us,  5.9 sy,  0.0 ni, 85.4 id,  0.0 wa,  0.0 hi,  0.5 si,  0.0 st
%Cpu(s):  7.6 us,  5.4 sy,  0.0 ni, 86.6 id,  0.0 wa,  0.0 hi,  0.4 si,  0.0 st
%Cpu(s):  7.1 us,  4.6 sy,  0.0 ni, 88.1 id,  0.0 wa,  0.0 hi,  0.3 si,  0.0 st
%Cpu(s):  6.9 us,  5.8 sy,  0.0 ni, 86.7 id,  0.0 wa,  0.0 hi,  0.5 si,  0.0 st
%Cpu(s):  8.9 us,  4.7 sy,  0.0 ni, 86.1 id,  0.0 wa,  0.0 hi,  0.4 si,  0.0 st
%Cpu(s):  8.0 us,  4.4 sy,  0.0 ni, 87.2 id,  0.0 wa,  0.0 hi,  0.4 si,  0.0 st
%Cpu(s):  7.0 us,  5.6 sy,  0.0 ni, 87.3 id,  0.0 wa,  0.0 hi,  0.1 si,  0.0 st
%Cpu(s):  8.3 us,  4.2 sy,  0.0 ni, 86.9 id,  0.0 wa,  0.0 hi,  0.6 si,  0.0 st
%Cpu(s):  8.0 us,  4.1 sy,  0.0 ni, 87.4 id,  0.0 wa,  0.0 hi,  0.4 si,  0.1 st
%Cpu(s):  7.4 us,  4.7 sy,  0.0 ni, 87.2 id,  0.0 wa,  0.0 hi,  0.6 si,  0.0 st
%Cpu(s):  7.5 us,  5.1 sy,  0.0 ni, 87.0 id,  0.0 wa,  0.0 hi,  0.5 si,  0.0 st
%Cpu(s):  7.8 us,  5.8 sy,  0.0 ni, 86.0 id,  0.0 wa,  0.0 hi,  0.4 si,  0.0 st
%Cpu(s):  7.1 us,  5.3 sy,  0.0 ni, 86.9 id,  0.1 wa,  0.0 hi,  0.5 si,  0.1 st
%Cpu(s):  6.1 us,  5.6 sy,  0.0 ni, 87.8 id,  0.0 wa,  0.0 hi,  0.5 si,  0.0 st
%Cpu(s):  7.3 us,  5.6 sy,  0.0 ni, 86.5 id,  0.0 wa,  0.0 hi,  0.6 si,  0.0 st
%Cpu(s):  8.6 us,  5.0 sy,  0.0 ni, 86.2 id,  0.0 wa,  0.0 hi,  0.3 si,  0.0 st
%Cpu(s): 19.0 us,  5.8 sy,  0.0 ni, 74.5 id,  0.0 wa,  0.0 hi,  0.6 si,  0.1 st
%Cpu(s): 13.4 us,  5.3 sy,  0.0 ni, 80.8 id,  0.0 wa,  0.0 hi,  0.5 si,  0.0 st
%Cpu(s):  8.6 us,  4.1 sy,  0.0 ni, 86.7 id,  0.0 wa,  0.0 hi,  0.6 si,  0.0 st
%Cpu(s):  8.5 us,  4.2 sy,  0.0 ni, 87.1 id,  0.0 wa,  0.0 hi,  0.3 si,  0.0 st
%Cpu(s): 10.3 us,  4.3 sy,  0.0 ni, 84.9 id,  0.0 wa,  0.0 hi,  0.5 si,  0.0 st
%Cpu(s): 16.9 us,  4.6 sy,  0.0 ni, 77.9 id,  0.0 wa,  0.0 hi,  0.5 si,  0.0 st
%Cpu(s): 11.0 us,  4.2 sy,  0.0 ni, 83.9 id,  0.0 wa,  0.0 hi,  0.6 si,  0.3 st
%Cpu(s):  6.2 us,  4.0 sy,  0.0 ni, 89.5 id,  0.0 wa,  0.0 hi,  0.4 si,  0.0 st
%Cpu(s):  6.5 us,  5.2 sy,  0.0 ni, 87.9 id,  0.0 wa,  0.0 hi,  0.4 si,  0.0 st
%Cpu(s):  6.4 us,  5.1 sy,  0.0 ni, 88.2 id,  0.0 wa,  0.0 hi,  0.3 si,  0.0 st
%Cpu(s):  7.4 us,  5.6 sy,  0.0 ni, 86.8 id,  0.0 wa,  0.0 hi,  0.2 si,  0.0 st
%Cpu(s):  7.4 us,  5.0 sy,  0.0 ni, 86.9 id,  0.0 wa,  0.0 hi,  0.8 si,  0.0 st
%Cpu(s):  7.9 us,  4.3 sy,  0.0 ni, 87.0 id,  0.0 wa,  0.0 hi,  0.8 si,  0.0 st
%Cpu(s):  7.6 us,  4.7 sy,  0.0 ni, 87.1 id,  0.0 wa,  0.0 hi,  0.5 si,  0.0 st
%Cpu(s):  6.6 us,  5.1 sy,  0.0 ni, 87.8 id,  0.0 wa,  0.0 hi,  0.5 si,  0.0 st
%Cpu(s):  6.1 us,  5.5 sy,  0.0 ni, 87.9 id,  0.0 wa,  0.0 hi,  0.4 si,  0.1 st
%Cpu(s):  7.6 us,  4.7 sy,  0.0 ni, 87.0 id,  0.1 wa,  0.0 hi,  0.6 si,  0.0 st
%Cpu(s):  5.9 us,  4.3 sy,  0.0 ni, 89.2 id,  0.0 wa,  0.0 hi,  0.6 si,  0.0 st
%Cpu(s):  6.6 us,  4.8 sy,  0.0 ni, 88.0 id,  0.0 wa,  0.0 hi,  0.5 si,  0.0 st
%Cpu(s):  7.1 us,  4.8 sy,  0.0 ni, 87.4 id,  0.0 wa,  0.0 hi,  0.6 si,  0.0 st
%Cpu(s):  5.9 us,  4.2 sy,  0.0 ni, 89.3 id,  0.0 wa,  0.0 hi,  0.4 si,  0.1 st
%Cpu(s):  7.0 us,  4.3 sy,  0.0 ni, 88.0 id,  0.0 wa,  0.0 hi,  0.6 si,  0.0 st
%Cpu(s):  6.6 us,  4.7 sy,  0.0 ni, 87.9 id,  0.0 wa,  0.0 hi,  0.8 si,  0.0 st
%Cpu(s):  6.4 us,  3.5 sy,  0.0 ni, 89.8 id,  0.0 wa,  0.0 hi,  0.3 si,  0.0 st
%Cpu(s):  6.6 us,  5.8 sy,  0.0 ni, 87.4 id,  0.0 wa,  0.0 hi,  0.3 si,  0.0 st
%Cpu(s):  6.9 us,  6.5 sy,  0.0 ni, 85.9 id,  0.0 wa,  0.0 hi,  0.5 si,  0.1 st
%Cpu(s):  8.2 us,  6.3 sy,  0.0 ni, 84.9 id,  0.0 wa,  0.0 hi,  0.6 si,  0.0 st
%Cpu(s):  7.6 us,  5.4 sy,  0.0 ni, 86.7 id,  0.0 wa,  0.0 hi,  0.3 si,  0.0 st
%Cpu(s):  7.8 us,  5.9 sy,  0.0 ni, 86.0 id,  0.0 wa,  0.0 hi,  0.3 si,  0.0 st
%Cpu(s): 13.7 us,  5.4 sy,  0.0 ni, 80.3 id,  0.0 wa,  0.0 hi,  0.5 si,  0.1 st
%Cpu(s): 54.3 us,  7.6 sy,  0.0 ni, 37.2 id,  0.0 wa,  0.0 hi,  0.7 si,  0.1 st
%Cpu(s): 40.9 us,  5.6 sy,  0.0 ni, 52.6 id,  0.0 wa,  0.0 hi,  0.9 si,  0.0 st
%Cpu(s): 18.8 us,  5.2 sy,  0.0 ni, 75.2 id,  0.0 wa,  0.0 hi,  0.8 si,  0.0 st
%Cpu(s): 14.0 us,  4.9 sy,  0.0 ni, 80.6 id,  0.0 wa,  0.0 hi,  0.5 si,  0.0 st
%Cpu(s):  7.3 us,  6.4 sy,  0.0 ni, 85.8 id,  0.0 wa,  0.0 hi,  0.4 si,  0.0 st
%Cpu(s): 10.1 us,  5.1 sy,  0.0 ni, 84.3 id,  0.0 wa,  0.0 hi,  0.5 si,  0.0 st
%Cpu(s): 14.4 us,  5.2 sy,  0.0 ni, 79.6 id,  0.1 wa,  0.0 hi,  0.6 si,  0.0 st
%Cpu(s): 14.4 us,  6.1 sy,  0.0 ni, 79.4 id,  0.0 wa,  0.0 hi,  0.1 si,  0.0 st
%Cpu(s): 11.9 us,  6.4 sy,  0.0 ni, 81.2 id,  0.0 wa,  0.0 hi,  0.4 si,  0.1 st
%Cpu(s): 11.8 us,  4.8 sy,  0.0 ni, 83.1 id,  0.0 wa,  0.0 hi,  0.3 si,  0.0 st
%Cpu(s):  9.3 us,  5.7 sy,  0.0 ni, 84.6 id,  0.0 wa,  0.0 hi,  0.3 si,  0.1 st
%Cpu(s): 10.5 us,  6.0 sy,  0.0 ni, 83.1 id,  0.0 wa,  0.0 hi,  0.3 si,  0.1 st
%Cpu(s): 11.8 us,  5.3 sy,  0.0 ni, 82.6 id,  0.0 wa,  0.0 hi,  0.4 si,  0.0 st
%Cpu(s): 12.3 us,  6.2 sy,  0.0 ni, 81.3 id,  0.0 wa,  0.0 hi,  0.1 si,  0.0 st
%Cpu(s): 15.8 us,  6.2 sy,  0.0 ni, 77.2 id,  0.0 wa,  0.0 hi,  0.6 si,  0.1 st
%Cpu(s): 18.8 us,  9.5 sy,  0.0 ni, 71.0 id,  0.0 wa,  0.0 hi,  0.8 si,  0.0 st
