%Cpu(s):  9.9 us,  1.6 sy,  0.0 ni, 88.2 id,  0.0 wa,  0.0 hi,  0.2 si,  0.0 st
%Cpu(s):  3.3 us,  1.8 sy,  0.0 ni, 94.7 id,  0.0 wa,  0.0 hi,  0.0 si,  0.3 st
%Cpu(s):  4.0 us,  2.7 sy,  0.0 ni, 92.9 id,  0.0 wa,  0.0 hi,  0.1 si,  0.2 st
%Cpu(s):  2.6 us,  2.5 sy,  0.0 ni, 94.6 id,  0.0 wa,  0.0 hi,  0.0 si,  0.3 st
%Cpu(s):  4.4 us,  2.8 sy,  0.0 ni, 92.6 id,  0.0 wa,  0.0 hi,  0.0 si,  0.3 st
%Cpu(s):  6.2 us,  3.1 sy,  0.0 ni, 90.3 id,  0.0 wa,  0.0 hi,  0.1 si,  0.3 st
%Cpu(s): 44.7 us,  2.9 sy,  0.0 ni, 51.8 id,  0.0 wa,  0.0 hi,  0.3 si,  0.3 st
%Cpu(s): 86.3 us,  9.4 sy,  0.0 ni,  3.2 id,  0.0 wa,  0.0 hi,  1.1 si,  0.0 st
%Cpu(s): 87.3 us,  9.5 sy,  0.0 ni,  0.6 id,  0.0 wa,  0.0 hi,  2.6 si,  0.0 st
%Cpu(s): 88.4 us,  9.7 sy,  0.0 ni,  0.1 id,  0.0 wa,  0.0 hi,  1.7 si,  0.0 st
%Cpu(s): 88.4 us,  9.1 sy,  0.0 ni,  0.0 id,  0.0 wa,  0.0 hi,  2.5 si,  0.0 st
%Cpu(s): 86.1 us, 10.8 sy,  0.0 ni,  0.1 id,  0.0 wa,  0.0 hi,  3.0 si,  0.0 st
%Cpu(s): 88.7 us,  8.7 sy,  0.0 ni,  0.2 id,  0.0 wa,  0.0 hi,  2.4 si,  0.0 st
%Cpu(s): 88.4 us,  8.2 sy,  0.0 ni,  1.0 id,  0.0 wa,  0.0 hi,  2.4 si,  0.0 st
%Cpu(s): 37.4 us,  8.0 sy,  0.0 ni, 53.2 id,  0.0 wa,  0.0 hi,  1.4 si,  0.0 st
%Cpu(s): 15.4 us,  6.3 sy,  0.0 ni, 76.9 id,  0.1 wa,  0.0 hi,  1.2 si,  0.0 st
%Cpu(s): 16.2 us,  7.3 sy,  0.0 ni, 75.4 id,  0.0 wa,  0.0 hi,  1.0 si,  0.0 st
%Cpu(s): 15.3 us,  7.1 sy,  0.0 ni, 76.1 id,  0.0 wa,  0.0 hi,  1.4 si,  0.0 st
%Cpu(s): 15.3 us,  7.8 sy,  0.0 ni, 75.8 id,  0.0 wa,  0.0 hi,  1.1 si,  0.0 st
%Cpu(s): 17.9 us,  7.7 sy,  0.0 ni, 73.3 id,  0.0 wa,  0.0 hi,  1.1 si,  0.0 st
%Cpu(s): 21.8 us,  7.7 sy,  0.0 ni, 69.3 id,  0.0 wa,  0.0 hi,  1.3 si,  0.0 st
%Cpu(s): 15.2 us,  6.8 sy,  0.0 ni, 76.7 id,  0.0 wa,  0.0 hi,  1.3 si,  0.0 st
%Cpu(s): 29.7 us,  7.0 sy,  0.0 ni, 62.2 id,  0.0 wa,  0.0 hi,  1.1 si,  0.0 st
%Cpu(s): 26.4 us,  7.3 sy,  0.0 ni, 64.6 id,  0.0 wa,  0.0 hi,  1.8 si,  0.0 st
%Cpu(s): 30.4 us,  7.3 sy,  0.0 ni, 60.8 id,  0.0 wa,  0.0 hi,  1.4 si,  0.1 st
%Cpu(s): 15.7 us,  6.7 sy,  0.0 ni, 75.9 id,  0.0 wa,  0.0 hi,  1.7 si,  0.0 st
%Cpu(s): 12.4 us,  6.8 sy,  0.0 ni, 79.8 id,  0.0 wa,  0.0 hi,  1.0 si,  0.0 st
%Cpu(s): 17.9 us,  6.8 sy,  0.0 ni, 74.2 id,  0.0 wa,  0.0 hi,  1.0 si,  0.0 st
%Cpu(s): 25.0 us,  6.9 sy,  0.0 ni, 66.4 id,  0.0 wa,  0.0 hi,  1.7 si,  0.1 st
%Cpu(s): 25.3 us,  8.0 sy,  0.0 ni, 65.3 id,  0.0 wa,  0.0 hi,  1.4 si,  0.0 st
%Cpu(s): 10.2 us,  6.4 sy,  0.0 ni, 82.1 id,  0.1 wa,  0.0 hi,  1.2 si,  0.0 st
%Cpu(s): 21.1 us,  6.7 sy,  0.0 ni, 70.6 id,  0.0 wa,  0.0 hi,  1.5 si,  0.0 st
%Cpu(s): 17.1 us,  7.7 sy,  0.0 ni, 74.3 id,  0.0 wa,  0.0 hi,  0.9 si,  0.0 st
%Cpu(s): 12.9 us,  5.7 sy,  0.0 ni, 80.4 id,  0.0 wa,  0.0 hi,  1.0 si,  0.0 st
%Cpu(s): 11.7 us,  5.8 sy,  0.0 ni, 80.9 id,  0.0 wa,  0.0 hi,  1.4 si,  0.1 st
%Cpu(s): 17.8 us,  5.6 sy,  0.0 ni, 75.7 id,  0.0 wa,  0.0 hi,  0.9 si,  0.0 st
%Cpu(s): 22.1 us,  7.0 sy,  0.0 ni, 69.9 id,  0.0 wa,  0.0 hi,  0.9 si,  0.0 st
%Cpu(s): 19.2 us,  7.5 sy,  0.0 ni, 72.3 id,  0.0 wa,  0.0 hi,  1.0 si,  0.0 st
%Cpu(s): 24.4 us,  6.8 sy,  0.0 ni, 68.3 id,  0.0 wa,  0.0 hi,  0.4 si,  0.1 st
%Cpu(s): 30.1 us,  7.6 sy,  0.0 ni, 61.3 id,  0.0 wa,  0.0 hi,  1.0 si,  0.0 st
%Cpu(s): 25.2 us,  7.3 sy,  0.0 ni, 66.5 id,  0.0 wa,  0.0 hi,  1.0 si,  0.0 st
%Cpu(s): 17.7 us,  6.7 sy,  0.0 ni, 74.2 id,  0.0 wa,  0.0 hi,  1.4 si,  0.0 st
%Cpu(s): 11.9 us,  8.4 sy,  0.0 ni, 77.9 id,  0.0 wa,  0.0 hi,  1.8 si,  0.0 st
%Cpu(s): 10.5 us,  8.1 sy,  0.0 ni, 80.2 id,  0.0 wa,  0.0 hi,  1.2 si,  0.0 st
%Cpu(s): 12.6 us,  7.5 sy,  0.0 ni, 79.2 id,  0.0 wa,  0.0 hi,  0.6 si,  0.1 st
%Cpu(s): 10.7 us,  7.6 sy,  0.0 ni, 80.8 id,  0.0 wa,  0.0 hi,  0.9 si,  0.0 st
%Cpu(s): 12.6 us,  7.5 sy,  0.0 ni, 79.3 id,  0.0 wa,  0.0 hi,  0.5 si,  0.0 st
%Cpu(s): 12.2 us,  7.9 sy,  0.0 ni, 78.7 id,  0.0 wa,  0.0 hi,  1.1 si,  0.0 st
%Cpu(s): 13.9 us,  6.9 sy,  0.0 ni, 78.1 id,  0.0 wa,  0.0 hi,  0.9 si,  0.1 st
%Cpu(s): 12.9 us,  8.7 sy,  0.0 ni, 77.3 id,  0.0 wa,  0.0 hi,  1.0 si,  0.0 st
%Cpu(s): 14.9 us,  7.9 sy,  0.0 ni, 76.4 id,  0.0 wa,  0.0 hi,  0.8 si,  0.0 st
%Cpu(s): 11.1 us,  7.2 sy,  0.0 ni, 80.8 id,  0.0 wa,  0.0 hi,  0.9 si,  0.0 st
%Cpu(s): 13.1 us,  7.3 sy,  0.0 ni, 77.7 id,  0.0 wa,  0.0 hi,  1.9 si,  0.0 st
%Cpu(s): 13.2 us,  7.3 sy,  0.0 ni, 78.4 id,  0.0 wa,  0.0 hi,  1.0 si,  0.0 st
%Cpu(s): 14.5 us,  8.4 sy,  0.0 ni, 76.0 id,  0.0 wa,  0.0 hi,  1.1 si,  0.0 st
%Cpu(s): 14.1 us,  7.2 sy,  0.0 ni, 78.0 id,  0.0 wa,  0.0 hi,  0.5 si,  0.1 st
%Cpu(s): 13.5 us,  7.6 sy,  0.0 ni, 78.0 id,  0.0 wa,  0.0 hi,  0.9 si,  0.0 st
%Cpu(s): 12.6 us,  7.6 sy,  0.0 ni, 78.8 id,  0.0 wa,  0.0 hi,  1.0 si,  0.0 st
%Cpu(s): 12.8 us,  8.4 sy,  0.0 ni, 78.1 id,  0.0 wa,  0.0 hi,  0.8 si,  0.0 st
%Cpu(s): 10.9 us,  7.2 sy,  0.0 ni, 80.9 id,  0.0 wa,  0.0 hi,  1.0 si,  0.0 st
%Cpu(s): 12.9 us,  7.2 sy,  0.0 ni, 78.9 id,  0.1 wa,  0.0 hi,  0.8 si,  0.1 st
%Cpu(s):  6.2 us,  3.9 sy,  0.0 ni, 89.1 id,  0.0 wa,  0.0 hi,  0.8 si,  0.0 st
%Cpu(s):  3.5 us,  2.7 sy,  0.0 ni, 93.4 id,  0.0 wa,  0.0 hi,  0.3 si,  0.1 st
%Cpu(s):  2.5 us,  2.8 sy,  0.0 ni, 94.6 id,  0.0 wa,  0.0 hi,  0.0 si,  0.0 st
%Cpu(s):  3.8 us,  2.4 sy,  0.0 ni, 93.6 id,  0.0 wa,  0.0 hi,  0.1 si,  0.0 st
%Cpu(s):  3.2 us,  2.4 sy,  0.0 ni, 94.4 id,  0.0 wa,  0.0 hi,  0.0 si,  0.0 st
%Cpu(s): 13.3 us,  3.3 sy,  0.0 ni, 83.0 id,  0.0 wa,  0.0 hi,  0.4 si,  0.1 st
%Cpu(s): 29.3 us,  2.3 sy,  0.0 ni, 68.3 id,  0.0 wa,  0.0 hi,  0.1 si,  0.0 st
%Cpu(s): 29.0 us,  2.6 sy,  0.0 ni, 68.3 id,  0.0 wa,  0.0 hi,  0.0 si,  0.0 st
%Cpu(s): 10.4 us,  2.4 sy,  0.0 ni, 86.7 id,  0.0 wa,  0.0 hi,  0.3 si,  0.3 st
%Cpu(s):  3.2 us,  2.6 sy,  0.0 ni, 93.9 id,  0.0 wa,  0.0 hi,  0.0 si,  0.2 st
%Cpu(s):  3.0 us,  2.9 sy,  0.0 ni, 93.8 id,  0.0 wa,  0.0 hi,  0.1 si,  0.1 st
%Cpu(s):  2.8 us,  1.8 sy,  0.0 ni, 95.2 id,  0.0 wa,  0.0 hi,  0.0 si,  0.3 st
%Cpu(s):  3.7 us,  2.6 sy,  0.0 ni, 93.3 id,  0.0 wa,  0.0 hi,  0.2 si,  0.1 st
%Cpu(s):  2.9 us,  1.6 sy,  0.0 ni, 95.1 id,  0.0 wa,  0.0 hi,  0.1 si,  0.3 st
%Cpu(s):  2.4 us,  1.9 sy,  0.0 ni, 95.7 id,  0.0 wa,  0.0 hi,  0.0 si,  0.0 st
%Cpu(s):  3.0 us,  3.1 sy,  0.0 ni, 93.6 id,  0.0 wa,  0.0 hi,  0.0 si,  0.3 st
%Cpu(s):  3.7 us,  2.9 sy,  0.0 ni, 93.1 id,  0.0 wa,  0.0 hi,  0.1 si,  0.1 st
