%Cpu(s): 11.0 us,  1.7 sy,  0.0 ni, 87.0 id,  0.0 wa,  0.0 hi,  0.2 si,  0.0 st
%Cpu(s):  3.0 us,  2.5 sy,  0.0 ni, 94.5 id,  0.0 wa,  0.0 hi,  0.0 si,  0.0 st
%Cpu(s):  3.0 us,  2.2 sy,  0.0 ni, 94.6 id,  0.0 wa,  0.0 hi,  0.0 si,  0.1 st
%Cpu(s):  2.0 us,  2.3 sy,  0.0 ni, 95.6 id,  0.0 wa,  0.0 hi,  0.0 si,  0.1 st
%Cpu(s):  5.7 us,  1.8 sy,  0.0 ni, 92.6 id,  0.0 wa,  0.0 hi,  0.0 si,  0.0 st
%Cpu(s): 14.9 us,  2.8 sy,  0.0 ni, 82.2 id,  0.0 wa,  0.0 hi,  0.1 si,  0.0 st
%Cpu(s): 66.3 us,  4.1 sy,  0.0 ni, 28.4 id,  0.0 wa,  0.0 hi,  1.1 si,  0.1 st
%Cpu(s): 88.1 us,  8.8 sy,  0.0 ni,  1.3 id,  0.0 wa,  0.0 hi,  1.9 si,  0.0 st
%Cpu(s): 88.2 us,  8.8 sy,  0.0 ni,  0.9 id,  0.0 wa,  0.0 hi,  2.1 si,  0.0 st
%Cpu(s): 90.3 us,  8.1 sy,  0.0 ni,  0.0 id,  0.0 wa,  0.0 hi,  1.6 si,  0.0 st
%Cpu(s): 89.1 us,  8.6 sy,  0.0 ni,  0.0 id,  0.0 wa,  0.0 hi,  2.2 si,  0.1 st
%Cpu(s): 89.4 us,  7.9 sy,  0.0 ni,  0.6 id,  0.0 wa,  0.0 hi,  2.0 si,  0.1 st
%Cpu(s): 87.8 us,  9.0 sy,  0.0 ni,  0.7 id,  0.0 wa,  0.0 hi,  2.5 si,  0.0 st
%Cpu(s): 88.2 us,  9.5 sy,  0.0 ni,  0.1 id,  0.0 wa,  0.0 hi,  2.2 si,  0.0 st
%Cpu(s): 80.0 us,  9.6 sy,  0.0 ni,  8.3 id,  0.0 wa,  0.0 hi,  2.1 si,  0.0 st
%Cpu(s): 51.2 us,  7.7 sy,  0.0 ni, 39.0 id,  0.1 wa,  0.0 hi,  1.9 si,  0.1 st
%Cpu(s): 34.8 us,  6.7 sy,  0.0 ni, 56.4 id,  0.0 wa,  0.0 hi,  2.0 si,  0.1 st
%Cpu(s): 40.7 us,  6.7 sy,  0.0 ni, 50.8 id,  0.0 wa,  0.0 hi,  1.7 si,  0.1 st
%Cpu(s): 20.1 us,  7.8 sy,  0.0 ni, 71.2 id,  0.0 wa,  0.0 hi,  0.8 si,  0.0 st
%Cpu(s): 27.0 us,  6.8 sy,  0.0 ni, 64.7 id,  0.0 wa,  0.0 hi,  1.4 si,  0.1 st
%Cpu(s): 23.2 us,  5.8 sy,  0.0 ni, 69.2 id,  0.0 wa,  0.0 hi,  1.7 si,  0.0 st
%Cpu(s): 39.1 us,  6.9 sy,  0.0 ni, 52.1 id,  0.0 wa,  0.0 hi,  1.8 si,  0.1 st
%Cpu(s): 44.1 us,  6.8 sy,  0.0 ni, 46.8 id,  0.0 wa,  0.0 hi,  2.3 si,  0.0 st
%Cpu(s): 20.9 us,  6.9 sy,  0.0 ni, 70.3 id,  0.0 wa,  0.0 hi,  1.8 si,  0.1 st
%Cpu(s): 19.9 us,  6.6 sy,  0.0 ni, 71.8 id,  0.0 wa,  0.0 hi,  1.6 si,  0.0 st
%Cpu(s): 22.0 us,  6.2 sy,  0.0 ni, 70.0 id,  0.0 wa,  0.0 hi,  1.7 si,  0.1 st
%Cpu(s): 20.4 us,  6.9 sy,  0.0 ni, 71.2 id,  0.0 wa,  0.0 hi,  1.5 si,  0.0 st
%Cpu(s): 18.4 us,  5.7 sy,  0.0 ni, 74.1 id,  0.0 wa,  0.0 hi,  1.7 si,  0.1 st
%Cpu(s): 20.4 us,  6.3 sy,  0.0 ni, 71.3 id,  0.0 wa,  0.0 hi,  1.8 si,  0.1 st
%Cpu(s): 20.1 us,  6.7 sy,  0.0 ni, 71.3 id,  0.0 wa,  0.0 hi,  1.8 si,  0.1 st
%Cpu(s): 20.5 us,  6.3 sy,  0.0 ni, 71.7 id,  0.0 wa,  0.0 hi,  1.6 si,  0.0 st
%Cpu(s): 18.2 us,  8.1 sy,  0.0 ni, 71.8 id,  0.0 wa,  0.0 hi,  1.8 si,  0.1 st
%Cpu(s): 19.7 us,  7.0 sy,  0.0 ni, 71.6 id,  0.0 wa,  0.0 hi,  1.7 si,  0.0 st
%Cpu(s): 18.5 us,  7.3 sy,  0.0 ni, 72.4 id,  0.0 wa,  0.0 hi,  1.5 si,  0.3 st
%Cpu(s): 18.9 us,  6.4 sy,  0.0 ni, 73.3 id,  0.0 wa,  0.0 hi,  1.4 si,  0.0 st
%Cpu(s): 22.4 us,  6.7 sy,  0.0 ni, 69.4 id,  0.1 wa,  0.0 hi,  1.3 si,  0.1 st
%Cpu(s): 29.6 us,  7.4 sy,  0.0 ni, 61.4 id,  0.0 wa,  0.0 hi,  1.6 si,  0.0 st
%Cpu(s): 28.6 us,  7.3 sy,  0.0 ni, 62.3 id,  0.0 wa,  0.0 hi,  1.7 si,  0.1 st
%Cpu(s): 18.7 us,  7.3 sy,  0.0 ni, 72.4 id,  0.0 wa,  0.0 hi,  1.5 si,  0.0 st
%Cpu(s): 32.3 us,  7.1 sy,  0.0 ni, 59.2 id,  0.0 wa,  0.0 hi,  1.3 si,  0.1 st
%Cpu(s): 26.7 us,  7.4 sy,  0.0 ni, 64.8 id,  0.0 wa,  0.0 hi,  0.9 si,  0.3 st
%Cpu(s): 20.5 us,  6.5 sy,  0.0 ni, 72.2 id,  0.0 wa,  0.0 hi,  0.9 si,  0.0 st
%Cpu(s): 23.7 us,  6.9 sy,  0.0 ni, 67.8 id,  0.0 wa,  0.0 hi,  1.4 si,  0.1 st
%Cpu(s): 19.3 us,  6.6 sy,  0.0 ni, 72.2 id,  0.0 wa,  0.0 hi,  1.9 si,  0.0 st
%Cpu(s): 19.6 us,  7.3 sy,  0.0 ni, 72.2 id,  0.0 wa,  0.0 hi,  0.9 si,  0.0 st
%Cpu(s): 17.8 us,  6.9 sy,  0.0 ni, 73.9 id,  0.0 wa,  0.0 hi,  1.0 si,  0.3 st
%Cpu(s): 19.5 us,  6.6 sy,  0.0 ni, 72.7 id,  0.0 wa,  0.0 hi,  1.1 si,  0.0 st
%Cpu(s): 16.2 us,  5.8 sy,  0.0 ni, 76.7 id,  0.0 wa,  0.0 hi,  1.2 si,  0.1 st
%Cpu(s): 17.9 us,  6.0 sy,  0.0 ni, 75.0 id,  0.0 wa,  0.0 hi,  1.2 si,  0.0 st
%Cpu(s): 18.9 us,  7.0 sy,  0.0 ni, 72.7 id,  0.0 wa,  0.0 hi,  1.3 si,  0.1 st
%Cpu(s): 17.9 us,  5.9 sy,  0.0 ni, 74.1 id,  0.0 wa,  0.0 hi,  2.1 si,  0.0 st
%Cpu(s): 19.2 us,  5.0 sy,  0.0 ni, 73.8 id,  0.0 wa,  0.0 hi,  1.9 si,  0.1 st
%Cpu(s): 19.2 us,  5.9 sy,  0.0 ni, 74.0 id,  0.0 wa,  0.0 hi,  0.9 si,  0.0 st
%Cpu(s): 19.5 us,  7.3 sy,  0.0 ni, 71.4 id,  0.0 wa,  0.0 hi,  1.6 si,  0.1 st
%Cpu(s): 20.2 us,  7.6 sy,  0.0 ni, 71.1 id,  0.0 wa,  0.0 hi,  1.1 si,  0.0 st
%Cpu(s): 20.6 us,  6.8 sy,  0.0 ni, 70.9 id,  0.0 wa,  0.0 hi,  1.5 si,  0.1 st
%Cpu(s): 19.7 us,  6.6 sy,  0.0 ni, 72.4 id,  0.0 wa,  0.0 hi,  1.3 si,  0.0 st
%Cpu(s): 21.1 us,  6.5 sy,  0.0 ni, 71.0 id,  0.0 wa,  0.0 hi,  1.3 si,  0.1 st
%Cpu(s): 19.2 us,  7.2 sy,  0.0 ni, 72.2 id,  0.0 wa,  0.0 hi,  1.3 si,  0.1 st
%Cpu(s): 20.4 us,  7.2 sy,  0.0 ni, 70.6 id,  0.0 wa,  0.0 hi,  1.8 si,  0.0 st
%Cpu(s): 18.6 us,  6.7 sy,  0.0 ni, 73.3 id,  0.0 wa,  0.0 hi,  1.3 si,  0.1 st
%Cpu(s): 22.9 us,  8.0 sy,  0.0 ni, 67.1 id,  0.0 wa,  0.0 hi,  1.9 si,  0.0 st
%Cpu(s): 22.6 us,  8.3 sy,  0.0 ni, 67.5 id,  0.0 wa,  0.0 hi,  1.4 si,  0.1 st
%Cpu(s): 23.4 us, 10.5 sy,  0.0 ni, 64.7 id,  0.0 wa,  0.0 hi,  1.4 si,  0.0 st
%Cpu(s): 23.6 us, 10.6 sy,  0.0 ni, 64.4 id,  0.0 wa,  0.0 hi,  1.3 si,  0.1 st
%Cpu(s): 24.8 us, 10.0 sy,  0.0 ni, 63.7 id,  0.0 wa,  0.0 hi,  1.5 si,  0.0 st
%Cpu(s): 52.6 us,  9.4 sy,  0.0 ni, 35.2 id,  0.0 wa,  0.0 hi,  2.7 si,  0.1 st
%Cpu(s): 41.7 us, 10.0 sy,  0.0 ni, 46.2 id,  0.0 wa,  0.0 hi,  2.1 si,  0.0 st
%Cpu(s): 21.5 us,  8.2 sy,  0.0 ni, 69.2 id,  0.0 wa,  0.0 hi,  0.9 si,  0.1 st
%Cpu(s):  9.9 us,  4.6 sy,  0.0 ni, 84.5 id,  0.0 wa,  0.0 hi,  1.0 si,  0.0 st
%Cpu(s):  3.9 us,  2.2 sy,  0.0 ni, 93.8 id,  0.0 wa,  0.0 hi,  0.0 si,  0.1 st
%Cpu(s):  2.7 us,  2.5 sy,  0.0 ni, 94.7 id,  0.1 wa,  0.0 hi,  0.0 si,  0.0 st
%Cpu(s):  3.2 us,  3.6 sy,  0.0 ni, 93.1 id,  0.0 wa,  0.0 hi,  0.0 si,  0.0 st
%Cpu(s):  2.9 us,  3.7 sy,  0.0 ni, 93.4 id,  0.0 wa,  0.0 hi,  0.0 si,  0.0 st
%Cpu(s):  3.6 us,  3.1 sy,  0.0 ni, 92.7 id,  0.0 wa,  0.0 hi,  0.2 si,  0.4 st
