%Cpu(s):  7.0 us,  1.2 sy,  0.0 ni, 91.6 id,  0.0 wa,  0.0 hi,  0.1 si,  0.0 st
%Cpu(s):  3.4 us,  2.3 sy,  0.0 ni, 94.2 id,  0.0 wa,  0.0 hi,  0.0 si,  0.1 st
%Cpu(s):  2.9 us,  1.9 sy,  0.0 ni, 95.1 id,  0.0 wa,  0.0 hi,  0.0 si,  0.1 st
%Cpu(s):  2.2 us,  1.4 sy,  0.0 ni, 95.9 id,  0.0 wa,  0.0 hi,  0.0 si,  0.5 st
%Cpu(s):  3.3 us,  2.5 sy,  0.0 ni, 94.1 id,  0.0 wa,  0.0 hi,  0.0 si,  0.1 st
%Cpu(s):  6.5 us,  2.2 sy,  0.0 ni, 91.1 id,  0.0 wa,  0.0 hi,  0.0 si,  0.3 st
%Cpu(s): 48.2 us,  2.5 sy,  0.0 ni, 48.9 id,  0.0 wa,  0.0 hi,  0.1 si,  0.3 st
%Cpu(s): 88.8 us,  7.6 sy,  0.0 ni,  2.0 id,  0.0 wa,  0.0 hi,  1.6 si,  0.0 st
%Cpu(s): 90.2 us,  6.7 sy,  0.0 ni,  1.7 id,  0.0 wa,  0.0 hi,  1.4 si,  0.0 st
%Cpu(s): 90.8 us,  7.2 sy,  0.0 ni,  0.4 id,  0.0 wa,  0.0 hi,  1.6 si,  0.0 st
%Cpu(s): 89.2 us,  7.7 sy,  0.0 ni,  1.6 id,  0.0 wa,  0.0 hi,  1.5 si,  0.0 st
%Cpu(s): 78.7 us,  6.0 sy,  0.0 ni, 13.5 id,  0.0 wa,  0.0 hi,  1.9 si,  0.0 st
%Cpu(s): 63.3 us,  6.9 sy,  0.0 ni, 28.4 id,  0.0 wa,  0.0 hi,  1.4 si,  0.0 st
%Cpu(s): 32.5 us,  8.1 sy,  0.0 ni, 58.7 id,  0.0 wa,  0.0 hi,  0.7 si,  0.0 st
%Cpu(s): 14.2 us,  6.6 sy,  0.0 ni, 78.3 id,  0.0 wa,  0.0 hi,  0.8 si,  0.1 st
%Cpu(s): 15.1 us,  5.5 sy,  0.0 ni, 78.5 id,  0.0 wa,  0.0 hi,  0.9 si,  0.0 st
%Cpu(s): 12.2 us,  6.1 sy,  0.0 ni, 81.5 id,  0.0 wa,  0.0 hi,  0.3 si,  0.0 st
%Cpu(s): 11.9 us,  6.7 sy,  0.0 ni, 80.5 id,  0.1 wa,  0.0 hi,  0.8 si,  0.0 st
%Cpu(s): 13.3 us,  7.1 sy,  0.0 ni, 79.0 id,  0.0 wa,  0.0 hi,  0.6 si,  0.0 st
%Cpu(s): 12.0 us,  6.9 sy,  0.0 ni, 80.3 id,  0.0 wa,  0.0 hi,  0.8 si,  0.0 st
%Cpu(s): 11.2 us,  6.5 sy,  0.0 ni, 82.0 id,  0.0 wa,  0.0 hi,  0.4 si,  0.0 st
%Cpu(s):  9.4 us,  6.7 sy,  0.0 ni, 83.3 id,  0.0 wa,  0.0 hi,  0.4 si,  0.1 st
%Cpu(s): 10.7 us,  5.9 sy,  0.0 ni, 82.8 id,  0.0 wa,  0.0 hi,  0.6 si,  0.0 st
%Cpu(s): 12.8 us,  6.5 sy,  0.0 ni, 80.4 id,  0.0 wa,  0.0 hi,  0.1 si,  0.1 st
%Cpu(s): 11.7 us,  6.7 sy,  0.0 ni, 80.9 id,  0.0 wa,  0.0 hi,  0.5 si,  0.1 st
%Cpu(s): 12.5 us,  6.9 sy,  0.0 ni, 80.1 id,  0.0 wa,  0.0 hi,  0.6 si,  0.0 st
%Cpu(s): 13.9 us,  6.6 sy,  0.0 ni, 78.9 id,  0.0 wa,  0.0 hi,  0.6 si,  0.0 st
%Cpu(s): 11.7 us,  7.4 sy,  0.0 ni, 80.6 id,  0.0 wa,  0.0 hi,  0.3 si,  0.0 st
%Cpu(s): 11.3 us,  5.4 sy,  0.0 ni, 82.5 id,  0.0 wa,  0.0 hi,  0.8 si,  0.0 st
%Cpu(s): 13.0 us,  7.2 sy,  0.0 ni, 79.3 id,  0.0 wa,  0.0 hi,  0.5 si,  0.0 st
%Cpu(s): 21.6 us,  5.8 sy,  0.0 ni, 72.2 id,  0.0 wa,  0.0 hi,  0.4 si,  0.0 st
%Cpu(s): 43.7 us,  6.0 sy,  0.0 ni, 49.7 id,  0.0 wa,  0.0 hi,  0.6 si,  0.0 st
%Cpu(s): 23.5 us,  6.1 sy,  0.0 ni, 70.0 id,  0.0 wa,  0.0 hi,  0.3 si,  0.1 st
%Cpu(s): 16.0 us,  6.8 sy,  0.0 ni, 76.7 id,  0.0 wa,  0.0 hi,  0.5 si,  0.0 st
%Cpu(s): 10.5 us,  6.6 sy,  0.0 ni, 82.2 id,  0.0 wa,  0.0 hi,  0.5 si,  0.1 st
%Cpu(s): 12.2 us,  6.5 sy,  0.0 ni, 80.8 id,  0.0 wa,  0.0 hi,  0.5 si,  0.0 st
%Cpu(s): 19.9 us,  6.0 sy,  0.0 ni, 73.6 id,  0.0 wa,  0.0 hi,  0.5 si,  0.0 st
%Cpu(s): 18.0 us,  8.0 sy,  0.0 ni, 73.6 id,  0.0 wa,  0.0 hi,  0.4 si,  0.0 st
%Cpu(s): 14.6 us,  7.4 sy,  0.0 ni, 77.6 id,  0.0 wa,  0.0 hi,  0.4 si,  0.0 st
%Cpu(s): 22.8 us,  6.5 sy,  0.0 ni, 69.7 id,  0.0 wa,  0.0 hi,  0.9 si,  0.0 st
%Cpu(s): 16.1 us,  7.3 sy,  0.0 ni, 76.1 id,  0.0 wa,  0.0 hi,  0.5 si,  0.0 st
%Cpu(s): 11.7 us,  6.7 sy,  0.0 ni, 81.1 id,  0.0 wa,  0.0 hi,  0.5 si,  0.0 st
%Cpu(s): 12.1 us,  6.7 sy,  0.0 ni, 80.6 id,  0.0 wa,  0.0 hi,  0.6 si,  0.0 st
%Cpu(s): 11.0 us,  6.4 sy,  0.0 ni, 81.8 id,  0.0 wa,  0.0 hi,  0.6 si,  0.1 st
%Cpu(s): 11.6 us,  5.7 sy,  0.0 ni, 82.0 id,  0.0 wa,  0.0 hi,  0.6 si,  0.1 st
%Cpu(s): 10.2 us,  7.4 sy,  0.0 ni, 82.1 id,  0.0 wa,  0.0 hi,  0.3 si,  0.0 st
%Cpu(s): 12.4 us,  6.3 sy,  0.0 ni, 80.7 id,  0.0 wa,  0.0 hi,  0.5 si,  0.0 st
%Cpu(s): 11.0 us,  6.3 sy,  0.0 ni, 81.9 id,  0.0 wa,  0.0 hi,  0.8 si,  0.0 st
%Cpu(s): 11.0 us,  6.2 sy,  0.0 ni, 82.2 id,  0.0 wa,  0.0 hi,  0.5 si,  0.1 st
%Cpu(s): 11.0 us,  7.0 sy,  0.0 ni, 81.7 id,  0.0 wa,  0.0 hi,  0.3 si,  0.0 st
%Cpu(s): 10.8 us,  6.2 sy,  0.0 ni, 82.6 id,  0.0 wa,  0.0 hi,  0.4 si,  0.0 st
%Cpu(s): 12.6 us,  5.8 sy,  0.0 ni, 80.9 id,  0.0 wa,  0.0 hi,  0.5 si,  0.1 st
%Cpu(s): 12.3 us,  6.6 sy,  0.0 ni, 79.9 id,  0.0 wa,  0.0 hi,  1.1 si,  0.0 st
%Cpu(s):  9.3 us,  6.0 sy,  0.0 ni, 84.4 id,  0.0 wa,  0.0 hi,  0.3 si,  0.0 st
%Cpu(s): 11.5 us,  7.0 sy,  0.0 ni, 81.1 id,  0.0 wa,  0.0 hi,  0.4 si,  0.0 st
%Cpu(s): 11.8 us,  6.9 sy,  0.0 ni, 80.9 id,  0.0 wa,  0.0 hi,  0.4 si,  0.0 st
%Cpu(s): 11.6 us,  6.3 sy,  0.0 ni, 81.3 id,  0.0 wa,  0.0 hi,  0.8 si,  0.0 st
%Cpu(s): 13.0 us,  7.5 sy,  0.0 ni, 78.9 id,  0.0 wa,  0.0 hi,  0.6 si,  0.0 st
%Cpu(s): 12.5 us,  7.4 sy,  0.0 ni, 79.8 id,  0.0 wa,  0.0 hi,  0.1 si,  0.1 st
%Cpu(s): 10.4 us,  6.9 sy,  0.0 ni, 82.1 id,  0.0 wa,  0.0 hi,  0.5 si,  0.0 st
%Cpu(s): 10.1 us,  7.1 sy,  0.0 ni, 81.9 id,  0.0 wa,  0.0 hi,  0.9 si,  0.0 st
%Cpu(s): 10.9 us,  7.3 sy,  0.0 ni, 81.2 id,  0.0 wa,  0.0 hi,  0.6 si,  0.0 st
%Cpu(s): 10.8 us,  6.0 sy,  0.0 ni, 82.8 id,  0.0 wa,  0.0 hi,  0.3 si,  0.1 st
%Cpu(s):  5.0 us,  5.4 sy,  0.0 ni, 89.2 id,  0.0 wa,  0.0 hi,  0.4 si,  0.0 st
%Cpu(s):  3.4 us,  2.8 sy,  0.0 ni, 93.6 id,  0.0 wa,  0.0 hi,  0.1 si,  0.1 st
%Cpu(s):  3.0 us,  2.1 sy,  0.0 ni, 94.7 id,  0.1 wa,  0.0 hi,  0.0 si,  0.0 st
%Cpu(s): 13.6 us,  2.1 sy,  0.0 ni, 84.0 id,  0.0 wa,  0.0 hi,  0.2 si,  0.1 st
%Cpu(s):  6.4 us,  2.0 sy,  0.0 ni, 91.4 id,  0.0 wa,  0.0 hi,  0.2 si,  0.0 st
%Cpu(s):  3.5 us,  2.0 sy,  0.0 ni, 94.4 id,  0.0 wa,  0.0 hi,  0.0 si,  0.0 st
%Cpu(s):  3.7 us,  2.5 sy,  0.0 ni, 93.6 id,  0.0 wa,  0.0 hi,  0.0 si,  0.3 st
%Cpu(s):  3.1 us,  2.4 sy,  0.0 ni, 94.5 id,  0.0 wa,  0.0 hi,  0.0 si,  0.0 st
%Cpu(s):  4.1 us,  1.6 sy,  0.0 ni, 94.2 id,  0.0 wa,  0.0 hi,  0.0 si,  0.0 st
%Cpu(s):  2.9 us,  2.1 sy,  0.0 ni, 94.5 id,  0.0 wa,  0.0 hi,  0.1 si,  0.4 st
%Cpu(s):  4.4 us,  1.6 sy,  0.0 ni, 93.5 id,  0.0 wa,  0.0 hi,  0.4 si,  0.1 st
%Cpu(s):  4.0 us,  1.8 sy,  0.0 ni, 94.1 id,  0.0 wa,  0.0 hi,  0.0 si,  0.1 st
%Cpu(s):  2.1 us,  1.9 sy,  0.0 ni, 95.7 id,  0.0 wa,  0.0 hi,  0.1 si,  0.1 st
%Cpu(s):  3.1 us,  2.1 sy,  0.0 ni, 94.4 id,  0.0 wa,  0.0 hi,  0.1 si,  0.2 st
%Cpu(s):  3.2 us,  2.8 sy,  0.0 ni, 93.6 id,  0.0 wa,  0.0 hi,  0.1 si,  0.3 st
