%Cpu(s):  2.6 us,  0.5 sy,  0.0 ni, 96.9 id,  0.0 wa,  0.0 hi,  0.1 si,  0.0 st
%Cpu(s): 70.6 us,  5.4 sy,  0.0 ni, 23.8 id,  0.0 wa,  0.0 hi,  0.0 si,  0.1 st
%Cpu(s): 78.8 us,  3.0 sy,  0.0 ni, 18.1 id,  0.0 wa,  0.0 hi,  0.0 si,  0.1 st
%Cpu(s): 94.4 us,  2.4 sy,  0.0 ni,  3.2 id,  0.0 wa,  0.0 hi,  0.0 si,  0.0 st
%Cpu(s): 95.5 us,  2.1 sy,  0.0 ni,  2.4 id,  0.0 wa,  0.0 hi,  0.0 si,  0.0 st
%Cpu(s): 96.8 us,  2.1 sy,  0.0 ni,  1.0 id,  0.0 wa,  0.0 hi,  0.1 si,  0.0 st
%Cpu(s): 31.3 us,  3.0 sy,  0.0 ni, 65.5 id,  0.0 wa,  0.0 hi,  0.1 si,  0.1 st
%Cpu(s): 11.3 us,  2.8 sy,  0.0 ni, 85.5 id,  0.0 wa,  0.0 hi,  0.3 si,  0.3 st
%Cpu(s):  5.7 us,  2.3 sy,  0.0 ni, 91.8 id,  0.0 wa,  0.0 hi,  0.0 si,  0.3 st
%Cpu(s):  6.9 us,  3.1 sy,  0.0 ni, 89.9 id,  0.0 wa,  0.0 hi,  0.0 si,  0.1 st
%Cpu(s):  5.6 us,  2.6 sy,  0.0 ni, 91.5 id,  0.0 wa,  0.0 hi,  0.0 si,  0.3 st
%Cpu(s): 13.2 us,  2.4 sy,  0.0 ni, 84.1 id,  0.0 wa,  0.0 hi,  0.0 si,  0.4 st
%Cpu(s):  9.3 us,  2.4 sy,  0.0 ni, 87.9 id,  0.0 wa,  0.0 hi,  0.3 si,  0.1 st
%Cpu(s): 13.5 us,  2.2 sy,  0.0 ni, 84.1 id,  0.0 wa,  0.0 hi,  0.1 si,  0.1 st
%Cpu(s): 11.2 us,  4.2 sy,  0.0 ni, 84.4 id,  0.0 wa,  0.0 hi,  0.1 si,  0.0 st
%Cpu(s):  6.9 us,  3.4 sy,  0.0 ni, 89.8 id,  0.0 wa,  0.0 hi,  0.0 si,  0.0 st
%Cpu(s): 63.4 us,  6.4 sy,  0.0 ni, 29.4 id,  0.0 wa,  0.0 hi,  0.8 si,  0.0 st
%Cpu(s): 87.5 us,  8.8 sy,  0.0 ni,  1.4 id,  0.0 wa,  0.0 hi,  2.4 si,  0.0 st
%Cpu(s): 87.3 us,  9.5 sy,  0.0 ni,  0.2 id,  0.0 wa,  0.0 hi,  3.0 si,  0.0 st
%Cpu(s): 87.5 us,  9.7 sy,  0.0 ni,  0.5 id,  0.0 wa,  0.0 hi,  2.2 si,  0.0 st
%Cpu(s): 85.7 us, 10.8 sy,  0.0 ni,  0.9 id,  0.0 wa,  0.0 hi,  2.6 si,  0.0 st
%Cpu(s): 86.5 us,  9.4 sy,  0.0 ni,  1.6 id,  0.0 wa,  0.0 hi,  2.5 si,  0.0 st
%Cpu(s): 71.7 us,  9.2 sy,  0.0 ni, 17.6 id,  0.0 wa,  0.0 hi,  1.4 si,  0.1 st
%Cpu(s): 54.0 us,  7.5 sy,  0.0 ni, 36.3 id,  0.0 wa,  0.0 hi,  2.1 si,  0.0 st
%Cpu(s): 26.9 us,  7.8 sy,  0.0 ni, 63.7 id,  0.0 wa,  0.0 hi,  1.7 si,  0.0 st
%Cpu(s): 46.7 us,  8.0 sy,  0.0 ni, 43.6 id,  0.0 wa,  0.0 hi,  1.6 si,  0.0 st
%Cpu(s): 48.5 us,  6.6 sy,  0.0 ni, 43.5 id,  0.0 wa,  0.0 hi,  1.4 si,  0.0 st
%Cpu(s): 37.2 us,  8.0 sy,  0.0 ni, 53.6 id,  0.0 wa,  0.0 hi,  1.1 si,  0.1 st
%Cpu(s): 48.4 us,  7.8 sy,  0.0 ni, 42.3 id,  0.0 wa,  0.0 hi,  1.5 si,  0.0 st
%Cpu(s): 35.9 us,  8.4 sy,  0.0 ni, 54.2 id,  0.0 wa,  0.0 hi,  1.5 si,  0.0 st
%Cpu(s): 26.1 us,  8.0 sy,  0.0 ni, 64.7 id,  0.1 wa,  0.0 hi,  1.0 si,  0.0 st
%Cpu(s): 14.6 us,  8.6 sy,  0.0 ni, 75.8 id,  0.0 wa,  0.0 hi,  1.0 si,  0.0 st
%Cpu(s): 16.8 us,  6.1 sy,  0.0 ni, 76.0 id,  0.0 wa,  0.0 hi,  1.2 si,  0.0 st
%Cpu(s): 11.8 us,  7.4 sy,  0.0 ni, 79.7 id,  0.0 wa,  0.0 hi,  1.0 si,  0.0 st
%Cpu(s): 13.3 us,  7.4 sy,  0.0 ni, 77.9 id,  0.0 wa,  0.0 hi,  1.4 si,  0.0 st
%Cpu(s): 13.6 us,  7.3 sy,  0.0 ni, 77.8 id,  0.0 wa,  0.0 hi,  1.1 si,  0.1 st
%Cpu(s): 14.0 us,  7.7 sy,  0.0 ni, 76.5 id,  0.0 wa,  0.0 hi,  1.8 si,  0.0 st
%Cpu(s): 12.8 us,  6.8 sy,  0.0 ni, 79.1 id,  0.0 wa,  0.0 hi,  1.3 si,  0.0 st
%Cpu(s): 14.3 us,  8.6 sy,  0.0 ni, 75.7 id,  0.0 wa,  0.0 hi,  1.4 si,  0.1 st
%Cpu(s): 13.0 us,  8.0 sy,  0.0 ni, 77.7 id,  0.0 wa,  0.0 hi,  1.3 si,  0.0 st
%Cpu(s): 12.0 us,  7.2 sy,  0.0 ni, 79.6 id,  0.0 wa,  0.0 hi,  1.3 si,  0.0 st
%Cpu(s): 11.9 us,  7.1 sy,  0.0 ni, 79.5 id,  0.0 wa,  0.0 hi,  1.5 si,  0.0 st
%Cpu(s): 13.5 us,  8.0 sy,  0.0 ni, 76.8 id,  0.0 wa,  0.0 hi,  1.7 si,  0.0 st
%Cpu(s): 11.5 us,  6.7 sy,  0.0 ni, 80.5 id,  0.0 wa,  0.0 hi,  1.2 si,  0.1 st
%Cpu(s): 11.7 us,  8.7 sy,  0.0 ni, 78.4 id,  0.0 wa,  0.0 hi,  1.3 si,  0.0 st
%Cpu(s): 11.6 us,  7.2 sy,  0.0 ni, 79.8 id,  0.1 wa,  0.0 hi,  1.3 si,  0.0 st
%Cpu(s): 23.6 us,  6.8 sy,  0.0 ni, 68.1 id,  0.0 wa,  0.0 hi,  1.5 si,  0.0 st
%Cpu(s): 29.7 us,  8.2 sy,  0.0 ni, 60.6 id,  0.0 wa,  0.0 hi,  1.5 si,  0.0 st
%Cpu(s): 15.0 us,  7.1 sy,  0.0 ni, 76.4 id,  0.0 wa,  0.0 hi,  1.5 si,  0.0 st
%Cpu(s): 24.4 us,  7.0 sy,  0.0 ni, 67.0 id,  0.0 wa,  0.0 hi,  1.5 si,  0.0 st
%Cpu(s): 13.6 us,  7.7 sy,  0.0 ni, 77.1 id,  0.0 wa,  0.0 hi,  1.5 si,  0.1 st
%Cpu(s): 16.2 us,  8.1 sy,  0.0 ni, 74.4 id,  0.0 wa,  0.0 hi,  1.4 si,  0.0 st
%Cpu(s): 12.5 us,  7.8 sy,  0.0 ni, 78.0 id,  0.0 wa,  0.0 hi,  1.7 si,  0.0 st
%Cpu(s): 12.8 us,  6.9 sy,  0.0 ni, 78.6 id,  0.0 wa,  0.0 hi,  1.7 si,  0.1 st
%Cpu(s): 13.1 us,  7.9 sy,  0.0 ni, 77.3 id,  0.0 wa,  0.0 hi,  1.6 si,  0.0 st
%Cpu(s): 12.0 us,  8.0 sy,  0.0 ni, 79.0 id,  0.0 wa,  0.0 hi,  1.0 si,  0.0 st
%Cpu(s): 11.8 us,  6.7 sy,  0.0 ni, 79.9 id,  0.0 wa,  0.0 hi,  1.5 si,  0.0 st
%Cpu(s): 14.5 us,  6.1 sy,  0.0 ni, 78.0 id,  0.0 wa,  0.0 hi,  1.4 si,  0.0 st
%Cpu(s): 10.9 us,  6.0 sy,  0.0 ni, 81.5 id,  0.0 wa,  0.0 hi,  1.4 si,  0.1 st
%Cpu(s): 12.3 us,  7.7 sy,  0.0 ni, 79.0 id,  0.0 wa,  0.0 hi,  0.9 si,  0.0 st
%Cpu(s): 10.7 us,  6.5 sy,  0.0 ni, 81.4 id,  0.1 wa,  0.0 hi,  1.2 si,  0.0 st
%Cpu(s): 14.3 us,  7.9 sy,  0.0 ni, 76.0 id,  0.0 wa,  0.0 hi,  1.8 si,  0.0 st
%Cpu(s): 15.4 us,  9.7 sy,  0.0 ni, 73.5 id,  0.0 wa,  0.0 hi,  1.3 si,  0.0 st
%Cpu(s): 17.1 us,  7.2 sy,  0.0 ni, 73.6 id,  0.0 wa,  0.0 hi,  2.1 si,  0.0 st
%Cpu(s): 15.2 us,  8.7 sy,  0.0 ni, 74.2 id,  0.0 wa,  0.0 hi,  1.9 si,  0.0 st
%Cpu(s): 15.8 us,  8.0 sy,  0.0 ni, 74.9 id,  0.0 wa,  0.0 hi,  1.3 si,  0.0 st
%Cpu(s): 15.3 us,  8.7 sy,  0.0 ni, 74.4 id,  0.0 wa,  0.0 hi,  1.6 si,  0.0 st
%Cpu(s): 15.6 us,  8.0 sy,  0.0 ni, 74.6 id,  0.0 wa,  0.0 hi,  1.7 si,  0.1 st
%Cpu(s): 14.8 us,  7.3 sy,  0.0 ni, 75.8 id,  0.0 wa,  0.0 hi,  2.0 si,  0.0 st
%Cpu(s): 13.8 us,  7.2 sy,  0.0 ni, 77.6 id,  0.0 wa,  0.0 hi,  1.3 si,  0.0 st
%Cpu(s): 16.4 us,  8.5 sy,  0.0 ni, 74.1 id,  0.0 wa,  0.0 hi,  1.0 si,  0.0 st
%Cpu(s): 11.4 us,  8.9 sy,  0.0 ni, 78.3 id,  0.0 wa,  0.0 hi,  1.3 si,  0.0 st
%Cpu(s): 23.6 us,  8.2 sy,  0.0 ni, 66.8 id,  0.0 wa,  0.0 hi,  1.4 si,  0.0 st
%Cpu(s): 19.1 us,  7.1 sy,  0.0 ni, 72.6 id,  0.0 wa,  0.0 hi,  1.2 si,  0.1 st
%Cpu(s): 15.3 us,  6.7 sy,  0.0 ni, 76.9 id,  0.0 wa,  0.0 hi,  1.2 si,  0.0 st
%Cpu(s): 13.7 us,  6.3 sy,  0.0 ni, 79.1 id,  0.0 wa,  0.0 hi,  0.8 si,  0.0 st
%Cpu(s): 62.0 us,  7.4 sy,  0.0 ni, 28.9 id,  0.0 wa,  0.0 hi,  1.6 si,  0.0 st
%Cpu(s): 87.3 us,  8.9 sy,  0.0 ni,  1.6 id,  0.0 wa,  0.0 hi,  2.2 si,  0.0 st
