%Cpu(s): 10.6 us,  1.5 sy,  0.0 ni, 87.6 id,  0.0 wa,  0.0 hi,  0.2 si,  0.0 st
%Cpu(s):  1.4 us,  0.9 sy,  0.0 ni, 97.4 id,  0.1 wa,  0.0 hi,  0.1 si,  0.1 st
%Cpu(s):  1.8 us,  0.9 sy,  0.0 ni, 97.4 id,  0.0 wa,  0.0 hi,  0.0 si,  0.0 st
%Cpu(s):  1.6 us,  0.9 sy,  0.0 ni, 97.5 id,  0.0 wa,  0.0 hi,  0.0 si,  0.0 st
%Cpu(s):  2.0 us,  0.6 sy,  0.0 ni, 97.4 id,  0.0 wa,  0.0 hi,  0.0 si,  0.0 st
%Cpu(s):  3.9 us,  1.8 sy,  0.0 ni, 94.3 id,  0.0 wa,  0.0 hi,  0.0 si,  0.0 st
%Cpu(s):  6.5 us,  1.6 sy,  0.0 ni, 91.7 id,  0.0 wa,  0.0 hi,  0.0 si,  0.1 st
%Cpu(s): 70.9 us,  5.8 sy,  0.0 ni, 22.2 id,  0.0 wa,  0.0 hi,  1.0 si,  0.1 st
%Cpu(s): 88.5 us,  9.4 sy,  0.0 ni,  0.5 id,  0.0 wa,  0.0 hi,  1.6 si,  0.0 st
%Cpu(s): 85.3 us, 11.6 sy,  0.0 ni,  0.4 id,  0.0 wa,  0.0 hi,  2.7 si,  0.0 st
%Cpu(s): 86.8 us, 10.3 sy,  0.0 ni,  0.1 id,  0.0 wa,  0.0 hi,  2.7 si,  0.0 st
%Cpu(s): 85.1 us, 11.9 sy,  0.0 ni,  0.2 id,  0.0 wa,  0.0 hi,  2.7 si,  0.0 st
%Cpu(s): 87.0 us, 10.4 sy,  0.0 ni,  0.2 id,  0.0 wa,  0.0 hi,  2.2 si,  0.1 st
%Cpu(s): 86.0 us, 11.8 sy,  0.0 ni,  0.0 id,  0.0 wa,  0.0 hi,  2.2 si,  0.0 st
%Cpu(s): 85.3 us, 11.8 sy,  0.0 ni,  0.2 id,  0.0 wa,  0.0 hi,  2.6 si,  0.0 st
%Cpu(s): 84.2 us, 13.0 sy,  0.0 ni,  0.2 id,  0.0 wa,  0.0 hi,  2.5 si,  0.0 st
%Cpu(s): 84.5 us, 12.2 sy,  0.0 ni,  0.6 id,  0.0 wa,  0.0 hi,  2.5 si,  0.1 st
%Cpu(s): 67.3 us, 12.0 sy,  0.0 ni, 18.6 id,  0.0 wa,  0.0 hi,  2.1 si,  0.0 st
%Cpu(s): 22.9 us,  9.2 sy,  0.0 ni, 66.7 id,  0.0 wa,  0.0 hi,  1.2 si,  0.0 st
%Cpu(s): 30.2 us,  9.1 sy,  0.0 ni, 59.9 id,  0.0 wa,  0.0 hi,  0.8 si,  0.0 st
%Cpu(s): 22.5 us,  6.5 sy,  0.0 ni, 69.4 id,  0.0 wa,  0.0 hi,  1.7 si,  0.0 st
%Cpu(s): 18.4 us,  8.3 sy,  0.0 ni, 72.2 id,  0.0 wa,  0.0 hi,  0.8 si,  0.3 st
%Cpu(s): 15.9 us,  8.4 sy,  0.0 ni, 75.1 id,  0.0 wa,  0.0 hi,  0.6 si,  0.0 st
%Cpu(s): 16.0 us,  7.9 sy,  0.0 ni, 75.4 id,  0.0 wa,  0.0 hi,  0.6 si,  0.1 st
%Cpu(s): 17.1 us,  8.2 sy,  0.0 ni, 73.9 id,  0.0 wa,  0.0 hi,  0.9 si,  0.0 st
%Cpu(s): 17.0 us,  7.4 sy,  0.0 ni, 74.5 id,  0.0 wa,  0.0 hi,  1.0 si,  0.0 st
%Cpu(s): 12.8 us,  9.0 sy,  0.0 ni, 77.0 id,  0.0 wa,  0.0 hi,  1.2 si,  0.0 st
%Cpu(s): 16.5 us,  8.1 sy,  0.0 ni, 74.1 id,  0.0 wa,  0.0 hi,  1.2 si,  0.1 st
%Cpu(s): 15.1 us,  8.2 sy,  0.0 ni, 75.4 id,  0.0 wa,  0.0 hi,  1.4 si,  0.0 st
%Cpu(s): 14.8 us,  8.5 sy,  0.0 ni, 75.8 id,  0.0 wa,  0.0 hi,  0.9 si,  0.1 st
%Cpu(s): 14.9 us,  6.9 sy,  0.0 ni, 76.6 id,  0.0 wa,  0.0 hi,  1.4 si,  0.1 st
%Cpu(s): 14.9 us,  9.1 sy,  0.0 ni, 74.5 id,  0.0 wa,  0.0 hi,  1.5 si,  0.0 st
%Cpu(s): 15.4 us,  7.7 sy,  0.0 ni, 75.9 id,  0.0 wa,  0.0 hi,  1.0 si,  0.0 st
%Cpu(s): 14.4 us,  7.6 sy,  0.0 ni, 77.1 id,  0.0 wa,  0.0 hi,  1.0 si,  0.0 st
%Cpu(s): 12.5 us,  8.1 sy,  0.0 ni, 78.1 id,  0.0 wa,  0.0 hi,  1.2 si,  0.1 st
%Cpu(s): 15.4 us,  9.2 sy,  0.0 ni, 74.3 id,  0.0 wa,  0.0 hi,  0.9 si,  0.1 st
%Cpu(s): 15.7 us,  8.2 sy,  0.0 ni, 74.8 id,  0.0 wa,  0.0 hi,  1.3 si,  0.0 st
%Cpu(s): 27.1 us,  7.9 sy,  0.0 ni, 63.6 id,  0.0 wa,  0.0 hi,  1.4 si,  0.0 st
%Cpu(s): 24.6 us,  8.5 sy,  0.0 ni, 66.0 id,  0.0 wa,  0.0 hi,  0.9 si,  0.0 st
%Cpu(s): 19.3 us,  8.1 sy,  0.0 ni, 71.1 id,  0.0 wa,  0.0 hi,  1.5 si,  0.0 st
%Cpu(s): 25.8 us,  8.6 sy,  0.0 ni, 63.5 id,  0.0 wa,  0.0 hi,  1.9 si,  0.1 st
%Cpu(s): 18.4 us,  7.6 sy,  0.0 ni, 72.9 id,  0.0 wa,  0.0 hi,  1.2 si,  0.0 st
%Cpu(s): 13.1 us,  8.2 sy,  0.0 ni, 77.4 id,  0.0 wa,  0.0 hi,  1.3 si,  0.0 st
%Cpu(s): 16.0 us,  8.0 sy,  0.0 ni, 74.7 id,  0.0 wa,  0.0 hi,  1.1 si,  0.1 st
%Cpu(s): 13.3 us,  8.2 sy,  0.0 ni, 77.0 id,  0.0 wa,  0.0 hi,  1.4 si,  0.1 st
%Cpu(s): 13.7 us,  9.1 sy,  0.0 ni, 75.8 id,  0.0 wa,  0.0 hi,  1.3 si,  0.1 st
%Cpu(s): 13.5 us,  8.2 sy,  0.0 ni, 77.3 id,  0.0 wa,  0.0 hi,  1.0 si,  0.0 st
%Cpu(s): 15.1 us,  8.8 sy,  0.0 ni, 74.7 id,  0.0 wa,  0.0 hi,  1.3 si,  0.1 st
%Cpu(s): 14.0 us,  8.2 sy,  0.0 ni, 76.3 id,  0.0 wa,  0.0 hi,  1.6 si,  0.0 st
%Cpu(s): 13.3 us,  9.1 sy,  0.0 ni, 75.9 id,  0.0 wa,  0.0 hi,  1.5 si,  0.1 st
%Cpu(s): 14.5 us,  8.8 sy,  0.0 ni, 75.3 id,  0.0 wa,  0.0 hi,  1.4 si,  0.0 st
%Cpu(s): 15.1 us,  8.0 sy,  0.0 ni, 75.9 id,  0.0 wa,  0.0 hi,  1.0 si,  0.0 st
%Cpu(s): 13.4 us,  7.4 sy,  0.0 ni, 77.5 id,  0.1 wa,  0.0 hi,  1.3 si,  0.3 st
%Cpu(s): 16.7 us,  6.6 sy,  0.0 ni, 75.3 id,  0.0 wa,  0.0 hi,  1.4 si,  0.0 st
%Cpu(s): 15.3 us,  7.5 sy,  0.0 ni, 75.9 id,  0.0 wa,  0.0 hi,  1.3 si,  0.0 st
%Cpu(s): 14.9 us,  8.1 sy,  0.0 ni, 75.4 id,  0.0 wa,  0.0 hi,  1.5 si,  0.1 st
%Cpu(s): 13.4 us,  8.1 sy,  0.0 ni, 77.2 id,  0.0 wa,  0.0 hi,  1.3 si,  0.0 st
%Cpu(s): 14.4 us,  7.7 sy,  0.0 ni, 76.6 id,  0.0 wa,  0.0 hi,  1.2 si,  0.1 st
%Cpu(s): 14.1 us,  8.7 sy,  0.0 ni, 75.8 id,  0.0 wa,  0.0 hi,  1.3 si,  0.1 st
%Cpu(s): 15.0 us,  7.7 sy,  0.0 ni, 76.1 id,  0.0 wa,  0.0 hi,  1.3 si,  0.0 st
%Cpu(s): 14.5 us, 11.6 sy,  0.0 ni, 72.6 id,  0.0 wa,  0.0 hi,  1.4 si,  0.0 st
%Cpu(s): 18.0 us,  9.7 sy,  0.0 ni, 71.0 id,  0.0 wa,  0.0 hi,  1.2 si,  0.1 st
%Cpu(s): 21.8 us, 10.3 sy,  0.0 ni, 66.5 id,  0.0 wa,  0.0 hi,  1.4 si,  0.0 st
%Cpu(s): 33.7 us, 10.1 sy,  0.0 ni, 54.9 id,  0.0 wa,  0.0 hi,  1.4 si,  0.0 st
%Cpu(s): 77.0 us,  7.7 sy,  0.0 ni, 14.2 id,  0.0 wa,  0.0 hi,  1.1 si,  0.0 st
%Cpu(s): 72.9 us,  5.3 sy,  0.0 ni, 20.9 id,  0.0 wa,  0.0 hi,  0.9 si,  0.0 st
%Cpu(s): 36.6 us,  2.4 sy,  0.0 ni, 60.8 id,  0.0 wa,  0.0 hi,  0.3 si,  0.0 st
%Cpu(s): 17.2 us,  2.3 sy,  0.0 ni, 80.4 id,  0.0 wa,  0.0 hi,  0.1 si,  0.0 st
%Cpu(s):  4.8 us,  2.1 sy,  0.0 ni, 92.8 id,  0.0 wa,  0.0 hi,  0.1 si,  0.1 st
%Cpu(s): 10.0 us,  1.4 sy,  0.0 ni, 88.3 id,  0.0 wa,  0.0 hi,  0.3 si,  0.0 st
%Cpu(s):  1.0 us,  0.9 sy,  0.0 ni, 98.1 id,  0.0 wa,  0.0 hi,  0.0 si,  0.0 st
%Cpu(s):  1.5 us,  1.0 sy,  0.0 ni, 97.5 id,  0.0 wa,  0.0 hi,  0.0 si,  0.0 st
%Cpu(s):  1.4 us,  1.0 sy,  0.0 ni, 97.5 id,  0.0 wa,  0.0 hi,  0.0 si,  0.1 st
%Cpu(s):  1.4 us,  0.6 sy,  0.0 ni, 98.0 id,  0.0 wa,  0.0 hi,  0.0 si,  0.0 st
%Cpu(s):  0.8 us,  1.3 sy,  0.0 ni, 98.0 id,  0.0 wa,  0.0 hi,  0.0 si,  0.0 st
%Cpu(s):  1.0 us,  1.4 sy,  0.0 ni, 97.6 id,  0.0 wa,  0.0 hi,  0.0 si,  0.0 st
%Cpu(s):  1.3 us,  0.9 sy,  0.0 ni, 97.9 id,  0.0 wa,  0.0 hi,  0.0 si,  0.0 st
%Cpu(s):  1.5 us,  1.4 sy,  0.0 ni, 97.1 id,  0.0 wa,  0.0 hi,  0.0 si,  0.0 st
%Cpu(s):  1.1 us,  1.4 sy,  0.0 ni, 97.5 id,  0.0 wa,  0.0 hi,  0.0 si,  0.0 st
%Cpu(s):  1.0 us,  0.9 sy,  0.0 ni, 98.0 id,  0.0 wa,  0.0 hi,  0.0 si,  0.1 st
%Cpu(s):  1.3 us,  1.4 sy,  0.0 ni, 97.4 id,  0.0 wa,  0.0 hi,  0.0 si,  0.0 st
%Cpu(s):  1.4 us,  1.3 sy,  0.0 ni, 97.2 id,  0.0 wa,  0.0 hi,  0.1 si,  0.0 st
%Cpu(s):  1.4 us,  0.5 sy,  0.0 ni, 98.0 id,  0.0 wa,  0.0 hi,  0.0 si,  0.1 st
%Cpu(s):  1.5 us,  1.3 sy,  0.0 ni, 97.2 id,  0.0 wa,  0.0 hi,  0.0 si,  0.0 st
