%Cpu(s):  2.0 us,  0.6 sy,  0.0 ni, 97.4 id,  0.0 wa,  0.0 hi,  0.1 si,  0.0 st
%Cpu(s): 51.7 us,  2.7 sy,  0.0 ni, 45.4 id,  0.0 wa,  0.0 hi,  0.0 si,  0.1 st
%Cpu(s): 55.6 us,  1.7 sy,  0.0 ni, 42.6 id,  0.0 wa,  0.0 hi,  0.0 si,  0.1 st
%Cpu(s): 75.8 us,  2.5 sy,  0.0 ni, 21.5 id,  0.0 wa,  0.0 hi,  0.0 si,  0.1 st
%Cpu(s): 26.1 us,  0.6 sy,  0.0 ni, 73.3 id,  0.0 wa,  0.0 hi,  0.0 si,  0.0 st
%Cpu(s): 38.9 us,  2.5 sy,  0.0 ni, 58.1 id,  0.0 wa,  0.0 hi,  0.5 si,  0.0 st
%Cpu(s): 41.2 us,  2.4 sy,  0.0 ni, 55.8 id,  0.0 wa,  0.0 hi,  0.5 si,  0.1 st
%Cpu(s): 15.3 us,  3.4 sy,  0.0 ni, 80.5 id,  0.0 wa,  0.0 hi,  0.6 si,  0.1 st
%Cpu(s):  8.0 us,  2.9 sy,  0.0 ni, 88.6 id,  0.0 wa,  0.0 hi,  0.5 si,  0.0 st
%Cpu(s): 10.0 us,  3.3 sy,  0.0 ni, 86.1 id,  0.0 wa,  0.0 hi,  0.4 si,  0.3 st
%Cpu(s): 12.6 us,  3.3 sy,  0.0 ni, 83.6 id,  0.0 wa,  0.0 hi,  0.5 si,  0.0 st
%Cpu(s):  7.7 us,  2.8 sy,  0.0 ni, 89.0 id,  0.0 wa,  0.0 hi,  0.5 si,  0.0 st
%Cpu(s):  6.7 us,  2.9 sy,  0.0 ni, 89.9 id,  0.0 wa,  0.0 hi,  0.4 si,  0.1 st
%Cpu(s):  8.8 us,  3.6 sy,  0.0 ni, 87.2 id,  0.0 wa,  0.0 hi,  0.4 si,  0.0 st
%Cpu(s):  6.1 us,  3.4 sy,  0.0 ni, 89.7 id,  0.0 wa,  0.0 hi,  0.6 si,  0.1 st
%Cpu(s):  4.0 us,  3.0 sy,  0.0 ni, 92.6 id,  0.0 wa,  0.0 hi,  0.4 si,  0.0 st
%Cpu(s):  4.6 us,  3.2 sy,  0.0 ni, 91.0 id,  0.0 wa,  0.0 hi,  1.3 si,  0.0 st
%Cpu(s):  4.5 us,  3.1 sy,  0.0 ni, 91.8 id,  0.0 wa,  0.0 hi,  0.4 si,  0.3 st
%Cpu(s):  7.6 us,  3.7 sy,  0.0 ni, 88.2 id,  0.0 wa,  0.0 hi,  0.5 si,  0.0 st
%Cpu(s):  4.7 us,  3.3 sy,  0.0 ni, 91.3 id,  0.0 wa,  0.0 hi,  0.8 si,  0.0 st
%Cpu(s):  4.5 us,  2.5 sy,  0.0 ni, 92.3 id,  0.0 wa,  0.0 hi,  0.5 si,  0.1 st
%Cpu(s):  5.0 us,  3.3 sy,  0.0 ni, 91.1 id,  0.1 wa,  0.0 hi,  0.5 si,  0.0 st
%Cpu(s):  5.8 us,  2.4 sy,  0.0 ni, 91.6 id,  0.0 wa,  0.0 hi,  0.3 si,  0.0 st
%Cpu(s):  4.5 us,  2.8 sy,  0.0 ni, 92.2 id,  0.0 wa,  0.0 hi,  0.5 si,  0.0 st
%Cpu(s):  6.4 us,  2.3 sy,  0.0 ni, 91.2 id,  0.0 wa,  0.0 hi,  0.1 si,  0.0 st
%Cpu(s):  8.0 us,  2.6 sy,  0.0 ni, 85.3 id,  3.8 wa,  0.0 hi,  0.1 si,  0.1 st
%Cpu(s):  3.1 us,  3.0 sy,  0.0 ni, 93.5 id,  0.0 wa,  0.0 hi,  0.4 si,  0.0 st
%Cpu(s):  3.3 us,  1.8 sy,  0.0 ni, 94.8 id,  0.0 wa,  0.0 hi,  0.1 si,  0.0 st
%Cpu(s):  4.9 us,  3.2 sy,  0.0 ni, 91.4 id,  0.0 wa,  0.0 hi,  0.5 si,  0.0 st
%Cpu(s):  3.1 us,  2.1 sy,  0.0 ni, 94.3 id,  0.0 wa,  0.0 hi,  0.4 si,  0.0 st
%Cpu(s):  3.6 us,  2.8 sy,  0.0 ni, 93.1 id,  0.0 wa,  0.0 hi,  0.5 si,  0.0 st
%Cpu(s):  4.4 us,  2.8 sy,  0.0 ni, 92.2 id,  0.1 wa,  0.0 hi,  0.5 si,  0.0 st
%Cpu(s):  3.7 us,  2.9 sy,  0.0 ni, 92.7 id,  0.0 wa,  0.0 hi,  0.5 si,  0.3 st
%Cpu(s):  6.5 us,  3.3 sy,  0.0 ni, 89.7 id,  0.0 wa,  0.0 hi,  0.5 si,  0.0 st
%Cpu(s):  7.5 us,  3.1 sy,  0.0 ni, 88.8 id,  0.0 wa,  0.0 hi,  0.5 si,  0.1 st
%Cpu(s):  7.4 us,  2.3 sy,  0.0 ni, 89.7 id,  0.0 wa,  0.0 hi,  0.6 si,  0.0 st
%Cpu(s):  4.5 us,  3.4 sy,  0.0 ni, 91.2 id,  0.0 wa,  0.0 hi,  0.9 si,  0.0 st
%Cpu(s):  4.4 us,  3.5 sy,  0.0 ni, 91.5 id,  0.0 wa,  0.0 hi,  0.6 si,  0.0 st
%Cpu(s):  5.5 us,  3.8 sy,  0.0 ni, 90.1 id,  0.0 wa,  0.0 hi,  0.6 si,  0.0 st
%Cpu(s):  5.3 us,  3.4 sy,  0.0 ni, 90.9 id,  0.0 wa,  0.0 hi,  0.4 si,  0.0 st
%Cpu(s): 15.2 us,  3.0 sy,  0.0 ni, 81.0 id,  0.0 wa,  0.0 hi,  0.8 si,  0.0 st
%Cpu(s): 17.9 us,  3.4 sy,  0.0 ni, 78.3 id,  0.0 wa,  0.0 hi,  0.3 si,  0.1 st
%Cpu(s): 14.8 us,  3.9 sy,  0.0 ni, 80.7 id,  0.0 wa,  0.0 hi,  0.6 si,  0.0 st
%Cpu(s):  3.7 us,  2.5 sy,  0.0 ni, 93.5 id,  0.0 wa,  0.0 hi,  0.2 si,  0.0 st
%Cpu(s):  4.5 us,  2.6 sy,  0.0 ni, 92.4 id,  0.0 wa,  0.0 hi,  0.5 si,  0.0 st
%Cpu(s):  4.3 us,  2.9 sy,  0.0 ni, 92.1 id,  0.0 wa,  0.0 hi,  0.8 si,  0.0 st
%Cpu(s):  2.8 us,  2.5 sy,  0.0 ni, 93.9 id,  0.0 wa,  0.0 hi,  0.5 si,  0.3 st
%Cpu(s):  5.1 us,  3.5 sy,  0.0 ni, 90.8 id,  0.0 wa,  0.0 hi,  0.6 si,  0.0 st
%Cpu(s):  3.9 us,  2.4 sy,  0.0 ni, 93.2 id,  0.0 wa,  0.0 hi,  0.5 si,  0.0 st
%Cpu(s):  3.5 us,  3.3 sy,  0.0 ni, 92.7 id,  0.0 wa,  0.0 hi,  0.4 si,  0.1 st
%Cpu(s):  2.8 us,  2.1 sy,  0.0 ni, 94.8 id,  0.0 wa,  0.0 hi,  0.3 si,  0.0 st
%Cpu(s):  3.8 us,  2.4 sy,  0.0 ni, 93.5 id,  0.1 wa,  0.0 hi,  0.3 si,  0.0 st
%Cpu(s):  3.4 us,  2.6 sy,  0.0 ni, 93.3 id,  0.0 wa,  0.0 hi,  0.6 si,  0.0 st
%Cpu(s):  3.9 us,  2.1 sy,  0.0 ni, 93.6 id,  0.0 wa,  0.0 hi,  0.4 si,  0.0 st
%Cpu(s):  4.5 us,  3.8 sy,  0.0 ni, 91.0 id,  0.0 wa,  0.0 hi,  0.7 si,  0.0 st
%Cpu(s):  8.2 us,  3.8 sy,  0.0 ni, 87.3 id,  0.0 wa,  0.0 hi,  0.5 si,  0.1 st
%Cpu(s):  6.9 us,  3.3 sy,  0.0 ni, 89.2 id,  0.0 wa,  0.0 hi,  0.6 si,  0.0 st
%Cpu(s):  6.3 us,  3.3 sy,  0.0 ni, 90.1 id,  0.0 wa,  0.0 hi,  0.4 si,  0.0 st
%Cpu(s):  4.3 us,  4.1 sy,  0.0 ni, 91.1 id,  0.0 wa,  0.0 hi,  0.5 si,  0.0 st
%Cpu(s):  4.8 us,  2.9 sy,  0.0 ni, 91.5 id,  0.0 wa,  0.0 hi,  0.6 si,  0.1 st
%Cpu(s):  3.9 us,  4.0 sy,  0.0 ni, 91.7 id,  0.0 wa,  0.0 hi,  0.4 si,  0.0 st
%Cpu(s):  6.6 us,  3.9 sy,  0.0 ni, 88.7 id,  0.0 wa,  0.0 hi,  0.7 si,  0.1 st
%Cpu(s):  6.5 us,  3.8 sy,  0.0 ni, 89.1 id,  0.0 wa,  0.0 hi,  0.6 si,  0.0 st
%Cpu(s):  6.3 us,  3.8 sy,  0.0 ni, 89.0 id,  0.0 wa,  0.0 hi,  0.9 si,  0.1 st
%Cpu(s): 12.4 us,  2.5 sy,  0.0 ni, 84.2 id,  0.0 wa,  0.0 hi,  0.9 si,  0.0 st
%Cpu(s):  6.6 us,  3.3 sy,  0.0 ni, 89.4 id,  0.0 wa,  0.0 hi,  0.6 si,  0.1 st
%Cpu(s):  5.6 us,  3.4 sy,  0.0 ni, 90.0 id,  0.0 wa,  0.0 hi,  1.0 si,  0.0 st
%Cpu(s):  4.9 us,  4.3 sy,  0.0 ni, 90.1 id,  0.0 wa,  0.0 hi,  0.8 si,  0.0 st
%Cpu(s):  6.2 us,  3.4 sy,  0.0 ni, 89.8 id,  0.0 wa,  0.0 hi,  0.6 si,  0.0 st
%Cpu(s): 17.0 us,  3.7 sy,  0.0 ni, 78.7 id,  0.0 wa,  0.0 hi,  0.6 si,  0.0 st
%Cpu(s): 17.8 us,  3.5 sy,  0.0 ni, 78.4 id,  0.0 wa,  0.0 hi,  0.4 si,  0.0 st
%Cpu(s): 11.1 us,  3.9 sy,  0.0 ni, 84.2 id,  0.1 wa,  0.0 hi,  0.6 si,  0.0 st
%Cpu(s): 12.9 us,  3.4 sy,  0.0 ni, 82.6 id,  0.0 wa,  0.0 hi,  1.0 si,  0.1 st
%Cpu(s):  5.9 us,  3.5 sy,  0.0 ni, 89.6 id,  0.0 wa,  0.0 hi,  1.0 si,  0.0 st
