%Cpu(s):  2.7 us,  0.5 sy,  0.0 ni, 96.7 id,  0.0 wa,  0.0 hi,  0.1 si,  0.0 st
%Cpu(s): 63.7 us,  7.0 sy,  0.0 ni, 29.3 id,  0.0 wa,  0.0 hi,  0.0 si,  0.0 st
%Cpu(s): 78.7 us,  4.3 sy,  0.0 ni, 16.9 id,  0.0 wa,  0.0 hi,  0.0 si,  0.1 st
%Cpu(s): 76.8 us,  2.9 sy,  0.0 ni, 20.2 id,  0.0 wa,  0.0 hi,  0.0 si,  0.1 st
%Cpu(s): 93.1 us,  3.8 sy,  0.0 ni,  3.1 id,  0.0 wa,  0.0 hi,  0.0 si,  0.0 st
%Cpu(s): 95.5 us,  3.6 sy,  0.0 ni,  0.7 id,  0.0 wa,  0.0 hi,  0.1 si,  0.0 st
%Cpu(s): 91.9 us,  4.8 sy,  0.0 ni,  3.0 id,  0.0 wa,  0.0 hi,  0.4 si,  0.0 st
%Cpu(s): 33.3 us,  1.5 sy,  0.0 ni, 65.2 id,  0.0 wa,  0.0 hi,  0.0 si,  0.0 st
%Cpu(s):  6.7 us,  1.5 sy,  0.0 ni, 91.8 id,  0.0 wa,  0.0 hi,  0.0 si,  0.0 st
%Cpu(s):  2.3 us,  1.3 sy,  0.0 ni, 96.5 id,  0.0 wa,  0.0 hi,  0.0 si,  0.0 st
%Cpu(s):  5.1 us,  0.7 sy,  0.0 ni, 94.0 id,  0.0 wa,  0.0 hi,  0.1 si,  0.0 st
%Cpu(s):  7.0 us,  1.6 sy,  0.0 ni, 91.3 id,  0.0 wa,  0.0 hi,  0.0 si,  0.0 st
%Cpu(s):  5.9 us,  1.3 sy,  0.0 ni, 92.7 id,  0.0 wa,  0.0 hi,  0.0 si,  0.1 st
%Cpu(s): 10.1 us,  2.1 sy,  0.0 ni, 87.6 id,  0.0 wa,  0.0 hi,  0.1 si,  0.0 st
%Cpu(s):  9.6 us,  4.1 sy,  0.0 ni, 86.2 id,  0.0 wa,  0.0 hi,  0.0 si,  0.1 st
%Cpu(s):  6.0 us,  3.7 sy,  0.0 ni, 90.3 id,  0.0 wa,  0.0 hi,  0.0 si,  0.0 st
%Cpu(s): 21.9 us,  4.6 sy,  0.0 ni, 73.2 id,  0.0 wa,  0.0 hi,  0.3 si,  0.0 st
%Cpu(s): 81.0 us,  9.2 sy,  0.0 ni,  8.2 id,  0.0 wa,  0.0 hi,  1.5 si,  0.0 st
%Cpu(s): 85.6 us, 11.9 sy,  0.0 ni,  0.4 id,  0.0 wa,  0.0 hi,  2.1 si,  0.0 st
%Cpu(s): 85.9 us, 11.7 sy,  0.0 ni,  0.2 id,  0.0 wa,  0.0 hi,  2.0 si,  0.1 st
%Cpu(s): 83.4 us, 13.8 sy,  0.0 ni,  0.6 id,  0.0 wa,  0.0 hi,  2.1 si,  0.1 st
%Cpu(s): 83.9 us, 12.7 sy,  0.0 ni,  1.4 id,  0.0 wa,  0.0 hi,  2.0 si,  0.0 st
%Cpu(s): 85.3 us, 11.2 sy,  0.0 ni,  1.4 id,  0.0 wa,  0.0 hi,  2.1 si,  0.0 st
%Cpu(s): 84.7 us, 10.7 sy,  0.0 ni,  2.4 id,  0.0 wa,  0.0 hi,  2.2 si,  0.0 st
%Cpu(s): 82.2 us, 10.8 sy,  0.0 ni,  4.3 id,  0.0 wa,  0.0 hi,  2.8 si,  0.0 st
%Cpu(s): 75.9 us,  9.7 sy,  0.0 ni, 11.4 id,  0.0 wa,  0.0 hi,  3.0 si,  0.0 st
%Cpu(s): 40.7 us,  9.5 sy,  0.0 ni, 48.1 id,  0.0 wa,  0.0 hi,  1.7 si,  0.0 st
%Cpu(s): 47.7 us,  9.2 sy,  0.0 ni, 41.0 id,  0.0 wa,  0.0 hi,  2.0 si,  0.1 st
%Cpu(s): 50.0 us,  9.3 sy,  0.0 ni, 38.2 id,  0.0 wa,  0.0 hi,  2.5 si,  0.0 st
%Cpu(s): 40.8 us, 10.2 sy,  0.0 ni, 47.4 id,  0.0 wa,  0.0 hi,  1.7 si,  0.0 st
%Cpu(s): 23.2 us,  8.5 sy,  0.0 ni, 66.6 id,  0.0 wa,  0.0 hi,  1.8 si,  0.0 st
%Cpu(s): 20.2 us,  7.5 sy,  0.0 ni, 70.7 id,  0.0 wa,  0.0 hi,  1.5 si,  0.1 st
%Cpu(s): 66.0 us,  9.7 sy,  0.0 ni, 21.9 id,  0.0 wa,  0.0 hi,  2.5 si,  0.0 st
%Cpu(s): 35.4 us,  9.4 sy,  0.0 ni, 53.4 id,  0.0 wa,  0.0 hi,  1.8 si,  0.0 st
%Cpu(s): 14.6 us,  8.0 sy,  0.0 ni, 76.1 id,  0.0 wa,  0.0 hi,  1.3 si,  0.0 st
%Cpu(s): 16.1 us,  8.8 sy,  0.0 ni, 73.5 id,  0.0 wa,  0.0 hi,  1.5 si,  0.1 st
%Cpu(s): 13.9 us,  6.5 sy,  0.0 ni, 77.9 id,  0.0 wa,  0.0 hi,  1.7 si,  0.0 st
%Cpu(s): 15.5 us,  8.4 sy,  0.0 ni, 74.8 id,  0.0 wa,  0.0 hi,  1.3 si,  0.1 st
%Cpu(s): 15.4 us,  7.9 sy,  0.0 ni, 74.8 id,  0.0 wa,  0.0 hi,  1.9 si,  0.0 st
%Cpu(s): 14.3 us,  7.7 sy,  0.0 ni, 76.2 id,  0.0 wa,  0.0 hi,  1.8 si,  0.0 st
%Cpu(s): 14.3 us,  8.2 sy,  0.0 ni, 75.7 id,  0.0 wa,  0.0 hi,  1.8 si,  0.0 st
%Cpu(s): 15.0 us,  8.6 sy,  0.0 ni, 74.3 id,  0.0 wa,  0.0 hi,  2.0 si,  0.1 st
%Cpu(s): 14.8 us,  8.1 sy,  0.0 ni, 75.8 id,  0.0 wa,  0.0 hi,  1.3 si,  0.0 st
%Cpu(s): 14.5 us,  8.1 sy,  0.0 ni, 75.5 id,  0.0 wa,  0.0 hi,  1.8 si,  0.1 st
%Cpu(s): 13.7 us,  8.0 sy,  0.0 ni, 76.6 id,  0.0 wa,  0.0 hi,  1.7 si,  0.0 st
%Cpu(s): 15.6 us,  7.6 sy,  0.0 ni, 75.3 id,  0.0 wa,  0.0 hi,  1.3 si,  0.1 st
%Cpu(s): 14.0 us,  8.9 sy,  0.0 ni, 75.6 id,  0.0 wa,  0.0 hi,  1.4 si,  0.0 st
%Cpu(s): 25.6 us,  8.1 sy,  0.0 ni, 64.8 id,  0.0 wa,  0.0 hi,  1.5 si,  0.0 st
%Cpu(s): 32.6 us,  9.5 sy,  0.0 ni, 56.1 id,  0.0 wa,  0.0 hi,  1.8 si,  0.0 st
%Cpu(s): 17.2 us,  9.3 sy,  0.0 ni, 72.2 id,  0.0 wa,  0.0 hi,  1.2 si,  0.1 st
%Cpu(s): 19.8 us,  9.7 sy,  0.0 ni, 69.1 id,  0.0 wa,  0.0 hi,  1.4 si,  0.0 st
%Cpu(s): 21.7 us,  9.2 sy,  0.0 ni, 67.3 id,  0.0 wa,  0.0 hi,  1.8 si,  0.0 st
%Cpu(s): 18.6 us,  9.4 sy,  0.0 ni, 70.3 id,  0.0 wa,  0.0 hi,  1.7 si,  0.1 st
%Cpu(s): 16.9 us,  9.3 sy,  0.0 ni, 72.6 id,  0.0 wa,  0.0 hi,  1.2 si,  0.1 st
%Cpu(s): 14.8 us,  9.3 sy,  0.0 ni, 74.4 id,  0.0 wa,  0.0 hi,  1.4 si,  0.0 st
%Cpu(s): 14.7 us,  8.4 sy,  0.0 ni, 75.6 id,  0.0 wa,  0.0 hi,  1.3 si,  0.0 st
%Cpu(s): 14.9 us,  8.5 sy,  0.0 ni, 74.7 id,  0.0 wa,  0.0 hi,  1.9 si,  0.0 st
%Cpu(s): 15.5 us,  9.9 sy,  0.0 ni, 72.9 id,  0.0 wa,  0.0 hi,  1.5 si,  0.1 st
%Cpu(s): 14.6 us,  9.0 sy,  0.0 ni, 74.3 id,  0.0 wa,  0.0 hi,  2.2 si,  0.0 st
%Cpu(s): 15.1 us,  7.9 sy,  0.0 ni, 75.1 id,  0.0 wa,  0.0 hi,  1.8 si,  0.1 st
%Cpu(s): 15.1 us,  8.5 sy,  0.0 ni, 74.5 id,  0.0 wa,  0.0 hi,  1.9 si,  0.0 st
%Cpu(s): 15.2 us,  8.5 sy,  0.0 ni, 75.0 id,  0.0 wa,  0.0 hi,  1.3 si,  0.0 st
%Cpu(s): 17.6 us,  8.4 sy,  0.0 ni, 72.8 id,  0.0 wa,  0.0 hi,  1.1 si,  0.0 st
%Cpu(s): 14.9 us,  8.1 sy,  0.0 ni, 74.8 id,  0.0 wa,  0.0 hi,  2.3 si,  0.0 st
%Cpu(s): 16.0 us,  7.6 sy,  0.0 ni, 75.0 id,  0.0 wa,  0.0 hi,  1.3 si,  0.1 st
%Cpu(s): 17.3 us,  9.1 sy,  0.0 ni, 72.5 id,  0.0 wa,  0.0 hi,  1.1 si,  0.0 st
%Cpu(s): 14.7 us,  7.4 sy,  0.0 ni, 76.1 id,  0.0 wa,  0.0 hi,  1.8 si,  0.0 st
%Cpu(s): 14.5 us,  9.1 sy,  0.0 ni, 75.0 id,  0.0 wa,  0.0 hi,  1.3 si,  0.1 st
%Cpu(s): 16.9 us,  8.1 sy,  0.0 ni, 73.6 id,  0.0 wa,  0.0 hi,  1.5 si,  0.0 st
%Cpu(s): 15.5 us,  9.6 sy,  0.0 ni, 73.8 id,  0.0 wa,  0.0 hi,  1.2 si,  0.0 st
%Cpu(s): 14.4 us,  9.1 sy,  0.0 ni, 75.1 id,  0.1 wa,  0.0 hi,  1.3 si,  0.0 st
%Cpu(s): 15.0 us,  8.8 sy,  0.0 ni, 74.7 id,  0.0 wa,  0.0 hi,  1.4 si,  0.1 st
%Cpu(s): 29.2 us,  7.2 sy,  0.0 ni, 61.8 id,  0.0 wa,  0.0 hi,  1.8 si,  0.0 st
%Cpu(s): 23.1 us,  8.6 sy,  0.0 ni, 67.0 id,  0.0 wa,  0.0 hi,  1.3 si,  0.0 st
%Cpu(s): 19.4 us,  7.3 sy,  0.0 ni, 72.3 id,  0.0 wa,  0.0 hi,  1.0 si,  0.0 st
%Cpu(s): 14.8 us,  6.9 sy,  0.0 ni, 77.2 id,  0.0 wa,  0.0 hi,  1.0 si,  0.0 st
%Cpu(s): 22.3 us,  7.0 sy,  0.0 ni, 69.3 id,  0.0 wa,  0.0 hi,  1.3 si,  0.1 st
%Cpu(s): 36.3 us,  8.9 sy,  0.0 ni, 53.6 id,  0.0 wa,  0.0 hi,  1.1 si,  0.0 st
%Cpu(s): 25.9 us,  8.9 sy,  0.0 ni, 63.7 id,  0.0 wa,  0.0 hi,  1.4 si,  0.0 st
%Cpu(s): 20.2 us,  9.5 sy,  0.0 ni, 68.2 id,  0.0 wa,  0.0 hi,  2.1 si,  0.0 st
%Cpu(s): 19.3 us,  8.8 sy,  0.0 ni, 70.1 id,  0.0 wa,  0.0 hi,  1.7 si,  0.1 st
%Cpu(s): 23.4 us,  9.3 sy,  0.0 ni, 65.8 id,  0.0 wa,  0.0 hi,  1.5 si,  0.0 st
%Cpu(s): 20.5 us,  9.4 sy,  0.0 ni, 69.0 id,  0.0 wa,  0.0 hi,  1.0 si,  0.0 st
%Cpu(s):  9.0 us,  5.7 sy,  0.0 ni, 84.7 id,  0.0 wa,  0.0 hi,  0.6 si,  0.0 st
