%Cpu(s):  1.4 us,  0.3 sy,  0.0 ni, 98.3 id,  0.0 wa,  0.0 hi,  0.0 si,  0.0 st
%Cpu(s):  2.0 us,  1.5 sy,  0.0 ni, 96.4 id,  0.0 wa,  0.0 hi,  0.0 si,  0.0 st
%Cpu(s):  2.1 us,  2.5 sy,  0.0 ni, 95.1 id,  0.0 wa,  0.0 hi,  0.1 si,  0.1 st
%Cpu(s):  2.6 us,  2.9 sy,  0.0 ni, 94.4 id,  0.0 wa,  0.0 hi,  0.0 si,  0.1 st
%Cpu(s):  2.6 us,  3.0 sy,  0.0 ni, 94.4 id,  0.0 wa,  0.0 hi,  0.0 si,  0.0 st
%Cpu(s):  7.6 us,  2.5 sy,  0.0 ni, 89.6 id,  0.0 wa,  0.0 hi,  0.1 si,  0.1 st
%Cpu(s):  7.1 us,  2.5 sy,  0.0 ni, 90.3 id,  0.0 wa,  0.0 hi,  0.0 si,  0.1 st
%Cpu(s): 79.1 us,  4.7 sy,  0.0 ni, 15.7 id,  0.0 wa,  0.0 hi,  0.5 si,  0.0 st
%Cpu(s): 84.5 us,  5.7 sy,  0.0 ni,  8.7 id,  0.0 wa,  0.0 hi,  1.0 si,  0.0 st
%Cpu(s): 67.3 us,  6.3 sy,  0.0 ni, 24.8 id,  0.0 wa,  0.0 hi,  1.4 si,  0.1 st
%Cpu(s): 92.4 us,  5.7 sy,  0.0 ni,  0.9 id,  0.0 wa,  0.0 hi,  1.0 si,  0.0 st
%Cpu(s): 85.2 us,  5.5 sy,  0.0 ni,  7.8 id,  0.0 wa,  0.0 hi,  1.5 si,  0.0 st
%Cpu(s): 62.8 us,  6.2 sy,  0.0 ni, 30.4 id,  0.0 wa,  0.0 hi,  0.6 si,  0.0 st
%Cpu(s): 64.8 us,  6.0 sy,  0.0 ni, 28.0 id,  0.0 wa,  0.0 hi,  1.1 si,  0.0 st
%Cpu(s): 64.3 us,  5.1 sy,  0.0 ni, 29.5 id,  0.0 wa,  0.0 hi,  1.0 si,  0.1 st
%Cpu(s): 28.8 us,  5.8 sy,  0.0 ni, 65.0 id,  0.0 wa,  0.0 hi,  0.5 si,  0.0 st
%Cpu(s): 19.0 us,  6.3 sy,  0.0 ni, 74.2 id,  0.0 wa,  0.0 hi,  0.5 si,  0.0 st
%Cpu(s): 16.3 us,  6.1 sy,  0.0 ni, 77.0 id,  0.1 wa,  0.0 hi,  0.4 si,  0.0 st
%Cpu(s): 13.5 us,  6.0 sy,  0.0 ni, 80.3 id,  0.0 wa,  0.0 hi,  0.3 si,  0.0 st
%Cpu(s): 13.6 us,  6.0 sy,  0.0 ni, 79.7 id,  0.0 wa,  0.0 hi,  0.5 si,  0.1 st
%Cpu(s): 12.4 us,  6.5 sy,  0.0 ni, 80.5 id,  0.0 wa,  0.0 hi,  0.5 si,  0.0 st
%Cpu(s): 11.3 us,  6.4 sy,  0.0 ni, 81.6 id,  0.0 wa,  0.0 hi,  0.6 si,  0.0 st
%Cpu(s): 18.9 us,  6.0 sy,  0.0 ni, 74.7 id,  0.0 wa,  0.0 hi,  0.4 si,  0.0 st
%Cpu(s): 18.8 us,  6.4 sy,  0.0 ni, 74.7 id,  0.0 wa,  0.0 hi,  0.1 si,  0.0 st
%Cpu(s): 11.7 us,  5.6 sy,  0.0 ni, 82.2 id,  0.0 wa,  0.0 hi,  0.4 si,  0.1 st
%Cpu(s): 11.6 us,  6.3 sy,  0.0 ni, 81.5 id,  0.0 wa,  0.0 hi,  0.5 si,  0.0 st
%Cpu(s): 10.7 us,  6.3 sy,  0.0 ni, 82.7 id,  0.0 wa,  0.0 hi,  0.4 si,  0.0 st
%Cpu(s): 13.0 us,  6.4 sy,  0.0 ni, 80.1 id,  0.0 wa,  0.0 hi,  0.4 si,  0.1 st
%Cpu(s): 10.2 us,  5.8 sy,  0.0 ni, 83.2 id,  0.0 wa,  0.0 hi,  0.8 si,  0.0 st
%Cpu(s): 12.7 us,  5.7 sy,  0.0 ni, 81.1 id,  0.0 wa,  0.0 hi,  0.5 si,  0.0 st
%Cpu(s): 10.6 us,  5.2 sy,  0.0 ni, 83.4 id,  0.0 wa,  0.0 hi,  0.8 si,  0.0 st
%Cpu(s): 10.4 us,  4.4 sy,  0.0 ni, 84.2 id,  0.0 wa,  0.0 hi,  0.9 si,  0.1 st
%Cpu(s): 12.9 us,  6.5 sy,  0.0 ni, 80.0 id,  0.0 wa,  0.0 hi,  0.6 si,  0.0 st
%Cpu(s): 12.4 us,  6.1 sy,  0.0 ni, 80.9 id,  0.0 wa,  0.0 hi,  0.6 si,  0.0 st
%Cpu(s): 11.3 us,  5.1 sy,  0.0 ni, 83.1 id,  0.0 wa,  0.0 hi,  0.5 si,  0.0 st
%Cpu(s): 12.1 us,  6.1 sy,  0.0 ni, 81.4 id,  0.0 wa,  0.0 hi,  0.4 si,  0.0 st
%Cpu(s): 12.6 us,  5.9 sy,  0.0 ni, 80.9 id,  0.0 wa,  0.0 hi,  0.5 si,  0.1 st
%Cpu(s): 21.7 us,  6.9 sy,  0.0 ni, 70.9 id,  0.0 wa,  0.0 hi,  0.5 si,  0.0 st
%Cpu(s): 19.2 us,  5.7 sy,  0.0 ni, 74.3 id,  0.0 wa,  0.0 hi,  0.8 si,  0.0 st
%Cpu(s): 13.7 us,  6.6 sy,  0.0 ni, 79.2 id,  0.0 wa,  0.0 hi,  0.4 si,  0.1 st
%Cpu(s): 13.2 us,  6.7 sy,  0.0 ni, 79.8 id,  0.0 wa,  0.0 hi,  0.3 si,  0.0 st
%Cpu(s): 14.3 us,  4.9 sy,  0.0 ni, 80.0 id,  0.0 wa,  0.0 hi,  0.8 si,  0.0 st
%Cpu(s): 20.9 us,  4.7 sy,  0.0 ni, 73.5 id,  0.0 wa,  0.0 hi,  0.9 si,  0.0 st
%Cpu(s): 11.7 us,  5.8 sy,  0.0 ni, 82.1 id,  0.0 wa,  0.0 hi,  0.4 si,  0.0 st
%Cpu(s):  9.7 us,  6.4 sy,  0.0 ni, 83.2 id,  0.0 wa,  0.0 hi,  0.6 si,  0.0 st
%Cpu(s): 12.4 us,  6.8 sy,  0.0 ni, 80.0 id,  0.0 wa,  0.0 hi,  0.6 si,  0.1 st
%Cpu(s): 11.5 us,  6.2 sy,  0.0 ni, 81.4 id,  0.0 wa,  0.0 hi,  0.9 si,  0.0 st
%Cpu(s):  9.5 us,  6.0 sy,  0.0 ni, 83.7 id,  0.0 wa,  0.0 hi,  0.9 si,  0.0 st
%Cpu(s): 13.6 us,  6.5 sy,  0.0 ni, 79.0 id,  0.0 wa,  0.0 hi,  0.8 si,  0.1 st
%Cpu(s): 11.9 us,  5.2 sy,  0.0 ni, 82.3 id,  0.0 wa,  0.0 hi,  0.4 si,  0.1 st
%Cpu(s): 10.9 us,  6.8 sy,  0.0 ni, 81.9 id,  0.0 wa,  0.0 hi,  0.5 si,  0.0 st
%Cpu(s): 12.6 us,  6.3 sy,  0.0 ni, 80.6 id,  0.0 wa,  0.0 hi,  0.5 si,  0.0 st
%Cpu(s): 12.4 us,  6.6 sy,  0.0 ni, 80.5 id,  0.0 wa,  0.0 hi,  0.5 si,  0.0 st
%Cpu(s): 12.7 us,  6.6 sy,  0.0 ni, 80.2 id,  0.0 wa,  0.0 hi,  0.5 si,  0.0 st
%Cpu(s):  9.7 us,  7.1 sy,  0.0 ni, 82.5 id,  0.0 wa,  0.0 hi,  0.6 si,  0.0 st
%Cpu(s): 10.2 us,  5.9 sy,  0.0 ni, 83.3 id,  0.0 wa,  0.0 hi,  0.6 si,  0.0 st
%Cpu(s): 12.6 us,  6.8 sy,  0.0 ni, 79.8 id,  0.1 wa,  0.0 hi,  0.5 si,  0.1 st
%Cpu(s): 12.0 us,  5.7 sy,  0.0 ni, 81.6 id,  0.0 wa,  0.0 hi,  0.7 si,  0.0 st
%Cpu(s):  9.7 us,  6.0 sy,  0.0 ni, 83.9 id,  0.0 wa,  0.0 hi,  0.4 si,  0.1 st
%Cpu(s): 11.8 us,  5.3 sy,  0.0 ni, 82.5 id,  0.0 wa,  0.0 hi,  0.4 si,  0.0 st
%Cpu(s): 11.2 us,  6.0 sy,  0.0 ni, 82.4 id,  0.0 wa,  0.0 hi,  0.3 si,  0.1 st
%Cpu(s): 13.9 us,  6.2 sy,  0.0 ni, 79.5 id,  0.0 wa,  0.0 hi,  0.4 si,  0.0 st
%Cpu(s): 13.5 us,  5.7 sy,  0.0 ni, 80.4 id,  0.0 wa,  0.0 hi,  0.4 si,  0.0 st
%Cpu(s): 12.9 us,  6.3 sy,  0.0 ni, 80.3 id,  0.0 wa,  0.0 hi,  0.5 si,  0.0 st
%Cpu(s): 11.1 us,  6.2 sy,  0.0 ni, 82.2 id,  0.0 wa,  0.0 hi,  0.5 si,  0.0 st
%Cpu(s): 12.7 us,  6.0 sy,  0.0 ni, 81.0 id,  0.0 wa,  0.0 hi,  0.4 si,  0.0 st
%Cpu(s): 18.0 us,  6.3 sy,  0.0 ni, 74.7 id,  0.0 wa,  0.0 hi,  1.0 si,  0.0 st
%Cpu(s): 44.8 us,  6.1 sy,  0.0 ni, 47.8 id,  0.0 wa,  0.0 hi,  1.4 si,  0.0 st
%Cpu(s): 24.8 us,  6.4 sy,  0.0 ni, 67.4 id,  0.0 wa,  0.0 hi,  1.3 si,  0.0 st
%Cpu(s): 13.2 us,  6.6 sy,  0.0 ni, 79.2 id,  0.0 wa,  0.0 hi,  0.8 si,  0.3 st
%Cpu(s): 16.2 us,  5.7 sy,  0.0 ni, 77.6 id,  0.0 wa,  0.0 hi,  0.5 si,  0.0 st
%Cpu(s): 11.7 us,  5.7 sy,  0.0 ni, 81.7 id,  0.0 wa,  0.0 hi,  0.8 si,  0.0 st
%Cpu(s): 14.1 us,  5.8 sy,  0.0 ni, 79.3 id,  0.0 wa,  0.0 hi,  0.8 si,  0.0 st
%Cpu(s): 17.3 us,  5.9 sy,  0.0 ni, 76.2 id,  0.0 wa,  0.0 hi,  0.6 si,  0.0 st
%Cpu(s): 19.4 us,  5.3 sy,  0.0 ni, 74.1 id,  0.0 wa,  0.0 hi,  1.1 si,  0.0 st
%Cpu(s): 15.2 us,  5.1 sy,  0.0 ni, 79.0 id,  0.0 wa,  0.0 hi,  0.6 si,  0.0 st
%Cpu(s): 12.5 us,  6.5 sy,  0.0 ni, 80.2 id,  0.1 wa,  0.0 hi,  0.6 si,  0.1 st
%Cpu(s): 10.1 us,  6.6 sy,  0.0 ni, 82.8 id,  0.0 wa,  0.0 hi,  0.5 si,  0.0 st
%Cpu(s): 10.9 us,  5.9 sy,  0.0 ni, 82.2 id,  0.0 wa,  0.0 hi,  1.0 si,  0.0 st
%Cpu(s): 12.8 us,  5.3 sy,  0.0 ni, 80.9 id,  0.0 wa,  0.0 hi,  0.9 si,  0.1 st
%Cpu(s): 14.7 us,  6.1 sy,  0.0 ni, 78.6 id,  0.0 wa,  0.0 hi,  0.6 si,  0.0 st
