%Cpu(s):  6.9 us,  1.3 sy,  0.0 ni, 91.7 id,  0.0 wa,  0.0 hi,  0.1 si,  0.0 st
%Cpu(s):  4.0 us,  1.8 sy,  0.0 ni, 93.9 id,  0.0 wa,  0.0 hi,  0.0 si,  0.3 st
%Cpu(s):  4.1 us,  3.3 sy,  0.0 ni, 92.4 id,  0.0 wa,  0.0 hi,  0.0 si,  0.1 st
%Cpu(s):  2.0 us,  2.7 sy,  0.0 ni, 95.2 id,  0.0 wa,  0.0 hi,  0.0 si,  0.1 st
%Cpu(s):  3.3 us,  2.5 sy,  0.0 ni, 94.0 id,  0.0 wa,  0.0 hi,  0.0 si,  0.1 st
%Cpu(s):  6.6 us,  1.9 sy,  0.0 ni, 91.0 id,  0.1 wa,  0.0 hi,  0.0 si,  0.4 st
%Cpu(s): 63.3 us,  4.5 sy,  0.0 ni, 31.7 id,  0.0 wa,  0.0 hi,  0.4 si,  0.1 st
%Cpu(s): 89.0 us,  8.6 sy,  0.0 ni,  0.5 id,  0.0 wa,  0.0 hi,  1.9 si,  0.0 st
%Cpu(s): 90.4 us,  7.7 sy,  0.0 ni,  0.6 id,  0.0 wa,  0.0 hi,  1.2 si,  0.0 st
%Cpu(s): 89.3 us,  8.7 sy,  0.0 ni,  0.1 id,  0.0 wa,  0.0 hi,  1.9 si,  0.0 st
%Cpu(s): 88.2 us,  7.5 sy,  0.0 ni,  1.8 id,  0.0 wa,  0.0 hi,  2.5 si,  0.0 st
%Cpu(s): 87.0 us,  6.8 sy,  0.0 ni,  4.6 id,  0.0 wa,  0.0 hi,  1.6 si,  0.0 st
%Cpu(s): 49.6 us,  6.6 sy,  0.0 ni, 43.0 id,  0.0 wa,  0.0 hi,  0.9 si,  0.0 st
%Cpu(s): 29.9 us,  5.4 sy,  0.0 ni, 63.8 id,  0.0 wa,  0.0 hi,  0.8 si,  0.1 st
%Cpu(s): 16.5 us,  6.5 sy,  0.0 ni, 76.1 id,  0.0 wa,  0.0 hi,  0.9 si,  0.0 st
%Cpu(s): 15.0 us,  7.1 sy,  0.0 ni, 77.5 id,  0.0 wa,  0.0 hi,  0.4 si,  0.0 st
%Cpu(s): 14.6 us,  7.3 sy,  0.0 ni, 77.2 id,  0.0 wa,  0.0 hi,  0.9 si,  0.0 st
%Cpu(s): 15.5 us,  7.3 sy,  0.0 ni, 76.6 id,  0.0 wa,  0.0 hi,  0.6 si,  0.0 st
%Cpu(s): 12.7 us,  7.0 sy,  0.0 ni, 79.5 id,  0.0 wa,  0.0 hi,  0.6 si,  0.1 st
%Cpu(s): 21.7 us,  7.8 sy,  0.0 ni, 69.5 id,  0.0 wa,  0.0 hi,  1.0 si,  0.0 st
%Cpu(s): 12.6 us,  7.2 sy,  0.0 ni, 79.9 id,  0.0 wa,  0.0 hi,  0.3 si,  0.0 st
%Cpu(s): 11.7 us,  7.0 sy,  0.0 ni, 80.6 id,  0.0 wa,  0.0 hi,  0.6 si,  0.0 st
%Cpu(s): 12.8 us,  5.1 sy,  0.0 ni, 81.7 id,  0.0 wa,  0.0 hi,  0.4 si,  0.0 st
%Cpu(s): 11.8 us,  6.6 sy,  0.0 ni, 80.9 id,  0.0 wa,  0.0 hi,  0.7 si,  0.0 st
%Cpu(s): 13.3 us,  7.8 sy,  0.0 ni, 78.6 id,  0.0 wa,  0.0 hi,  0.3 si,  0.0 st
%Cpu(s): 13.1 us,  7.2 sy,  0.0 ni, 79.0 id,  0.0 wa,  0.0 hi,  0.6 si,  0.1 st
%Cpu(s): 12.6 us,  6.2 sy,  0.0 ni, 80.9 id,  0.0 wa,  0.0 hi,  0.3 si,  0.0 st
%Cpu(s): 11.1 us,  7.1 sy,  0.0 ni, 81.2 id,  0.0 wa,  0.0 hi,  0.6 si,  0.0 st
%Cpu(s): 11.1 us,  5.3 sy,  0.0 ni, 83.4 id,  0.0 wa,  0.0 hi,  0.1 si,  0.0 st
%Cpu(s): 16.2 us,  6.3 sy,  0.0 ni, 76.6 id,  0.0 wa,  0.0 hi,  0.6 si,  0.1 st
%Cpu(s): 13.6 us,  6.1 sy,  0.0 ni, 79.4 id,  0.0 wa,  0.0 hi,  0.9 si,  0.0 st
%Cpu(s): 13.3 us,  6.8 sy,  0.0 ni, 79.4 id,  0.0 wa,  0.0 hi,  0.5 si,  0.0 st
%Cpu(s): 12.8 us,  7.6 sy,  0.0 ni, 78.8 id,  0.0 wa,  0.0 hi,  0.8 si,  0.0 st
%Cpu(s): 11.2 us,  7.9 sy,  0.0 ni, 80.1 id,  0.0 wa,  0.0 hi,  0.8 si,  0.0 st
%Cpu(s): 12.8 us,  6.7 sy,  0.0 ni, 79.9 id,  0.0 wa,  0.0 hi,  0.5 si,  0.1 st
%Cpu(s): 12.9 us,  6.3 sy,  0.0 ni, 80.5 id,  0.1 wa,  0.0 hi,  0.3 si,  0.0 st
%Cpu(s): 28.9 us,  5.7 sy,  0.0 ni, 64.6 id,  0.0 wa,  0.0 hi,  0.8 si,  0.0 st
%Cpu(s): 17.3 us,  6.1 sy,  0.0 ni, 76.1 id,  0.0 wa,  0.0 hi,  0.5 si,  0.0 st
%Cpu(s): 25.8 us,  7.5 sy,  0.0 ni, 66.0 id,  0.0 wa,  0.0 hi,  0.6 si,  0.0 st
%Cpu(s): 15.7 us,  6.2 sy,  0.0 ni, 77.6 id,  0.0 wa,  0.0 hi,  0.4 si,  0.1 st
%Cpu(s): 15.0 us,  7.4 sy,  0.0 ni, 77.2 id,  0.0 wa,  0.0 hi,  0.4 si,  0.0 st
%Cpu(s): 13.5 us,  6.2 sy,  0.0 ni, 79.8 id,  0.0 wa,  0.0 hi,  0.5 si,  0.0 st
%Cpu(s): 10.4 us,  6.6 sy,  0.0 ni, 82.1 id,  0.0 wa,  0.0 hi,  0.9 si,  0.0 st
%Cpu(s): 10.2 us,  5.8 sy,  0.0 ni, 83.3 id,  0.0 wa,  0.0 hi,  0.6 si,  0.0 st
%Cpu(s): 12.5 us,  7.7 sy,  0.0 ni, 79.1 id,  0.0 wa,  0.0 hi,  0.5 si,  0.1 st
%Cpu(s): 13.9 us,  6.8 sy,  0.0 ni, 78.5 id,  0.1 wa,  0.0 hi,  0.6 si,  0.0 st
%Cpu(s):  9.8 us,  6.8 sy,  0.0 ni, 82.9 id,  0.0 wa,  0.0 hi,  0.5 si,  0.0 st
%Cpu(s): 10.9 us,  5.7 sy,  0.0 ni, 82.5 id,  0.0 wa,  0.0 hi,  0.8 si,  0.1 st
%Cpu(s): 13.1 us,  6.8 sy,  0.0 ni, 79.1 id,  0.0 wa,  0.0 hi,  1.0 si,  0.0 st
%Cpu(s): 12.5 us,  7.4 sy,  0.0 ni, 79.3 id,  0.0 wa,  0.0 hi,  0.8 si,  0.0 st
%Cpu(s): 10.7 us,  7.8 sy,  0.0 ni, 80.7 id,  0.0 wa,  0.0 hi,  0.8 si,  0.0 st
%Cpu(s): 14.5 us,  6.6 sy,  0.0 ni, 78.5 id,  0.0 wa,  0.0 hi,  0.4 si,  0.0 st
%Cpu(s): 11.2 us,  5.4 sy,  0.0 ni, 83.1 id,  0.0 wa,  0.0 hi,  0.3 si,  0.0 st
%Cpu(s): 12.7 us,  7.0 sy,  0.0 ni, 79.2 id,  0.0 wa,  0.0 hi,  1.0 si,  0.1 st
%Cpu(s): 12.0 us,  6.2 sy,  0.0 ni, 81.2 id,  0.0 wa,  0.0 hi,  0.5 si,  0.0 st
%Cpu(s): 13.4 us,  7.9 sy,  0.0 ni, 77.9 id,  0.0 wa,  0.0 hi,  0.6 si,  0.1 st
%Cpu(s): 12.4 us,  6.5 sy,  0.0 ni, 80.6 id,  0.0 wa,  0.0 hi,  0.5 si,  0.0 st
%Cpu(s): 12.1 us,  6.8 sy,  0.0 ni, 80.6 id,  0.0 wa,  0.0 hi,  0.4 si,  0.0 st
%Cpu(s): 13.4 us,  7.6 sy,  0.0 ni, 78.3 id,  0.0 wa,  0.0 hi,  0.6 si,  0.0 st
%Cpu(s): 13.0 us,  6.5 sy,  0.0 ni, 80.1 id,  0.0 wa,  0.0 hi,  0.4 si,  0.0 st
%Cpu(s):  9.6 us,  7.1 sy,  0.0 ni, 82.9 id,  0.0 wa,  0.0 hi,  0.4 si,  0.0 st
%Cpu(s): 11.8 us,  6.0 sy,  0.0 ni, 81.5 id,  0.0 wa,  0.0 hi,  0.7 si,  0.0 st
%Cpu(s): 12.5 us,  6.3 sy,  0.0 ni, 80.4 id,  0.0 wa,  0.0 hi,  0.8 si,  0.0 st
%Cpu(s):  4.3 us,  3.3 sy,  0.0 ni, 92.2 id,  0.0 wa,  0.0 hi,  0.1 si,  0.0 st
%Cpu(s):  5.2 us,  2.4 sy,  0.0 ni, 92.1 id,  0.0 wa,  0.0 hi,  0.1 si,  0.1 st
%Cpu(s):  5.4 us,  2.1 sy,  0.0 ni, 92.2 id,  0.0 wa,  0.0 hi,  0.1 si,  0.1 st
%Cpu(s): 13.3 us,  2.5 sy,  0.0 ni, 84.0 id,  0.0 wa,  0.0 hi,  0.1 si,  0.1 st
%Cpu(s): 18.0 us,  3.5 sy,  0.0 ni, 78.5 id,  0.0 wa,  0.0 hi,  0.0 si,  0.0 st
%Cpu(s): 27.9 us,  3.5 sy,  0.0 ni, 68.6 id,  0.0 wa,  0.0 hi,  0.0 si,  0.0 st
%Cpu(s): 14.9 us,  3.5 sy,  0.0 ni, 81.4 id,  0.0 wa,  0.0 hi,  0.0 si,  0.1 st
%Cpu(s):  7.2 us,  2.9 sy,  0.0 ni, 89.8 id,  0.1 wa,  0.0 hi,  0.0 si,  0.0 st
%Cpu(s):  2.3 us,  2.3 sy,  0.0 ni, 95.2 id,  0.0 wa,  0.0 hi,  0.0 si,  0.3 st
%Cpu(s):  3.9 us,  2.5 sy,  0.0 ni, 93.4 id,  0.0 wa,  0.0 hi,  0.1 si,  0.0 st
%Cpu(s):  6.3 us,  2.3 sy,  0.0 ni, 91.3 id,  0.0 wa,  0.0 hi,  0.0 si,  0.1 st
%Cpu(s):  2.8 us,  3.5 sy,  0.0 ni, 93.5 id,  0.0 wa,  0.0 hi,  0.1 si,  0.1 st
%Cpu(s):  3.3 us,  2.4 sy,  0.0 ni, 94.1 id,  0.0 wa,  0.0 hi,  0.0 si,  0.3 st
