%Cpu(s):  4.2 us,  0.5 sy,  0.0 ni, 95.2 id,  0.0 wa,  0.0 hi,  0.1 si,  0.0 st
%Cpu(s): 14.4 us,  2.2 sy,  0.0 ni, 83.2 id,  0.0 wa,  0.0 hi,  0.1 si,  0.0 st
%Cpu(s): 87.7 us,  5.4 sy,  0.0 ni,  7.0 id,  0.0 wa,  0.0 hi,  0.0 si,  0.0 st
%Cpu(s): 82.1 us,  3.1 sy,  0.0 ni, 14.8 id,  0.0 wa,  0.0 hi,  0.0 si,  0.0 st
%Cpu(s): 76.2 us,  2.4 sy,  0.0 ni, 21.4 id,  0.0 wa,  0.0 hi,  0.0 si,  0.0 st
%Cpu(s): 94.1 us,  2.0 sy,  0.0 ni,  3.9 id,  0.0 wa,  0.0 hi,  0.0 si,  0.0 st
%Cpu(s): 96.7 us,  2.0 sy,  0.0 ni,  1.1 id,  0.0 wa,  0.0 hi,  0.2 si,  0.0 st
%Cpu(s): 97.3 us,  2.2 sy,  0.0 ni,  0.2 id,  0.0 wa,  0.0 hi,  0.2 si,  0.0 st
%Cpu(s): 97.4 us,  2.0 sy,  0.0 ni,  0.2 id,  0.0 wa,  0.0 hi,  0.4 si,  0.0 st
%Cpu(s): 96.6 us,  2.5 sy,  0.0 ni,  0.7 id,  0.0 wa,  0.0 hi,  0.1 si,  0.0 st
%Cpu(s): 94.9 us,  3.2 sy,  0.0 ni,  1.5 id,  0.0 wa,  0.0 hi,  0.4 si,  0.0 st
%Cpu(s): 90.9 us,  7.7 sy,  0.0 ni,  0.2 id,  0.0 wa,  0.0 hi,  1.1 si,  0.0 st
%Cpu(s): 89.3 us,  9.1 sy,  0.0 ni,  0.0 id,  0.0 wa,  0.0 hi,  1.6 si,  0.0 st
%Cpu(s): 85.7 us, 11.7 sy,  0.0 ni,  0.2 id,  0.0 wa,  0.0 hi,  2.4 si,  0.0 st
%Cpu(s): 84.2 us, 12.4 sy,  0.0 ni,  0.5 id,  0.0 wa,  0.0 hi,  2.7 si,  0.1 st
%Cpu(s): 83.0 us, 13.7 sy,  0.0 ni,  0.7 id,  0.0 wa,  0.0 hi,  2.5 si,  0.1 st
%Cpu(s): 83.7 us, 13.3 sy,  0.0 ni,  0.2 id,  0.0 wa,  0.0 hi,  2.7 si,  0.0 st
%Cpu(s): 86.2 us, 11.1 sy,  0.0 ni,  0.1 id,  0.0 wa,  0.0 hi,  2.6 si,  0.0 st
%Cpu(s): 87.5 us,  9.9 sy,  0.0 ni,  0.1 id,  0.0 wa,  0.0 hi,  2.4 si,  0.1 st
%Cpu(s): 87.7 us,  9.9 sy,  0.0 ni,  0.2 id,  0.0 wa,  0.0 hi,  2.2 si,  0.0 st
%Cpu(s): 86.5 us, 10.6 sy,  0.0 ni,  0.1 id,  0.0 wa,  0.0 hi,  2.7 si,  0.0 st
%Cpu(s): 85.9 us, 10.8 sy,  0.0 ni,  0.0 id,  0.0 wa,  0.0 hi,  3.1 si,  0.1 st
%Cpu(s): 86.4 us, 10.9 sy,  0.0 ni,  0.0 id,  0.0 wa,  0.0 hi,  2.7 si,  0.0 st
%Cpu(s): 85.3 us,  9.9 sy,  0.0 ni,  2.1 id,  0.0 wa,  0.0 hi,  2.6 si,  0.1 st
%Cpu(s): 85.1 us,  7.7 sy,  0.0 ni,  5.0 id,  0.0 wa,  0.0 hi,  2.2 si,  0.0 st
%Cpu(s): 55.8 us,  8.8 sy,  0.0 ni, 33.0 id,  0.0 wa,  0.0 hi,  2.5 si,  0.0 st
%Cpu(s): 44.9 us,  9.3 sy,  0.0 ni, 43.9 id,  0.0 wa,  0.0 hi,  1.9 si,  0.0 st
%Cpu(s): 45.2 us,  8.2 sy,  0.0 ni, 44.7 id,  0.0 wa,  0.0 hi,  1.9 si,  0.1 st
%Cpu(s): 44.0 us,  9.6 sy,  0.0 ni, 43.9 id,  0.0 wa,  0.0 hi,  2.4 si,  0.0 st
%Cpu(s): 46.2 us,  9.6 sy,  0.0 ni, 41.8 id,  0.0 wa,  0.0 hi,  2.4 si,  0.0 st
%Cpu(s): 38.5 us,  7.7 sy,  0.0 ni, 52.2 id,  0.0 wa,  0.0 hi,  1.5 si,  0.1 st
%Cpu(s): 21.8 us,  7.9 sy,  0.0 ni, 68.3 id,  0.0 wa,  0.0 hi,  1.9 si,  0.1 st
%Cpu(s): 29.0 us,  7.8 sy,  0.0 ni, 61.1 id,  0.0 wa,  0.0 hi,  2.0 si,  0.1 st
%Cpu(s): 24.5 us,  8.7 sy,  0.0 ni, 65.0 id,  0.0 wa,  0.0 hi,  1.9 si,  0.0 st
%Cpu(s): 24.4 us,  7.4 sy,  0.0 ni, 66.0 id,  0.0 wa,  0.0 hi,  2.0 si,  0.1 st
%Cpu(s): 23.1 us,  8.2 sy,  0.0 ni, 66.5 id,  0.0 wa,  0.0 hi,  2.2 si,  0.0 st
%Cpu(s): 25.6 us,  8.6 sy,  0.0 ni, 63.7 id,  0.0 wa,  0.0 hi,  1.9 si,  0.1 st
%Cpu(s): 22.5 us,  8.8 sy,  0.0 ni, 66.8 id,  0.0 wa,  0.0 hi,  1.8 si,  0.1 st
%Cpu(s): 23.7 us,  8.3 sy,  0.0 ni, 66.2 id,  0.0 wa,  0.0 hi,  1.7 si,  0.1 st
%Cpu(s): 21.9 us, 10.1 sy,  0.0 ni, 66.5 id,  0.0 wa,  0.0 hi,  1.4 si,  0.1 st
%Cpu(s): 37.4 us,  8.5 sy,  0.0 ni, 51.3 id,  0.0 wa,  0.0 hi,  2.8 si,  0.0 st
%Cpu(s): 33.9 us,  8.7 sy,  0.0 ni, 54.7 id,  0.0 wa,  0.0 hi,  2.6 si,  0.1 st
%Cpu(s): 25.5 us,  8.4 sy,  0.0 ni, 63.4 id,  0.0 wa,  0.0 hi,  2.6 si,  0.1 st
%Cpu(s): 26.0 us,  8.9 sy,  0.0 ni, 63.8 id,  0.0 wa,  0.0 hi,  1.4 si,  0.0 st
%Cpu(s): 35.1 us,  9.7 sy,  0.0 ni, 52.9 id,  0.0 wa,  0.0 hi,  2.3 si,  0.1 st
%Cpu(s): 35.1 us,  9.1 sy,  0.0 ni, 53.5 id,  0.1 wa,  0.0 hi,  2.0 si,  0.1 st
%Cpu(s): 23.3 us,  9.0 sy,  0.0 ni, 65.4 id,  0.0 wa,  0.0 hi,  2.3 si,  0.1 st
%Cpu(s): 23.6 us,  8.1 sy,  0.0 ni, 66.6 id,  0.0 wa,  0.0 hi,  1.7 si,  0.0 st
%Cpu(s): 29.1 us,  7.8 sy,  0.0 ni, 61.0 id,  0.0 wa,  0.0 hi,  2.0 si,  0.1 st
%Cpu(s): 22.1 us,  8.5 sy,  0.0 ni, 67.4 id,  0.0 wa,  0.0 hi,  1.8 si,  0.1 st
%Cpu(s): 21.1 us, 10.0 sy,  0.0 ni, 67.1 id,  0.0 wa,  0.0 hi,  1.6 si,  0.1 st
%Cpu(s): 22.3 us, 10.1 sy,  0.0 ni, 65.3 id,  0.0 wa,  0.0 hi,  2.1 si,  0.1 st
%Cpu(s): 21.4 us,  9.0 sy,  0.0 ni, 67.8 id,  0.0 wa,  0.0 hi,  1.8 si,  0.0 st
%Cpu(s): 22.1 us,  8.0 sy,  0.0 ni, 68.4 id,  0.0 wa,  0.0 hi,  1.4 si,  0.1 st
%Cpu(s): 21.3 us,  8.6 sy,  0.0 ni, 68.1 id,  0.0 wa,  0.0 hi,  1.9 si,  0.1 st
%Cpu(s): 22.4 us,  8.9 sy,  0.0 ni, 66.3 id,  0.0 wa,  0.0 hi,  2.3 si,  0.1 st
%Cpu(s): 24.1 us,  9.8 sy,  0.0 ni, 63.8 id,  0.0 wa,  0.0 hi,  2.3 si,  0.0 st
%Cpu(s): 22.0 us,  8.8 sy,  0.0 ni, 67.2 id,  0.0 wa,  0.0 hi,  2.0 si,  0.0 st
%Cpu(s): 21.3 us,  9.4 sy,  0.0 ni, 67.6 id,  0.0 wa,  0.0 hi,  1.6 si,  0.1 st
%Cpu(s): 23.9 us,  8.7 sy,  0.0 ni, 65.5 id,  0.0 wa,  0.0 hi,  1.8 si,  0.1 st
%Cpu(s): 18.4 us,  8.9 sy,  0.0 ni, 70.4 id,  0.0 wa,  0.0 hi,  2.3 si,  0.0 st
%Cpu(s): 22.5 us,  8.1 sy,  0.0 ni, 66.9 id,  0.0 wa,  0.0 hi,  2.4 si,  0.1 st
%Cpu(s): 20.3 us,  8.4 sy,  0.0 ni, 68.9 id,  0.0 wa,  0.0 hi,  2.3 si,  0.1 st
%Cpu(s): 20.6 us,  8.2 sy,  0.0 ni, 68.9 id,  0.0 wa,  0.0 hi,  2.2 si,  0.1 st
%Cpu(s): 23.2 us,  7.6 sy,  0.0 ni, 66.4 id,  0.0 wa,  0.0 hi,  2.5 si,  0.3 st
%Cpu(s): 19.4 us,  8.5 sy,  0.0 ni, 69.4 id,  0.0 wa,  0.0 hi,  2.6 si,  0.1 st
%Cpu(s): 24.1 us,  7.4 sy,  0.0 ni, 65.5 id,  0.0 wa,  0.0 hi,  2.9 si,  0.1 st
%Cpu(s): 19.7 us,  7.4 sy,  0.0 ni, 70.6 id,  0.0 wa,  0.0 hi,  2.3 si,  0.0 st
%Cpu(s): 24.7 us,  7.1 sy,  0.0 ni, 65.6 id,  0.0 wa,  0.0 hi,  2.5 si,  0.1 st
%Cpu(s): 31.3 us,  7.6 sy,  0.0 ni, 58.3 id,  0.0 wa,  0.0 hi,  2.6 si,  0.1 st
%Cpu(s): 75.1 us,  6.9 sy,  0.0 ni, 15.8 id,  0.0 wa,  0.0 hi,  2.1 si,  0.1 st
%Cpu(s): 47.1 us,  7.9 sy,  0.0 ni, 43.5 id,  0.0 wa,  0.0 hi,  1.5 si,  0.0 st
%Cpu(s): 46.1 us,  9.4 sy,  0.0 ni, 42.4 id,  0.0 wa,  0.0 hi,  1.9 si,  0.1 st
%Cpu(s): 32.0 us,  9.5 sy,  0.0 ni, 56.9 id,  0.0 wa,  0.0 hi,  1.6 si,  0.0 st
%Cpu(s): 21.9 us,  6.5 sy,  0.0 ni, 70.3 id,  0.0 wa,  0.0 hi,  1.2 si,  0.1 st
%Cpu(s): 21.5 us,  7.7 sy,  0.0 ni, 69.2 id,  0.0 wa,  0.0 hi,  1.5 si,  0.0 st
%Cpu(s): 25.8 us,  8.2 sy,  0.0 ni, 64.6 id,  0.0 wa,  0.0 hi,  1.4 si,  0.0 st
%Cpu(s): 29.5 us,  7.7 sy,  0.0 ni, 61.1 id,  0.0 wa,  0.0 hi,  1.5 si,  0.1 st
%Cpu(s): 39.8 us,  9.4 sy,  0.0 ni, 48.7 id,  0.1 wa,  0.0 hi,  1.9 si,  0.0 st
