%Cpu(s): 10.5 us,  1.5 sy,  0.0 ni, 87.7 id,  0.0 wa,  0.0 hi,  0.2 si,  0.0 st
%Cpu(s):  1.1 us,  1.1 sy,  0.0 ni, 97.7 id,  0.0 wa,  0.0 hi,  0.0 si,  0.0 st
%Cpu(s):  1.0 us,  1.1 sy,  0.0 ni, 97.7 id,  0.0 wa,  0.0 hi,  0.0 si,  0.1 st
%Cpu(s):  1.0 us,  1.2 sy,  0.0 ni, 97.8 id,  0.0 wa,  0.0 hi,  0.0 si,  0.0 st
%Cpu(s):  1.4 us,  1.1 sy,  0.0 ni, 97.5 id,  0.0 wa,  0.0 hi,  0.0 si,  0.0 st
%Cpu(s):  4.4 us,  1.5 sy,  0.0 ni, 93.8 id,  0.0 wa,  0.0 hi,  0.1 si,  0.1 st
%Cpu(s): 18.9 us,  1.8 sy,  0.0 ni, 79.0 id,  0.1 wa,  0.0 hi,  0.1 si,  0.0 st
%Cpu(s): 77.4 us,  7.5 sy,  0.0 ni, 13.2 id,  0.0 wa,  0.0 hi,  1.9 si,  0.0 st
%Cpu(s): 87.9 us,  9.0 sy,  0.0 ni,  1.0 id,  0.0 wa,  0.0 hi,  2.1 si,  0.0 st
%Cpu(s): 85.6 us, 10.5 sy,  0.0 ni,  1.4 id,  0.0 wa,  0.0 hi,  2.5 si,  0.0 st
%Cpu(s): 86.8 us, 10.5 sy,  0.0 ni,  0.2 id,  0.0 wa,  0.0 hi,  2.5 si,  0.0 st
%Cpu(s): 86.3 us, 10.7 sy,  0.0 ni,  0.0 id,  0.0 wa,  0.0 hi,  3.0 si,  0.0 st
%Cpu(s): 85.3 us, 11.7 sy,  0.0 ni,  0.0 id,  0.0 wa,  0.0 hi,  3.0 si,  0.0 st
%Cpu(s): 86.7 us, 10.7 sy,  0.0 ni,  0.2 id,  0.0 wa,  0.0 hi,  2.4 si,  0.0 st
%Cpu(s): 85.2 us, 11.7 sy,  0.0 ni,  0.2 id,  0.0 wa,  0.0 hi,  2.9 si,  0.0 st
%Cpu(s): 85.2 us, 11.5 sy,  0.0 ni,  0.6 id,  0.0 wa,  0.0 hi,  2.7 si,  0.0 st
%Cpu(s): 77.2 us, 12.0 sy,  0.0 ni,  8.3 id,  0.0 wa,  0.0 hi,  2.5 si,  0.0 st
%Cpu(s): 53.8 us, 10.1 sy,  0.0 ni, 33.9 id,  0.0 wa,  0.0 hi,  2.2 si,  0.0 st
%Cpu(s): 23.5 us,  6.7 sy,  0.0 ni, 68.3 id,  0.0 wa,  0.0 hi,  1.5 si,  0.0 st
%Cpu(s): 16.5 us,  8.4 sy,  0.0 ni, 73.8 id,  0.0 wa,  0.0 hi,  1.3 si,  0.0 st
%Cpu(s): 13.2 us,  8.1 sy,  0.0 ni, 77.8 id,  0.0 wa,  0.0 hi,  0.9 si,  0.0 st
%Cpu(s): 11.7 us,  7.7 sy,  0.0 ni, 79.4 id,  0.0 wa,  0.0 hi,  1.2 si,  0.0 st
%Cpu(s): 12.1 us,  7.6 sy,  0.0 ni, 79.3 id,  0.0 wa,  0.0 hi,  1.0 si,  0.0 st
%Cpu(s): 15.0 us,  7.9 sy,  0.0 ni, 76.1 id,  0.0 wa,  0.0 hi,  1.0 si,  0.0 st
%Cpu(s): 14.5 us,  7.8 sy,  0.0 ni, 76.7 id,  0.0 wa,  0.0 hi,  0.9 si,  0.1 st
%Cpu(s): 14.3 us,  8.1 sy,  0.0 ni, 76.9 id,  0.0 wa,  0.0 hi,  0.8 si,  0.0 st
%Cpu(s): 12.9 us,  7.9 sy,  0.0 ni, 78.3 id,  0.0 wa,  0.0 hi,  0.9 si,  0.0 st
%Cpu(s): 12.7 us,  7.9 sy,  0.0 ni, 78.6 id,  0.0 wa,  0.0 hi,  0.8 si,  0.0 st
%Cpu(s): 13.4 us,  7.5 sy,  0.0 ni, 78.1 id,  0.0 wa,  0.0 hi,  1.0 si,  0.0 st
%Cpu(s): 11.9 us,  7.5 sy,  0.0 ni, 79.1 id,  0.0 wa,  0.0 hi,  1.4 si,  0.1 st
%Cpu(s): 13.2 us,  7.4 sy,  0.0 ni, 78.0 id,  0.0 wa,  0.0 hi,  1.4 si,  0.0 st
%Cpu(s): 12.4 us,  7.3 sy,  0.0 ni, 78.9 id,  0.0 wa,  0.0 hi,  1.3 si,  0.1 st
%Cpu(s): 14.1 us,  7.9 sy,  0.0 ni, 77.2 id,  0.0 wa,  0.0 hi,  0.8 si,  0.0 st
%Cpu(s): 11.7 us,  7.8 sy,  0.0 ni, 79.5 id,  0.0 wa,  0.0 hi,  1.0 si,  0.0 st
%Cpu(s): 11.6 us,  7.7 sy,  0.0 ni, 79.7 id,  0.0 wa,  0.0 hi,  1.0 si,  0.0 st
%Cpu(s): 13.6 us,  7.6 sy,  0.0 ni, 77.6 id,  0.0 wa,  0.0 hi,  1.1 si,  0.0 st
%Cpu(s): 14.4 us,  7.6 sy,  0.0 ni, 77.1 id,  0.0 wa,  0.0 hi,  0.9 si,  0.0 st
%Cpu(s): 25.5 us,  6.2 sy,  0.0 ni, 67.0 id,  0.0 wa,  0.0 hi,  1.3 si,  0.0 st
%Cpu(s): 13.9 us,  6.5 sy,  0.0 ni, 78.1 id,  0.0 wa,  0.0 hi,  1.3 si,  0.1 st
%Cpu(s): 25.9 us,  8.6 sy,  0.0 ni, 64.9 id,  0.0 wa,  0.0 hi,  0.6 si,  0.0 st
%Cpu(s): 20.3 us,  8.5 sy,  0.0 ni, 69.9 id,  0.0 wa,  0.0 hi,  1.3 si,  0.0 st
%Cpu(s): 12.4 us,  7.1 sy,  0.0 ni, 79.8 id,  0.0 wa,  0.0 hi,  0.8 si,  0.0 st
%Cpu(s): 11.0 us,  6.5 sy,  0.0 ni, 81.4 id,  0.0 wa,  0.0 hi,  1.0 si,  0.0 st
%Cpu(s): 11.9 us,  6.9 sy,  0.0 ni, 79.9 id,  0.0 wa,  0.0 hi,  1.2 si,  0.1 st
%Cpu(s): 11.8 us,  7.9 sy,  0.0 ni, 79.2 id,  0.0 wa,  0.0 hi,  1.2 si,  0.0 st
%Cpu(s): 12.8 us,  7.9 sy,  0.0 ni, 78.1 id,  0.0 wa,  0.0 hi,  1.2 si,  0.0 st
%Cpu(s): 13.8 us,  7.9 sy,  0.0 ni, 77.2 id,  0.0 wa,  0.0 hi,  1.1 si,  0.0 st
%Cpu(s): 13.0 us,  6.7 sy,  0.0 ni, 79.3 id,  0.0 wa,  0.0 hi,  0.9 si,  0.1 st
%Cpu(s): 12.2 us,  7.1 sy,  0.0 ni, 79.6 id,  0.0 wa,  0.0 hi,  1.0 si,  0.0 st
%Cpu(s): 13.3 us,  7.8 sy,  0.0 ni, 77.5 id,  0.0 wa,  0.0 hi,  1.4 si,  0.0 st
%Cpu(s): 12.2 us,  7.3 sy,  0.0 ni, 79.1 id,  0.0 wa,  0.0 hi,  1.3 si,  0.0 st
%Cpu(s): 11.1 us,  8.6 sy,  0.0 ni, 79.2 id,  0.0 wa,  0.0 hi,  1.0 si,  0.0 st
%Cpu(s): 12.2 us,  7.9 sy,  0.0 ni, 79.2 id,  0.0 wa,  0.0 hi,  0.8 si,  0.0 st
%Cpu(s): 12.1 us,  7.4 sy,  0.0 ni, 79.3 id,  0.0 wa,  0.0 hi,  1.2 si,  0.0 st
%Cpu(s): 12.6 us,  8.2 sy,  0.0 ni, 77.9 id,  0.0 wa,  0.0 hi,  1.3 si,  0.0 st
%Cpu(s): 12.3 us,  7.0 sy,  0.0 ni, 79.7 id,  0.0 wa,  0.0 hi,  1.0 si,  0.0 st
%Cpu(s): 14.0 us,  7.2 sy,  0.0 ni, 77.7 id,  0.0 wa,  0.0 hi,  1.2 si,  0.0 st
%Cpu(s): 13.5 us,  8.2 sy,  0.0 ni, 77.5 id,  0.0 wa,  0.0 hi,  0.8 si,  0.0 st
%Cpu(s): 12.5 us,  8.2 sy,  0.0 ni, 78.1 id,  0.0 wa,  0.0 hi,  1.3 si,  0.0 st
%Cpu(s): 11.0 us,  7.0 sy,  0.0 ni, 81.2 id,  0.0 wa,  0.0 hi,  0.8 si,  0.0 st
%Cpu(s): 13.3 us,  7.0 sy,  0.0 ni, 78.4 id,  0.0 wa,  0.0 hi,  1.2 si,  0.1 st
%Cpu(s): 16.3 us,  9.3 sy,  0.0 ni, 73.1 id,  0.0 wa,  0.0 hi,  1.3 si,  0.0 st
%Cpu(s): 16.2 us,  7.7 sy,  0.0 ni, 75.2 id,  0.0 wa,  0.0 hi,  0.9 si,  0.0 st
%Cpu(s):  8.7 us,  4.7 sy,  0.0 ni, 86.1 id,  0.0 wa,  0.0 hi,  0.4 si,  0.1 st
%Cpu(s):  5.0 us,  3.5 sy,  0.0 ni, 91.4 id,  0.0 wa,  0.0 hi,  0.1 si,  0.0 st
%Cpu(s):  2.4 us,  1.7 sy,  0.0 ni, 95.8 id,  0.0 wa,  0.0 hi,  0.1 si,  0.0 st
%Cpu(s):  4.2 us,  3.2 sy,  0.0 ni, 92.3 id,  0.0 wa,  0.0 hi,  0.2 si,  0.0 st
%Cpu(s):  6.1 us,  1.3 sy,  0.0 ni, 92.3 id,  0.0 wa,  0.0 hi,  0.1 si,  0.1 st
%Cpu(s):  4.2 us,  2.3 sy,  0.0 ni, 93.4 id,  0.0 wa,  0.0 hi,  0.1 si,  0.0 st
%Cpu(s):  9.6 us,  1.7 sy,  0.0 ni, 88.4 id,  0.0 wa,  0.0 hi,  0.2 si,  0.0 st
%Cpu(s):  1.5 us,  1.9 sy,  0.0 ni, 96.5 id,  0.1 wa,  0.0 hi,  0.0 si,  0.0 st
%Cpu(s):  1.0 us,  1.3 sy,  0.0 ni, 97.7 id,  0.0 wa,  0.0 hi,  0.0 si,  0.0 st
%Cpu(s):  5.0 us,  0.9 sy,  0.0 ni, 94.0 id,  0.0 wa,  0.0 hi,  0.0 si,  0.1 st
%Cpu(s): 13.4 us,  1.0 sy,  0.0 ni, 85.6 id,  0.0 wa,  0.0 hi,  0.0 si,  0.0 st
%Cpu(s): 13.6 us,  1.5 sy,  0.0 ni, 84.9 id,  0.0 wa,  0.0 hi,  0.0 si,  0.0 st
%Cpu(s):  3.6 us,  1.1 sy,  0.0 ni, 95.1 id,  0.0 wa,  0.0 hi,  0.1 si,  0.0 st
%Cpu(s):  1.4 us,  2.2 sy,  0.0 ni, 96.3 id,  0.0 wa,  0.0 hi,  0.1 si,  0.0 st
%Cpu(s):  1.4 us,  2.0 sy,  0.0 ni, 96.5 id,  0.0 wa,  0.0 hi,  0.0 si,  0.1 st
%Cpu(s):  1.4 us,  1.4 sy,  0.0 ni, 97.3 id,  0.0 wa,  0.0 hi,  0.0 si,  0.0 st
%Cpu(s):  1.1 us,  1.0 sy,  0.0 ni, 97.9 id,  0.0 wa,  0.0 hi,  0.0 si,  0.0 st
%Cpu(s):  1.4 us,  2.0 sy,  0.0 ni, 96.6 id,  0.0 wa,  0.0 hi,  0.0 si,  0.0 st
%Cpu(s):  1.7 us,  1.1 sy,  0.0 ni, 97.1 id,  0.0 wa,  0.0 hi,  0.0 si,  0.0 st
