%Cpu(s):  7.7 us,  1.4 sy,  0.0 ni, 90.8 id,  0.0 wa,  0.0 hi,  0.1 si,  0.0 st
%Cpu(s):  3.6 us,  3.4 sy,  0.0 ni, 92.9 id,  0.0 wa,  0.0 hi,  0.1 si,  0.0 st
%Cpu(s):  2.4 us,  2.4 sy,  0.0 ni, 95.2 id,  0.0 wa,  0.0 hi,  0.0 si,  0.0 st
%Cpu(s):  2.4 us,  3.0 sy,  0.0 ni, 94.7 id,  0.0 wa,  0.0 hi,  0.0 si,  0.0 st
%Cpu(s):  4.7 us,  2.5 sy,  0.0 ni, 92.8 id,  0.0 wa,  0.0 hi,  0.0 si,  0.0 st
%Cpu(s): 10.8 us,  2.3 sy,  0.0 ni, 86.9 id,  0.0 wa,  0.0 hi,  0.0 si,  0.0 st
%Cpu(s): 55.6 us,  2.9 sy,  0.0 ni, 41.1 id,  0.0 wa,  0.0 hi,  0.4 si,  0.0 st
%Cpu(s): 87.0 us,  8.1 sy,  0.0 ni,  2.9 id,  0.0 wa,  0.0 hi,  2.0 si,  0.0 st
%Cpu(s): 87.7 us,  9.6 sy,  0.0 ni,  0.4 id,  0.0 wa,  0.0 hi,  2.2 si,  0.1 st
%Cpu(s): 86.2 us, 10.9 sy,  0.0 ni,  0.9 id,  0.0 wa,  0.0 hi,  2.0 si,  0.0 st
%Cpu(s): 87.5 us,  9.2 sy,  0.0 ni,  1.2 id,  0.0 wa,  0.0 hi,  2.0 si,  0.0 st
%Cpu(s): 87.3 us,  8.3 sy,  0.0 ni,  2.2 id,  0.0 wa,  0.0 hi,  2.1 si,  0.0 st
%Cpu(s): 84.9 us,  9.5 sy,  0.0 ni,  3.5 id,  0.0 wa,  0.0 hi,  2.0 si,  0.1 st
%Cpu(s): 82.9 us,  9.8 sy,  0.0 ni,  5.1 id,  0.0 wa,  0.0 hi,  2.1 si,  0.1 st
%Cpu(s): 58.4 us,  8.3 sy,  0.0 ni, 32.0 id,  0.0 wa,  0.0 hi,  1.3 si,  0.0 st
%Cpu(s): 37.3 us,  6.7 sy,  0.0 ni, 54.9 id,  0.1 wa,  0.0 hi,  0.9 si,  0.1 st
%Cpu(s): 25.2 us,  8.1 sy,  0.0 ni, 66.0 id,  0.0 wa,  0.0 hi,  0.6 si,  0.1 st
%Cpu(s): 19.2 us,  6.0 sy,  0.0 ni, 74.2 id,  0.0 wa,  0.0 hi,  0.7 si,  0.0 st
%Cpu(s): 24.3 us,  8.2 sy,  0.0 ni, 66.9 id,  0.0 wa,  0.0 hi,  0.6 si,  0.0 st
%Cpu(s): 21.4 us,  7.1 sy,  0.0 ni, 70.8 id,  0.0 wa,  0.0 hi,  0.6 si,  0.1 st
%Cpu(s): 21.9 us,  6.9 sy,  0.0 ni, 70.2 id,  0.1 wa,  0.0 hi,  0.8 si,  0.1 st
%Cpu(s): 19.8 us,  7.1 sy,  0.0 ni, 72.5 id,  0.0 wa,  0.0 hi,  0.5 si,  0.0 st
%Cpu(s): 18.5 us,  6.2 sy,  0.0 ni, 74.4 id,  0.0 wa,  0.0 hi,  0.9 si,  0.0 st
%Cpu(s): 20.3 us,  7.2 sy,  0.0 ni, 71.0 id,  0.0 wa,  0.0 hi,  1.5 si,  0.0 st
%Cpu(s): 20.0 us,  8.1 sy,  0.0 ni, 70.1 id,  0.0 wa,  0.0 hi,  1.7 si,  0.1 st
%Cpu(s): 20.4 us,  7.1 sy,  0.0 ni, 72.0 id,  0.0 wa,  0.0 hi,  0.4 si,  0.1 st
%Cpu(s): 22.0 us,  6.6 sy,  0.0 ni, 71.0 id,  0.0 wa,  0.0 hi,  0.5 si,  0.0 st
%Cpu(s): 18.4 us,  7.8 sy,  0.0 ni, 73.0 id,  0.0 wa,  0.0 hi,  0.8 si,  0.0 st
%Cpu(s): 20.9 us,  7.5 sy,  0.0 ni, 70.9 id,  0.0 wa,  0.0 hi,  0.6 si,  0.0 st
%Cpu(s): 21.1 us,  6.3 sy,  0.0 ni, 71.5 id,  0.0 wa,  0.0 hi,  1.0 si,  0.1 st
%Cpu(s): 17.5 us,  8.1 sy,  0.0 ni, 73.2 id,  0.0 wa,  0.0 hi,  1.2 si,  0.0 st
%Cpu(s): 20.7 us,  6.1 sy,  0.0 ni, 71.4 id,  0.0 wa,  0.0 hi,  1.5 si,  0.1 st
%Cpu(s): 19.7 us,  7.2 sy,  0.0 ni, 71.6 id,  0.0 wa,  0.0 hi,  1.5 si,  0.0 st
%Cpu(s): 17.7 us,  6.8 sy,  0.0 ni, 74.3 id,  0.0 wa,  0.0 hi,  1.0 si,  0.1 st
%Cpu(s): 19.9 us,  7.0 sy,  0.0 ni, 71.6 id,  0.0 wa,  0.0 hi,  1.5 si,  0.0 st
%Cpu(s): 21.9 us,  6.6 sy,  0.0 ni, 70.2 id,  0.0 wa,  0.0 hi,  1.3 si,  0.0 st
%Cpu(s): 26.2 us,  7.1 sy,  0.0 ni, 65.6 id,  0.0 wa,  0.0 hi,  1.2 si,  0.0 st
%Cpu(s): 29.0 us,  7.9 sy,  0.0 ni, 62.1 id,  0.0 wa,  0.0 hi,  1.0 si,  0.0 st
%Cpu(s): 20.3 us,  6.3 sy,  0.0 ni, 72.8 id,  0.0 wa,  0.0 hi,  0.5 si,  0.1 st
%Cpu(s): 36.1 us,  7.1 sy,  0.0 ni, 55.1 id,  0.0 wa,  0.0 hi,  1.5 si,  0.1 st
%Cpu(s): 22.9 us,  7.2 sy,  0.0 ni, 68.9 id,  0.0 wa,  0.0 hi,  0.9 si,  0.1 st
%Cpu(s): 23.0 us,  7.1 sy,  0.0 ni, 69.0 id,  0.0 wa,  0.0 hi,  0.9 si,  0.0 st
%Cpu(s): 19.8 us,  6.5 sy,  0.0 ni, 72.3 id,  0.0 wa,  0.0 hi,  1.4 si,  0.0 st
%Cpu(s): 20.4 us,  7.3 sy,  0.0 ni, 70.6 id,  0.0 wa,  0.0 hi,  1.7 si,  0.0 st
%Cpu(s): 19.6 us,  6.9 sy,  0.0 ni, 72.2 id,  0.0 wa,  0.0 hi,  1.3 si,  0.0 st
%Cpu(s): 20.3 us,  6.1 sy,  0.0 ni, 72.3 id,  0.0 wa,  0.0 hi,  1.3 si,  0.0 st
%Cpu(s): 20.3 us,  7.0 sy,  0.0 ni, 72.0 id,  0.0 wa,  0.0 hi,  0.5 si,  0.1 st
%Cpu(s): 16.0 us,  6.4 sy,  0.0 ni, 76.9 id,  0.0 wa,  0.0 hi,  0.7 si,  0.0 st
%Cpu(s): 18.4 us,  7.9 sy,  0.0 ni, 72.9 id,  0.0 wa,  0.0 hi,  0.7 si,  0.1 st
%Cpu(s): 20.6 us,  7.2 sy,  0.0 ni, 71.0 id,  0.0 wa,  0.0 hi,  1.0 si,  0.1 st
%Cpu(s): 21.1 us,  6.4 sy,  0.0 ni, 71.9 id,  0.0 wa,  0.0 hi,  0.7 si,  0.0 st
%Cpu(s): 18.8 us,  7.8 sy,  0.0 ni, 72.1 id,  0.0 wa,  0.0 hi,  1.3 si,  0.0 st
%Cpu(s): 19.3 us,  6.6 sy,  0.0 ni, 73.0 id,  0.1 wa,  0.0 hi,  0.9 si,  0.0 st
%Cpu(s): 19.1 us,  8.1 sy,  0.0 ni, 71.6 id,  0.0 wa,  0.0 hi,  1.1 si,  0.1 st
%Cpu(s): 20.0 us,  8.0 sy,  0.0 ni, 71.4 id,  0.0 wa,  0.0 hi,  0.6 si,  0.0 st
%Cpu(s): 19.2 us,  7.9 sy,  0.0 ni, 71.9 id,  0.0 wa,  0.0 hi,  0.9 si,  0.1 st
%Cpu(s): 20.4 us,  7.8 sy,  0.0 ni, 70.8 id,  0.0 wa,  0.0 hi,  1.0 si,  0.0 st
%Cpu(s): 20.6 us,  8.4 sy,  0.0 ni, 69.9 id,  0.0 wa,  0.0 hi,  1.0 si,  0.1 st
%Cpu(s): 21.4 us,  7.2 sy,  0.0 ni, 70.3 id,  0.0 wa,  0.0 hi,  1.2 si,  0.0 st
%Cpu(s): 22.1 us,  8.0 sy,  0.0 ni, 68.8 id,  0.0 wa,  0.0 hi,  1.1 si,  0.0 st
%Cpu(s): 18.8 us,  7.0 sy,  0.0 ni, 72.7 id,  0.0 wa,  0.0 hi,  1.4 si,  0.1 st
%Cpu(s): 21.2 us,  6.4 sy,  0.0 ni, 71.7 id,  0.0 wa,  0.0 hi,  0.6 si,  0.0 st
%Cpu(s): 20.5 us,  7.2 sy,  0.0 ni, 70.9 id,  0.0 wa,  0.0 hi,  1.4 si,  0.0 st
%Cpu(s): 20.8 us,  9.0 sy,  0.0 ni, 69.1 id,  0.0 wa,  0.0 hi,  1.0 si,  0.1 st
%Cpu(s): 21.3 us,  7.8 sy,  0.0 ni, 70.0 id,  0.0 wa,  0.0 hi,  0.9 si,  0.0 st
%Cpu(s): 20.7 us,  8.4 sy,  0.0 ni, 69.9 id,  0.1 wa,  0.0 hi,  0.8 si,  0.1 st
%Cpu(s): 59.0 us,  8.7 sy,  0.0 ni, 30.3 id,  0.0 wa,  0.0 hi,  2.0 si,  0.0 st
%Cpu(s): 86.6 us,  7.4 sy,  0.0 ni,  4.9 id,  0.0 wa,  0.0 hi,  1.1 si,  0.0 st
%Cpu(s): 65.0 us,  3.6 sy,  0.0 ni, 30.8 id,  0.0 wa,  0.0 hi,  0.5 si,  0.0 st
%Cpu(s): 27.1 us,  2.0 sy,  0.0 ni, 70.6 id,  0.0 wa,  0.0 hi,  0.4 si,  0.0 st
%Cpu(s):  6.4 us,  3.3 sy,  0.0 ni, 90.3 id,  0.0 wa,  0.0 hi,  0.0 si,  0.0 st
%Cpu(s):  5.9 us,  2.9 sy,  0.0 ni, 90.9 id,  0.0 wa,  0.0 hi,  0.3 si,  0.0 st
%Cpu(s):  6.9 us,  2.7 sy,  0.0 ni, 90.3 id,  0.0 wa,  0.0 hi,  0.1 si,  0.0 st
%Cpu(s):  7.7 us,  2.9 sy,  0.0 ni, 89.3 id,  0.0 wa,  0.0 hi,  0.1 si,  0.0 st
%Cpu(s):  6.7 us,  3.2 sy,  0.0 ni, 90.1 id,  0.0 wa,  0.0 hi,  0.0 si,  0.0 st
