%Cpu(s):  2.5 us,  0.5 sy,  0.0 ni, 96.9 id,  0.0 wa,  0.0 hi,  0.1 si,  0.0 st
%Cpu(s):  3.2 us,  1.6 sy,  0.0 ni, 95.0 id,  0.0 wa,  0.0 hi,  0.0 si,  0.1 st
%Cpu(s): 79.4 us,  5.7 sy,  0.0 ni, 14.8 id,  0.0 wa,  0.0 hi,  0.1 si,  0.0 st
%Cpu(s): 79.0 us,  2.8 sy,  0.0 ni, 17.9 id,  0.0 wa,  0.0 hi,  0.0 si,  0.3 st
%Cpu(s): 92.3 us,  2.5 sy,  0.0 ni,  5.2 id,  0.0 wa,  0.0 hi,  0.0 si,  0.0 st
%Cpu(s): 97.0 us,  1.8 sy,  0.0 ni,  1.3 id,  0.0 wa,  0.0 hi,  0.0 si,  0.0 st
%Cpu(s): 87.4 us,  2.7 sy,  0.0 ni,  9.7 id,  0.0 wa,  0.0 hi,  0.1 si,  0.0 st
%Cpu(s): 15.8 us,  1.9 sy,  0.0 ni, 82.2 id,  0.0 wa,  0.0 hi,  0.0 si,  0.1 st
%Cpu(s):  9.0 us,  3.0 sy,  0.0 ni, 87.7 id,  0.0 wa,  0.0 hi,  0.0 si,  0.3 st
%Cpu(s):  4.0 us,  2.9 sy,  0.0 ni, 92.8 id,  0.0 wa,  0.0 hi,  0.1 si,  0.1 st
%Cpu(s):  6.6 us,  1.9 sy,  0.0 ni, 91.0 id,  0.0 wa,  0.0 hi,  0.0 si,  0.5 st
%Cpu(s): 11.7 us,  2.5 sy,  0.0 ni, 85.3 id,  0.0 wa,  0.0 hi,  0.2 si,  0.2 st
%Cpu(s):  9.2 us,  2.2 sy,  0.0 ni, 88.4 id,  0.0 wa,  0.0 hi,  0.0 si,  0.3 st
%Cpu(s): 10.1 us,  2.7 sy,  0.0 ni, 87.1 id,  0.0 wa,  0.0 hi,  0.0 si,  0.1 st
%Cpu(s): 12.6 us,  3.8 sy,  0.0 ni, 83.5 id,  0.0 wa,  0.0 hi,  0.1 si,  0.0 st
%Cpu(s): 10.9 us,  4.1 sy,  0.0 ni, 84.9 id,  0.0 wa,  0.0 hi,  0.1 si,  0.0 st
%Cpu(s): 22.6 us,  6.1 sy,  0.0 ni, 71.1 id,  0.0 wa,  0.0 hi,  0.1 si,  0.1 st
%Cpu(s): 80.8 us,  8.4 sy,  0.0 ni,  8.5 id,  0.0 wa,  0.0 hi,  2.4 si,  0.0 st
%Cpu(s): 86.8 us, 10.3 sy,  0.0 ni,  0.6 id,  0.0 wa,  0.0 hi,  2.2 si,  0.0 st
%Cpu(s): 85.3 us, 12.0 sy,  0.0 ni,  0.1 id,  0.0 wa,  0.0 hi,  2.6 si,  0.0 st
%Cpu(s): 84.5 us, 11.6 sy,  0.0 ni,  1.2 id,  0.0 wa,  0.0 hi,  2.6 si,  0.0 st
%Cpu(s): 86.2 us, 10.6 sy,  0.0 ni,  0.2 id,  0.0 wa,  0.0 hi,  3.0 si,  0.0 st
%Cpu(s): 82.6 us,  8.9 sy,  0.0 ni,  6.5 id,  0.0 wa,  0.0 hi,  2.0 si,  0.0 st
%Cpu(s): 61.8 us, 10.5 sy,  0.0 ni, 25.2 id,  0.0 wa,  0.0 hi,  2.5 si,  0.0 st
%Cpu(s): 51.5 us,  9.1 sy,  0.0 ni, 37.3 id,  0.0 wa,  0.0 hi,  2.1 si,  0.0 st
%Cpu(s): 44.0 us,  8.4 sy,  0.0 ni, 45.4 id,  0.0 wa,  0.0 hi,  2.0 si,  0.1 st
%Cpu(s): 45.5 us,  8.9 sy,  0.0 ni, 43.5 id,  0.0 wa,  0.0 hi,  2.2 si,  0.0 st
%Cpu(s): 66.9 us,  9.4 sy,  0.0 ni, 21.7 id,  0.0 wa,  0.0 hi,  2.0 si,  0.0 st
%Cpu(s): 42.8 us,  8.1 sy,  0.0 ni, 47.0 id,  0.0 wa,  0.0 hi,  2.2 si,  0.0 st
%Cpu(s): 65.9 us,  9.2 sy,  0.0 ni, 22.1 id,  0.0 wa,  0.0 hi,  2.8 si,  0.0 st
%Cpu(s): 61.4 us,  9.2 sy,  0.0 ni, 28.0 id,  0.0 wa,  0.0 hi,  1.4 si,  0.0 st
%Cpu(s): 40.7 us,  9.4 sy,  0.0 ni, 48.1 id,  0.0 wa,  0.0 hi,  1.8 si,  0.0 st
%Cpu(s): 19.5 us,  8.7 sy,  0.0 ni, 69.9 id,  0.0 wa,  0.0 hi,  1.9 si,  0.0 st
%Cpu(s): 16.8 us,  8.5 sy,  0.0 ni, 73.0 id,  0.0 wa,  0.0 hi,  1.6 si,  0.0 st
%Cpu(s): 16.6 us,  9.4 sy,  0.0 ni, 73.3 id,  0.0 wa,  0.0 hi,  0.8 si,  0.0 st
%Cpu(s): 14.7 us,  8.8 sy,  0.0 ni, 75.0 id,  0.0 wa,  0.0 hi,  1.5 si,  0.0 st
%Cpu(s): 16.0 us,  8.3 sy,  0.0 ni, 74.5 id,  0.0 wa,  0.0 hi,  1.0 si,  0.1 st
%Cpu(s): 14.7 us,  8.9 sy,  0.0 ni, 75.2 id,  0.0 wa,  0.0 hi,  1.2 si,  0.0 st
%Cpu(s): 15.4 us,  8.5 sy,  0.0 ni, 74.7 id,  0.0 wa,  0.0 hi,  1.3 si,  0.0 st
%Cpu(s): 14.0 us,  8.4 sy,  0.0 ni, 76.1 id,  0.0 wa,  0.0 hi,  1.3 si,  0.1 st
%Cpu(s): 16.6 us,  8.9 sy,  0.0 ni, 73.5 id,  0.0 wa,  0.0 hi,  1.0 si,  0.0 st
%Cpu(s): 14.5 us,  9.2 sy,  0.0 ni, 75.0 id,  0.0 wa,  0.0 hi,  1.3 si,  0.0 st
%Cpu(s): 17.6 us,  7.7 sy,  0.0 ni, 73.9 id,  0.0 wa,  0.0 hi,  0.9 si,  0.0 st
%Cpu(s): 16.2 us,  9.4 sy,  0.0 ni, 72.6 id,  0.0 wa,  0.0 hi,  1.8 si,  0.0 st
%Cpu(s): 16.1 us,  8.6 sy,  0.0 ni, 73.2 id,  0.0 wa,  0.0 hi,  2.1 si,  0.0 st
%Cpu(s): 15.2 us,  8.4 sy,  0.0 ni, 74.9 id,  0.1 wa,  0.0 hi,  1.4 si,  0.0 st
%Cpu(s): 14.1 us,  7.0 sy,  0.0 ni, 77.1 id,  0.0 wa,  0.0 hi,  1.8 si,  0.0 st
%Cpu(s): 27.2 us,  7.1 sy,  0.0 ni, 64.2 id,  0.0 wa,  0.0 hi,  1.5 si,  0.0 st
%Cpu(s): 28.1 us,  7.9 sy,  0.0 ni, 62.8 id,  0.0 wa,  0.0 hi,  1.3 si,  0.0 st
%Cpu(s): 16.9 us,  7.4 sy,  0.0 ni, 74.3 id,  0.0 wa,  0.0 hi,  1.3 si,  0.1 st
%Cpu(s): 24.4 us,  9.7 sy,  0.0 ni, 64.7 id,  0.0 wa,  0.0 hi,  1.3 si,  0.0 st
%Cpu(s): 15.4 us,  8.3 sy,  0.0 ni, 74.8 id,  0.0 wa,  0.0 hi,  1.5 si,  0.0 st
%Cpu(s): 17.5 us,  9.5 sy,  0.0 ni, 71.9 id,  0.0 wa,  0.0 hi,  1.2 si,  0.0 st
%Cpu(s): 16.9 us,  7.7 sy,  0.0 ni, 74.3 id,  0.0 wa,  0.0 hi,  1.0 si,  0.1 st
%Cpu(s): 14.5 us,  8.4 sy,  0.0 ni, 75.8 id,  0.0 wa,  0.0 hi,  1.3 si,  0.0 st
%Cpu(s): 13.7 us,  7.7 sy,  0.0 ni, 77.2 id,  0.1 wa,  0.0 hi,  1.3 si,  0.0 st
%Cpu(s): 13.5 us,  7.5 sy,  0.0 ni, 77.4 id,  0.0 wa,  0.0 hi,  1.6 si,  0.0 st
%Cpu(s): 15.6 us,  7.9 sy,  0.0 ni, 75.1 id,  0.0 wa,  0.0 hi,  1.4 si,  0.0 st
%Cpu(s): 12.6 us,  8.5 sy,  0.0 ni, 77.2 id,  0.0 wa,  0.0 hi,  1.7 si,  0.0 st
%Cpu(s): 14.6 us,  7.5 sy,  0.0 ni, 75.8 id,  0.0 wa,  0.0 hi,  1.9 si,  0.1 st
%Cpu(s): 15.8 us,  8.3 sy,  0.0 ni, 74.6 id,  0.0 wa,  0.0 hi,  1.3 si,  0.0 st
%Cpu(s): 16.9 us,  9.0 sy,  0.0 ni, 72.6 id,  0.0 wa,  0.0 hi,  1.6 si,  0.0 st
%Cpu(s): 17.7 us, 10.0 sy,  0.0 ni, 71.4 id,  0.0 wa,  0.0 hi,  0.8 si,  0.0 st
%Cpu(s): 19.8 us,  9.3 sy,  0.0 ni, 69.5 id,  0.0 wa,  0.0 hi,  1.4 si,  0.0 st
%Cpu(s): 19.9 us,  8.9 sy,  0.0 ni, 69.8 id,  0.0 wa,  0.0 hi,  1.4 si,  0.0 st
%Cpu(s): 18.4 us,  9.6 sy,  0.0 ni, 69.9 id,  0.0 wa,  0.0 hi,  2.1 si,  0.0 st
%Cpu(s): 20.3 us,  8.4 sy,  0.0 ni, 69.4 id,  0.0 wa,  0.0 hi,  1.8 si,  0.1 st
%Cpu(s): 18.2 us,  9.7 sy,  0.0 ni, 71.0 id,  0.0 wa,  0.0 hi,  1.2 si,  0.0 st
%Cpu(s): 19.2 us,  8.8 sy,  0.0 ni, 70.1 id,  0.0 wa,  0.0 hi,  1.9 si,  0.0 st
%Cpu(s): 19.2 us,  9.7 sy,  0.0 ni, 69.5 id,  0.0 wa,  0.0 hi,  1.5 si,  0.0 st
%Cpu(s): 18.6 us,  9.0 sy,  0.0 ni, 71.1 id,  0.0 wa,  0.0 hi,  1.3 si,  0.0 st
%Cpu(s): 17.4 us,  9.4 sy,  0.0 ni, 71.7 id,  0.0 wa,  0.0 hi,  1.6 si,  0.0 st
%Cpu(s): 29.9 us,  9.9 sy,  0.0 ni, 57.5 id,  0.0 wa,  0.0 hi,  2.5 si,  0.1 st
