%Cpu(s):  7.2 us,  1.1 sy,  0.0 ni, 91.5 id,  0.0 wa,  0.0 hi,  0.1 si,  0.0 st
%Cpu(s):  2.4 us,  0.6 sy,  0.0 ni, 97.0 id,  0.0 wa,  0.0 hi,  0.0 si,  0.0 st
%Cpu(s):  1.5 us,  2.1 sy,  0.0 ni, 96.4 id,  0.0 wa,  0.0 hi,  0.0 si,  0.0 st
%Cpu(s):  1.3 us,  0.5 sy,  0.0 ni, 98.2 id,  0.0 wa,  0.0 hi,  0.0 si,  0.0 st
%Cpu(s):  1.4 us,  1.3 sy,  0.0 ni, 96.7 id,  0.6 wa,  0.0 hi,  0.0 si,  0.0 st
%Cpu(s):  2.6 us,  1.1 sy,  0.0 ni, 96.2 id,  0.0 wa,  0.0 hi,  0.0 si,  0.0 st
%Cpu(s): 19.2 us,  3.4 sy,  0.0 ni, 77.2 id,  0.0 wa,  0.0 hi,  0.3 si,  0.0 st
%Cpu(s): 82.5 us,  5.8 sy,  0.0 ni, 10.8 id,  0.0 wa,  0.0 hi,  0.9 si,  0.0 st
%Cpu(s): 87.6 us,  9.4 sy,  0.0 ni,  1.6 id,  0.0 wa,  0.0 hi,  1.4 si,  0.0 st
%Cpu(s): 88.3 us,  9.5 sy,  0.0 ni,  0.5 id,  0.0 wa,  0.0 hi,  1.7 si,  0.0 st
%Cpu(s): 87.8 us,  9.8 sy,  0.0 ni,  0.1 id,  0.0 wa,  0.0 hi,  2.2 si,  0.0 st
%Cpu(s): 88.1 us,  9.9 sy,  0.0 ni,  0.2 id,  0.0 wa,  0.0 hi,  1.7 si,  0.0 st
%Cpu(s): 88.3 us,  8.3 sy,  0.0 ni,  0.6 id,  0.0 wa,  0.0 hi,  2.7 si,  0.0 st
%Cpu(s): 83.1 us,  8.9 sy,  0.0 ni,  6.0 id,  0.0 wa,  0.0 hi,  2.0 si,  0.0 st
%Cpu(s): 64.8 us,  8.2 sy,  0.0 ni, 24.7 id,  0.1 wa,  0.0 hi,  2.0 si,  0.1 st
%Cpu(s): 43.6 us,  8.3 sy,  0.0 ni, 46.8 id,  0.0 wa,  0.0 hi,  1.1 si,  0.1 st
%Cpu(s): 46.0 us,  8.3 sy,  0.0 ni, 44.8 id,  0.0 wa,  0.0 hi,  0.9 si,  0.0 st
%Cpu(s): 38.5 us,  7.0 sy,  0.0 ni, 53.4 id,  0.0 wa,  0.0 hi,  1.0 si,  0.1 st
%Cpu(s): 20.4 us,  7.4 sy,  0.0 ni, 71.7 id,  0.0 wa,  0.0 hi,  0.5 si,  0.0 st
%Cpu(s): 13.4 us,  6.5 sy,  0.0 ni, 79.3 id,  0.0 wa,  0.0 hi,  0.8 si,  0.0 st
%Cpu(s): 11.9 us,  6.9 sy,  0.0 ni, 80.3 id,  0.0 wa,  0.0 hi,  0.9 si,  0.0 st
%Cpu(s): 10.5 us,  7.6 sy,  0.0 ni, 80.9 id,  0.0 wa,  0.0 hi,  0.9 si,  0.0 st
%Cpu(s): 12.7 us,  7.2 sy,  0.0 ni, 79.5 id,  0.0 wa,  0.0 hi,  0.6 si,  0.0 st
%Cpu(s): 14.4 us,  6.1 sy,  0.0 ni, 78.7 id,  0.0 wa,  0.0 hi,  0.8 si,  0.0 st
%Cpu(s): 10.4 us,  7.4 sy,  0.0 ni, 81.0 id,  0.1 wa,  0.0 hi,  1.0 si,  0.0 st
%Cpu(s): 11.8 us,  7.4 sy,  0.0 ni, 80.2 id,  0.0 wa,  0.0 hi,  0.4 si,  0.1 st
%Cpu(s): 14.6 us,  6.2 sy,  0.0 ni, 78.4 id,  0.0 wa,  0.0 hi,  0.8 si,  0.0 st
%Cpu(s): 15.8 us,  5.9 sy,  0.0 ni, 77.5 id,  0.0 wa,  0.0 hi,  0.8 si,  0.0 st
%Cpu(s): 11.2 us,  7.0 sy,  0.0 ni, 81.2 id,  0.0 wa,  0.0 hi,  0.5 si,  0.0 st
%Cpu(s): 11.2 us,  6.4 sy,  0.0 ni, 81.8 id,  0.0 wa,  0.0 hi,  0.5 si,  0.0 st
%Cpu(s): 16.2 us,  6.3 sy,  0.0 ni, 76.2 id,  0.0 wa,  0.0 hi,  1.3 si,  0.0 st
%Cpu(s): 11.9 us,  7.4 sy,  0.0 ni, 80.0 id,  0.0 wa,  0.0 hi,  0.5 si,  0.1 st
%Cpu(s): 12.2 us,  5.8 sy,  0.0 ni, 81.5 id,  0.0 wa,  0.0 hi,  0.5 si,  0.0 st
%Cpu(s): 13.0 us,  6.9 sy,  0.0 ni, 79.1 id,  0.0 wa,  0.0 hi,  0.9 si,  0.1 st
%Cpu(s): 10.7 us,  6.2 sy,  0.0 ni, 82.8 id,  0.0 wa,  0.0 hi,  0.4 si,  0.0 st
%Cpu(s): 11.5 us,  8.9 sy,  0.0 ni, 79.5 id,  0.0 wa,  0.0 hi,  0.1 si,  0.0 st
%Cpu(s): 13.6 us,  6.9 sy,  0.0 ni, 78.9 id,  0.0 wa,  0.0 hi,  0.6 si,  0.0 st
%Cpu(s): 28.3 us,  6.6 sy,  0.0 ni, 64.0 id,  0.0 wa,  0.0 hi,  1.0 si,  0.0 st
%Cpu(s): 14.2 us,  6.7 sy,  0.0 ni, 78.3 id,  0.0 wa,  0.0 hi,  0.8 si,  0.0 st
%Cpu(s): 24.7 us,  7.8 sy,  0.0 ni, 66.0 id,  0.1 wa,  0.0 hi,  1.4 si,  0.0 st
%Cpu(s): 22.8 us,  7.3 sy,  0.0 ni, 69.4 id,  0.0 wa,  0.0 hi,  0.5 si,  0.0 st
%Cpu(s): 12.6 us,  6.5 sy,  0.0 ni, 79.9 id,  0.0 wa,  0.0 hi,  0.9 si,  0.1 st
%Cpu(s): 11.8 us,  6.8 sy,  0.0 ni, 80.5 id,  0.0 wa,  0.0 hi,  0.9 si,  0.0 st
%Cpu(s): 10.6 us,  6.6 sy,  0.0 ni, 82.1 id,  0.0 wa,  0.0 hi,  0.6 si,  0.0 st
%Cpu(s): 10.3 us,  6.8 sy,  0.0 ni, 82.2 id,  0.0 wa,  0.0 hi,  0.6 si,  0.1 st
%Cpu(s): 11.3 us,  6.4 sy,  0.0 ni, 81.8 id,  0.0 wa,  0.0 hi,  0.5 si,  0.0 st
%Cpu(s): 10.4 us,  7.8 sy,  0.0 ni, 81.3 id,  0.0 wa,  0.0 hi,  0.5 si,  0.0 st
%Cpu(s):  8.7 us,  5.7 sy,  0.0 ni, 84.6 id,  0.0 wa,  0.0 hi,  1.0 si,  0.0 st
%Cpu(s): 12.4 us,  6.1 sy,  0.0 ni, 80.6 id,  0.0 wa,  0.0 hi,  0.9 si,  0.0 st
%Cpu(s): 13.1 us,  6.7 sy,  0.0 ni, 79.3 id,  0.0 wa,  0.0 hi,  0.9 si,  0.0 st
%Cpu(s): 11.9 us,  8.0 sy,  0.0 ni, 79.7 id,  0.0 wa,  0.0 hi,  0.4 si,  0.0 st
%Cpu(s): 10.3 us,  7.3 sy,  0.0 ni, 81.9 id,  0.0 wa,  0.0 hi,  0.5 si,  0.0 st
%Cpu(s):  9.9 us,  7.1 sy,  0.0 ni, 82.2 id,  0.0 wa,  0.0 hi,  0.8 si,  0.0 st
%Cpu(s): 11.9 us,  6.9 sy,  0.0 ni, 80.8 id,  0.0 wa,  0.0 hi,  0.4 si,  0.0 st
%Cpu(s): 11.7 us,  7.9 sy,  0.0 ni, 79.8 id,  0.0 wa,  0.0 hi,  0.6 si,  0.0 st
%Cpu(s): 10.8 us,  6.5 sy,  0.0 ni, 81.8 id,  0.0 wa,  0.0 hi,  0.7 si,  0.1 st
%Cpu(s): 10.7 us,  7.5 sy,  0.0 ni, 81.0 id,  0.0 wa,  0.0 hi,  0.7 si,  0.1 st
%Cpu(s): 11.2 us,  6.4 sy,  0.0 ni, 81.7 id,  0.0 wa,  0.0 hi,  0.7 si,  0.0 st
%Cpu(s): 10.3 us,  7.6 sy,  0.0 ni, 81.3 id,  0.0 wa,  0.0 hi,  0.8 si,  0.0 st
%Cpu(s): 10.8 us,  7.1 sy,  0.0 ni, 81.2 id,  0.0 wa,  0.0 hi,  0.9 si,  0.0 st
%Cpu(s):  9.7 us,  7.6 sy,  0.0 ni, 81.9 id,  0.0 wa,  0.0 hi,  0.8 si,  0.0 st
%Cpu(s): 14.4 us,  7.2 sy,  0.0 ni, 77.8 id,  0.0 wa,  0.0 hi,  0.6 si,  0.0 st
%Cpu(s): 14.9 us,  8.4 sy,  0.0 ni, 75.4 id,  0.0 wa,  0.0 hi,  1.3 si,  0.0 st
%Cpu(s): 15.9 us,  9.9 sy,  0.0 ni, 72.7 id,  0.0 wa,  0.0 hi,  1.6 si,  0.0 st
%Cpu(s): 19.0 us,  8.3 sy,  0.0 ni, 71.4 id,  0.0 wa,  0.0 hi,  1.3 si,  0.0 st
%Cpu(s): 39.3 us,  6.8 sy,  0.0 ni, 53.1 id,  0.0 wa,  0.0 hi,  0.6 si,  0.1 st
%Cpu(s): 47.7 us,  2.5 sy,  0.0 ni, 49.3 id,  0.0 wa,  0.0 hi,  0.5 si,  0.0 st
%Cpu(s): 15.3 us,  1.9 sy,  0.0 ni, 82.6 id,  0.0 wa,  0.0 hi,  0.1 si,  0.0 st
%Cpu(s):  3.5 us,  1.5 sy,  0.0 ni, 95.0 id,  0.0 wa,  0.0 hi,  0.0 si,  0.0 st
%Cpu(s):  1.9 us,  1.8 sy,  0.0 ni, 96.2 id,  0.1 wa,  0.0 hi,  0.0 si,  0.0 st
%Cpu(s):  1.3 us,  1.3 sy,  0.0 ni, 97.2 id,  0.0 wa,  0.0 hi,  0.1 si,  0.1 st
%Cpu(s):  2.0 us,  1.8 sy,  0.0 ni, 96.2 id,  0.0 wa,  0.0 hi,  0.0 si,  0.0 st
%Cpu(s):  2.9 us,  1.6 sy,  0.0 ni, 95.4 id,  0.0 wa,  0.0 hi,  0.1 si,  0.0 st
%Cpu(s):  2.1 us,  2.1 sy,  0.0 ni, 95.7 id,  0.0 wa,  0.0 hi,  0.0 si,  0.0 st
%Cpu(s):  2.4 us,  2.1 sy,  0.0 ni, 95.3 id,  0.0 wa,  0.0 hi,  0.1 si,  0.1 st
%Cpu(s):  1.9 us,  2.2 sy,  0.0 ni, 95.7 id,  0.0 wa,  0.0 hi,  0.1 si,  0.1 st
%Cpu(s):  2.0 us,  1.4 sy,  0.0 ni, 96.6 id,  0.0 wa,  0.0 hi,  0.0 si,  0.0 st
%Cpu(s):  1.1 us,  1.6 sy,  0.0 ni, 97.2 id,  0.0 wa,  0.0 hi,  0.0 si,  0.0 st
%Cpu(s):  1.7 us,  2.2 sy,  0.0 ni, 96.1 id,  0.0 wa,  0.0 hi,  0.0 si,  0.0 st
%Cpu(s):  1.5 us,  2.0 sy,  0.0 ni, 96.5 id,  0.0 wa,  0.0 hi,  0.0 si,  0.0 st
%Cpu(s):  1.2 us,  2.0 sy,  0.0 ni, 96.6 id,  0.0 wa,  0.0 hi,  0.0 si,  0.1 st
%Cpu(s):  1.2 us,  2.1 sy,  0.0 ni, 96.5 id,  0.0 wa,  0.0 hi,  0.1 si,  0.0 st
