%Cpu(s): 10.1 us,  1.6 sy,  0.0 ni, 88.0 id,  0.0 wa,  0.0 hi,  0.2 si,  0.0 st
%Cpu(s):  4.0 us,  1.6 sy,  0.0 ni, 94.2 id,  0.0 wa,  0.0 hi,  0.0 si,  0.1 st
%Cpu(s):  3.4 us,  3.5 sy,  0.0 ni, 92.8 id,  0.0 wa,  0.0 hi,  0.0 si,  0.3 st
%Cpu(s):  2.3 us,  2.2 sy,  0.0 ni, 95.4 id,  0.0 wa,  0.0 hi,  0.0 si,  0.1 st
%Cpu(s):  4.0 us,  1.3 sy,  0.0 ni, 94.6 id,  0.0 wa,  0.0 hi,  0.0 si,  0.1 st
%Cpu(s):  6.6 us,  1.8 sy,  0.0 ni, 91.3 id,  0.0 wa,  0.0 hi,  0.0 si,  0.4 st
%Cpu(s): 26.1 us,  3.6 sy,  0.0 ni, 69.8 id,  0.0 wa,  0.0 hi,  0.4 si,  0.1 st
%Cpu(s): 87.6 us,  6.7 sy,  0.0 ni,  4.0 id,  0.0 wa,  0.0 hi,  1.6 si,  0.0 st
%Cpu(s): 89.3 us,  8.6 sy,  0.0 ni,  0.2 id,  0.0 wa,  0.0 hi,  1.9 si,  0.0 st
%Cpu(s): 87.9 us,  9.7 sy,  0.0 ni,  0.4 id,  0.0 wa,  0.0 hi,  2.0 si,  0.0 st
%Cpu(s): 87.6 us,  8.5 sy,  0.0 ni,  2.0 id,  0.0 wa,  0.0 hi,  2.0 si,  0.0 st
%Cpu(s): 88.2 us,  9.2 sy,  0.0 ni,  0.2 id,  0.0 wa,  0.0 hi,  2.4 si,  0.0 st
%Cpu(s): 87.8 us,  8.5 sy,  0.0 ni,  1.4 id,  0.0 wa,  0.0 hi,  2.4 si,  0.0 st
%Cpu(s): 89.3 us,  7.3 sy,  0.0 ni,  1.4 id,  0.0 wa,  0.0 hi,  2.0 si,  0.0 st
%Cpu(s): 81.9 us,  7.7 sy,  0.0 ni,  8.4 id,  0.0 wa,  0.0 hi,  2.0 si,  0.0 st
%Cpu(s): 53.8 us,  8.4 sy,  0.0 ni, 35.8 id,  0.0 wa,  0.0 hi,  2.0 si,  0.0 st
%Cpu(s): 22.8 us,  6.7 sy,  0.0 ni, 69.2 id,  0.1 wa,  0.0 hi,  1.0 si,  0.1 st
%Cpu(s): 17.8 us,  7.6 sy,  0.0 ni, 73.7 id,  0.0 wa,  0.0 hi,  0.9 si,  0.0 st
%Cpu(s): 15.7 us,  7.7 sy,  0.0 ni, 76.0 id,  0.0 wa,  0.0 hi,  0.6 si,  0.0 st
%Cpu(s): 14.8 us,  7.4 sy,  0.0 ni, 76.7 id,  0.0 wa,  0.0 hi,  1.1 si,  0.0 st
%Cpu(s): 14.5 us,  6.8 sy,  0.0 ni, 77.8 id,  0.0 wa,  0.0 hi,  0.9 si,  0.0 st
%Cpu(s): 15.6 us,  7.1 sy,  0.0 ni, 76.1 id,  0.0 wa,  0.0 hi,  1.3 si,  0.0 st
%Cpu(s): 16.0 us,  6.8 sy,  0.0 ni, 75.9 id,  0.0 wa,  0.0 hi,  1.3 si,  0.0 st
%Cpu(s): 13.7 us,  7.6 sy,  0.0 ni, 77.9 id,  0.0 wa,  0.0 hi,  0.6 si,  0.1 st
%Cpu(s): 17.1 us,  7.3 sy,  0.0 ni, 74.6 id,  0.0 wa,  0.0 hi,  1.0 si,  0.0 st
%Cpu(s): 16.8 us,  7.0 sy,  0.0 ni, 74.8 id,  0.0 wa,  0.0 hi,  1.4 si,  0.0 st
%Cpu(s): 14.0 us,  7.9 sy,  0.0 ni, 76.8 id,  0.0 wa,  0.0 hi,  1.3 si,  0.0 st
%Cpu(s): 17.2 us,  7.1 sy,  0.0 ni, 74.4 id,  0.0 wa,  0.0 hi,  1.4 si,  0.0 st
%Cpu(s): 29.2 us,  7.8 sy,  0.0 ni, 61.9 id,  0.0 wa,  0.0 hi,  1.0 si,  0.1 st
%Cpu(s): 19.4 us,  7.1 sy,  0.0 ni, 72.3 id,  0.0 wa,  0.0 hi,  1.2 si,  0.0 st
%Cpu(s): 21.0 us,  7.7 sy,  0.0 ni, 70.3 id,  0.0 wa,  0.0 hi,  1.0 si,  0.0 st
%Cpu(s): 20.3 us,  7.2 sy,  0.0 ni, 71.6 id,  0.0 wa,  0.0 hi,  0.9 si,  0.0 st
%Cpu(s): 19.6 us,  7.1 sy,  0.0 ni, 72.6 id,  0.0 wa,  0.0 hi,  0.6 si,  0.0 st
%Cpu(s): 29.0 us,  9.2 sy,  0.0 ni, 60.5 id,  0.0 wa,  0.0 hi,  1.3 si,  0.0 st
%Cpu(s): 17.1 us,  7.6 sy,  0.0 ni, 74.2 id,  0.0 wa,  0.0 hi,  1.1 si,  0.0 st
%Cpu(s): 16.8 us,  7.3 sy,  0.0 ni, 75.1 id,  0.0 wa,  0.0 hi,  0.6 si,  0.1 st
%Cpu(s): 17.4 us,  6.6 sy,  0.0 ni, 75.0 id,  0.1 wa,  0.0 hi,  0.9 si,  0.0 st
%Cpu(s): 36.6 us,  6.3 sy,  0.0 ni, 55.9 id,  0.0 wa,  0.0 hi,  1.1 si,  0.0 st
%Cpu(s): 19.4 us,  7.6 sy,  0.0 ni, 72.0 id,  0.0 wa,  0.0 hi,  1.0 si,  0.0 st
%Cpu(s): 22.8 us,  7.3 sy,  0.0 ni, 68.2 id,  0.0 wa,  0.0 hi,  1.5 si,  0.1 st
%Cpu(s): 22.6 us,  7.6 sy,  0.0 ni, 68.3 id,  0.0 wa,  0.0 hi,  1.5 si,  0.0 st
%Cpu(s): 32.4 us,  7.9 sy,  0.0 ni, 57.5 id,  0.0 wa,  0.0 hi,  2.3 si,  0.0 st
%Cpu(s): 17.9 us,  7.4 sy,  0.0 ni, 73.8 id,  0.0 wa,  0.0 hi,  0.9 si,  0.0 st
%Cpu(s): 18.0 us,  7.1 sy,  0.0 ni, 74.0 id,  0.0 wa,  0.0 hi,  0.9 si,  0.0 st
%Cpu(s): 16.1 us,  6.9 sy,  0.0 ni, 76.3 id,  0.0 wa,  0.0 hi,  0.8 si,  0.0 st
%Cpu(s): 12.6 us,  8.4 sy,  0.0 ni, 78.2 id,  0.0 wa,  0.0 hi,  0.8 si,  0.0 st
%Cpu(s): 18.0 us,  7.4 sy,  0.0 ni, 73.3 id,  0.0 wa,  0.0 hi,  1.1 si,  0.1 st
%Cpu(s): 21.1 us,  6.6 sy,  0.0 ni, 70.9 id,  0.0 wa,  0.0 hi,  1.4 si,  0.0 st
%Cpu(s): 15.5 us,  7.2 sy,  0.0 ni, 76.3 id,  0.0 wa,  0.0 hi,  1.0 si,  0.0 st
%Cpu(s): 14.9 us,  6.9 sy,  0.0 ni, 77.4 id,  0.0 wa,  0.0 hi,  0.8 si,  0.0 st
%Cpu(s): 14.9 us,  5.9 sy,  0.0 ni, 78.1 id,  0.0 wa,  0.0 hi,  1.0 si,  0.1 st
%Cpu(s): 12.4 us,  5.7 sy,  0.0 ni, 80.7 id,  0.0 wa,  0.0 hi,  1.3 si,  0.0 st
%Cpu(s): 13.4 us,  6.2 sy,  0.0 ni, 79.8 id,  0.0 wa,  0.0 hi,  0.6 si,  0.0 st
%Cpu(s): 14.3 us,  6.5 sy,  0.0 ni, 78.1 id,  0.0 wa,  0.0 hi,  1.1 si,  0.0 st
%Cpu(s): 14.6 us,  7.2 sy,  0.0 ni, 77.5 id,  0.0 wa,  0.0 hi,  0.6 si,  0.0 st
%Cpu(s): 15.3 us,  6.8 sy,  0.0 ni, 76.9 id,  0.1 wa,  0.0 hi,  0.9 si,  0.0 st
%Cpu(s): 13.5 us,  7.0 sy,  0.0 ni, 78.4 id,  0.0 wa,  0.0 hi,  1.0 si,  0.0 st
%Cpu(s): 16.3 us,  7.0 sy,  0.0 ni, 76.1 id,  0.0 wa,  0.0 hi,  0.6 si,  0.0 st
%Cpu(s): 27.8 us,  6.5 sy,  0.0 ni, 64.1 id,  0.0 wa,  0.0 hi,  1.5 si,  0.1 st
%Cpu(s): 16.4 us,  7.9 sy,  0.0 ni, 74.4 id,  0.0 wa,  0.0 hi,  1.3 si,  0.0 st
%Cpu(s): 23.0 us,  5.6 sy,  0.0 ni, 70.5 id,  0.0 wa,  0.0 hi,  0.9 si,  0.0 st
%Cpu(s):  9.1 us,  5.0 sy,  0.0 ni, 85.1 id,  0.0 wa,  0.0 hi,  0.8 si,  0.0 st
%Cpu(s):  7.2 us,  3.1 sy,  0.0 ni, 89.3 id,  0.0 wa,  0.0 hi,  0.3 si,  0.1 st
%Cpu(s):  7.7 us,  4.2 sy,  0.0 ni, 88.0 id,  0.0 wa,  0.0 hi,  0.1 si,  0.0 st
%Cpu(s):  5.5 us,  3.8 sy,  0.0 ni, 90.6 id,  0.0 wa,  0.0 hi,  0.1 si,  0.0 st
%Cpu(s):  6.5 us,  3.8 sy,  0.0 ni, 89.3 id,  0.0 wa,  0.0 hi,  0.3 si,  0.1 st
%Cpu(s):  9.4 us,  4.1 sy,  0.0 ni, 86.2 id,  0.0 wa,  0.0 hi,  0.3 si,  0.0 st
%Cpu(s): 19.8 us,  3.2 sy,  0.0 ni, 76.9 id,  0.0 wa,  0.0 hi,  0.1 si,  0.0 st
%Cpu(s):  6.1 us,  4.1 sy,  0.0 ni, 89.4 id,  0.0 wa,  0.0 hi,  0.2 si,  0.1 st
%Cpu(s):  5.1 us,  3.4 sy,  0.0 ni, 91.1 id,  0.0 wa,  0.0 hi,  0.1 si,  0.3 st
%Cpu(s):  3.4 us,  1.5 sy,  0.0 ni, 94.8 id,  0.0 wa,  0.0 hi,  0.0 si,  0.3 st
%Cpu(s):  2.9 us,  2.8 sy,  0.0 ni, 94.1 id,  0.0 wa,  0.0 hi,  0.1 si,  0.1 st
%Cpu(s):  3.4 us,  2.0 sy,  0.0 ni, 94.2 id,  0.0 wa,  0.0 hi,  0.1 si,  0.3 st
