%Cpu(s): 17.5 us,  1.8 sy,  0.0 ni, 80.4 id,  0.0 wa,  0.0 hi,  0.3 si,  0.0 st
%Cpu(s): 17.1 us,  1.0 sy,  0.0 ni, 81.9 id,  0.0 wa,  0.0 hi,  0.0 si,  0.0 st
%Cpu(s):  3.7 us,  1.7 sy,  0.0 ni, 94.4 id,  0.0 wa,  0.0 hi,  0.1 si,  0.0 st
%Cpu(s):  4.1 us,  1.2 sy,  0.0 ni, 94.6 id,  0.0 wa,  0.0 hi,  0.0 si,  0.0 st
%Cpu(s): 27.4 us,  2.9 sy,  0.0 ni, 69.2 id,  0.0 wa,  0.0 hi,  0.5 si,  0.0 st
%Cpu(s): 90.1 us,  7.9 sy,  0.0 ni,  1.1 id,  0.0 wa,  0.0 hi,  0.9 si,  0.0 st
%Cpu(s): 90.7 us,  7.4 sy,  0.0 ni,  0.4 id,  0.0 wa,  0.0 hi,  1.5 si,  0.0 st
%Cpu(s): 86.4 us, 10.7 sy,  0.0 ni,  0.2 id,  0.0 wa,  0.0 hi,  2.6 si,  0.0 st
%Cpu(s): 86.0 us, 10.8 sy,  0.0 ni,  0.1 id,  0.0 wa,  0.0 hi,  3.0 si,  0.1 st
%Cpu(s): 85.7 us, 11.8 sy,  0.0 ni,  0.1 id,  0.0 wa,  0.0 hi,  2.4 si,  0.0 st
%Cpu(s): 84.9 us, 12.3 sy,  0.0 ni,  0.2 id,  0.0 wa,  0.0 hi,  2.5 si,  0.0 st
%Cpu(s): 86.6 us, 10.2 sy,  0.0 ni,  0.1 id,  0.0 wa,  0.0 hi,  3.0 si,  0.1 st
%Cpu(s): 85.9 us, 10.9 sy,  0.0 ni,  0.0 id,  0.0 wa,  0.0 hi,  3.1 si,  0.1 st
%Cpu(s): 86.1 us, 10.7 sy,  0.0 ni,  0.1 id,  0.0 wa,  0.0 hi,  3.1 si,  0.0 st
%Cpu(s): 88.0 us,  9.7 sy,  0.0 ni,  0.0 id,  0.0 wa,  0.0 hi,  2.2 si,  0.1 st
%Cpu(s): 86.3 us, 11.2 sy,  0.0 ni,  0.0 id,  0.0 wa,  0.0 hi,  2.5 si,  0.0 st
%Cpu(s): 87.9 us,  9.7 sy,  0.0 ni,  0.2 id,  0.0 wa,  0.0 hi,  2.1 si,  0.0 st
%Cpu(s): 88.0 us,  9.1 sy,  0.0 ni,  0.1 id,  0.0 wa,  0.0 hi,  2.6 si,  0.1 st
%Cpu(s): 88.8 us,  8.8 sy,  0.0 ni,  0.0 id,  0.0 wa,  0.0 hi,  2.4 si,  0.0 st
%Cpu(s): 87.0 us,  9.2 sy,  0.0 ni,  0.7 id,  0.0 wa,  0.0 hi,  3.0 si,  0.1 st
%Cpu(s): 75.8 us,  7.4 sy,  0.0 ni, 14.8 id,  0.0 wa,  0.0 hi,  2.0 si,  0.0 st
%Cpu(s): 41.0 us,  8.1 sy,  0.0 ni, 49.1 id,  0.0 wa,  0.0 hi,  1.9 si,  0.0 st
%Cpu(s): 34.4 us,  7.3 sy,  0.0 ni, 56.8 id,  0.0 wa,  0.0 hi,  1.4 si,  0.0 st
%Cpu(s): 37.6 us,  8.1 sy,  0.0 ni, 52.8 id,  0.0 wa,  0.0 hi,  1.4 si,  0.1 st
%Cpu(s): 34.0 us,  7.5 sy,  0.0 ni, 57.4 id,  0.0 wa,  0.0 hi,  1.2 si,  0.0 st
%Cpu(s): 21.4 us,  8.5 sy,  0.0 ni, 68.8 id,  0.0 wa,  0.0 hi,  1.2 si,  0.1 st
%Cpu(s): 21.6 us,  7.0 sy,  0.0 ni, 70.0 id,  0.0 wa,  0.0 hi,  1.4 si,  0.0 st
%Cpu(s): 18.7 us,  8.5 sy,  0.0 ni, 71.7 id,  0.0 wa,  0.0 hi,  0.9 si,  0.1 st
%Cpu(s): 24.1 us,  8.8 sy,  0.0 ni, 65.7 id,  0.0 wa,  0.0 hi,  1.3 si,  0.1 st
%Cpu(s): 44.1 us,  8.5 sy,  0.0 ni, 45.4 id,  0.0 wa,  0.0 hi,  1.8 si,  0.3 st
%Cpu(s): 36.1 us,  8.2 sy,  0.0 ni, 53.8 id,  0.0 wa,  0.0 hi,  1.8 si,  0.1 st
%Cpu(s): 20.9 us,  7.8 sy,  0.0 ni, 70.2 id,  0.0 wa,  0.0 hi,  1.1 si,  0.0 st
%Cpu(s): 34.8 us,  8.5 sy,  0.0 ni, 55.5 id,  0.0 wa,  0.0 hi,  1.2 si,  0.1 st
%Cpu(s): 73.7 us,  8.4 sy,  0.0 ni, 16.2 id,  0.0 wa,  0.0 hi,  1.8 si,  0.0 st
%Cpu(s): 63.7 us,  8.8 sy,  0.0 ni, 25.3 id,  0.0 wa,  0.0 hi,  2.1 si,  0.0 st
%Cpu(s): 29.5 us,  8.4 sy,  0.0 ni, 60.3 id,  0.0 wa,  0.0 hi,  1.6 si,  0.1 st
%Cpu(s): 20.4 us,  7.6 sy,  0.0 ni, 70.9 id,  0.0 wa,  0.0 hi,  1.0 si,  0.1 st
%Cpu(s): 20.2 us,  8.0 sy,  0.0 ni, 71.0 id,  0.0 wa,  0.0 hi,  0.8 si,  0.0 st
%Cpu(s): 19.8 us,  8.1 sy,  0.0 ni, 70.6 id,  0.0 wa,  0.0 hi,  1.3 si,  0.1 st
%Cpu(s): 20.4 us,  8.4 sy,  0.0 ni, 69.6 id,  0.0 wa,  0.0 hi,  1.4 si,  0.1 st
%Cpu(s): 21.0 us,  7.4 sy,  0.0 ni, 70.5 id,  0.0 wa,  0.0 hi,  1.0 si,  0.0 st
%Cpu(s): 17.8 us,  7.8 sy,  0.0 ni, 73.5 id,  0.0 wa,  0.0 hi,  0.9 si,  0.0 st
%Cpu(s): 20.2 us,  8.9 sy,  0.0 ni, 69.4 id,  0.0 wa,  0.0 hi,  1.4 si,  0.1 st
%Cpu(s): 16.5 us,  8.6 sy,  0.0 ni, 73.4 id,  0.0 wa,  0.0 hi,  1.3 si,  0.1 st
%Cpu(s): 18.1 us,  8.3 sy,  0.0 ni, 71.9 id,  0.0 wa,  0.0 hi,  1.6 si,  0.0 st
%Cpu(s): 18.1 us,  8.0 sy,  0.0 ni, 72.4 id,  0.0 wa,  0.0 hi,  1.3 si,  0.1 st
%Cpu(s): 21.2 us,  8.0 sy,  0.0 ni, 69.4 id,  0.0 wa,  0.0 hi,  1.3 si,  0.1 st
%Cpu(s): 20.8 us,  8.2 sy,  0.0 ni, 70.2 id,  0.0 wa,  0.0 hi,  0.8 si,  0.0 st
%Cpu(s): 18.7 us,  7.9 sy,  0.0 ni, 72.0 id,  0.0 wa,  0.0 hi,  1.3 si,  0.1 st
%Cpu(s): 21.4 us,  8.8 sy,  0.0 ni, 68.6 id,  0.0 wa,  0.0 hi,  1.1 si,  0.1 st
%Cpu(s): 19.0 us,  8.5 sy,  0.0 ni, 71.6 id,  0.0 wa,  0.0 hi,  0.9 si,  0.0 st
%Cpu(s): 17.6 us,  8.8 sy,  0.0 ni, 72.3 id,  0.0 wa,  0.0 hi,  1.1 si,  0.1 st
%Cpu(s): 19.0 us,  9.1 sy,  0.0 ni, 70.8 id,  0.0 wa,  0.0 hi,  1.0 si,  0.0 st
%Cpu(s): 19.7 us,  8.0 sy,  0.0 ni, 71.0 id,  0.0 wa,  0.0 hi,  1.1 si,  0.1 st
%Cpu(s): 18.3 us,  7.6 sy,  0.0 ni, 73.0 id,  0.0 wa,  0.0 hi,  1.2 si,  0.0 st
%Cpu(s): 17.8 us,  7.7 sy,  0.0 ni, 72.8 id,  0.0 wa,  0.0 hi,  1.7 si,  0.0 st
%Cpu(s): 20.5 us,  8.2 sy,  0.0 ni, 70.2 id,  0.0 wa,  0.0 hi,  0.8 si,  0.3 st
%Cpu(s): 20.4 us,  8.7 sy,  0.0 ni, 69.7 id,  0.0 wa,  0.0 hi,  1.0 si,  0.1 st
%Cpu(s): 19.5 us,  7.8 sy,  0.0 ni, 71.7 id,  0.0 wa,  0.0 hi,  1.0 si,  0.0 st
%Cpu(s): 51.8 us,  9.5 sy,  0.0 ni, 36.3 id,  0.0 wa,  0.0 hi,  2.3 si,  0.1 st
%Cpu(s): 87.4 us, 10.3 sy,  0.0 ni,  0.2 id,  0.0 wa,  0.0 hi,  2.0 si,  0.1 st
%Cpu(s): 86.8 us, 10.5 sy,  0.0 ni,  0.1 id,  0.0 wa,  0.0 hi,  2.5 si,  0.0 st
%Cpu(s): 83.2 us, 11.0 sy,  0.0 ni,  3.6 id,  0.0 wa,  0.0 hi,  2.1 si,  0.0 st
%Cpu(s): 50.6 us,  9.4 sy,  0.0 ni, 37.9 id,  0.0 wa,  0.0 hi,  1.9 si,  0.1 st
%Cpu(s): 22.0 us, 10.4 sy,  0.0 ni, 66.3 id,  0.0 wa,  0.0 hi,  1.1 si,  0.1 st
%Cpu(s): 22.7 us,  8.1 sy,  0.0 ni, 68.2 id,  0.0 wa,  0.0 hi,  0.9 si,  0.1 st
%Cpu(s): 18.2 us,  9.4 sy,  0.0 ni, 71.3 id,  0.0 wa,  0.0 hi,  1.0 si,  0.0 st
%Cpu(s): 25.8 us,  8.4 sy,  0.0 ni, 64.7 id,  0.0 wa,  0.0 hi,  1.1 si,  0.0 st
%Cpu(s): 12.8 us,  3.5 sy,  0.0 ni, 83.1 id,  0.0 wa,  0.0 hi,  0.5 si,  0.0 st
%Cpu(s):  4.4 us,  2.0 sy,  0.0 ni, 93.5 id,  0.0 wa,  0.0 hi,  0.1 si,  0.0 st
%Cpu(s):  1.5 us,  1.4 sy,  0.0 ni, 97.1 id,  0.0 wa,  0.0 hi,  0.0 si,  0.0 st
%Cpu(s):  2.3 us,  1.0 sy,  0.0 ni, 96.6 id,  0.0 wa,  0.0 hi,  0.1 si,  0.0 st
%Cpu(s):  1.0 us,  0.6 sy,  0.0 ni, 98.4 id,  0.0 wa,  0.0 hi,  0.0 si,  0.0 st
%Cpu(s):  1.6 us,  0.6 sy,  0.0 ni, 97.6 id,  0.0 wa,  0.0 hi,  0.0 si,  0.1 st
%Cpu(s):  1.9 us,  0.8 sy,  0.0 ni, 97.4 id,  0.0 wa,  0.0 hi,  0.0 si,  0.0 st
%Cpu(s):  1.9 us,  1.0 sy,  0.0 ni, 97.0 id,  0.1 wa,  0.0 hi,  0.0 si,  0.0 st
%Cpu(s):  1.0 us,  0.6 sy,  0.0 ni, 98.4 id,  0.0 wa,  0.0 hi,  0.0 si,  0.0 st
%Cpu(s):  1.8 us,  1.0 sy,  0.0 ni, 97.1 id,  0.0 wa,  0.0 hi,  0.0 si,  0.1 st
%Cpu(s):  1.4 us,  1.0 sy,  0.0 ni, 97.6 id,  0.0 wa,  0.0 hi,  0.0 si,  0.0 st
