%Cpu(s):  0.5 us,  0.2 sy,  0.0 ni, 99.2 id,  0.0 wa,  0.0 hi,  0.0 si,  0.0 st
%Cpu(s):  0.1 us,  0.2 sy,  0.0 ni, 99.6 id,  0.0 wa,  0.0 hi,  0.0 si,  0.0 st
%Cpu(s):  0.4 us,  0.0 sy,  0.0 ni, 99.6 id,  0.0 wa,  0.0 hi,  0.0 si,  0.0 st
%Cpu(s):  0.1 us,  0.1 sy,  0.0 ni, 99.8 id,  0.0 wa,  0.0 hi,  0.0 si,  0.0 st
%Cpu(s):  2.4 us,  0.2 sy,  0.0 ni, 97.1 id,  0.2 wa,  0.0 hi,  0.0 si,  0.0 st
%Cpu(s): 42.3 us,  3.1 sy,  0.0 ni, 54.0 id,  0.0 wa,  0.0 hi,  0.4 si,  0.1 st
%Cpu(s): 42.8 us,  3.6 sy,  0.0 ni, 53.0 id,  0.0 wa,  0.0 hi,  0.6 si,  0.0 st
%Cpu(s): 22.7 us,  5.1 sy,  0.0 ni, 71.4 id,  0.0 wa,  0.0 hi,  0.5 si,  0.2 st
%Cpu(s): 14.8 us,  5.4 sy,  0.0 ni, 79.2 id,  0.0 wa,  0.0 hi,  0.6 si,  0.0 st
%Cpu(s):  9.8 us,  4.8 sy,  0.0 ni, 83.7 id,  0.0 wa,  0.0 hi,  1.6 si,  0.0 st
%Cpu(s): 20.9 us,  4.9 sy,  0.0 ni, 73.6 id,  0.0 wa,  0.0 hi,  0.5 si,  0.1 st
%Cpu(s): 23.3 us,  6.0 sy,  0.0 ni, 69.9 id,  0.1 wa,  0.0 hi,  0.6 si,  0.0 st
%Cpu(s): 14.8 us,  5.9 sy,  0.0 ni, 78.4 id,  0.0 wa,  0.0 hi,  0.9 si,  0.0 st
%Cpu(s): 14.4 us,  4.4 sy,  0.0 ni, 80.4 id,  0.0 wa,  0.0 hi,  0.6 si,  0.1 st
%Cpu(s): 13.9 us,  4.4 sy,  0.0 ni, 81.4 id,  0.0 wa,  0.0 hi,  0.3 si,  0.0 st
%Cpu(s): 11.5 us,  5.5 sy,  0.0 ni, 82.8 id,  0.0 wa,  0.0 hi,  0.1 si,  0.0 st
%Cpu(s): 12.8 us,  5.8 sy,  0.0 ni, 81.5 id,  0.0 wa,  0.0 hi,  0.0 si,  0.0 st
%Cpu(s): 16.2 us,  9.4 sy,  0.0 ni, 73.3 id,  0.0 wa,  0.0 hi,  1.1 si,  0.0 st
%Cpu(s): 18.5 us,  9.5 sy,  0.0 ni, 70.4 id,  0.0 wa,  0.0 hi,  1.6 si,  0.0 st
%Cpu(s): 17.0 us,  9.4 sy,  0.0 ni, 72.7 id,  0.0 wa,  0.0 hi,  0.8 si,  0.1 st
%Cpu(s): 18.1 us,  9.1 sy,  0.0 ni, 71.4 id,  0.0 wa,  0.0 hi,  1.2 si,  0.1 st
%Cpu(s): 15.9 us,  8.7 sy,  0.0 ni, 74.5 id,  0.1 wa,  0.0 hi,  0.7 si,  0.1 st
%Cpu(s): 17.3 us,  9.4 sy,  0.0 ni, 72.3 id,  0.0 wa,  0.0 hi,  1.0 si,  0.0 st
%Cpu(s): 16.9 us,  8.2 sy,  0.0 ni, 73.7 id,  0.0 wa,  0.0 hi,  1.1 si,  0.1 st
%Cpu(s): 17.6 us, 10.0 sy,  0.0 ni, 71.5 id,  0.0 wa,  0.0 hi,  1.0 si,  0.0 st
%Cpu(s): 19.0 us, 10.4 sy,  0.0 ni, 69.3 id,  0.0 wa,  0.0 hi,  1.4 si,  0.0 st
%Cpu(s): 17.7 us, 11.4 sy,  0.0 ni, 69.4 id,  0.1 wa,  0.0 hi,  1.3 si,  0.0 st
%Cpu(s): 17.1 us, 12.3 sy,  0.0 ni, 69.2 id,  0.0 wa,  0.0 hi,  1.2 si,  0.1 st
%Cpu(s): 16.4 us, 12.1 sy,  0.0 ni, 70.0 id,  0.0 wa,  0.0 hi,  1.5 si,  0.0 st
%Cpu(s): 16.7 us, 11.6 sy,  0.0 ni, 69.9 id,  0.0 wa,  0.0 hi,  1.6 si,  0.1 st
%Cpu(s): 17.7 us, 10.9 sy,  0.0 ni, 70.3 id,  0.0 wa,  0.0 hi,  1.1 si,  0.0 st
%Cpu(s): 16.9 us,  9.5 sy,  0.0 ni, 72.8 id,  0.1 wa,  0.0 hi,  0.6 si,  0.0 st
%Cpu(s): 16.5 us, 10.2 sy,  0.0 ni, 72.9 id,  0.0 wa,  0.0 hi,  0.3 si,  0.1 st
%Cpu(s): 15.8 us,  9.3 sy,  0.0 ni, 74.6 id,  0.0 wa,  0.0 hi,  0.3 si,  0.1 st
%Cpu(s): 17.5 us, 11.4 sy,  0.0 ni, 70.1 id,  0.0 wa,  0.0 hi,  0.9 si,  0.1 st
%Cpu(s): 15.4 us, 11.1 sy,  0.0 ni, 72.7 id,  0.0 wa,  0.0 hi,  0.8 si,  0.0 st
%Cpu(s): 16.1 us,  9.0 sy,  0.0 ni, 73.6 id,  0.1 wa,  0.0 hi,  1.1 si,  0.0 st
%Cpu(s): 15.6 us, 10.5 sy,  0.0 ni, 73.3 id,  0.0 wa,  0.0 hi,  0.7 si,  0.0 st
%Cpu(s): 18.6 us, 11.1 sy,  0.0 ni, 67.1 id,  2.1 wa,  0.0 hi,  1.2 si,  0.0 st
%Cpu(s): 16.3 us,  9.9 sy,  0.0 ni, 72.9 id,  0.0 wa,  0.0 hi,  0.8 si,  0.1 st
%Cpu(s): 27.7 us,  9.0 sy,  0.0 ni, 61.9 id,  0.0 wa,  0.0 hi,  1.4 si,  0.0 st
%Cpu(s): 19.6 us,  9.2 sy,  0.0 ni, 69.5 id,  0.3 wa,  0.0 hi,  1.4 si,  0.0 st
%Cpu(s): 17.4 us,  8.8 sy,  0.0 ni, 72.4 id,  0.0 wa,  0.0 hi,  1.2 si,  0.1 st
%Cpu(s): 16.6 us, 10.2 sy,  0.0 ni, 72.3 id,  0.0 wa,  0.0 hi,  0.8 si,  0.1 st
%Cpu(s): 16.4 us, 10.0 sy,  0.0 ni, 73.4 id,  0.0 wa,  0.0 hi,  0.3 si,  0.0 st
%Cpu(s): 16.9 us,  9.4 sy,  0.0 ni, 72.9 id,  0.0 wa,  0.0 hi,  0.8 si,  0.0 st
%Cpu(s): 16.5 us, 10.2 sy,  0.0 ni, 71.8 id,  0.0 wa,  0.0 hi,  1.5 si,  0.0 st
%Cpu(s): 17.5 us, 10.7 sy,  0.0 ni, 70.3 id,  0.0 wa,  0.0 hi,  1.5 si,  0.0 st
%Cpu(s): 17.1 us, 10.1 sy,  0.0 ni, 71.1 id,  0.0 wa,  0.0 hi,  1.7 si,  0.0 st
%Cpu(s): 18.1 us,  9.7 sy,  0.0 ni, 71.2 id,  0.0 wa,  0.0 hi,  1.0 si,  0.0 st
%Cpu(s): 15.8 us, 10.8 sy,  0.0 ni, 72.9 id,  0.0 wa,  0.0 hi,  0.5 si,  0.0 st
%Cpu(s): 16.2 us, 10.5 sy,  0.0 ni, 71.6 id,  0.1 wa,  0.0 hi,  1.3 si,  0.3 st
%Cpu(s): 17.6 us,  9.9 sy,  0.0 ni, 71.4 id,  0.0 wa,  0.0 hi,  1.0 si,  0.0 st
%Cpu(s): 18.2 us,  8.8 sy,  0.0 ni, 71.9 id,  0.0 wa,  0.0 hi,  0.9 si,  0.1 st
%Cpu(s): 18.3 us,  9.5 sy,  0.0 ni, 70.8 id,  0.0 wa,  0.0 hi,  1.4 si,  0.0 st
%Cpu(s): 17.0 us, 11.2 sy,  0.0 ni, 70.7 id,  0.0 wa,  0.0 hi,  1.0 si,  0.1 st
%Cpu(s): 18.5 us, 10.9 sy,  0.0 ni, 69.8 id,  0.0 wa,  0.0 hi,  0.9 si,  0.0 st
%Cpu(s): 18.4 us,  9.7 sy,  0.0 ni, 70.5 id,  0.0 wa,  0.0 hi,  1.4 si,  0.0 st
%Cpu(s): 18.9 us, 10.3 sy,  0.0 ni, 69.7 id,  0.0 wa,  0.0 hi,  1.1 si,  0.0 st
%Cpu(s): 17.9 us,  9.6 sy,  0.0 ni, 71.5 id,  0.0 wa,  0.0 hi,  0.9 si,  0.0 st
%Cpu(s): 20.8 us,  9.2 sy,  0.0 ni, 68.5 id,  0.0 wa,  0.0 hi,  1.5 si,  0.0 st
%Cpu(s): 15.7 us, 10.5 sy,  0.0 ni, 72.0 id,  0.0 wa,  0.0 hi,  1.8 si,  0.0 st
%Cpu(s): 14.3 us,  9.6 sy,  0.0 ni, 75.2 id,  0.0 wa,  0.0 hi,  0.9 si,  0.1 st
%Cpu(s): 12.8 us,  9.4 sy,  0.0 ni, 77.6 id,  0.0 wa,  0.0 hi,  0.1 si,  0.0 st
%Cpu(s): 15.0 us,  9.3 sy,  0.0 ni, 75.4 id,  0.0 wa,  0.0 hi,  0.3 si,  0.1 st
%Cpu(s): 14.1 us,  8.9 sy,  0.0 ni, 76.6 id,  0.0 wa,  0.0 hi,  0.4 si,  0.0 st
%Cpu(s): 12.2 us,  9.4 sy,  0.0 ni, 78.1 id,  0.0 wa,  0.0 hi,  0.1 si,  0.1 st
%Cpu(s): 11.6 us,  8.7 sy,  0.0 ni, 78.1 id,  0.0 wa,  0.0 hi,  1.6 si,  0.0 st
%Cpu(s):  9.8 us,  8.9 sy,  0.0 ni, 78.7 id,  0.8 wa,  0.0 hi,  1.8 si,  0.0 st
%Cpu(s):  7.6 us,  6.3 sy,  0.0 ni, 85.7 id,  0.0 wa,  0.0 hi,  0.4 si,  0.0 st
%Cpu(s):  5.9 us,  5.5 sy,  0.0 ni, 88.1 id,  0.0 wa,  0.0 hi,  0.3 si,  0.1 st
%Cpu(s):  4.9 us,  4.2 sy,  0.0 ni, 90.1 id,  0.0 wa,  0.0 hi,  0.8 si,  0.0 st
%Cpu(s):  5.0 us,  3.1 sy,  0.0 ni, 90.7 id,  0.0 wa,  0.0 hi,  1.1 si,  0.0 st
%Cpu(s):  5.4 us,  5.1 sy,  0.0 ni, 88.5 id,  0.0 wa,  0.0 hi,  1.0 si,  0.0 st
%Cpu(s):  5.1 us,  4.3 sy,  0.0 ni, 90.0 id,  0.0 wa,  0.0 hi,  0.6 si,  0.0 st
%Cpu(s):  5.6 us,  5.3 sy,  0.0 ni, 89.0 id,  0.0 wa,  0.0 hi,  0.1 si,  0.0 st
%Cpu(s):  6.1 us,  4.6 sy,  0.0 ni, 89.4 id,  0.0 wa,  0.0 hi,  0.0 si,  0.0 st
%Cpu(s):  8.2 us,  4.5 sy,  0.0 ni, 86.7 id,  0.0 wa,  0.0 hi,  0.5 si,  0.1 st
%Cpu(s):  5.7 us,  5.4 sy,  0.0 ni, 88.9 id,  0.0 wa,  0.0 hi,  0.0 si,  0.0 st
%Cpu(s):  5.6 us,  4.0 sy,  0.0 ni, 90.4 id,  0.0 wa,  0.0 hi,  0.0 si,  0.0 st
%Cpu(s):  2.4 us,  0.8 sy,  0.0 ni, 96.8 id,  0.0 wa,  0.0 hi,  0.0 si,  0.0 st
%Cpu(s):  0.5 us,  0.1 sy,  0.0 ni, 99.4 id,  0.0 wa,  0.0 hi,  0.0 si,  0.0 st
%Cpu(s):  0.4 us,  0.2 sy,  0.0 ni, 99.4 id,  0.0 wa,  0.0 hi,  0.0 si,  0.0 st
%Cpu(s):  0.0 us,  0.0 sy,  0.0 ni,100.0 id,  0.0 wa,  0.0 hi,  0.0 si,  0.0 st
%Cpu(s):  0.4 us,  0.1 sy,  0.0 ni, 99.4 id,  0.0 wa,  0.0 hi,  0.0 si,  0.1 st
%Cpu(s):  0.2 us,  0.0 sy,  0.0 ni, 99.8 id,  0.0 wa,  0.0 hi,  0.0 si,  0.0 st
%Cpu(s):  0.4 us,  0.0 sy,  0.0 ni, 99.6 id,  0.0 wa,  0.0 hi,  0.0 si,  0.0 st
%Cpu(s):  0.2 us,  0.2 sy,  0.0 ni, 99.5 id,  0.0 wa,  0.0 hi,  0.0 si,  0.0 st
