%Cpu(s):  1.5 us,  0.7 sy,  0.0 ni, 97.7 id,  0.0 wa,  0.0 hi,  0.1 si,  0.0 st
%Cpu(s): 26.7 us,  0.6 sy,  0.0 ni, 72.7 id,  0.0 wa,  0.0 hi,  0.0 si,  0.0 st
%Cpu(s):  0.6 us,  0.1 sy,  0.0 ni, 99.3 id,  0.0 wa,  0.0 hi,  0.0 si,  0.0 st
%Cpu(s):  0.1 us,  0.0 sy,  0.0 ni, 99.9 id,  0.0 wa,  0.0 hi,  0.0 si,  0.0 st
%Cpu(s): 23.8 us,  2.5 sy,  0.0 ni, 73.6 id,  0.1 wa,  0.0 hi,  0.0 si,  0.0 st
%Cpu(s): 52.9 us,  1.5 sy,  0.0 ni, 45.5 id,  0.0 wa,  0.0 hi,  0.0 si,  0.1 st
%Cpu(s): 67.6 us,  2.4 sy,  0.0 ni, 29.9 id,  0.0 wa,  0.0 hi,  0.1 si,  0.0 st
%Cpu(s): 66.1 us,  1.5 sy,  0.0 ni, 32.2 id,  0.0 wa,  0.0 hi,  0.0 si,  0.1 st
%Cpu(s): 31.1 us,  2.0 sy,  0.0 ni, 66.4 id,  0.0 wa,  0.0 hi,  0.4 si,  0.1 st
%Cpu(s): 47.6 us,  2.1 sy,  0.0 ni, 49.7 id,  0.0 wa,  0.0 hi,  0.5 si,  0.0 st
%Cpu(s): 19.4 us,  2.8 sy,  0.0 ni, 77.2 id,  0.0 wa,  0.0 hi,  0.5 si,  0.1 st
%Cpu(s): 12.7 us,  3.5 sy,  0.0 ni, 82.9 id,  0.0 wa,  0.0 hi,  0.9 si,  0.0 st
%Cpu(s):  9.6 us,  2.9 sy,  0.0 ni, 86.9 id,  0.0 wa,  0.0 hi,  0.6 si,  0.0 st
%Cpu(s):  9.3 us,  2.9 sy,  0.0 ni, 86.9 id,  0.0 wa,  0.0 hi,  0.9 si,  0.0 st
%Cpu(s): 12.2 us,  3.2 sy,  0.0 ni, 83.7 id,  0.0 wa,  0.0 hi,  0.8 si,  0.1 st
%Cpu(s):  7.0 us,  3.2 sy,  0.0 ni, 88.8 id,  0.0 wa,  0.0 hi,  0.9 si,  0.1 st
%Cpu(s):  5.7 us,  3.2 sy,  0.0 ni, 90.4 id,  0.0 wa,  0.0 hi,  0.8 si,  0.0 st
%Cpu(s):  6.0 us,  3.4 sy,  0.0 ni, 89.8 id,  0.0 wa,  0.0 hi,  0.8 si,  0.0 st
%Cpu(s):  9.4 us,  4.3 sy,  0.0 ni, 85.8 id,  0.0 wa,  0.0 hi,  0.5 si,  0.0 st
%Cpu(s): 18.0 us,  4.4 sy,  0.0 ni, 76.4 id,  0.0 wa,  0.0 hi,  1.1 si,  0.0 st
%Cpu(s): 17.6 us,  3.8 sy,  0.0 ni, 77.3 id,  0.0 wa,  0.0 hi,  1.1 si,  0.1 st
%Cpu(s): 11.8 us,  4.5 sy,  0.0 ni, 83.3 id,  0.0 wa,  0.0 hi,  0.4 si,  0.0 st
%Cpu(s):  7.5 us,  2.9 sy,  0.0 ni, 88.5 id,  0.0 wa,  0.0 hi,  1.1 si,  0.0 st
%Cpu(s):  6.2 us,  3.5 sy,  0.0 ni, 89.4 id,  0.0 wa,  0.0 hi,  0.8 si,  0.1 st
%Cpu(s):  4.9 us,  3.6 sy,  0.0 ni, 90.8 id,  0.0 wa,  0.0 hi,  0.6 si,  0.0 st
%Cpu(s):  6.2 us,  2.9 sy,  0.0 ni, 89.7 id,  0.0 wa,  0.0 hi,  1.2 si,  0.0 st
%Cpu(s):  6.4 us,  2.7 sy,  0.0 ni, 90.2 id,  0.0 wa,  0.0 hi,  0.8 si,  0.0 st
%Cpu(s):  6.1 us,  3.3 sy,  0.0 ni, 90.1 id,  0.0 wa,  0.0 hi,  0.5 si,  0.0 st
%Cpu(s):  6.6 us,  4.1 sy,  0.0 ni, 88.3 id,  0.0 wa,  0.0 hi,  0.9 si,  0.1 st
%Cpu(s):  5.3 us,  3.0 sy,  0.0 ni, 90.8 id,  0.1 wa,  0.0 hi,  0.9 si,  0.0 st
%Cpu(s):  5.7 us,  3.2 sy,  0.0 ni, 90.3 id,  0.0 wa,  0.0 hi,  0.8 si,  0.0 st
%Cpu(s):  6.0 us,  3.2 sy,  0.0 ni, 89.8 id,  0.0 wa,  0.0 hi,  1.0 si,  0.0 st
%Cpu(s):  5.1 us,  3.1 sy,  0.0 ni, 91.0 id,  0.0 wa,  0.0 hi,  0.8 si,  0.0 st
%Cpu(s):  7.7 us,  3.7 sy,  0.0 ni, 84.9 id,  2.5 wa,  0.0 hi,  1.0 si,  0.1 st
%Cpu(s): 16.7 us,  4.6 sy,  0.0 ni, 78.1 id,  0.0 wa,  0.0 hi,  0.6 si,  0.0 st
%Cpu(s): 18.0 us,  3.2 sy,  0.0 ni, 78.3 id,  0.0 wa,  0.0 hi,  0.5 si,  0.0 st
%Cpu(s):  9.4 us,  3.2 sy,  0.0 ni, 86.7 id,  0.0 wa,  0.0 hi,  0.8 si,  0.0 st
%Cpu(s):  5.4 us,  3.7 sy,  0.0 ni, 90.5 id,  0.0 wa,  0.0 hi,  0.4 si,  0.0 st
%Cpu(s):  9.0 us,  3.2 sy,  0.0 ni, 87.4 id,  0.0 wa,  0.0 hi,  0.5 si,  0.0 st
%Cpu(s):  6.0 us,  3.1 sy,  0.0 ni, 90.1 id,  0.1 wa,  0.0 hi,  0.6 si,  0.0 st
%Cpu(s):  6.5 us,  3.4 sy,  0.0 ni, 89.1 id,  0.0 wa,  0.0 hi,  1.0 si,  0.0 st
%Cpu(s):  5.6 us,  3.7 sy,  0.0 ni, 90.0 id,  0.0 wa,  0.0 hi,  0.8 si,  0.0 st
%Cpu(s):  5.9 us,  2.7 sy,  0.0 ni, 90.4 id,  0.0 wa,  0.0 hi,  0.9 si,  0.1 st
%Cpu(s):  5.8 us,  3.7 sy,  0.0 ni, 89.8 id,  0.0 wa,  0.0 hi,  0.8 si,  0.0 st
%Cpu(s):  5.3 us,  3.2 sy,  0.0 ni, 90.9 id,  0.0 wa,  0.0 hi,  0.6 si,  0.0 st
%Cpu(s):  5.5 us,  3.6 sy,  0.0 ni, 90.1 id,  0.0 wa,  0.0 hi,  0.9 si,  0.0 st
%Cpu(s):  4.7 us,  2.7 sy,  0.0 ni, 91.6 id,  0.0 wa,  0.0 hi,  0.9 si,  0.1 st
%Cpu(s):  4.9 us,  3.1 sy,  0.0 ni, 91.3 id,  0.0 wa,  0.0 hi,  0.8 si,  0.0 st
%Cpu(s):  6.0 us,  3.7 sy,  0.0 ni, 89.4 id,  0.0 wa,  0.0 hi,  0.9 si,  0.0 st
%Cpu(s): 16.5 us,  4.5 sy,  0.0 ni, 78.1 id,  0.1 wa,  0.0 hi,  0.8 si,  0.0 st
%Cpu(s): 18.9 us,  3.6 sy,  0.0 ni, 77.0 id,  0.0 wa,  0.0 hi,  0.5 si,  0.0 st
%Cpu(s): 15.8 us,  4.1 sy,  0.0 ni, 79.6 id,  0.0 wa,  0.0 hi,  0.5 si,  0.0 st
%Cpu(s):  5.8 us,  3.6 sy,  0.0 ni, 89.4 id,  0.0 wa,  0.0 hi,  1.0 si,  0.1 st
%Cpu(s):  5.3 us,  3.0 sy,  0.0 ni, 90.7 id,  0.0 wa,  0.0 hi,  0.9 si,  0.0 st
%Cpu(s):  5.2 us,  3.7 sy,  0.0 ni, 90.6 id,  0.0 wa,  0.0 hi,  0.5 si,  0.0 st
%Cpu(s):  6.6 us,  4.0 sy,  0.0 ni, 88.3 id,  0.0 wa,  0.0 hi,  1.1 si,  0.0 st
%Cpu(s):  7.0 us,  3.2 sy,  0.0 ni, 88.9 id,  0.0 wa,  0.0 hi,  0.8 si,  0.1 st
%Cpu(s):  4.6 us,  3.0 sy,  0.0 ni, 91.6 id,  0.0 wa,  0.0 hi,  0.8 si,  0.0 st
%Cpu(s):  6.3 us,  3.0 sy,  0.0 ni, 89.9 id,  0.0 wa,  0.0 hi,  0.8 si,  0.0 st
%Cpu(s):  5.8 us,  3.5 sy,  0.0 ni, 90.0 id,  0.1 wa,  0.0 hi,  0.5 si,  0.0 st
%Cpu(s):  6.1 us,  3.7 sy,  0.0 ni, 89.1 id,  0.0 wa,  0.0 hi,  1.1 si,  0.0 st
%Cpu(s):  6.8 us,  3.3 sy,  0.0 ni, 89.0 id,  0.0 wa,  0.0 hi,  0.9 si,  0.0 st
%Cpu(s): 11.1 us,  4.0 sy,  0.0 ni, 84.2 id,  0.0 wa,  0.0 hi,  0.8 si,  0.0 st
%Cpu(s):  6.5 us,  4.4 sy,  0.0 ni, 86.9 id,  1.5 wa,  0.0 hi,  0.6 si,  0.0 st
%Cpu(s): 15.8 us,  4.1 sy,  0.0 ni, 79.1 id,  0.0 wa,  0.0 hi,  1.0 si,  0.0 st
%Cpu(s): 17.3 us,  4.6 sy,  0.0 ni, 76.9 id,  0.0 wa,  0.0 hi,  1.1 si,  0.0 st
%Cpu(s): 15.9 us,  3.9 sy,  0.0 ni, 78.9 id,  0.0 wa,  0.0 hi,  1.3 si,  0.0 st
%Cpu(s): 13.9 us,  3.5 sy,  0.0 ni, 81.8 id,  0.0 wa,  0.0 hi,  0.6 si,  0.1 st
%Cpu(s): 13.4 us,  3.3 sy,  0.0 ni, 82.3 id,  0.0 wa,  0.0 hi,  0.9 si,  0.1 st
%Cpu(s):  8.5 us,  2.8 sy,  0.0 ni, 87.9 id,  0.1 wa,  0.0 hi,  0.6 si,  0.0 st
