%Cpu(s):  1.6 us,  0.5 sy,  0.0 ni, 97.8 id,  0.0 wa,  0.0 hi,  0.1 si,  0.0 st
%Cpu(s): 58.2 us,  3.5 sy,  0.0 ni, 38.1 id,  0.0 wa,  0.0 hi,  0.1 si,  0.1 st
%Cpu(s): 58.4 us,  1.8 sy,  0.0 ni, 39.7 id,  0.0 wa,  0.0 hi,  0.0 si,  0.1 st
%Cpu(s): 77.5 us,  2.4 sy,  0.0 ni, 20.0 id,  0.0 wa,  0.0 hi,  0.1 si,  0.0 st
%Cpu(s): 16.9 us,  0.8 sy,  0.0 ni, 82.1 id,  0.0 wa,  0.0 hi,  0.1 si,  0.1 st
%Cpu(s): 42.7 us,  3.1 sy,  0.0 ni, 53.5 id,  0.0 wa,  0.0 hi,  0.5 si,  0.1 st
%Cpu(s): 42.6 us,  3.4 sy,  0.0 ni, 52.7 id,  0.0 wa,  0.0 hi,  1.2 si,  0.0 st
%Cpu(s): 16.8 us,  3.0 sy,  0.0 ni, 79.2 id,  0.0 wa,  0.0 hi,  1.0 si,  0.0 st
%Cpu(s): 11.0 us,  3.9 sy,  0.0 ni, 84.4 id,  0.0 wa,  0.0 hi,  0.6 si,  0.1 st
%Cpu(s):  7.7 us,  3.0 sy,  0.0 ni, 88.3 id,  0.0 wa,  0.0 hi,  0.9 si,  0.1 st
%Cpu(s): 12.3 us,  3.1 sy,  0.0 ni, 83.7 id,  0.1 wa,  0.0 hi,  0.8 si,  0.0 st
%Cpu(s): 10.2 us,  3.2 sy,  0.0 ni, 86.0 id,  0.0 wa,  0.0 hi,  0.6 si,  0.0 st
%Cpu(s):  5.4 us,  3.3 sy,  0.0 ni, 90.6 id,  0.0 wa,  0.0 hi,  0.6 si,  0.0 st
%Cpu(s):  6.0 us,  3.3 sy,  0.0 ni, 90.0 id,  0.0 wa,  0.0 hi,  0.8 si,  0.0 st
%Cpu(s):  5.5 us,  4.5 sy,  0.0 ni, 89.3 id,  0.0 wa,  0.0 hi,  0.6 si,  0.0 st
%Cpu(s):  6.0 us,  3.0 sy,  0.0 ni, 90.3 id,  0.0 wa,  0.0 hi,  0.6 si,  0.0 st
%Cpu(s):  6.5 us,  3.5 sy,  0.0 ni, 88.8 id,  0.0 wa,  0.0 hi,  1.0 si,  0.1 st
%Cpu(s):  6.0 us,  3.4 sy,  0.0 ni, 89.9 id,  0.0 wa,  0.0 hi,  0.8 si,  0.0 st
%Cpu(s):  6.2 us,  3.3 sy,  0.0 ni, 90.2 id,  0.0 wa,  0.0 hi,  0.4 si,  0.0 st
%Cpu(s):  5.5 us,  2.6 sy,  0.0 ni, 91.0 id,  0.0 wa,  0.0 hi,  0.8 si,  0.1 st
%Cpu(s):  4.9 us,  4.3 sy,  0.0 ni, 90.4 id,  0.0 wa,  0.0 hi,  0.5 si,  0.0 st
%Cpu(s):  6.5 us,  3.7 sy,  0.0 ni, 89.1 id,  0.0 wa,  0.0 hi,  0.7 si,  0.0 st
%Cpu(s):  5.1 us,  3.0 sy,  0.0 ni, 91.0 id,  0.0 wa,  0.0 hi,  0.8 si,  0.1 st
%Cpu(s):  5.7 us,  4.2 sy,  0.0 ni, 89.0 id,  0.0 wa,  0.0 hi,  1.0 si,  0.0 st
%Cpu(s):  5.1 us,  2.7 sy,  0.0 ni, 91.7 id,  0.0 wa,  0.0 hi,  0.5 si,  0.0 st
%Cpu(s):  6.2 us,  4.4 sy,  0.0 ni, 85.4 id,  3.5 wa,  0.0 hi,  0.5 si,  0.0 st
%Cpu(s):  8.1 us,  3.8 sy,  0.0 ni, 87.4 id,  0.0 wa,  0.0 hi,  0.5 si,  0.1 st
%Cpu(s): 16.8 us,  3.2 sy,  0.0 ni, 78.9 id,  0.0 wa,  0.0 hi,  1.1 si,  0.0 st
%Cpu(s): 17.9 us,  2.9 sy,  0.0 ni, 78.9 id,  0.0 wa,  0.0 hi,  0.4 si,  0.0 st
%Cpu(s):  9.3 us,  3.2 sy,  0.0 ni, 87.2 id,  0.0 wa,  0.0 hi,  0.4 si,  0.0 st
%Cpu(s):  3.9 us,  3.1 sy,  0.0 ni, 92.5 id,  0.0 wa,  0.0 hi,  0.5 si,  0.0 st
%Cpu(s):  5.8 us,  3.0 sy,  0.0 ni, 90.8 id,  0.0 wa,  0.0 hi,  0.4 si,  0.0 st
%Cpu(s):  5.0 us,  3.7 sy,  0.0 ni, 90.4 id,  0.0 wa,  0.0 hi,  0.9 si,  0.0 st
%Cpu(s):  5.2 us,  3.3 sy,  0.0 ni, 90.7 id,  0.0 wa,  0.0 hi,  0.8 si,  0.0 st
%Cpu(s):  6.1 us,  3.3 sy,  0.0 ni, 90.0 id,  0.0 wa,  0.0 hi,  0.5 si,  0.1 st
%Cpu(s):  7.8 us,  3.5 sy,  0.0 ni, 88.2 id,  0.0 wa,  0.0 hi,  0.5 si,  0.0 st
%Cpu(s):  4.9 us,  3.6 sy,  0.0 ni, 90.7 id,  0.0 wa,  0.0 hi,  0.8 si,  0.0 st
%Cpu(s):  5.1 us,  3.4 sy,  0.0 ni, 90.3 id,  0.0 wa,  0.0 hi,  1.1 si,  0.1 st
%Cpu(s):  4.8 us,  3.5 sy,  0.0 ni, 90.9 id,  0.0 wa,  0.0 hi,  0.8 si,  0.0 st
%Cpu(s):  4.4 us,  4.8 sy,  0.0 ni, 89.9 id,  0.0 wa,  0.0 hi,  1.0 si,  0.0 st
%Cpu(s):  4.8 us,  3.2 sy,  0.0 ni, 91.1 id,  0.0 wa,  0.0 hi,  0.9 si,  0.0 st
%Cpu(s):  4.9 us,  3.3 sy,  0.0 ni, 91.0 id,  0.0 wa,  0.0 hi,  0.8 si,  0.0 st
%Cpu(s):  5.1 us,  3.2 sy,  0.0 ni, 91.3 id,  0.0 wa,  0.0 hi,  0.4 si,  0.0 st
%Cpu(s):  4.8 us,  3.4 sy,  0.0 ni, 91.2 id,  0.0 wa,  0.0 hi,  0.3 si,  0.3 st
%Cpu(s):  4.8 us,  3.3 sy,  0.0 ni, 91.6 id,  0.0 wa,  0.0 hi,  0.3 si,  0.0 st
%Cpu(s):  6.1 us,  3.5 sy,  0.0 ni, 89.5 id,  0.0 wa,  0.0 hi,  0.9 si,  0.0 st
%Cpu(s):  5.5 us,  3.5 sy,  0.0 ni, 90.5 id,  0.0 wa,  0.0 hi,  0.5 si,  0.0 st
%Cpu(s): 12.4 us,  2.9 sy,  0.0 ni, 84.0 id,  0.0 wa,  0.0 hi,  0.8 si,  0.0 st
%Cpu(s): 17.4 us,  3.0 sy,  0.0 ni, 78.7 id,  0.0 wa,  0.0 hi,  0.8 si,  0.1 st
%Cpu(s): 15.5 us,  3.7 sy,  0.0 ni, 80.3 id,  0.0 wa,  0.0 hi,  0.5 si,  0.0 st
%Cpu(s):  5.2 us,  3.9 sy,  0.0 ni, 90.3 id,  0.1 wa,  0.0 hi,  0.5 si,  0.0 st
%Cpu(s):  4.6 us,  3.6 sy,  0.0 ni, 91.1 id,  0.0 wa,  0.0 hi,  0.8 si,  0.0 st
%Cpu(s):  5.1 us,  3.4 sy,  0.0 ni, 90.6 id,  0.0 wa,  0.0 hi,  0.8 si,  0.1 st
%Cpu(s):  5.9 us,  3.3 sy,  0.0 ni, 89.8 id,  0.0 wa,  0.0 hi,  0.9 si,  0.0 st
%Cpu(s):  5.3 us,  4.2 sy,  0.0 ni, 89.9 id,  0.0 wa,  0.0 hi,  0.6 si,  0.0 st
%Cpu(s):  5.7 us,  3.2 sy,  0.0 ni, 90.2 id,  0.0 wa,  0.0 hi,  0.9 si,  0.1 st
%Cpu(s):  5.8 us,  3.9 sy,  0.0 ni, 89.5 id,  0.0 wa,  0.0 hi,  0.8 si,  0.0 st
%Cpu(s):  5.9 us,  3.1 sy,  0.0 ni, 90.1 id,  0.0 wa,  0.0 hi,  0.9 si,  0.1 st
%Cpu(s):  5.9 us,  4.0 sy,  0.0 ni, 89.4 id,  0.0 wa,  0.0 hi,  0.6 si,  0.0 st
%Cpu(s):  5.5 us,  4.2 sy,  0.0 ni, 89.5 id,  0.0 wa,  0.0 hi,  0.8 si,  0.0 st
%Cpu(s):  4.6 us,  3.9 sy,  0.0 ni, 90.6 id,  0.1 wa,  0.0 hi,  0.8 si,  0.0 st
%Cpu(s):  5.8 us,  4.0 sy,  0.0 ni, 89.6 id,  0.0 wa,  0.0 hi,  0.6 si,  0.0 st
%Cpu(s):  5.4 us,  4.0 sy,  0.0 ni, 89.8 id,  0.0 wa,  0.0 hi,  0.8 si,  0.0 st
%Cpu(s): 10.9 us,  4.1 sy,  0.0 ni, 83.7 id,  0.0 wa,  0.0 hi,  1.3 si,  0.0 st
%Cpu(s): 10.4 us,  3.4 sy,  0.0 ni, 85.3 id,  0.0 wa,  0.0 hi,  0.9 si,  0.0 st
%Cpu(s):  6.3 us,  2.9 sy,  0.0 ni, 89.9 id,  0.0 wa,  0.0 hi,  0.8 si,  0.1 st
%Cpu(s):  4.0 us,  4.7 sy,  0.0 ni, 90.5 id,  0.0 wa,  0.0 hi,  0.8 si,  0.0 st
%Cpu(s): 17.3 us,  3.4 sy,  0.0 ni, 79.1 id,  0.0 wa,  0.0 hi,  0.3 si,  0.0 st
%Cpu(s): 16.1 us,  3.7 sy,  0.0 ni, 79.4 id,  0.0 wa,  0.0 hi,  0.7 si,  0.0 st
%Cpu(s): 11.7 us,  3.4 sy,  0.0 ni, 84.0 id,  0.0 wa,  0.0 hi,  0.9 si,  0.0 st
%Cpu(s):  5.3 us,  3.4 sy,  0.0 ni, 91.0 id,  0.0 wa,  0.0 hi,  0.3 si,  0.1 st
%Cpu(s):  5.7 us,  3.9 sy,  0.0 ni, 89.7 id,  0.0 wa,  0.0 hi,  0.6 si,  0.0 st
%Cpu(s): 17.1 us,  2.9 sy,  0.0 ni, 79.1 id,  0.0 wa,  0.0 hi,  0.8 si,  0.1 st
%Cpu(s):  7.3 us,  3.4 sy,  0.0 ni, 88.8 id,  0.0 wa,  0.0 hi,  0.5 si,  0.0 st
