%Cpu(s):  5.5 us,  1.0 sy,  0.0 ni, 93.3 id,  0.0 wa,  0.0 hi,  0.1 si,  0.0 st
%Cpu(s):  2.8 us,  2.1 sy,  0.0 ni, 94.7 id,  0.0 wa,  0.0 hi,  0.0 si,  0.4 st
%Cpu(s):  3.6 us,  2.5 sy,  0.0 ni, 93.6 id,  0.0 wa,  0.0 hi,  0.0 si,  0.3 st
%Cpu(s):  3.0 us,  2.8 sy,  0.0 ni, 94.2 id,  0.0 wa,  0.0 hi,  0.0 si,  0.0 st
%Cpu(s):  4.4 us,  2.0 sy,  0.0 ni, 93.3 id,  0.0 wa,  0.0 hi,  0.0 si,  0.3 st
%Cpu(s):  5.7 us,  2.3 sy,  0.0 ni, 91.8 id,  0.0 wa,  0.0 hi,  0.0 si,  0.3 st
%Cpu(s): 10.7 us,  1.8 sy,  0.0 ni, 87.2 id,  0.0 wa,  0.0 hi,  0.0 si,  0.3 st
%Cpu(s): 71.8 us,  5.4 sy,  0.0 ni, 22.2 id,  0.0 wa,  0.0 hi,  0.6 si,  0.0 st
%Cpu(s): 81.9 us,  6.8 sy,  0.0 ni, 10.5 id,  0.0 wa,  0.0 hi,  0.8 si,  0.0 st
%Cpu(s): 81.7 us,  6.5 sy,  0.0 ni, 10.1 id,  0.0 wa,  0.0 hi,  1.6 si,  0.0 st
%Cpu(s): 89.5 us,  6.5 sy,  0.0 ni,  2.6 id,  0.0 wa,  0.0 hi,  1.4 si,  0.0 st
%Cpu(s): 89.1 us,  6.1 sy,  0.0 ni,  3.3 id,  0.0 wa,  0.0 hi,  1.5 si,  0.0 st
%Cpu(s): 75.3 us,  6.3 sy,  0.0 ni, 16.7 id,  0.0 wa,  0.0 hi,  1.8 si,  0.0 st
%Cpu(s): 44.7 us,  5.9 sy,  0.0 ni, 48.5 id,  0.0 wa,  0.0 hi,  0.9 si,  0.0 st
%Cpu(s): 22.7 us,  6.8 sy,  0.0 ni, 69.9 id,  0.0 wa,  0.0 hi,  0.5 si,  0.1 st
%Cpu(s): 28.9 us,  6.4 sy,  0.0 ni, 64.1 id,  0.1 wa,  0.0 hi,  0.4 si,  0.0 st
%Cpu(s): 11.7 us,  6.7 sy,  0.0 ni, 81.2 id,  0.0 wa,  0.0 hi,  0.4 si,  0.0 st
%Cpu(s): 10.8 us,  6.5 sy,  0.0 ni, 82.0 id,  0.0 wa,  0.0 hi,  0.6 si,  0.0 st
%Cpu(s): 12.7 us,  6.5 sy,  0.0 ni, 80.3 id,  0.0 wa,  0.0 hi,  0.5 si,  0.0 st
%Cpu(s): 10.5 us,  6.5 sy,  0.0 ni, 82.4 id,  0.0 wa,  0.0 hi,  0.6 si,  0.0 st
%Cpu(s): 10.6 us,  5.1 sy,  0.0 ni, 83.4 id,  0.0 wa,  0.0 hi,  0.8 si,  0.1 st
%Cpu(s): 10.5 us,  7.0 sy,  0.0 ni, 81.8 id,  0.0 wa,  0.0 hi,  0.6 si,  0.0 st
%Cpu(s): 17.3 us,  5.8 sy,  0.0 ni, 76.7 id,  0.0 wa,  0.0 hi,  0.3 si,  0.0 st
%Cpu(s): 11.7 us,  7.4 sy,  0.0 ni, 80.5 id,  0.0 wa,  0.0 hi,  0.4 si,  0.0 st
%Cpu(s): 10.3 us,  6.0 sy,  0.0 ni, 82.6 id,  0.0 wa,  0.0 hi,  0.9 si,  0.1 st
%Cpu(s): 11.5 us,  5.7 sy,  0.0 ni, 82.1 id,  0.0 wa,  0.0 hi,  0.6 si,  0.0 st
%Cpu(s): 11.0 us,  6.6 sy,  0.0 ni, 82.0 id,  0.0 wa,  0.0 hi,  0.3 si,  0.1 st
%Cpu(s): 11.0 us,  6.5 sy,  0.0 ni, 81.6 id,  0.0 wa,  0.0 hi,  0.9 si,  0.0 st
%Cpu(s): 12.2 us,  6.5 sy,  0.0 ni, 80.9 id,  0.0 wa,  0.0 hi,  0.5 si,  0.0 st
%Cpu(s): 12.3 us,  6.7 sy,  0.0 ni, 80.4 id,  0.0 wa,  0.0 hi,  0.6 si,  0.0 st
%Cpu(s): 10.3 us,  6.4 sy,  0.0 ni, 82.7 id,  0.1 wa,  0.0 hi,  0.4 si,  0.1 st
%Cpu(s): 10.1 us,  6.6 sy,  0.0 ni, 83.1 id,  0.0 wa,  0.0 hi,  0.1 si,  0.0 st
%Cpu(s): 11.9 us,  5.7 sy,  0.0 ni, 81.9 id,  0.0 wa,  0.0 hi,  0.5 si,  0.0 st
%Cpu(s): 11.9 us,  6.0 sy,  0.0 ni, 81.4 id,  0.0 wa,  0.0 hi,  0.8 si,  0.0 st
%Cpu(s): 10.2 us,  5.7 sy,  0.0 ni, 83.2 id,  0.0 wa,  0.0 hi,  0.8 si,  0.1 st
%Cpu(s):  9.4 us,  7.2 sy,  0.0 ni, 82.9 id,  0.0 wa,  0.0 hi,  0.5 si,  0.0 st
%Cpu(s): 11.0 us,  6.2 sy,  0.0 ni, 82.5 id,  0.0 wa,  0.0 hi,  0.3 si,  0.0 st
%Cpu(s): 28.5 us,  5.9 sy,  0.0 ni, 64.7 id,  0.0 wa,  0.0 hi,  0.9 si,  0.0 st
%Cpu(s): 12.8 us,  7.1 sy,  0.0 ni, 79.5 id,  0.0 wa,  0.0 hi,  0.6 si,  0.0 st
%Cpu(s): 11.5 us,  5.8 sy,  0.0 ni, 82.2 id,  0.0 wa,  0.0 hi,  0.4 si,  0.1 st
%Cpu(s): 16.2 us,  5.1 sy,  0.0 ni, 78.1 id,  0.0 wa,  0.0 hi,  0.5 si,  0.1 st
%Cpu(s): 21.9 us,  4.9 sy,  0.0 ni, 72.6 id,  0.0 wa,  0.0 hi,  0.6 si,  0.0 st
%Cpu(s): 13.4 us,  4.6 sy,  0.0 ni, 81.6 id,  0.0 wa,  0.0 hi,  0.4 si,  0.0 st
%Cpu(s): 12.3 us,  6.3 sy,  0.0 ni, 80.8 id,  0.0 wa,  0.0 hi,  0.6 si,  0.0 st
%Cpu(s):  8.4 us,  5.1 sy,  0.0 ni, 86.1 id,  0.0 wa,  0.0 hi,  0.4 si,  0.0 st
%Cpu(s): 11.7 us,  5.9 sy,  0.0 ni, 82.1 id,  0.0 wa,  0.0 hi,  0.3 si,  0.0 st
%Cpu(s): 12.0 us,  6.3 sy,  0.0 ni, 80.8 id,  0.0 wa,  0.0 hi,  0.6 si,  0.3 st
%Cpu(s): 12.4 us,  6.7 sy,  0.0 ni, 80.4 id,  0.0 wa,  0.0 hi,  0.5 si,  0.0 st
%Cpu(s): 10.3 us,  6.7 sy,  0.0 ni, 82.3 id,  0.0 wa,  0.0 hi,  0.8 si,  0.0 st
%Cpu(s): 12.1 us,  6.2 sy,  0.0 ni, 81.3 id,  0.0 wa,  0.0 hi,  0.4 si,  0.0 st
%Cpu(s): 11.7 us,  7.3 sy,  0.0 ni, 80.4 id,  0.0 wa,  0.0 hi,  0.6 si,  0.0 st
%Cpu(s): 12.5 us,  6.6 sy,  0.0 ni, 79.7 id,  0.0 wa,  0.0 hi,  0.9 si,  0.3 st
%Cpu(s): 10.8 us,  5.6 sy,  0.0 ni, 82.8 id,  0.0 wa,  0.0 hi,  0.8 si,  0.0 st
%Cpu(s): 12.9 us,  5.4 sy,  0.0 ni, 81.2 id,  0.0 wa,  0.0 hi,  0.5 si,  0.0 st
%Cpu(s): 18.4 us,  6.4 sy,  0.0 ni, 74.6 id,  0.0 wa,  0.0 hi,  0.6 si,  0.0 st
%Cpu(s): 12.4 us,  5.3 sy,  0.0 ni, 81.7 id,  0.1 wa,  0.0 hi,  0.5 si,  0.0 st
%Cpu(s): 10.4 us,  5.4 sy,  0.0 ni, 83.7 id,  0.0 wa,  0.0 hi,  0.5 si,  0.0 st
%Cpu(s): 23.9 us,  6.4 sy,  0.0 ni, 68.8 id,  0.0 wa,  0.0 hi,  0.9 si,  0.0 st
%Cpu(s): 25.5 us,  6.3 sy,  0.0 ni, 67.8 id,  0.0 wa,  0.0 hi,  0.4 si,  0.0 st
%Cpu(s): 25.3 us,  6.9 sy,  0.0 ni, 67.5 id,  0.0 wa,  0.0 hi,  0.3 si,  0.0 st
%Cpu(s): 16.1 us,  6.0 sy,  0.0 ni, 77.0 id,  0.0 wa,  0.0 hi,  0.8 si,  0.1 st
%Cpu(s):  3.5 us,  3.7 sy,  0.0 ni, 92.6 id,  0.0 wa,  0.0 hi,  0.0 si,  0.1 st
%Cpu(s):  3.1 us,  2.9 sy,  0.0 ni, 93.9 id,  0.0 wa,  0.0 hi,  0.0 si,  0.1 st
%Cpu(s):  2.9 us,  2.4 sy,  0.0 ni, 94.4 id,  0.0 wa,  0.0 hi,  0.0 si,  0.3 st
%Cpu(s):  3.2 us,  3.4 sy,  0.0 ni, 93.2 id,  0.0 wa,  0.0 hi,  0.0 si,  0.2 st
%Cpu(s):  3.0 us,  3.5 sy,  0.0 ni, 93.1 id,  0.0 wa,  0.0 hi,  0.0 si,  0.4 st
%Cpu(s):  3.5 us,  4.6 sy,  0.0 ni, 91.9 id,  0.0 wa,  0.0 hi,  0.0 si,  0.0 st
%Cpu(s):  6.2 us,  3.3 sy,  0.0 ni, 90.2 id,  0.0 wa,  0.0 hi,  0.1 si,  0.3 st
%Cpu(s):  6.7 us,  2.9 sy,  0.0 ni, 90.2 id,  0.0 wa,  0.0 hi,  0.0 si,  0.3 st
%Cpu(s):  3.4 us,  2.9 sy,  0.0 ni, 93.5 id,  0.0 wa,  0.0 hi,  0.1 si,  0.1 st
%Cpu(s):  2.3 us,  3.8 sy,  0.0 ni, 93.9 id,  0.0 wa,  0.0 hi,  0.0 si,  0.1 st
%Cpu(s):  4.0 us,  2.5 sy,  0.0 ni, 93.3 id,  0.0 wa,  0.0 hi,  0.0 si,  0.2 st
%Cpu(s):  3.0 us,  3.7 sy,  0.0 ni, 93.0 id,  0.0 wa,  0.0 hi,  0.0 si,  0.2 st
%Cpu(s):  3.4 us,  2.7 sy,  0.0 ni, 93.7 id,  0.0 wa,  0.0 hi,  0.1 si,  0.1 st
%Cpu(s):  2.9 us,  2.9 sy,  0.0 ni, 94.1 id,  0.0 wa,  0.0 hi,  0.0 si,  0.1 st
%Cpu(s):  3.2 us,  3.4 sy,  0.0 ni, 93.0 id,  0.1 wa,  0.0 hi,  0.1 si,  0.1 st
