%Cpu(s):  0.8 us,  0.1 sy,  0.0 ni, 99.0 id,  0.0 wa,  0.0 hi,  0.0 si,  0.0 st
%Cpu(s):  3.9 us,  2.5 sy,  0.0 ni, 93.3 id,  0.0 wa,  0.0 hi,  0.0 si,  0.3 st
%Cpu(s):  3.3 us,  2.8 sy,  0.0 ni, 93.9 id,  0.0 wa,  0.0 hi,  0.0 si,  0.1 st
%Cpu(s):  2.9 us,  3.0 sy,  0.0 ni, 93.8 id,  0.0 wa,  0.0 hi,  0.0 si,  0.3 st
%Cpu(s):  3.3 us,  1.7 sy,  0.0 ni, 94.5 id,  0.0 wa,  0.0 hi,  0.1 si,  0.4 st
%Cpu(s):  6.2 us,  2.4 sy,  0.0 ni, 91.1 id,  0.0 wa,  0.0 hi,  0.0 si,  0.3 st
%Cpu(s): 22.3 us,  3.4 sy,  0.0 ni, 74.2 id,  0.0 wa,  0.0 hi,  0.1 si,  0.0 st
%Cpu(s): 88.2 us,  4.9 sy,  0.0 ni,  5.6 id,  0.0 wa,  0.0 hi,  1.2 si,  0.0 st
%Cpu(s): 82.6 us,  4.9 sy,  0.0 ni, 11.5 id,  0.0 wa,  0.0 hi,  1.0 si,  0.0 st
%Cpu(s): 88.5 us,  5.4 sy,  0.0 ni,  5.0 id,  0.0 wa,  0.0 hi,  1.1 si,  0.0 st
%Cpu(s): 89.2 us,  6.7 sy,  0.0 ni,  2.5 id,  0.0 wa,  0.0 hi,  1.5 si,  0.1 st
%Cpu(s): 74.5 us,  4.9 sy,  0.0 ni, 19.5 id,  0.0 wa,  0.0 hi,  1.1 si,  0.0 st
%Cpu(s): 60.2 us,  5.4 sy,  0.0 ni, 33.5 id,  0.0 wa,  0.0 hi,  0.9 si,  0.0 st
%Cpu(s): 46.3 us,  5.1 sy,  0.0 ni, 47.6 id,  0.0 wa,  0.0 hi,  1.0 si,  0.0 st
%Cpu(s): 40.9 us,  5.5 sy,  0.0 ni, 52.3 id,  0.0 wa,  0.0 hi,  1.3 si,  0.0 st
%Cpu(s): 40.1 us,  5.8 sy,  0.0 ni, 53.6 id,  0.0 wa,  0.0 hi,  0.5 si,  0.0 st
%Cpu(s): 17.6 us,  4.9 sy,  0.0 ni, 77.2 id,  0.0 wa,  0.0 hi,  0.3 si,  0.1 st
%Cpu(s): 10.6 us,  6.0 sy,  0.0 ni, 82.9 id,  0.0 wa,  0.0 hi,  0.5 si,  0.0 st
%Cpu(s): 12.2 us,  5.5 sy,  0.0 ni, 81.9 id,  0.0 wa,  0.0 hi,  0.5 si,  0.0 st
%Cpu(s): 11.7 us,  7.2 sy,  0.0 ni, 80.8 id,  0.0 wa,  0.0 hi,  0.4 si,  0.0 st
%Cpu(s): 15.4 us,  5.3 sy,  0.0 ni, 79.2 id,  0.0 wa,  0.0 hi,  0.1 si,  0.0 st
%Cpu(s): 16.6 us,  4.9 sy,  0.0 ni, 78.0 id,  0.0 wa,  0.0 hi,  0.5 si,  0.0 st
%Cpu(s): 11.6 us,  6.1 sy,  0.0 ni, 81.6 id,  0.0 wa,  0.0 hi,  0.5 si,  0.1 st
%Cpu(s):  9.8 us,  6.8 sy,  0.0 ni, 83.1 id,  0.0 wa,  0.0 hi,  0.3 si,  0.0 st
%Cpu(s): 12.0 us,  5.2 sy,  0.0 ni, 82.3 id,  0.0 wa,  0.0 hi,  0.4 si,  0.1 st
%Cpu(s): 14.1 us,  5.9 sy,  0.0 ni, 79.3 id,  0.0 wa,  0.0 hi,  0.5 si,  0.1 st
%Cpu(s): 11.5 us,  5.9 sy,  0.0 ni, 82.0 id,  0.0 wa,  0.0 hi,  0.6 si,  0.0 st
%Cpu(s):  8.8 us,  5.8 sy,  0.0 ni, 84.6 id,  0.0 wa,  0.0 hi,  0.6 si,  0.1 st
%Cpu(s): 11.5 us,  7.4 sy,  0.0 ni, 80.5 id,  0.0 wa,  0.0 hi,  0.6 si,  0.0 st
%Cpu(s): 10.2 us,  5.7 sy,  0.0 ni, 83.3 id,  0.0 wa,  0.0 hi,  0.8 si,  0.0 st
%Cpu(s):  9.6 us,  5.2 sy,  0.0 ni, 84.7 id,  0.0 wa,  0.0 hi,  0.5 si,  0.0 st
%Cpu(s):  9.0 us,  6.6 sy,  0.0 ni, 84.1 id,  0.0 wa,  0.0 hi,  0.3 si,  0.0 st
%Cpu(s):  8.8 us,  5.3 sy,  0.0 ni, 85.5 id,  0.0 wa,  0.0 hi,  0.3 si,  0.1 st
%Cpu(s):  9.2 us,  5.6 sy,  0.0 ni, 84.8 id,  0.0 wa,  0.0 hi,  0.3 si,  0.1 st
%Cpu(s):  8.7 us,  6.0 sy,  0.0 ni, 84.7 id,  0.0 wa,  0.0 hi,  0.5 si,  0.0 st
%Cpu(s):  9.7 us,  6.0 sy,  0.0 ni, 83.5 id,  0.0 wa,  0.0 hi,  0.9 si,  0.0 st
%Cpu(s): 13.0 us,  6.4 sy,  0.0 ni, 80.4 id,  0.0 wa,  0.0 hi,  0.3 si,  0.0 st
%Cpu(s): 21.6 us,  5.6 sy,  0.0 ni, 71.9 id,  0.0 wa,  0.0 hi,  0.9 si,  0.0 st
%Cpu(s): 13.9 us,  6.4 sy,  0.0 ni, 78.5 id,  0.0 wa,  0.0 hi,  1.1 si,  0.0 st
%Cpu(s): 11.4 us,  5.4 sy,  0.0 ni, 82.5 id,  0.0 wa,  0.0 hi,  0.6 si,  0.1 st
%Cpu(s): 11.4 us,  6.6 sy,  0.0 ni, 81.4 id,  0.1 wa,  0.0 hi,  0.5 si,  0.0 st
%Cpu(s): 18.1 us,  5.3 sy,  0.0 ni, 75.8 id,  0.0 wa,  0.0 hi,  0.6 si,  0.1 st
%Cpu(s): 14.1 us,  6.4 sy,  0.0 ni, 78.9 id,  0.0 wa,  0.0 hi,  0.6 si,  0.0 st
%Cpu(s): 11.7 us,  6.3 sy,  0.0 ni, 81.5 id,  0.0 wa,  0.0 hi,  0.5 si,  0.0 st
%Cpu(s): 10.8 us,  6.2 sy,  0.0 ni, 82.6 id,  0.0 wa,  0.0 hi,  0.5 si,  0.0 st
%Cpu(s): 11.7 us,  6.3 sy,  0.0 ni, 81.6 id,  0.0 wa,  0.0 hi,  0.3 si,  0.1 st
%Cpu(s): 10.6 us,  7.2 sy,  0.0 ni, 81.7 id,  0.0 wa,  0.0 hi,  0.4 si,  0.0 st
%Cpu(s):  9.2 us,  6.4 sy,  0.0 ni, 83.7 id,  0.0 wa,  0.0 hi,  0.6 si,  0.0 st
%Cpu(s):  9.3 us,  6.2 sy,  0.0 ni, 84.3 id,  0.0 wa,  0.0 hi,  0.3 si,  0.0 st
%Cpu(s):  9.4 us,  6.0 sy,  0.0 ni, 84.0 id,  0.0 wa,  0.0 hi,  0.5 si,  0.1 st
%Cpu(s):  8.9 us,  5.8 sy,  0.0 ni, 85.1 id,  0.0 wa,  0.0 hi,  0.3 si,  0.0 st
%Cpu(s): 10.0 us,  6.4 sy,  0.0 ni, 83.1 id,  0.0 wa,  0.0 hi,  0.5 si,  0.0 st
%Cpu(s):  8.9 us,  4.6 sy,  0.0 ni, 85.8 id,  0.0 wa,  0.0 hi,  0.7 si,  0.0 st
%Cpu(s):  8.1 us,  6.1 sy,  0.0 ni, 85.1 id,  0.0 wa,  0.0 hi,  0.5 si,  0.1 st
%Cpu(s):  8.3 us,  5.4 sy,  0.0 ni, 85.8 id,  0.0 wa,  0.0 hi,  0.5 si,  0.0 st
%Cpu(s): 10.5 us,  5.5 sy,  0.0 ni, 83.3 id,  0.0 wa,  0.0 hi,  0.6 si,  0.1 st
%Cpu(s): 10.0 us,  6.0 sy,  0.0 ni, 83.3 id,  0.0 wa,  0.0 hi,  0.6 si,  0.0 st
%Cpu(s):  9.2 us,  6.4 sy,  0.0 ni, 84.0 id,  0.0 wa,  0.0 hi,  0.4 si,  0.0 st
%Cpu(s):  7.8 us,  4.9 sy,  0.0 ni, 86.8 id,  0.0 wa,  0.0 hi,  0.5 si,  0.0 st
%Cpu(s):  9.6 us,  6.0 sy,  0.0 ni, 83.9 id,  0.0 wa,  0.0 hi,  0.5 si,  0.0 st
%Cpu(s):  7.2 us,  6.3 sy,  0.0 ni, 85.9 id,  0.0 wa,  0.0 hi,  0.4 si,  0.1 st
%Cpu(s):  8.6 us,  5.8 sy,  0.0 ni, 85.1 id,  0.0 wa,  0.0 hi,  0.5 si,  0.0 st
%Cpu(s): 10.8 us,  5.9 sy,  0.0 ni, 82.9 id,  0.0 wa,  0.0 hi,  0.4 si,  0.0 st
%Cpu(s): 10.3 us,  7.1 sy,  0.0 ni, 82.3 id,  0.0 wa,  0.0 hi,  0.4 si,  0.0 st
%Cpu(s):  9.8 us,  6.2 sy,  0.0 ni, 83.6 id,  0.0 wa,  0.0 hi,  0.3 si,  0.1 st
%Cpu(s):  9.1 us,  6.0 sy,  0.0 ni, 84.4 id,  0.1 wa,  0.0 hi,  0.4 si,  0.0 st
%Cpu(s): 25.6 us,  6.0 sy,  0.0 ni, 67.4 id,  0.0 wa,  0.0 hi,  0.9 si,  0.0 st
%Cpu(s): 34.4 us,  6.1 sy,  0.0 ni, 58.9 id,  0.0 wa,  0.0 hi,  0.6 si,  0.0 st
%Cpu(s): 14.2 us,  5.0 sy,  0.0 ni, 80.0 id,  0.0 wa,  0.0 hi,  0.8 si,  0.0 st
%Cpu(s): 12.2 us,  6.2 sy,  0.0 ni, 81.3 id,  0.0 wa,  0.0 hi,  0.3 si,  0.1 st
%Cpu(s): 13.8 us,  5.2 sy,  0.0 ni, 80.2 id,  0.0 wa,  0.0 hi,  0.6 si,  0.1 st
