%Cpu(s):  1.5 us,  0.3 sy,  0.0 ni, 98.2 id,  0.0 wa,  0.0 hi,  0.0 si,  0.0 st
%Cpu(s):  5.0 us,  1.5 sy,  0.0 ni, 93.4 id,  0.0 wa,  0.0 hi,  0.0 si,  0.1 st
%Cpu(s): 82.8 us,  4.6 sy,  0.0 ni, 12.4 id,  0.0 wa,  0.0 hi,  0.1 si,  0.0 st
%Cpu(s): 76.0 us,  3.2 sy,  0.0 ni, 20.8 id,  0.0 wa,  0.0 hi,  0.0 si,  0.0 st
%Cpu(s): 90.8 us,  2.8 sy,  0.0 ni,  6.4 id,  0.0 wa,  0.0 hi,  0.0 si,  0.0 st
%Cpu(s): 94.1 us,  3.5 sy,  0.0 ni,  2.4 id,  0.0 wa,  0.0 hi,  0.0 si,  0.0 st
%Cpu(s): 87.0 us,  2.8 sy,  0.0 ni, 10.0 id,  0.0 wa,  0.0 hi,  0.2 si,  0.0 st
%Cpu(s): 17.0 us,  2.4 sy,  0.0 ni, 80.1 id,  0.0 wa,  0.0 hi,  0.1 si,  0.4 st
%Cpu(s):  9.8 us,  2.8 sy,  0.0 ni, 87.2 id,  0.0 wa,  0.0 hi,  0.0 si,  0.1 st
%Cpu(s):  5.1 us,  3.6 sy,  0.0 ni, 91.0 id,  0.0 wa,  0.0 hi,  0.1 si,  0.1 st
%Cpu(s):  9.2 us,  2.3 sy,  0.0 ni, 88.2 id,  0.0 wa,  0.0 hi,  0.0 si,  0.4 st
%Cpu(s): 12.3 us,  2.0 sy,  0.0 ni, 85.5 id,  0.0 wa,  0.0 hi,  0.1 si,  0.1 st
%Cpu(s): 11.7 us,  2.0 sy,  0.0 ni, 86.1 id,  0.0 wa,  0.0 hi,  0.0 si,  0.1 st
%Cpu(s):  5.9 us,  2.9 sy,  0.0 ni, 91.1 id,  0.0 wa,  0.0 hi,  0.0 si,  0.1 st
%Cpu(s):  3.2 us,  4.2 sy,  0.0 ni, 92.7 id,  0.0 wa,  0.0 hi,  0.0 si,  0.0 st
%Cpu(s):  7.9 us,  3.1 sy,  0.0 ni, 88.9 id,  0.0 wa,  0.0 hi,  0.0 si,  0.1 st
%Cpu(s): 25.3 us,  5.9 sy,  0.0 ni, 68.8 id,  0.0 wa,  0.0 hi,  0.1 si,  0.0 st
%Cpu(s): 80.5 us,  6.6 sy,  0.0 ni, 11.3 id,  0.0 wa,  0.0 hi,  1.6 si,  0.0 st
%Cpu(s): 88.1 us,  9.0 sy,  0.0 ni,  1.0 id,  0.0 wa,  0.0 hi,  2.0 si,  0.0 st
%Cpu(s): 87.5 us,  8.7 sy,  0.0 ni,  1.5 id,  0.0 wa,  0.0 hi,  2.4 si,  0.0 st
%Cpu(s): 83.8 us, 10.6 sy,  0.0 ni,  2.8 id,  0.0 wa,  0.0 hi,  2.9 si,  0.0 st
%Cpu(s): 84.3 us,  8.9 sy,  0.0 ni,  4.3 id,  0.0 wa,  0.0 hi,  2.5 si,  0.0 st
%Cpu(s): 70.5 us,  9.4 sy,  0.0 ni, 17.4 id,  0.0 wa,  0.0 hi,  2.7 si,  0.0 st
%Cpu(s): 53.1 us,  8.5 sy,  0.0 ni, 36.4 id,  0.0 wa,  0.0 hi,  1.9 si,  0.0 st
%Cpu(s): 41.9 us,  6.6 sy,  0.0 ni, 50.0 id,  0.0 wa,  0.0 hi,  1.4 si,  0.1 st
%Cpu(s): 42.0 us,  8.6 sy,  0.0 ni, 48.0 id,  0.0 wa,  0.0 hi,  1.4 si,  0.0 st
%Cpu(s): 54.3 us,  8.1 sy,  0.0 ni, 35.4 id,  0.0 wa,  0.0 hi,  2.3 si,  0.0 st
%Cpu(s): 44.6 us,  8.5 sy,  0.0 ni, 44.7 id,  0.0 wa,  0.0 hi,  2.2 si,  0.0 st
%Cpu(s): 17.5 us,  8.4 sy,  0.0 ni, 73.0 id,  0.0 wa,  0.0 hi,  1.1 si,  0.0 st
%Cpu(s): 21.6 us,  9.3 sy,  0.0 ni, 67.4 id,  0.0 wa,  0.0 hi,  1.6 si,  0.0 st
%Cpu(s): 35.9 us,  8.5 sy,  0.0 ni, 53.9 id,  0.1 wa,  0.0 hi,  1.7 si,  0.0 st
%Cpu(s): 35.6 us,  7.7 sy,  0.0 ni, 54.5 id,  0.0 wa,  0.0 hi,  2.1 si,  0.0 st
%Cpu(s): 21.7 us,  8.0 sy,  0.0 ni, 69.6 id,  0.0 wa,  0.0 hi,  0.6 si,  0.0 st
%Cpu(s): 13.1 us,  7.5 sy,  0.0 ni, 78.1 id,  0.0 wa,  0.0 hi,  1.2 si,  0.1 st
%Cpu(s): 16.8 us,  7.4 sy,  0.0 ni, 74.8 id,  0.0 wa,  0.0 hi,  1.0 si,  0.0 st
%Cpu(s): 16.2 us,  8.2 sy,  0.0 ni, 74.1 id,  0.0 wa,  0.0 hi,  1.4 si,  0.0 st
%Cpu(s): 14.1 us,  7.8 sy,  0.0 ni, 76.9 id,  0.0 wa,  0.0 hi,  1.2 si,  0.0 st
%Cpu(s): 13.4 us,  8.0 sy,  0.0 ni, 77.2 id,  0.0 wa,  0.0 hi,  1.4 si,  0.0 st
%Cpu(s): 14.8 us,  7.4 sy,  0.0 ni, 75.9 id,  0.0 wa,  0.0 hi,  1.8 si,  0.1 st
%Cpu(s): 13.0 us,  7.1 sy,  0.0 ni, 78.2 id,  0.0 wa,  0.0 hi,  1.7 si,  0.0 st
%Cpu(s): 13.4 us,  7.2 sy,  0.0 ni, 77.5 id,  0.0 wa,  0.0 hi,  1.8 si,  0.1 st
%Cpu(s): 13.9 us,  6.7 sy,  0.0 ni, 77.2 id,  0.0 wa,  0.0 hi,  2.2 si,  0.0 st
%Cpu(s): 14.5 us,  7.3 sy,  0.0 ni, 76.5 id,  0.0 wa,  0.0 hi,  1.7 si,  0.0 st
%Cpu(s): 12.7 us,  7.9 sy,  0.0 ni, 77.6 id,  0.0 wa,  0.0 hi,  1.8 si,  0.0 st
%Cpu(s): 13.4 us,  7.8 sy,  0.0 ni, 76.9 id,  0.0 wa,  0.0 hi,  1.9 si,  0.0 st
%Cpu(s): 14.2 us,  8.0 sy,  0.0 ni, 76.0 id,  0.0 wa,  0.0 hi,  1.8 si,  0.0 st
%Cpu(s): 15.9 us,  6.8 sy,  0.0 ni, 75.6 id,  0.0 wa,  0.0 hi,  1.7 si,  0.0 st
%Cpu(s): 23.0 us,  8.6 sy,  0.0 ni, 66.2 id,  0.0 wa,  0.0 hi,  2.3 si,  0.0 st
%Cpu(s): 27.3 us,  8.4 sy,  0.0 ni, 62.5 id,  0.0 wa,  0.0 hi,  1.8 si,  0.0 st
%Cpu(s): 15.9 us,  8.4 sy,  0.0 ni, 74.3 id,  0.0 wa,  0.0 hi,  1.4 si,  0.0 st
%Cpu(s): 19.8 us,  6.0 sy,  0.0 ni, 73.1 id,  0.0 wa,  0.0 hi,  0.9 si,  0.1 st
%Cpu(s): 19.9 us,  8.3 sy,  0.0 ni, 70.2 id,  0.0 wa,  0.0 hi,  1.7 si,  0.0 st
%Cpu(s): 15.5 us,  7.7 sy,  0.0 ni, 75.4 id,  0.0 wa,  0.0 hi,  1.4 si,  0.0 st
%Cpu(s): 17.2 us,  7.4 sy,  0.0 ni, 74.2 id,  0.0 wa,  0.0 hi,  1.1 si,  0.0 st
%Cpu(s): 12.1 us,  7.8 sy,  0.0 ni, 78.4 id,  0.0 wa,  0.0 hi,  1.7 si,  0.0 st
%Cpu(s): 13.6 us,  8.6 sy,  0.0 ni, 76.5 id,  0.0 wa,  0.0 hi,  1.3 si,  0.0 st
%Cpu(s): 14.0 us,  8.7 sy,  0.0 ni, 75.4 id,  0.0 wa,  0.0 hi,  1.8 si,  0.1 st
%Cpu(s): 16.2 us,  8.5 sy,  0.0 ni, 72.9 id,  0.0 wa,  0.0 hi,  2.4 si,  0.0 st
%Cpu(s): 13.4 us,  8.4 sy,  0.0 ni, 76.1 id,  0.0 wa,  0.0 hi,  2.1 si,  0.0 st
%Cpu(s): 14.7 us,  8.3 sy,  0.0 ni, 75.3 id,  0.0 wa,  0.0 hi,  1.8 si,  0.0 st
%Cpu(s): 15.6 us,  8.5 sy,  0.0 ni, 74.7 id,  0.0 wa,  0.0 hi,  1.1 si,  0.0 st
%Cpu(s): 16.9 us,  8.3 sy,  0.0 ni, 72.7 id,  0.0 wa,  0.0 hi,  2.1 si,  0.0 st
%Cpu(s): 14.8 us,  8.2 sy,  0.0 ni, 74.8 id,  0.0 wa,  0.0 hi,  2.2 si,  0.0 st
%Cpu(s): 14.8 us,  9.1 sy,  0.0 ni, 73.7 id,  0.0 wa,  0.0 hi,  2.4 si,  0.0 st
%Cpu(s): 14.6 us,  7.4 sy,  0.0 ni, 76.0 id,  0.0 wa,  0.0 hi,  2.0 si,  0.0 st
%Cpu(s): 14.2 us,  7.3 sy,  0.0 ni, 76.6 id,  0.0 wa,  0.0 hi,  1.9 si,  0.0 st
%Cpu(s): 15.3 us,  7.3 sy,  0.0 ni, 75.7 id,  0.0 wa,  0.0 hi,  1.7 si,  0.1 st
%Cpu(s): 13.9 us,  7.0 sy,  0.0 ni, 77.5 id,  0.0 wa,  0.0 hi,  1.5 si,  0.1 st
%Cpu(s):  8.5 us,  5.5 sy,  0.0 ni, 85.0 id,  0.0 wa,  0.0 hi,  1.0 si,  0.0 st
%Cpu(s):  8.1 us,  4.3 sy,  0.0 ni, 86.8 id,  0.0 wa,  0.0 hi,  0.8 si,  0.0 st
%Cpu(s):  6.6 us,  4.3 sy,  0.0 ni, 88.6 id,  0.1 wa,  0.0 hi,  0.4 si,  0.0 st
%Cpu(s):  4.6 us,  4.1 sy,  0.0 ni, 90.7 id,  0.0 wa,  0.0 hi,  0.6 si,  0.0 st
%Cpu(s): 11.4 us,  4.3 sy,  0.0 ni, 83.7 id,  0.0 wa,  0.0 hi,  0.5 si,  0.1 st
