%Cpu(s):  1.4 us,  0.7 sy,  0.0 ni, 97.7 id,  0.0 wa,  0.0 hi,  0.1 si,  0.1 st
%Cpu(s): 18.8 us,  0.9 sy,  0.0 ni, 80.4 id,  0.0 wa,  0.0 hi,  0.0 si,  0.0 st
%Cpu(s):  0.5 us,  0.1 sy,  0.0 ni, 99.4 id,  0.0 wa,  0.0 hi,  0.0 si,  0.0 st
%Cpu(s):  0.0 us,  0.1 sy,  0.0 ni, 99.9 id,  0.0 wa,  0.0 hi,  0.0 si,  0.0 st
%Cpu(s): 32.0 us,  2.5 sy,  0.0 ni, 65.4 id,  0.0 wa,  0.0 hi,  0.0 si,  0.1 st
%Cpu(s): 49.6 us,  1.6 sy,  0.0 ni, 48.7 id,  0.0 wa,  0.0 hi,  0.0 si,  0.1 st
%Cpu(s): 70.5 us,  2.4 sy,  0.0 ni, 26.9 id,  0.0 wa,  0.0 hi,  0.1 si,  0.1 st
%Cpu(s): 59.5 us,  1.4 sy,  0.0 ni, 39.1 id,  0.0 wa,  0.0 hi,  0.0 si,  0.0 st
%Cpu(s): 47.7 us,  3.2 sy,  0.0 ni, 48.3 id,  0.0 wa,  0.0 hi,  0.8 si,  0.1 st
%Cpu(s): 56.5 us,  3.9 sy,  0.0 ni, 37.9 id,  0.0 wa,  0.0 hi,  1.6 si,  0.0 st
%Cpu(s): 33.4 us,  4.1 sy,  0.0 ni, 60.4 id,  0.0 wa,  0.0 hi,  2.1 si,  0.0 st
%Cpu(s): 29.4 us,  5.5 sy,  0.0 ni, 63.6 id,  0.0 wa,  0.0 hi,  1.4 si,  0.0 st
%Cpu(s): 12.5 us,  5.8 sy,  0.0 ni, 79.4 id,  0.0 wa,  0.0 hi,  2.1 si,  0.1 st
%Cpu(s): 10.2 us,  4.4 sy,  0.0 ni, 84.1 id,  0.0 wa,  0.0 hi,  1.2 si,  0.1 st
%Cpu(s): 10.5 us,  5.1 sy,  0.0 ni, 82.9 id,  0.1 wa,  0.0 hi,  1.3 si,  0.0 st
%Cpu(s): 13.5 us,  4.7 sy,  0.0 ni, 79.7 id,  0.0 wa,  0.0 hi,  2.0 si,  0.0 st
%Cpu(s): 20.6 us,  6.3 sy,  0.0 ni, 71.6 id,  0.0 wa,  0.0 hi,  1.5 si,  0.0 st
%Cpu(s):  8.4 us,  5.6 sy,  0.0 ni, 84.5 id,  0.0 wa,  0.0 hi,  1.5 si,  0.0 st
%Cpu(s):  8.7 us,  5.4 sy,  0.0 ni, 82.4 id,  1.9 wa,  0.0 hi,  1.5 si,  0.1 st
%Cpu(s):  9.2 us,  5.4 sy,  0.0 ni, 84.4 id,  0.0 wa,  0.0 hi,  1.0 si,  0.0 st
%Cpu(s): 11.4 us,  5.9 sy,  0.0 ni, 81.2 id,  0.0 wa,  0.0 hi,  1.5 si,  0.0 st
%Cpu(s): 20.2 us,  5.3 sy,  0.0 ni, 72.8 id,  0.0 wa,  0.0 hi,  1.8 si,  0.0 st
%Cpu(s):  8.7 us,  4.8 sy,  0.0 ni, 84.8 id,  0.0 wa,  0.0 hi,  1.5 si,  0.1 st
%Cpu(s):  8.7 us,  3.9 sy,  0.0 ni, 85.5 id,  0.0 wa,  0.0 hi,  1.9 si,  0.0 st
%Cpu(s):  7.9 us,  4.3 sy,  0.0 ni, 86.2 id,  0.0 wa,  0.0 hi,  1.5 si,  0.0 st
%Cpu(s): 11.6 us,  5.6 sy,  0.0 ni, 81.1 id,  0.0 wa,  0.0 hi,  1.7 si,  0.0 st
%Cpu(s): 20.4 us,  5.4 sy,  0.0 ni, 72.5 id,  0.0 wa,  0.0 hi,  1.7 si,  0.0 st
%Cpu(s):  7.7 us,  4.6 sy,  0.0 ni, 85.8 id,  0.0 wa,  0.0 hi,  1.9 si,  0.0 st
%Cpu(s):  8.0 us,  3.7 sy,  0.0 ni, 85.9 id,  0.0 wa,  0.0 hi,  2.5 si,  0.0 st
%Cpu(s):  8.9 us,  4.7 sy,  0.0 ni, 84.3 id,  0.0 wa,  0.0 hi,  1.9 si,  0.3 st
%Cpu(s): 12.0 us,  5.7 sy,  0.0 ni, 80.5 id,  0.0 wa,  0.0 hi,  1.9 si,  0.0 st
%Cpu(s): 19.7 us,  4.7 sy,  0.0 ni, 74.3 id,  0.0 wa,  0.0 hi,  1.4 si,  0.0 st
%Cpu(s):  7.5 us,  5.8 sy,  0.0 ni, 84.6 id,  0.0 wa,  0.0 hi,  2.0 si,  0.1 st
%Cpu(s):  7.0 us,  4.7 sy,  0.0 ni, 86.7 id,  0.0 wa,  0.0 hi,  1.6 si,  0.0 st
%Cpu(s):  7.8 us,  5.0 sy,  0.0 ni, 85.5 id,  0.1 wa,  0.0 hi,  1.5 si,  0.0 st
%Cpu(s): 11.3 us,  5.4 sy,  0.0 ni, 81.7 id,  0.0 wa,  0.0 hi,  1.5 si,  0.1 st
%Cpu(s): 19.3 us,  4.8 sy,  0.0 ni, 74.0 id,  0.0 wa,  0.0 hi,  1.8 si,  0.0 st
%Cpu(s):  9.0 us,  5.3 sy,  0.0 ni, 83.8 id,  0.0 wa,  0.0 hi,  1.9 si,  0.0 st
%Cpu(s): 10.1 us,  5.4 sy,  0.0 ni, 82.8 id,  0.0 wa,  0.0 hi,  1.6 si,  0.1 st
%Cpu(s):  8.1 us,  3.9 sy,  0.0 ni, 86.2 id,  0.0 wa,  0.0 hi,  1.9 si,  0.0 st
%Cpu(s):  9.2 us,  5.6 sy,  0.0 ni, 83.8 id,  0.0 wa,  0.0 hi,  1.4 si,  0.0 st
%Cpu(s): 20.5 us,  5.8 sy,  0.0 ni, 72.0 id,  0.0 wa,  0.0 hi,  1.8 si,  0.0 st
%Cpu(s): 12.4 us,  5.0 sy,  0.0 ni, 81.2 id,  0.0 wa,  0.0 hi,  1.4 si,  0.0 st
%Cpu(s):  7.7 us,  5.1 sy,  0.0 ni, 85.1 id,  0.0 wa,  0.0 hi,  2.0 si,  0.1 st
%Cpu(s):  8.1 us,  4.9 sy,  0.0 ni, 85.4 id,  0.0 wa,  0.0 hi,  1.5 si,  0.0 st
%Cpu(s):  8.7 us,  4.5 sy,  0.0 ni, 85.0 id,  0.0 wa,  0.0 hi,  1.8 si,  0.0 st
%Cpu(s): 19.3 us,  5.2 sy,  0.0 ni, 73.6 id,  0.0 wa,  0.0 hi,  1.8 si,  0.0 st
%Cpu(s): 12.2 us,  4.7 sy,  0.0 ni, 81.4 id,  0.0 wa,  0.0 hi,  1.5 si,  0.1 st
%Cpu(s):  6.1 us,  4.4 sy,  0.0 ni, 87.6 id,  0.0 wa,  0.0 hi,  1.7 si,  0.1 st
%Cpu(s):  8.5 us,  4.9 sy,  0.0 ni, 84.7 id,  0.0 wa,  0.0 hi,  1.9 si,  0.0 st
%Cpu(s):  8.6 us,  5.8 sy,  0.0 ni, 83.8 id,  0.0 wa,  0.0 hi,  1.8 si,  0.0 st
%Cpu(s): 20.3 us,  6.4 sy,  0.0 ni, 71.7 id,  0.0 wa,  0.0 hi,  1.6 si,  0.0 st
%Cpu(s): 10.1 us,  5.8 sy,  0.0 ni, 82.2 id,  0.0 wa,  0.0 hi,  1.8 si,  0.1 st
%Cpu(s):  7.9 us,  4.9 sy,  0.0 ni, 85.1 id,  0.0 wa,  0.0 hi,  2.1 si,  0.0 st
%Cpu(s):  8.0 us,  5.6 sy,  0.0 ni, 84.9 id,  0.0 wa,  0.0 hi,  1.4 si,  0.0 st
%Cpu(s): 10.1 us,  4.6 sy,  0.0 ni, 83.6 id,  0.0 wa,  0.0 hi,  1.5 si,  0.1 st
%Cpu(s): 18.7 us,  5.1 sy,  0.0 ni, 74.4 id,  0.0 wa,  0.0 hi,  1.8 si,  0.0 st
%Cpu(s): 12.1 us,  6.1 sy,  0.0 ni, 79.9 id,  0.0 wa,  0.0 hi,  1.9 si,  0.0 st
%Cpu(s):  7.2 us,  5.4 sy,  0.0 ni, 85.9 id,  0.0 wa,  0.0 hi,  1.4 si,  0.0 st
%Cpu(s): 13.4 us,  4.1 sy,  0.0 ni, 80.5 id,  0.0 wa,  0.0 hi,  1.9 si,  0.1 st
%Cpu(s):  6.8 us,  5.1 sy,  0.0 ni, 85.8 id,  0.0 wa,  0.0 hi,  2.2 si,  0.1 st
%Cpu(s): 21.1 us,  5.2 sy,  0.0 ni, 71.9 id,  0.0 wa,  0.0 hi,  1.7 si,  0.0 st
%Cpu(s): 15.5 us,  6.7 sy,  0.0 ni, 75.9 id,  0.0 wa,  0.0 hi,  2.0 si,  0.0 st
%Cpu(s):  7.5 us,  4.7 sy,  0.0 ni, 86.5 id,  0.0 wa,  0.0 hi,  1.3 si,  0.0 st
%Cpu(s):  8.4 us,  4.4 sy,  0.0 ni, 84.9 id,  0.1 wa,  0.0 hi,  2.2 si,  0.0 st
%Cpu(s): 13.7 us,  4.4 sy,  0.0 ni, 79.0 id,  0.0 wa,  0.0 hi,  2.9 si,  0.0 st
%Cpu(s): 20.6 us,  5.3 sy,  0.0 ni, 72.6 id,  0.0 wa,  0.0 hi,  1.4 si,  0.1 st
%Cpu(s): 20.0 us,  5.0 sy,  0.0 ni, 73.1 id,  0.0 wa,  0.0 hi,  1.9 si,  0.0 st
%Cpu(s): 15.7 us,  4.4 sy,  0.0 ni, 77.8 id,  0.0 wa,  0.0 hi,  1.9 si,  0.1 st
%Cpu(s):  8.5 us,  3.7 sy,  0.0 ni, 86.3 id,  0.0 wa,  0.0 hi,  1.5 si,  0.0 st
%Cpu(s): 13.9 us,  3.8 sy,  0.0 ni, 81.1 id,  0.0 wa,  0.0 hi,  1.3 si,  0.0 st
