%Cpu(s): 10.0 us,  1.6 sy,  0.0 ni, 88.2 id,  0.0 wa,  0.0 hi,  0.2 si,  0.0 st
%Cpu(s):  3.9 us,  3.7 sy,  0.0 ni, 92.3 id,  0.0 wa,  0.0 hi,  0.0 si,  0.1 st
%Cpu(s):  3.2 us,  2.5 sy,  0.0 ni, 93.9 id,  0.0 wa,  0.0 hi,  0.1 si,  0.2 st
%Cpu(s):  2.9 us,  2.0 sy,  0.0 ni, 95.0 id,  0.0 wa,  0.0 hi,  0.0 si,  0.1 st
%Cpu(s):  4.2 us,  4.0 sy,  0.0 ni, 91.5 id,  0.0 wa,  0.0 hi,  0.0 si,  0.2 st
%Cpu(s): 22.5 us,  2.5 sy,  0.0 ni, 74.5 id,  0.1 wa,  0.0 hi,  0.3 si,  0.1 st
%Cpu(s): 68.9 us,  4.6 sy,  0.0 ni, 25.6 id,  0.0 wa,  0.0 hi,  0.9 si,  0.0 st
%Cpu(s): 88.7 us,  7.6 sy,  0.0 ni,  1.6 id,  0.0 wa,  0.0 hi,  2.1 si,  0.0 st
%Cpu(s): 87.2 us, 10.3 sy,  0.0 ni,  0.0 id,  0.0 wa,  0.0 hi,  2.5 si,  0.0 st
%Cpu(s): 89.2 us,  8.9 sy,  0.0 ni,  0.2 id,  0.0 wa,  0.0 hi,  1.7 si,  0.0 st
%Cpu(s): 88.2 us,  9.3 sy,  0.0 ni,  0.1 id,  0.0 wa,  0.0 hi,  2.4 si,  0.0 st
%Cpu(s): 87.3 us,  8.9 sy,  0.0 ni,  1.5 id,  0.0 wa,  0.0 hi,  2.4 si,  0.0 st
%Cpu(s): 89.3 us,  8.0 sy,  0.0 ni,  1.2 id,  0.0 wa,  0.0 hi,  1.5 si,  0.0 st
%Cpu(s): 87.0 us,  8.1 sy,  0.0 ni,  2.0 id,  0.0 wa,  0.0 hi,  2.9 si,  0.0 st
%Cpu(s): 70.6 us,  8.1 sy,  0.0 ni, 19.9 id,  0.0 wa,  0.0 hi,  1.4 si,  0.0 st
%Cpu(s): 53.3 us,  6.3 sy,  0.0 ni, 38.0 id,  0.0 wa,  0.0 hi,  2.3 si,  0.1 st
%Cpu(s): 23.7 us,  7.6 sy,  0.0 ni, 67.7 id,  0.0 wa,  0.0 hi,  1.0 si,  0.0 st
%Cpu(s): 19.8 us,  7.3 sy,  0.0 ni, 71.8 id,  0.0 wa,  0.0 hi,  1.1 si,  0.0 st
%Cpu(s): 20.3 us,  7.1 sy,  0.0 ni, 71.0 id,  0.0 wa,  0.0 hi,  1.6 si,  0.0 st
%Cpu(s): 15.0 us,  6.9 sy,  0.0 ni, 77.0 id,  0.0 wa,  0.0 hi,  1.1 si,  0.0 st
%Cpu(s): 13.3 us,  6.8 sy,  0.0 ni, 78.4 id,  0.0 wa,  0.0 hi,  1.4 si,  0.1 st
%Cpu(s): 12.8 us,  6.4 sy,  0.0 ni, 79.4 id,  0.0 wa,  0.0 hi,  1.4 si,  0.0 st
%Cpu(s): 29.6 us,  7.6 sy,  0.0 ni, 61.1 id,  0.0 wa,  0.0 hi,  1.7 si,  0.0 st
%Cpu(s): 12.5 us,  6.9 sy,  0.0 ni, 78.8 id,  0.0 wa,  0.0 hi,  1.8 si,  0.0 st
%Cpu(s): 11.0 us,  6.8 sy,  0.0 ni, 80.4 id,  0.0 wa,  0.0 hi,  1.8 si,  0.0 st
%Cpu(s): 12.9 us,  7.9 sy,  0.0 ni, 78.2 id,  0.0 wa,  0.0 hi,  1.0 si,  0.0 st
%Cpu(s): 12.0 us,  7.1 sy,  0.0 ni, 79.9 id,  0.0 wa,  0.0 hi,  1.0 si,  0.0 st
%Cpu(s): 12.0 us,  6.9 sy,  0.0 ni, 79.5 id,  0.0 wa,  0.0 hi,  1.4 si,  0.1 st
%Cpu(s): 15.6 us,  7.1 sy,  0.0 ni, 75.9 id,  0.0 wa,  0.0 hi,  1.4 si,  0.0 st
%Cpu(s): 10.8 us,  6.3 sy,  0.0 ni, 81.9 id,  0.0 wa,  0.0 hi,  1.0 si,  0.0 st
%Cpu(s): 11.6 us,  6.2 sy,  0.0 ni, 80.7 id,  0.0 wa,  0.0 hi,  1.5 si,  0.0 st
%Cpu(s):  9.5 us,  5.3 sy,  0.0 ni, 83.9 id,  0.0 wa,  0.0 hi,  1.3 si,  0.0 st
%Cpu(s): 12.3 us,  7.2 sy,  0.0 ni, 79.3 id,  0.0 wa,  0.0 hi,  1.3 si,  0.0 st
%Cpu(s): 12.5 us,  6.6 sy,  0.0 ni, 79.6 id,  0.0 wa,  0.0 hi,  1.2 si,  0.1 st
%Cpu(s): 11.4 us,  6.9 sy,  0.0 ni, 80.6 id,  0.0 wa,  0.0 hi,  1.0 si,  0.0 st
%Cpu(s): 12.9 us,  6.6 sy,  0.0 ni, 79.6 id,  0.0 wa,  0.0 hi,  0.8 si,  0.1 st
%Cpu(s): 18.0 us,  6.3 sy,  0.0 ni, 74.1 id,  0.0 wa,  0.0 hi,  1.6 si,  0.0 st
%Cpu(s): 24.0 us,  6.5 sy,  0.0 ni, 68.6 id,  0.0 wa,  0.0 hi,  1.0 si,  0.0 st
%Cpu(s): 13.7 us,  6.1 sy,  0.0 ni, 79.2 id,  0.0 wa,  0.0 hi,  1.0 si,  0.0 st
%Cpu(s): 15.5 us,  6.6 sy,  0.0 ni, 76.6 id,  0.0 wa,  0.0 hi,  1.3 si,  0.0 st
%Cpu(s): 17.0 us,  7.5 sy,  0.0 ni, 74.0 id,  0.0 wa,  0.0 hi,  1.5 si,  0.0 st
%Cpu(s): 12.0 us,  6.6 sy,  0.0 ni, 79.4 id,  0.0 wa,  0.0 hi,  1.9 si,  0.1 st
%Cpu(s): 13.1 us,  7.0 sy,  0.0 ni, 78.7 id,  0.0 wa,  0.0 hi,  1.3 si,  0.0 st
%Cpu(s): 10.4 us,  6.1 sy,  0.0 ni, 81.8 id,  0.0 wa,  0.0 hi,  1.7 si,  0.0 st
%Cpu(s): 11.7 us,  5.9 sy,  0.0 ni, 81.3 id,  0.0 wa,  0.0 hi,  1.0 si,  0.0 st
%Cpu(s): 10.6 us,  6.0 sy,  0.0 ni, 82.2 id,  0.0 wa,  0.0 hi,  1.2 si,  0.0 st
%Cpu(s): 10.8 us,  5.5 sy,  0.0 ni, 82.3 id,  0.0 wa,  0.0 hi,  1.4 si,  0.0 st
%Cpu(s): 10.9 us,  6.6 sy,  0.0 ni, 80.7 id,  0.0 wa,  0.0 hi,  1.8 si,  0.1 st
%Cpu(s): 13.5 us,  5.9 sy,  0.0 ni, 79.0 id,  0.0 wa,  0.0 hi,  1.6 si,  0.0 st
%Cpu(s): 11.2 us,  7.9 sy,  0.0 ni, 80.0 id,  0.0 wa,  0.0 hi,  0.9 si,  0.0 st
%Cpu(s): 11.6 us,  6.4 sy,  0.0 ni, 80.5 id,  0.1 wa,  0.0 hi,  1.3 si,  0.0 st
%Cpu(s): 12.0 us,  8.5 sy,  0.0 ni, 78.5 id,  0.0 wa,  0.0 hi,  1.0 si,  0.0 st
%Cpu(s): 10.5 us,  7.6 sy,  0.0 ni, 80.5 id,  0.0 wa,  0.0 hi,  1.5 si,  0.0 st
%Cpu(s): 10.9 us,  6.0 sy,  0.0 ni, 82.3 id,  0.0 wa,  0.0 hi,  0.9 si,  0.0 st
%Cpu(s): 10.8 us,  6.0 sy,  0.0 ni, 81.8 id,  0.0 wa,  0.0 hi,  1.3 si,  0.1 st
%Cpu(s): 10.9 us,  5.6 sy,  0.0 ni, 82.2 id,  0.0 wa,  0.0 hi,  1.3 si,  0.0 st
%Cpu(s): 12.3 us,  7.4 sy,  0.0 ni, 79.1 id,  0.0 wa,  0.0 hi,  1.3 si,  0.0 st
%Cpu(s): 10.8 us,  6.5 sy,  0.0 ni, 80.9 id,  0.0 wa,  0.0 hi,  1.6 si,  0.1 st
%Cpu(s): 10.4 us,  7.0 sy,  0.0 ni, 81.6 id,  0.0 wa,  0.0 hi,  1.0 si,  0.0 st
%Cpu(s):  9.4 us,  6.3 sy,  0.0 ni, 82.9 id,  0.0 wa,  0.0 hi,  1.4 si,  0.0 st
%Cpu(s): 10.5 us,  6.2 sy,  0.0 ni, 81.7 id,  0.0 wa,  0.0 hi,  1.7 si,  0.0 st
%Cpu(s):  2.9 us,  2.3 sy,  0.0 ni, 94.3 id,  0.0 wa,  0.0 hi,  0.3 si,  0.3 st
%Cpu(s):  3.3 us,  1.0 sy,  0.0 ni, 95.5 id,  0.0 wa,  0.0 hi,  0.0 si,  0.3 st
%Cpu(s):  2.2 us,  1.0 sy,  0.0 ni, 96.7 id,  0.0 wa,  0.0 hi,  0.0 si,  0.1 st
%Cpu(s):  4.8 us,  5.8 sy,  0.0 ni, 89.2 id,  0.0 wa,  0.0 hi,  0.0 si,  0.1 st
%Cpu(s):  4.1 us,  2.1 sy,  0.0 ni, 93.5 id,  0.0 wa,  0.0 hi,  0.0 si,  0.3 st
%Cpu(s):  5.9 us,  2.4 sy,  0.0 ni, 91.5 id,  0.0 wa,  0.0 hi,  0.0 si,  0.3 st
%Cpu(s): 10.2 us,  2.9 sy,  0.0 ni, 86.8 id,  0.0 wa,  0.0 hi,  0.1 si,  0.0 st
%Cpu(s):  4.5 us,  4.0 sy,  0.0 ni, 91.1 id,  0.0 wa,  0.0 hi,  0.1 si,  0.2 st
%Cpu(s):  3.1 us,  2.5 sy,  0.0 ni, 94.1 id,  0.0 wa,  0.0 hi,  0.0 si,  0.3 st
%Cpu(s):  3.1 us,  3.0 sy,  0.0 ni, 93.7 id,  0.0 wa,  0.0 hi,  0.0 si,  0.2 st
%Cpu(s):  4.2 us,  1.8 sy,  0.0 ni, 94.0 id,  0.0 wa,  0.0 hi,  0.0 si,  0.1 st
%Cpu(s):  2.6 us,  2.7 sy,  0.0 ni, 94.3 id,  0.0 wa,  0.0 hi,  0.0 si,  0.4 st
%Cpu(s):  3.6 us,  1.4 sy,  0.0 ni, 94.8 id,  0.0 wa,  0.0 hi,  0.0 si,  0.2 st
%Cpu(s):  2.5 us,  1.6 sy,  0.0 ni, 95.6 id,  0.0 wa,  0.0 hi,  0.0 si,  0.3 st
%Cpu(s):  2.6 us,  2.2 sy,  0.0 ni, 94.8 id,  0.1 wa,  0.0 hi,  0.1 si,  0.1 st
