%Cpu(s):  2.3 us,  0.3 sy,  0.0 ni, 97.4 id,  0.0 wa,  0.0 hi,  0.0 si,  0.0 st
%Cpu(s): 30.6 us,  3.9 sy,  0.0 ni, 65.5 id,  0.0 wa,  0.0 hi,  0.0 si,  0.0 st
%Cpu(s): 89.9 us,  4.5 sy,  0.0 ni,  5.5 id,  0.0 wa,  0.0 hi,  0.0 si,  0.0 st
%Cpu(s): 83.2 us,  3.3 sy,  0.0 ni, 13.6 id,  0.0 wa,  0.0 hi,  0.0 si,  0.0 st
%Cpu(s): 75.9 us,  3.0 sy,  0.0 ni, 21.1 id,  0.0 wa,  0.0 hi,  0.0 si,  0.0 st
%Cpu(s): 95.5 us,  2.5 sy,  0.0 ni,  2.0 id,  0.0 wa,  0.0 hi,  0.0 si,  0.0 st
%Cpu(s): 94.9 us,  3.2 sy,  0.0 ni,  1.6 id,  0.0 wa,  0.0 hi,  0.1 si,  0.1 st
%Cpu(s): 97.0 us,  2.2 sy,  0.0 ni,  0.4 id,  0.0 wa,  0.0 hi,  0.4 si,  0.0 st
%Cpu(s): 95.7 us,  2.9 sy,  0.0 ni,  1.1 id,  0.0 wa,  0.0 hi,  0.4 si,  0.0 st
%Cpu(s): 91.9 us,  2.5 sy,  0.0 ni,  5.5 id,  0.0 wa,  0.0 hi,  0.1 si,  0.0 st
%Cpu(s): 81.8 us,  2.8 sy,  0.0 ni, 15.0 id,  0.0 wa,  0.0 hi,  0.4 si,  0.0 st
%Cpu(s): 82.9 us,  6.6 sy,  0.0 ni,  9.0 id,  0.0 wa,  0.0 hi,  1.5 si,  0.0 st
%Cpu(s): 82.6 us,  6.1 sy,  0.0 ni, 10.1 id,  0.0 wa,  0.0 hi,  1.2 si,  0.0 st
%Cpu(s): 83.0 us,  4.4 sy,  0.0 ni, 11.3 id,  0.0 wa,  0.0 hi,  1.3 si,  0.0 st
%Cpu(s): 75.9 us,  4.7 sy,  0.0 ni, 17.2 id,  0.1 wa,  0.0 hi,  1.9 si,  0.1 st
%Cpu(s): 73.9 us,  5.2 sy,  0.0 ni, 19.0 id,  0.0 wa,  0.0 hi,  1.9 si,  0.0 st
%Cpu(s): 69.7 us,  6.8 sy,  0.0 ni, 21.9 id,  0.0 wa,  0.0 hi,  1.6 si,  0.0 st
%Cpu(s): 78.7 us,  7.9 sy,  0.0 ni, 11.7 id,  0.0 wa,  0.0 hi,  1.6 si,  0.1 st
%Cpu(s): 80.0 us,  6.4 sy,  0.0 ni, 11.8 id,  0.0 wa,  0.0 hi,  1.8 si,  0.0 st
%Cpu(s): 81.6 us,  7.2 sy,  0.0 ni,  9.1 id,  0.0 wa,  0.0 hi,  2.0 si,  0.0 st
%Cpu(s): 77.8 us,  8.1 sy,  0.0 ni, 12.0 id,  0.0 wa,  0.0 hi,  1.9 si,  0.2 st
%Cpu(s): 54.8 us,  6.9 sy,  0.0 ni, 36.4 id,  0.0 wa,  0.0 hi,  1.9 si,  0.0 st
%Cpu(s): 40.3 us,  5.9 sy,  0.0 ni, 52.0 id,  0.0 wa,  0.0 hi,  1.5 si,  0.3 st
%Cpu(s): 46.0 us,  5.7 sy,  0.0 ni, 46.8 id,  0.0 wa,  0.0 hi,  1.5 si,  0.0 st
%Cpu(s): 46.1 us,  4.9 sy,  0.0 ni, 47.5 id,  0.0 wa,  0.0 hi,  1.5 si,  0.0 st
%Cpu(s): 20.4 us,  5.4 sy,  0.0 ni, 72.5 id,  0.0 wa,  0.0 hi,  1.5 si,  0.1 st
%Cpu(s): 18.6 us,  5.2 sy,  0.0 ni, 74.7 id,  0.0 wa,  0.0 hi,  1.4 si,  0.1 st
%Cpu(s): 16.8 us,  5.3 sy,  0.0 ni, 76.7 id,  0.0 wa,  0.0 hi,  1.1 si,  0.1 st
%Cpu(s): 17.3 us,  6.5 sy,  0.0 ni, 74.7 id,  0.0 wa,  0.0 hi,  1.5 si,  0.0 st
%Cpu(s): 32.5 us,  5.9 sy,  0.0 ni, 60.0 id,  0.0 wa,  0.0 hi,  1.5 si,  0.1 st
%Cpu(s): 33.4 us,  5.6 sy,  0.0 ni, 59.6 id,  0.0 wa,  0.0 hi,  1.4 si,  0.0 st
%Cpu(s): 29.5 us,  5.4 sy,  0.0 ni, 63.8 id,  0.0 wa,  0.0 hi,  1.1 si,  0.1 st
%Cpu(s): 15.9 us,  5.6 sy,  0.0 ni, 77.0 id,  0.0 wa,  0.0 hi,  1.4 si,  0.0 st
%Cpu(s): 21.6 us,  6.0 sy,  0.0 ni, 70.5 id,  0.0 wa,  0.0 hi,  1.8 si,  0.1 st
%Cpu(s): 22.1 us,  5.1 sy,  0.0 ni, 71.4 id,  0.0 wa,  0.0 hi,  1.3 si,  0.1 st
%Cpu(s): 14.7 us,  5.3 sy,  0.0 ni, 78.8 id,  0.0 wa,  0.0 hi,  1.2 si,  0.1 st
%Cpu(s): 25.4 us,  5.7 sy,  0.0 ni, 67.3 id,  0.0 wa,  0.0 hi,  1.5 si,  0.1 st
%Cpu(s): 17.1 us,  4.6 sy,  0.0 ni, 77.1 id,  0.0 wa,  0.0 hi,  1.0 si,  0.1 st
%Cpu(s): 16.8 us,  5.6 sy,  0.0 ni, 76.0 id,  0.0 wa,  0.0 hi,  1.4 si,  0.1 st
%Cpu(s): 16.9 us,  4.9 sy,  0.0 ni, 76.8 id,  0.0 wa,  0.0 hi,  1.4 si,  0.0 st
%Cpu(s): 23.5 us,  5.3 sy,  0.0 ni, 69.6 id,  0.0 wa,  0.0 hi,  1.5 si,  0.1 st
%Cpu(s): 25.3 us,  5.3 sy,  0.0 ni, 67.9 id,  0.0 wa,  0.0 hi,  1.3 si,  0.1 st
%Cpu(s): 22.9 us,  6.2 sy,  0.0 ni, 69.4 id,  0.0 wa,  0.0 hi,  1.5 si,  0.0 st
%Cpu(s): 30.5 us,  6.7 sy,  0.0 ni, 61.5 id,  0.0 wa,  0.0 hi,  1.1 si,  0.1 st
%Cpu(s): 35.0 us,  5.6 sy,  0.0 ni, 58.0 id,  0.0 wa,  0.0 hi,  1.3 si,  0.1 st
%Cpu(s): 28.0 us,  4.9 sy,  0.0 ni, 65.6 id,  0.0 wa,  0.0 hi,  1.4 si,  0.1 st
%Cpu(s): 25.1 us,  5.3 sy,  0.0 ni, 67.8 id,  0.0 wa,  0.0 hi,  1.8 si,  0.0 st
%Cpu(s): 17.4 us,  5.6 sy,  0.0 ni, 75.2 id,  0.0 wa,  0.0 hi,  1.7 si,  0.1 st
%Cpu(s): 19.5 us,  6.2 sy,  0.0 ni, 72.5 id,  0.0 wa,  0.0 hi,  1.6 si,  0.1 st
%Cpu(s): 25.9 us,  6.3 sy,  0.0 ni, 66.1 id,  0.0 wa,  0.0 hi,  1.5 si,  0.1 st
%Cpu(s): 36.7 us,  5.7 sy,  0.0 ni, 55.7 id,  0.0 wa,  0.0 hi,  1.9 si,  0.0 st
%Cpu(s): 18.2 us,  5.6 sy,  0.0 ni, 74.5 id,  0.0 wa,  0.0 hi,  1.5 si,  0.1 st
%Cpu(s): 15.7 us,  5.5 sy,  0.0 ni, 77.2 id,  0.0 wa,  0.0 hi,  1.4 si,  0.1 st
%Cpu(s): 16.6 us,  5.2 sy,  0.0 ni, 76.5 id,  0.0 wa,  0.0 hi,  1.5 si,  0.1 st
%Cpu(s): 26.1 us,  5.8 sy,  0.0 ni, 66.5 id,  0.0 wa,  0.0 hi,  1.5 si,  0.1 st
%Cpu(s): 30.7 us,  5.3 sy,  0.0 ni, 62.3 id,  0.0 wa,  0.0 hi,  1.8 si,  0.0 st
%Cpu(s): 12.5 us,  5.3 sy,  0.0 ni, 80.3 id,  0.0 wa,  0.0 hi,  1.8 si,  0.1 st
%Cpu(s): 13.3 us,  4.1 sy,  0.0 ni, 81.4 id,  0.0 wa,  0.0 hi,  0.9 si,  0.3 st
%Cpu(s): 13.3 us,  4.3 sy,  0.0 ni, 81.3 id,  0.0 wa,  0.0 hi,  1.1 si,  0.0 st
%Cpu(s): 15.2 us,  5.9 sy,  0.0 ni, 77.7 id,  0.0 wa,  0.0 hi,  1.1 si,  0.1 st
%Cpu(s): 14.4 us,  5.9 sy,  0.0 ni, 78.1 id,  0.0 wa,  0.0 hi,  1.4 si,  0.1 st
%Cpu(s): 20.3 us,  5.2 sy,  0.0 ni, 72.8 id,  0.0 wa,  0.0 hi,  1.5 si,  0.1 st
%Cpu(s): 13.8 us,  4.1 sy,  0.0 ni, 81.1 id,  0.0 wa,  0.0 hi,  0.8 si,  0.1 st
%Cpu(s): 13.5 us,  5.3 sy,  0.0 ni, 80.0 id,  0.0 wa,  0.0 hi,  1.2 si,  0.1 st
%Cpu(s): 13.5 us,  5.7 sy,  0.0 ni, 79.7 id,  0.0 wa,  0.0 hi,  0.9 si,  0.1 st
%Cpu(s): 12.4 us,  5.0 sy,  0.0 ni, 81.5 id,  0.0 wa,  0.0 hi,  1.0 si,  0.1 st
%Cpu(s): 18.0 us,  4.9 sy,  0.0 ni, 75.3 id,  0.0 wa,  0.0 hi,  1.7 si,  0.1 st
%Cpu(s): 15.4 us,  5.6 sy,  0.0 ni, 77.6 id,  0.0 wa,  0.0 hi,  1.1 si,  0.3 st
%Cpu(s): 32.6 us,  6.4 sy,  0.0 ni, 59.6 id,  0.0 wa,  0.0 hi,  1.4 si,  0.0 st
%Cpu(s): 41.6 us,  7.7 sy,  0.0 ni, 49.1 id,  0.0 wa,  0.0 hi,  1.5 si,  0.1 st
%Cpu(s): 70.6 us,  8.5 sy,  0.0 ni, 18.6 id,  0.0 wa,  0.0 hi,  2.2 si,  0.1 st
%Cpu(s): 73.1 us,  9.6 sy,  0.0 ni, 15.5 id,  0.0 wa,  0.0 hi,  1.8 si,  0.0 st
%Cpu(s): 48.9 us,  9.4 sy,  0.0 ni, 39.9 id,  0.0 wa,  0.0 hi,  1.6 si,  0.1 st
%Cpu(s): 35.7 us,  8.8 sy,  0.0 ni, 53.6 id,  0.0 wa,  0.0 hi,  2.0 si,  0.0 st
%Cpu(s): 29.7 us,  8.6 sy,  0.0 ni, 59.4 id,  0.1 wa,  0.0 hi,  2.0 si,  0.1 st
%Cpu(s): 27.7 us, 10.1 sy,  0.0 ni, 60.5 id,  0.0 wa,  0.0 hi,  1.6 si,  0.1 st
%Cpu(s): 34.5 us, 10.1 sy,  0.0 ni, 53.6 id,  0.0 wa,  0.0 hi,  1.7 si,  0.3 st
%Cpu(s): 32.6 us, 10.8 sy,  0.0 ni, 54.3 id,  0.0 wa,  0.0 hi,  2.2 si,  0.1 st
%Cpu(s): 38.3 us, 10.8 sy,  0.0 ni, 49.2 id,  0.0 wa,  0.0 hi,  1.8 si,  0.0 st
