%Cpu(s):  1.3 us,  0.1 sy,  0.0 ni, 98.5 id,  0.0 wa,  0.0 hi,  0.0 si,  0.0 st
%Cpu(s):  4.1 us,  1.6 sy,  0.0 ni, 94.1 id,  0.0 wa,  0.0 hi,  0.1 si,  0.0 st
%Cpu(s):  3.1 us,  1.4 sy,  0.0 ni, 95.3 id,  0.0 wa,  0.0 hi,  0.0 si,  0.1 st
%Cpu(s):  2.6 us,  1.4 sy,  0.0 ni, 95.9 id,  0.0 wa,  0.0 hi,  0.1 si,  0.0 st
%Cpu(s): 17.6 us,  2.0 sy,  0.0 ni, 80.3 id,  0.0 wa,  0.0 hi,  0.1 si,  0.0 st
%Cpu(s): 75.5 us,  4.3 sy,  0.0 ni, 18.6 id,  0.0 wa,  0.0 hi,  1.5 si,  0.1 st
%Cpu(s): 90.0 us,  6.4 sy,  0.0 ni,  1.9 id,  0.0 wa,  0.0 hi,  1.7 si,  0.0 st
%Cpu(s): 91.1 us,  6.4 sy,  0.0 ni,  0.2 id,  0.0 wa,  0.0 hi,  2.2 si,  0.0 st
%Cpu(s): 88.0 us,  8.4 sy,  0.0 ni,  2.1 id,  0.0 wa,  0.0 hi,  1.5 si,  0.0 st
%Cpu(s): 86.5 us,  7.3 sy,  0.0 ni,  4.1 id,  0.0 wa,  0.0 hi,  1.9 si,  0.2 st
%Cpu(s): 91.6 us,  6.7 sy,  0.0 ni,  0.1 id,  0.0 wa,  0.0 hi,  1.6 si,  0.0 st
%Cpu(s): 89.8 us,  6.9 sy,  0.0 ni,  1.6 id,  0.0 wa,  0.0 hi,  1.7 si,  0.0 st
%Cpu(s): 89.4 us,  7.8 sy,  0.0 ni,  0.7 id,  0.0 wa,  0.0 hi,  2.0 si,  0.0 st
%Cpu(s): 89.8 us,  7.8 sy,  0.0 ni,  0.4 id,  0.0 wa,  0.0 hi,  1.9 si,  0.1 st
%Cpu(s): 90.8 us,  6.5 sy,  0.0 ni,  0.9 id,  0.0 wa,  0.0 hi,  1.9 si,  0.0 st
%Cpu(s): 90.8 us,  7.2 sy,  0.0 ni,  0.4 id,  0.0 wa,  0.0 hi,  1.5 si,  0.1 st
%Cpu(s): 85.6 us,  6.2 sy,  0.0 ni,  6.3 id,  0.0 wa,  0.0 hi,  1.9 si,  0.0 st
%Cpu(s): 62.1 us,  6.1 sy,  0.0 ni, 31.1 id,  0.0 wa,  0.0 hi,  0.8 si,  0.0 st
%Cpu(s): 45.5 us,  5.7 sy,  0.0 ni, 47.0 id,  0.0 wa,  0.0 hi,  1.7 si,  0.1 st
%Cpu(s): 41.2 us,  5.6 sy,  0.0 ni, 51.7 id,  0.0 wa,  0.0 hi,  1.3 si,  0.1 st
%Cpu(s): 29.4 us,  7.1 sy,  0.0 ni, 63.0 id,  0.0 wa,  0.0 hi,  0.5 si,  0.0 st
%Cpu(s): 15.0 us,  6.0 sy,  0.0 ni, 78.3 id,  0.0 wa,  0.0 hi,  0.5 si,  0.1 st
%Cpu(s): 13.7 us,  6.1 sy,  0.0 ni, 79.4 id,  0.0 wa,  0.0 hi,  0.6 si,  0.1 st
%Cpu(s): 31.0 us,  5.9 sy,  0.0 ni, 63.0 id,  0.0 wa,  0.0 hi,  0.1 si,  0.0 st
%Cpu(s): 39.2 us,  6.3 sy,  0.0 ni, 52.2 id,  0.0 wa,  0.0 hi,  2.0 si,  0.3 st
%Cpu(s): 28.9 us,  5.4 sy,  0.0 ni, 64.6 id,  0.0 wa,  0.0 hi,  1.0 si,  0.0 st
%Cpu(s): 13.4 us,  6.3 sy,  0.0 ni, 79.8 id,  0.1 wa,  0.0 hi,  0.4 si,  0.0 st
%Cpu(s): 14.3 us,  6.2 sy,  0.0 ni, 78.1 id,  0.0 wa,  0.0 hi,  1.3 si,  0.1 st
%Cpu(s): 15.5 us,  5.9 sy,  0.0 ni, 78.0 id,  0.0 wa,  0.0 hi,  0.4 si,  0.3 st
%Cpu(s): 22.7 us,  5.7 sy,  0.0 ni, 70.1 id,  0.0 wa,  0.0 hi,  1.3 si,  0.1 st
%Cpu(s): 35.1 us,  5.8 sy,  0.0 ni, 58.3 id,  0.0 wa,  0.0 hi,  0.8 si,  0.0 st
%Cpu(s): 16.2 us,  6.6 sy,  0.0 ni, 76.5 id,  0.0 wa,  0.0 hi,  0.8 si,  0.0 st
%Cpu(s): 16.9 us,  5.1 sy,  0.0 ni, 77.1 id,  0.0 wa,  0.0 hi,  0.6 si,  0.3 st
%Cpu(s): 17.4 us,  5.6 sy,  0.0 ni, 75.9 id,  0.0 wa,  0.0 hi,  1.0 si,  0.1 st
%Cpu(s): 50.9 us,  7.2 sy,  0.0 ni, 40.9 id,  0.0 wa,  0.0 hi,  0.9 si,  0.1 st
%Cpu(s): 57.4 us,  6.4 sy,  0.0 ni, 34.3 id,  0.0 wa,  0.0 hi,  1.9 si,  0.0 st
%Cpu(s): 33.2 us,  5.9 sy,  0.0 ni, 60.2 id,  0.0 wa,  0.0 hi,  0.6 si,  0.0 st
%Cpu(s): 39.5 us,  6.7 sy,  0.0 ni, 53.1 id,  0.0 wa,  0.0 hi,  0.5 si,  0.1 st
%Cpu(s): 24.9 us,  5.7 sy,  0.0 ni, 68.8 id,  0.0 wa,  0.0 hi,  0.5 si,  0.1 st
%Cpu(s): 15.7 us,  6.0 sy,  0.0 ni, 77.1 id,  0.0 wa,  0.0 hi,  1.0 si,  0.1 st
%Cpu(s): 22.4 us,  5.9 sy,  0.0 ni, 71.1 id,  0.0 wa,  0.0 hi,  0.6 si,  0.0 st
%Cpu(s): 14.5 us,  6.5 sy,  0.0 ni, 78.1 id,  0.0 wa,  0.0 hi,  0.8 si,  0.1 st
%Cpu(s): 16.2 us,  6.6 sy,  0.0 ni, 76.1 id,  0.0 wa,  0.0 hi,  0.9 si,  0.1 st
%Cpu(s): 13.1 us,  6.7 sy,  0.0 ni, 79.4 id,  0.0 wa,  0.0 hi,  0.6 si,  0.3 st
%Cpu(s): 22.4 us,  6.4 sy,  0.0 ni, 70.0 id,  0.0 wa,  0.0 hi,  1.1 si,  0.1 st
%Cpu(s): 13.6 us,  6.6 sy,  0.0 ni, 79.1 id,  0.0 wa,  0.0 hi,  0.8 si,  0.0 st
%Cpu(s): 15.1 us,  5.3 sy,  0.0 ni, 79.0 id,  0.0 wa,  0.0 hi,  0.5 si,  0.1 st
%Cpu(s): 13.2 us,  6.0 sy,  0.0 ni, 80.2 id,  0.0 wa,  0.0 hi,  0.6 si,  0.0 st
%Cpu(s): 12.6 us,  5.6 sy,  0.0 ni, 80.4 id,  0.0 wa,  0.0 hi,  1.2 si,  0.3 st
%Cpu(s): 14.5 us,  6.1 sy,  0.0 ni, 78.6 id,  0.0 wa,  0.0 hi,  0.6 si,  0.1 st
%Cpu(s): 14.3 us,  5.4 sy,  0.0 ni, 79.9 id,  0.0 wa,  0.0 hi,  0.4 si,  0.0 st
%Cpu(s): 14.4 us,  5.4 sy,  0.0 ni, 79.5 id,  0.0 wa,  0.0 hi,  0.6 si,  0.1 st
%Cpu(s): 15.9 us,  5.7 sy,  0.0 ni, 77.2 id,  0.0 wa,  0.0 hi,  1.0 si,  0.1 st
%Cpu(s): 13.6 us,  5.1 sy,  0.0 ni, 80.1 id,  0.0 wa,  0.0 hi,  1.2 si,  0.0 st
%Cpu(s): 12.3 us,  6.2 sy,  0.0 ni, 80.8 id,  0.0 wa,  0.0 hi,  0.5 si,  0.3 st
%Cpu(s): 14.3 us,  6.4 sy,  0.0 ni, 78.5 id,  0.0 wa,  0.0 hi,  0.8 si,  0.0 st
%Cpu(s): 10.9 us,  5.9 sy,  0.0 ni, 82.8 id,  0.0 wa,  0.0 hi,  0.3 si,  0.1 st
%Cpu(s): 12.5 us,  5.5 sy,  0.0 ni, 81.4 id,  0.0 wa,  0.0 hi,  0.5 si,  0.1 st
%Cpu(s): 12.7 us,  5.3 sy,  0.0 ni, 81.2 id,  0.0 wa,  0.0 hi,  0.8 si,  0.0 st
%Cpu(s): 42.2 us,  6.7 sy,  0.0 ni, 49.6 id,  0.0 wa,  0.0 hi,  1.3 si,  0.3 st
%Cpu(s): 40.2 us,  6.3 sy,  0.0 ni, 52.3 id,  0.0 wa,  0.0 hi,  1.3 si,  0.0 st
%Cpu(s): 20.3 us,  7.1 sy,  0.0 ni, 71.7 id,  0.0 wa,  0.0 hi,  0.6 si,  0.3 st
%Cpu(s): 16.1 us,  5.5 sy,  0.0 ni, 77.7 id,  0.0 wa,  0.0 hi,  0.6 si,  0.0 st
%Cpu(s): 16.1 us,  5.9 sy,  0.0 ni, 77.1 id,  0.0 wa,  0.0 hi,  0.3 si,  0.5 st
%Cpu(s): 19.8 us,  5.9 sy,  0.0 ni, 73.8 id,  0.0 wa,  0.0 hi,  0.5 si,  0.0 st
%Cpu(s): 16.2 us,  5.5 sy,  0.0 ni, 77.2 id,  0.0 wa,  0.0 hi,  0.9 si,  0.1 st
%Cpu(s): 17.6 us,  7.2 sy,  0.0 ni, 74.7 id,  0.0 wa,  0.0 hi,  0.4 si,  0.1 st
%Cpu(s): 14.1 us,  5.2 sy,  0.0 ni, 80.0 id,  0.0 wa,  0.0 hi,  0.5 si,  0.1 st
%Cpu(s): 13.5 us,  5.9 sy,  0.0 ni, 79.9 id,  0.0 wa,  0.0 hi,  0.5 si,  0.1 st
%Cpu(s): 20.2 us,  6.9 sy,  0.0 ni, 72.1 id,  0.0 wa,  0.0 hi,  0.8 si,  0.0 st
%Cpu(s): 21.4 us,  8.0 sy,  0.0 ni, 69.3 id,  0.0 wa,  0.0 hi,  1.0 si,  0.3 st
%Cpu(s): 24.5 us,  7.9 sy,  0.0 ni, 66.7 id,  0.0 wa,  0.0 hi,  0.8 si,  0.1 st
%Cpu(s):  5.4 us,  1.4 sy,  0.0 ni, 93.1 id,  0.0 wa,  0.0 hi,  0.1 si,  0.0 st
%Cpu(s):  2.2 us,  0.9 sy,  0.0 ni, 96.9 id,  0.0 wa,  0.0 hi,  0.0 si,  0.0 st
%Cpu(s):  2.2 us,  0.7 sy,  0.0 ni, 96.6 id,  0.0 wa,  0.0 hi,  0.0 si,  0.4 st
%Cpu(s):  1.4 us,  0.9 sy,  0.0 ni, 97.7 id,  0.0 wa,  0.0 hi,  0.0 si,  0.0 st
%Cpu(s):  2.7 us,  0.6 sy,  0.0 ni, 96.6 id,  0.0 wa,  0.0 hi,  0.1 si,  0.0 st
%Cpu(s):  2.4 us,  1.6 sy,  0.0 ni, 96.0 id,  0.0 wa,  0.0 hi,  0.0 si,  0.0 st
%Cpu(s):  2.3 us,  0.8 sy,  0.0 ni, 97.0 id,  0.0 wa,  0.0 hi,  0.0 si,  0.0 st
