%Cpu(s): 10.3 us,  1.3 sy,  0.0 ni, 88.2 id,  0.0 wa,  0.0 hi,  0.2 si,  0.0 st
%Cpu(s):  1.5 us,  1.6 sy,  0.0 ni, 96.9 id,  0.0 wa,  0.0 hi,  0.0 si,  0.0 st
%Cpu(s):  1.6 us,  0.5 sy,  0.0 ni, 97.1 id,  0.0 wa,  0.0 hi,  0.0 si,  0.8 st
%Cpu(s):  1.5 us,  0.8 sy,  0.0 ni, 97.7 id,  0.0 wa,  0.0 hi,  0.0 si,  0.0 st
%Cpu(s):  1.8 us,  1.3 sy,  0.0 ni, 96.9 id,  0.0 wa,  0.0 hi,  0.0 si,  0.1 st
%Cpu(s):  4.5 us,  1.3 sy,  0.0 ni, 94.2 id,  0.0 wa,  0.0 hi,  0.0 si,  0.0 st
%Cpu(s): 10.7 us,  2.0 sy,  0.0 ni, 87.1 id,  0.0 wa,  0.0 hi,  0.1 si,  0.0 st
%Cpu(s): 76.7 us,  6.3 sy,  0.0 ni, 16.1 id,  0.0 wa,  0.0 hi,  0.9 si,  0.0 st
%Cpu(s): 86.3 us, 10.8 sy,  0.0 ni,  0.7 id,  0.0 wa,  0.0 hi,  2.1 si,  0.0 st
%Cpu(s): 84.3 us, 12.3 sy,  0.0 ni,  0.6 id,  0.0 wa,  0.0 hi,  2.7 si,  0.0 st
%Cpu(s): 85.4 us, 11.6 sy,  0.0 ni,  0.2 id,  0.0 wa,  0.0 hi,  2.7 si,  0.0 st
%Cpu(s): 85.0 us, 12.6 sy,  0.0 ni,  0.0 id,  0.0 wa,  0.0 hi,  2.4 si,  0.0 st
%Cpu(s): 87.4 us, 10.0 sy,  0.0 ni,  0.0 id,  0.0 wa,  0.0 hi,  2.5 si,  0.1 st
%Cpu(s): 86.8 us, 10.7 sy,  0.0 ni,  0.0 id,  0.0 wa,  0.0 hi,  2.5 si,  0.0 st
%Cpu(s): 86.1 us, 10.6 sy,  0.0 ni,  0.2 id,  0.0 wa,  0.0 hi,  3.0 si,  0.0 st
%Cpu(s): 84.0 us, 11.5 sy,  0.0 ni,  1.9 id,  0.0 wa,  0.0 hi,  2.5 si,  0.1 st
%Cpu(s): 86.2 us, 11.7 sy,  0.0 ni,  0.1 id,  0.0 wa,  0.0 hi,  2.0 si,  0.0 st
%Cpu(s): 86.2 us, 10.6 sy,  0.0 ni,  1.0 id,  0.0 wa,  0.0 hi,  2.2 si,  0.0 st
%Cpu(s): 80.0 us,  9.9 sy,  0.0 ni,  7.6 id,  0.0 wa,  0.0 hi,  2.5 si,  0.0 st
%Cpu(s): 67.9 us,  9.6 sy,  0.0 ni, 20.2 id,  0.0 wa,  0.0 hi,  2.2 si,  0.0 st
%Cpu(s): 59.5 us,  9.0 sy,  0.0 ni, 29.4 id,  0.0 wa,  0.0 hi,  2.1 si,  0.0 st
%Cpu(s): 34.2 us, 10.7 sy,  0.0 ni, 53.2 id,  0.0 wa,  0.0 hi,  1.9 si,  0.1 st
%Cpu(s): 51.0 us,  9.4 sy,  0.0 ni, 37.0 id,  0.0 wa,  0.0 hi,  2.4 si,  0.1 st
%Cpu(s): 24.3 us,  8.0 sy,  0.0 ni, 66.2 id,  0.0 wa,  0.0 hi,  1.5 si,  0.0 st
%Cpu(s): 29.8 us,  8.1 sy,  0.0 ni, 60.6 id,  0.0 wa,  0.0 hi,  1.5 si,  0.0 st
%Cpu(s): 17.4 us,  7.9 sy,  0.0 ni, 72.5 id,  0.0 wa,  0.0 hi,  2.0 si,  0.1 st
%Cpu(s): 14.8 us,  8.1 sy,  0.0 ni, 75.6 id,  0.0 wa,  0.0 hi,  1.5 si,  0.0 st
%Cpu(s): 17.1 us,  7.6 sy,  0.0 ni, 74.4 id,  0.1 wa,  0.0 hi,  0.6 si,  0.1 st
%Cpu(s): 15.4 us,  8.1 sy,  0.0 ni, 75.0 id,  0.0 wa,  0.0 hi,  1.5 si,  0.0 st
%Cpu(s): 13.6 us,  8.4 sy,  0.0 ni, 76.4 id,  0.0 wa,  0.0 hi,  1.5 si,  0.0 st
%Cpu(s): 13.9 us,  7.7 sy,  0.0 ni, 76.4 id,  0.0 wa,  0.0 hi,  1.8 si,  0.3 st
%Cpu(s): 14.9 us,  7.3 sy,  0.0 ni, 75.9 id,  0.0 wa,  0.0 hi,  1.8 si,  0.0 st
%Cpu(s): 15.5 us,  8.5 sy,  0.0 ni, 74.8 id,  0.0 wa,  0.0 hi,  1.0 si,  0.1 st
%Cpu(s): 14.6 us,  8.6 sy,  0.0 ni, 75.6 id,  0.0 wa,  0.0 hi,  1.3 si,  0.0 st
%Cpu(s): 14.4 us,  9.3 sy,  0.0 ni, 74.6 id,  0.0 wa,  0.0 hi,  1.6 si,  0.0 st
%Cpu(s): 16.2 us,  8.4 sy,  0.0 ni, 73.7 id,  0.0 wa,  0.0 hi,  1.4 si,  0.3 st
%Cpu(s): 16.0 us,  8.0 sy,  0.0 ni, 74.2 id,  0.0 wa,  0.0 hi,  1.8 si,  0.0 st
%Cpu(s): 27.1 us,  8.5 sy,  0.0 ni, 62.9 id,  0.0 wa,  0.0 hi,  1.5 si,  0.0 st
%Cpu(s): 21.2 us,  8.5 sy,  0.0 ni, 68.4 id,  0.0 wa,  0.0 hi,  1.8 si,  0.1 st
%Cpu(s): 17.8 us,  7.7 sy,  0.0 ni, 73.0 id,  0.0 wa,  0.0 hi,  1.5 si,  0.0 st
%Cpu(s): 16.0 us,  8.4 sy,  0.0 ni, 73.3 id,  0.0 wa,  0.0 hi,  2.0 si,  0.3 st
%Cpu(s): 45.8 us, 10.5 sy,  0.0 ni, 41.9 id,  0.0 wa,  0.0 hi,  1.8 si,  0.0 st
%Cpu(s): 45.9 us,  8.0 sy,  0.0 ni, 44.2 id,  0.0 wa,  0.0 hi,  1.9 si,  0.0 st
%Cpu(s): 48.4 us,  7.5 sy,  0.0 ni, 41.5 id,  0.0 wa,  0.0 hi,  2.5 si,  0.0 st
%Cpu(s): 35.3 us,  7.4 sy,  0.0 ni, 55.5 id,  0.0 wa,  0.0 hi,  1.6 si,  0.1 st
%Cpu(s): 14.4 us,  8.2 sy,  0.0 ni, 75.9 id,  0.0 wa,  0.0 hi,  1.5 si,  0.0 st
%Cpu(s): 14.9 us,  7.3 sy,  0.0 ni, 75.9 id,  0.0 wa,  0.0 hi,  1.8 si,  0.0 st
%Cpu(s): 14.7 us,  8.4 sy,  0.0 ni, 75.6 id,  0.0 wa,  0.0 hi,  1.1 si,  0.1 st
%Cpu(s): 14.3 us,  8.3 sy,  0.0 ni, 75.8 id,  0.0 wa,  0.0 hi,  1.3 si,  0.4 st
%Cpu(s): 13.2 us,  8.0 sy,  0.0 ni, 77.4 id,  0.0 wa,  0.0 hi,  1.4 si,  0.0 st
%Cpu(s): 14.0 us,  6.9 sy,  0.0 ni, 77.3 id,  0.0 wa,  0.0 hi,  1.3 si,  0.5 st
%Cpu(s): 15.6 us,  7.8 sy,  0.0 ni, 74.9 id,  0.0 wa,  0.0 hi,  1.0 si,  0.6 st
%Cpu(s): 14.8 us,  7.5 sy,  0.0 ni, 76.8 id,  0.0 wa,  0.0 hi,  0.9 si,  0.0 st
%Cpu(s): 13.7 us,  7.5 sy,  0.0 ni, 76.5 id,  0.0 wa,  0.0 hi,  1.7 si,  0.6 st
%Cpu(s): 13.1 us,  8.6 sy,  0.0 ni, 76.3 id,  0.0 wa,  0.0 hi,  1.6 si,  0.4 st
%Cpu(s): 13.6 us,  7.4 sy,  0.0 ni, 75.9 id,  0.0 wa,  0.0 hi,  1.4 si,  1.7 st
%Cpu(s): 14.7 us,  7.3 sy,  0.0 ni, 76.2 id,  0.0 wa,  0.0 hi,  1.3 si,  0.5 st
%Cpu(s): 13.4 us,  8.2 sy,  0.0 ni, 76.9 id,  0.0 wa,  0.0 hi,  1.4 si,  0.1 st
%Cpu(s): 16.4 us,  8.3 sy,  0.0 ni, 74.0 id,  0.0 wa,  0.0 hi,  1.1 si,  0.1 st
%Cpu(s): 14.5 us,  8.8 sy,  0.0 ni, 75.4 id,  0.0 wa,  0.0 hi,  1.3 si,  0.0 st
%Cpu(s): 13.9 us,  7.9 sy,  0.0 ni, 76.9 id,  0.0 wa,  0.0 hi,  1.3 si,  0.0 st
%Cpu(s):  1.4 us,  0.9 sy,  0.0 ni, 97.6 id,  0.0 wa,  0.0 hi,  0.0 si,  0.1 st
%Cpu(s):  1.4 us,  0.9 sy,  0.0 ni, 97.1 id,  0.1 wa,  0.0 hi,  0.0 si,  0.5 st
%Cpu(s):  1.4 us,  1.0 sy,  0.0 ni, 95.7 id,  0.0 wa,  0.0 hi,  0.0 si,  2.0 st
%Cpu(s):  0.7 us,  0.6 sy,  0.0 ni, 97.0 id,  0.0 wa,  0.0 hi,  0.0 si,  1.6 st
%Cpu(s):  1.2 us,  0.7 sy,  0.0 ni, 96.5 id,  0.0 wa,  0.0 hi,  0.0 si,  1.5 st
%Cpu(s):  1.5 us,  0.7 sy,  0.0 ni, 96.5 id,  0.0 wa,  0.0 hi,  0.0 si,  1.2 st
%Cpu(s):  4.8 us,  0.5 sy,  0.0 ni, 94.7 id,  0.0 wa,  0.0 hi,  0.0 si,  0.0 st
%Cpu(s): 27.1 us,  1.0 sy,  0.0 ni, 71.4 id,  0.0 wa,  0.0 hi,  0.0 si,  0.5 st
%Cpu(s):  4.0 us,  0.9 sy,  0.0 ni, 93.0 id,  0.0 wa,  0.0 hi,  0.0 si,  2.1 st
%Cpu(s):  1.8 us,  1.0 sy,  0.0 ni, 95.9 id,  0.0 wa,  0.0 hi,  0.0 si,  1.2 st
%Cpu(s):  2.1 us,  0.9 sy,  0.0 ni, 95.6 id,  0.0 wa,  0.0 hi,  0.0 si,  1.5 st
%Cpu(s):  2.8 us,  1.1 sy,  0.0 ni, 96.1 id,  0.0 wa,  0.0 hi,  0.0 si,  0.0 st
%Cpu(s):  1.2 us,  1.5 sy,  0.0 ni, 97.1 id,  0.0 wa,  0.0 hi,  0.1 si,  0.0 st
%Cpu(s):  1.1 us,  0.8 sy,  0.0 ni, 98.0 id,  0.0 wa,  0.0 hi,  0.0 si,  0.1 st
%Cpu(s):  0.9 us,  1.0 sy,  0.0 ni, 98.1 id,  0.0 wa,  0.0 hi,  0.0 si,  0.0 st
%Cpu(s):  1.4 us,  0.6 sy,  0.0 ni, 97.2 id,  0.0 wa,  0.0 hi,  0.0 si,  0.8 st
%Cpu(s):  1.4 us,  1.1 sy,  0.0 ni, 95.9 id,  0.0 wa,  0.0 hi,  0.0 si,  1.6 st
%Cpu(s):  0.9 us,  0.6 sy,  0.0 ni, 96.8 id,  0.0 wa,  0.0 hi,  0.0 si,  1.7 st
%Cpu(s):  0.6 us,  1.0 sy,  0.0 ni, 97.0 id,  0.0 wa,  0.0 hi,  0.0 si,  1.4 st
%Cpu(s):  0.9 us,  0.7 sy,  0.0 ni, 96.5 id,  0.0 wa,  0.0 hi,  0.0 si,  1.9 st
%Cpu(s):  1.1 us,  1.0 sy,  0.0 ni, 97.9 id,  0.0 wa,  0.0 hi,  0.0 si,  0.0 st
%Cpu(s):  0.8 us,  0.9 sy,  0.0 ni, 98.4 id,  0.0 wa,  0.0 hi,  0.0 si,  0.0 st
%Cpu(s):  1.9 us,  1.4 sy,  0.0 ni, 96.4 id,  0.0 wa,  0.0 hi,  0.0 si,  0.4 st
