%Cpu(s):  0.8 us,  0.1 sy,  0.0 ni, 99.0 id,  0.0 wa,  0.0 hi,  0.0 si,  0.0 st
%Cpu(s):  2.7 us,  2.3 sy,  0.0 ni, 94.6 id,  0.0 wa,  0.0 hi,  0.1 si,  0.3 st
%Cpu(s):  3.4 us,  1.5 sy,  0.0 ni, 95.1 id,  0.0 wa,  0.0 hi,  0.0 si,  0.0 st
%Cpu(s):  2.4 us,  1.6 sy,  0.0 ni, 95.6 id,  0.0 wa,  0.0 hi,  0.0 si,  0.4 st
%Cpu(s):  4.3 us,  2.2 sy,  0.0 ni, 93.4 id,  0.0 wa,  0.0 hi,  0.0 si,  0.1 st
%Cpu(s):  6.4 us,  1.5 sy,  0.0 ni, 91.8 id,  0.0 wa,  0.0 hi,  0.0 si,  0.3 st
%Cpu(s): 22.1 us,  2.0 sy,  0.0 ni, 75.5 id,  0.1 wa,  0.0 hi,  0.1 si,  0.1 st
%Cpu(s): 87.1 us,  4.9 sy,  0.0 ni,  7.5 id,  0.0 wa,  0.0 hi,  0.6 si,  0.0 st
%Cpu(s): 89.9 us,  6.2 sy,  0.0 ni,  2.6 id,  0.0 wa,  0.0 hi,  1.2 si,  0.0 st
%Cpu(s): 71.7 us,  6.7 sy,  0.0 ni, 20.6 id,  0.0 wa,  0.0 hi,  1.0 si,  0.0 st
%Cpu(s): 73.7 us,  5.3 sy,  0.0 ni, 20.0 id,  0.0 wa,  0.0 hi,  1.0 si,  0.0 st
%Cpu(s): 77.5 us,  5.5 sy,  0.0 ni, 16.3 id,  0.0 wa,  0.0 hi,  0.8 si,  0.0 st
%Cpu(s): 65.5 us,  5.3 sy,  0.0 ni, 27.9 id,  0.0 wa,  0.0 hi,  1.1 si,  0.1 st
%Cpu(s): 47.7 us,  4.1 sy,  0.0 ni, 47.9 id,  0.0 wa,  0.0 hi,  0.4 si,  0.0 st
%Cpu(s): 39.9 us,  4.8 sy,  0.0 ni, 53.9 id,  0.0 wa,  0.0 hi,  1.4 si,  0.0 st
%Cpu(s): 18.3 us,  5.3 sy,  0.0 ni, 76.1 id,  0.0 wa,  0.0 hi,  0.3 si,  0.0 st
%Cpu(s): 14.9 us,  5.7 sy,  0.0 ni, 78.9 id,  0.0 wa,  0.0 hi,  0.5 si,  0.0 st
%Cpu(s): 13.4 us,  5.9 sy,  0.0 ni, 79.9 id,  0.0 wa,  0.0 hi,  0.6 si,  0.1 st
%Cpu(s): 12.1 us,  5.5 sy,  0.0 ni, 82.0 id,  0.0 wa,  0.0 hi,  0.5 si,  0.0 st
%Cpu(s): 10.3 us,  6.4 sy,  0.0 ni, 82.5 id,  0.0 wa,  0.0 hi,  0.6 si,  0.1 st
%Cpu(s): 12.1 us,  6.5 sy,  0.0 ni, 80.9 id,  0.0 wa,  0.0 hi,  0.5 si,  0.0 st
%Cpu(s): 10.9 us,  6.2 sy,  0.0 ni, 82.7 id,  0.0 wa,  0.0 hi,  0.3 si,  0.0 st
%Cpu(s): 13.0 us,  5.8 sy,  0.0 ni, 80.8 id,  0.0 wa,  0.0 hi,  0.4 si,  0.0 st
%Cpu(s): 12.4 us,  7.4 sy,  0.0 ni, 79.8 id,  0.0 wa,  0.0 hi,  0.4 si,  0.0 st
%Cpu(s): 12.8 us,  6.3 sy,  0.0 ni, 80.3 id,  0.0 wa,  0.0 hi,  0.5 si,  0.0 st
%Cpu(s): 10.4 us,  5.9 sy,  0.0 ni, 83.0 id,  0.0 wa,  0.0 hi,  0.6 si,  0.1 st
%Cpu(s): 12.1 us,  5.1 sy,  0.0 ni, 82.3 id,  0.0 wa,  0.0 hi,  0.4 si,  0.1 st
%Cpu(s): 18.1 us,  4.8 sy,  0.0 ni, 76.8 id,  0.0 wa,  0.0 hi,  0.3 si,  0.0 st
%Cpu(s): 10.7 us,  7.7 sy,  0.0 ni, 81.2 id,  0.0 wa,  0.0 hi,  0.5 si,  0.0 st
%Cpu(s): 11.2 us,  4.8 sy,  0.0 ni, 83.5 id,  0.0 wa,  0.0 hi,  0.5 si,  0.0 st
%Cpu(s): 10.5 us,  5.6 sy,  0.0 ni, 83.4 id,  0.0 wa,  0.0 hi,  0.5 si,  0.0 st
%Cpu(s): 10.3 us,  5.7 sy,  0.0 ni, 83.1 id,  0.1 wa,  0.0 hi,  0.5 si,  0.3 st
%Cpu(s): 10.8 us,  6.3 sy,  0.0 ni, 82.4 id,  0.0 wa,  0.0 hi,  0.5 si,  0.0 st
%Cpu(s): 10.0 us,  6.9 sy,  0.0 ni, 82.6 id,  0.0 wa,  0.0 hi,  0.5 si,  0.0 st
%Cpu(s): 13.2 us,  6.6 sy,  0.0 ni, 79.8 id,  0.0 wa,  0.0 hi,  0.4 si,  0.0 st
%Cpu(s): 10.9 us,  6.4 sy,  0.0 ni, 82.5 id,  0.0 wa,  0.0 hi,  0.3 si,  0.0 st
%Cpu(s): 14.2 us,  5.5 sy,  0.0 ni, 79.8 id,  0.0 wa,  0.0 hi,  0.4 si,  0.0 st
%Cpu(s): 20.2 us,  5.8 sy,  0.0 ni, 73.3 id,  0.0 wa,  0.0 hi,  0.6 si,  0.0 st
%Cpu(s): 18.9 us,  6.0 sy,  0.0 ni, 74.4 id,  0.0 wa,  0.0 hi,  0.5 si,  0.1 st
%Cpu(s): 10.4 us,  5.2 sy,  0.0 ni, 84.3 id,  0.0 wa,  0.0 hi,  0.1 si,  0.0 st
%Cpu(s): 13.7 us,  5.7 sy,  0.0 ni, 80.1 id,  0.0 wa,  0.0 hi,  0.5 si,  0.0 st
%Cpu(s): 22.7 us,  6.1 sy,  0.0 ni, 70.7 id,  0.0 wa,  0.0 hi,  0.5 si,  0.0 st
%Cpu(s): 12.5 us,  6.5 sy,  0.0 ni, 80.2 id,  0.0 wa,  0.0 hi,  0.6 si,  0.1 st
%Cpu(s): 10.4 us,  5.6 sy,  0.0 ni, 83.8 id,  0.0 wa,  0.0 hi,  0.3 si,  0.0 st
%Cpu(s): 10.4 us,  6.3 sy,  0.0 ni, 83.0 id,  0.0 wa,  0.0 hi,  0.3 si,  0.0 st
%Cpu(s): 10.5 us,  6.5 sy,  0.0 ni, 82.8 id,  0.0 wa,  0.0 hi,  0.3 si,  0.0 st
%Cpu(s):  9.6 us,  5.3 sy,  0.0 ni, 84.7 id,  0.0 wa,  0.0 hi,  0.4 si,  0.0 st
%Cpu(s):  9.9 us,  6.3 sy,  0.0 ni, 83.2 id,  0.0 wa,  0.0 hi,  0.6 si,  0.0 st
%Cpu(s):  9.8 us,  5.7 sy,  0.0 ni, 84.0 id,  0.0 wa,  0.0 hi,  0.5 si,  0.0 st
%Cpu(s): 10.1 us,  5.6 sy,  0.0 ni, 83.7 id,  0.0 wa,  0.0 hi,  0.4 si,  0.3 st
%Cpu(s): 10.8 us,  6.0 sy,  0.0 ni, 83.0 id,  0.0 wa,  0.0 hi,  0.3 si,  0.0 st
%Cpu(s):  9.3 us,  6.5 sy,  0.0 ni, 83.8 id,  0.1 wa,  0.0 hi,  0.3 si,  0.0 st
%Cpu(s): 10.0 us,  5.4 sy,  0.0 ni, 84.3 id,  0.0 wa,  0.0 hi,  0.3 si,  0.0 st
%Cpu(s):  9.4 us,  5.0 sy,  0.0 ni, 85.4 id,  0.0 wa,  0.0 hi,  0.3 si,  0.0 st
%Cpu(s):  9.0 us,  6.3 sy,  0.0 ni, 84.0 id,  0.0 wa,  0.0 hi,  0.6 si,  0.0 st
%Cpu(s):  8.8 us,  5.6 sy,  0.0 ni, 85.3 id,  0.0 wa,  0.0 hi,  0.1 si,  0.1 st
%Cpu(s): 11.2 us,  5.8 sy,  0.0 ni, 82.7 id,  0.0 wa,  0.0 hi,  0.3 si,  0.0 st
%Cpu(s):  9.1 us,  6.7 sy,  0.0 ni, 83.5 id,  0.0 wa,  0.0 hi,  0.6 si,  0.0 st
%Cpu(s): 12.2 us,  6.8 sy,  0.0 ni, 80.5 id,  0.0 wa,  0.0 hi,  0.5 si,  0.0 st
%Cpu(s): 10.3 us,  6.0 sy,  0.0 ni, 83.0 id,  0.0 wa,  0.0 hi,  0.8 si,  0.0 st
%Cpu(s):  8.8 us,  6.1 sy,  0.0 ni, 84.3 id,  0.0 wa,  0.0 hi,  0.6 si,  0.1 st
%Cpu(s):  9.1 us,  6.9 sy,  0.0 ni, 83.6 id,  0.0 wa,  0.0 hi,  0.4 si,  0.0 st
%Cpu(s): 11.9 us,  5.8 sy,  0.0 ni, 81.5 id,  0.0 wa,  0.0 hi,  0.8 si,  0.0 st
%Cpu(s): 11.2 us,  6.8 sy,  0.0 ni, 81.9 id,  0.0 wa,  0.0 hi,  0.1 si,  0.0 st
%Cpu(s): 13.1 us,  6.8 sy,  0.0 ni, 79.7 id,  0.0 wa,  0.0 hi,  0.4 si,  0.0 st
%Cpu(s): 10.2 us,  5.8 sy,  0.0 ni, 83.6 id,  0.0 wa,  0.0 hi,  0.3 si,  0.1 st
%Cpu(s): 24.7 us,  4.9 sy,  0.0 ni, 69.5 id,  0.0 wa,  0.0 hi,  0.8 si,  0.0 st
%Cpu(s): 34.9 us,  6.9 sy,  0.0 ni, 57.5 id,  0.0 wa,  0.0 hi,  0.6 si,  0.1 st
%Cpu(s): 19.1 us,  6.2 sy,  0.0 ni, 74.3 id,  0.0 wa,  0.0 hi,  0.4 si,  0.0 st
%Cpu(s): 13.0 us,  5.1 sy,  0.0 ni, 81.6 id,  0.0 wa,  0.0 hi,  0.4 si,  0.0 st
%Cpu(s): 13.0 us,  5.1 sy,  0.0 ni, 81.6 id,  0.0 wa,  0.0 hi,  0.4 si,  0.0 st
%Cpu(s):  6.1 us,  3.0 sy,  0.0 ni, 90.5 id,  0.1 wa,  0.0 hi,  0.3 si,  0.0 st
%Cpu(s):  3.5 us,  2.9 sy,  0.0 ni, 93.3 id,  0.0 wa,  0.0 hi,  0.1 si,  0.1 st
