%Cpu(s):  1.5 us,  0.3 sy,  0.0 ni, 98.2 id,  0.0 wa,  0.0 hi,  0.0 si,  0.0 st
%Cpu(s):  6.2 us,  1.9 sy,  0.0 ni, 91.9 id,  0.0 wa,  0.0 hi,  0.0 si,  0.0 st
%Cpu(s): 82.7 us,  5.0 sy,  0.0 ni, 12.1 id,  0.0 wa,  0.0 hi,  0.0 si,  0.1 st
%Cpu(s): 79.0 us,  3.4 sy,  0.0 ni, 17.4 id,  0.0 wa,  0.0 hi,  0.0 si,  0.1 st
%Cpu(s): 92.8 us,  3.0 sy,  0.0 ni,  4.2 id,  0.0 wa,  0.0 hi,  0.0 si,  0.0 st
%Cpu(s): 96.6 us,  2.3 sy,  0.0 ni,  1.0 id,  0.0 wa,  0.0 hi,  0.1 si,  0.0 st
%Cpu(s): 92.3 us,  2.4 sy,  0.0 ni,  5.4 id,  0.0 wa,  0.0 hi,  0.0 si,  0.0 st
%Cpu(s): 19.6 us,  2.0 sy,  0.0 ni, 78.3 id,  0.0 wa,  0.0 hi,  0.0 si,  0.0 st
%Cpu(s):  8.1 us,  1.7 sy,  0.0 ni, 90.1 id,  0.0 wa,  0.0 hi,  0.0 si,  0.0 st
%Cpu(s):  3.8 us,  2.4 sy,  0.0 ni, 93.7 id,  0.0 wa,  0.0 hi,  0.0 si,  0.1 st
%Cpu(s): 10.0 us,  3.0 sy,  0.0 ni, 86.6 id,  0.0 wa,  0.0 hi,  0.1 si,  0.3 st
%Cpu(s):  9.6 us,  1.6 sy,  0.0 ni, 88.6 id,  0.0 wa,  0.0 hi,  0.0 si,  0.1 st
%Cpu(s):  8.0 us,  1.4 sy,  0.0 ni, 90.0 id,  0.0 wa,  0.0 hi,  0.0 si,  0.6 st
%Cpu(s):  2.8 us,  4.3 sy,  0.0 ni, 91.5 id,  0.0 wa,  0.0 hi,  0.1 si,  1.2 st
%Cpu(s):  3.9 us,  4.1 sy,  0.0 ni, 90.9 id,  0.0 wa,  0.0 hi,  0.0 si,  1.1 st
%Cpu(s):  9.6 us,  3.8 sy,  0.0 ni, 86.2 id,  0.1 wa,  0.0 hi,  0.0 si,  0.3 st
%Cpu(s): 17.9 us,  3.2 sy,  0.0 ni, 78.7 id,  0.0 wa,  0.0 hi,  0.1 si,  0.1 st
%Cpu(s): 78.8 us,  6.9 sy,  0.0 ni, 12.8 id,  0.0 wa,  0.0 hi,  1.5 si,  0.0 st
%Cpu(s): 88.9 us,  8.9 sy,  0.0 ni,  0.6 id,  0.0 wa,  0.0 hi,  1.6 si,  0.0 st
%Cpu(s): 87.2 us, 10.6 sy,  0.0 ni,  0.4 id,  0.0 wa,  0.0 hi,  1.9 si,  0.0 st
%Cpu(s): 88.0 us,  9.4 sy,  0.0 ni,  1.0 id,  0.0 wa,  0.0 hi,  1.6 si,  0.0 st
%Cpu(s): 88.1 us,  9.6 sy,  0.0 ni,  0.7 id,  0.0 wa,  0.0 hi,  1.6 si,  0.0 st
%Cpu(s): 88.8 us,  8.2 sy,  0.0 ni,  0.9 id,  0.0 wa,  0.0 hi,  2.0 si,  0.1 st
%Cpu(s): 77.4 us,  8.2 sy,  0.0 ni, 12.9 id,  0.0 wa,  0.0 hi,  1.5 si,  0.0 st
%Cpu(s): 54.5 us,  8.0 sy,  0.0 ni, 35.5 id,  0.0 wa,  0.0 hi,  1.9 si,  0.1 st
%Cpu(s): 38.5 us,  6.7 sy,  0.0 ni, 53.3 id,  0.0 wa,  0.0 hi,  1.5 si,  0.0 st
%Cpu(s): 23.4 us,  7.3 sy,  0.0 ni, 67.9 id,  0.1 wa,  0.0 hi,  1.3 si,  0.0 st
%Cpu(s): 17.1 us,  7.6 sy,  0.0 ni, 73.7 id,  0.0 wa,  0.0 hi,  1.3 si,  0.3 st
%Cpu(s): 17.6 us,  6.5 sy,  0.0 ni, 74.6 id,  0.0 wa,  0.0 hi,  1.4 si,  0.0 st
%Cpu(s): 22.0 us,  6.6 sy,  0.0 ni, 69.9 id,  0.0 wa,  0.0 hi,  1.3 si,  0.3 st
%Cpu(s): 14.7 us,  8.5 sy,  0.0 ni, 74.9 id,  0.5 wa,  0.0 hi,  1.1 si,  0.3 st
%Cpu(s): 15.4 us,  6.7 sy,  0.0 ni, 76.7 id,  0.0 wa,  0.0 hi,  1.1 si,  0.0 st
%Cpu(s): 23.0 us,  7.2 sy,  0.0 ni, 68.5 id,  0.0 wa,  0.0 hi,  1.2 si,  0.0 st
%Cpu(s): 37.2 us,  6.4 sy,  0.0 ni, 55.1 id,  0.0 wa,  0.0 hi,  1.3 si,  0.1 st
%Cpu(s): 18.9 us,  6.1 sy,  0.0 ni, 73.4 id,  0.0 wa,  0.0 hi,  1.4 si,  0.1 st
%Cpu(s): 14.5 us,  7.2 sy,  0.0 ni, 76.5 id,  0.0 wa,  0.0 hi,  1.8 si,  0.1 st
%Cpu(s): 12.4 us,  7.0 sy,  0.0 ni, 79.2 id,  0.0 wa,  0.0 hi,  1.4 si,  0.0 st
%Cpu(s): 15.5 us,  6.2 sy,  0.0 ni, 76.8 id,  0.0 wa,  0.0 hi,  1.4 si,  0.1 st
%Cpu(s): 22.8 us,  7.0 sy,  0.0 ni, 68.9 id,  0.0 wa,  0.0 hi,  1.0 si,  0.3 st
%Cpu(s): 16.3 us,  7.0 sy,  0.0 ni, 75.3 id,  0.0 wa,  0.0 hi,  1.1 si,  0.3 st
%Cpu(s): 12.0 us,  6.9 sy,  0.0 ni, 79.1 id,  0.0 wa,  0.0 hi,  1.5 si,  0.5 st
%Cpu(s): 13.3 us,  6.5 sy,  0.0 ni, 79.0 id,  0.0 wa,  0.0 hi,  1.2 si,  0.0 st
%Cpu(s): 14.6 us,  6.4 sy,  0.0 ni, 77.0 id,  0.0 wa,  0.0 hi,  1.3 si,  0.8 st
%Cpu(s): 13.6 us,  7.2 sy,  0.0 ni, 77.8 id,  0.0 wa,  0.0 hi,  1.4 si,  0.0 st
%Cpu(s): 11.6 us,  7.8 sy,  0.0 ni, 79.1 id,  0.0 wa,  0.0 hi,  1.1 si,  0.3 st
%Cpu(s): 14.5 us,  7.4 sy,  0.0 ni, 76.8 id,  0.0 wa,  0.0 hi,  1.3 si,  0.0 st
%Cpu(s): 12.5 us,  6.7 sy,  0.0 ni, 79.4 id,  0.0 wa,  0.0 hi,  1.3 si,  0.1 st
%Cpu(s): 22.3 us,  6.2 sy,  0.0 ni, 70.2 id,  0.0 wa,  0.0 hi,  1.1 si,  0.1 st
%Cpu(s): 26.8 us,  7.0 sy,  0.0 ni, 64.4 id,  0.0 wa,  0.0 hi,  1.7 si,  0.1 st
%Cpu(s): 15.2 us,  6.9 sy,  0.0 ni, 76.8 id,  0.0 wa,  0.0 hi,  1.1 si,  0.0 st
%Cpu(s): 15.1 us,  7.3 sy,  0.0 ni, 76.3 id,  0.0 wa,  0.0 hi,  1.1 si,  0.1 st
%Cpu(s): 16.6 us,  6.5 sy,  0.0 ni, 75.9 id,  0.0 wa,  0.0 hi,  1.0 si,  0.0 st
%Cpu(s): 20.9 us,  8.3 sy,  0.0 ni, 68.8 id,  0.0 wa,  0.0 hi,  2.0 si,  0.1 st
%Cpu(s): 16.1 us,  7.1 sy,  0.0 ni, 75.2 id,  0.0 wa,  0.0 hi,  1.5 si,  0.0 st
%Cpu(s): 12.3 us,  7.8 sy,  0.0 ni, 78.7 id,  0.0 wa,  0.0 hi,  1.0 si,  0.1 st
%Cpu(s): 11.7 us,  6.5 sy,  0.0 ni, 80.0 id,  0.0 wa,  0.0 hi,  1.7 si,  0.1 st
%Cpu(s): 13.2 us,  7.2 sy,  0.0 ni, 78.4 id,  0.0 wa,  0.0 hi,  1.1 si,  0.0 st
%Cpu(s): 11.3 us,  7.1 sy,  0.0 ni, 80.2 id,  0.0 wa,  0.0 hi,  1.3 si,  0.1 st
%Cpu(s): 11.9 us,  6.8 sy,  0.0 ni, 79.6 id,  0.0 wa,  0.0 hi,  1.7 si,  0.0 st
%Cpu(s): 11.4 us,  6.6 sy,  0.0 ni, 80.2 id,  0.0 wa,  0.0 hi,  1.6 si,  0.1 st
%Cpu(s): 11.4 us,  6.7 sy,  0.0 ni, 80.3 id,  0.1 wa,  0.0 hi,  1.5 si,  0.0 st
%Cpu(s): 12.1 us,  6.8 sy,  0.0 ni, 79.6 id,  0.0 wa,  0.0 hi,  1.4 si,  0.1 st
%Cpu(s): 13.4 us,  5.5 sy,  0.0 ni, 79.4 id,  0.0 wa,  0.0 hi,  1.5 si,  0.1 st
%Cpu(s): 12.8 us,  7.1 sy,  0.0 ni, 78.7 id,  0.0 wa,  0.0 hi,  1.3 si,  0.1 st
%Cpu(s): 13.2 us,  7.2 sy,  0.0 ni, 77.9 id,  0.0 wa,  0.0 hi,  1.6 si,  0.0 st
%Cpu(s): 12.2 us,  5.5 sy,  0.0 ni, 81.3 id,  0.0 wa,  0.0 hi,  0.9 si,  0.1 st
%Cpu(s): 15.0 us,  7.3 sy,  0.0 ni, 75.9 id,  0.0 wa,  0.0 hi,  1.6 si,  0.1 st
%Cpu(s): 15.3 us,  7.4 sy,  0.0 ni, 75.6 id,  0.0 wa,  0.0 hi,  1.7 si,  0.0 st
%Cpu(s): 15.8 us,  8.2 sy,  0.0 ni, 74.1 id,  0.0 wa,  0.0 hi,  1.9 si,  0.0 st
%Cpu(s): 16.8 us,  7.7 sy,  0.0 ni, 73.3 id,  0.0 wa,  0.0 hi,  2.0 si,  0.3 st
%Cpu(s): 14.9 us,  6.7 sy,  0.0 ni, 77.5 id,  0.0 wa,  0.0 hi,  0.9 si,  0.0 st
%Cpu(s):  4.9 us,  4.7 sy,  0.0 ni, 90.1 id,  0.0 wa,  0.0 hi,  0.3 si,  0.0 st
%Cpu(s): 12.0 us,  3.9 sy,  0.0 ni, 83.6 id,  0.0 wa,  0.0 hi,  0.4 si,  0.1 st
%Cpu(s):  7.8 us,  4.7 sy,  0.0 ni, 86.9 id,  0.0 wa,  0.0 hi,  0.5 si,  0.1 st
%Cpu(s): 10.3 us,  5.0 sy,  0.0 ni, 84.6 id,  0.0 wa,  0.0 hi,  0.1 si,  0.0 st
