%Cpu(s):  1.5 us,  0.2 sy,  0.0 ni, 98.3 id,  0.0 wa,  0.0 hi,  0.0 si,  0.0 st
%Cpu(s): 74.8 us,  5.8 sy,  0.0 ni, 19.3 id,  0.0 wa,  0.0 hi,  0.0 si,  0.1 st
%Cpu(s): 78.5 us,  3.1 sy,  0.0 ni, 18.4 id,  0.0 wa,  0.0 hi,  0.0 si,  0.0 st
%Cpu(s): 89.6 us,  2.6 sy,  0.0 ni,  7.8 id,  0.0 wa,  0.0 hi,  0.0 si,  0.0 st
%Cpu(s): 94.9 us,  2.3 sy,  0.0 ni,  2.9 id,  0.0 wa,  0.0 hi,  0.0 si,  0.0 st
%Cpu(s): 94.3 us,  3.4 sy,  0.0 ni,  2.4 id,  0.0 wa,  0.0 hi,  0.0 si,  0.0 st
%Cpu(s): 70.0 us,  2.9 sy,  0.0 ni, 26.9 id,  0.0 wa,  0.0 hi,  0.3 si,  0.0 st
%Cpu(s):  4.5 us,  1.0 sy,  0.0 ni, 94.4 id,  0.0 wa,  0.0 hi,  0.0 si,  0.1 st
%Cpu(s):  3.6 us,  0.8 sy,  0.0 ni, 95.6 id,  0.0 wa,  0.0 hi,  0.0 si,  0.0 st
%Cpu(s):  2.7 us,  0.7 sy,  0.0 ni, 96.5 id,  0.0 wa,  0.0 hi,  0.0 si,  0.0 st
%Cpu(s):  5.3 us,  0.9 sy,  0.0 ni, 93.9 id,  0.0 wa,  0.0 hi,  0.0 si,  0.0 st
%Cpu(s):  5.0 us,  1.1 sy,  0.0 ni, 93.8 id,  0.0 wa,  0.0 hi,  0.0 si,  0.1 st
%Cpu(s):  3.3 us,  1.5 sy,  0.0 ni, 95.0 id,  0.0 wa,  0.0 hi,  0.1 si,  0.1 st
%Cpu(s):  1.0 us,  1.1 sy,  0.0 ni, 97.9 id,  0.0 wa,  0.0 hi,  0.0 si,  0.0 st
%Cpu(s):  2.4 us,  1.2 sy,  0.0 ni, 96.1 id,  0.0 wa,  0.0 hi,  0.1 si,  0.1 st
%Cpu(s): 10.5 us,  2.8 sy,  0.0 ni, 86.7 id,  0.0 wa,  0.0 hi,  0.0 si,  0.0 st
%Cpu(s): 23.8 us,  3.7 sy,  0.0 ni, 72.3 id,  0.0 wa,  0.0 hi,  0.1 si,  0.0 st
%Cpu(s): 87.3 us,  7.9 sy,  0.0 ni,  3.4 id,  0.0 wa,  0.0 hi,  1.4 si,  0.0 st
%Cpu(s): 87.1 us, 10.2 sy,  0.0 ni,  0.8 id,  0.0 wa,  0.0 hi,  1.9 si,  0.0 st
%Cpu(s): 86.8 us, 10.3 sy,  0.0 ni,  0.5 id,  0.0 wa,  0.0 hi,  2.4 si,  0.0 st
%Cpu(s): 85.9 us, 10.0 sy,  0.0 ni,  1.8 id,  0.0 wa,  0.0 hi,  2.4 si,  0.0 st
%Cpu(s): 86.7 us,  8.6 sy,  0.0 ni,  2.8 id,  0.0 wa,  0.0 hi,  1.9 si,  0.0 st
%Cpu(s): 86.9 us,  8.7 sy,  0.0 ni,  2.0 id,  0.0 wa,  0.0 hi,  2.4 si,  0.0 st
%Cpu(s): 64.9 us,  9.7 sy,  0.0 ni, 23.7 id,  0.0 wa,  0.0 hi,  1.6 si,  0.0 st
%Cpu(s): 71.8 us,  9.0 sy,  0.0 ni, 17.3 id,  0.0 wa,  0.0 hi,  1.9 si,  0.0 st
%Cpu(s): 74.3 us,  8.1 sy,  0.0 ni, 15.7 id,  0.0 wa,  0.0 hi,  1.9 si,  0.0 st
%Cpu(s): 37.6 us,  8.5 sy,  0.0 ni, 52.1 id,  0.0 wa,  0.0 hi,  1.8 si,  0.0 st
%Cpu(s): 17.6 us,  8.4 sy,  0.0 ni, 73.0 id,  0.0 wa,  0.0 hi,  1.0 si,  0.0 st
%Cpu(s): 15.0 us,  8.2 sy,  0.0 ni, 75.4 id,  0.0 wa,  0.0 hi,  1.4 si,  0.0 st
%Cpu(s): 13.0 us,  8.4 sy,  0.0 ni, 77.0 id,  0.0 wa,  0.0 hi,  1.6 si,  0.0 st
%Cpu(s): 33.7 us,  7.6 sy,  0.0 ni, 56.4 id,  0.0 wa,  0.0 hi,  2.3 si,  0.0 st
%Cpu(s): 25.9 us,  7.6 sy,  0.0 ni, 65.8 id,  0.0 wa,  0.0 hi,  0.8 si,  0.0 st
%Cpu(s): 15.6 us,  7.7 sy,  0.0 ni, 75.4 id,  0.0 wa,  0.0 hi,  1.3 si,  0.0 st
%Cpu(s): 11.4 us,  7.5 sy,  0.0 ni, 79.8 id,  0.0 wa,  0.0 hi,  1.2 si,  0.0 st
%Cpu(s): 12.9 us,  7.7 sy,  0.0 ni, 77.8 id,  0.0 wa,  0.0 hi,  1.5 si,  0.0 st
%Cpu(s): 12.7 us,  9.0 sy,  0.0 ni, 77.4 id,  0.0 wa,  0.0 hi,  1.0 si,  0.0 st
%Cpu(s): 11.8 us,  7.8 sy,  0.0 ni, 79.0 id,  0.0 wa,  0.0 hi,  1.3 si,  0.1 st
%Cpu(s): 12.0 us,  7.1 sy,  0.0 ni, 79.1 id,  0.1 wa,  0.0 hi,  1.7 si,  0.0 st
%Cpu(s): 12.6 us,  7.7 sy,  0.0 ni, 77.8 id,  0.0 wa,  0.0 hi,  1.9 si,  0.0 st
%Cpu(s): 11.2 us,  7.2 sy,  0.0 ni, 80.1 id,  0.0 wa,  0.0 hi,  1.5 si,  0.0 st
%Cpu(s): 10.4 us,  7.2 sy,  0.0 ni, 80.5 id,  0.0 wa,  0.0 hi,  1.8 si,  0.1 st
%Cpu(s): 12.8 us,  7.1 sy,  0.0 ni, 78.8 id,  0.0 wa,  0.0 hi,  1.3 si,  0.0 st
%Cpu(s): 13.4 us,  7.9 sy,  0.0 ni, 76.8 id,  0.0 wa,  0.0 hi,  1.9 si,  0.0 st
%Cpu(s): 12.9 us,  7.5 sy,  0.0 ni, 77.8 id,  0.0 wa,  0.0 hi,  1.7 si,  0.1 st
%Cpu(s): 12.0 us,  7.7 sy,  0.0 ni, 79.0 id,  0.0 wa,  0.0 hi,  1.3 si,  0.0 st
%Cpu(s): 11.8 us,  7.8 sy,  0.0 ni, 78.8 id,  0.0 wa,  0.0 hi,  1.7 si,  0.0 st
%Cpu(s): 14.3 us,  7.0 sy,  0.0 ni, 76.7 id,  0.0 wa,  0.0 hi,  2.0 si,  0.0 st
%Cpu(s): 30.8 us,  7.1 sy,  0.0 ni, 61.0 id,  0.0 wa,  0.0 hi,  1.2 si,  0.0 st
%Cpu(s): 20.3 us,  8.0 sy,  0.0 ni, 70.0 id,  0.0 wa,  0.0 hi,  1.8 si,  0.0 st
%Cpu(s): 14.1 us,  6.9 sy,  0.0 ni, 77.7 id,  0.0 wa,  0.0 hi,  1.3 si,  0.0 st
%Cpu(s): 19.3 us,  7.2 sy,  0.0 ni, 71.5 id,  0.0 wa,  0.0 hi,  1.9 si,  0.0 st
%Cpu(s): 20.9 us,  8.1 sy,  0.0 ni, 69.2 id,  0.0 wa,  0.0 hi,  1.8 si,  0.0 st
%Cpu(s): 10.7 us,  7.2 sy,  0.0 ni, 80.8 id,  0.0 wa,  0.0 hi,  1.2 si,  0.1 st
%Cpu(s): 11.4 us,  6.8 sy,  0.0 ni, 80.6 id,  0.0 wa,  0.0 hi,  1.2 si,  0.0 st
%Cpu(s): 13.9 us,  8.4 sy,  0.0 ni, 76.3 id,  0.0 wa,  0.0 hi,  1.4 si,  0.0 st
%Cpu(s): 11.7 us,  7.3 sy,  0.0 ni, 79.7 id,  0.0 wa,  0.0 hi,  1.3 si,  0.0 st
%Cpu(s): 12.9 us,  6.9 sy,  0.0 ni, 78.3 id,  0.0 wa,  0.0 hi,  1.9 si,  0.0 st
%Cpu(s): 12.5 us,  8.5 sy,  0.0 ni, 77.6 id,  0.0 wa,  0.0 hi,  1.4 si,  0.0 st
%Cpu(s): 11.0 us,  8.4 sy,  0.0 ni, 79.0 id,  0.0 wa,  0.0 hi,  1.7 si,  0.0 st
%Cpu(s): 12.4 us,  7.3 sy,  0.0 ni, 78.4 id,  0.0 wa,  0.0 hi,  2.0 si,  0.0 st
%Cpu(s): 14.2 us,  8.6 sy,  0.0 ni, 75.3 id,  0.0 wa,  0.0 hi,  1.8 si,  0.1 st
%Cpu(s): 13.9 us,  8.7 sy,  0.0 ni, 75.1 id,  0.1 wa,  0.0 hi,  2.2 si,  0.0 st
%Cpu(s): 12.7 us,  7.1 sy,  0.0 ni, 78.2 id,  0.0 wa,  0.0 hi,  1.9 si,  0.0 st
%Cpu(s): 12.4 us,  9.6 sy,  0.0 ni, 76.3 id,  0.0 wa,  0.0 hi,  1.6 si,  0.0 st
%Cpu(s): 12.7 us,  8.1 sy,  0.0 ni, 77.4 id,  0.0 wa,  0.0 hi,  1.9 si,  0.0 st
%Cpu(s): 12.5 us,  8.9 sy,  0.0 ni, 76.9 id,  0.0 wa,  0.0 hi,  1.7 si,  0.0 st
%Cpu(s): 17.2 us,  9.0 sy,  0.0 ni, 72.1 id,  0.0 wa,  0.0 hi,  1.7 si,  0.0 st
%Cpu(s): 16.8 us, 10.7 sy,  0.0 ni, 70.3 id,  0.0 wa,  0.0 hi,  2.2 si,  0.0 st
%Cpu(s):  5.8 us,  5.3 sy,  0.0 ni, 87.9 id,  0.0 wa,  0.0 hi,  0.9 si,  0.0 st
%Cpu(s):  3.3 us,  3.0 sy,  0.0 ni, 92.8 id,  0.0 wa,  0.0 hi,  0.6 si,  0.3 st
%Cpu(s):  2.5 us,  3.4 sy,  0.0 ni, 93.4 id,  0.0 wa,  0.0 hi,  0.6 si,  0.0 st
%Cpu(s):  3.1 us,  4.1 sy,  0.0 ni, 92.4 id,  0.0 wa,  0.0 hi,  0.4 si,  0.0 st
%Cpu(s):  7.8 us,  3.1 sy,  0.0 ni, 88.4 id,  0.0 wa,  0.0 hi,  0.5 si,  0.1 st
%Cpu(s):  5.3 us,  3.4 sy,  0.0 ni, 90.8 id,  0.0 wa,  0.0 hi,  0.5 si,  0.0 st
%Cpu(s):  4.1 us,  2.3 sy,  0.0 ni, 93.2 id,  0.0 wa,  0.0 hi,  0.4 si,  0.0 st
%Cpu(s):  4.4 us,  2.9 sy,  0.0 ni, 92.8 id,  0.0 wa,  0.0 hi,  0.0 si,  0.0 st
%Cpu(s):  7.4 us,  2.9 sy,  0.0 ni, 89.5 id,  0.0 wa,  0.0 hi,  0.1 si,  0.0 st
%Cpu(s):  7.9 us,  2.9 sy,  0.0 ni, 89.2 id,  0.0 wa,  0.0 hi,  0.0 si,  0.0 st
%Cpu(s):  7.6 us,  2.0 sy,  0.0 ni, 90.3 id,  0.0 wa,  0.0 hi,  0.1 si,  0.0 st
%Cpu(s):  3.2 us,  2.0 sy,  0.0 ni, 94.8 id,  0.0 wa,  0.0 hi,  0.0 si,  0.0 st
%Cpu(s):  2.4 us,  1.1 sy,  0.0 ni, 96.5 id,  0.0 wa,  0.0 hi,  0.0 si,  0.0 st
%Cpu(s):  2.5 us,  1.5 sy,  0.0 ni, 95.8 id,  0.0 wa,  0.0 hi,  0.1 si,  0.1 st
