%Cpu(s):  1.5 us,  0.3 sy,  0.0 ni, 98.2 id,  0.0 wa,  0.0 hi,  0.0 si,  0.0 st
%Cpu(s): 20.1 us,  2.7 sy,  0.0 ni, 76.7 id,  0.0 wa,  0.0 hi,  0.2 si,  0.1 st
%Cpu(s): 87.2 us,  3.4 sy,  0.0 ni,  9.2 id,  0.0 wa,  0.0 hi,  0.0 si,  0.1 st
%Cpu(s): 73.9 us,  2.7 sy,  0.0 ni, 23.5 id,  0.0 wa,  0.0 hi,  0.0 si,  0.0 st
%Cpu(s): 94.7 us,  2.6 sy,  0.0 ni,  2.6 id,  0.0 wa,  0.0 hi,  0.0 si,  0.0 st
%Cpu(s): 95.4 us,  2.6 sy,  0.0 ni,  2.0 id,  0.0 wa,  0.0 hi,  0.0 si,  0.0 st
%Cpu(s): 70.2 us,  3.0 sy,  0.0 ni, 26.5 id,  0.0 wa,  0.0 hi,  0.3 si,  0.0 st
%Cpu(s): 11.8 us,  1.8 sy,  0.0 ni, 86.0 id,  0.0 wa,  0.0 hi,  0.1 si,  0.3 st
%Cpu(s):  6.3 us,  3.4 sy,  0.0 ni, 89.8 id,  0.0 wa,  0.0 hi,  0.1 si,  0.4 st
%Cpu(s):  5.9 us,  1.9 sy,  0.0 ni, 91.9 id,  0.0 wa,  0.0 hi,  0.0 si,  0.3 st
%Cpu(s): 13.3 us,  1.8 sy,  0.0 ni, 84.3 id,  0.3 wa,  0.0 hi,  0.1 si,  0.3 st
%Cpu(s): 11.0 us,  3.0 sy,  0.0 ni, 85.8 id,  0.0 wa,  0.0 hi,  0.1 si,  0.1 st
%Cpu(s): 10.2 us,  4.0 sy,  0.0 ni, 85.5 id,  0.0 wa,  0.0 hi,  0.0 si,  0.3 st
%Cpu(s):  3.6 us,  1.8 sy,  0.0 ni, 94.5 id,  0.0 wa,  0.0 hi,  0.1 si,  0.0 st
%Cpu(s):  3.7 us,  2.3 sy,  0.0 ni, 93.8 id,  0.0 wa,  0.0 hi,  0.1 si,  0.1 st
%Cpu(s):  9.2 us,  3.7 sy,  0.0 ni, 87.1 id,  0.0 wa,  0.0 hi,  0.0 si,  0.0 st
%Cpu(s): 30.5 us,  3.9 sy,  0.0 ni, 65.3 id,  0.0 wa,  0.0 hi,  0.3 si,  0.0 st
%Cpu(s): 83.6 us,  8.2 sy,  0.0 ni,  6.6 id,  0.0 wa,  0.0 hi,  1.5 si,  0.1 st
%Cpu(s): 86.9 us,  9.9 sy,  0.0 ni,  1.2 id,  0.0 wa,  0.0 hi,  2.0 si,  0.0 st
%Cpu(s): 85.9 us,  8.2 sy,  0.0 ni,  3.4 id,  0.0 wa,  0.0 hi,  2.5 si,  0.0 st
%Cpu(s): 86.2 us,  9.0 sy,  0.0 ni,  3.2 id,  0.0 wa,  0.0 hi,  1.6 si,  0.0 st
%Cpu(s): 84.1 us,  9.7 sy,  0.0 ni,  4.1 id,  0.0 wa,  0.0 hi,  2.1 si,  0.0 st
%Cpu(s): 70.8 us,  8.1 sy,  0.0 ni, 18.9 id,  0.0 wa,  0.0 hi,  2.1 si,  0.0 st
%Cpu(s): 59.8 us,  7.1 sy,  0.0 ni, 31.3 id,  0.0 wa,  0.0 hi,  1.7 si,  0.0 st
%Cpu(s): 38.3 us,  6.9 sy,  0.0 ni, 53.1 id,  0.0 wa,  0.0 hi,  1.7 si,  0.0 st
%Cpu(s): 28.7 us,  7.0 sy,  0.0 ni, 62.9 id,  0.0 wa,  0.0 hi,  1.4 si,  0.0 st
%Cpu(s): 17.8 us,  7.4 sy,  0.0 ni, 73.4 id,  0.0 wa,  0.0 hi,  1.4 si,  0.0 st
%Cpu(s): 16.3 us,  8.0 sy,  0.0 ni, 74.0 id,  0.0 wa,  0.0 hi,  1.8 si,  0.0 st
%Cpu(s): 17.6 us,  8.9 sy,  0.0 ni, 71.7 id,  0.0 wa,  0.0 hi,  1.7 si,  0.1 st
%Cpu(s): 45.8 us,  7.2 sy,  0.0 ni, 44.9 id,  0.0 wa,  0.0 hi,  2.1 si,  0.0 st
%Cpu(s): 43.3 us,  7.3 sy,  0.0 ni, 47.8 id,  0.1 wa,  0.0 hi,  1.4 si,  0.0 st
%Cpu(s): 11.0 us,  6.9 sy,  0.0 ni, 80.9 id,  0.0 wa,  0.0 hi,  1.3 si,  0.0 st
%Cpu(s): 12.7 us,  7.7 sy,  0.0 ni, 78.4 id,  0.0 wa,  0.0 hi,  1.3 si,  0.0 st
%Cpu(s): 12.4 us,  6.3 sy,  0.0 ni, 79.1 id,  0.0 wa,  0.0 hi,  2.0 si,  0.1 st
%Cpu(s): 11.9 us,  5.0 sy,  0.0 ni, 81.4 id,  0.0 wa,  0.0 hi,  1.7 si,  0.0 st
%Cpu(s): 21.2 us,  8.2 sy,  0.0 ni, 69.5 id,  0.0 wa,  0.0 hi,  1.1 si,  0.0 st
%Cpu(s): 12.3 us,  5.7 sy,  0.0 ni, 80.9 id,  0.0 wa,  0.0 hi,  1.2 si,  0.0 st
%Cpu(s): 11.9 us,  6.4 sy,  0.0 ni, 80.1 id,  0.0 wa,  0.0 hi,  1.6 si,  0.0 st
%Cpu(s): 11.7 us,  6.4 sy,  0.0 ni, 80.7 id,  0.0 wa,  0.0 hi,  1.0 si,  0.1 st
%Cpu(s): 12.0 us,  8.4 sy,  0.0 ni, 77.7 id,  0.0 wa,  0.0 hi,  1.9 si,  0.0 st
%Cpu(s): 14.3 us,  8.1 sy,  0.0 ni, 75.9 id,  0.0 wa,  0.0 hi,  1.6 si,  0.0 st
%Cpu(s): 11.9 us,  7.0 sy,  0.0 ni, 79.3 id,  0.0 wa,  0.0 hi,  1.8 si,  0.0 st
%Cpu(s): 12.8 us,  7.8 sy,  0.0 ni, 77.5 id,  0.0 wa,  0.0 hi,  1.9 si,  0.0 st
%Cpu(s): 13.1 us,  6.6 sy,  0.0 ni, 78.1 id,  0.0 wa,  0.0 hi,  2.0 si,  0.1 st
%Cpu(s): 11.6 us,  7.0 sy,  0.0 ni, 79.6 id,  0.0 wa,  0.0 hi,  1.8 si,  0.0 st
%Cpu(s): 13.9 us,  7.5 sy,  0.0 ni, 76.4 id,  0.0 wa,  0.0 hi,  2.1 si,  0.0 st
%Cpu(s): 14.5 us,  6.8 sy,  0.0 ni, 77.0 id,  0.0 wa,  0.0 hi,  1.6 si,  0.0 st
%Cpu(s): 27.4 us,  6.0 sy,  0.0 ni, 65.1 id,  0.0 wa,  0.0 hi,  1.5 si,  0.0 st
%Cpu(s): 20.0 us,  7.8 sy,  0.0 ni, 70.7 id,  0.0 wa,  0.0 hi,  1.5 si,  0.0 st
%Cpu(s): 12.5 us,  6.0 sy,  0.0 ni, 79.9 id,  0.0 wa,  0.0 hi,  1.5 si,  0.0 st
%Cpu(s): 19.8 us,  6.9 sy,  0.0 ni, 71.6 id,  0.0 wa,  0.0 hi,  1.5 si,  0.1 st
%Cpu(s): 18.5 us,  7.8 sy,  0.0 ni, 72.3 id,  0.0 wa,  0.0 hi,  1.4 si,  0.0 st
%Cpu(s): 15.5 us,  7.0 sy,  0.0 ni, 75.9 id,  0.0 wa,  0.0 hi,  1.6 si,  0.0 st
%Cpu(s): 11.9 us,  7.5 sy,  0.0 ni, 79.2 id,  0.0 wa,  0.0 hi,  1.4 si,  0.0 st
%Cpu(s): 12.5 us,  8.1 sy,  0.0 ni, 77.6 id,  0.0 wa,  0.0 hi,  1.8 si,  0.1 st
%Cpu(s): 12.2 us,  6.7 sy,  0.0 ni, 79.4 id,  0.0 wa,  0.0 hi,  1.6 si,  0.0 st
%Cpu(s): 13.0 us,  7.0 sy,  0.0 ni, 78.8 id,  0.0 wa,  0.0 hi,  1.1 si,  0.0 st
%Cpu(s): 12.3 us,  8.4 sy,  0.0 ni, 77.9 id,  0.0 wa,  0.0 hi,  1.4 si,  0.0 st
%Cpu(s): 13.3 us,  6.0 sy,  0.0 ni, 78.8 id,  0.0 wa,  0.0 hi,  1.9 si,  0.0 st
%Cpu(s): 12.6 us,  6.7 sy,  0.0 ni, 78.6 id,  0.0 wa,  0.0 hi,  2.1 si,  0.0 st
%Cpu(s): 12.9 us,  6.3 sy,  0.0 ni, 79.7 id,  0.0 wa,  0.0 hi,  1.2 si,  0.0 st
%Cpu(s): 13.5 us,  7.0 sy,  0.0 ni, 78.3 id,  0.0 wa,  0.0 hi,  1.3 si,  0.0 st
%Cpu(s): 10.9 us,  6.8 sy,  0.0 ni, 80.7 id,  0.0 wa,  0.0 hi,  1.4 si,  0.1 st
%Cpu(s): 11.9 us,  7.5 sy,  0.0 ni, 78.1 id,  0.0 wa,  0.0 hi,  2.3 si,  0.1 st
%Cpu(s): 13.6 us,  7.4 sy,  0.0 ni, 77.5 id,  0.0 wa,  0.0 hi,  1.5 si,  0.0 st
%Cpu(s): 14.4 us,  8.2 sy,  0.0 ni, 76.1 id,  0.0 wa,  0.0 hi,  1.4 si,  0.0 st
%Cpu(s): 13.8 us,  7.1 sy,  0.0 ni, 78.1 id,  0.0 wa,  0.0 hi,  1.0 si,  0.0 st
%Cpu(s):  8.0 us,  5.8 sy,  0.0 ni, 85.3 id,  0.0 wa,  0.0 hi,  0.9 si,  0.0 st
%Cpu(s):  4.0 us,  4.9 sy,  0.0 ni, 90.3 id,  0.0 wa,  0.0 hi,  0.8 si,  0.0 st
%Cpu(s):  6.6 us,  4.8 sy,  0.0 ni, 88.3 id,  0.0 wa,  0.0 hi,  0.4 si,  0.0 st
%Cpu(s):  7.6 us,  4.6 sy,  0.0 ni, 87.1 id,  0.1 wa,  0.0 hi,  0.5 si,  0.1 st
%Cpu(s):  5.3 us,  5.9 sy,  0.0 ni, 88.6 id,  0.0 wa,  0.0 hi,  0.3 si,  0.0 st
%Cpu(s):  8.6 us,  3.6 sy,  0.0 ni, 87.2 id,  0.0 wa,  0.0 hi,  0.5 si,  0.1 st
%Cpu(s):  8.2 us,  3.8 sy,  0.0 ni, 87.6 id,  0.0 wa,  0.0 hi,  0.3 si,  0.1 st
%Cpu(s):  7.1 us,  4.3 sy,  0.0 ni, 87.8 id,  0.0 wa,  0.0 hi,  0.6 si,  0.1 st
%Cpu(s):  7.5 us,  4.0 sy,  0.0 ni, 88.3 id,  0.0 wa,  0.0 hi,  0.3 si,  0.0 st
%Cpu(s): 13.0 us,  3.9 sy,  0.0 ni, 82.8 id,  0.0 wa,  0.0 hi,  0.1 si,  0.1 st
%Cpu(s): 14.1 us,  3.9 sy,  0.0 ni, 81.6 id,  0.0 wa,  0.0 hi,  0.4 si,  0.0 st
