%Cpu(s):  1.4 us,  0.1 sy,  0.0 ni, 98.4 id,  0.0 wa,  0.0 hi,  0.0 si,  0.0 st
%Cpu(s): 30.0 us,  0.6 sy,  0.0 ni, 69.3 id,  0.1 wa,  0.0 hi,  0.0 si,  0.0 st
%Cpu(s):  3.1 us,  1.0 sy,  0.0 ni, 95.9 id,  0.0 wa,  0.0 hi,  0.0 si,  0.0 st
%Cpu(s):  6.5 us,  0.9 sy,  0.0 ni, 92.6 id,  0.0 wa,  0.0 hi,  0.0 si,  0.0 st
%Cpu(s): 23.4 us,  2.2 sy,  0.0 ni, 74.3 id,  0.0 wa,  0.0 hi,  0.1 si,  0.0 st
%Cpu(s): 91.0 us,  6.1 sy,  0.0 ni,  1.9 id,  0.0 wa,  0.0 hi,  1.1 si,  0.0 st
%Cpu(s): 88.3 us,  9.6 sy,  0.0 ni,  0.5 id,  0.0 wa,  0.0 hi,  1.6 si,  0.0 st
%Cpu(s): 87.2 us,  9.9 sy,  0.0 ni,  0.1 id,  0.0 wa,  0.0 hi,  2.7 si,  0.0 st
%Cpu(s): 88.4 us,  9.2 sy,  0.0 ni,  0.1 id,  0.0 wa,  0.0 hi,  2.2 si,  0.0 st
%Cpu(s): 89.1 us,  9.1 sy,  0.0 ni,  0.0 id,  0.0 wa,  0.0 hi,  1.7 si,  0.1 st
%Cpu(s): 87.4 us, 10.1 sy,  0.0 ni,  0.0 id,  0.0 wa,  0.0 hi,  2.5 si,  0.0 st
%Cpu(s): 86.5 us, 10.1 sy,  0.0 ni,  0.0 id,  0.0 wa,  0.0 hi,  3.2 si,  0.1 st
%Cpu(s): 86.6 us, 10.0 sy,  0.0 ni,  0.2 id,  0.0 wa,  0.0 hi,  3.2 si,  0.0 st
%Cpu(s): 85.9 us, 10.3 sy,  0.0 ni,  1.1 id,  0.0 wa,  0.0 hi,  2.7 si,  0.0 st
%Cpu(s): 87.0 us, 10.1 sy,  0.0 ni,  0.1 id,  0.0 wa,  0.0 hi,  2.7 si,  0.0 st
%Cpu(s): 87.4 us,  9.4 sy,  0.0 ni,  0.1 id,  0.0 wa,  0.0 hi,  3.0 si,  0.1 st
%Cpu(s): 88.8 us,  8.2 sy,  0.0 ni,  0.1 id,  0.0 wa,  0.0 hi,  2.7 si,  0.1 st
%Cpu(s): 86.8 us, 10.2 sy,  0.0 ni,  0.0 id,  0.0 wa,  0.0 hi,  3.0 si,  0.0 st
%Cpu(s): 85.1 us, 10.7 sy,  0.0 ni,  1.1 id,  0.0 wa,  0.0 hi,  3.0 si,  0.1 st
%Cpu(s): 65.9 us,  9.4 sy,  0.0 ni, 22.2 id,  0.0 wa,  0.0 hi,  2.4 si,  0.1 st
%Cpu(s): 38.4 us,  7.8 sy,  0.0 ni, 52.1 id,  0.0 wa,  0.0 hi,  1.7 si,  0.0 st
%Cpu(s): 26.9 us,  8.2 sy,  0.0 ni, 63.4 id,  0.0 wa,  0.0 hi,  1.4 si,  0.0 st
%Cpu(s): 25.6 us,  8.4 sy,  0.0 ni, 64.0 id,  0.0 wa,  0.0 hi,  1.8 si,  0.1 st
%Cpu(s): 23.9 us,  7.7 sy,  0.0 ni, 66.7 id,  0.0 wa,  0.0 hi,  1.4 si,  0.3 st
%Cpu(s): 24.6 us,  6.7 sy,  0.0 ni, 67.5 id,  0.0 wa,  0.0 hi,  1.0 si,  0.1 st
%Cpu(s): 28.3 us,  8.1 sy,  0.0 ni, 61.9 id,  0.0 wa,  0.0 hi,  1.5 si,  0.1 st
%Cpu(s): 26.0 us,  7.1 sy,  0.0 ni, 65.3 id,  0.0 wa,  0.0 hi,  1.5 si,  0.1 st
%Cpu(s): 22.6 us,  7.2 sy,  0.0 ni, 68.6 id,  0.0 wa,  0.0 hi,  1.3 si,  0.3 st
%Cpu(s): 21.8 us,  7.3 sy,  0.0 ni, 69.1 id,  0.0 wa,  0.0 hi,  1.8 si,  0.0 st
%Cpu(s): 24.9 us,  6.4 sy,  0.0 ni, 66.6 id,  0.0 wa,  0.0 hi,  1.9 si,  0.1 st
%Cpu(s): 48.0 us,  6.3 sy,  0.0 ni, 43.8 id,  0.0 wa,  0.0 hi,  1.9 si,  0.0 st
%Cpu(s): 31.4 us,  6.7 sy,  0.0 ni, 60.4 id,  0.0 wa,  0.0 hi,  1.4 si,  0.1 st
%Cpu(s): 29.6 us,  7.8 sy,  0.0 ni, 62.4 id,  0.0 wa,  0.0 hi,  0.3 si,  0.0 st
%Cpu(s): 31.5 us,  8.5 sy,  0.0 ni, 59.3 id,  0.0 wa,  0.0 hi,  0.6 si,  0.1 st
%Cpu(s): 49.2 us,  9.2 sy,  0.0 ni, 39.9 id,  0.0 wa,  0.0 hi,  1.5 si,  0.1 st
%Cpu(s): 75.3 us,  8.5 sy,  0.0 ni, 12.9 id,  0.0 wa,  0.0 hi,  3.3 si,  0.1 st
%Cpu(s): 69.2 us,  8.5 sy,  0.0 ni, 19.2 id,  0.0 wa,  0.0 hi,  3.0 si,  0.1 st
%Cpu(s): 33.6 us,  8.1 sy,  0.0 ni, 56.3 id,  0.0 wa,  0.0 hi,  2.1 si,  0.0 st
%Cpu(s): 24.8 us,  8.7 sy,  0.0 ni, 64.2 id,  0.0 wa,  0.0 hi,  2.2 si,  0.1 st
%Cpu(s): 20.1 us,  6.6 sy,  0.0 ni, 71.9 id,  0.0 wa,  0.0 hi,  1.2 si,  0.3 st
%Cpu(s): 21.9 us,  7.6 sy,  0.0 ni, 69.4 id,  0.0 wa,  0.0 hi,  0.9 si,  0.1 st
%Cpu(s): 22.1 us,  7.2 sy,  0.0 ni, 69.5 id,  0.0 wa,  0.0 hi,  1.0 si,  0.3 st
%Cpu(s): 23.4 us,  7.2 sy,  0.0 ni, 68.5 id,  0.0 wa,  0.0 hi,  0.7 si,  0.3 st
%Cpu(s): 21.3 us,  8.3 sy,  0.0 ni, 69.2 id,  0.0 wa,  0.0 hi,  1.0 si,  0.1 st
%Cpu(s): 23.1 us,  8.0 sy,  0.0 ni, 67.9 id,  0.0 wa,  0.0 hi,  1.0 si,  0.0 st
%Cpu(s): 22.6 us,  7.7 sy,  0.0 ni, 68.6 id,  0.0 wa,  0.0 hi,  1.0 si,  0.1 st
%Cpu(s): 22.4 us,  8.5 sy,  0.0 ni, 68.0 id,  0.0 wa,  0.0 hi,  1.0 si,  0.1 st
%Cpu(s): 21.5 us,  6.7 sy,  0.0 ni, 70.0 id,  0.0 wa,  0.0 hi,  1.7 si,  0.1 st
%Cpu(s): 21.3 us,  7.1 sy,  0.0 ni, 69.8 id,  0.0 wa,  0.0 hi,  1.8 si,  0.0 st
%Cpu(s): 21.7 us,  7.4 sy,  0.0 ni, 69.1 id,  0.0 wa,  0.0 hi,  1.7 si,  0.1 st
%Cpu(s): 21.1 us,  6.0 sy,  0.0 ni, 70.9 id,  0.0 wa,  0.0 hi,  1.8 si,  0.1 st
%Cpu(s): 20.1 us,  8.7 sy,  0.0 ni, 69.4 id,  0.0 wa,  0.0 hi,  1.7 si,  0.1 st
%Cpu(s): 20.5 us,  7.1 sy,  0.0 ni, 71.4 id,  0.0 wa,  0.0 hi,  0.9 si,  0.1 st
%Cpu(s): 23.1 us,  6.9 sy,  0.0 ni, 67.7 id,  0.0 wa,  0.0 hi,  2.0 si,  0.3 st
%Cpu(s): 27.7 us,  8.0 sy,  0.0 ni, 62.6 id,  0.0 wa,  0.0 hi,  1.7 si,  0.0 st
%Cpu(s): 19.4 us,  9.1 sy,  0.0 ni, 70.5 id,  0.0 wa,  0.0 hi,  0.9 si,  0.1 st
%Cpu(s): 20.1 us,  7.5 sy,  0.0 ni, 70.6 id,  0.0 wa,  0.0 hi,  1.7 si,  0.1 st
%Cpu(s): 20.2 us,  7.0 sy,  0.0 ni, 72.2 id,  0.0 wa,  0.0 hi,  0.5 si,  0.0 st
%Cpu(s): 19.5 us,  7.7 sy,  0.0 ni, 70.2 id,  0.0 wa,  0.0 hi,  2.4 si,  0.3 st
%Cpu(s): 37.8 us,  6.8 sy,  0.0 ni, 53.7 id,  0.0 wa,  0.0 hi,  1.8 si,  0.0 st
%Cpu(s): 78.5 us,  8.0 sy,  0.0 ni, 10.1 id,  0.0 wa,  0.0 hi,  3.3 si,  0.1 st
%Cpu(s): 85.0 us,  8.9 sy,  0.0 ni,  3.1 id,  0.0 wa,  0.0 hi,  3.0 si,  0.0 st
%Cpu(s): 44.4 us,  7.6 sy,  0.0 ni, 46.0 id,  0.0 wa,  0.0 hi,  1.9 si,  0.1 st
%Cpu(s): 27.3 us,  8.5 sy,  0.0 ni, 62.4 id,  0.0 wa,  0.0 hi,  1.4 si,  0.3 st
%Cpu(s): 30.0 us,  9.5 sy,  0.0 ni, 58.9 id,  0.0 wa,  0.0 hi,  1.3 si,  0.3 st
%Cpu(s): 27.9 us,  9.0 sy,  0.0 ni, 61.4 id,  0.0 wa,  0.0 hi,  1.7 si,  0.0 st
%Cpu(s): 32.3 us,  8.9 sy,  0.0 ni, 57.7 id,  0.0 wa,  0.0 hi,  1.2 si,  0.0 st
%Cpu(s): 24.4 us,  8.3 sy,  0.0 ni, 65.5 id,  0.0 wa,  0.0 hi,  1.6 si,  0.3 st
%Cpu(s): 23.8 us,  9.4 sy,  0.0 ni, 65.8 id,  0.0 wa,  0.0 hi,  1.0 si,  0.0 st
%Cpu(s): 23.9 us,  7.8 sy,  0.0 ni, 66.6 id,  0.0 wa,  0.0 hi,  1.5 si,  0.1 st
%Cpu(s): 21.5 us,  6.2 sy,  0.0 ni, 71.0 id,  0.0 wa,  0.0 hi,  1.2 si,  0.1 st
%Cpu(s): 11.2 us,  2.8 sy,  0.0 ni, 85.6 id,  0.1 wa,  0.0 hi,  0.3 si,  0.0 st
%Cpu(s):  3.1 us,  0.9 sy,  0.0 ni, 95.4 id,  0.0 wa,  0.0 hi,  0.0 si,  0.6 st
%Cpu(s):  2.6 us,  1.0 sy,  0.0 ni, 96.2 id,  0.0 wa,  0.0 hi,  0.0 si,  0.1 st
%Cpu(s):  2.3 us,  1.8 sy,  0.0 ni, 96.0 id,  0.0 wa,  0.0 hi,  0.0 si,  0.0 st
