%Cpu(s):  9.9 us,  1.5 sy,  0.0 ni, 88.4 id,  0.0 wa,  0.0 hi,  0.2 si,  0.0 st
%Cpu(s):  3.7 us,  2.4 sy,  0.0 ni, 93.7 id,  0.0 wa,  0.0 hi,  0.0 si,  0.1 st
%Cpu(s):  3.8 us,  2.5 sy,  0.0 ni, 93.4 id,  0.0 wa,  0.0 hi,  0.0 si,  0.3 st
%Cpu(s):  1.9 us,  2.4 sy,  0.0 ni, 95.4 id,  0.0 wa,  0.0 hi,  0.1 si,  0.1 st
%Cpu(s):  3.5 us,  2.4 sy,  0.0 ni, 93.9 id,  0.0 wa,  0.0 hi,  0.0 si,  0.2 st
%Cpu(s):  8.4 us,  2.9 sy,  0.0 ni, 88.2 id,  0.1 wa,  0.0 hi,  0.1 si,  0.3 st
%Cpu(s): 76.2 us,  5.0 sy,  0.0 ni, 18.0 id,  0.0 wa,  0.0 hi,  0.6 si,  0.1 st
%Cpu(s): 89.5 us,  8.5 sy,  0.0 ni,  0.0 id,  0.0 wa,  0.0 hi,  2.0 si,  0.0 st
%Cpu(s): 87.7 us,  9.6 sy,  0.0 ni,  0.1 id,  0.0 wa,  0.0 hi,  2.6 si,  0.0 st
%Cpu(s): 88.4 us,  9.6 sy,  0.0 ni,  0.0 id,  0.0 wa,  0.0 hi,  2.0 si,  0.0 st
%Cpu(s): 88.8 us,  9.0 sy,  0.0 ni,  0.2 id,  0.0 wa,  0.0 hi,  2.0 si,  0.0 st
%Cpu(s): 88.7 us,  9.0 sy,  0.0 ni,  0.1 id,  0.0 wa,  0.0 hi,  2.2 si,  0.0 st
%Cpu(s): 87.9 us,  8.0 sy,  0.0 ni,  1.5 id,  0.0 wa,  0.0 hi,  2.6 si,  0.0 st
%Cpu(s): 88.8 us,  8.9 sy,  0.0 ni,  0.1 id,  0.0 wa,  0.0 hi,  2.2 si,  0.0 st
%Cpu(s): 90.2 us,  6.8 sy,  0.0 ni,  0.7 id,  0.0 wa,  0.0 hi,  2.2 si,  0.0 st
%Cpu(s): 78.7 us,  8.9 sy,  0.0 ni,  9.6 id,  0.0 wa,  0.0 hi,  2.8 si,  0.0 st
%Cpu(s): 32.6 us,  7.4 sy,  0.0 ni, 58.3 id,  0.0 wa,  0.0 hi,  1.8 si,  0.0 st
%Cpu(s): 24.4 us,  6.8 sy,  0.0 ni, 67.7 id,  0.0 wa,  0.0 hi,  1.1 si,  0.0 st
%Cpu(s): 13.2 us,  6.8 sy,  0.0 ni, 78.5 id,  0.0 wa,  0.0 hi,  1.5 si,  0.0 st
%Cpu(s): 14.8 us,  7.5 sy,  0.0 ni, 76.6 id,  0.0 wa,  0.0 hi,  1.0 si,  0.0 st
%Cpu(s): 12.9 us,  5.3 sy,  0.0 ni, 80.3 id,  0.0 wa,  0.0 hi,  1.4 si,  0.0 st
%Cpu(s): 14.2 us,  7.2 sy,  0.0 ni, 77.5 id,  0.0 wa,  0.0 hi,  1.0 si,  0.1 st
%Cpu(s): 19.2 us,  7.1 sy,  0.0 ni, 72.5 id,  0.0 wa,  0.0 hi,  1.2 si,  0.0 st
%Cpu(s): 12.8 us,  6.9 sy,  0.0 ni, 79.4 id,  0.0 wa,  0.0 hi,  0.9 si,  0.0 st
%Cpu(s):  9.8 us,  5.9 sy,  0.0 ni, 83.0 id,  0.0 wa,  0.0 hi,  1.3 si,  0.0 st
%Cpu(s): 11.9 us,  6.2 sy,  0.0 ni, 80.4 id,  0.0 wa,  0.0 hi,  1.5 si,  0.0 st
%Cpu(s): 11.2 us,  6.6 sy,  0.0 ni, 80.8 id,  0.0 wa,  0.0 hi,  1.3 si,  0.1 st
%Cpu(s): 17.7 us,  5.1 sy,  0.0 ni, 76.0 id,  0.0 wa,  0.0 hi,  1.1 si,  0.0 st
%Cpu(s): 12.6 us,  6.5 sy,  0.0 ni, 80.2 id,  0.0 wa,  0.0 hi,  0.8 si,  0.0 st
%Cpu(s): 14.7 us,  6.7 sy,  0.0 ni, 77.1 id,  0.0 wa,  0.0 hi,  1.4 si,  0.1 st
%Cpu(s): 13.5 us,  6.0 sy,  0.0 ni, 79.1 id,  0.0 wa,  0.0 hi,  1.4 si,  0.0 st
%Cpu(s): 11.7 us,  6.6 sy,  0.0 ni, 80.5 id,  0.0 wa,  0.0 hi,  1.2 si,  0.0 st
%Cpu(s): 12.2 us,  5.8 sy,  0.0 ni, 80.8 id,  0.0 wa,  0.0 hi,  1.3 si,  0.0 st
%Cpu(s): 14.1 us,  6.2 sy,  0.0 ni, 78.6 id,  0.0 wa,  0.0 hi,  1.1 si,  0.0 st
%Cpu(s): 28.9 us,  5.5 sy,  0.0 ni, 64.5 id,  0.0 wa,  0.0 hi,  1.0 si,  0.0 st
%Cpu(s): 15.5 us,  8.1 sy,  0.0 ni, 75.3 id,  0.0 wa,  0.0 hi,  1.0 si,  0.0 st
%Cpu(s): 28.4 us,  6.7 sy,  0.0 ni, 62.8 id,  0.0 wa,  0.0 hi,  2.1 si,  0.0 st
%Cpu(s): 19.7 us,  6.5 sy,  0.0 ni, 72.1 id,  0.0 wa,  0.0 hi,  1.7 si,  0.0 st
%Cpu(s): 13.0 us,  5.9 sy,  0.0 ni, 79.7 id,  0.0 wa,  0.0 hi,  1.3 si,  0.1 st
%Cpu(s): 17.9 us,  6.4 sy,  0.0 ni, 74.6 id,  0.0 wa,  0.0 hi,  1.1 si,  0.0 st
%Cpu(s): 17.7 us,  6.0 sy,  0.0 ni, 75.2 id,  0.0 wa,  0.0 hi,  0.9 si,  0.1 st
%Cpu(s): 12.8 us,  7.1 sy,  0.0 ni, 78.8 id,  0.0 wa,  0.0 hi,  1.3 si,  0.0 st
%Cpu(s): 13.5 us,  6.7 sy,  0.0 ni, 78.5 id,  0.0 wa,  0.0 hi,  1.4 si,  0.0 st
%Cpu(s): 11.6 us,  7.4 sy,  0.0 ni, 79.7 id,  0.0 wa,  0.0 hi,  1.3 si,  0.0 st
%Cpu(s):  9.6 us,  6.1 sy,  0.0 ni, 83.1 id,  0.0 wa,  0.0 hi,  1.3 si,  0.0 st
%Cpu(s): 10.9 us,  7.0 sy,  0.0 ni, 81.1 id,  0.0 wa,  0.0 hi,  1.0 si,  0.0 st
%Cpu(s): 11.4 us,  6.1 sy,  0.0 ni, 81.3 id,  0.0 wa,  0.0 hi,  1.3 si,  0.0 st
%Cpu(s): 10.8 us,  7.5 sy,  0.0 ni, 80.5 id,  0.0 wa,  0.0 hi,  1.1 si,  0.0 st
%Cpu(s):  7.8 us,  6.4 sy,  0.0 ni, 84.4 id,  0.0 wa,  0.0 hi,  1.4 si,  0.0 st
%Cpu(s): 10.0 us,  5.2 sy,  0.0 ni, 83.7 id,  0.0 wa,  0.0 hi,  1.2 si,  0.0 st
%Cpu(s): 12.5 us,  7.1 sy,  0.0 ni, 78.9 id,  0.1 wa,  0.0 hi,  1.4 si,  0.0 st
%Cpu(s): 11.5 us,  6.5 sy,  0.0 ni, 80.4 id,  0.0 wa,  0.0 hi,  1.5 si,  0.0 st
%Cpu(s): 11.5 us,  5.9 sy,  0.0 ni, 81.7 id,  0.0 wa,  0.0 hi,  0.8 si,  0.1 st
%Cpu(s):  9.0 us,  6.7 sy,  0.0 ni, 82.9 id,  0.0 wa,  0.0 hi,  1.3 si,  0.1 st
%Cpu(s): 10.3 us,  6.3 sy,  0.0 ni, 82.5 id,  0.0 wa,  0.0 hi,  0.9 si,  0.0 st
%Cpu(s): 10.1 us,  6.6 sy,  0.0 ni, 81.9 id,  0.0 wa,  0.0 hi,  1.4 si,  0.0 st
%Cpu(s): 10.7 us,  6.8 sy,  0.0 ni, 81.5 id,  0.0 wa,  0.0 hi,  1.1 si,  0.0 st
%Cpu(s): 10.6 us,  6.1 sy,  0.0 ni, 81.7 id,  0.0 wa,  0.0 hi,  1.4 si,  0.1 st
%Cpu(s): 10.0 us,  7.4 sy,  0.0 ni, 80.8 id,  0.0 wa,  0.0 hi,  1.8 si,  0.0 st
%Cpu(s): 10.7 us,  6.5 sy,  0.0 ni, 80.9 id,  0.0 wa,  0.0 hi,  1.9 si,  0.0 st
%Cpu(s): 10.2 us,  5.1 sy,  0.0 ni, 83.3 id,  0.0 wa,  0.0 hi,  1.4 si,  0.0 st
%Cpu(s):  2.5 us,  1.9 sy,  0.0 ni, 95.3 id,  0.0 wa,  0.0 hi,  0.0 si,  0.3 st
%Cpu(s):  3.0 us,  1.8 sy,  0.0 ni, 95.1 id,  0.0 wa,  0.0 hi,  0.0 si,  0.1 st
%Cpu(s):  2.9 us,  1.6 sy,  0.0 ni, 95.1 id,  0.0 wa,  0.0 hi,  0.0 si,  0.4 st
%Cpu(s):  2.8 us,  1.4 sy,  0.0 ni, 95.5 id,  0.0 wa,  0.0 hi,  0.0 si,  0.4 st
%Cpu(s):  2.9 us,  1.5 sy,  0.0 ni, 95.5 id,  0.0 wa,  0.0 hi,  0.0 si,  0.1 st
%Cpu(s):  6.3 us,  1.4 sy,  0.0 ni, 91.9 id,  0.0 wa,  0.0 hi,  0.0 si,  0.4 st
%Cpu(s):  4.1 us,  2.9 sy,  0.0 ni, 92.9 id,  0.0 wa,  0.0 hi,  0.0 si,  0.1 st
%Cpu(s):  2.9 us,  1.5 sy,  0.0 ni, 95.4 id,  0.0 wa,  0.0 hi,  0.1 si,  0.1 st
%Cpu(s):  3.3 us,  2.6 sy,  0.0 ni, 93.7 id,  0.0 wa,  0.0 hi,  0.1 si,  0.3 st
%Cpu(s):  4.1 us,  2.7 sy,  0.0 ni, 92.9 id,  0.1 wa,  0.0 hi,  0.0 si,  0.1 st
%Cpu(s):  3.7 us,  2.7 sy,  0.0 ni, 93.2 id,  0.0 wa,  0.0 hi,  0.2 si,  0.1 st
