%Cpu(s): 17.3 us,  1.6 sy,  0.0 ni, 80.9 id,  0.0 wa,  0.0 hi,  0.2 si,  0.0 st
%Cpu(s): 12.0 us,  1.1 sy,  0.0 ni, 86.7 id,  0.0 wa,  0.0 hi,  0.1 si,  0.0 st
%Cpu(s):  3.5 us,  1.6 sy,  0.0 ni, 94.9 id,  0.0 wa,  0.0 hi,  0.0 si,  0.0 st
%Cpu(s):  6.2 us,  1.6 sy,  0.0 ni, 92.1 id,  0.0 wa,  0.0 hi,  0.0 si,  0.1 st
%Cpu(s): 25.6 us,  3.0 sy,  0.0 ni, 71.3 id,  0.0 wa,  0.0 hi,  0.1 si,  0.0 st
%Cpu(s): 88.7 us,  6.0 sy,  0.0 ni,  4.0 id,  0.0 wa,  0.0 hi,  1.3 si,  0.0 st
%Cpu(s): 89.5 us,  7.4 sy,  0.0 ni,  1.2 id,  0.0 wa,  0.0 hi,  1.9 si,  0.0 st
%Cpu(s): 89.7 us,  8.1 sy,  0.0 ni,  0.2 id,  0.0 wa,  0.0 hi,  1.9 si,  0.1 st
%Cpu(s): 89.0 us,  8.8 sy,  0.0 ni,  0.0 id,  0.0 wa,  0.0 hi,  2.2 si,  0.0 st
%Cpu(s): 88.7 us,  9.4 sy,  0.0 ni,  0.1 id,  0.0 wa,  0.0 hi,  1.7 si,  0.0 st
%Cpu(s): 87.2 us, 11.0 sy,  0.0 ni,  0.1 id,  0.0 wa,  0.0 hi,  1.7 si,  0.0 st
%Cpu(s): 88.8 us,  9.1 sy,  0.0 ni,  0.2 id,  0.0 wa,  0.0 hi,  1.7 si,  0.1 st
%Cpu(s): 88.2 us,  9.7 sy,  0.0 ni,  0.2 id,  0.0 wa,  0.0 hi,  1.9 si,  0.0 st
%Cpu(s): 88.3 us,  9.5 sy,  0.0 ni,  0.0 id,  0.0 wa,  0.0 hi,  2.2 si,  0.0 st
%Cpu(s): 89.2 us,  8.8 sy,  0.0 ni,  0.0 id,  0.0 wa,  0.0 hi,  2.0 si,  0.0 st
%Cpu(s): 88.4 us,  9.2 sy,  0.0 ni,  0.1 id,  0.0 wa,  0.0 hi,  2.1 si,  0.1 st
%Cpu(s): 89.3 us,  8.4 sy,  0.0 ni,  0.1 id,  0.0 wa,  0.0 hi,  2.1 si,  0.0 st
%Cpu(s): 88.5 us,  9.6 sy,  0.0 ni,  0.1 id,  0.0 wa,  0.0 hi,  1.7 si,  0.0 st
%Cpu(s): 90.3 us,  7.6 sy,  0.0 ni,  0.1 id,  0.0 wa,  0.0 hi,  2.0 si,  0.0 st
%Cpu(s): 89.1 us,  8.5 sy,  0.0 ni,  0.5 id,  0.0 wa,  0.0 hi,  1.9 si,  0.1 st
%Cpu(s): 80.0 us,  9.5 sy,  0.0 ni,  8.7 id,  0.0 wa,  0.0 hi,  1.7 si,  0.0 st
%Cpu(s): 76.2 us,  7.0 sy,  0.0 ni, 14.9 id,  0.0 wa,  0.0 hi,  1.9 si,  0.0 st
%Cpu(s): 62.3 us,  7.1 sy,  0.0 ni, 28.7 id,  0.0 wa,  0.0 hi,  1.9 si,  0.0 st
%Cpu(s): 41.5 us,  7.3 sy,  0.0 ni, 50.6 id,  0.0 wa,  0.0 hi,  0.5 si,  0.1 st
%Cpu(s): 24.9 us,  6.7 sy,  0.0 ni, 67.4 id,  0.0 wa,  0.0 hi,  1.0 si,  0.0 st
%Cpu(s): 29.3 us,  6.9 sy,  0.0 ni, 62.2 id,  0.0 wa,  0.0 hi,  1.5 si,  0.1 st
%Cpu(s): 27.3 us,  7.2 sy,  0.0 ni, 63.2 id,  0.0 wa,  0.0 hi,  2.2 si,  0.1 st
%Cpu(s): 33.1 us,  6.9 sy,  0.0 ni, 58.6 id,  0.0 wa,  0.0 hi,  1.4 si,  0.0 st
%Cpu(s): 29.2 us,  6.1 sy,  0.0 ni, 62.8 id,  0.0 wa,  0.0 hi,  1.7 si,  0.3 st
%Cpu(s): 17.9 us,  7.1 sy,  0.0 ni, 73.6 id,  0.0 wa,  0.0 hi,  1.3 si,  0.1 st
%Cpu(s): 33.0 us,  7.4 sy,  0.0 ni, 58.6 id,  0.0 wa,  0.0 hi,  0.9 si,  0.0 st
%Cpu(s): 35.1 us,  6.8 sy,  0.0 ni, 56.5 id,  0.0 wa,  0.0 hi,  1.4 si,  0.1 st
%Cpu(s): 26.2 us,  6.2 sy,  0.0 ni, 66.3 id,  0.0 wa,  0.0 hi,  1.4 si,  0.0 st
%Cpu(s): 35.0 us,  6.9 sy,  0.0 ni, 56.7 id,  0.0 wa,  0.0 hi,  1.4 si,  0.0 st
%Cpu(s): 45.3 us,  8.1 sy,  0.0 ni, 44.5 id,  0.0 wa,  0.0 hi,  2.0 si,  0.1 st
%Cpu(s): 20.2 us,  6.1 sy,  0.0 ni, 71.9 id,  0.0 wa,  0.0 hi,  1.5 si,  0.3 st
%Cpu(s): 18.5 us,  7.2 sy,  0.0 ni, 73.1 id,  0.0 wa,  0.0 hi,  1.2 si,  0.0 st
%Cpu(s): 18.2 us,  6.2 sy,  0.0 ni, 74.3 id,  0.0 wa,  0.0 hi,  1.3 si,  0.0 st
%Cpu(s): 17.4 us,  7.2 sy,  0.0 ni, 74.1 id,  0.0 wa,  0.0 hi,  1.3 si,  0.0 st
%Cpu(s): 24.7 us,  6.4 sy,  0.0 ni, 67.0 id,  0.0 wa,  0.0 hi,  1.7 si,  0.1 st
%Cpu(s): 21.3 us,  7.7 sy,  0.0 ni, 69.4 id,  0.0 wa,  0.0 hi,  1.6 si,  0.0 st
%Cpu(s): 21.3 us,  6.5 sy,  0.0 ni, 70.2 id,  0.0 wa,  0.0 hi,  1.8 si,  0.3 st
%Cpu(s): 15.5 us,  5.8 sy,  0.0 ni, 77.9 id,  0.0 wa,  0.0 hi,  0.8 si,  0.0 st
%Cpu(s): 19.4 us,  6.4 sy,  0.0 ni, 72.9 id,  0.0 wa,  0.0 hi,  1.2 si,  0.1 st
%Cpu(s): 22.6 us,  6.5 sy,  0.0 ni, 69.3 id,  0.0 wa,  0.0 hi,  1.2 si,  0.4 st
%Cpu(s): 23.0 us,  8.8 sy,  0.0 ni, 66.7 id,  0.0 wa,  0.0 hi,  1.5 si,  0.0 st
%Cpu(s): 22.2 us,  7.7 sy,  0.0 ni, 68.8 id,  0.0 wa,  0.0 hi,  1.2 si,  0.1 st
%Cpu(s): 18.9 us,  7.2 sy,  0.0 ni, 72.6 id,  0.0 wa,  0.0 hi,  1.2 si,  0.1 st
%Cpu(s): 19.9 us,  8.5 sy,  0.0 ni, 70.1 id,  0.0 wa,  0.0 hi,  1.2 si,  0.2 st
%Cpu(s): 18.5 us,  7.5 sy,  0.0 ni, 72.2 id,  0.0 wa,  0.0 hi,  1.3 si,  0.5 st
%Cpu(s): 18.3 us,  7.6 sy,  0.0 ni, 72.2 id,  0.0 wa,  0.0 hi,  1.8 si,  0.1 st
%Cpu(s): 18.9 us,  7.6 sy,  0.0 ni, 72.3 id,  0.0 wa,  0.0 hi,  1.2 si,  0.0 st
%Cpu(s): 19.7 us,  7.9 sy,  0.0 ni, 71.0 id,  0.0 wa,  0.0 hi,  1.3 si,  0.1 st
%Cpu(s): 18.7 us,  7.7 sy,  0.0 ni, 72.3 id,  0.0 wa,  0.0 hi,  1.3 si,  0.0 st
%Cpu(s): 18.1 us,  6.5 sy,  0.0 ni, 74.5 id,  0.0 wa,  0.0 hi,  0.8 si,  0.3 st
%Cpu(s): 15.7 us,  6.0 sy,  0.0 ni, 76.9 id,  0.0 wa,  0.0 hi,  1.4 si,  0.0 st
%Cpu(s): 16.7 us,  6.7 sy,  0.0 ni, 75.0 id,  0.0 wa,  0.0 hi,  1.1 si,  0.5 st
%Cpu(s): 17.4 us,  7.4 sy,  0.0 ni, 74.4 id,  0.0 wa,  0.0 hi,  0.8 si,  0.0 st
%Cpu(s): 18.7 us,  7.6 sy,  0.0 ni, 72.4 id,  0.0 wa,  0.0 hi,  1.1 si,  0.1 st
%Cpu(s): 25.1 us,  7.4 sy,  0.0 ni, 66.5 id,  0.0 wa,  0.0 hi,  0.9 si,  0.1 st
%Cpu(s): 75.1 us,  6.4 sy,  0.0 ni, 16.8 id,  0.0 wa,  0.0 hi,  1.5 si,  0.1 st
%Cpu(s): 55.9 us,  2.8 sy,  0.0 ni, 41.0 id,  0.0 wa,  0.0 hi,  0.4 si,  0.0 st
%Cpu(s):  4.6 us,  1.2 sy,  0.0 ni, 94.1 id,  0.0 wa,  0.0 hi,  0.0 si,  0.0 st
%Cpu(s):  2.5 us,  1.4 sy,  0.0 ni, 96.1 id,  0.0 wa,  0.0 hi,  0.0 si,  0.0 st
%Cpu(s):  1.7 us,  1.4 sy,  0.0 ni, 96.8 id,  0.0 wa,  0.0 hi,  0.1 si,  0.0 st
%Cpu(s):  2.6 us,  0.8 sy,  0.0 ni, 96.5 id,  0.1 wa,  0.0 hi,  0.0 si,  0.0 st
%Cpu(s):  3.2 us,  0.7 sy,  0.0 ni, 96.0 id,  0.0 wa,  0.0 hi,  0.0 si,  0.0 st
%Cpu(s):  1.6 us,  0.8 sy,  0.0 ni, 97.6 id,  0.0 wa,  0.0 hi,  0.0 si,  0.0 st
%Cpu(s):  2.6 us,  1.0 sy,  0.0 ni, 96.4 id,  0.0 wa,  0.0 hi,  0.0 si,  0.0 st
%Cpu(s):  4.0 us,  0.6 sy,  0.0 ni, 95.1 id,  0.0 wa,  0.0 hi,  0.1 si,  0.1 st
%Cpu(s):  3.9 us,  1.3 sy,  0.0 ni, 94.9 id,  0.0 wa,  0.0 hi,  0.0 si,  0.0 st
%Cpu(s): 14.2 us,  1.0 sy,  0.0 ni, 84.6 id,  0.0 wa,  0.0 hi,  0.1 si,  0.1 st
%Cpu(s):  6.5 us,  0.9 sy,  0.0 ni, 92.6 id,  0.0 wa,  0.0 hi,  0.0 si,  0.0 st
%Cpu(s):  1.4 us,  0.9 sy,  0.0 ni, 97.7 id,  0.0 wa,  0.0 hi,  0.0 si,  0.0 st
%Cpu(s):  2.0 us,  0.9 sy,  0.0 ni, 97.1 id,  0.0 wa,  0.0 hi,  0.0 si,  0.0 st
%Cpu(s):  1.8 us,  1.9 sy,  0.0 ni, 96.2 id,  0.0 wa,  0.0 hi,  0.1 si,  0.0 st
%Cpu(s):  1.5 us,  1.8 sy,  0.0 ni, 96.7 id,  0.0 wa,  0.0 hi,  0.0 si,  0.0 st
%Cpu(s):  1.9 us,  1.3 sy,  0.0 ni, 96.7 id,  0.0 wa,  0.0 hi,  0.0 si,  0.1 st
%Cpu(s):  1.3 us,  1.1 sy,  0.0 ni, 97.5 id,  0.0 wa,  0.0 hi,  0.0 si,  0.1 st
