%Cpu(s): 10.4 us,  1.5 sy,  0.0 ni, 87.8 id,  0.0 wa,  0.0 hi,  0.2 si,  0.0 st
%Cpu(s):  3.8 us,  3.0 sy,  0.0 ni, 93.2 id,  0.0 wa,  0.0 hi,  0.0 si,  0.0 st
%Cpu(s):  4.2 us,  3.7 sy,  0.0 ni, 91.9 id,  0.0 wa,  0.0 hi,  0.1 si,  0.0 st
%Cpu(s):  3.6 us,  3.9 sy,  0.0 ni, 92.5 id,  0.0 wa,  0.0 hi,  0.0 si,  0.0 st
%Cpu(s):  5.2 us,  2.1 sy,  0.0 ni, 92.6 id,  0.0 wa,  0.0 hi,  0.0 si,  0.1 st
%Cpu(s):  9.2 us,  2.4 sy,  0.0 ni, 88.3 id,  0.0 wa,  0.0 hi,  0.1 si,  0.0 st
%Cpu(s): 71.7 us,  4.9 sy,  0.0 ni, 22.3 id,  0.0 wa,  0.0 hi,  1.0 si,  0.1 st
%Cpu(s): 90.4 us,  7.0 sy,  0.0 ni,  0.5 id,  0.0 wa,  0.0 hi,  2.1 si,  0.0 st
%Cpu(s): 87.7 us,  9.3 sy,  0.0 ni,  0.6 id,  0.0 wa,  0.0 hi,  2.4 si,  0.0 st
%Cpu(s): 89.9 us,  7.8 sy,  0.0 ni,  1.0 id,  0.0 wa,  0.0 hi,  1.4 si,  0.0 st
%Cpu(s): 86.4 us,  8.4 sy,  0.0 ni,  3.4 id,  0.0 wa,  0.0 hi,  1.7 si,  0.1 st
%Cpu(s): 78.1 us,  8.0 sy,  0.0 ni, 12.2 id,  0.0 wa,  0.0 hi,  1.6 si,  0.0 st
%Cpu(s): 64.7 us,  7.5 sy,  0.0 ni, 26.3 id,  0.0 wa,  0.0 hi,  1.5 si,  0.0 st
%Cpu(s): 63.4 us,  6.6 sy,  0.0 ni, 28.3 id,  0.0 wa,  0.0 hi,  1.7 si,  0.0 st
%Cpu(s): 28.2 us,  6.0 sy,  0.0 ni, 63.9 id,  0.0 wa,  0.0 hi,  1.8 si,  0.1 st
%Cpu(s): 34.5 us,  5.2 sy,  0.0 ni, 58.8 id,  0.0 wa,  0.0 hi,  1.5 si,  0.0 st
%Cpu(s): 31.4 us,  7.0 sy,  0.0 ni, 60.5 id,  0.0 wa,  0.0 hi,  1.0 si,  0.0 st
%Cpu(s): 24.9 us,  6.9 sy,  0.0 ni, 66.3 id,  0.0 wa,  0.0 hi,  1.8 si,  0.1 st
%Cpu(s): 19.8 us,  6.7 sy,  0.0 ni, 71.8 id,  0.0 wa,  0.0 hi,  1.7 si,  0.0 st
%Cpu(s): 37.9 us,  6.2 sy,  0.0 ni, 54.5 id,  0.0 wa,  0.0 hi,  1.4 si,  0.0 st
%Cpu(s): 21.0 us,  5.5 sy,  0.0 ni, 71.9 id,  0.1 wa,  0.0 hi,  1.3 si,  0.1 st
%Cpu(s): 20.8 us,  7.2 sy,  0.0 ni, 70.9 id,  0.0 wa,  0.0 hi,  1.1 si,  0.0 st
%Cpu(s): 19.4 us,  6.0 sy,  0.0 ni, 72.9 id,  0.0 wa,  0.0 hi,  1.5 si,  0.1 st
%Cpu(s): 19.5 us,  7.0 sy,  0.0 ni, 72.2 id,  0.0 wa,  0.0 hi,  1.4 si,  0.0 st
%Cpu(s): 19.3 us,  6.0 sy,  0.0 ni, 73.7 id,  0.0 wa,  0.0 hi,  1.0 si,  0.0 st
%Cpu(s): 17.4 us,  7.1 sy,  0.0 ni, 74.2 id,  0.0 wa,  0.0 hi,  1.0 si,  0.3 st
%Cpu(s): 28.3 us,  7.0 sy,  0.0 ni, 63.4 id,  0.0 wa,  0.0 hi,  1.3 si,  0.0 st
%Cpu(s): 20.2 us,  5.9 sy,  0.0 ni, 72.7 id,  0.0 wa,  0.0 hi,  1.3 si,  0.0 st
%Cpu(s): 22.1 us,  6.4 sy,  0.0 ni, 69.7 id,  0.0 wa,  0.0 hi,  1.7 si,  0.1 st
%Cpu(s): 26.4 us,  6.2 sy,  0.0 ni, 65.9 id,  0.0 wa,  0.0 hi,  1.4 si,  0.1 st
%Cpu(s): 18.9 us,  7.4 sy,  0.0 ni, 72.2 id,  0.0 wa,  0.0 hi,  1.6 si,  0.0 st
%Cpu(s): 16.1 us,  7.1 sy,  0.0 ni, 75.5 id,  0.0 wa,  0.0 hi,  1.3 si,  0.0 st
%Cpu(s): 16.2 us,  6.7 sy,  0.0 ni, 75.4 id,  0.0 wa,  0.0 hi,  1.4 si,  0.3 st
%Cpu(s): 18.7 us,  6.7 sy,  0.0 ni, 73.3 id,  0.0 wa,  0.0 hi,  1.3 si,  0.0 st
%Cpu(s): 30.8 us,  7.1 sy,  0.0 ni, 60.9 id,  0.0 wa,  0.0 hi,  1.0 si,  0.1 st
%Cpu(s): 18.0 us,  7.1 sy,  0.0 ni, 73.7 id,  0.0 wa,  0.0 hi,  1.3 si,  0.0 st
%Cpu(s): 30.2 us,  6.6 sy,  0.0 ni, 62.0 id,  0.0 wa,  0.0 hi,  1.0 si,  0.1 st
%Cpu(s): 37.3 us,  6.3 sy,  0.0 ni, 55.0 id,  0.0 wa,  0.0 hi,  1.3 si,  0.1 st
%Cpu(s): 34.0 us,  7.5 sy,  0.0 ni, 57.0 id,  0.0 wa,  0.0 hi,  1.5 si,  0.0 st
%Cpu(s): 35.6 us,  7.4 sy,  0.0 ni, 55.5 id,  0.0 wa,  0.0 hi,  1.5 si,  0.0 st
%Cpu(s): 29.4 us,  7.4 sy,  0.0 ni, 61.8 id,  0.0 wa,  0.0 hi,  1.3 si,  0.1 st
%Cpu(s): 27.2 us,  6.5 sy,  0.0 ni, 64.6 id,  0.0 wa,  0.0 hi,  1.6 si,  0.1 st
%Cpu(s): 42.0 us,  6.7 sy,  0.0 ni, 50.1 id,  0.0 wa,  0.0 hi,  1.1 si,  0.0 st
%Cpu(s): 21.3 us,  6.5 sy,  0.0 ni, 70.9 id,  0.0 wa,  0.0 hi,  1.3 si,  0.1 st
%Cpu(s): 15.3 us,  6.7 sy,  0.0 ni, 76.8 id,  0.0 wa,  0.0 hi,  1.0 si,  0.1 st
%Cpu(s): 17.3 us,  7.8 sy,  0.0 ni, 73.6 id,  0.0 wa,  0.0 hi,  1.2 si,  0.0 st
%Cpu(s): 16.2 us,  6.1 sy,  0.0 ni, 76.6 id,  0.0 wa,  0.0 hi,  1.0 si,  0.1 st
%Cpu(s): 16.8 us,  6.2 sy,  0.0 ni, 75.8 id,  0.0 wa,  0.0 hi,  1.2 si,  0.0 st
%Cpu(s): 17.8 us,  7.4 sy,  0.0 ni, 73.6 id,  0.0 wa,  0.0 hi,  1.1 si,  0.1 st
%Cpu(s): 16.9 us,  7.8 sy,  0.0 ni, 73.6 id,  0.0 wa,  0.0 hi,  1.7 si,  0.0 st
%Cpu(s): 17.4 us,  7.3 sy,  0.0 ni, 73.7 id,  0.1 wa,  0.0 hi,  1.4 si,  0.1 st
%Cpu(s): 17.9 us,  6.4 sy,  0.0 ni, 74.1 id,  0.0 wa,  0.0 hi,  1.6 si,  0.0 st
%Cpu(s): 15.2 us,  7.0 sy,  0.0 ni, 76.9 id,  0.0 wa,  0.0 hi,  0.8 si,  0.1 st
%Cpu(s): 15.9 us,  5.9 sy,  0.0 ni, 77.0 id,  0.0 wa,  0.0 hi,  1.0 si,  0.1 st
%Cpu(s): 18.5 us,  7.3 sy,  0.0 ni, 72.5 id,  0.0 wa,  0.0 hi,  1.7 si,  0.0 st
%Cpu(s): 34.0 us,  7.1 sy,  0.0 ni, 57.6 id,  0.0 wa,  0.0 hi,  1.4 si,  0.0 st
%Cpu(s): 19.5 us,  6.9 sy,  0.0 ni, 72.0 id,  0.0 wa,  0.0 hi,  1.3 si,  0.3 st
%Cpu(s): 19.4 us,  6.8 sy,  0.0 ni, 73.0 id,  0.0 wa,  0.0 hi,  0.9 si,  0.0 st
%Cpu(s): 22.8 us,  7.3 sy,  0.0 ni, 68.6 id,  0.0 wa,  0.0 hi,  1.3 si,  0.1 st
%Cpu(s): 26.9 us,  6.6 sy,  0.0 ni, 65.1 id,  0.0 wa,  0.0 hi,  1.3 si,  0.1 st
%Cpu(s): 20.0 us,  6.7 sy,  0.0 ni, 72.0 id,  0.0 wa,  0.0 hi,  1.3 si,  0.0 st
%Cpu(s):  2.6 us,  2.1 sy,  0.0 ni, 95.1 id,  0.0 wa,  0.0 hi,  0.1 si,  0.0 st
%Cpu(s):  2.7 us,  1.5 sy,  0.0 ni, 95.8 id,  0.0 wa,  0.0 hi,  0.0 si,  0.0 st
%Cpu(s):  2.6 us,  2.1 sy,  0.0 ni, 94.8 id,  0.0 wa,  0.0 hi,  0.1 si,  0.4 st
%Cpu(s):  2.1 us,  2.0 sy,  0.0 ni, 95.7 id,  0.0 wa,  0.0 hi,  0.0 si,  0.1 st
%Cpu(s):  3.0 us,  2.8 sy,  0.0 ni, 94.2 id,  0.0 wa,  0.0 hi,  0.0 si,  0.0 st
%Cpu(s):  7.0 us,  2.1 sy,  0.0 ni, 90.6 id,  0.0 wa,  0.0 hi,  0.1 si,  0.1 st
%Cpu(s):  4.2 us,  3.0 sy,  0.0 ni, 92.8 id,  0.0 wa,  0.0 hi,  0.0 si,  0.0 st
%Cpu(s):  4.7 us,  4.0 sy,  0.0 ni, 91.3 id,  0.0 wa,  0.0 hi,  0.0 si,  0.0 st
%Cpu(s):  4.0 us,  3.5 sy,  0.0 ni, 92.6 id,  0.0 wa,  0.0 hi,  0.0 si,  0.0 st
%Cpu(s):  2.5 us,  2.4 sy,  0.0 ni, 95.0 id,  0.1 wa,  0.0 hi,  0.0 si,  0.0 st
%Cpu(s):  2.3 us,  3.1 sy,  0.0 ni, 94.5 id,  0.0 wa,  0.0 hi,  0.1 si,  0.0 st
%Cpu(s):  3.1 us,  2.2 sy,  0.0 ni, 94.6 id,  0.0 wa,  0.0 hi,  0.0 si,  0.0 st
%Cpu(s):  2.9 us,  2.6 sy,  0.0 ni, 94.1 id,  0.0 wa,  0.0 hi,  0.0 si,  0.4 st
%Cpu(s):  2.0 us,  2.3 sy,  0.0 ni, 95.0 id,  0.0 wa,  0.0 hi,  0.0 si,  0.8 st
