%Cpu(s):  0.8 us,  0.1 sy,  0.0 ni, 99.0 id,  0.0 wa,  0.0 hi,  0.0 si,  0.0 st
%Cpu(s):  1.8 us,  1.3 sy,  0.0 ni, 97.0 id,  0.0 wa,  0.0 hi,  0.0 si,  0.0 st
%Cpu(s):  1.3 us,  0.9 sy,  0.0 ni, 97.8 id,  0.0 wa,  0.0 hi,  0.0 si,  0.0 st
%Cpu(s):  0.8 us,  1.4 sy,  0.0 ni, 97.9 id,  0.0 wa,  0.0 hi,  0.0 si,  0.0 st
%Cpu(s):  1.9 us,  1.2 sy,  0.0 ni, 96.9 id,  0.0 wa,  0.0 hi,  0.0 si,  0.0 st
%Cpu(s):  4.4 us,  0.9 sy,  0.0 ni, 94.6 id,  0.0 wa,  0.0 hi,  0.1 si,  0.0 st
%Cpu(s): 44.3 us,  2.8 sy,  0.0 ni, 52.5 id,  0.0 wa,  0.0 hi,  0.4 si,  0.1 st
%Cpu(s): 88.1 us,  8.1 sy,  0.0 ni,  1.6 id,  0.0 wa,  0.0 hi,  2.1 si,  0.0 st
%Cpu(s): 88.4 us,  9.3 sy,  0.0 ni,  0.6 id,  0.0 wa,  0.0 hi,  1.6 si,  0.0 st
%Cpu(s): 88.3 us,  8.3 sy,  0.0 ni,  1.6 id,  0.0 wa,  0.0 hi,  1.7 si,  0.0 st
%Cpu(s): 88.7 us,  8.1 sy,  0.0 ni,  1.2 id,  0.0 wa,  0.0 hi,  2.0 si,  0.0 st
%Cpu(s): 85.9 us,  7.7 sy,  0.0 ni,  4.7 id,  0.0 wa,  0.0 hi,  1.6 si,  0.0 st
%Cpu(s): 79.8 us,  7.1 sy,  0.0 ni, 11.4 id,  0.0 wa,  0.0 hi,  1.7 si,  0.0 st
%Cpu(s): 63.5 us,  5.9 sy,  0.0 ni, 29.0 id,  0.0 wa,  0.0 hi,  1.6 si,  0.0 st
%Cpu(s): 47.3 us,  5.6 sy,  0.0 ni, 45.6 id,  0.0 wa,  0.0 hi,  1.4 si,  0.1 st
%Cpu(s): 35.1 us,  5.3 sy,  0.0 ni, 58.8 id,  0.1 wa,  0.0 hi,  0.6 si,  0.0 st
%Cpu(s): 15.8 us,  4.9 sy,  0.0 ni, 78.3 id,  0.0 wa,  0.0 hi,  1.0 si,  0.0 st
%Cpu(s): 17.2 us,  5.0 sy,  0.0 ni, 77.3 id,  0.0 wa,  0.0 hi,  0.4 si,  0.1 st
%Cpu(s): 10.2 us,  6.8 sy,  0.0 ni, 82.4 id,  0.0 wa,  0.0 hi,  0.6 si,  0.0 st
%Cpu(s):  8.2 us,  6.5 sy,  0.0 ni, 84.6 id,  0.0 wa,  0.0 hi,  0.8 si,  0.0 st
%Cpu(s): 11.2 us,  5.9 sy,  0.0 ni, 81.9 id,  0.0 wa,  0.0 hi,  0.8 si,  0.3 st
%Cpu(s):  8.6 us,  5.7 sy,  0.0 ni, 84.4 id,  0.0 wa,  0.0 hi,  0.8 si,  0.5 st
%Cpu(s):  9.7 us,  5.7 sy,  0.0 ni, 83.7 id,  0.0 wa,  0.0 hi,  0.9 si,  0.0 st
%Cpu(s): 10.7 us,  4.9 sy,  0.0 ni, 83.6 id,  0.0 wa,  0.0 hi,  0.6 si,  0.1 st
%Cpu(s):  8.8 us,  5.1 sy,  0.0 ni, 85.1 id,  0.0 wa,  0.0 hi,  0.5 si,  0.4 st
%Cpu(s):  8.6 us,  4.7 sy,  0.0 ni, 85.9 id,  0.0 wa,  0.0 hi,  0.6 si,  0.1 st
%Cpu(s):  8.7 us,  5.0 sy,  0.0 ni, 86.0 id,  0.0 wa,  0.0 hi,  0.3 si,  0.0 st
%Cpu(s):  9.4 us,  5.1 sy,  0.0 ni, 84.6 id,  0.0 wa,  0.0 hi,  0.8 si,  0.1 st
%Cpu(s): 10.9 us,  5.5 sy,  0.0 ni, 82.7 id,  0.0 wa,  0.0 hi,  0.9 si,  0.0 st
%Cpu(s): 10.9 us,  5.3 sy,  0.0 ni, 83.3 id,  0.0 wa,  0.0 hi,  0.5 si,  0.0 st
%Cpu(s):  9.5 us,  4.9 sy,  0.0 ni, 84.8 id,  0.0 wa,  0.0 hi,  0.8 si,  0.1 st
%Cpu(s):  7.7 us,  5.1 sy,  0.0 ni, 86.0 id,  0.0 wa,  0.0 hi,  1.2 si,  0.0 st
%Cpu(s):  9.7 us,  5.8 sy,  0.0 ni, 83.4 id,  0.0 wa,  0.0 hi,  0.9 si,  0.1 st
%Cpu(s):  9.5 us,  5.6 sy,  0.0 ni, 84.1 id,  0.0 wa,  0.0 hi,  0.8 si,  0.0 st
%Cpu(s):  9.1 us,  6.6 sy,  0.0 ni, 83.7 id,  0.0 wa,  0.0 hi,  0.5 si,  0.0 st
%Cpu(s): 11.2 us,  5.9 sy,  0.0 ni, 82.2 id,  0.0 wa,  0.0 hi,  0.8 si,  0.0 st
%Cpu(s): 14.6 us,  5.8 sy,  0.0 ni, 79.1 id,  0.0 wa,  0.0 hi,  0.5 si,  0.0 st
%Cpu(s): 24.5 us,  6.4 sy,  0.0 ni, 68.1 id,  0.0 wa,  0.0 hi,  0.9 si,  0.1 st
%Cpu(s): 13.7 us,  5.5 sy,  0.0 ni, 80.2 id,  0.0 wa,  0.0 hi,  0.4 si,  0.1 st
%Cpu(s):  9.4 us,  6.2 sy,  0.0 ni, 83.9 id,  0.0 wa,  0.0 hi,  0.5 si,  0.0 st
%Cpu(s): 13.5 us,  5.6 sy,  0.0 ni, 80.1 id,  0.0 wa,  0.0 hi,  0.8 si,  0.0 st
%Cpu(s): 24.1 us,  5.8 sy,  0.0 ni, 69.3 id,  0.0 wa,  0.0 hi,  0.8 si,  0.1 st
%Cpu(s): 10.4 us,  4.7 sy,  0.0 ni, 84.2 id,  0.0 wa,  0.0 hi,  0.6 si,  0.0 st
%Cpu(s):  9.3 us,  5.4 sy,  0.0 ni, 84.8 id,  0.0 wa,  0.0 hi,  0.4 si,  0.1 st
%Cpu(s): 11.8 us,  5.9 sy,  0.0 ni, 81.7 id,  0.1 wa,  0.0 hi,  0.4 si,  0.0 st
%Cpu(s):  7.3 us,  6.4 sy,  0.0 ni, 85.7 id,  0.0 wa,  0.0 hi,  0.5 si,  0.0 st
%Cpu(s): 10.0 us,  5.0 sy,  0.0 ni, 84.3 id,  0.0 wa,  0.0 hi,  0.5 si,  0.1 st
%Cpu(s):  9.5 us,  5.6 sy,  0.0 ni, 84.7 id,  0.0 wa,  0.0 hi,  0.3 si,  0.0 st
%Cpu(s):  7.8 us,  4.8 sy,  0.0 ni, 86.9 id,  0.0 wa,  0.0 hi,  0.4 si,  0.1 st
%Cpu(s):  8.8 us,  5.6 sy,  0.0 ni, 84.9 id,  0.0 wa,  0.0 hi,  0.6 si,  0.0 st
%Cpu(s):  8.8 us,  5.7 sy,  0.0 ni, 84.8 id,  0.0 wa,  0.0 hi,  0.5 si,  0.1 st
%Cpu(s):  9.2 us,  5.5 sy,  0.0 ni, 84.7 id,  0.0 wa,  0.0 hi,  0.4 si,  0.1 st
%Cpu(s):  8.9 us,  5.3 sy,  0.0 ni, 85.2 id,  0.0 wa,  0.0 hi,  0.5 si,  0.0 st
%Cpu(s):  7.5 us,  4.8 sy,  0.0 ni, 87.4 id,  0.0 wa,  0.0 hi,  0.4 si,  0.0 st
%Cpu(s):  8.3 us,  5.8 sy,  0.0 ni, 85.4 id,  0.0 wa,  0.0 hi,  0.4 si,  0.1 st
%Cpu(s):  6.7 us,  4.9 sy,  0.0 ni, 88.1 id,  0.0 wa,  0.0 hi,  0.3 si,  0.0 st
%Cpu(s):  7.8 us,  5.6 sy,  0.0 ni, 86.1 id,  0.0 wa,  0.0 hi,  0.5 si,  0.0 st
%Cpu(s):  8.0 us,  4.8 sy,  0.0 ni, 86.4 id,  0.0 wa,  0.0 hi,  0.6 si,  0.1 st
%Cpu(s):  7.7 us,  5.6 sy,  0.0 ni, 86.1 id,  0.0 wa,  0.0 hi,  0.5 si,  0.0 st
%Cpu(s):  8.4 us,  4.9 sy,  0.0 ni, 85.7 id,  0.0 wa,  0.0 hi,  0.9 si,  0.1 st
%Cpu(s):  8.4 us,  5.0 sy,  0.0 ni, 86.1 id,  0.0 wa,  0.0 hi,  0.4 si,  0.1 st
%Cpu(s):  8.5 us,  4.8 sy,  0.0 ni, 85.9 id,  0.0 wa,  0.0 hi,  0.8 si,  0.0 st
%Cpu(s):  8.9 us,  6.0 sy,  0.0 ni, 84.4 id,  0.0 wa,  0.0 hi,  0.8 si,  0.0 st
%Cpu(s):  7.5 us,  5.3 sy,  0.0 ni, 86.7 id,  0.0 wa,  0.0 hi,  0.5 si,  0.0 st
%Cpu(s):  7.6 us,  5.2 sy,  0.0 ni, 86.8 id,  0.0 wa,  0.0 hi,  0.4 si,  0.0 st
%Cpu(s):  9.2 us,  5.5 sy,  0.0 ni, 84.9 id,  0.0 wa,  0.0 hi,  0.3 si,  0.1 st
%Cpu(s): 47.6 us,  6.7 sy,  0.0 ni, 44.8 id,  0.0 wa,  0.0 hi,  0.9 si,  0.0 st
%Cpu(s): 48.9 us,  6.9 sy,  0.0 ni, 43.1 id,  0.0 wa,  0.0 hi,  1.1 si,  0.0 st
%Cpu(s): 16.3 us,  6.6 sy,  0.0 ni, 76.3 id,  0.0 wa,  0.0 hi,  0.8 si,  0.0 st
%Cpu(s): 10.9 us,  6.8 sy,  0.0 ni, 81.8 id,  0.0 wa,  0.0 hi,  0.5 si,  0.0 st
%Cpu(s): 15.6 us,  5.7 sy,  0.0 ni, 78.2 id,  0.0 wa,  0.0 hi,  0.4 si,  0.1 st
%Cpu(s): 10.3 us,  5.9 sy,  0.0 ni, 83.2 id,  0.0 wa,  0.0 hi,  0.5 si,  0.0 st
%Cpu(s):  1.9 us,  1.9 sy,  0.0 ni, 96.1 id,  0.0 wa,  0.0 hi,  0.1 si,  0.0 st
%Cpu(s):  1.7 us,  1.4 sy,  0.0 ni, 96.9 id,  0.0 wa,  0.0 hi,  0.0 si,  0.0 st
%Cpu(s):  2.0 us,  1.0 sy,  0.0 ni, 96.7 id,  0.0 wa,  0.0 hi,  0.0 si,  0.3 st
%Cpu(s):  2.0 us,  1.9 sy,  0.0 ni, 96.1 id,  0.0 wa,  0.0 hi,  0.0 si,  0.0 st
%Cpu(s):  1.8 us,  1.1 sy,  0.0 ni, 97.1 id,  0.0 wa,  0.0 hi,  0.0 si,  0.0 st
%Cpu(s):  1.8 us,  0.5 sy,  0.0 ni, 97.7 id,  0.0 wa,  0.0 hi,  0.0 si,  0.0 st
%Cpu(s):  1.3 us,  0.5 sy,  0.0 ni, 98.1 id,  0.0 wa,  0.0 hi,  0.0 si,  0.1 st
%Cpu(s):  1.5 us,  1.2 sy,  0.0 ni, 97.3 id,  0.0 wa,  0.0 hi,  0.0 si,  0.0 st
%Cpu(s):  1.2 us,  1.0 sy,  0.0 ni, 97.4 id,  0.0 wa,  0.0 hi,  0.0 si,  0.4 st
%Cpu(s):  1.5 us,  1.2 sy,  0.0 ni, 97.0 id,  0.0 wa,  0.0 hi,  0.0 si,  0.2 st
%Cpu(s):  1.4 us,  1.3 sy,  0.0 ni, 97.4 id,  0.0 wa,  0.0 hi,  0.0 si,  0.0 st
%Cpu(s):  1.2 us,  2.0 sy,  0.0 ni, 96.8 id,  0.0 wa,  0.0 hi,  0.0 si,  0.0 st
