%Cpu(s):  9.2 us,  0.9 sy,  0.0 ni, 89.7 id,  0.0 wa,  0.0 hi,  0.1 si,  0.0 st
%Cpu(s): 19.9 us,  0.6 sy,  0.0 ni, 79.3 id,  0.0 wa,  0.0 hi,  0.0 si,  0.1 st
%Cpu(s):  4.4 us,  0.9 sy,  0.0 ni, 94.7 id,  0.0 wa,  0.0 hi,  0.0 si,  0.0 st
%Cpu(s):  4.0 us,  0.6 sy,  0.0 ni, 95.4 id,  0.0 wa,  0.0 hi,  0.0 si,  0.0 st
%Cpu(s): 17.6 us,  1.3 sy,  0.0 ni, 81.0 id,  0.0 wa,  0.0 hi,  0.1 si,  0.0 st
%Cpu(s): 90.8 us,  6.8 sy,  0.0 ni,  0.9 id,  0.0 wa,  0.0 hi,  1.5 si,  0.0 st
%Cpu(s): 91.5 us,  6.8 sy,  0.0 ni,  0.0 id,  0.0 wa,  0.0 hi,  1.5 si,  0.1 st
%Cpu(s): 88.6 us,  8.9 sy,  0.0 ni,  0.2 id,  0.0 wa,  0.0 hi,  2.2 si,  0.0 st
%Cpu(s): 89.8 us,  8.1 sy,  0.0 ni,  0.0 id,  0.0 wa,  0.0 hi,  2.1 si,  0.0 st
%Cpu(s): 90.1 us,  8.1 sy,  0.0 ni,  0.0 id,  0.0 wa,  0.0 hi,  1.9 si,  0.0 st
%Cpu(s): 89.6 us,  8.2 sy,  0.0 ni,  0.2 id,  0.0 wa,  0.0 hi,  2.0 si,  0.0 st
%Cpu(s): 89.4 us,  8.9 sy,  0.0 ni,  0.0 id,  0.0 wa,  0.0 hi,  1.6 si,  0.1 st
%Cpu(s): 89.1 us,  8.4 sy,  0.0 ni,  0.1 id,  0.0 wa,  0.0 hi,  2.2 si,  0.1 st
%Cpu(s): 88.3 us,  9.3 sy,  0.0 ni,  0.2 id,  0.0 wa,  0.0 hi,  2.1 si,  0.0 st
%Cpu(s): 89.6 us,  8.4 sy,  0.0 ni,  0.2 id,  0.0 wa,  0.0 hi,  1.7 si,  0.0 st
%Cpu(s): 87.6 us, 10.1 sy,  0.0 ni,  0.4 id,  0.0 wa,  0.0 hi,  1.9 si,  0.0 st
%Cpu(s): 90.1 us,  8.1 sy,  0.0 ni,  0.2 id,  0.0 wa,  0.0 hi,  1.6 si,  0.0 st
%Cpu(s): 90.2 us,  7.8 sy,  0.0 ni,  0.0 id,  0.0 wa,  0.0 hi,  2.0 si,  0.0 st
%Cpu(s): 78.0 us,  8.8 sy,  0.0 ni, 10.9 id,  0.0 wa,  0.0 hi,  2.4 si,  0.0 st
%Cpu(s): 38.2 us,  6.7 sy,  0.0 ni, 54.0 id,  0.0 wa,  0.0 hi,  1.2 si,  0.0 st
%Cpu(s): 32.6 us,  6.2 sy,  0.0 ni, 59.6 id,  0.0 wa,  0.0 hi,  1.4 si,  0.1 st
%Cpu(s): 20.2 us,  6.5 sy,  0.0 ni, 72.6 id,  0.0 wa,  0.0 hi,  0.8 si,  0.0 st
%Cpu(s): 22.7 us,  5.8 sy,  0.0 ni, 70.4 id,  0.0 wa,  0.0 hi,  1.0 si,  0.1 st
%Cpu(s): 26.2 us,  6.8 sy,  0.0 ni, 66.2 id,  0.0 wa,  0.0 hi,  0.9 si,  0.0 st
%Cpu(s): 44.6 us,  7.5 sy,  0.0 ni, 46.5 id,  0.0 wa,  0.0 hi,  1.4 si,  0.0 st
%Cpu(s): 28.9 us,  6.3 sy,  0.0 ni, 64.1 id,  0.0 wa,  0.0 hi,  0.4 si,  0.3 st
%Cpu(s): 23.8 us,  5.6 sy,  0.0 ni, 69.3 id,  0.0 wa,  0.0 hi,  1.1 si,  0.1 st
%Cpu(s): 15.9 us,  6.0 sy,  0.0 ni, 77.1 id,  0.0 wa,  0.0 hi,  0.9 si,  0.0 st
%Cpu(s): 14.7 us,  6.5 sy,  0.0 ni, 77.6 id,  0.0 wa,  0.0 hi,  1.0 si,  0.1 st
%Cpu(s): 25.1 us,  6.5 sy,  0.0 ni, 67.2 id,  0.0 wa,  0.0 hi,  1.0 si,  0.1 st
%Cpu(s): 41.5 us,  7.1 sy,  0.0 ni, 50.4 id,  0.0 wa,  0.0 hi,  0.9 si,  0.1 st
%Cpu(s): 18.9 us,  6.0 sy,  0.0 ni, 74.6 id,  0.0 wa,  0.0 hi,  0.5 si,  0.0 st
%Cpu(s): 17.7 us,  5.8 sy,  0.0 ni, 75.7 id,  0.0 wa,  0.0 hi,  0.8 si,  0.1 st
%Cpu(s): 44.1 us,  7.7 sy,  0.0 ni, 46.8 id,  0.0 wa,  0.0 hi,  1.4 si,  0.0 st
%Cpu(s): 74.5 us,  7.5 sy,  0.0 ni, 16.0 id,  0.0 wa,  0.0 hi,  2.0 si,  0.0 st
%Cpu(s): 44.6 us,  6.4 sy,  0.0 ni, 48.1 id,  0.0 wa,  0.0 hi,  0.9 si,  0.0 st
%Cpu(s): 27.1 us,  6.4 sy,  0.0 ni, 65.4 id,  0.0 wa,  0.0 hi,  1.1 si,  0.0 st
%Cpu(s): 14.1 us,  5.8 sy,  0.0 ni, 79.1 id,  0.0 wa,  0.0 hi,  0.8 si,  0.1 st
%Cpu(s): 17.4 us,  6.4 sy,  0.0 ni, 75.5 id,  0.0 wa,  0.0 hi,  0.5 si,  0.1 st
%Cpu(s): 16.8 us,  5.8 sy,  0.0 ni, 76.6 id,  0.0 wa,  0.0 hi,  0.8 si,  0.1 st
%Cpu(s): 17.3 us,  7.0 sy,  0.0 ni, 74.8 id,  0.0 wa,  0.0 hi,  0.9 si,  0.0 st
%Cpu(s): 13.6 us,  6.7 sy,  0.0 ni, 79.0 id,  0.0 wa,  0.0 hi,  0.5 si,  0.1 st
%Cpu(s): 15.9 us,  6.3 sy,  0.0 ni, 77.1 id,  0.0 wa,  0.0 hi,  0.5 si,  0.1 st
%Cpu(s): 16.0 us,  6.2 sy,  0.0 ni, 77.0 id,  0.0 wa,  0.0 hi,  0.8 si,  0.0 st
%Cpu(s): 14.1 us,  7.4 sy,  0.0 ni, 77.6 id,  0.0 wa,  0.0 hi,  0.9 si,  0.0 st
%Cpu(s): 15.4 us,  6.4 sy,  0.0 ni, 77.3 id,  0.0 wa,  0.0 hi,  0.6 si,  0.3 st
%Cpu(s): 15.9 us,  6.2 sy,  0.0 ni, 77.4 id,  0.0 wa,  0.0 hi,  0.5 si,  0.0 st
%Cpu(s): 15.7 us,  6.9 sy,  0.0 ni, 76.6 id,  0.0 wa,  0.0 hi,  0.8 si,  0.1 st
%Cpu(s): 17.0 us,  5.6 sy,  0.0 ni, 76.4 id,  0.0 wa,  0.0 hi,  0.9 si,  0.1 st
%Cpu(s): 14.5 us,  6.6 sy,  0.0 ni, 77.8 id,  0.0 wa,  0.0 hi,  1.0 si,  0.0 st
%Cpu(s): 12.8 us,  7.4 sy,  0.0 ni, 79.1 id,  0.0 wa,  0.0 hi,  0.8 si,  0.0 st
%Cpu(s): 15.0 us,  6.0 sy,  0.0 ni, 78.0 id,  0.1 wa,  0.0 hi,  0.6 si,  0.1 st
%Cpu(s): 15.5 us,  6.7 sy,  0.0 ni, 77.0 id,  0.0 wa,  0.0 hi,  0.6 si,  0.1 st
%Cpu(s): 14.5 us,  6.6 sy,  0.0 ni, 78.0 id,  0.0 wa,  0.0 hi,  0.9 si,  0.0 st
%Cpu(s): 16.6 us,  6.7 sy,  0.0 ni, 75.7 id,  0.0 wa,  0.0 hi,  0.9 si,  0.1 st
%Cpu(s): 14.2 us,  6.4 sy,  0.0 ni, 78.7 id,  0.0 wa,  0.0 hi,  0.8 si,  0.0 st
%Cpu(s): 16.5 us,  7.4 sy,  0.0 ni, 75.2 id,  0.0 wa,  0.0 hi,  0.8 si,  0.1 st
%Cpu(s): 16.3 us,  6.0 sy,  0.0 ni, 76.6 id,  0.0 wa,  0.0 hi,  1.0 si,  0.1 st
%Cpu(s): 18.9 us,  6.6 sy,  0.0 ni, 73.8 id,  0.0 wa,  0.0 hi,  0.5 si,  0.1 st
%Cpu(s): 64.2 us,  7.0 sy,  0.0 ni, 27.4 id,  0.0 wa,  0.0 hi,  1.4 si,  0.0 st
%Cpu(s): 89.8 us,  8.1 sy,  0.0 ni,  0.1 id,  0.0 wa,  0.0 hi,  2.0 si,  0.0 st
%Cpu(s): 88.3 us,  8.7 sy,  0.0 ni,  0.7 id,  0.0 wa,  0.0 hi,  2.2 si,  0.0 st
%Cpu(s): 36.5 us,  2.1 sy,  0.0 ni, 60.5 id,  0.0 wa,  0.0 hi,  0.9 si,  0.0 st
%Cpu(s):  0.9 us,  0.9 sy,  0.0 ni, 98.1 id,  0.0 wa,  0.0 hi,  0.0 si,  0.1 st
%Cpu(s):  1.4 us,  1.3 sy,  0.0 ni, 97.3 id,  0.0 wa,  0.0 hi,  0.0 si,  0.0 st
%Cpu(s):  1.9 us,  1.0 sy,  0.0 ni, 97.1 id,  0.0 wa,  0.0 hi,  0.0 si,  0.0 st
%Cpu(s):  6.0 us,  1.0 sy,  0.0 ni, 93.0 id,  0.0 wa,  0.0 hi,  0.0 si,  0.0 st
%Cpu(s):  1.6 us,  1.0 sy,  0.0 ni, 97.2 id,  0.0 wa,  0.0 hi,  0.0 si,  0.1 st
%Cpu(s):  2.1 us,  1.5 sy,  0.0 ni, 96.3 id,  0.0 wa,  0.0 hi,  0.0 si,  0.0 st
%Cpu(s):  1.4 us,  1.0 sy,  0.0 ni, 97.6 id,  0.0 wa,  0.0 hi,  0.0 si,  0.0 st
%Cpu(s):  2.0 us,  0.8 sy,  0.0 ni, 97.1 id,  0.0 wa,  0.0 hi,  0.1 si,  0.0 st
%Cpu(s):  1.4 us,  1.3 sy,  0.0 ni, 97.4 id,  0.0 wa,  0.0 hi,  0.0 si,  0.0 st
%Cpu(s):  1.9 us,  1.4 sy,  0.0 ni, 96.8 id,  0.0 wa,  0.0 hi,  0.0 si,  0.0 st
%Cpu(s):  1.8 us,  1.5 sy,  0.0 ni, 96.6 id,  0.0 wa,  0.0 hi,  0.1 si,  0.0 st
%Cpu(s):  1.0 us,  1.4 sy,  0.0 ni, 97.5 id,  0.0 wa,  0.0 hi,  0.0 si,  0.1 st
%Cpu(s):  1.4 us,  1.1 sy,  0.0 ni, 97.5 id,  0.0 wa,  0.0 hi,  0.0 si,  0.0 st
%Cpu(s):  2.2 us,  0.9 sy,  0.0 ni, 96.9 id,  0.0 wa,  0.0 hi,  0.0 si,  0.0 st
%Cpu(s):  1.5 us,  1.4 sy,  0.0 ni, 97.0 id,  0.0 wa,  0.0 hi,  0.1 si,  0.0 st
%Cpu(s):  1.8 us,  0.9 sy,  0.0 ni, 97.4 id,  0.0 wa,  0.0 hi,  0.0 si,  0.0 st
