%Cpu(s): 10.0 us,  1.4 sy,  0.0 ni, 88.4 id,  0.0 wa,  0.0 hi,  0.2 si,  0.0 st
%Cpu(s):  2.5 us,  3.1 sy,  0.0 ni, 94.2 id,  0.0 wa,  0.0 hi,  0.0 si,  0.1 st
%Cpu(s): 10.6 us,  1.9 sy,  0.0 ni, 87.5 id,  0.0 wa,  0.0 hi,  0.0 si,  0.0 st
%Cpu(s):  2.0 us,  3.1 sy,  0.0 ni, 94.7 id,  0.0 wa,  0.0 hi,  0.0 si,  0.1 st
%Cpu(s):  2.6 us,  1.1 sy,  0.0 ni, 96.0 id,  0.0 wa,  0.0 hi,  0.0 si,  0.3 st
%Cpu(s):  7.7 us,  2.3 sy,  0.0 ni, 89.9 id,  0.0 wa,  0.0 hi,  0.0 si,  0.1 st
%Cpu(s): 83.2 us,  3.8 sy,  0.0 ni, 12.2 id,  0.0 wa,  0.0 hi,  0.8 si,  0.0 st
%Cpu(s): 88.9 us,  9.2 sy,  0.0 ni,  0.1 id,  0.0 wa,  0.0 hi,  1.7 si,  0.0 st
%Cpu(s): 88.3 us,  9.0 sy,  0.0 ni,  0.2 id,  0.0 wa,  0.0 hi,  2.5 si,  0.0 st
%Cpu(s): 88.3 us,  9.6 sy,  0.0 ni,  0.1 id,  0.0 wa,  0.0 hi,  2.0 si,  0.0 st
%Cpu(s): 87.8 us,  9.2 sy,  0.0 ni,  0.6 id,  0.0 wa,  0.0 hi,  2.4 si,  0.0 st
%Cpu(s): 87.8 us,  8.4 sy,  0.0 ni,  1.2 id,  0.0 wa,  0.0 hi,  2.6 si,  0.0 st
%Cpu(s): 84.4 us,  6.5 sy,  0.0 ni,  7.3 id,  0.0 wa,  0.0 hi,  1.8 si,  0.0 st
%Cpu(s): 87.5 us,  8.2 sy,  0.0 ni,  2.0 id,  0.0 wa,  0.0 hi,  2.2 si,  0.0 st
%Cpu(s): 67.7 us,  6.8 sy,  0.0 ni, 22.8 id,  0.0 wa,  0.0 hi,  2.8 si,  0.0 st
%Cpu(s): 25.7 us,  5.9 sy,  0.0 ni, 66.9 id,  0.0 wa,  0.0 hi,  1.5 si,  0.0 st
%Cpu(s): 34.1 us,  6.8 sy,  0.0 ni, 57.1 id,  0.0 wa,  0.0 hi,  2.0 si,  0.0 st
%Cpu(s): 47.6 us,  6.6 sy,  0.0 ni, 43.7 id,  0.0 wa,  0.0 hi,  1.9 si,  0.1 st
%Cpu(s): 38.1 us,  7.7 sy,  0.0 ni, 52.8 id,  0.0 wa,  0.0 hi,  1.4 si,  0.0 st
%Cpu(s): 15.6 us,  5.9 sy,  0.0 ni, 77.5 id,  0.0 wa,  0.0 hi,  1.0 si,  0.0 st
%Cpu(s): 16.7 us,  7.1 sy,  0.0 ni, 74.6 id,  0.0 wa,  0.0 hi,  1.7 si,  0.0 st
%Cpu(s): 13.4 us,  7.4 sy,  0.0 ni, 78.0 id,  0.0 wa,  0.0 hi,  1.2 si,  0.0 st
%Cpu(s): 17.3 us,  7.6 sy,  0.0 ni, 73.6 id,  0.0 wa,  0.0 hi,  1.5 si,  0.0 st
%Cpu(s): 14.9 us,  6.9 sy,  0.0 ni, 76.6 id,  0.1 wa,  0.0 hi,  1.3 si,  0.1 st
%Cpu(s): 15.7 us,  6.4 sy,  0.0 ni, 75.7 id,  0.0 wa,  0.0 hi,  2.1 si,  0.0 st
%Cpu(s): 15.2 us,  6.3 sy,  0.0 ni, 76.9 id,  0.0 wa,  0.0 hi,  1.6 si,  0.0 st
%Cpu(s): 15.7 us,  6.7 sy,  0.0 ni, 76.1 id,  0.0 wa,  0.0 hi,  1.5 si,  0.0 st
%Cpu(s): 14.1 us,  7.3 sy,  0.0 ni, 77.6 id,  0.0 wa,  0.0 hi,  1.0 si,  0.0 st
%Cpu(s): 14.4 us,  6.6 sy,  0.0 ni, 77.7 id,  0.0 wa,  0.0 hi,  1.1 si,  0.1 st
%Cpu(s): 15.3 us,  7.0 sy,  0.0 ni, 76.1 id,  0.0 wa,  0.0 hi,  1.6 si,  0.0 st
%Cpu(s): 13.4 us,  6.1 sy,  0.0 ni, 78.8 id,  0.0 wa,  0.0 hi,  1.8 si,  0.0 st
%Cpu(s): 13.5 us,  7.6 sy,  0.0 ni, 77.6 id,  0.0 wa,  0.0 hi,  1.4 si,  0.0 st
%Cpu(s): 13.6 us,  6.5 sy,  0.0 ni, 78.2 id,  0.0 wa,  0.0 hi,  1.6 si,  0.0 st
%Cpu(s): 12.2 us,  5.4 sy,  0.0 ni, 81.2 id,  0.0 wa,  0.0 hi,  1.2 si,  0.0 st
%Cpu(s): 15.3 us,  6.0 sy,  0.0 ni, 77.5 id,  0.0 wa,  0.0 hi,  1.3 si,  0.0 st
%Cpu(s): 13.1 us,  6.5 sy,  0.0 ni, 79.0 id,  0.0 wa,  0.0 hi,  1.4 si,  0.0 st
%Cpu(s): 26.4 us,  5.6 sy,  0.0 ni, 66.2 id,  0.0 wa,  0.0 hi,  1.8 si,  0.0 st
%Cpu(s): 18.5 us,  7.2 sy,  0.0 ni, 72.6 id,  0.0 wa,  0.0 hi,  1.5 si,  0.1 st
%Cpu(s): 19.4 us,  6.8 sy,  0.0 ni, 72.3 id,  0.0 wa,  0.0 hi,  1.5 si,  0.0 st
%Cpu(s): 23.8 us,  5.7 sy,  0.0 ni, 68.8 id,  0.0 wa,  0.0 hi,  1.7 si,  0.0 st
%Cpu(s): 38.5 us,  6.9 sy,  0.0 ni, 53.1 id,  0.0 wa,  0.0 hi,  1.4 si,  0.1 st
%Cpu(s): 16.7 us,  6.5 sy,  0.0 ni, 75.5 id,  0.0 wa,  0.0 hi,  1.3 si,  0.0 st
%Cpu(s): 12.6 us,  5.9 sy,  0.0 ni, 80.0 id,  0.0 wa,  0.0 hi,  1.4 si,  0.0 st
%Cpu(s): 13.8 us,  7.0 sy,  0.0 ni, 78.0 id,  0.0 wa,  0.0 hi,  1.1 si,  0.1 st
%Cpu(s): 14.6 us,  6.1 sy,  0.0 ni, 78.0 id,  0.0 wa,  0.0 hi,  1.3 si,  0.0 st
%Cpu(s): 14.3 us,  6.9 sy,  0.0 ni, 77.0 id,  0.0 wa,  0.0 hi,  1.9 si,  0.0 st
%Cpu(s): 12.4 us,  6.9 sy,  0.0 ni, 78.6 id,  0.0 wa,  0.0 hi,  2.1 si,  0.0 st
%Cpu(s): 12.8 us,  6.4 sy,  0.0 ni, 79.1 id,  0.0 wa,  0.0 hi,  1.8 si,  0.0 st
%Cpu(s): 14.4 us,  6.6 sy,  0.0 ni, 77.7 id,  0.0 wa,  0.0 hi,  1.3 si,  0.0 st
%Cpu(s): 13.4 us,  6.8 sy,  0.0 ni, 78.2 id,  0.0 wa,  0.0 hi,  1.5 si,  0.1 st
%Cpu(s): 15.9 us,  6.5 sy,  0.0 ni, 76.2 id,  0.0 wa,  0.0 hi,  1.4 si,  0.0 st
%Cpu(s): 14.3 us,  6.3 sy,  0.0 ni, 77.8 id,  0.0 wa,  0.0 hi,  1.6 si,  0.0 st
%Cpu(s): 13.4 us,  5.8 sy,  0.0 ni, 79.2 id,  0.0 wa,  0.0 hi,  1.5 si,  0.0 st
%Cpu(s): 11.3 us,  7.5 sy,  0.0 ni, 79.3 id,  0.0 wa,  0.0 hi,  1.9 si,  0.0 st
%Cpu(s): 14.9 us,  6.3 sy,  0.0 ni, 77.4 id,  0.0 wa,  0.0 hi,  1.4 si,  0.0 st
%Cpu(s): 14.6 us,  6.0 sy,  0.0 ni, 77.6 id,  0.0 wa,  0.0 hi,  1.8 si,  0.0 st
%Cpu(s): 12.8 us,  6.0 sy,  0.0 ni, 79.5 id,  0.0 wa,  0.0 hi,  1.5 si,  0.1 st
%Cpu(s): 13.8 us,  6.2 sy,  0.0 ni, 78.8 id,  0.0 wa,  0.0 hi,  1.3 si,  0.0 st
%Cpu(s): 14.2 us,  5.0 sy,  0.0 ni, 79.2 id,  0.0 wa,  0.0 hi,  1.5 si,  0.1 st
%Cpu(s): 14.0 us,  6.4 sy,  0.0 ni, 78.3 id,  0.0 wa,  0.0 hi,  1.3 si,  0.0 st
%Cpu(s): 14.4 us,  7.8 sy,  0.0 ni, 76.2 id,  0.0 wa,  0.0 hi,  1.6 si,  0.0 st
%Cpu(s):  3.7 us,  3.1 sy,  0.0 ni, 92.6 id,  0.0 wa,  0.0 hi,  0.4 si,  0.1 st
%Cpu(s):  5.7 us,  4.1 sy,  0.0 ni, 90.1 id,  0.0 wa,  0.0 hi,  0.0 si,  0.1 st
%Cpu(s):  3.6 us,  1.8 sy,  0.0 ni, 94.5 id,  0.1 wa,  0.0 hi,  0.0 si,  0.0 st
%Cpu(s):  2.5 us,  1.7 sy,  0.0 ni, 95.6 id,  0.0 wa,  0.0 hi,  0.0 si,  0.1 st
%Cpu(s):  4.9 us,  2.6 sy,  0.0 ni, 92.5 id,  0.0 wa,  0.0 hi,  0.0 si,  0.0 st
%Cpu(s):  6.8 us,  3.4 sy,  0.0 ni, 89.6 id,  0.0 wa,  0.0 hi,  0.1 si,  0.1 st
%Cpu(s):  2.6 us,  1.8 sy,  0.0 ni, 95.6 id,  0.0 wa,  0.0 hi,  0.0 si,  0.0 st
%Cpu(s):  4.2 us,  2.2 sy,  0.0 ni, 93.3 id,  0.0 wa,  0.0 hi,  0.1 si,  0.1 st
%Cpu(s): 15.0 us,  1.1 sy,  0.0 ni, 83.9 id,  0.0 wa,  0.0 hi,  0.0 si,  0.0 st
%Cpu(s):  2.8 us,  1.9 sy,  0.0 ni, 95.2 id,  0.0 wa,  0.0 hi,  0.0 si,  0.1 st
%Cpu(s):  2.5 us,  1.6 sy,  0.0 ni, 95.9 id,  0.0 wa,  0.0 hi,  0.0 si,  0.0 st
%Cpu(s):  2.3 us,  1.0 sy,  0.0 ni, 96.7 id,  0.0 wa,  0.0 hi,  0.0 si,  0.0 st
%Cpu(s):  3.1 us,  2.4 sy,  0.0 ni, 94.3 id,  0.0 wa,  0.0 hi,  0.1 si,  0.1 st
%Cpu(s):  2.6 us,  1.2 sy,  0.0 ni, 95.9 id,  0.0 wa,  0.0 hi,  0.1 si,  0.1 st
%Cpu(s):  2.5 us,  1.2 sy,  0.0 ni, 95.9 id,  0.0 wa,  0.0 hi,  0.2 si,  0.1 st
%Cpu(s):  1.7 us,  2.0 sy,  0.0 ni, 96.0 id,  0.0 wa,  0.0 hi,  0.2 si,  0.0 st
%Cpu(s):  1.4 us,  1.0 sy,  0.0 ni, 97.5 id,  0.0 wa,  0.0 hi,  0.0 si,  0.1 st
%Cpu(s):  1.6 us,  2.9 sy,  0.0 ni, 95.3 id,  0.0 wa,  0.0 hi,  0.2 si,  0.0 st
%Cpu(s):  2.4 us,  1.6 sy,  0.0 ni, 95.9 id,  0.0 wa,  0.0 hi,  0.0 si,  0.1 st
%Cpu(s):  1.8 us,  1.4 sy,  0.0 ni, 96.6 id,  0.0 wa,  0.0 hi,  0.1 si,  0.1 st
