%Cpu(s):  1.4 us,  0.3 sy,  0.0 ni, 98.3 id,  0.0 wa,  0.0 hi,  0.0 si,  0.0 st
%Cpu(s):  5.6 us,  2.1 sy,  0.0 ni, 92.0 id,  0.0 wa,  0.0 hi,  0.0 si,  0.3 st
%Cpu(s): 83.3 us,  4.9 sy,  0.0 ni, 11.7 id,  0.0 wa,  0.0 hi,  0.0 si,  0.1 st
%Cpu(s): 78.2 us,  2.9 sy,  0.0 ni, 18.9 id,  0.0 wa,  0.0 hi,  0.0 si,  0.0 st
%Cpu(s): 93.6 us,  2.9 sy,  0.0 ni,  3.5 id,  0.0 wa,  0.0 hi,  0.0 si,  0.0 st
%Cpu(s): 95.9 us,  1.9 sy,  0.0 ni,  2.1 id,  0.0 wa,  0.0 hi,  0.1 si,  0.0 st
%Cpu(s): 93.5 us,  2.4 sy,  0.0 ni,  4.0 id,  0.0 wa,  0.0 hi,  0.1 si,  0.0 st
%Cpu(s): 25.6 us,  1.5 sy,  0.0 ni, 72.6 id,  0.0 wa,  0.0 hi,  0.1 si,  0.1 st
%Cpu(s):  7.4 us,  2.5 sy,  0.0 ni, 89.9 id,  0.0 wa,  0.0 hi,  0.0 si,  0.1 st
%Cpu(s): 13.3 us,  3.9 sy,  0.0 ni, 82.7 id,  0.0 wa,  0.0 hi,  0.1 si,  0.0 st
%Cpu(s): 10.2 us,  1.1 sy,  0.0 ni, 88.4 id,  0.0 wa,  0.0 hi,  0.1 si,  0.1 st
%Cpu(s):  9.4 us,  2.9 sy,  0.0 ni, 87.4 id,  0.0 wa,  0.0 hi,  0.1 si,  0.2 st
%Cpu(s):  7.5 us,  1.6 sy,  0.0 ni, 90.6 id,  0.0 wa,  0.0 hi,  0.0 si,  0.2 st
%Cpu(s):  3.8 us,  2.2 sy,  0.0 ni, 94.0 id,  0.0 wa,  0.0 hi,  0.0 si,  0.0 st
%Cpu(s): 10.9 us,  2.9 sy,  0.0 ni, 86.2 id,  0.0 wa,  0.0 hi,  0.0 si,  0.0 st
%Cpu(s): 11.8 us,  3.5 sy,  0.0 ni, 84.4 id,  0.0 wa,  0.0 hi,  0.1 si,  0.3 st
%Cpu(s): 13.8 us,  4.3 sy,  0.0 ni, 81.8 id,  0.0 wa,  0.0 hi,  0.1 si,  0.0 st
%Cpu(s): 71.9 us,  7.8 sy,  0.0 ni, 19.0 id,  0.0 wa,  0.0 hi,  1.3 si,  0.0 st
%Cpu(s): 86.4 us, 10.0 sy,  0.0 ni,  1.6 id,  0.0 wa,  0.0 hi,  2.0 si,  0.0 st
%Cpu(s): 88.9 us,  8.8 sy,  0.0 ni,  0.6 id,  0.0 wa,  0.0 hi,  1.6 si,  0.0 st
%Cpu(s): 87.6 us,  8.6 sy,  0.0 ni,  1.6 id,  0.0 wa,  0.0 hi,  2.1 si,  0.0 st
%Cpu(s): 87.9 us,  7.6 sy,  0.0 ni,  2.5 id,  0.0 wa,  0.0 hi,  2.0 si,  0.0 st
%Cpu(s): 81.5 us,  7.4 sy,  0.0 ni,  9.4 id,  0.0 wa,  0.0 hi,  1.8 si,  0.0 st
%Cpu(s): 65.6 us,  7.2 sy,  0.0 ni, 25.3 id,  0.0 wa,  0.0 hi,  1.9 si,  0.0 st
%Cpu(s): 51.6 us,  7.5 sy,  0.0 ni, 38.4 id,  0.0 wa,  0.0 hi,  2.5 si,  0.0 st
%Cpu(s): 25.1 us,  7.0 sy,  0.0 ni, 67.0 id,  0.0 wa,  0.0 hi,  0.9 si,  0.0 st
%Cpu(s): 26.8 us,  7.6 sy,  0.0 ni, 64.3 id,  0.0 wa,  0.0 hi,  1.3 si,  0.0 st
%Cpu(s): 18.0 us,  8.1 sy,  0.0 ni, 72.3 id,  0.0 wa,  0.0 hi,  1.4 si,  0.1 st
%Cpu(s): 13.1 us,  7.3 sy,  0.0 ni, 78.6 id,  0.0 wa,  0.0 hi,  0.9 si,  0.0 st
%Cpu(s): 46.0 us,  8.3 sy,  0.0 ni, 44.4 id,  0.0 wa,  0.0 hi,  1.3 si,  0.0 st
%Cpu(s): 77.2 us,  7.6 sy,  0.0 ni, 13.7 id,  0.0 wa,  0.0 hi,  1.5 si,  0.0 st
%Cpu(s): 24.5 us,  6.8 sy,  0.0 ni, 67.6 id,  0.0 wa,  0.0 hi,  1.2 si,  0.0 st
%Cpu(s): 12.6 us,  7.4 sy,  0.0 ni, 78.6 id,  0.0 wa,  0.0 hi,  1.2 si,  0.1 st
%Cpu(s): 11.9 us,  7.7 sy,  0.0 ni, 78.7 id,  0.0 wa,  0.0 hi,  1.6 si,  0.0 st
%Cpu(s): 13.5 us,  7.8 sy,  0.0 ni, 77.5 id,  0.0 wa,  0.0 hi,  1.3 si,  0.0 st
%Cpu(s): 12.8 us,  7.3 sy,  0.0 ni, 78.5 id,  0.0 wa,  0.0 hi,  1.4 si,  0.0 st
%Cpu(s): 13.1 us,  5.4 sy,  0.0 ni, 79.7 id,  0.0 wa,  0.0 hi,  1.8 si,  0.0 st
%Cpu(s): 13.2 us,  6.7 sy,  0.0 ni, 79.4 id,  0.0 wa,  0.0 hi,  0.8 si,  0.0 st
%Cpu(s): 10.8 us,  7.5 sy,  0.0 ni, 80.4 id,  0.0 wa,  0.0 hi,  1.4 si,  0.0 st
%Cpu(s): 10.6 us,  7.9 sy,  0.0 ni, 80.2 id,  0.0 wa,  0.0 hi,  1.4 si,  0.0 st
%Cpu(s): 10.7 us,  6.4 sy,  0.0 ni, 81.6 id,  0.0 wa,  0.0 hi,  1.2 si,  0.1 st
%Cpu(s): 16.2 us,  7.6 sy,  0.0 ni, 74.8 id,  0.0 wa,  0.0 hi,  1.4 si,  0.0 st
%Cpu(s): 10.9 us,  6.7 sy,  0.0 ni, 80.9 id,  0.0 wa,  0.0 hi,  1.4 si,  0.0 st
%Cpu(s):  9.3 us,  6.4 sy,  0.0 ni, 82.8 id,  0.0 wa,  0.0 hi,  1.4 si,  0.1 st
%Cpu(s):  8.8 us,  7.3 sy,  0.0 ni, 82.4 id,  0.0 wa,  0.0 hi,  1.6 si,  0.0 st
%Cpu(s): 11.0 us,  7.8 sy,  0.0 ni, 80.1 id,  0.1 wa,  0.0 hi,  1.0 si,  0.0 st
%Cpu(s): 14.0 us,  7.5 sy,  0.0 ni, 77.2 id,  0.0 wa,  0.0 hi,  1.3 si,  0.0 st
%Cpu(s): 23.2 us,  7.8 sy,  0.0 ni, 67.4 id,  0.0 wa,  0.0 hi,  1.6 si,  0.0 st
%Cpu(s): 21.3 us,  6.4 sy,  0.0 ni, 70.9 id,  0.0 wa,  0.0 hi,  1.3 si,  0.1 st
%Cpu(s): 10.4 us,  6.1 sy,  0.0 ni, 82.1 id,  0.0 wa,  0.0 hi,  1.4 si,  0.0 st
%Cpu(s): 13.5 us,  7.2 sy,  0.0 ni, 77.8 id,  0.0 wa,  0.0 hi,  1.5 si,  0.0 st
%Cpu(s): 18.5 us,  6.6 sy,  0.0 ni, 73.5 id,  0.0 wa,  0.0 hi,  1.4 si,  0.0 st
%Cpu(s):  9.1 us,  7.5 sy,  0.0 ni, 82.0 id,  0.0 wa,  0.0 hi,  1.4 si,  0.0 st
%Cpu(s): 13.5 us,  7.7 sy,  0.0 ni, 77.3 id,  0.0 wa,  0.0 hi,  1.5 si,  0.0 st
%Cpu(s): 10.4 us,  7.1 sy,  0.0 ni, 81.2 id,  0.0 wa,  0.0 hi,  1.1 si,  0.1 st
%Cpu(s):  9.2 us,  6.5 sy,  0.0 ni, 83.2 id,  0.1 wa,  0.0 hi,  1.0 si,  0.0 st
%Cpu(s): 10.0 us,  6.6 sy,  0.0 ni, 82.0 id,  0.0 wa,  0.0 hi,  1.4 si,  0.0 st
%Cpu(s): 10.5 us,  9.1 sy,  0.0 ni, 79.3 id,  0.0 wa,  0.0 hi,  1.1 si,  0.0 st
%Cpu(s): 12.3 us,  7.6 sy,  0.0 ni, 78.9 id,  0.0 wa,  0.0 hi,  1.2 si,  0.0 st
%Cpu(s):  8.5 us,  7.5 sy,  0.0 ni, 82.2 id,  0.0 wa,  0.0 hi,  1.8 si,  0.0 st
%Cpu(s): 13.0 us,  6.6 sy,  0.0 ni, 78.7 id,  0.0 wa,  0.0 hi,  1.7 si,  0.0 st
%Cpu(s): 11.7 us,  6.9 sy,  0.0 ni, 80.2 id,  0.0 wa,  0.0 hi,  1.3 si,  0.0 st
%Cpu(s): 11.6 us,  7.3 sy,  0.0 ni, 79.6 id,  0.0 wa,  0.0 hi,  1.3 si,  0.1 st
%Cpu(s): 11.6 us,  7.2 sy,  0.0 ni, 79.3 id,  0.0 wa,  0.0 hi,  1.9 si,  0.0 st
%Cpu(s): 11.9 us,  9.8 sy,  0.0 ni, 76.7 id,  0.0 wa,  0.0 hi,  1.4 si,  0.1 st
%Cpu(s): 10.7 us,  8.0 sy,  0.0 ni, 80.1 id,  0.0 wa,  0.0 hi,  1.2 si,  0.0 st
%Cpu(s): 11.6 us,  7.4 sy,  0.0 ni, 79.5 id,  0.0 wa,  0.0 hi,  1.4 si,  0.0 st
%Cpu(s):  7.7 us,  5.7 sy,  0.0 ni, 85.9 id,  0.0 wa,  0.0 hi,  0.8 si,  0.0 st
%Cpu(s):  5.3 us,  4.5 sy,  0.0 ni, 89.5 id,  0.0 wa,  0.0 hi,  0.6 si,  0.0 st
%Cpu(s):  6.8 us,  5.0 sy,  0.0 ni, 87.5 id,  0.0 wa,  0.0 hi,  0.6 si,  0.0 st
%Cpu(s):  4.8 us,  4.3 sy,  0.0 ni, 90.6 id,  0.0 wa,  0.0 hi,  0.3 si,  0.0 st
%Cpu(s):  3.8 us,  3.6 sy,  0.0 ni, 92.4 id,  0.0 wa,  0.0 hi,  0.3 si,  0.0 st
%Cpu(s):  7.3 us,  4.8 sy,  0.0 ni, 87.7 id,  0.0 wa,  0.0 hi,  0.1 si,  0.1 st
%Cpu(s):  6.4 us,  3.7 sy,  0.0 ni, 89.5 id,  0.0 wa,  0.0 hi,  0.3 si,  0.1 st
%Cpu(s):  6.9 us,  4.3 sy,  0.0 ni, 88.5 id,  0.0 wa,  0.0 hi,  0.3 si,  0.0 st
%Cpu(s):  6.2 us,  3.1 sy,  0.0 ni, 90.1 id,  0.1 wa,  0.0 hi,  0.4 si,  0.1 st
%Cpu(s):  7.6 us,  4.4 sy,  0.0 ni, 87.8 id,  0.0 wa,  0.0 hi,  0.1 si,  0.1 st
%Cpu(s): 12.9 us,  3.8 sy,  0.0 ni, 83.1 id,  0.0 wa,  0.0 hi,  0.3 si,  0.0 st
%Cpu(s):  6.4 us,  2.7 sy,  0.0 ni, 90.6 id,  0.0 wa,  0.0 hi,  0.1 si,  0.3 st
%Cpu(s):  4.9 us,  3.4 sy,  0.0 ni, 91.5 id,  0.0 wa,  0.0 hi,  0.1 si,  0.0 st
%Cpu(s):  6.2 us,  2.9 sy,  0.0 ni, 90.8 id,  0.1 wa,  0.0 hi,  0.0 si,  0.0 st
