%Cpu(s):  1.5 us,  0.3 sy,  0.0 ni, 98.2 id,  0.0 wa,  0.0 hi,  0.0 si,  0.0 st
%Cpu(s):  4.0 us,  1.9 sy,  0.0 ni, 94.2 id,  0.0 wa,  0.0 hi,  0.0 si,  0.0 st
%Cpu(s): 80.4 us,  6.0 sy,  0.0 ni, 13.5 id,  0.0 wa,  0.0 hi,  0.0 si,  0.1 st
%Cpu(s): 80.6 us,  2.8 sy,  0.0 ni, 16.6 id,  0.0 wa,  0.0 hi,  0.0 si,  0.0 st
%Cpu(s): 92.7 us,  2.1 sy,  0.0 ni,  5.1 id,  0.0 wa,  0.0 hi,  0.0 si,  0.0 st
%Cpu(s): 96.3 us,  2.4 sy,  0.0 ni,  1.2 id,  0.0 wa,  0.0 hi,  0.1 si,  0.0 st
%Cpu(s): 90.0 us,  2.5 sy,  0.0 ni,  7.4 id,  0.0 wa,  0.0 hi,  0.1 si,  0.0 st
%Cpu(s): 23.5 us,  1.4 sy,  0.0 ni, 74.9 id,  0.0 wa,  0.0 hi,  0.0 si,  0.3 st
%Cpu(s):  9.3 us,  2.3 sy,  0.0 ni, 88.3 id,  0.0 wa,  0.0 hi,  0.0 si,  0.1 st
%Cpu(s):  4.4 us,  2.8 sy,  0.0 ni, 92.6 id,  0.0 wa,  0.0 hi,  0.0 si,  0.3 st
%Cpu(s):  9.6 us,  2.0 sy,  0.0 ni, 88.1 id,  0.0 wa,  0.0 hi,  0.0 si,  0.3 st
%Cpu(s): 10.0 us,  2.0 sy,  0.0 ni, 87.5 id,  0.0 wa,  0.0 hi,  0.1 si,  0.3 st
%Cpu(s):  8.3 us,  2.0 sy,  0.0 ni, 89.4 id,  0.0 wa,  0.0 hi,  0.0 si,  0.3 st
%Cpu(s):  3.5 us,  3.1 sy,  0.0 ni, 92.8 id,  0.0 wa,  0.0 hi,  0.1 si,  0.4 st
%Cpu(s):  4.4 us,  2.1 sy,  0.0 ni, 93.1 id,  0.0 wa,  0.0 hi,  0.0 si,  0.4 st
%Cpu(s): 12.6 us,  3.1 sy,  0.0 ni, 84.2 id,  0.0 wa,  0.0 hi,  0.1 si,  0.0 st
%Cpu(s): 16.1 us,  2.9 sy,  0.0 ni, 80.9 id,  0.0 wa,  0.0 hi,  0.1 si,  0.0 st
%Cpu(s): 81.5 us,  8.3 sy,  0.0 ni,  8.4 id,  0.0 wa,  0.0 hi,  1.8 si,  0.0 st
%Cpu(s): 84.7 us, 11.5 sy,  0.0 ni,  1.1 id,  0.0 wa,  0.0 hi,  2.7 si,  0.0 st
%Cpu(s): 87.0 us, 10.0 sy,  0.0 ni,  0.5 id,  0.0 wa,  0.0 hi,  2.5 si,  0.0 st
%Cpu(s): 87.7 us,  9.5 sy,  0.0 ni,  0.9 id,  0.0 wa,  0.0 hi,  2.0 si,  0.0 st
%Cpu(s): 88.0 us,  9.5 sy,  0.0 ni,  0.7 id,  0.0 wa,  0.0 hi,  1.7 si,  0.0 st
%Cpu(s): 82.4 us,  9.3 sy,  0.0 ni,  6.7 id,  0.0 wa,  0.0 hi,  1.6 si,  0.0 st
%Cpu(s): 76.2 us,  8.0 sy,  0.0 ni, 14.2 id,  0.0 wa,  0.0 hi,  1.6 si,  0.0 st
%Cpu(s): 62.0 us,  9.7 sy,  0.0 ni, 26.6 id,  0.0 wa,  0.0 hi,  1.6 si,  0.0 st
%Cpu(s): 34.9 us,  7.1 sy,  0.0 ni, 56.2 id,  0.1 wa,  0.0 hi,  1.7 si,  0.0 st
%Cpu(s): 18.5 us,  8.2 sy,  0.0 ni, 72.3 id,  0.0 wa,  0.0 hi,  1.0 si,  0.0 st
%Cpu(s): 16.5 us,  7.7 sy,  0.0 ni, 73.9 id,  0.0 wa,  0.0 hi,  1.8 si,  0.1 st
%Cpu(s): 15.7 us,  8.4 sy,  0.0 ni, 74.4 id,  0.0 wa,  0.0 hi,  1.5 si,  0.0 st
%Cpu(s): 54.4 us,  7.8 sy,  0.0 ni, 35.9 id,  0.0 wa,  0.0 hi,  1.9 si,  0.0 st
%Cpu(s): 67.5 us,  8.0 sy,  0.0 ni, 22.4 id,  0.0 wa,  0.0 hi,  2.0 si,  0.1 st
%Cpu(s): 24.4 us,  7.4 sy,  0.0 ni, 66.8 id,  0.0 wa,  0.0 hi,  1.4 si,  0.0 st
%Cpu(s): 13.3 us,  7.4 sy,  0.0 ni, 78.1 id,  0.0 wa,  0.0 hi,  1.3 si,  0.0 st
%Cpu(s): 10.8 us,  8.6 sy,  0.0 ni, 78.7 id,  0.0 wa,  0.0 hi,  1.9 si,  0.0 st
%Cpu(s): 12.0 us,  7.0 sy,  0.0 ni, 79.3 id,  0.0 wa,  0.0 hi,  1.7 si,  0.0 st
%Cpu(s): 13.5 us,  5.3 sy,  0.0 ni, 79.3 id,  0.0 wa,  0.0 hi,  1.8 si,  0.0 st
%Cpu(s): 19.5 us,  7.6 sy,  0.0 ni, 71.6 id,  0.0 wa,  0.0 hi,  1.3 si,  0.0 st
%Cpu(s): 10.9 us,  6.7 sy,  0.0 ni, 80.7 id,  0.0 wa,  0.0 hi,  1.8 si,  0.0 st
%Cpu(s): 10.7 us,  5.9 sy,  0.0 ni, 82.2 id,  0.0 wa,  0.0 hi,  1.3 si,  0.0 st
%Cpu(s): 10.5 us,  8.2 sy,  0.0 ni, 79.7 id,  0.0 wa,  0.0 hi,  1.5 si,  0.0 st
%Cpu(s): 10.7 us,  7.2 sy,  0.0 ni, 80.6 id,  0.1 wa,  0.0 hi,  1.3 si,  0.1 st
%Cpu(s): 11.7 us,  7.8 sy,  0.0 ni, 79.4 id,  0.0 wa,  0.0 hi,  1.2 si,  0.0 st
%Cpu(s): 12.7 us,  8.9 sy,  0.0 ni, 77.0 id,  0.0 wa,  0.0 hi,  1.4 si,  0.0 st
%Cpu(s): 11.9 us,  7.4 sy,  0.0 ni, 79.5 id,  0.0 wa,  0.0 hi,  1.0 si,  0.1 st
%Cpu(s): 13.2 us,  7.2 sy,  0.0 ni, 78.0 id,  0.0 wa,  0.0 hi,  1.7 si,  0.0 st
%Cpu(s): 15.1 us,  8.4 sy,  0.0 ni, 74.8 id,  0.0 wa,  0.0 hi,  1.6 si,  0.0 st
%Cpu(s): 12.5 us,  7.9 sy,  0.0 ni, 78.1 id,  0.0 wa,  0.0 hi,  1.5 si,  0.0 st
%Cpu(s): 25.3 us,  7.3 sy,  0.0 ni, 65.9 id,  0.0 wa,  0.0 hi,  1.5 si,  0.0 st
%Cpu(s): 25.0 us,  7.6 sy,  0.0 ni, 66.2 id,  0.0 wa,  0.0 hi,  1.2 si,  0.0 st
%Cpu(s): 13.7 us,  8.1 sy,  0.0 ni, 76.8 id,  0.0 wa,  0.0 hi,  1.3 si,  0.1 st
%Cpu(s): 18.5 us,  7.0 sy,  0.0 ni, 73.2 id,  0.0 wa,  0.0 hi,  1.3 si,  0.0 st
%Cpu(s): 17.7 us,  7.4 sy,  0.0 ni, 73.6 id,  0.0 wa,  0.0 hi,  1.3 si,  0.0 st
%Cpu(s): 12.2 us,  7.6 sy,  0.0 ni, 78.8 id,  0.0 wa,  0.0 hi,  1.4 si,  0.0 st
%Cpu(s): 14.1 us,  8.4 sy,  0.0 ni, 75.5 id,  0.0 wa,  0.0 hi,  2.0 si,  0.0 st
%Cpu(s): 12.3 us,  7.6 sy,  0.0 ni, 78.1 id,  0.0 wa,  0.0 hi,  1.9 si,  0.0 st
%Cpu(s): 11.7 us,  8.5 sy,  0.0 ni, 78.1 id,  0.0 wa,  0.0 hi,  1.5 si,  0.1 st
%Cpu(s): 13.4 us,  8.6 sy,  0.0 ni, 75.6 id,  0.0 wa,  0.0 hi,  2.4 si,  0.0 st
%Cpu(s): 12.3 us,  7.0 sy,  0.0 ni, 79.0 id,  0.0 wa,  0.0 hi,  1.7 si,  0.0 st
%Cpu(s): 12.0 us,  8.0 sy,  0.0 ni, 78.3 id,  0.0 wa,  0.0 hi,  1.8 si,  0.0 st
%Cpu(s): 13.3 us,  8.2 sy,  0.0 ni, 76.8 id,  0.0 wa,  0.0 hi,  1.8 si,  0.0 st
%Cpu(s): 10.6 us,  7.8 sy,  0.0 ni, 80.1 id,  0.0 wa,  0.0 hi,  1.4 si,  0.0 st
%Cpu(s): 13.4 us,  7.2 sy,  0.0 ni, 77.9 id,  0.0 wa,  0.0 hi,  1.4 si,  0.0 st
%Cpu(s): 12.2 us,  8.9 sy,  0.0 ni, 77.1 id,  0.0 wa,  0.0 hi,  1.7 si,  0.1 st
%Cpu(s): 13.8 us,  8.4 sy,  0.0 ni, 76.0 id,  0.0 wa,  0.0 hi,  1.8 si,  0.0 st
%Cpu(s): 14.3 us,  8.5 sy,  0.0 ni, 75.9 id,  0.0 wa,  0.0 hi,  1.3 si,  0.0 st
%Cpu(s): 12.0 us,  6.8 sy,  0.0 ni, 79.7 id,  0.0 wa,  0.0 hi,  1.4 si,  0.0 st
%Cpu(s): 13.2 us,  7.5 sy,  0.0 ni, 77.9 id,  0.0 wa,  0.0 hi,  1.4 si,  0.0 st
%Cpu(s):  7.9 us,  4.2 sy,  0.0 ni, 87.0 id,  0.0 wa,  0.0 hi,  0.9 si,  0.0 st
%Cpu(s):  5.9 us,  5.9 sy,  0.0 ni, 87.0 id,  0.0 wa,  0.0 hi,  1.1 si,  0.1 st
%Cpu(s):  4.7 us,  4.0 sy,  0.0 ni, 90.7 id,  0.0 wa,  0.0 hi,  0.6 si,  0.0 st
%Cpu(s):  6.7 us,  5.2 sy,  0.0 ni, 87.7 id,  0.0 wa,  0.0 hi,  0.4 si,  0.0 st
%Cpu(s): 11.2 us,  5.2 sy,  0.0 ni, 83.4 id,  0.0 wa,  0.0 hi,  0.3 si,  0.0 st
%Cpu(s): 10.8 us,  4.8 sy,  0.0 ni, 84.0 id,  0.0 wa,  0.0 hi,  0.3 si,  0.1 st
%Cpu(s):  6.9 us,  4.7 sy,  0.0 ni, 88.1 id,  0.0 wa,  0.0 hi,  0.1 si,  0.1 st
%Cpu(s): 10.5 us,  4.0 sy,  0.0 ni, 84.8 id,  0.0 wa,  0.0 hi,  0.6 si,  0.0 st
%Cpu(s):  9.2 us,  4.6 sy,  0.0 ni, 85.8 id,  0.0 wa,  0.0 hi,  0.3 si,  0.1 st
