%Cpu(s):  1.7 us,  0.7 sy,  0.0 ni, 97.4 id,  0.0 wa,  0.0 hi,  0.1 si,  0.1 st
%Cpu(s): 19.0 us,  0.5 sy,  0.0 ni, 80.3 id,  0.0 wa,  0.0 hi,  0.0 si,  0.1 st
%Cpu(s):  0.7 us,  0.0 sy,  0.0 ni, 99.3 id,  0.0 wa,  0.0 hi,  0.0 si,  0.0 st
%Cpu(s):  0.0 us,  0.2 sy,  0.0 ni, 99.8 id,  0.0 wa,  0.0 hi,  0.0 si,  0.0 st
%Cpu(s): 32.8 us,  3.0 sy,  0.0 ni, 64.1 id,  0.0 wa,  0.0 hi,  0.0 si,  0.1 st
%Cpu(s): 51.6 us,  2.0 sy,  0.0 ni, 46.3 id,  0.0 wa,  0.0 hi,  0.0 si,  0.1 st
%Cpu(s): 76.8 us,  2.5 sy,  0.0 ni, 20.5 id,  0.0 wa,  0.0 hi,  0.1 si,  0.1 st
%Cpu(s): 49.9 us,  1.0 sy,  0.0 ni, 49.0 id,  0.0 wa,  0.0 hi,  0.0 si,  0.1 st
%Cpu(s): 10.0 us,  1.9 sy,  0.0 ni, 88.0 id,  0.0 wa,  0.0 hi,  0.1 si,  0.0 st
%Cpu(s):  1.8 us,  0.8 sy,  0.0 ni, 97.2 id,  0.0 wa,  0.0 hi,  0.0 si,  0.3 st
%Cpu(s):  2.1 us,  1.4 sy,  0.0 ni, 96.2 id,  0.0 wa,  0.0 hi,  0.0 si,  0.2 st
%Cpu(s):  3.1 us,  1.5 sy,  0.0 ni, 95.4 id,  0.0 wa,  0.0 hi,  0.0 si,  0.0 st
%Cpu(s):  1.9 us,  1.2 sy,  0.0 ni, 96.6 id,  0.0 wa,  0.0 hi,  0.0 si,  0.2 st
%Cpu(s):  2.1 us,  1.5 sy,  0.0 ni, 96.3 id,  0.0 wa,  0.0 hi,  0.0 si,  0.1 st
%Cpu(s):  2.4 us,  1.0 sy,  0.0 ni, 96.4 id,  0.0 wa,  0.0 hi,  0.1 si,  0.1 st
%Cpu(s):  4.8 us,  1.3 sy,  0.0 ni, 93.7 id,  0.0 wa,  0.0 hi,  0.0 si,  0.3 st
%Cpu(s):  9.8 us,  1.6 sy,  0.0 ni, 88.2 id,  0.0 wa,  0.0 hi,  0.1 si,  0.3 st
%Cpu(s):  7.0 us,  2.4 sy,  0.0 ni, 90.4 id,  0.0 wa,  0.0 hi,  0.0 si,  0.1 st
%Cpu(s): 57.1 us,  4.8 sy,  0.0 ni, 36.9 id,  0.0 wa,  0.0 hi,  1.3 si,  0.0 st
%Cpu(s): 46.8 us,  5.3 sy,  0.0 ni, 45.3 id,  0.1 wa,  0.0 hi,  2.5 si,  0.0 st
%Cpu(s): 14.8 us,  4.7 sy,  0.0 ni, 78.7 id,  0.0 wa,  0.0 hi,  1.9 si,  0.0 st
%Cpu(s): 19.3 us,  5.8 sy,  0.0 ni, 73.1 id,  0.0 wa,  0.0 hi,  1.8 si,  0.0 st
%Cpu(s): 22.0 us,  4.7 sy,  0.0 ni, 71.6 id,  0.0 wa,  0.0 hi,  1.7 si,  0.0 st
%Cpu(s): 10.6 us,  5.9 sy,  0.0 ni, 76.2 id,  4.8 wa,  0.0 hi,  2.3 si,  0.1 st
%Cpu(s): 12.7 us,  5.3 sy,  0.0 ni, 79.8 id,  0.1 wa,  0.0 hi,  1.9 si,  0.1 st
%Cpu(s):  9.6 us,  6.6 sy,  0.0 ni, 82.4 id,  0.0 wa,  0.0 hi,  1.4 si,  0.0 st
%Cpu(s): 19.2 us,  6.2 sy,  0.0 ni, 72.8 id,  0.0 wa,  0.0 hi,  1.8 si,  0.0 st
%Cpu(s): 17.3 us,  5.4 sy,  0.0 ni, 75.3 id,  0.0 wa,  0.0 hi,  1.9 si,  0.1 st
%Cpu(s):  9.0 us,  5.2 sy,  0.0 ni, 83.8 id,  0.0 wa,  0.0 hi,  1.9 si,  0.0 st
%Cpu(s):  8.6 us,  5.5 sy,  0.0 ni, 84.2 id,  0.0 wa,  0.0 hi,  1.7 si,  0.0 st
%Cpu(s): 10.9 us,  5.7 sy,  0.0 ni, 81.7 id,  0.0 wa,  0.0 hi,  1.6 si,  0.0 st
%Cpu(s): 20.6 us,  5.6 sy,  0.0 ni, 72.3 id,  0.0 wa,  0.0 hi,  1.5 si,  0.0 st
%Cpu(s): 12.1 us,  6.0 sy,  0.0 ni, 79.6 id,  0.0 wa,  0.0 hi,  2.3 si,  0.1 st
%Cpu(s):  9.2 us,  5.9 sy,  0.0 ni, 82.7 id,  0.0 wa,  0.0 hi,  2.3 si,  0.0 st
%Cpu(s):  8.8 us,  4.4 sy,  0.0 ni, 85.1 id,  0.0 wa,  0.0 hi,  1.8 si,  0.0 st
%Cpu(s): 14.8 us,  4.9 sy,  0.0 ni, 78.3 id,  0.0 wa,  0.0 hi,  2.0 si,  0.0 st
%Cpu(s): 18.0 us,  6.3 sy,  0.0 ni, 74.4 id,  0.0 wa,  0.0 hi,  1.3 si,  0.0 st
%Cpu(s):  8.5 us,  5.7 sy,  0.0 ni, 84.2 id,  0.0 wa,  0.0 hi,  1.5 si,  0.1 st
%Cpu(s):  8.9 us,  5.3 sy,  0.0 ni, 83.6 id,  0.0 wa,  0.0 hi,  2.2 si,  0.0 st
%Cpu(s): 10.2 us,  5.1 sy,  0.0 ni, 82.1 id,  0.0 wa,  0.0 hi,  2.5 si,  0.1 st
%Cpu(s): 19.9 us,  7.2 sy,  0.0 ni, 71.5 id,  0.0 wa,  0.0 hi,  1.4 si,  0.0 st
%Cpu(s): 15.2 us,  6.1 sy,  0.0 ni, 77.0 id,  0.0 wa,  0.0 hi,  1.7 si,  0.0 st
%Cpu(s):  9.3 us,  6.1 sy,  0.0 ni, 83.3 id,  0.0 wa,  0.0 hi,  1.3 si,  0.0 st
%Cpu(s):  9.3 us,  6.2 sy,  0.0 ni, 82.7 id,  0.0 wa,  0.0 hi,  1.8 si,  0.0 st
%Cpu(s): 13.1 us,  5.8 sy,  0.0 ni, 79.3 id,  0.0 wa,  0.0 hi,  1.9 si,  0.0 st
%Cpu(s): 18.8 us,  7.4 sy,  0.0 ni, 72.8 id,  0.0 wa,  0.0 hi,  1.1 si,  0.0 st
%Cpu(s):  7.5 us,  4.9 sy,  0.0 ni, 86.0 id,  0.0 wa,  0.0 hi,  1.7 si,  0.0 st
%Cpu(s):  8.6 us,  5.7 sy,  0.0 ni, 84.0 id,  0.0 wa,  0.0 hi,  1.5 si,  0.1 st
%Cpu(s):  9.8 us,  5.2 sy,  0.0 ni, 83.1 id,  0.0 wa,  0.0 hi,  1.8 si,  0.0 st
%Cpu(s): 14.8 us,  4.9 sy,  0.0 ni, 78.3 id,  0.0 wa,  0.0 hi,  1.8 si,  0.1 st
%Cpu(s): 19.7 us,  6.3 sy,  0.0 ni, 72.7 id,  0.0 wa,  0.0 hi,  1.3 si,  0.0 st
%Cpu(s):  8.6 us,  5.5 sy,  0.0 ni, 83.6 id,  0.0 wa,  0.0 hi,  2.3 si,  0.0 st
%Cpu(s):  7.8 us,  5.2 sy,  0.0 ni, 85.4 id,  0.0 wa,  0.0 hi,  1.7 si,  0.0 st
%Cpu(s):  8.3 us,  5.9 sy,  0.0 ni, 82.7 id,  0.8 wa,  0.0 hi,  2.1 si,  0.1 st
%Cpu(s): 15.7 us,  5.3 sy,  0.0 ni, 77.7 id,  0.0 wa,  0.0 hi,  1.3 si,  0.0 st
%Cpu(s): 17.5 us,  6.6 sy,  0.0 ni, 74.1 id,  0.0 wa,  0.0 hi,  1.6 si,  0.1 st
%Cpu(s):  9.0 us,  4.0 sy,  0.0 ni, 85.0 id,  0.0 wa,  0.0 hi,  2.0 si,  0.0 st
%Cpu(s):  7.5 us,  4.4 sy,  0.0 ni, 87.2 id,  0.0 wa,  0.0 hi,  0.9 si,  0.0 st
%Cpu(s):  8.0 us,  5.1 sy,  0.0 ni, 85.3 id,  0.0 wa,  0.0 hi,  1.5 si,  0.1 st
%Cpu(s): 15.9 us,  5.1 sy,  0.0 ni, 77.0 id,  0.0 wa,  0.0 hi,  1.9 si,  0.0 st
%Cpu(s): 15.9 us,  4.3 sy,  0.0 ni, 78.1 id,  0.0 wa,  0.0 hi,  1.7 si,  0.0 st
%Cpu(s):  8.5 us,  4.7 sy,  0.0 ni, 85.3 id,  0.0 wa,  0.0 hi,  1.5 si,  0.0 st
%Cpu(s):  9.3 us,  5.5 sy,  0.0 ni, 82.9 id,  0.0 wa,  0.0 hi,  2.3 si,  0.0 st
%Cpu(s): 11.7 us,  4.2 sy,  0.0 ni, 82.1 id,  0.0 wa,  0.0 hi,  2.0 si,  0.0 st
%Cpu(s): 20.2 us,  7.3 sy,  0.0 ni, 70.9 id,  0.0 wa,  0.0 hi,  1.7 si,  0.0 st
%Cpu(s): 12.2 us,  5.1 sy,  0.0 ni, 80.9 id,  0.0 wa,  0.0 hi,  1.8 si,  0.1 st
%Cpu(s):  8.1 us,  5.8 sy,  0.0 ni, 84.7 id,  0.0 wa,  0.0 hi,  1.5 si,  0.0 st
%Cpu(s): 15.4 us,  6.3 sy,  0.0 ni, 77.3 id,  0.0 wa,  0.0 hi,  1.0 si,  0.0 st
%Cpu(s): 13.5 us,  5.0 sy,  0.0 ni, 78.7 id,  0.0 wa,  0.0 hi,  2.7 si,  0.1 st
%Cpu(s): 19.2 us,  7.0 sy,  0.0 ni, 72.3 id,  0.1 wa,  0.0 hi,  1.4 si,  0.0 st
%Cpu(s):  8.6 us,  5.9 sy,  0.0 ni, 83.4 id,  0.0 wa,  0.0 hi,  2.1 si,  0.0 st
%Cpu(s):  8.7 us,  5.1 sy,  0.0 ni, 84.3 id,  0.0 wa,  0.0 hi,  1.9 si,  0.0 st
%Cpu(s):  9.8 us,  5.4 sy,  0.0 ni, 82.6 id,  0.0 wa,  0.0 hi,  2.2 si,  0.0 st
%Cpu(s): 20.0 us,  5.8 sy,  0.0 ni, 72.2 id,  0.0 wa,  0.0 hi,  1.8 si,  0.1 st
%Cpu(s):  9.9 us,  5.6 sy,  0.0 ni, 82.7 id,  0.0 wa,  0.0 hi,  1.8 si,  0.0 st
%Cpu(s):  8.3 us,  4.9 sy,  0.0 ni, 85.4 id,  0.0 wa,  0.0 hi,  1.3 si,  0.1 st
%Cpu(s): 15.9 us,  3.8 sy,  0.0 ni, 79.0 id,  0.0 wa,  0.0 hi,  1.4 si,  0.0 st
