%Cpu(s):  1.8 us,  0.7 sy,  0.0 ni, 97.4 id,  0.0 wa,  0.0 hi,  0.1 si,  0.0 st
%Cpu(s): 24.0 us,  0.9 sy,  0.0 ni, 75.2 id,  0.0 wa,  0.0 hi,  0.0 si,  0.0 st
%Cpu(s):  0.6 us,  0.0 sy,  0.0 ni, 99.4 id,  0.0 wa,  0.0 hi,  0.0 si,  0.0 st
%Cpu(s):  0.1 us,  0.1 sy,  0.0 ni, 99.8 id,  0.0 wa,  0.0 hi,  0.0 si,  0.0 st
%Cpu(s): 26.1 us,  2.4 sy,  0.0 ni, 71.3 id,  0.1 wa,  0.0 hi,  0.1 si,  0.0 st
%Cpu(s): 53.3 us,  1.6 sy,  0.0 ni, 45.0 id,  0.0 wa,  0.0 hi,  0.0 si,  0.1 st
%Cpu(s): 66.2 us,  2.0 sy,  0.0 ni, 31.6 id,  0.0 wa,  0.0 hi,  0.1 si,  0.1 st
%Cpu(s): 59.6 us,  1.0 sy,  0.0 ni, 39.5 id,  0.0 wa,  0.0 hi,  0.0 si,  0.0 st
%Cpu(s):  7.2 us,  0.9 sy,  0.0 ni, 91.7 id,  0.1 wa,  0.0 hi,  0.0 si,  0.1 st
%Cpu(s):  1.4 us,  0.5 sy,  0.0 ni, 98.1 id,  0.0 wa,  0.0 hi,  0.0 si,  0.0 st
%Cpu(s):  2.2 us,  1.6 sy,  0.0 ni, 96.2 id,  0.0 wa,  0.0 hi,  0.0 si,  0.0 st
%Cpu(s):  2.0 us,  1.5 sy,  0.0 ni, 96.4 id,  0.0 wa,  0.0 hi,  0.1 si,  0.0 st
%Cpu(s):  1.7 us,  1.4 sy,  0.0 ni, 96.9 id,  0.0 wa,  0.0 hi,  0.0 si,  0.0 st
%Cpu(s):  2.5 us,  1.1 sy,  0.0 ni, 96.4 id,  0.0 wa,  0.0 hi,  0.0 si,  0.0 st
%Cpu(s):  1.5 us,  1.2 sy,  0.0 ni, 97.1 id,  0.0 wa,  0.0 hi,  0.0 si,  0.1 st
%Cpu(s):  2.7 us,  1.2 sy,  0.0 ni, 95.9 id,  0.0 wa,  0.0 hi,  0.0 si,  0.1 st
%Cpu(s):  5.6 us,  1.9 sy,  0.0 ni, 92.6 id,  0.0 wa,  0.0 hi,  0.0 si,  0.0 st
%Cpu(s):  3.1 us,  1.1 sy,  0.0 ni, 95.7 id,  0.0 wa,  0.0 hi,  0.0 si,  0.0 st
%Cpu(s): 46.3 us,  3.3 sy,  0.0 ni, 49.3 id,  0.0 wa,  0.0 hi,  1.0 si,  0.1 st
%Cpu(s): 55.1 us,  3.8 sy,  0.0 ni, 40.0 id,  0.1 wa,  0.0 hi,  1.0 si,  0.0 st
%Cpu(s): 36.6 us,  3.5 sy,  0.0 ni, 59.1 id,  0.0 wa,  0.0 hi,  0.8 si,  0.0 st
%Cpu(s): 23.5 us,  3.0 sy,  0.0 ni, 72.6 id,  0.0 wa,  0.0 hi,  0.9 si,  0.0 st
%Cpu(s): 10.4 us,  4.2 sy,  0.0 ni, 84.8 id,  0.0 wa,  0.0 hi,  0.6 si,  0.0 st
%Cpu(s): 11.6 us,  4.2 sy,  0.0 ni, 83.4 id,  0.0 wa,  0.0 hi,  0.6 si,  0.1 st
%Cpu(s): 11.0 us,  3.6 sy,  0.0 ni, 84.2 id,  0.0 wa,  0.0 hi,  1.0 si,  0.1 st
%Cpu(s):  6.1 us,  5.1 sy,  0.0 ni, 88.1 id,  0.0 wa,  0.0 hi,  0.8 si,  0.0 st
%Cpu(s):  6.0 us,  3.8 sy,  0.0 ni, 89.3 id,  0.0 wa,  0.0 hi,  0.9 si,  0.0 st
%Cpu(s):  6.2 us,  3.5 sy,  0.0 ni, 89.7 id,  0.0 wa,  0.0 hi,  0.5 si,  0.0 st
%Cpu(s):  6.1 us,  3.3 sy,  0.0 ni, 89.8 id,  0.0 wa,  0.0 hi,  0.8 si,  0.0 st
%Cpu(s): 13.8 us,  3.1 sy,  0.0 ni, 81.7 id,  0.0 wa,  0.0 hi,  1.4 si,  0.0 st
%Cpu(s):  8.2 us,  3.2 sy,  0.0 ni, 87.8 id,  0.0 wa,  0.0 hi,  0.7 si,  0.0 st
%Cpu(s):  6.0 us,  3.4 sy,  0.0 ni, 90.2 id,  0.0 wa,  0.0 hi,  0.4 si,  0.0 st
%Cpu(s):  7.0 us,  3.9 sy,  0.0 ni, 88.0 id,  0.0 wa,  0.0 hi,  1.0 si,  0.1 st
%Cpu(s):  8.6 us,  3.4 sy,  0.0 ni, 87.3 id,  0.0 wa,  0.0 hi,  0.6 si,  0.0 st
%Cpu(s): 17.8 us,  3.4 sy,  0.0 ni, 77.8 id,  0.0 wa,  0.0 hi,  1.0 si,  0.0 st
%Cpu(s): 17.4 us,  4.0 sy,  0.0 ni, 77.9 id,  0.0 wa,  0.0 hi,  0.6 si,  0.0 st
%Cpu(s):  9.4 us,  4.2 sy,  0.0 ni, 85.8 id,  0.0 wa,  0.0 hi,  0.6 si,  0.0 st
%Cpu(s):  5.9 us,  3.2 sy,  0.0 ni, 89.9 id,  0.0 wa,  0.0 hi,  0.9 si,  0.1 st
%Cpu(s):  6.3 us,  3.1 sy,  0.0 ni, 89.8 id,  0.0 wa,  0.0 hi,  0.8 si,  0.0 st
%Cpu(s):  6.9 us,  5.5 sy,  0.0 ni, 86.7 id,  0.0 wa,  0.0 hi,  0.9 si,  0.0 st
%Cpu(s):  6.6 us,  3.2 sy,  0.0 ni, 89.3 id,  0.0 wa,  0.0 hi,  0.9 si,  0.1 st
%Cpu(s):  5.8 us,  3.4 sy,  0.0 ni, 89.4 id,  0.0 wa,  0.0 hi,  1.4 si,  0.0 st
%Cpu(s):  6.7 us,  4.2 sy,  0.0 ni, 88.7 id,  0.0 wa,  0.0 hi,  0.5 si,  0.0 st
%Cpu(s):  7.2 us,  3.5 sy,  0.0 ni, 88.4 id,  0.0 wa,  0.0 hi,  0.9 si,  0.0 st
%Cpu(s):  6.8 us,  3.3 sy,  0.0 ni, 89.1 id,  0.1 wa,  0.0 hi,  0.6 si,  0.0 st
%Cpu(s):  5.6 us,  3.1 sy,  0.0 ni, 90.5 id,  0.0 wa,  0.0 hi,  0.8 si,  0.0 st
%Cpu(s):  5.9 us,  3.7 sy,  0.0 ni, 90.1 id,  0.0 wa,  0.0 hi,  0.4 si,  0.0 st
%Cpu(s):  6.8 us,  2.9 sy,  0.0 ni, 89.7 id,  0.0 wa,  0.0 hi,  0.7 si,  0.0 st
%Cpu(s): 20.7 us,  4.7 sy,  0.0 ni, 73.3 id,  0.0 wa,  0.0 hi,  1.4 si,  0.0 st
%Cpu(s): 19.1 us,  3.7 sy,  0.0 ni, 75.6 id,  0.0 wa,  0.0 hi,  1.5 si,  0.1 st
%Cpu(s): 10.4 us,  3.8 sy,  0.0 ni, 85.3 id,  0.0 wa,  0.0 hi,  0.5 si,  0.0 st
%Cpu(s):  7.0 us,  4.2 sy,  0.0 ni, 88.0 id,  0.0 wa,  0.0 hi,  0.7 si,  0.0 st
%Cpu(s):  5.6 us,  3.2 sy,  0.0 ni, 90.2 id,  0.0 wa,  0.0 hi,  1.0 si,  0.0 st
%Cpu(s):  5.4 us,  3.6 sy,  0.0 ni, 90.3 id,  0.0 wa,  0.0 hi,  0.8 si,  0.0 st
%Cpu(s):  6.2 us,  3.8 sy,  0.0 ni, 89.5 id,  0.0 wa,  0.0 hi,  0.5 si,  0.0 st
%Cpu(s):  7.0 us,  4.6 sy,  0.0 ni, 87.7 id,  0.0 wa,  0.0 hi,  0.8 si,  0.0 st
%Cpu(s):  5.6 us,  3.4 sy,  0.0 ni, 90.1 id,  0.0 wa,  0.0 hi,  0.8 si,  0.1 st
%Cpu(s):  5.9 us,  3.3 sy,  0.0 ni, 89.9 id,  0.0 wa,  0.0 hi,  0.8 si,  0.1 st
%Cpu(s):  5.1 us,  2.1 sy,  0.0 ni, 92.2 id,  0.0 wa,  0.0 hi,  0.6 si,  0.0 st
%Cpu(s):  5.9 us,  3.1 sy,  0.0 ni, 90.5 id,  0.0 wa,  0.0 hi,  0.5 si,  0.0 st
%Cpu(s):  5.3 us,  3.4 sy,  0.0 ni, 90.5 id,  0.0 wa,  0.0 hi,  0.9 si,  0.0 st
%Cpu(s):  6.5 us,  4.0 sy,  0.0 ni, 89.1 id,  0.0 wa,  0.0 hi,  0.4 si,  0.0 st
%Cpu(s): 13.2 us,  3.7 sy,  0.0 ni, 82.3 id,  0.0 wa,  0.0 hi,  0.8 si,  0.0 st
%Cpu(s): 17.0 us,  3.8 sy,  0.0 ni, 78.1 id,  0.0 wa,  0.0 hi,  1.1 si,  0.0 st
%Cpu(s): 15.7 us,  4.0 sy,  0.0 ni, 79.7 id,  0.0 wa,  0.0 hi,  0.5 si,  0.0 st
%Cpu(s):  5.7 us,  3.9 sy,  0.0 ni, 89.8 id,  0.0 wa,  0.0 hi,  0.6 si,  0.0 st
%Cpu(s):  5.5 us,  3.7 sy,  0.0 ni, 90.3 id,  0.0 wa,  0.0 hi,  0.5 si,  0.0 st
%Cpu(s):  7.1 us,  3.8 sy,  0.0 ni, 88.0 id,  0.0 wa,  0.0 hi,  1.1 si,  0.0 st
%Cpu(s): 10.9 us,  4.4 sy,  0.0 ni, 84.0 id,  0.0 wa,  0.0 hi,  0.8 si,  0.0 st
%Cpu(s):  6.6 us,  4.4 sy,  0.0 ni, 88.0 id,  0.1 wa,  0.0 hi,  0.9 si,  0.0 st
%Cpu(s):  6.8 us,  4.2 sy,  0.0 ni, 88.1 id,  0.0 wa,  0.0 hi,  0.8 si,  0.1 st
%Cpu(s):  5.3 us,  4.7 sy,  0.0 ni, 89.2 id,  0.0 wa,  0.0 hi,  0.6 si,  0.1 st
%Cpu(s):  6.2 us,  5.0 sy,  0.0 ni, 88.0 id,  0.0 wa,  0.0 hi,  0.8 si,  0.0 st
%Cpu(s):  5.8 us,  3.5 sy,  0.0 ni, 89.7 id,  0.0 wa,  0.0 hi,  0.9 si,  0.0 st
%Cpu(s):  6.4 us,  3.4 sy,  0.0 ni, 89.2 id,  0.1 wa,  0.0 hi,  0.9 si,  0.0 st
%Cpu(s):  8.5 us,  3.9 sy,  0.0 ni, 86.7 id,  0.0 wa,  0.0 hi,  0.9 si,  0.0 st
