%Cpu(s):  0.5 us,  0.2 sy,  0.0 ni, 99.3 id,  0.0 wa,  0.0 hi,  0.0 si,  0.0 st
%Cpu(s):  0.5 us,  0.5 sy,  0.0 ni, 99.0 id,  0.0 wa,  0.0 hi,  0.0 si,  0.0 st
%Cpu(s):  0.5 us,  0.5 sy,  0.0 ni, 99.0 id,  0.0 wa,  0.0 hi,  0.0 si,  0.0 st
%Cpu(s):  1.0 us,  0.5 sy,  0.0 ni, 98.5 id,  0.0 wa,  0.0 hi,  0.0 si,  0.0 st
%Cpu(s):  1.5 us,  0.5 sy,  0.0 ni, 98.0 id,  0.0 wa,  0.0 hi,  0.0 si,  0.0 st
%Cpu(s):  0.5 us,  0.5 sy,  0.0 ni, 99.0 id,  0.0 wa,  0.0 hi,  0.0 si,  0.0 st
%Cpu(s):  1.5 us,  0.0 sy,  0.0 ni, 98.5 id,  0.0 wa,  0.0 hi,  0.0 si,  0.0 st
%Cpu(s):  0.5 us,  0.5 sy,  0.0 ni, 99.0 id,  0.0 wa,  0.0 hi,  0.0 si,  0.0 st
%Cpu(s):  1.0 us,  1.0 sy,  0.0 ni, 98.0 id,  0.0 wa,  0.0 hi,  0.0 si,  0.0 st
%Cpu(s):  0.5 us,  0.0 sy,  0.0 ni, 99.5 id,  0.0 wa,  0.0 hi,  0.0 si,  0.0 st
%Cpu(s):  1.5 us,  0.5 sy,  0.0 ni, 98.0 id,  0.0 wa,  0.0 hi,  0.0 si,  0.0 st
%Cpu(s): 55.0 us,  4.0 sy,  0.0 ni, 39.5 id,  0.5 wa,  0.0 hi,  1.0 si,  0.0 st
%Cpu(s): 83.0 us, 14.5 sy,  0.0 ni,  0.5 id,  0.0 wa,  0.0 hi,  2.0 si,  0.0 st
%Cpu(s): 79.7 us, 16.3 sy,  0.0 ni,  0.5 id,  0.0 wa,  0.0 hi,  3.5 si,  0.0 st
%Cpu(s): 73.1 us, 17.4 sy,  0.0 ni,  4.0 id,  0.0 wa,  0.0 hi,  5.5 si,  0.0 st
%Cpu(s): 73.6 us, 16.8 sy,  0.0 ni,  5.6 id,  0.0 wa,  0.0 hi,  4.1 si,  0.0 st
%Cpu(s): 73.4 us, 18.6 sy,  0.0 ni,  3.5 id,  0.0 wa,  0.0 hi,  4.5 si,  0.0 st
%Cpu(s): 68.5 us, 21.5 sy,  0.0 ni,  6.5 id,  0.0 wa,  0.0 hi,  3.5 si,  0.0 st
%Cpu(s): 71.6 us, 20.4 sy,  0.0 ni,  5.5 id,  0.0 wa,  0.0 hi,  2.5 si,  0.0 st
%Cpu(s): 67.7 us, 20.4 sy,  0.0 ni,  8.5 id,  0.0 wa,  0.0 hi,  3.5 si,  0.0 st
%Cpu(s): 68.3 us, 21.3 sy,  0.0 ni,  6.4 id,  0.0 wa,  0.0 hi,  4.0 si,  0.0 st
%Cpu(s): 65.5 us, 21.5 sy,  0.0 ni,  8.5 id,  0.0 wa,  0.0 hi,  4.5 si,  0.0 st
%Cpu(s): 66.2 us, 20.2 sy,  0.0 ni,  8.6 id,  0.0 wa,  0.0 hi,  5.1 si,  0.0 st
%Cpu(s): 65.7 us, 19.4 sy,  0.0 ni, 10.9 id,  0.0 wa,  0.0 hi,  4.0 si,  0.0 st
%Cpu(s): 63.1 us, 19.0 sy,  0.0 ni, 14.4 id,  0.0 wa,  0.0 hi,  3.6 si,  0.0 st
%Cpu(s): 65.3 us, 19.3 sy,  0.0 ni,  9.9 id,  0.0 wa,  0.0 hi,  5.4 si,  0.0 st
%Cpu(s): 66.7 us, 19.9 sy,  0.0 ni,  9.5 id,  0.0 wa,  0.0 hi,  4.0 si,  0.0 st
%Cpu(s): 63.2 us, 19.6 sy,  0.0 ni, 11.3 id,  0.0 wa,  0.0 hi,  5.9 si,  0.0 st
%Cpu(s): 58.9 us, 21.8 sy,  0.0 ni, 13.4 id,  0.0 wa,  0.0 hi,  5.9 si,  0.0 st
%Cpu(s): 57.9 us, 22.8 sy,  0.0 ni, 14.7 id,  0.0 wa,  0.0 hi,  4.6 si,  0.0 st
%Cpu(s): 60.7 us, 18.9 sy,  0.0 ni, 14.3 id,  0.0 wa,  0.0 hi,  6.1 si,  0.0 st
%Cpu(s): 61.4 us, 16.3 sy,  0.0 ni, 17.8 id,  0.0 wa,  0.0 hi,  4.5 si,  0.0 st
%Cpu(s): 28.1 us, 13.8 sy,  0.0 ni, 55.1 id,  0.0 wa,  0.0 hi,  3.1 si,  0.0 st
%Cpu(s): 17.7 us, 13.1 sy,  0.0 ni, 65.7 id,  0.0 wa,  0.0 hi,  3.5 si,  0.0 st
%Cpu(s): 20.6 us, 12.4 sy,  0.0 ni, 66.0 id,  0.0 wa,  0.0 hi,  1.0 si,  0.0 st
%Cpu(s): 16.8 us, 12.1 sy,  0.0 ni, 66.3 id,  0.0 wa,  0.0 hi,  4.7 si,  0.0 st
%Cpu(s): 22.3 us, 10.9 sy,  0.0 ni, 64.2 id,  0.0 wa,  0.0 hi,  2.6 si,  0.0 st
%Cpu(s): 21.5 us, 12.8 sy,  0.0 ni, 62.1 id,  0.0 wa,  0.0 hi,  3.6 si,  0.0 st
%Cpu(s): 16.8 us, 13.2 sy,  0.0 ni, 66.3 id,  0.0 wa,  0.0 hi,  3.7 si,  0.0 st
%Cpu(s): 21.9 us, 10.2 sy,  0.0 ni, 62.8 id,  0.0 wa,  0.0 hi,  5.1 si,  0.0 st
%Cpu(s): 18.4 us, 14.3 sy,  0.0 ni, 64.3 id,  0.0 wa,  0.0 hi,  3.1 si,  0.0 st
%Cpu(s): 19.0 us, 13.3 sy,  0.0 ni, 64.6 id,  0.0 wa,  0.0 hi,  3.1 si,  0.0 st
%Cpu(s): 19.2 us, 15.2 sy,  0.0 ni, 62.1 id,  0.0 wa,  0.0 hi,  3.0 si,  0.5 st
%Cpu(s): 21.0 us, 10.3 sy,  0.0 ni, 65.1 id,  0.0 wa,  0.0 hi,  3.6 si,  0.0 st
%Cpu(s): 18.5 us, 15.9 sy,  0.0 ni, 63.6 id,  0.0 wa,  0.0 hi,  2.1 si,  0.0 st
%Cpu(s): 18.4 us, 13.9 sy,  0.0 ni, 63.7 id,  0.0 wa,  0.0 hi,  4.0 si,  0.0 st
%Cpu(s): 20.1 us, 13.1 sy,  0.0 ni, 63.3 id,  0.0 wa,  0.0 hi,  3.5 si,  0.0 st
%Cpu(s): 18.7 us, 14.0 sy,  0.0 ni, 64.8 id,  0.0 wa,  0.0 hi,  2.6 si,  0.0 st
%Cpu(s): 18.9 us, 12.1 sy,  0.0 ni, 66.8 id,  0.0 wa,  0.0 hi,  2.1 si,  0.0 st
%Cpu(s): 18.2 us, 14.8 sy,  0.0 ni, 64.0 id,  0.0 wa,  0.0 hi,  2.5 si,  0.5 st
%Cpu(s): 18.0 us, 14.9 sy,  0.0 ni, 64.4 id,  0.0 wa,  0.0 hi,  2.6 si,  0.0 st
%Cpu(s): 16.2 us, 20.2 sy,  0.0 ni, 61.1 id,  0.0 wa,  0.0 hi,  2.5 si,  0.0 st
%Cpu(s): 17.1 us, 18.6 sy,  0.0 ni, 61.3 id,  0.0 wa,  0.0 hi,  3.0 si,  0.0 st
%Cpu(s): 21.9 us, 14.8 sy,  0.0 ni, 61.2 id,  0.0 wa,  0.0 hi,  2.0 si,  0.0 st
%Cpu(s): 18.3 us, 16.8 sy,  0.0 ni, 61.8 id,  0.0 wa,  0.0 hi,  3.1 si,  0.0 st
%Cpu(s): 18.4 us, 16.3 sy,  0.0 ni, 62.2 id,  0.0 wa,  0.0 hi,  3.1 si,  0.0 st
%Cpu(s): 19.4 us, 18.9 sy,  0.0 ni, 58.7 id,  0.0 wa,  0.0 hi,  3.0 si,  0.0 st
%Cpu(s): 17.3 us, 18.3 sy,  0.0 ni, 60.9 id,  0.0 wa,  0.0 hi,  3.6 si,  0.0 st
%Cpu(s): 16.8 us, 13.0 sy,  0.0 ni, 67.4 id,  0.0 wa,  0.0 hi,  2.7 si,  0.0 st
%Cpu(s): 20.8 us, 13.7 sy,  0.0 ni, 62.9 id,  0.0 wa,  0.0 hi,  2.5 si,  0.0 st
%Cpu(s): 18.8 us, 14.9 sy,  0.0 ni, 61.9 id,  0.0 wa,  0.0 hi,  4.5 si,  0.0 st
%Cpu(s): 19.9 us, 15.9 sy,  0.0 ni, 61.7 id,  0.0 wa,  0.0 hi,  2.5 si,  0.0 st
%Cpu(s): 16.1 us, 14.6 sy,  0.0 ni, 65.1 id,  0.0 wa,  0.0 hi,  4.2 si,  0.0 st
%Cpu(s): 20.3 us, 12.2 sy,  0.0 ni, 63.5 id,  0.0 wa,  0.0 hi,  4.1 si,  0.0 st
%Cpu(s): 17.1 us, 17.6 sy,  0.0 ni, 62.8 id,  0.0 wa,  0.0 hi,  2.5 si,  0.0 st
%Cpu(s): 18.9 us, 14.3 sy,  0.0 ni, 63.3 id,  0.0 wa,  0.0 hi,  3.6 si,  0.0 st
%Cpu(s): 20.1 us,  8.2 sy,  0.0 ni, 68.6 id,  0.0 wa,  0.0 hi,  2.6 si,  0.5 st
%Cpu(s):  3.0 us,  1.5 sy,  0.0 ni, 95.5 id,  0.0 wa,  0.0 hi,  0.0 si,  0.0 st
%Cpu(s):  1.5 us,  0.5 sy,  0.0 ni, 98.0 id,  0.0 wa,  0.0 hi,  0.0 si,  0.0 st
%Cpu(s):  0.5 us,  0.0 sy,  0.0 ni, 99.5 id,  0.0 wa,  0.0 hi,  0.0 si,  0.0 st
%Cpu(s):  0.0 us,  1.5 sy,  0.0 ni, 98.5 id,  0.0 wa,  0.0 hi,  0.0 si,  0.0 st
%Cpu(s):  2.0 us,  0.5 sy,  0.0 ni, 97.5 id,  0.0 wa,  0.0 hi,  0.0 si,  0.0 st
