%Cpu(s):  1.3 us,  0.2 sy,  0.0 ni, 98.4 id,  0.0 wa,  0.0 hi,  0.0 si,  0.0 st
%Cpu(s):  0.6 us,  0.1 sy,  0.0 ni, 99.3 id,  0.0 wa,  0.0 hi,  0.0 si,  0.0 st
%Cpu(s):  0.4 us,  0.1 sy,  0.0 ni, 99.5 id,  0.0 wa,  0.0 hi,  0.0 si,  0.0 st
%Cpu(s):  0.2 us,  0.1 sy,  0.0 ni, 99.5 id,  0.0 wa,  0.0 hi,  0.0 si,  0.1 st
%Cpu(s): 12.2 us,  0.9 sy,  0.0 ni, 86.9 id,  0.0 wa,  0.0 hi,  0.0 si,  0.0 st
%Cpu(s): 35.6 us,  2.0 sy,  0.0 ni, 61.5 id,  0.0 wa,  0.0 hi,  0.8 si,  0.1 st
%Cpu(s): 31.0 us,  2.2 sy,  0.0 ni, 66.1 id,  0.0 wa,  0.0 hi,  0.8 si,  0.0 st
%Cpu(s): 26.2 us,  2.2 sy,  0.0 ni, 69.9 id,  0.0 wa,  0.0 hi,  1.5 si,  0.1 st
%Cpu(s):  7.4 us,  1.7 sy,  0.0 ni, 90.0 id,  0.0 wa,  0.0 hi,  0.7 si,  0.1 st
%Cpu(s): 17.1 us,  2.0 sy,  0.0 ni, 80.0 id,  0.0 wa,  0.0 hi,  0.8 si,  0.1 st
%Cpu(s): 17.9 us,  1.4 sy,  0.0 ni, 80.7 id,  0.0 wa,  0.0 hi,  0.0 si,  0.0 st
%Cpu(s):  8.1 us,  1.9 sy,  0.0 ni, 89.4 id,  0.1 wa,  0.0 hi,  0.2 si,  0.2 st
%Cpu(s): 20.4 us,  2.3 sy,  0.0 ni, 77.2 id,  0.0 wa,  0.0 hi,  0.1 si,  0.0 st
%Cpu(s):  7.8 us,  1.5 sy,  0.0 ni, 90.3 id,  0.0 wa,  0.0 hi,  0.3 si,  0.1 st
%Cpu(s):  3.4 us,  1.6 sy,  0.0 ni, 94.5 id,  0.0 wa,  0.0 hi,  0.4 si,  0.1 st
%Cpu(s):  3.2 us,  2.0 sy,  0.0 ni, 93.9 id,  0.0 wa,  0.0 hi,  0.9 si,  0.0 st
%Cpu(s):  3.6 us,  1.7 sy,  0.0 ni, 93.8 id,  0.0 wa,  0.0 hi,  0.9 si,  0.0 st
%Cpu(s):  4.9 us,  1.4 sy,  0.0 ni, 93.1 id,  0.0 wa,  0.0 hi,  0.5 si,  0.1 st
%Cpu(s):  3.8 us,  2.1 sy,  0.0 ni, 93.0 id,  0.0 wa,  0.0 hi,  1.0 si,  0.1 st
%Cpu(s): 10.3 us,  1.7 sy,  0.0 ni, 86.9 id,  0.0 wa,  0.0 hi,  0.9 si,  0.1 st
%Cpu(s):  8.7 us,  2.5 sy,  0.0 ni, 87.6 id,  0.0 wa,  0.0 hi,  1.1 si,  0.1 st
%Cpu(s):  4.3 us,  2.3 sy,  0.0 ni, 93.0 id,  0.0 wa,  0.0 hi,  0.3 si,  0.1 st
%Cpu(s):  5.2 us,  3.0 sy,  0.0 ni, 91.0 id,  0.0 wa,  0.0 hi,  0.9 si,  0.0 st
%Cpu(s):  9.7 us,  2.7 sy,  0.0 ni, 86.6 id,  0.0 wa,  0.0 hi,  0.9 si,  0.1 st
%Cpu(s): 24.3 us,  2.2 sy,  0.0 ni, 72.3 id,  0.0 wa,  0.0 hi,  1.2 si,  0.0 st
%Cpu(s): 23.1 us,  2.9 sy,  0.0 ni, 72.6 id,  0.0 wa,  0.0 hi,  1.2 si,  0.2 st
%Cpu(s):  8.2 us,  2.8 sy,  0.0 ni, 88.6 id,  0.0 wa,  0.0 hi,  0.5 si,  0.0 st
%Cpu(s):  5.8 us,  3.3 sy,  0.0 ni, 90.5 id,  0.0 wa,  0.0 hi,  0.5 si,  0.0 st
%Cpu(s): 11.6 us,  2.4 sy,  0.0 ni, 85.8 id,  0.0 wa,  0.0 hi,  0.1 si,  0.1 st
%Cpu(s):  6.7 us,  2.5 sy,  0.0 ni, 90.3 id,  0.0 wa,  0.0 hi,  0.4 si,  0.1 st
%Cpu(s):  5.3 us,  2.8 sy,  0.0 ni, 91.7 id,  0.0 wa,  0.0 hi,  0.3 si,  0.0 st
%Cpu(s):  8.3 us,  2.5 sy,  0.0 ni, 88.9 id,  0.0 wa,  0.0 hi,  0.1 si,  0.1 st
%Cpu(s):  9.6 us,  2.8 sy,  0.0 ni, 87.3 id,  0.0 wa,  0.0 hi,  0.4 si,  0.0 st
%Cpu(s):  6.6 us,  2.4 sy,  0.0 ni, 90.7 id,  0.0 wa,  0.0 hi,  0.4 si,  0.0 st
%Cpu(s):  7.6 us,  2.9 sy,  0.0 ni, 89.4 id,  0.0 wa,  0.0 hi,  0.1 si,  0.0 st
%Cpu(s):  9.6 us,  1.9 sy,  0.0 ni, 88.3 id,  0.0 wa,  0.0 hi,  0.3 si,  0.0 st
%Cpu(s):  5.7 us,  3.1 sy,  0.0 ni, 90.6 id,  0.1 wa,  0.0 hi,  0.2 si,  0.1 st
%Cpu(s): 14.0 us,  2.6 sy,  0.0 ni, 82.9 id,  0.0 wa,  0.0 hi,  0.5 si,  0.0 st
%Cpu(s):  5.9 us,  2.6 sy,  0.0 ni, 91.1 id,  0.0 wa,  0.0 hi,  0.4 si,  0.0 st
%Cpu(s):  6.6 us,  2.5 sy,  0.0 ni, 90.8 id,  0.0 wa,  0.0 hi,  0.1 si,  0.0 st
%Cpu(s):  6.6 us,  2.7 sy,  0.0 ni, 90.2 id,  0.0 wa,  0.0 hi,  0.5 si,  0.1 st
%Cpu(s):  5.7 us,  3.0 sy,  0.0 ni, 90.7 id,  0.0 wa,  0.0 hi,  0.5 si,  0.1 st
%Cpu(s):  7.2 us,  3.5 sy,  0.0 ni, 88.4 id,  0.0 wa,  0.0 hi,  0.7 si,  0.1 st
%Cpu(s):  6.7 us,  3.3 sy,  0.0 ni, 89.1 id,  0.0 wa,  0.0 hi,  0.8 si,  0.1 st
%Cpu(s):  6.2 us,  3.1 sy,  0.0 ni, 89.9 id,  0.0 wa,  0.0 hi,  0.6 si,  0.1 st
%Cpu(s):  6.4 us,  3.4 sy,  0.0 ni, 89.2 id,  0.0 wa,  0.0 hi,  0.9 si,  0.1 st
%Cpu(s):  5.7 us,  2.9 sy,  0.0 ni, 90.5 id,  0.0 wa,  0.0 hi,  0.8 si,  0.1 st
%Cpu(s):  5.7 us,  2.9 sy,  0.0 ni, 90.4 id,  0.0 wa,  0.0 hi,  1.0 si,  0.0 st
%Cpu(s):  6.1 us,  2.9 sy,  0.0 ni, 90.2 id,  0.0 wa,  0.0 hi,  0.8 si,  0.1 st
%Cpu(s):  5.5 us,  2.9 sy,  0.0 ni, 91.1 id,  0.0 wa,  0.0 hi,  0.5 si,  0.0 st
%Cpu(s):  9.6 us,  2.9 sy,  0.0 ni, 86.5 id,  0.0 wa,  0.0 hi,  0.8 si,  0.3 st
%Cpu(s):  6.4 us,  2.9 sy,  0.0 ni, 90.2 id,  0.0 wa,  0.0 hi,  0.5 si,  0.0 st
%Cpu(s):  5.5 us,  3.0 sy,  0.0 ni, 90.2 id,  0.0 wa,  0.0 hi,  1.1 si,  0.1 st
%Cpu(s):  6.2 us,  3.1 sy,  0.0 ni, 89.7 id,  0.0 wa,  0.0 hi,  0.9 si,  0.1 st
%Cpu(s):  5.8 us,  4.2 sy,  0.0 ni, 88.6 id,  0.0 wa,  0.0 hi,  1.2 si,  0.1 st
%Cpu(s):  6.3 us,  2.5 sy,  0.0 ni, 90.0 id,  0.0 wa,  0.0 hi,  1.0 si,  0.3 st
%Cpu(s):  6.5 us,  3.0 sy,  0.0 ni, 89.6 id,  0.0 wa,  0.0 hi,  0.9 si,  0.0 st
%Cpu(s):  6.9 us,  2.9 sy,  0.0 ni, 89.6 id,  0.0 wa,  0.0 hi,  0.5 si,  0.1 st
%Cpu(s):  7.2 us,  3.3 sy,  0.0 ni, 89.0 id,  0.0 wa,  0.0 hi,  0.4 si,  0.1 st
%Cpu(s):  6.2 us,  3.0 sy,  0.0 ni, 90.1 id,  0.0 wa,  0.0 hi,  0.8 si,  0.0 st
%Cpu(s):  5.9 us,  2.4 sy,  0.0 ni, 90.8 id,  0.0 wa,  0.0 hi,  0.6 si,  0.3 st
%Cpu(s):  2.4 us,  1.3 sy,  0.0 ni, 96.1 id,  0.0 wa,  0.0 hi,  0.3 si,  0.0 st
%Cpu(s):  0.2 us,  0.5 sy,  0.0 ni, 99.3 id,  0.0 wa,  0.0 hi,  0.0 si,  0.0 st
%Cpu(s):  0.1 us,  0.0 sy,  0.0 ni, 99.9 id,  0.0 wa,  0.0 hi,  0.0 si,  0.0 st
%Cpu(s):  0.0 us,  0.0 sy,  0.0 ni,100.0 id,  0.0 wa,  0.0 hi,  0.0 si,  0.0 st
%Cpu(s):  0.2 us,  0.0 sy,  0.0 ni, 99.8 id,  0.0 wa,  0.0 hi,  0.0 si,  0.0 st
%Cpu(s):  0.1 us,  0.0 sy,  0.0 ni, 99.8 id,  0.1 wa,  0.0 hi,  0.0 si,  0.0 st
%Cpu(s):  0.1 us,  0.1 sy,  0.0 ni, 99.8 id,  0.0 wa,  0.0 hi,  0.0 si,  0.0 st
