%Cpu(s):  1.4 us,  0.3 sy,  0.0 ni, 98.2 id,  0.0 wa,  0.0 hi,  0.1 si,  0.0 st
%Cpu(s):  0.6 us,  0.0 sy,  0.0 ni, 99.3 id,  0.0 wa,  0.0 hi,  0.0 si,  0.1 st
%Cpu(s):  0.4 us,  0.0 sy,  0.0 ni, 99.6 id,  0.0 wa,  0.0 hi,  0.0 si,  0.0 st
%Cpu(s):  0.2 us,  0.1 sy,  0.0 ni, 99.6 id,  0.0 wa,  0.0 hi,  0.0 si,  0.0 st
%Cpu(s):  1.7 us,  0.0 sy,  0.0 ni, 98.3 id,  0.0 wa,  0.0 hi,  0.0 si,  0.0 st
%Cpu(s): 34.3 us,  2.4 sy,  0.0 ni, 62.5 id,  0.0 wa,  0.0 hi,  0.7 si,  0.1 st
%Cpu(s): 27.9 us,  3.8 sy,  0.0 ni, 67.7 id,  0.0 wa,  0.0 hi,  0.5 si,  0.1 st
%Cpu(s): 37.5 us,  2.6 sy,  0.0 ni, 59.1 id,  0.0 wa,  0.0 hi,  0.8 si,  0.0 st
%Cpu(s): 27.8 us,  3.0 sy,  0.0 ni, 68.3 id,  0.0 wa,  0.0 hi,  0.8 si,  0.1 st
%Cpu(s): 11.7 us,  2.7 sy,  0.0 ni, 84.4 id,  0.0 wa,  0.0 hi,  1.1 si,  0.0 st
%Cpu(s): 10.8 us,  3.9 sy,  0.0 ni, 84.2 id,  0.0 wa,  0.0 hi,  0.9 si,  0.1 st
%Cpu(s):  6.7 us,  4.0 sy,  0.0 ni, 88.8 id,  0.0 wa,  0.0 hi,  0.4 si,  0.1 st
%Cpu(s):  6.9 us,  3.3 sy,  0.0 ni, 89.2 id,  0.0 wa,  0.0 hi,  0.6 si,  0.0 st
%Cpu(s):  6.0 us,  3.1 sy,  0.0 ni, 90.1 id,  0.0 wa,  0.0 hi,  0.8 si,  0.0 st
%Cpu(s):  5.9 us,  2.6 sy,  0.0 ni, 90.6 id,  0.0 wa,  0.0 hi,  0.8 si,  0.1 st
%Cpu(s):  6.1 us,  3.0 sy,  0.0 ni, 90.2 id,  0.0 wa,  0.0 hi,  0.6 si,  0.0 st
%Cpu(s):  6.0 us,  3.3 sy,  0.0 ni, 90.3 id,  0.0 wa,  0.0 hi,  0.4 si,  0.0 st
%Cpu(s):  7.2 us,  3.8 sy,  0.0 ni, 88.0 id,  0.0 wa,  0.0 hi,  0.9 si,  0.1 st
%Cpu(s):  7.6 us,  4.7 sy,  0.0 ni, 87.3 id,  0.0 wa,  0.0 hi,  0.4 si,  0.0 st
%Cpu(s):  6.6 us,  2.8 sy,  0.0 ni, 89.8 id,  0.0 wa,  0.0 hi,  0.8 si,  0.1 st
%Cpu(s):  7.4 us,  3.6 sy,  0.0 ni, 88.5 id,  0.0 wa,  0.0 hi,  0.5 si,  0.0 st
%Cpu(s):  6.6 us,  2.8 sy,  0.0 ni, 89.8 id,  0.1 wa,  0.0 hi,  0.8 si,  0.0 st
%Cpu(s):  7.6 us,  2.7 sy,  0.0 ni, 88.9 id,  0.0 wa,  0.0 hi,  0.7 si,  0.0 st
%Cpu(s):  7.9 us,  3.5 sy,  0.0 ni, 87.7 id,  0.0 wa,  0.0 hi,  0.8 si,  0.1 st
%Cpu(s):  7.2 us,  2.8 sy,  0.0 ni, 89.4 id,  0.0 wa,  0.0 hi,  0.6 si,  0.0 st
%Cpu(s): 10.9 us,  2.9 sy,  0.0 ni, 85.6 id,  0.0 wa,  0.0 hi,  0.5 si,  0.1 st
%Cpu(s):  9.0 us,  2.6 sy,  0.0 ni, 87.8 id,  0.0 wa,  0.0 hi,  0.5 si,  0.0 st
%Cpu(s):  7.0 us,  2.5 sy,  0.0 ni, 89.3 id,  0.0 wa,  0.0 hi,  1.1 si,  0.0 st
%Cpu(s):  9.3 us,  2.9 sy,  0.0 ni, 86.6 id,  0.0 wa,  0.0 hi,  1.3 si,  0.0 st
%Cpu(s):  8.7 us,  3.3 sy,  0.0 ni, 87.0 id,  0.0 wa,  0.0 hi,  0.9 si,  0.1 st
%Cpu(s):  8.6 us,  3.0 sy,  0.0 ni, 87.0 id,  0.0 wa,  0.0 hi,  1.4 si,  0.0 st
%Cpu(s):  6.8 us,  3.3 sy,  0.0 ni, 89.1 id,  0.1 wa,  0.0 hi,  0.6 si,  0.0 st
%Cpu(s):  8.6 us,  3.3 sy,  0.0 ni, 87.0 id,  0.0 wa,  0.0 hi,  1.1 si,  0.0 st
%Cpu(s):  8.6 us,  3.7 sy,  0.0 ni, 86.4 id,  0.0 wa,  0.0 hi,  1.0 si,  0.2 st
%Cpu(s): 10.6 us,  2.9 sy,  0.0 ni, 85.6 id,  0.0 wa,  0.0 hi,  0.9 si,  0.0 st
%Cpu(s): 10.4 us,  3.2 sy,  0.0 ni, 85.4 id,  0.0 wa,  0.0 hi,  0.9 si,  0.1 st
%Cpu(s):  9.5 us,  3.2 sy,  0.0 ni, 86.5 id,  0.0 wa,  0.0 hi,  0.6 si,  0.1 st
%Cpu(s):  9.4 us,  3.7 sy,  0.0 ni, 86.3 id,  0.0 wa,  0.0 hi,  0.6 si,  0.0 st
%Cpu(s): 13.0 us,  3.1 sy,  0.0 ni, 83.6 id,  0.0 wa,  0.0 hi,  0.3 si,  0.0 st
%Cpu(s): 16.4 us,  3.3 sy,  0.0 ni, 79.8 id,  0.0 wa,  0.0 hi,  0.5 si,  0.0 st
%Cpu(s): 14.3 us,  2.9 sy,  0.0 ni, 82.5 id,  0.0 wa,  0.0 hi,  0.3 si,  0.0 st
%Cpu(s): 10.9 us,  3.5 sy,  0.0 ni, 85.0 id,  0.0 wa,  0.0 hi,  0.5 si,  0.1 st
%Cpu(s): 11.6 us,  3.2 sy,  0.0 ni, 83.6 id,  0.0 wa,  0.0 hi,  1.5 si,  0.0 st
%Cpu(s): 10.9 us,  3.1 sy,  0.0 ni, 84.5 id,  0.0 wa,  0.0 hi,  1.3 si,  0.1 st
%Cpu(s): 18.6 us,  3.5 sy,  0.0 ni, 77.3 id,  0.0 wa,  0.0 hi,  0.5 si,  0.1 st
%Cpu(s): 12.4 us,  2.4 sy,  0.0 ni, 84.3 id,  0.0 wa,  0.0 hi,  1.0 si,  0.0 st
%Cpu(s): 12.6 us,  2.6 sy,  0.0 ni, 84.1 id,  0.1 wa,  0.0 hi,  0.4 si,  0.1 st
%Cpu(s): 13.1 us,  2.8 sy,  0.0 ni, 83.9 id,  0.0 wa,  0.0 hi,  0.3 si,  0.0 st
%Cpu(s):  8.8 us,  3.3 sy,  0.0 ni, 87.5 id,  0.0 wa,  0.0 hi,  0.3 si,  0.1 st
%Cpu(s): 13.1 us,  2.0 sy,  0.0 ni, 84.1 id,  0.0 wa,  0.0 hi,  0.6 si,  0.1 st
%Cpu(s): 12.8 us,  3.5 sy,  0.0 ni, 82.5 id,  0.0 wa,  0.0 hi,  1.2 si,  0.0 st
%Cpu(s): 13.4 us,  2.3 sy,  0.0 ni, 83.5 id,  0.0 wa,  0.0 hi,  0.9 si,  0.0 st
%Cpu(s): 14.2 us,  2.7 sy,  0.0 ni, 82.1 id,  0.0 wa,  0.0 hi,  0.9 si,  0.1 st
%Cpu(s): 12.7 us,  2.5 sy,  0.0 ni, 83.8 id,  0.0 wa,  0.0 hi,  0.8 si,  0.1 st
%Cpu(s): 15.5 us,  2.8 sy,  0.0 ni, 81.0 id,  0.0 wa,  0.0 hi,  0.8 si,  0.0 st
%Cpu(s): 13.2 us,  2.0 sy,  0.0 ni, 84.3 id,  0.0 wa,  0.0 hi,  0.4 si,  0.1 st
%Cpu(s): 13.8 us,  2.9 sy,  0.0 ni, 82.6 id,  0.1 wa,  0.0 hi,  0.6 si,  0.0 st
%Cpu(s): 14.5 us,  2.5 sy,  0.0 ni, 82.7 id,  0.0 wa,  0.0 hi,  0.1 si,  0.1 st
%Cpu(s): 14.8 us,  3.1 sy,  0.0 ni, 81.3 id,  0.0 wa,  0.0 hi,  0.6 si,  0.1 st
%Cpu(s): 21.7 us,  3.0 sy,  0.0 ni, 74.3 id,  0.0 wa,  0.0 hi,  1.0 si,  0.0 st
%Cpu(s): 14.7 us,  3.0 sy,  0.0 ni, 81.6 id,  0.0 wa,  0.0 hi,  0.5 si,  0.1 st
%Cpu(s): 16.2 us,  1.7 sy,  0.0 ni, 81.3 id,  0.0 wa,  0.0 hi,  0.6 si,  0.1 st
%Cpu(s): 10.4 us,  0.8 sy,  0.0 ni, 88.8 id,  0.0 wa,  0.0 hi,  0.1 si,  0.0 st
%Cpu(s): 11.6 us,  1.0 sy,  0.0 ni, 87.4 id,  0.0 wa,  0.0 hi,  0.0 si,  0.0 st
%Cpu(s):  8.8 us,  1.1 sy,  0.0 ni, 90.1 id,  0.0 wa,  0.0 hi,  0.0 si,  0.0 st
%Cpu(s):  0.9 us,  0.5 sy,  0.0 ni, 98.6 id,  0.0 wa,  0.0 hi,  0.0 si,  0.0 st
%Cpu(s):  3.1 us,  0.1 sy,  0.0 ni, 96.8 id,  0.0 wa,  0.0 hi,  0.0 si,  0.0 st
%Cpu(s):  0.0 us,  0.1 sy,  0.0 ni, 99.8 id,  0.0 wa,  0.0 hi,  0.0 si,  0.1 st
