%Cpu(s):  1.3 us,  0.2 sy,  0.0 ni, 98.3 id,  0.0 wa,  0.0 hi,  0.1 si,  0.0 st
%Cpu(s):  0.6 us,  0.1 sy,  0.0 ni, 99.3 id,  0.0 wa,  0.0 hi,  0.0 si,  0.0 st
%Cpu(s):  0.5 us,  0.1 sy,  0.0 ni, 99.4 id,  0.0 wa,  0.0 hi,  0.0 si,  0.0 st
%Cpu(s):  0.5 us,  0.0 sy,  0.0 ni, 99.5 id,  0.0 wa,  0.0 hi,  0.0 si,  0.0 st
%Cpu(s):  0.2 us,  0.2 sy,  0.0 ni, 99.5 id,  0.0 wa,  0.0 hi,  0.0 si,  0.0 st
%Cpu(s): 23.8 us,  1.6 sy,  0.0 ni, 74.0 id,  0.0 wa,  0.0 hi,  0.5 si,  0.1 st
%Cpu(s): 35.8 us,  3.0 sy,  0.0 ni, 60.0 id,  0.1 wa,  0.0 hi,  0.9 si,  0.1 st
%Cpu(s): 11.5 us,  2.9 sy,  0.0 ni, 85.2 id,  0.0 wa,  0.0 hi,  0.3 si,  0.1 st
%Cpu(s): 25.5 us,  2.9 sy,  0.0 ni, 71.1 id,  0.0 wa,  0.0 hi,  0.4 si,  0.1 st
%Cpu(s): 30.0 us,  2.4 sy,  0.0 ni, 67.0 id,  0.0 wa,  0.0 hi,  0.6 si,  0.0 st
%Cpu(s): 14.1 us,  1.5 sy,  0.0 ni, 84.2 id,  0.0 wa,  0.0 hi,  0.0 si,  0.3 st
%Cpu(s):  5.4 us,  1.8 sy,  0.0 ni, 92.4 id,  0.0 wa,  0.0 hi,  0.4 si,  0.0 st
%Cpu(s):  4.3 us,  1.8 sy,  0.0 ni, 93.7 id,  0.0 wa,  0.0 hi,  0.1 si,  0.1 st
%Cpu(s):  4.9 us,  1.8 sy,  0.0 ni, 93.1 id,  0.0 wa,  0.0 hi,  0.1 si,  0.1 st
%Cpu(s):  4.8 us,  2.8 sy,  0.0 ni, 92.4 id,  0.0 wa,  0.0 hi,  0.1 si,  0.0 st
%Cpu(s):  9.8 us,  1.8 sy,  0.0 ni, 88.2 id,  0.0 wa,  0.0 hi,  0.1 si,  0.1 st
%Cpu(s): 11.9 us,  2.0 sy,  0.0 ni, 85.4 id,  0.0 wa,  0.0 hi,  0.6 si,  0.0 st
%Cpu(s):  5.1 us,  1.9 sy,  0.0 ni, 91.7 id,  0.0 wa,  0.0 hi,  1.2 si,  0.1 st
%Cpu(s):  5.0 us,  2.5 sy,  0.0 ni, 92.2 id,  0.0 wa,  0.0 hi,  0.0 si,  0.3 st
%Cpu(s):  3.8 us,  2.2 sy,  0.0 ni, 93.8 id,  0.0 wa,  0.0 hi,  0.3 si,  0.0 st
%Cpu(s):  5.9 us,  2.1 sy,  0.0 ni, 91.8 id,  0.0 wa,  0.0 hi,  0.0 si,  0.1 st
%Cpu(s):  5.5 us,  2.3 sy,  0.0 ni, 91.8 id,  0.0 wa,  0.0 hi,  0.3 si,  0.1 st
%Cpu(s):  5.5 us,  2.2 sy,  0.0 ni, 91.3 id,  0.0 wa,  0.0 hi,  0.9 si,  0.1 st
%Cpu(s):  5.6 us,  2.4 sy,  0.0 ni, 90.6 id,  0.0 wa,  0.0 hi,  1.2 si,  0.1 st
%Cpu(s):  5.0 us,  2.2 sy,  0.0 ni, 92.1 id,  0.0 wa,  0.0 hi,  0.6 si,  0.0 st
%Cpu(s):  6.6 us,  2.0 sy,  0.0 ni, 90.6 id,  0.0 wa,  0.0 hi,  0.7 si,  0.0 st
%Cpu(s):  6.3 us,  2.5 sy,  0.0 ni, 89.8 id,  0.1 wa,  0.0 hi,  1.2 si,  0.0 st
%Cpu(s):  6.0 us,  2.4 sy,  0.0 ni, 90.4 id,  0.0 wa,  0.0 hi,  1.1 si,  0.1 st
%Cpu(s):  5.0 us,  1.8 sy,  0.0 ni, 92.7 id,  0.0 wa,  0.0 hi,  0.4 si,  0.1 st
%Cpu(s):  7.1 us,  2.6 sy,  0.0 ni, 88.9 id,  0.0 wa,  0.0 hi,  1.1 si,  0.2 st
%Cpu(s):  8.3 us,  1.7 sy,  0.0 ni, 89.1 id,  0.0 wa,  0.0 hi,  0.9 si,  0.0 st
%Cpu(s):  6.8 us,  2.3 sy,  0.0 ni, 90.3 id,  0.0 wa,  0.0 hi,  0.5 si,  0.1 st
%Cpu(s):  6.9 us,  2.0 sy,  0.0 ni, 90.7 id,  0.0 wa,  0.0 hi,  0.3 si,  0.1 st
%Cpu(s):  7.6 us,  1.8 sy,  0.0 ni, 90.1 id,  0.0 wa,  0.0 hi,  0.6 si,  0.0 st
%Cpu(s):  8.3 us,  2.1 sy,  0.0 ni, 88.6 id,  0.0 wa,  0.0 hi,  0.9 si,  0.1 st
%Cpu(s):  8.4 us,  2.4 sy,  0.0 ni, 88.8 id,  0.0 wa,  0.0 hi,  0.1 si,  0.3 st
%Cpu(s):  9.6 us,  1.9 sy,  0.0 ni, 88.0 id,  0.1 wa,  0.0 hi,  0.3 si,  0.1 st
%Cpu(s): 18.1 us,  2.5 sy,  0.0 ni, 78.3 id,  0.0 wa,  0.0 hi,  1.0 si,  0.1 st
%Cpu(s): 16.1 us,  2.1 sy,  0.0 ni, 80.9 id,  0.0 wa,  0.0 hi,  0.8 si,  0.1 st
%Cpu(s): 27.1 us,  2.5 sy,  0.0 ni, 69.2 id,  0.0 wa,  0.0 hi,  1.0 si,  0.1 st
%Cpu(s): 22.5 us,  3.0 sy,  0.0 ni, 73.7 id,  0.0 wa,  0.0 hi,  0.8 si,  0.0 st
%Cpu(s): 11.8 us,  2.6 sy,  0.0 ni, 84.2 id,  0.0 wa,  0.0 hi,  1.4 si,  0.0 st
%Cpu(s): 12.3 us,  2.8 sy,  0.0 ni, 83.8 id,  0.0 wa,  0.0 hi,  1.1 si,  0.0 st
%Cpu(s): 13.7 us,  4.0 sy,  0.0 ni, 80.9 id,  0.0 wa,  0.0 hi,  1.2 si,  0.1 st
%Cpu(s): 10.5 us,  3.3 sy,  0.0 ni, 85.1 id,  0.0 wa,  0.0 hi,  1.1 si,  0.0 st
%Cpu(s): 12.6 us,  3.7 sy,  0.0 ni, 82.9 id,  0.0 wa,  0.0 hi,  0.8 si,  0.1 st
%Cpu(s):  9.6 us,  2.5 sy,  0.0 ni, 86.4 id,  0.1 wa,  0.0 hi,  1.3 si,  0.1 st
%Cpu(s):  9.9 us,  3.1 sy,  0.0 ni, 85.9 id,  0.0 wa,  0.0 hi,  1.0 si,  0.1 st
%Cpu(s):  9.9 us,  3.2 sy,  0.0 ni, 85.5 id,  0.0 wa,  0.0 hi,  1.4 si,  0.0 st
%Cpu(s):  8.6 us,  3.5 sy,  0.0 ni, 87.0 id,  0.0 wa,  0.0 hi,  0.9 si,  0.0 st
%Cpu(s):  7.1 us,  3.0 sy,  0.0 ni, 89.0 id,  0.0 wa,  0.0 hi,  0.8 si,  0.1 st
%Cpu(s):  7.6 us,  2.8 sy,  0.0 ni, 88.2 id,  0.0 wa,  0.0 hi,  1.4 si,  0.1 st
%Cpu(s):  7.5 us,  3.3 sy,  0.0 ni, 87.3 id,  0.0 wa,  0.0 hi,  1.9 si,  0.0 st
%Cpu(s):  6.7 us,  2.5 sy,  0.0 ni, 89.3 id,  0.0 wa,  0.0 hi,  1.4 si,  0.1 st
%Cpu(s):  8.0 us,  3.0 sy,  0.0 ni, 87.7 id,  0.0 wa,  0.0 hi,  1.2 si,  0.1 st
%Cpu(s):  8.6 us,  3.4 sy,  0.0 ni, 86.9 id,  0.0 wa,  0.0 hi,  1.1 si,  0.0 st
%Cpu(s):  9.2 us,  3.7 sy,  0.0 ni, 85.7 id,  0.0 wa,  0.0 hi,  1.4 si,  0.0 st
%Cpu(s):  5.2 us,  2.4 sy,  0.0 ni, 91.5 id,  0.0 wa,  0.0 hi,  1.0 si,  0.0 st
%Cpu(s):  8.0 us,  2.0 sy,  0.0 ni, 88.0 id,  0.0 wa,  0.0 hi,  1.9 si,  0.1 st
%Cpu(s):  7.4 us,  2.7 sy,  0.0 ni, 88.3 id,  0.0 wa,  0.0 hi,  1.5 si,  0.1 st
%Cpu(s):  9.8 us,  3.0 sy,  0.0 ni, 85.9 id,  0.0 wa,  0.0 hi,  1.1 si,  0.1 st
%Cpu(s):  7.7 us,  1.7 sy,  0.0 ni, 89.8 id,  0.0 wa,  0.0 hi,  0.7 si,  0.0 st
%Cpu(s):  0.2 us,  0.2 sy,  0.0 ni, 99.4 id,  0.0 wa,  0.0 hi,  0.1 si,  0.0 st
%Cpu(s):  0.2 us,  0.0 sy,  0.0 ni, 99.8 id,  0.0 wa,  0.0 hi,  0.0 si,  0.0 st
%Cpu(s):  0.4 us,  0.1 sy,  0.0 ni, 99.5 id,  0.0 wa,  0.0 hi,  0.0 si,  0.0 st
%Cpu(s):  0.2 us,  0.0 sy,  0.0 ni, 99.8 id,  0.0 wa,  0.0 hi,  0.0 si,  0.0 st
%Cpu(s):  0.1 us,  0.1 sy,  0.0 ni, 99.8 id,  0.0 wa,  0.0 hi,  0.0 si,  0.0 st
%Cpu(s):  0.2 us,  0.0 sy,  0.0 ni, 99.8 id,  0.0 wa,  0.0 hi,  0.0 si,  0.0 st
