%Cpu(s):  2.8 us,  1.8 sy,  0.0 ni, 95.1 id,  0.0 wa,  0.0 hi,  0.2 si,  0.0 st
%Cpu(s):  0.5 us,  0.1 sy,  0.0 ni, 99.4 id,  0.0 wa,  0.0 hi,  0.0 si,  0.0 st
%Cpu(s):  1.0 us,  0.0 sy,  0.0 ni, 99.0 id,  0.0 wa,  0.0 hi,  0.0 si,  0.0 st
%Cpu(s):  0.6 us,  0.2 sy,  0.0 ni, 99.1 id,  0.0 wa,  0.0 hi,  0.0 si,  0.0 st
%Cpu(s): 13.0 us,  1.4 sy,  0.0 ni, 85.5 id,  0.0 wa,  0.0 hi,  0.1 si,  0.0 st
%Cpu(s): 62.7 us,  7.5 sy,  0.0 ni, 28.6 id,  0.1 wa,  0.0 hi,  1.1 si,  0.0 st
%Cpu(s): 61.7 us, 12.5 sy,  0.0 ni, 24.1 id,  0.0 wa,  0.0 hi,  1.8 si,  0.0 st
%Cpu(s): 53.6 us, 10.2 sy,  0.0 ni, 34.2 id,  0.0 wa,  0.0 hi,  2.0 si,  0.0 st
%Cpu(s): 53.3 us, 12.0 sy,  0.0 ni, 32.4 id,  0.0 wa,  0.0 hi,  2.3 si,  0.0 st
%Cpu(s): 54.6 us, 11.0 sy,  0.0 ni, 31.9 id,  0.0 wa,  0.0 hi,  2.5 si,  0.0 st
%Cpu(s): 36.2 us, 11.9 sy,  0.0 ni, 49.2 id,  0.1 wa,  0.0 hi,  2.5 si,  0.0 st
%Cpu(s): 18.9 us, 11.9 sy,  0.0 ni, 67.0 id,  0.0 wa,  0.0 hi,  2.1 si,  0.0 st
%Cpu(s): 28.9 us, 11.1 sy,  0.0 ni, 58.1 id,  0.0 wa,  0.0 hi,  1.9 si,  0.0 st
%Cpu(s): 20.6 us, 12.5 sy,  0.0 ni, 65.8 id,  0.0 wa,  0.0 hi,  1.1 si,  0.0 st
%Cpu(s): 18.1 us, 11.6 sy,  0.0 ni, 68.7 id,  0.0 wa,  0.0 hi,  1.5 si,  0.0 st
%Cpu(s): 34.9 us, 11.6 sy,  0.0 ni, 51.8 id,  0.0 wa,  0.0 hi,  1.8 si,  0.0 st
%Cpu(s): 23.5 us, 10.5 sy,  0.0 ni, 64.0 id,  0.0 wa,  0.0 hi,  2.0 si,  0.0 st
%Cpu(s): 16.9 us, 11.6 sy,  0.0 ni, 68.5 id,  0.0 wa,  0.0 hi,  3.0 si,  0.0 st
%Cpu(s): 20.9 us, 11.8 sy,  0.0 ni, 64.5 id,  0.0 wa,  0.0 hi,  2.6 si,  0.1 st
%Cpu(s): 17.0 us, 11.1 sy,  0.0 ni, 69.3 id,  0.0 wa,  0.0 hi,  2.6 si,  0.0 st
%Cpu(s): 18.5 us, 11.9 sy,  0.0 ni, 67.1 id,  0.3 wa,  0.0 hi,  2.2 si,  0.0 st
%Cpu(s): 19.5 us, 12.3 sy,  0.0 ni, 65.4 id,  0.0 wa,  0.0 hi,  2.8 si,  0.0 st
%Cpu(s): 19.4 us, 12.2 sy,  0.0 ni, 66.1 id,  0.0 wa,  0.0 hi,  2.3 si,  0.0 st
%Cpu(s): 17.8 us, 13.9 sy,  0.0 ni, 65.8 id,  0.0 wa,  0.0 hi,  2.5 si,  0.0 st
%Cpu(s): 16.7 us, 12.6 sy,  0.0 ni, 67.7 id,  0.0 wa,  0.0 hi,  2.9 si,  0.0 st
%Cpu(s): 17.3 us, 10.2 sy,  0.0 ni, 69.5 id,  0.1 wa,  0.0 hi,  2.8 si,  0.0 st
%Cpu(s): 18.2 us, 12.2 sy,  0.0 ni, 67.0 id,  0.0 wa,  0.0 hi,  2.6 si,  0.0 st
%Cpu(s): 19.1 us, 11.9 sy,  0.0 ni, 66.5 id,  0.0 wa,  0.0 hi,  2.5 si,  0.0 st
%Cpu(s): 20.0 us, 12.9 sy,  0.0 ni, 65.0 id,  0.0 wa,  0.0 hi,  2.0 si,  0.0 st
%Cpu(s): 19.8 us, 11.5 sy,  0.0 ni, 66.6 id,  0.0 wa,  0.0 hi,  2.1 si,  0.0 st
%Cpu(s): 17.5 us, 11.9 sy,  0.0 ni, 68.0 id,  0.0 wa,  0.0 hi,  2.5 si,  0.0 st
%Cpu(s): 20.9 us, 11.4 sy,  0.0 ni, 65.3 id,  0.0 wa,  0.0 hi,  2.4 si,  0.0 st
%Cpu(s): 19.2 us, 12.6 sy,  0.0 ni, 65.5 id,  0.0 wa,  0.0 hi,  2.7 si,  0.0 st
%Cpu(s): 18.2 us, 12.5 sy,  0.0 ni, 66.9 id,  0.0 wa,  0.0 hi,  2.4 si,  0.0 st
%Cpu(s): 17.5 us, 12.2 sy,  0.0 ni, 67.5 id,  0.0 wa,  0.0 hi,  2.7 si,  0.0 st
%Cpu(s): 18.5 us, 11.6 sy,  0.0 ni, 67.1 id,  0.1 wa,  0.0 hi,  2.7 si,  0.0 st
%Cpu(s): 20.2 us, 12.0 sy,  0.0 ni, 67.1 id,  0.0 wa,  0.0 hi,  0.8 si,  0.0 st
%Cpu(s): 18.9 us, 14.8 sy,  0.0 ni, 66.0 id,  0.3 wa,  0.0 hi,  0.0 si,  0.0 st
%Cpu(s): 24.7 us, 12.5 sy,  0.0 ni, 57.5 id,  3.9 wa,  0.0 hi,  1.4 si,  0.0 st
%Cpu(s): 23.4 us, 11.5 sy,  0.0 ni, 62.8 id,  0.0 wa,  0.0 hi,  2.4 si,  0.0 st
%Cpu(s): 18.2 us, 12.0 sy,  0.0 ni, 67.4 id,  0.0 wa,  0.0 hi,  2.4 si,  0.0 st
%Cpu(s): 19.1 us, 13.2 sy,  0.0 ni, 67.1 id,  0.0 wa,  0.0 hi,  0.6 si,  0.0 st
%Cpu(s): 20.1 us, 12.4 sy,  0.0 ni, 67.5 id,  0.0 wa,  0.0 hi,  0.0 si,  0.0 st
%Cpu(s): 16.5 us, 12.8 sy,  0.0 ni, 68.5 id,  0.0 wa,  0.0 hi,  2.2 si,  0.0 st
%Cpu(s): 18.9 us, 11.3 sy,  0.0 ni, 67.2 id,  0.1 wa,  0.0 hi,  2.4 si,  0.0 st
%Cpu(s): 23.1 us, 11.4 sy,  0.0 ni, 63.3 id,  0.0 wa,  0.0 hi,  2.2 si,  0.0 st
%Cpu(s): 19.5 us, 12.2 sy,  0.0 ni, 66.4 id,  0.0 wa,  0.0 hi,  1.9 si,  0.0 st
%Cpu(s): 19.0 us, 13.0 sy,  0.0 ni, 65.8 id,  0.0 wa,  0.0 hi,  2.3 si,  0.0 st
%Cpu(s): 19.3 us, 11.6 sy,  0.0 ni, 66.3 id,  0.0 wa,  0.0 hi,  2.8 si,  0.0 st
%Cpu(s): 19.8 us, 12.8 sy,  0.0 ni, 65.0 id,  0.1 wa,  0.0 hi,  2.3 si,  0.0 st
%Cpu(s): 18.9 us, 13.5 sy,  0.0 ni, 65.8 id,  0.0 wa,  0.0 hi,  1.8 si,  0.0 st
%Cpu(s): 21.5 us, 12.8 sy,  0.0 ni, 63.3 id,  0.0 wa,  0.0 hi,  2.4 si,  0.0 st
%Cpu(s): 19.6 us, 13.3 sy,  0.0 ni, 64.9 id,  0.0 wa,  0.0 hi,  2.2 si,  0.0 st
%Cpu(s): 20.1 us, 13.5 sy,  0.0 ni, 64.0 id,  0.0 wa,  0.0 hi,  2.4 si,  0.0 st
%Cpu(s): 20.3 us, 14.7 sy,  0.0 ni, 62.3 id,  0.1 wa,  0.0 hi,  2.6 si,  0.0 st
%Cpu(s): 21.2 us, 14.0 sy,  0.0 ni, 62.6 id,  0.0 wa,  0.0 hi,  2.3 si,  0.0 st
%Cpu(s): 20.4 us, 13.9 sy,  0.0 ni, 63.3 id,  0.0 wa,  0.0 hi,  2.4 si,  0.0 st
%Cpu(s): 19.0 us, 14.7 sy,  0.0 ni, 63.8 id,  0.0 wa,  0.0 hi,  2.4 si,  0.0 st
%Cpu(s): 18.9 us, 13.0 sy,  0.0 ni, 65.9 id,  0.0 wa,  0.0 hi,  2.2 si,  0.0 st
%Cpu(s): 19.6 us, 12.8 sy,  0.0 ni, 64.9 id,  0.1 wa,  0.0 hi,  2.6 si,  0.0 st
%Cpu(s): 20.7 us, 13.8 sy,  0.0 ni, 63.1 id,  0.0 wa,  0.0 hi,  2.4 si,  0.0 st
%Cpu(s): 21.2 us, 12.2 sy,  0.0 ni, 64.6 id,  0.0 wa,  0.0 hi,  1.9 si,  0.0 st
%Cpu(s): 11.0 us,  8.4 sy,  0.0 ni, 78.4 id,  0.0 wa,  0.0 hi,  2.2 si,  0.0 st
%Cpu(s):  6.8 us,  5.9 sy,  0.0 ni, 85.6 id,  0.0 wa,  0.0 hi,  1.6 si,  0.0 st
%Cpu(s):  6.5 us,  6.2 sy,  0.0 ni, 85.3 id,  0.0 wa,  0.0 hi,  2.0 si,  0.0 st
%Cpu(s):  6.3 us,  5.6 sy,  0.0 ni, 85.9 id,  0.0 wa,  0.0 hi,  2.0 si,  0.1 st
%Cpu(s):  6.5 us,  6.5 sy,  0.0 ni, 85.6 id,  0.0 wa,  0.0 hi,  1.3 si,  0.0 st
%Cpu(s):  6.1 us,  5.2 sy,  0.0 ni, 86.7 id,  0.0 wa,  0.0 hi,  2.0 si,  0.0 st
%Cpu(s):  6.5 us,  6.5 sy,  0.0 ni, 83.2 id,  2.5 wa,  0.0 hi,  1.3 si,  0.0 st
%Cpu(s):  5.9 us,  6.4 sy,  0.0 ni, 87.5 id,  0.0 wa,  0.0 hi,  0.3 si,  0.0 st
%Cpu(s):  5.6 us,  5.3 sy,  0.0 ni, 89.1 id,  0.0 wa,  0.0 hi,  0.0 si,  0.0 st
%Cpu(s):  4.3 us,  4.8 sy,  0.0 ni, 90.6 id,  0.0 wa,  0.0 hi,  0.3 si,  0.0 st
%Cpu(s):  5.0 us,  4.6 sy,  0.0 ni, 90.4 id,  0.0 wa,  0.0 hi,  0.0 si,  0.0 st
%Cpu(s):  4.9 us,  4.7 sy,  0.0 ni, 90.0 id,  0.1 wa,  0.0 hi,  0.3 si,  0.0 st
%Cpu(s):  3.1 us,  3.6 sy,  0.0 ni, 93.1 id,  0.0 wa,  0.0 hi,  0.1 si,  0.1 st
%Cpu(s):  3.5 us,  2.5 sy,  0.0 ni, 93.8 id,  0.0 wa,  0.0 hi,  0.1 si,  0.0 st
%Cpu(s):  2.4 us,  2.5 sy,  0.0 ni, 95.1 id,  0.0 wa,  0.0 hi,  0.0 si,  0.0 st
%Cpu(s):  2.0 us,  1.2 sy,  0.0 ni, 96.8 id,  0.0 wa,  0.0 hi,  0.0 si,  0.0 st
%Cpu(s):  1.6 us,  0.9 sy,  0.0 ni, 97.5 id,  0.0 wa,  0.0 hi,  0.0 si,  0.0 st
%Cpu(s):  2.3 us,  1.4 sy,  0.0 ni, 96.2 id,  0.0 wa,  0.0 hi,  0.1 si,  0.0 st
%Cpu(s):  0.4 us,  0.2 sy,  0.0 ni, 99.4 id,  0.0 wa,  0.0 hi,  0.0 si,  0.0 st
%Cpu(s):  0.1 us,  0.2 sy,  0.0 ni, 99.6 id,  0.0 wa,  0.0 hi,  0.0 si,  0.0 st
%Cpu(s):  0.2 us,  0.0 sy,  0.0 ni, 99.8 id,  0.0 wa,  0.0 hi,  0.0 si,  0.0 st
%Cpu(s):  0.5 us,  0.2 sy,  0.0 ni, 99.3 id,  0.0 wa,  0.0 hi,  0.0 si,  0.0 st
