%Cpu(s):  1.6 us,  0.7 sy,  0.0 ni, 97.6 id,  0.0 wa,  0.0 hi,  0.1 si,  0.1 st
%Cpu(s): 21.4 us,  0.7 sy,  0.0 ni, 77.7 id,  0.0 wa,  0.0 hi,  0.0 si,  0.1 st
%Cpu(s):  0.5 us,  0.1 sy,  0.0 ni, 99.4 id,  0.0 wa,  0.0 hi,  0.0 si,  0.0 st
%Cpu(s):  0.1 us,  0.1 sy,  0.0 ni, 99.8 id,  0.0 wa,  0.0 hi,  0.0 si,  0.0 st
%Cpu(s): 27.5 us,  3.0 sy,  0.0 ni, 69.5 id,  0.0 wa,  0.0 hi,  0.0 si,  0.0 st
%Cpu(s): 51.1 us,  2.0 sy,  0.0 ni, 46.4 id,  0.0 wa,  0.0 hi,  0.2 si,  0.2 st
%Cpu(s): 72.7 us,  1.6 sy,  0.0 ni, 25.5 id,  0.0 wa,  0.0 hi,  0.2 si,  0.0 st
%Cpu(s): 66.0 us,  1.3 sy,  0.0 ni, 32.6 id,  0.0 wa,  0.0 hi,  0.0 si,  0.1 st
%Cpu(s): 18.6 us,  1.7 sy,  0.0 ni, 79.1 id,  0.0 wa,  0.0 hi,  0.4 si,  0.2 st
%Cpu(s): 29.6 us,  3.5 sy,  0.0 ni, 66.2 id,  0.0 wa,  0.0 hi,  0.6 si,  0.0 st
%Cpu(s): 37.0 us,  3.7 sy,  0.0 ni, 58.2 id,  0.0 wa,  0.0 hi,  1.1 si,  0.0 st
%Cpu(s): 19.0 us,  3.7 sy,  0.0 ni, 76.6 id,  0.0 wa,  0.0 hi,  0.6 si,  0.1 st
%Cpu(s): 19.2 us,  3.1 sy,  0.0 ni, 76.9 id,  0.0 wa,  0.0 hi,  0.8 si,  0.0 st
%Cpu(s): 10.0 us,  3.1 sy,  0.0 ni, 86.2 id,  0.0 wa,  0.0 hi,  0.8 si,  0.0 st
%Cpu(s):  8.8 us,  3.6 sy,  0.0 ni, 87.2 id,  0.1 wa,  0.0 hi,  0.4 si,  0.0 st
%Cpu(s):  6.8 us,  3.1 sy,  0.0 ni, 89.2 id,  0.0 wa,  0.0 hi,  0.8 si,  0.1 st
%Cpu(s):  3.7 us,  3.7 sy,  0.0 ni, 91.6 id,  0.0 wa,  0.0 hi,  0.9 si,  0.0 st
%Cpu(s):  4.8 us,  3.5 sy,  0.0 ni, 90.6 id,  0.0 wa,  0.0 hi,  1.0 si,  0.0 st
%Cpu(s): 23.1 us,  4.9 sy,  0.0 ni, 71.3 id,  0.0 wa,  0.0 hi,  0.8 si,  0.0 st
%Cpu(s):  9.2 us,  4.0 sy,  0.0 ni, 85.3 id,  0.0 wa,  0.0 hi,  1.3 si,  0.3 st
%Cpu(s):  7.8 us,  4.1 sy,  0.0 ni, 86.9 id,  0.0 wa,  0.0 hi,  1.3 si,  0.0 st
%Cpu(s):  7.6 us,  4.4 sy,  0.0 ni, 87.0 id,  0.0 wa,  0.0 hi,  1.0 si,  0.0 st
%Cpu(s):  7.3 us,  4.1 sy,  0.0 ni, 86.9 id,  0.0 wa,  0.0 hi,  1.6 si,  0.0 st
%Cpu(s): 17.4 us,  4.9 sy,  0.0 ni, 75.9 id,  0.0 wa,  0.0 hi,  1.8 si,  0.0 st
%Cpu(s): 12.2 us,  4.5 sy,  0.0 ni, 82.2 id,  0.0 wa,  0.0 hi,  1.0 si,  0.0 st
%Cpu(s):  5.8 us,  4.4 sy,  0.0 ni, 88.5 id,  0.0 wa,  0.0 hi,  1.1 si,  0.1 st
%Cpu(s):  7.2 us,  3.6 sy,  0.0 ni, 88.3 id,  0.0 wa,  0.0 hi,  0.9 si,  0.0 st
%Cpu(s):  6.3 us,  4.8 sy,  0.0 ni, 87.5 id,  0.0 wa,  0.0 hi,  1.3 si,  0.1 st
%Cpu(s):  7.7 us,  4.4 sy,  0.0 ni, 86.8 id,  0.0 wa,  0.0 hi,  1.1 si,  0.0 st
%Cpu(s):  6.0 us,  4.8 sy,  0.0 ni, 88.1 id,  0.0 wa,  0.0 hi,  1.1 si,  0.0 st
%Cpu(s):  7.3 us,  3.8 sy,  0.0 ni, 87.6 id,  0.0 wa,  0.0 hi,  1.1 si,  0.1 st
%Cpu(s): 15.2 us,  4.6 sy,  0.0 ni, 78.8 id,  0.0 wa,  0.0 hi,  1.3 si,  0.1 st
%Cpu(s): 12.2 us,  5.2 sy,  0.0 ni, 81.3 id,  0.0 wa,  0.0 hi,  1.3 si,  0.0 st
%Cpu(s):  6.6 us,  5.2 sy,  0.0 ni, 87.3 id,  0.0 wa,  0.0 hi,  0.9 si,  0.0 st
%Cpu(s):  6.4 us,  4.1 sy,  0.0 ni, 88.5 id,  0.0 wa,  0.0 hi,  1.0 si,  0.0 st
%Cpu(s):  6.4 us,  3.9 sy,  0.0 ni, 88.1 id,  0.0 wa,  0.0 hi,  1.5 si,  0.0 st
%Cpu(s):  7.0 us,  4.9 sy,  0.0 ni, 87.1 id,  0.0 wa,  0.0 hi,  1.0 si,  0.0 st
%Cpu(s):  6.8 us,  3.9 sy,  0.0 ni, 87.8 id,  0.0 wa,  0.0 hi,  1.3 si,  0.1 st
%Cpu(s):  5.2 us,  3.4 sy,  0.0 ni, 90.1 id,  0.1 wa,  0.0 hi,  1.0 si,  0.1 st
%Cpu(s): 13.7 us,  4.7 sy,  0.0 ni, 80.7 id,  0.0 wa,  0.0 hi,  0.9 si,  0.0 st
%Cpu(s): 14.0 us,  4.4 sy,  0.0 ni, 80.6 id,  0.0 wa,  0.0 hi,  1.0 si,  0.0 st
%Cpu(s):  6.9 us,  4.7 sy,  0.0 ni, 87.5 id,  0.0 wa,  0.0 hi,  0.7 si,  0.1 st
%Cpu(s):  5.4 us,  4.2 sy,  0.0 ni, 89.1 id,  0.0 wa,  0.0 hi,  1.3 si,  0.0 st
%Cpu(s):  4.2 us,  4.2 sy,  0.0 ni, 90.5 id,  0.0 wa,  0.0 hi,  1.0 si,  0.0 st
%Cpu(s):  5.8 us,  4.1 sy,  0.0 ni, 88.8 id,  0.0 wa,  0.0 hi,  1.1 si,  0.1 st
%Cpu(s):  5.2 us,  2.6 sy,  0.0 ni, 91.4 id,  0.0 wa,  0.0 hi,  0.8 si,  0.0 st
%Cpu(s):  5.2 us,  3.4 sy,  0.0 ni, 89.8 id,  0.0 wa,  0.0 hi,  1.5 si,  0.0 st
%Cpu(s): 12.1 us,  3.3 sy,  0.0 ni, 83.7 id,  0.0 wa,  0.0 hi,  0.9 si,  0.0 st
%Cpu(s): 16.3 us,  4.4 sy,  0.0 ni, 77.8 id,  0.0 wa,  0.0 hi,  1.4 si,  0.1 st
%Cpu(s):  5.7 us,  3.4 sy,  0.0 ni, 89.7 id,  0.0 wa,  0.0 hi,  1.0 si,  0.1 st
%Cpu(s):  5.6 us,  4.3 sy,  0.0 ni, 89.0 id,  0.0 wa,  0.0 hi,  1.1 si,  0.0 st
%Cpu(s):  5.1 us,  4.3 sy,  0.0 ni, 89.3 id,  0.0 wa,  0.0 hi,  1.3 si,  0.0 st
%Cpu(s):  6.8 us,  3.9 sy,  0.0 ni, 88.0 id,  0.0 wa,  0.0 hi,  1.3 si,  0.0 st
%Cpu(s):  7.4 us,  4.2 sy,  0.0 ni, 87.5 id,  0.0 wa,  0.0 hi,  0.8 si,  0.1 st
%Cpu(s):  6.2 us,  4.1 sy,  0.0 ni, 88.4 id,  0.0 wa,  0.0 hi,  1.3 si,  0.0 st
%Cpu(s): 12.5 us,  5.1 sy,  0.0 ni, 80.9 id,  0.0 wa,  0.0 hi,  1.5 si,  0.0 st
%Cpu(s): 14.9 us,  4.3 sy,  0.0 ni, 79.8 id,  0.0 wa,  0.0 hi,  1.0 si,  0.0 st
%Cpu(s):  6.4 us,  4.1 sy,  0.0 ni, 88.5 id,  0.0 wa,  0.0 hi,  1.0 si,  0.0 st
%Cpu(s):  4.4 us,  3.4 sy,  0.0 ni, 90.8 id,  0.0 wa,  0.0 hi,  1.3 si,  0.1 st
%Cpu(s):  6.6 us,  4.0 sy,  0.0 ni, 88.3 id,  0.1 wa,  0.0 hi,  1.0 si,  0.0 st
%Cpu(s):  6.4 us,  3.8 sy,  0.0 ni, 88.6 id,  0.0 wa,  0.0 hi,  1.3 si,  0.0 st
%Cpu(s):  6.3 us,  4.9 sy,  0.0 ni, 87.6 id,  0.0 wa,  0.0 hi,  1.2 si,  0.0 st
%Cpu(s): 10.2 us,  5.1 sy,  0.0 ni, 82.5 id,  0.0 wa,  0.0 hi,  2.1 si,  0.0 st
%Cpu(s): 21.2 us,  7.8 sy,  0.0 ni, 68.3 id,  1.1 wa,  0.0 hi,  1.5 si,  0.1 st
%Cpu(s): 12.5 us,  5.5 sy,  0.0 ni, 80.4 id,  0.0 wa,  0.0 hi,  1.7 si,  0.0 st
%Cpu(s):  9.3 us,  5.5 sy,  0.0 ni, 83.2 id,  0.0 wa,  0.0 hi,  2.0 si,  0.0 st
%Cpu(s): 16.0 us,  6.4 sy,  0.0 ni, 75.9 id,  0.0 wa,  0.0 hi,  1.6 si,  0.0 st
%Cpu(s): 19.4 us,  6.1 sy,  0.0 ni, 71.3 id,  0.0 wa,  0.0 hi,  3.2 si,  0.0 st
%Cpu(s): 31.7 us,  5.5 sy,  0.0 ni, 58.7 id,  2.0 wa,  0.0 hi,  2.0 si,  0.1 st
%Cpu(s): 10.7 us,  5.3 sy,  0.0 ni, 82.2 id,  0.0 wa,  0.0 hi,  1.8 si,  0.0 st
%Cpu(s): 15.6 us,  3.4 sy,  0.0 ni, 79.4 id,  0.0 wa,  0.0 hi,  1.5 si,  0.1 st
%Cpu(s): 11.9 us,  3.4 sy,  0.0 ni, 82.9 id,  0.0 wa,  0.0 hi,  1.8 si,  0.0 st
