%Cpu(s):  1.5 us,  0.6 sy,  0.0 ni, 97.8 id,  0.0 wa,  0.0 hi,  0.1 si,  0.1 st
%Cpu(s): 29.1 us,  3.1 sy,  0.0 ni, 67.4 id,  0.0 wa,  0.0 hi,  0.2 si,  0.1 st
%Cpu(s):  9.5 us,  0.6 sy,  0.0 ni, 89.5 id,  0.1 wa,  0.0 hi,  0.0 si,  0.2 st
%Cpu(s):  1.1 us,  0.1 sy,  0.0 ni, 98.8 id,  0.0 wa,  0.0 hi,  0.0 si,  0.0 st
%Cpu(s): 13.7 us,  0.7 sy,  0.0 ni, 85.3 id,  0.0 wa,  0.0 hi,  0.1 si,  0.1 st
%Cpu(s): 37.0 us,  2.0 sy,  0.0 ni, 60.4 id,  0.0 wa,  0.0 hi,  0.5 si,  0.1 st
%Cpu(s): 38.9 us,  3.1 sy,  0.0 ni, 57.1 id,  0.0 wa,  0.0 hi,  0.7 si,  0.1 st
%Cpu(s): 15.7 us,  2.9 sy,  0.0 ni, 80.5 id,  0.0 wa,  0.0 hi,  0.6 si,  0.3 st
%Cpu(s): 15.8 us,  3.3 sy,  0.0 ni, 79.5 id,  0.0 wa,  0.0 hi,  1.4 si,  0.0 st
%Cpu(s):  8.8 us,  2.9 sy,  0.0 ni, 87.5 id,  0.0 wa,  0.0 hi,  0.5 si,  0.3 st
%Cpu(s):  9.6 us,  2.4 sy,  0.0 ni, 87.3 id,  0.0 wa,  0.0 hi,  0.5 si,  0.1 st
%Cpu(s):  6.1 us,  2.9 sy,  0.0 ni, 90.2 id,  0.0 wa,  0.0 hi,  0.6 si,  0.2 st
%Cpu(s):  6.5 us,  2.0 sy,  0.0 ni, 91.0 id,  0.0 wa,  0.0 hi,  0.4 si,  0.1 st
%Cpu(s):  5.3 us,  2.5 sy,  0.0 ni, 91.5 id,  0.0 wa,  0.0 hi,  0.5 si,  0.3 st
%Cpu(s):  4.2 us,  2.3 sy,  0.0 ni, 92.8 id,  0.0 wa,  0.0 hi,  0.5 si,  0.3 st
%Cpu(s):  5.4 us,  2.4 sy,  0.0 ni, 91.3 id,  0.0 wa,  0.0 hi,  0.8 si,  0.1 st
%Cpu(s):  5.5 us,  2.6 sy,  0.0 ni, 91.1 id,  0.0 wa,  0.0 hi,  0.5 si,  0.3 st
%Cpu(s):  4.1 us,  2.3 sy,  0.0 ni, 92.5 id,  0.0 wa,  0.0 hi,  0.9 si,  0.3 st
%Cpu(s):  6.9 us,  2.3 sy,  0.0 ni, 90.3 id,  0.0 wa,  0.0 hi,  0.4 si,  0.1 st
%Cpu(s):  5.6 us,  2.1 sy,  0.0 ni, 91.4 id,  0.0 wa,  0.0 hi,  0.7 si,  0.1 st
%Cpu(s):  5.6 us,  1.8 sy,  0.0 ni, 91.7 id,  0.0 wa,  0.0 hi,  0.8 si,  0.1 st
%Cpu(s):  5.6 us,  2.6 sy,  0.0 ni, 91.2 id,  0.0 wa,  0.0 hi,  0.5 si,  0.1 st
%Cpu(s):  4.2 us,  2.0 sy,  0.0 ni, 92.8 id,  0.0 wa,  0.0 hi,  0.8 si,  0.3 st
%Cpu(s):  4.7 us,  2.6 sy,  0.0 ni, 91.9 id,  0.0 wa,  0.0 hi,  0.6 si,  0.1 st
%Cpu(s):  5.8 us,  2.9 sy,  0.0 ni, 90.2 id,  0.1 wa,  0.0 hi,  0.6 si,  0.4 st
%Cpu(s):  5.1 us,  2.5 sy,  0.0 ni, 91.5 id,  0.0 wa,  0.0 hi,  0.8 si,  0.1 st
%Cpu(s):  4.3 us,  2.9 sy,  0.0 ni, 91.9 id,  0.0 wa,  0.0 hi,  0.9 si,  0.1 st
%Cpu(s):  3.7 us,  2.4 sy,  0.0 ni, 93.3 id,  0.0 wa,  0.0 hi,  0.4 si,  0.3 st
%Cpu(s):  4.0 us,  2.8 sy,  0.0 ni, 92.6 id,  0.0 wa,  0.0 hi,  0.5 si,  0.1 st
%Cpu(s):  4.4 us,  2.5 sy,  0.0 ni, 92.3 id,  0.0 wa,  0.0 hi,  0.6 si,  0.1 st
%Cpu(s):  4.0 us,  3.0 sy,  0.0 ni, 92.4 id,  0.0 wa,  0.0 hi,  0.4 si,  0.1 st
%Cpu(s):  4.3 us,  2.3 sy,  0.0 ni, 92.8 id,  0.0 wa,  0.0 hi,  0.5 si,  0.1 st
%Cpu(s):  5.3 us,  2.3 sy,  0.0 ni, 91.8 id,  0.0 wa,  0.0 hi,  0.5 si,  0.1 st
%Cpu(s):  4.2 us,  2.5 sy,  0.0 ni, 92.5 id,  0.0 wa,  0.0 hi,  0.6 si,  0.1 st
%Cpu(s):  2.8 us,  2.5 sy,  0.0 ni, 94.0 id,  0.0 wa,  0.0 hi,  0.5 si,  0.1 st
%Cpu(s):  4.4 us,  2.0 sy,  0.0 ni, 93.0 id,  0.0 wa,  0.0 hi,  0.5 si,  0.1 st
%Cpu(s):  4.7 us,  2.4 sy,  0.0 ni, 92.3 id,  0.0 wa,  0.0 hi,  0.5 si,  0.1 st
%Cpu(s):  3.8 us,  2.1 sy,  0.0 ni, 93.3 id,  0.0 wa,  0.0 hi,  0.6 si,  0.1 st
%Cpu(s):  4.7 us,  2.0 sy,  0.0 ni, 92.7 id,  0.0 wa,  0.0 hi,  0.4 si,  0.2 st
%Cpu(s):  3.9 us,  2.4 sy,  0.0 ni, 93.3 id,  0.0 wa,  0.0 hi,  0.4 si,  0.0 st
%Cpu(s):  6.2 us,  2.9 sy,  0.0 ni, 90.0 id,  0.0 wa,  0.0 hi,  0.6 si,  0.2 st
%Cpu(s):  3.9 us,  2.1 sy,  0.0 ni, 93.2 id,  0.0 wa,  0.0 hi,  0.6 si,  0.1 st
%Cpu(s):  4.3 us,  2.4 sy,  0.0 ni, 92.7 id,  0.0 wa,  0.0 hi,  0.5 si,  0.1 st
%Cpu(s):  4.5 us,  2.0 sy,  0.0 ni, 92.9 id,  0.0 wa,  0.0 hi,  0.3 si,  0.3 st
%Cpu(s):  3.8 us,  1.8 sy,  0.0 ni, 93.5 id,  0.0 wa,  0.0 hi,  0.6 si,  0.3 st
%Cpu(s):  4.1 us,  2.5 sy,  0.0 ni, 92.6 id,  0.0 wa,  0.0 hi,  0.8 si,  0.0 st
%Cpu(s):  4.4 us,  2.1 sy,  0.0 ni, 93.1 id,  0.0 wa,  0.0 hi,  0.4 si,  0.0 st
%Cpu(s):  4.5 us,  2.7 sy,  0.0 ni, 92.1 id,  0.0 wa,  0.0 hi,  0.4 si,  0.2 st
%Cpu(s):  3.6 us,  2.6 sy,  0.0 ni, 93.2 id,  0.0 wa,  0.0 hi,  0.5 si,  0.0 st
%Cpu(s):  4.1 us,  3.2 sy,  0.0 ni, 92.0 id,  0.0 wa,  0.0 hi,  0.5 si,  0.1 st
%Cpu(s):  3.8 us,  2.6 sy,  0.0 ni, 92.7 id,  0.0 wa,  0.0 hi,  0.8 si,  0.1 st
%Cpu(s):  4.7 us,  3.3 sy,  0.0 ni, 91.2 id,  0.0 wa,  0.0 hi,  0.6 si,  0.1 st
%Cpu(s):  4.0 us,  3.2 sy,  0.0 ni, 91.8 id,  0.0 wa,  0.0 hi,  0.9 si,  0.1 st
%Cpu(s):  4.2 us,  2.0 sy,  0.0 ni, 93.3 id,  0.0 wa,  0.0 hi,  0.4 si,  0.1 st
%Cpu(s):  4.1 us,  3.7 sy,  0.0 ni, 91.2 id,  0.0 wa,  0.0 hi,  0.9 si,  0.1 st
%Cpu(s):  4.0 us,  2.9 sy,  0.0 ni, 92.4 id,  0.0 wa,  0.0 hi,  0.4 si,  0.3 st
%Cpu(s):  4.1 us,  2.2 sy,  0.0 ni, 93.1 id,  0.0 wa,  0.0 hi,  0.5 si,  0.1 st
%Cpu(s):  4.5 us,  3.2 sy,  0.0 ni, 91.6 id,  0.0 wa,  0.0 hi,  0.5 si,  0.1 st
%Cpu(s):  4.4 us,  3.1 sy,  0.0 ni, 91.7 id,  0.0 wa,  0.0 hi,  0.6 si,  0.1 st
%Cpu(s):  4.4 us,  2.9 sy,  0.0 ni, 92.1 id,  0.0 wa,  0.0 hi,  0.5 si,  0.1 st
%Cpu(s):  4.2 us,  2.8 sy,  0.0 ni, 92.6 id,  0.0 wa,  0.0 hi,  0.4 si,  0.1 st
%Cpu(s):  5.1 us,  2.4 sy,  0.0 ni, 91.5 id,  0.0 wa,  0.0 hi,  0.8 si,  0.3 st
%Cpu(s):  0.8 us,  0.9 sy,  0.0 ni, 98.1 id,  0.0 wa,  0.0 hi,  0.1 si,  0.1 st
%Cpu(s):  0.5 us,  0.5 sy,  0.0 ni, 98.8 id,  0.0 wa,  0.0 hi,  0.0 si,  0.2 st
%Cpu(s):  0.7 us,  0.4 sy,  0.0 ni, 98.4 id,  0.0 wa,  0.0 hi,  0.0 si,  0.5 st
%Cpu(s):  0.5 us,  0.5 sy,  0.0 ni, 98.8 id,  0.0 wa,  0.0 hi,  0.0 si,  0.2 st
%Cpu(s):  0.7 us,  0.5 sy,  0.0 ni, 98.5 id,  0.0 wa,  0.0 hi,  0.0 si,  0.2 st
