%Cpu(s):  2.2 us,  1.2 sy,  0.0 ni, 96.5 id,  0.0 wa,  0.0 hi,  0.1 si,  0.0 st
%Cpu(s):  0.2 us,  0.0 sy,  0.0 ni, 99.8 id,  0.0 wa,  0.0 hi,  0.0 si,  0.0 st
%Cpu(s):  0.1 us,  0.1 sy,  0.0 ni, 99.9 id,  0.0 wa,  0.0 hi,  0.0 si,  0.0 st
%Cpu(s):  0.1 us,  0.0 sy,  0.0 ni, 99.9 id,  0.0 wa,  0.0 hi,  0.0 si,  0.0 st
%Cpu(s):  0.0 us,  0.1 sy,  0.0 ni, 99.9 id,  0.0 wa,  0.0 hi,  0.0 si,  0.0 st
%Cpu(s):  0.1 us,  0.0 sy,  0.0 ni, 99.9 id,  0.0 wa,  0.0 hi,  0.0 si,  0.0 st
%Cpu(s):  5.3 us,  0.3 sy,  0.0 ni, 94.3 id,  0.0 wa,  0.0 hi,  0.0 si,  0.1 st
%Cpu(s):  5.7 us,  0.1 sy,  0.0 ni, 94.2 id,  0.0 wa,  0.0 hi,  0.0 si,  0.1 st
%Cpu(s):  0.4 us,  0.1 sy,  0.0 ni, 99.6 id,  0.0 wa,  0.0 hi,  0.0 si,  0.0 st
%Cpu(s):  0.5 us,  0.1 sy,  0.0 ni, 99.4 id,  0.0 wa,  0.0 hi,  0.0 si,  0.0 st
%Cpu(s):  0.4 us,  0.1 sy,  0.0 ni, 99.5 id,  0.0 wa,  0.0 hi,  0.0 si,  0.0 st
%Cpu(s):  0.7 us,  0.1 sy,  0.0 ni, 99.1 id,  0.0 wa,  0.0 hi,  0.0 si,  0.0 st
%Cpu(s):  0.3 us,  0.0 sy,  0.0 ni, 99.6 id,  0.0 wa,  0.0 hi,  0.0 si,  0.1 st
%Cpu(s):  0.2 us,  0.1 sy,  0.0 ni, 99.6 id,  0.0 wa,  0.0 hi,  0.0 si,  0.0 st
%Cpu(s): 26.0 us,  3.0 sy,  0.0 ni, 70.2 id,  0.1 wa,  0.0 hi,  0.7 si,  0.0 st
%Cpu(s): 60.9 us,  8.0 sy,  0.0 ni, 29.9 id,  0.0 wa,  0.0 hi,  1.1 si,  0.0 st
%Cpu(s): 27.8 us,  9.0 sy,  0.0 ni, 62.1 id,  0.0 wa,  0.0 hi,  1.1 si,  0.0 st
%Cpu(s): 15.5 us,  9.1 sy,  0.0 ni, 74.3 id,  0.0 wa,  0.0 hi,  1.1 si,  0.0 st
%Cpu(s): 16.5 us,  9.9 sy,  0.0 ni, 72.1 id,  0.1 wa,  0.0 hi,  1.3 si,  0.2 st
%Cpu(s): 16.3 us,  9.6 sy,  0.0 ni, 73.6 id,  0.0 wa,  0.0 hi,  0.6 si,  0.0 st
%Cpu(s): 16.1 us,  8.5 sy,  0.0 ni, 75.2 id,  0.0 wa,  0.0 hi,  0.1 si,  0.0 st
%Cpu(s): 14.6 us,  9.5 sy,  0.0 ni, 75.7 id,  0.0 wa,  0.0 hi,  0.2 si,  0.1 st
%Cpu(s): 13.3 us,  8.5 sy,  0.0 ni, 77.1 id,  0.0 wa,  0.0 hi,  1.1 si,  0.0 st
%Cpu(s): 11.5 us,  6.5 sy,  0.0 ni, 81.6 id,  0.0 wa,  0.0 hi,  0.4 si,  0.1 st
%Cpu(s): 13.2 us,  7.0 sy,  0.0 ni, 79.4 id,  0.0 wa,  0.0 hi,  0.4 si,  0.1 st
%Cpu(s): 13.4 us,  7.4 sy,  0.0 ni, 77.7 id,  1.0 wa,  0.0 hi,  0.5 si,  0.1 st
%Cpu(s): 13.4 us,  8.3 sy,  0.0 ni, 77.5 id,  0.0 wa,  0.0 hi,  0.9 si,  0.0 st
%Cpu(s): 14.2 us,  9.0 sy,  0.0 ni, 76.8 id,  0.0 wa,  0.0 hi,  0.0 si,  0.0 st
%Cpu(s): 13.3 us,  8.5 sy,  0.0 ni, 78.2 id,  0.0 wa,  0.0 hi,  0.0 si,  0.0 st
%Cpu(s): 13.4 us,  8.7 sy,  0.0 ni, 77.5 id,  0.0 wa,  0.0 hi,  0.4 si,  0.0 st
%Cpu(s): 14.6 us, 11.1 sy,  0.0 ni, 74.3 id,  0.0 wa,  0.0 hi,  0.0 si,  0.0 st
%Cpu(s): 14.7 us, 10.8 sy,  0.0 ni, 74.1 id,  0.1 wa,  0.0 hi,  0.3 si,  0.1 st
%Cpu(s): 11.6 us,  8.7 sy,  0.0 ni, 79.3 id,  0.1 wa,  0.0 hi,  0.3 si,  0.0 st
%Cpu(s): 11.9 us,  9.2 sy,  0.0 ni, 78.7 id,  0.0 wa,  0.0 hi,  0.1 si,  0.0 st
%Cpu(s): 13.7 us, 12.0 sy,  0.0 ni, 74.1 id,  0.0 wa,  0.0 hi,  0.1 si,  0.1 st
%Cpu(s): 12.3 us,  9.6 sy,  0.0 ni, 77.5 id,  0.0 wa,  0.0 hi,  0.6 si,  0.1 st
%Cpu(s): 25.6 us, 11.3 sy,  0.0 ni, 62.3 id,  0.0 wa,  0.0 hi,  0.7 si,  0.1 st
%Cpu(s): 16.5 us, 12.9 sy,  0.0 ni, 70.4 id,  0.0 wa,  0.0 hi,  0.2 si,  0.0 st
%Cpu(s): 14.3 us,  9.1 sy,  0.0 ni, 76.6 id,  0.0 wa,  0.0 hi,  0.0 si,  0.1 st
%Cpu(s): 14.6 us,  8.7 sy,  0.0 ni, 76.5 id,  0.0 wa,  0.0 hi,  0.3 si,  0.0 st
%Cpu(s): 16.1 us, 11.6 sy,  0.0 ni, 71.3 id,  0.0 wa,  0.0 hi,  1.0 si,  0.1 st
%Cpu(s): 12.7 us,  8.0 sy,  0.0 ni, 79.0 id,  0.0 wa,  0.0 hi,  0.3 si,  0.0 st
%Cpu(s): 13.3 us,  7.5 sy,  0.0 ni, 78.8 id,  0.1 wa,  0.0 hi,  0.3 si,  0.1 st
%Cpu(s): 14.0 us,  8.5 sy,  0.0 ni, 77.3 id,  0.0 wa,  0.0 hi,  0.3 si,  0.0 st
%Cpu(s): 14.8 us,  9.0 sy,  0.0 ni, 75.8 id,  0.0 wa,  0.0 hi,  0.3 si,  0.1 st
%Cpu(s): 15.7 us, 10.3 sy,  0.0 ni, 73.8 id,  0.0 wa,  0.0 hi,  0.2 si,  0.0 st
%Cpu(s): 14.1 us,  8.8 sy,  0.0 ni, 76.8 id,  0.0 wa,  0.0 hi,  0.3 si,  0.1 st
%Cpu(s): 12.7 us,  8.8 sy,  0.0 ni, 78.0 id,  0.1 wa,  0.0 hi,  0.4 si,  0.0 st
%Cpu(s): 13.3 us, 10.1 sy,  0.0 ni, 76.2 id,  0.0 wa,  0.0 hi,  0.1 si,  0.3 st
%Cpu(s): 14.9 us,  9.8 sy,  0.0 ni, 75.1 id,  0.0 wa,  0.0 hi,  0.0 si,  0.2 st
%Cpu(s): 13.8 us, 11.3 sy,  0.0 ni, 73.0 id,  1.5 wa,  0.0 hi,  0.4 si,  0.1 st
%Cpu(s): 17.2 us, 13.7 sy,  0.0 ni, 69.1 id,  0.0 wa,  0.0 hi,  0.1 si,  0.0 st
%Cpu(s): 15.0 us, 10.8 sy,  0.0 ni, 72.8 id,  0.1 wa,  0.0 hi,  1.3 si,  0.1 st
%Cpu(s): 13.2 us,  8.7 sy,  0.0 ni, 77.8 id,  0.0 wa,  0.0 hi,  0.3 si,  0.0 st
%Cpu(s): 15.6 us,  8.0 sy,  0.0 ni, 76.1 id,  0.0 wa,  0.0 hi,  0.3 si,  0.0 st
%Cpu(s): 14.7 us, 10.3 sy,  0.0 ni, 74.1 id,  0.9 wa,  0.0 hi,  0.0 si,  0.0 st
%Cpu(s): 11.9 us,  7.8 sy,  0.0 ni, 80.3 id,  0.0 wa,  0.0 hi,  0.0 si,  0.0 st
%Cpu(s): 14.7 us,  8.0 sy,  0.0 ni, 77.1 id,  0.0 wa,  0.0 hi,  0.3 si,  0.0 st
%Cpu(s): 14.5 us,  8.8 sy,  0.0 ni, 76.4 id,  0.0 wa,  0.0 hi,  0.3 si,  0.1 st
%Cpu(s): 10.7 us,  7.0 sy,  0.0 ni, 81.8 id,  0.0 wa,  0.0 hi,  0.5 si,  0.1 st
%Cpu(s): 11.9 us,  7.2 sy,  0.0 ni, 80.6 id,  0.0 wa,  0.0 hi,  0.3 si,  0.0 st
%Cpu(s): 11.9 us,  7.8 sy,  0.0 ni, 80.0 id,  0.0 wa,  0.0 hi,  0.3 si,  0.0 st
%Cpu(s): 11.1 us,  6.9 sy,  0.0 ni, 81.4 id,  0.1 wa,  0.0 hi,  0.3 si,  0.1 st
%Cpu(s): 11.4 us,  7.6 sy,  0.0 ni, 80.7 id,  0.0 wa,  0.0 hi,  0.3 si,  0.1 st
%Cpu(s): 11.5 us,  8.0 sy,  0.0 ni, 80.2 id,  0.0 wa,  0.0 hi,  0.3 si,  0.0 st
%Cpu(s): 13.3 us,  8.6 sy,  0.0 ni, 77.8 id,  0.0 wa,  0.0 hi,  0.4 si,  0.0 st
%Cpu(s): 14.1 us,  7.7 sy,  0.0 ni, 77.9 id,  0.0 wa,  0.0 hi,  0.3 si,  0.1 st
%Cpu(s): 16.4 us, 10.0 sy,  0.0 ni, 72.5 id,  0.1 wa,  0.0 hi,  0.9 si,  0.1 st
%Cpu(s): 15.5 us, 10.6 sy,  0.0 ni, 73.9 id,  0.0 wa,  0.0 hi,  0.0 si,  0.1 st
%Cpu(s): 15.9 us,  9.9 sy,  0.0 ni, 74.2 id,  0.0 wa,  0.0 hi,  0.0 si,  0.0 st
%Cpu(s): 15.4 us,  9.2 sy,  0.0 ni, 75.2 id,  0.0 wa,  0.0 hi,  0.2 si,  0.0 st
%Cpu(s): 10.5 us,  8.0 sy,  0.0 ni, 81.1 id,  0.0 wa,  0.0 hi,  0.3 si,  0.0 st
%Cpu(s): 11.8 us,  7.9 sy,  0.0 ni, 79.8 id,  0.0 wa,  0.0 hi,  0.4 si,  0.0 st
%Cpu(s): 13.1 us,  7.7 sy,  0.0 ni, 78.8 id,  0.0 wa,  0.0 hi,  0.4 si,  0.0 st
%Cpu(s): 12.2 us,  8.1 sy,  0.0 ni, 77.8 id,  0.0 wa,  0.0 hi,  1.8 si,  0.0 st
%Cpu(s): 11.6 us,  8.6 sy,  0.0 ni, 78.0 id,  0.0 wa,  0.0 hi,  1.8 si,  0.0 st
