%Cpu(s):  2.9 us,  1.9 sy,  0.0 ni, 95.0 id,  0.0 wa,  0.0 hi,  0.3 si,  0.0 st
%Cpu(s):  0.2 us,  0.1 sy,  0.0 ni, 99.6 id,  0.0 wa,  0.0 hi,  0.0 si,  0.0 st
%Cpu(s):  0.0 us,  0.2 sy,  0.0 ni, 99.8 id,  0.0 wa,  0.0 hi,  0.0 si,  0.0 st
%Cpu(s):  0.1 us,  0.1 sy,  0.0 ni, 99.8 id,  0.0 wa,  0.0 hi,  0.0 si,  0.0 st
%Cpu(s): 15.2 us,  1.5 sy,  0.0 ni, 82.9 id,  0.0 wa,  0.0 hi,  0.2 si,  0.1 st
%Cpu(s): 56.5 us,  7.1 sy,  0.0 ni, 35.6 id,  0.0 wa,  0.0 hi,  0.8 si,  0.0 st
%Cpu(s): 54.4 us,  9.3 sy,  0.0 ni, 35.0 id,  0.0 wa,  0.0 hi,  1.4 si,  0.0 st
%Cpu(s): 29.5 us,  8.3 sy,  0.0 ni, 61.6 id,  0.0 wa,  0.0 hi,  0.6 si,  0.0 st
%Cpu(s): 29.9 us,  9.7 sy,  0.0 ni, 59.5 id,  0.0 wa,  0.0 hi,  0.9 si,  0.0 st
%Cpu(s): 31.5 us, 11.3 sy,  0.0 ni, 55.5 id,  0.0 wa,  0.0 hi,  1.6 si,  0.0 st
%Cpu(s): 15.8 us, 11.9 sy,  0.0 ni, 70.4 id,  0.0 wa,  0.0 hi,  2.0 si,  0.0 st
%Cpu(s): 16.3 us, 13.5 sy,  0.0 ni, 67.8 id,  0.0 wa,  0.0 hi,  2.4 si,  0.0 st
%Cpu(s): 17.4 us, 11.9 sy,  0.0 ni, 67.7 id,  0.0 wa,  0.0 hi,  3.0 si,  0.0 st
%Cpu(s): 15.4 us, 11.1 sy,  0.0 ni, 70.8 id,  0.0 wa,  0.0 hi,  2.7 si,  0.0 st
%Cpu(s): 17.7 us, 11.7 sy,  0.0 ni, 68.0 id,  0.0 wa,  0.0 hi,  2.6 si,  0.0 st
%Cpu(s): 16.0 us, 12.4 sy,  0.0 ni, 68.8 id,  0.0 wa,  0.0 hi,  2.8 si,  0.0 st
%Cpu(s): 15.5 us, 11.7 sy,  0.0 ni, 70.2 id,  0.0 wa,  0.0 hi,  2.6 si,  0.0 st
%Cpu(s): 18.0 us, 11.5 sy,  0.0 ni, 68.0 id,  0.0 wa,  0.0 hi,  2.5 si,  0.0 st
%Cpu(s): 16.1 us, 12.2 sy,  0.0 ni, 68.9 id,  0.0 wa,  0.0 hi,  2.8 si,  0.0 st
%Cpu(s): 15.5 us, 12.2 sy,  0.0 ni, 69.7 id,  0.0 wa,  0.0 hi,  2.5 si,  0.0 st
%Cpu(s): 15.8 us, 11.9 sy,  0.0 ni, 69.9 id,  0.0 wa,  0.0 hi,  2.3 si,  0.0 st
%Cpu(s): 15.5 us, 12.1 sy,  0.0 ni, 69.5 id,  0.0 wa,  0.0 hi,  2.9 si,  0.0 st
%Cpu(s): 15.2 us, 12.3 sy,  0.0 ni, 69.5 id,  0.0 wa,  0.0 hi,  3.0 si,  0.0 st
%Cpu(s): 17.0 us, 12.1 sy,  0.0 ni, 68.4 id,  0.0 wa,  0.0 hi,  2.5 si,  0.0 st
%Cpu(s): 16.1 us, 13.5 sy,  0.0 ni, 69.0 id,  0.0 wa,  0.0 hi,  1.4 si,  0.0 st
%Cpu(s): 17.0 us, 12.2 sy,  0.0 ni, 68.7 id,  0.0 wa,  0.0 hi,  2.2 si,  0.0 st
%Cpu(s): 15.9 us, 10.4 sy,  0.0 ni, 71.4 id,  0.0 wa,  0.0 hi,  2.3 si,  0.0 st
%Cpu(s): 16.3 us, 11.1 sy,  0.0 ni, 70.1 id,  0.0 wa,  0.0 hi,  2.5 si,  0.0 st
%Cpu(s): 15.7 us, 11.8 sy,  0.0 ni, 70.0 id,  0.0 wa,  0.0 hi,  2.5 si,  0.0 st
%Cpu(s): 15.5 us, 12.5 sy,  0.0 ni, 69.8 id,  0.0 wa,  0.0 hi,  2.2 si,  0.0 st
%Cpu(s): 15.1 us, 12.2 sy,  0.0 ni, 70.0 id,  0.0 wa,  0.0 hi,  2.6 si,  0.0 st
%Cpu(s): 16.0 us, 11.6 sy,  0.0 ni, 70.0 id,  0.0 wa,  0.0 hi,  2.4 si,  0.1 st
%Cpu(s): 15.5 us, 12.5 sy,  0.0 ni, 69.4 id,  0.0 wa,  0.0 hi,  2.5 si,  0.0 st
%Cpu(s): 16.0 us, 12.9 sy,  0.0 ni, 68.9 id,  0.0 wa,  0.0 hi,  2.2 si,  0.0 st
%Cpu(s): 16.2 us, 13.8 sy,  0.0 ni, 68.3 id,  1.3 wa,  0.0 hi,  0.4 si,  0.0 st
%Cpu(s): 15.4 us, 13.0 sy,  0.0 ni, 68.9 id,  0.0 wa,  0.0 hi,  2.8 si,  0.0 st
%Cpu(s): 19.2 us, 10.9 sy,  0.0 ni, 67.3 id,  0.0 wa,  0.0 hi,  2.6 si,  0.0 st
%Cpu(s): 15.8 us, 12.0 sy,  0.0 ni, 69.9 id,  0.0 wa,  0.0 hi,  2.4 si,  0.0 st
%Cpu(s): 34.6 us, 11.5 sy,  0.0 ni, 51.5 id,  0.0 wa,  0.0 hi,  2.4 si,  0.0 st
%Cpu(s): 15.6 us, 11.9 sy,  0.0 ni, 70.0 id,  0.0 wa,  0.0 hi,  2.5 si,  0.0 st
%Cpu(s): 16.5 us, 12.6 sy,  0.0 ni, 68.7 id,  0.0 wa,  0.0 hi,  2.3 si,  0.0 st
%Cpu(s): 15.8 us, 12.9 sy,  0.0 ni, 68.7 id,  0.0 wa,  0.0 hi,  2.6 si,  0.0 st
%Cpu(s): 15.4 us, 11.8 sy,  0.0 ni, 70.4 id,  0.0 wa,  0.0 hi,  2.4 si,  0.0 st
%Cpu(s): 15.4 us, 11.3 sy,  0.0 ni, 70.4 id,  0.0 wa,  0.0 hi,  2.9 si,  0.0 st
%Cpu(s): 15.1 us, 10.5 sy,  0.0 ni, 71.9 id,  0.0 wa,  0.0 hi,  2.5 si,  0.0 st
%Cpu(s): 15.9 us, 11.9 sy,  0.0 ni, 71.9 id,  0.0 wa,  0.0 hi,  0.4 si,  0.0 st
%Cpu(s): 15.0 us, 12.4 sy,  0.0 ni, 71.5 id,  0.0 wa,  0.0 hi,  1.0 si,  0.0 st
%Cpu(s): 15.4 us, 12.8 sy,  0.0 ni, 70.4 id,  0.0 wa,  0.0 hi,  1.4 si,  0.0 st
%Cpu(s): 16.4 us, 11.9 sy,  0.0 ni, 70.8 id,  0.0 wa,  0.0 hi,  0.9 si,  0.0 st
%Cpu(s): 14.2 us, 11.7 sy,  0.0 ni, 72.7 id,  0.0 wa,  0.0 hi,  1.3 si,  0.0 st
%Cpu(s): 16.1 us, 12.0 sy,  0.0 ni, 71.2 id,  0.0 wa,  0.0 hi,  0.8 si,  0.0 st
%Cpu(s): 15.2 us, 12.6 sy,  0.0 ni, 71.2 id,  0.0 wa,  0.0 hi,  1.0 si,  0.0 st
%Cpu(s): 14.8 us, 13.0 sy,  0.0 ni, 69.9 id,  0.0 wa,  0.0 hi,  2.2 si,  0.0 st
%Cpu(s): 14.6 us, 14.1 sy,  0.0 ni, 69.0 id,  0.0 wa,  0.0 hi,  2.4 si,  0.0 st
%Cpu(s): 17.1 us, 12.2 sy,  0.0 ni, 68.3 id,  0.0 wa,  0.0 hi,  2.4 si,  0.0 st
%Cpu(s): 15.8 us, 12.1 sy,  0.0 ni, 69.7 id,  0.0 wa,  0.0 hi,  2.3 si,  0.0 st
%Cpu(s): 16.9 us, 11.8 sy,  0.0 ni, 69.2 id,  0.0 wa,  0.0 hi,  2.2 si,  0.0 st
%Cpu(s): 16.4 us, 12.8 sy,  0.0 ni, 68.6 id,  0.0 wa,  0.0 hi,  2.2 si,  0.0 st
%Cpu(s): 18.3 us, 12.2 sy,  0.0 ni, 67.0 id,  0.0 wa,  0.0 hi,  2.5 si,  0.0 st
%Cpu(s): 16.2 us, 12.1 sy,  0.0 ni, 68.4 id,  0.1 wa,  0.0 hi,  3.1 si,  0.0 st
%Cpu(s): 16.8 us, 12.0 sy,  0.0 ni, 69.0 id,  0.0 wa,  0.0 hi,  2.3 si,  0.0 st
%Cpu(s):  7.0 us,  6.4 sy,  0.0 ni, 85.1 id,  0.0 wa,  0.0 hi,  1.5 si,  0.0 st
%Cpu(s):  7.0 us,  7.3 sy,  0.0 ni, 84.6 id,  0.0 wa,  0.0 hi,  1.1 si,  0.0 st
%Cpu(s):  7.9 us,  6.2 sy,  0.0 ni, 85.7 id,  0.0 wa,  0.0 hi,  0.1 si,  0.0 st
%Cpu(s):  6.5 us,  7.0 sy,  0.0 ni, 84.8 id,  1.1 wa,  0.0 hi,  0.6 si,  0.0 st
%Cpu(s):  7.0 us,  7.3 sy,  0.0 ni, 84.6 id,  0.0 wa,  0.0 hi,  1.0 si,  0.1 st
%Cpu(s):  7.0 us,  6.5 sy,  0.0 ni, 85.3 id,  0.0 wa,  0.0 hi,  1.3 si,  0.0 st
%Cpu(s):  6.1 us,  5.8 sy,  0.0 ni, 88.0 id,  0.0 wa,  0.0 hi,  0.1 si,  0.0 st
%Cpu(s):  6.6 us,  5.7 sy,  0.0 ni, 87.5 id,  0.0 wa,  0.0 hi,  0.1 si,  0.0 st
%Cpu(s):  6.2 us,  5.8 sy,  0.0 ni, 87.9 id,  0.0 wa,  0.0 hi,  0.0 si,  0.0 st
%Cpu(s):  4.6 us,  5.7 sy,  0.0 ni, 89.6 id,  0.0 wa,  0.0 hi,  0.1 si,  0.0 st
%Cpu(s):  5.7 us,  4.7 sy,  0.0 ni, 89.6 id,  0.0 wa,  0.0 hi,  0.0 si,  0.0 st
%Cpu(s):  4.7 us,  5.5 sy,  0.0 ni, 89.8 id,  0.0 wa,  0.0 hi,  0.0 si,  0.0 st
%Cpu(s):  4.2 us,  3.3 sy,  0.0 ni, 92.6 id,  0.0 wa,  0.0 hi,  0.0 si,  0.0 st
%Cpu(s):  2.9 us,  3.5 sy,  0.0 ni, 93.5 id,  0.0 wa,  0.0 hi,  0.0 si,  0.1 st
%Cpu(s):  2.9 us,  2.6 sy,  0.0 ni, 94.4 id,  0.0 wa,  0.0 hi,  0.1 si,  0.0 st
%Cpu(s):  1.5 us,  1.2 sy,  0.0 ni, 97.2 id,  0.0 wa,  0.0 hi,  0.0 si,  0.0 st
%Cpu(s):  1.1 us,  1.3 sy,  0.0 ni, 97.6 id,  0.0 wa,  0.0 hi,  0.0 si,  0.0 st
%Cpu(s):  1.5 us,  0.8 sy,  0.0 ni, 97.8 id,  0.0 wa,  0.0 hi,  0.0 si,  0.0 st
%Cpu(s):  0.0 us,  0.1 sy,  0.0 ni, 99.9 id,  0.0 wa,  0.0 hi,  0.0 si,  0.0 st
%Cpu(s):  0.1 us,  0.2 sy,  0.0 ni, 99.6 id,  0.0 wa,  0.0 hi,  0.0 si,  0.0 st
%Cpu(s):  0.1 us,  0.0 sy,  0.0 ni, 99.9 id,  0.0 wa,  0.0 hi,  0.0 si,  0.0 st
%Cpu(s):  0.4 us,  0.2 sy,  0.0 ni, 99.4 id,  0.0 wa,  0.0 hi,  0.0 si,  0.0 st
