%Cpu(s):  2.7 us,  1.6 sy,  0.0 ni, 95.6 id,  0.0 wa,  0.0 hi,  0.1 si,  0.0 st
%Cpu(s):  0.2 us,  0.1 sy,  0.0 ni, 99.6 id,  0.0 wa,  0.0 hi,  0.0 si,  0.1 st
%Cpu(s):  0.0 us,  0.1 sy,  0.0 ni, 99.9 id,  0.1 wa,  0.0 hi,  0.0 si,  0.0 st
%Cpu(s):  0.1 us,  0.1 sy,  0.0 ni, 99.9 id,  0.0 wa,  0.0 hi,  0.0 si,  0.0 st
%Cpu(s):  0.1 us,  0.0 sy,  0.0 ni, 99.9 id,  0.0 wa,  0.0 hi,  0.0 si,  0.0 st
%Cpu(s):  0.1 us,  0.1 sy,  0.0 ni, 99.9 id,  0.0 wa,  0.0 hi,  0.0 si,  0.0 st
%Cpu(s):  0.1 us,  0.0 sy,  0.0 ni, 99.9 id,  0.0 wa,  0.0 hi,  0.0 si,  0.1 st
%Cpu(s):  0.1 us,  0.1 sy,  0.0 ni, 99.9 id,  0.0 wa,  0.0 hi,  0.0 si,  0.0 st
%Cpu(s):  0.1 us,  0.1 sy,  0.0 ni, 99.8 id,  0.0 wa,  0.0 hi,  0.0 si,  0.0 st
%Cpu(s):  0.1 us,  0.0 sy,  0.0 ni, 99.9 id,  0.0 wa,  0.0 hi,  0.0 si,  0.0 st
%Cpu(s):  0.0 us,  0.1 sy,  0.0 ni, 99.9 id,  0.0 wa,  0.0 hi,  0.0 si,  0.0 st
%Cpu(s):  3.1 us,  0.7 sy,  0.0 ni, 96.2 id,  0.0 wa,  0.0 hi,  0.0 si,  0.0 st
%Cpu(s):  5.7 us,  1.4 sy,  0.0 ni, 92.9 id,  0.0 wa,  0.0 hi,  0.0 si,  0.1 st
%Cpu(s):  0.7 us,  0.1 sy,  0.0 ni, 99.2 id,  0.0 wa,  0.0 hi,  0.0 si,  0.0 st
%Cpu(s):  7.0 us,  0.5 sy,  0.0 ni, 92.2 id,  0.2 wa,  0.0 hi,  0.0 si,  0.1 st
%Cpu(s): 31.4 us,  4.0 sy,  0.0 ni, 64.6 id,  0.0 wa,  0.0 hi,  0.0 si,  0.0 st
%Cpu(s): 35.8 us,  5.8 sy,  0.0 ni, 57.9 id,  0.0 wa,  0.0 hi,  0.5 si,  0.1 st
%Cpu(s):  9.5 us,  5.2 sy,  0.0 ni, 85.2 id,  0.1 wa,  0.0 hi,  0.0 si,  0.1 st
%Cpu(s):  8.4 us,  5.3 sy,  0.0 ni, 86.3 id,  0.0 wa,  0.0 hi,  0.1 si,  0.0 st
%Cpu(s): 22.4 us,  8.5 sy,  0.0 ni, 68.4 id,  0.0 wa,  0.0 hi,  0.7 si,  0.0 st
%Cpu(s): 25.8 us,  9.3 sy,  0.0 ni, 63.1 id,  0.0 wa,  0.0 hi,  1.7 si,  0.1 st
%Cpu(s): 15.9 us,  9.0 sy,  0.0 ni, 73.5 id,  0.0 wa,  0.0 hi,  1.5 si,  0.0 st
%Cpu(s): 16.7 us,  8.5 sy,  0.0 ni, 73.7 id,  0.0 wa,  0.0 hi,  1.1 si,  0.1 st
%Cpu(s): 14.0 us,  7.7 sy,  0.0 ni, 77.1 id,  0.0 wa,  0.0 hi,  1.2 si,  0.1 st
%Cpu(s): 15.9 us,  9.5 sy,  0.0 ni, 73.6 id,  0.0 wa,  0.0 hi,  0.9 si,  0.1 st
%Cpu(s): 16.9 us,  9.6 sy,  0.0 ni, 73.5 id,  0.0 wa,  0.0 hi,  0.1 si,  0.0 st
%Cpu(s): 14.8 us,  9.1 sy,  0.0 ni, 75.7 id,  0.0 wa,  0.0 hi,  0.3 si,  0.1 st
%Cpu(s): 16.0 us,  9.8 sy,  0.0 ni, 73.1 id,  0.0 wa,  0.0 hi,  1.1 si,  0.0 st
%Cpu(s): 15.5 us, 10.1 sy,  0.0 ni, 72.8 id,  0.0 wa,  0.0 hi,  1.5 si,  0.1 st
%Cpu(s): 16.7 us, 10.7 sy,  0.0 ni, 72.5 id,  0.0 wa,  0.0 hi,  0.1 si,  0.0 st
%Cpu(s): 15.8 us,  9.3 sy,  0.0 ni, 74.6 id,  0.0 wa,  0.0 hi,  0.3 si,  0.0 st
%Cpu(s): 15.2 us, 10.4 sy,  0.0 ni, 73.8 id,  0.1 wa,  0.0 hi,  0.4 si,  0.1 st
%Cpu(s): 14.6 us,  8.4 sy,  0.0 ni, 76.2 id,  0.0 wa,  0.0 hi,  0.9 si,  0.0 st
%Cpu(s): 14.1 us,  8.0 sy,  0.0 ni, 76.8 id,  0.0 wa,  0.0 hi,  1.1 si,  0.0 st
%Cpu(s): 15.6 us,  8.7 sy,  0.0 ni, 74.4 id,  0.0 wa,  0.0 hi,  1.2 si,  0.0 st
%Cpu(s): 13.0 us,  7.6 sy,  0.0 ni, 78.1 id,  0.0 wa,  0.0 hi,  0.7 si,  0.6 st
%Cpu(s): 14.5 us, 10.4 sy,  0.0 ni, 74.5 id,  0.0 wa,  0.0 hi,  0.7 si,  0.0 st
%Cpu(s): 15.9 us, 10.6 sy,  0.0 ni, 73.3 id,  0.1 wa,  0.0 hi,  0.1 si,  0.0 st
%Cpu(s): 12.7 us,  7.8 sy,  0.0 ni, 78.3 id,  1.1 wa,  0.0 hi,  0.1 si,  0.0 st
%Cpu(s): 14.4 us,  9.7 sy,  0.0 ni, 75.7 id,  0.0 wa,  0.0 hi,  0.2 si,  0.0 st
%Cpu(s): 13.6 us,  9.1 sy,  0.0 ni, 76.4 id,  0.0 wa,  0.0 hi,  0.8 si,  0.1 st
%Cpu(s): 25.3 us,  8.7 sy,  0.0 ni, 64.4 id,  0.0 wa,  0.0 hi,  1.6 si,  0.1 st
%Cpu(s): 16.2 us,  9.4 sy,  0.0 ni, 73.5 id,  0.1 wa,  0.0 hi,  0.8 si,  0.1 st
%Cpu(s): 14.6 us,  9.3 sy,  0.0 ni, 75.7 id,  0.2 wa,  0.0 hi,  0.1 si,  0.1 st
%Cpu(s): 15.6 us, 10.3 sy,  0.0 ni, 74.0 id,  0.0 wa,  0.0 hi,  0.1 si,  0.0 st
%Cpu(s): 15.9 us,  9.2 sy,  0.0 ni, 74.8 id,  0.0 wa,  0.0 hi,  0.1 si,  0.0 st
%Cpu(s): 17.4 us, 10.1 sy,  0.0 ni, 72.4 id,  0.0 wa,  0.0 hi,  0.1 si,  0.1 st
%Cpu(s): 17.2 us, 10.9 sy,  0.0 ni, 71.7 id,  0.0 wa,  0.0 hi,  0.1 si,  0.1 st
%Cpu(s): 15.6 us, 11.0 sy,  0.0 ni, 73.4 id,  0.0 wa,  0.0 hi,  0.0 si,  0.0 st
%Cpu(s): 16.9 us,  9.3 sy,  0.0 ni, 73.6 id,  0.0 wa,  0.0 hi,  0.2 si,  0.0 st
%Cpu(s): 14.9 us, 10.1 sy,  0.0 ni, 73.3 id,  0.0 wa,  0.0 hi,  1.6 si,  0.1 st
%Cpu(s): 16.4 us, 10.1 sy,  0.0 ni, 71.9 id,  0.0 wa,  0.0 hi,  1.7 si,  0.0 st
%Cpu(s): 16.2 us,  9.7 sy,  0.0 ni, 73.7 id,  0.1 wa,  0.0 hi,  0.3 si,  0.0 st
%Cpu(s): 15.6 us, 10.5 sy,  0.0 ni, 73.6 id,  0.0 wa,  0.0 hi,  0.3 si,  0.0 st
%Cpu(s): 16.1 us, 11.0 sy,  0.0 ni, 72.9 id,  0.0 wa,  0.0 hi,  0.1 si,  0.1 st
%Cpu(s): 15.5 us, 10.8 sy,  0.0 ni, 73.5 id,  0.0 wa,  0.0 hi,  0.1 si,  0.1 st
%Cpu(s): 15.6 us,  9.4 sy,  0.0 ni, 75.0 id,  0.0 wa,  0.0 hi,  0.0 si,  0.1 st
%Cpu(s): 15.3 us,  9.7 sy,  0.0 ni, 74.7 id,  0.1 wa,  0.0 hi,  0.1 si,  0.1 st
%Cpu(s): 14.8 us, 10.7 sy,  0.0 ni, 74.4 id,  0.0 wa,  0.0 hi,  0.1 si,  0.0 st
%Cpu(s): 14.7 us,  9.1 sy,  0.0 ni, 75.5 id,  0.0 wa,  0.0 hi,  0.6 si,  0.1 st
%Cpu(s): 14.2 us,  8.5 sy,  0.0 ni, 76.1 id,  0.0 wa,  0.0 hi,  1.2 si,  0.1 st
%Cpu(s): 14.9 us,  8.4 sy,  0.0 ni, 76.3 id,  0.0 wa,  0.0 hi,  0.4 si,  0.1 st
%Cpu(s): 15.3 us,  7.7 sy,  0.0 ni, 76.6 id,  0.0 wa,  0.0 hi,  0.3 si,  0.1 st
%Cpu(s): 18.6 us, 11.9 sy,  0.0 ni, 69.3 id,  0.0 wa,  0.0 hi,  0.1 si,  0.1 st
%Cpu(s): 15.5 us,  9.7 sy,  0.0 ni, 74.2 id,  0.0 wa,  0.0 hi,  0.5 si,  0.1 st
%Cpu(s): 15.0 us,  8.9 sy,  0.0 ni, 74.5 id,  0.0 wa,  0.0 hi,  1.4 si,  0.3 st
%Cpu(s): 14.3 us,  9.2 sy,  0.0 ni, 75.6 id,  0.0 wa,  0.0 hi,  0.8 si,  0.0 st
%Cpu(s): 16.6 us, 10.9 sy,  0.0 ni, 70.8 id,  0.0 wa,  0.0 hi,  1.8 si,  0.0 st
%Cpu(s): 17.4 us, 13.0 sy,  0.0 ni, 67.7 id,  0.5 wa,  0.0 hi,  1.1 si,  0.3 st
%Cpu(s): 18.2 us, 11.4 sy,  0.0 ni, 70.3 id,  0.0 wa,  0.0 hi,  0.1 si,  0.0 st
%Cpu(s): 15.5 us, 10.8 sy,  0.0 ni, 73.3 id,  0.0 wa,  0.0 hi,  0.3 si,  0.1 st
%Cpu(s): 12.3 us,  7.9 sy,  0.0 ni, 78.8 id,  0.0 wa,  0.0 hi,  1.0 si,  0.0 st
%Cpu(s): 11.8 us,  8.6 sy,  0.0 ni, 78.9 id,  0.0 wa,  0.0 hi,  0.6 si,  0.1 st
%Cpu(s): 10.4 us,  7.7 sy,  0.0 ni, 80.5 id,  0.1 wa,  0.0 hi,  1.3 si,  0.0 st
%Cpu(s): 12.3 us,  8.8 sy,  0.0 ni, 77.4 id,  0.0 wa,  0.0 hi,  1.5 si,  0.0 st
%Cpu(s): 12.1 us,  8.0 sy,  0.0 ni, 78.5 id,  0.0 wa,  0.0 hi,  1.4 si,  0.0 st
