%Cpu(s):  1.2 us,  0.7 sy,  0.0 ni, 98.1 id,  0.0 wa,  0.0 hi,  0.0 si,  0.0 st
%Cpu(s):  5.3 us,  0.2 sy,  0.0 ni, 94.2 id,  0.0 wa,  0.0 hi,  0.1 si,  0.1 st
%Cpu(s):  2.9 us,  0.3 sy,  0.0 ni, 96.6 id,  0.0 wa,  0.0 hi,  0.1 si,  0.0 st
%Cpu(s):  0.4 us,  0.1 sy,  0.0 ni, 99.4 id,  0.0 wa,  0.0 hi,  0.0 si,  0.0 st
%Cpu(s):  1.1 us,  0.1 sy,  0.0 ni, 98.9 id,  0.0 wa,  0.0 hi,  0.0 si,  0.0 st
%Cpu(s):  0.7 us,  0.0 sy,  0.0 ni, 99.3 id,  0.0 wa,  0.0 hi,  0.0 si,  0.0 st
%Cpu(s):  0.2 us,  0.1 sy,  0.0 ni, 99.7 id,  0.0 wa,  0.0 hi,  0.0 si,  0.0 st
%Cpu(s):  0.6 us,  0.2 sy,  0.0 ni, 99.2 id,  0.0 wa,  0.0 hi,  0.0 si,  0.0 st
%Cpu(s):  0.3 us,  0.1 sy,  0.0 ni, 99.6 id,  0.0 wa,  0.0 hi,  0.0 si,  0.0 st
%Cpu(s):  0.2 us,  0.1 sy,  0.0 ni, 99.7 id,  0.0 wa,  0.0 hi,  0.0 si,  0.1 st
%Cpu(s):  0.2 us,  0.1 sy,  0.0 ni, 99.7 id,  0.0 wa,  0.0 hi,  0.0 si,  0.1 st
%Cpu(s):  0.3 us,  0.1 sy,  0.0 ni, 99.6 id,  0.0 wa,  0.0 hi,  0.0 si,  0.1 st
%Cpu(s):  0.1 us,  0.1 sy,  0.0 ni, 99.8 id,  0.0 wa,  0.0 hi,  0.0 si,  0.0 st
%Cpu(s):  0.2 us,  0.1 sy,  0.0 ni, 99.7 id,  0.0 wa,  0.0 hi,  0.0 si,  0.0 st
%Cpu(s): 21.3 us,  1.9 sy,  0.0 ni, 76.2 id,  0.1 wa,  0.0 hi,  0.5 si,  0.0 st
%Cpu(s): 49.5 us,  7.1 sy,  0.0 ni, 42.2 id,  0.0 wa,  0.0 hi,  1.1 si,  0.0 st
%Cpu(s): 27.7 us,  8.2 sy,  0.0 ni, 63.5 id,  0.1 wa,  0.0 hi,  0.4 si,  0.1 st
%Cpu(s): 17.1 us, 10.0 sy,  0.0 ni, 72.5 id,  0.0 wa,  0.0 hi,  0.4 si,  0.1 st
%Cpu(s): 15.6 us,  9.9 sy,  0.0 ni, 74.3 id,  0.0 wa,  0.0 hi,  0.2 si,  0.0 st
%Cpu(s): 16.2 us,  9.4 sy,  0.0 ni, 73.8 id,  0.0 wa,  0.0 hi,  0.5 si,  0.0 st
%Cpu(s): 15.5 us,  8.9 sy,  0.0 ni, 75.4 id,  0.0 wa,  0.0 hi,  0.3 si,  0.0 st
%Cpu(s): 16.6 us,  9.4 sy,  0.0 ni, 73.8 id,  0.0 wa,  0.0 hi,  0.2 si,  0.0 st
%Cpu(s): 16.4 us,  8.6 sy,  0.0 ni, 74.3 id,  0.0 wa,  0.0 hi,  0.6 si,  0.1 st
%Cpu(s): 16.5 us,  9.8 sy,  0.0 ni, 72.8 id,  0.0 wa,  0.0 hi,  0.8 si,  0.0 st
%Cpu(s): 18.2 us, 10.4 sy,  0.0 ni, 71.3 id,  0.0 wa,  0.0 hi,  0.1 si,  0.0 st
%Cpu(s): 16.7 us,  9.1 sy,  0.0 ni, 73.7 id,  0.0 wa,  0.0 hi,  0.4 si,  0.1 st
%Cpu(s): 16.7 us,  9.9 sy,  0.0 ni, 72.3 id,  0.0 wa,  0.0 hi,  1.1 si,  0.0 st
%Cpu(s): 17.1 us, 12.5 sy,  0.0 ni, 70.0 id,  0.0 wa,  0.0 hi,  0.5 si,  0.0 st
%Cpu(s): 15.9 us, 13.2 sy,  0.0 ni, 70.1 id,  0.0 wa,  0.0 hi,  0.7 si,  0.1 st
%Cpu(s): 16.4 us, 10.4 sy,  0.0 ni, 72.5 id,  0.0 wa,  0.0 hi,  0.6 si,  0.1 st
%Cpu(s): 15.1 us,  9.8 sy,  0.0 ni, 74.9 id,  0.0 wa,  0.0 hi,  0.1 si,  0.0 st
%Cpu(s): 27.8 us, 10.0 sy,  0.0 ni, 61.1 id,  0.1 wa,  0.0 hi,  1.0 si,  0.0 st
%Cpu(s): 19.7 us,  9.7 sy,  0.0 ni, 69.0 id,  0.0 wa,  0.0 hi,  1.7 si,  0.0 st
%Cpu(s): 13.4 us,  8.8 sy,  0.0 ni, 77.7 id,  0.0 wa,  0.0 hi,  0.1 si,  0.0 st
%Cpu(s): 14.9 us,  8.9 sy,  0.0 ni, 75.7 id,  0.0 wa,  0.0 hi,  0.5 si,  0.1 st
%Cpu(s): 15.1 us, 10.8 sy,  0.0 ni, 73.4 id,  0.0 wa,  0.0 hi,  0.8 si,  0.0 st
%Cpu(s): 15.3 us, 12.3 sy,  0.0 ni, 71.7 id,  0.1 wa,  0.0 hi,  0.7 si,  0.0 st
%Cpu(s): 17.0 us, 12.8 sy,  0.0 ni, 69.4 id,  0.0 wa,  0.0 hi,  0.8 si,  0.1 st
%Cpu(s): 12.9 us,  9.3 sy,  0.0 ni, 76.0 id,  0.8 wa,  0.0 hi,  1.0 si,  0.0 st
%Cpu(s): 15.4 us, 11.2 sy,  0.0 ni, 72.0 id,  0.0 wa,  0.0 hi,  1.4 si,  0.0 st
%Cpu(s): 13.3 us, 10.8 sy,  0.0 ni, 74.7 id,  0.0 wa,  0.0 hi,  1.0 si,  0.3 st
%Cpu(s): 14.8 us, 12.9 sy,  0.0 ni, 71.6 id,  0.1 wa,  0.0 hi,  0.4 si,  0.2 st
%Cpu(s): 14.7 us, 10.2 sy,  0.0 ni, 74.3 id,  0.0 wa,  0.0 hi,  0.8 si,  0.0 st
%Cpu(s): 14.1 us,  8.8 sy,  0.0 ni, 75.4 id,  1.0 wa,  0.0 hi,  0.4 si,  0.3 st
%Cpu(s): 13.8 us,  8.6 sy,  0.0 ni, 77.6 id,  0.0 wa,  0.0 hi,  0.0 si,  0.0 st
%Cpu(s): 15.3 us, 10.3 sy,  0.0 ni, 74.3 id,  0.0 wa,  0.0 hi,  0.0 si,  0.1 st
%Cpu(s): 14.6 us,  9.3 sy,  0.0 ni, 75.9 id,  0.0 wa,  0.0 hi,  0.2 si,  0.0 st
%Cpu(s): 15.4 us,  9.9 sy,  0.0 ni, 74.4 id,  0.0 wa,  0.0 hi,  0.3 si,  0.0 st
%Cpu(s): 14.8 us,  9.0 sy,  0.0 ni, 75.5 id,  0.0 wa,  0.0 hi,  0.7 si,  0.1 st
%Cpu(s): 14.9 us,  8.4 sy,  0.0 ni, 75.8 id,  0.0 wa,  0.0 hi,  0.9 si,  0.1 st
%Cpu(s): 13.4 us,  9.3 sy,  0.0 ni, 76.4 id,  0.0 wa,  0.0 hi,  0.8 si,  0.1 st
%Cpu(s): 14.8 us,  8.3 sy,  0.0 ni, 76.7 id,  0.1 wa,  0.0 hi,  0.1 si,  0.1 st
%Cpu(s): 15.6 us,  9.1 sy,  0.0 ni, 75.1 id,  0.0 wa,  0.0 hi,  0.1 si,  0.0 st
%Cpu(s): 14.7 us,  9.1 sy,  0.0 ni, 76.0 id,  0.0 wa,  0.0 hi,  0.1 si,  0.0 st
%Cpu(s): 13.5 us,  9.1 sy,  0.0 ni, 77.1 id,  0.0 wa,  0.0 hi,  0.3 si,  0.0 st
%Cpu(s): 15.3 us,  9.3 sy,  0.0 ni, 75.4 id,  0.0 wa,  0.0 hi,  0.1 si,  0.0 st
%Cpu(s): 16.6 us, 10.3 sy,  0.0 ni, 72.9 id,  0.1 wa,  0.0 hi,  0.1 si,  0.0 st
%Cpu(s): 17.3 us,  9.9 sy,  0.0 ni, 70.8 id,  0.0 wa,  0.0 hi,  1.9 si,  0.0 st
%Cpu(s): 16.6 us, 11.3 sy,  0.0 ni, 69.9 id,  0.0 wa,  0.0 hi,  2.1 si,  0.0 st
%Cpu(s): 16.2 us, 10.2 sy,  0.0 ni, 72.0 id,  0.0 wa,  0.0 hi,  1.7 si,  0.0 st
%Cpu(s): 15.3 us, 10.4 sy,  0.0 ni, 72.5 id,  0.0 wa,  0.0 hi,  1.7 si,  0.1 st
%Cpu(s): 14.6 us,  8.9 sy,  0.0 ni, 74.6 id,  0.0 wa,  0.0 hi,  1.9 si,  0.0 st
%Cpu(s): 15.9 us,  9.7 sy,  0.0 ni, 72.8 id,  0.0 wa,  0.0 hi,  1.7 si,  0.0 st
%Cpu(s): 16.4 us, 10.1 sy,  0.0 ni, 73.5 id,  0.0 wa,  0.0 hi,  0.1 si,  0.0 st
%Cpu(s): 14.5 us, 10.3 sy,  0.0 ni, 75.1 id,  0.0 wa,  0.0 hi,  0.0 si,  0.1 st
%Cpu(s): 14.0 us,  9.0 sy,  0.0 ni, 76.6 id,  0.0 wa,  0.0 hi,  0.4 si,  0.0 st
%Cpu(s): 14.4 us,  8.9 sy,  0.0 ni, 75.3 id,  0.1 wa,  0.0 hi,  1.2 si,  0.0 st
%Cpu(s): 16.0 us, 10.0 sy,  0.0 ni, 72.9 id,  0.0 wa,  0.0 hi,  1.0 si,  0.0 st
%Cpu(s): 15.0 us,  9.6 sy,  0.0 ni, 74.2 id,  0.4 wa,  0.0 hi,  0.8 si,  0.1 st
%Cpu(s): 15.0 us,  9.7 sy,  0.0 ni, 74.3 id,  0.0 wa,  0.0 hi,  1.0 si,  0.0 st
%Cpu(s): 13.2 us,  7.2 sy,  0.0 ni, 78.5 id,  0.0 wa,  0.0 hi,  0.5 si,  0.6 st
%Cpu(s): 14.8 us, 10.8 sy,  0.0 ni, 73.3 id,  0.1 wa,  0.0 hi,  1.1 si,  0.0 st
%Cpu(s): 12.4 us,  9.3 sy,  0.0 ni, 77.6 id,  0.0 wa,  0.0 hi,  0.7 si,  0.0 st
%Cpu(s): 11.6 us,  8.3 sy,  0.0 ni, 79.0 id,  0.4 wa,  0.0 hi,  0.6 si,  0.1 st
%Cpu(s): 13.1 us,  9.8 sy,  0.0 ni, 76.1 id,  0.0 wa,  0.0 hi,  1.0 si,  0.1 st
%Cpu(s): 13.0 us,  9.9 sy,  0.0 ni, 75.7 id,  0.0 wa,  0.0 hi,  1.4 si,  0.1 st
