%Cpu(s):  2.1 us,  1.2 sy,  0.0 ni, 96.6 id,  0.0 wa,  0.0 hi,  0.1 si,  0.0 st
%Cpu(s):  0.2 us,  0.1 sy,  0.0 ni, 99.7 id,  0.1 wa,  0.0 hi,  0.0 si,  0.0 st
%Cpu(s):  0.1 us,  0.0 sy,  0.0 ni, 99.9 id,  0.0 wa,  0.0 hi,  0.0 si,  0.0 st
%Cpu(s):  0.1 us,  0.0 sy,  0.0 ni, 99.9 id,  0.0 wa,  0.0 hi,  0.0 si,  0.0 st
%Cpu(s):  0.1 us,  0.1 sy,  0.0 ni, 99.9 id,  0.0 wa,  0.0 hi,  0.0 si,  0.0 st
%Cpu(s):  0.0 us,  0.1 sy,  0.0 ni, 99.9 id,  0.0 wa,  0.0 hi,  0.0 si,  0.0 st
%Cpu(s):  1.0 us,  0.1 sy,  0.0 ni, 98.9 id,  0.0 wa,  0.0 hi,  0.0 si,  0.0 st
%Cpu(s):  5.0 us,  0.1 sy,  0.0 ni, 94.8 id,  0.0 wa,  0.0 hi,  0.0 si,  0.0 st
%Cpu(s):  0.3 us,  0.1 sy,  0.0 ni, 99.6 id,  0.0 wa,  0.0 hi,  0.0 si,  0.0 st
%Cpu(s):  0.7 us,  0.1 sy,  0.0 ni, 99.1 id,  0.0 wa,  0.0 hi,  0.0 si,  0.1 st
%Cpu(s):  0.4 us,  0.1 sy,  0.0 ni, 99.4 id,  0.0 wa,  0.0 hi,  0.0 si,  0.1 st
%Cpu(s):  0.4 us,  0.1 sy,  0.0 ni, 99.5 id,  0.1 wa,  0.0 hi,  0.0 si,  0.0 st
%Cpu(s):  0.1 us,  0.1 sy,  0.0 ni, 99.8 id,  0.0 wa,  0.0 hi,  0.0 si,  0.0 st
%Cpu(s):  0.2 us,  0.1 sy,  0.0 ni, 99.7 id,  0.0 wa,  0.0 hi,  0.0 si,  0.1 st
%Cpu(s): 26.6 us,  2.9 sy,  0.0 ni, 70.0 id,  0.1 wa,  0.0 hi,  0.3 si,  0.1 st
%Cpu(s): 56.5 us,  6.9 sy,  0.0 ni, 35.1 id,  0.0 wa,  0.0 hi,  1.5 si,  0.0 st
%Cpu(s): 21.9 us,  7.5 sy,  0.0 ni, 69.3 id,  0.1 wa,  0.0 hi,  1.2 si,  0.1 st
%Cpu(s): 15.4 us,  9.5 sy,  0.0 ni, 74.0 id,  0.0 wa,  0.0 hi,  1.1 si,  0.0 st
%Cpu(s): 14.2 us,  9.2 sy,  0.0 ni, 75.7 id,  0.0 wa,  0.0 hi,  0.8 si,  0.1 st
%Cpu(s): 12.8 us,  8.5 sy,  0.0 ni, 77.8 id,  0.0 wa,  0.0 hi,  0.8 si,  0.1 st
%Cpu(s): 13.7 us,  8.9 sy,  0.0 ni, 76.5 id,  0.0 wa,  0.0 hi,  0.8 si,  0.0 st
%Cpu(s): 16.0 us,  9.6 sy,  0.0 ni, 73.8 id,  0.0 wa,  0.0 hi,  0.6 si,  0.0 st
%Cpu(s): 16.6 us, 10.2 sy,  0.0 ni, 73.1 id,  0.0 wa,  0.0 hi,  0.1 si,  0.0 st
%Cpu(s): 13.4 us,  7.9 sy,  0.0 ni, 78.2 id,  0.0 wa,  0.0 hi,  0.4 si,  0.1 st
%Cpu(s): 13.1 us,  9.0 sy,  0.0 ni, 77.6 id,  0.0 wa,  0.0 hi,  0.3 si,  0.0 st
%Cpu(s): 12.8 us,  8.5 sy,  0.0 ni, 78.1 id,  0.0 wa,  0.0 hi,  0.6 si,  0.1 st
%Cpu(s): 13.2 us,  9.5 sy,  0.0 ni, 76.7 id,  0.1 wa,  0.0 hi,  0.5 si,  0.0 st
%Cpu(s): 13.4 us, 10.1 sy,  0.0 ni, 75.4 id,  0.0 wa,  0.0 hi,  1.2 si,  0.0 st
%Cpu(s): 12.5 us,  8.3 sy,  0.0 ni, 79.1 id,  0.0 wa,  0.0 hi,  0.1 si,  0.0 st
%Cpu(s): 15.0 us, 11.7 sy,  0.0 ni, 72.9 id,  0.2 wa,  0.0 hi,  0.2 si,  0.1 st
%Cpu(s): 15.3 us, 11.7 sy,  0.0 ni, 72.2 id,  0.0 wa,  0.0 hi,  0.7 si,  0.1 st
%Cpu(s): 13.7 us, 11.5 sy,  0.0 ni, 74.1 id,  0.1 wa,  0.0 hi,  0.6 si,  0.0 st
%Cpu(s): 13.6 us,  9.3 sy,  0.0 ni, 77.0 id,  0.0 wa,  0.0 hi,  0.0 si,  0.1 st
%Cpu(s): 14.3 us,  9.3 sy,  0.0 ni, 76.0 id,  0.0 wa,  0.0 hi,  0.3 si,  0.1 st
%Cpu(s): 14.1 us,  8.6 sy,  0.0 ni, 76.4 id,  0.0 wa,  0.0 hi,  0.8 si,  0.0 st
%Cpu(s): 13.1 us,  9.6 sy,  0.0 ni, 77.2 id,  0.0 wa,  0.0 hi,  0.1 si,  0.1 st
%Cpu(s): 14.1 us,  9.1 sy,  0.0 ni, 76.5 id,  0.0 wa,  0.0 hi,  0.3 si,  0.0 st
%Cpu(s): 19.0 us,  6.8 sy,  0.0 ni, 72.8 id,  1.0 wa,  0.0 hi,  0.4 si,  0.0 st
%Cpu(s): 12.5 us,  8.0 sy,  0.0 ni, 79.2 id,  0.0 wa,  0.0 hi,  0.2 si,  0.1 st
%Cpu(s): 15.7 us, 10.0 sy,  0.0 ni, 72.7 id,  0.0 wa,  0.0 hi,  1.4 si,  0.2 st
%Cpu(s): 14.5 us, 12.2 sy,  0.0 ni, 72.7 id,  0.0 wa,  0.0 hi,  0.1 si,  0.5 st
%Cpu(s): 13.0 us, 10.8 sy,  0.0 ni, 75.9 id,  0.0 wa,  0.0 hi,  0.3 si,  0.0 st
%Cpu(s): 12.9 us, 10.9 sy,  0.0 ni, 75.4 id,  0.7 wa,  0.0 hi,  0.0 si,  0.1 st
%Cpu(s): 14.2 us, 12.7 sy,  0.0 ni, 73.1 id,  0.0 wa,  0.0 hi,  0.0 si,  0.0 st
%Cpu(s): 15.1 us, 12.4 sy,  0.0 ni, 72.5 id,  0.0 wa,  0.0 hi,  0.0 si,  0.0 st
%Cpu(s): 15.7 us, 10.4 sy,  0.0 ni, 73.8 id,  0.0 wa,  0.0 hi,  0.1 si,  0.0 st
%Cpu(s): 15.7 us,  9.6 sy,  0.0 ni, 74.1 id,  0.1 wa,  0.0 hi,  0.6 si,  0.0 st
%Cpu(s): 14.4 us,  8.9 sy,  0.0 ni, 75.9 id,  0.0 wa,  0.0 hi,  0.8 si,  0.1 st
%Cpu(s): 15.0 us,  8.9 sy,  0.0 ni, 75.7 id,  0.0 wa,  0.0 hi,  0.4 si,  0.0 st
%Cpu(s): 15.3 us, 10.3 sy,  0.0 ni, 72.4 id,  0.0 wa,  0.0 hi,  1.9 si,  0.0 st
%Cpu(s): 14.2 us,  9.2 sy,  0.0 ni, 76.1 id,  0.0 wa,  0.0 hi,  0.5 si,  0.1 st
%Cpu(s): 15.5 us, 11.4 sy,  0.0 ni, 72.8 id,  0.1 wa,  0.0 hi,  0.1 si,  0.0 st
%Cpu(s): 14.8 us, 10.9 sy,  0.0 ni, 74.2 id,  0.0 wa,  0.0 hi,  0.0 si,  0.1 st
%Cpu(s): 15.3 us, 11.1 sy,  0.0 ni, 73.6 id,  0.0 wa,  0.0 hi,  0.0 si,  0.1 st
%Cpu(s): 14.9 us,  9.5 sy,  0.0 ni, 75.3 id,  0.0 wa,  0.0 hi,  0.2 si,  0.1 st
%Cpu(s): 14.6 us,  8.1 sy,  0.0 ni, 76.9 id,  0.0 wa,  0.0 hi,  0.4 si,  0.0 st
%Cpu(s): 14.7 us,  8.8 sy,  0.0 ni, 76.3 id,  0.1 wa,  0.0 hi,  0.0 si,  0.1 st
%Cpu(s): 15.3 us,  9.1 sy,  0.0 ni, 75.5 id,  0.0 wa,  0.0 hi,  0.1 si,  0.1 st
%Cpu(s): 13.3 us,  8.5 sy,  0.0 ni, 78.1 id,  0.0 wa,  0.0 hi,  0.0 si,  0.0 st
%Cpu(s): 14.4 us, 10.2 sy,  0.0 ni, 75.3 id,  0.0 wa,  0.0 hi,  0.0 si,  0.1 st
%Cpu(s): 15.2 us,  9.9 sy,  0.0 ni, 73.2 id,  0.0 wa,  0.0 hi,  1.7 si,  0.0 st
%Cpu(s): 15.8 us, 10.1 sy,  0.0 ni, 74.0 id,  0.0 wa,  0.0 hi,  0.1 si,  0.0 st
%Cpu(s): 14.7 us,  9.4 sy,  0.0 ni, 75.9 id,  0.0 wa,  0.0 hi,  0.0 si,  0.1 st
%Cpu(s): 11.6 us,  7.6 sy,  0.0 ni, 80.0 id,  0.0 wa,  0.0 hi,  0.8 si,  0.0 st
%Cpu(s): 11.9 us,  7.0 sy,  0.0 ni, 80.8 id,  0.0 wa,  0.0 hi,  0.3 si,  0.1 st
%Cpu(s): 12.4 us,  7.8 sy,  0.0 ni, 79.6 id,  0.0 wa,  0.0 hi,  0.2 si,  0.0 st
%Cpu(s): 14.0 us,  7.6 sy,  0.0 ni, 77.4 id,  0.1 wa,  0.0 hi,  0.9 si,  0.1 st
%Cpu(s): 13.9 us,  9.1 sy,  0.0 ni, 75.1 id,  0.7 wa,  0.0 hi,  1.2 si,  0.0 st
%Cpu(s): 10.7 us,  7.7 sy,  0.0 ni, 81.0 id,  0.0 wa,  0.0 hi,  0.4 si,  0.2 st
%Cpu(s): 12.0 us,  8.4 sy,  0.0 ni, 79.3 id,  0.0 wa,  0.0 hi,  0.2 si,  0.2 st
%Cpu(s): 12.2 us,  6.9 sy,  0.0 ni, 80.6 id,  0.0 wa,  0.0 hi,  0.3 si,  0.1 st
%Cpu(s): 10.2 us,  7.6 sy,  0.0 ni, 80.8 id,  0.0 wa,  0.0 hi,  1.4 si,  0.1 st
%Cpu(s): 11.9 us,  8.3 sy,  0.0 ni, 77.8 id,  0.4 wa,  0.0 hi,  1.6 si,  0.1 st
%Cpu(s): 10.2 us,  7.6 sy,  0.0 ni, 81.6 id,  0.0 wa,  0.0 hi,  0.6 si,  0.1 st
%Cpu(s):  9.4 us,  6.8 sy,  0.0 ni, 83.7 id,  0.0 wa,  0.0 hi,  0.1 si,  0.0 st
%Cpu(s): 10.6 us,  7.1 sy,  0.0 ni, 81.3 id,  0.0 wa,  0.0 hi,  0.8 si,  0.1 st
