%Cpu(s):  2.8 us,  1.6 sy,  0.0 ni, 95.4 id,  0.0 wa,  0.0 hi,  0.1 si,  0.0 st
%Cpu(s):  0.2 us,  0.1 sy,  0.0 ni, 99.8 id,  0.0 wa,  0.0 hi,  0.0 si,  0.0 st
%Cpu(s):  0.6 us,  0.2 sy,  0.0 ni, 99.1 id,  0.0 wa,  0.0 hi,  0.0 si,  0.1 st
%Cpu(s): 15.8 us,  1.2 sy,  0.0 ni, 83.0 id,  0.0 wa,  0.0 hi,  0.0 si,  0.0 st
%Cpu(s):  6.1 us,  0.9 sy,  0.0 ni, 92.9 id,  0.0 wa,  0.0 hi,  0.0 si,  0.1 st
%Cpu(s):  6.2 us,  0.3 sy,  0.0 ni, 93.5 id,  0.0 wa,  0.0 hi,  0.0 si,  0.0 st
%Cpu(s):  0.2 us,  0.1 sy,  0.0 ni, 99.8 id,  0.0 wa,  0.0 hi,  0.0 si,  0.0 st
%Cpu(s):  0.0 us,  0.1 sy,  0.0 ni, 99.9 id,  0.0 wa,  0.0 hi,  0.0 si,  0.0 st
%Cpu(s):  0.1 us,  0.1 sy,  0.0 ni, 99.6 id,  0.2 wa,  0.0 hi,  0.0 si,  0.0 st
%Cpu(s):  0.1 us,  0.0 sy,  0.0 ni, 99.9 id,  0.0 wa,  0.0 hi,  0.0 si,  0.0 st
%Cpu(s):  0.1 us,  0.1 sy,  0.0 ni, 99.9 id,  0.0 wa,  0.0 hi,  0.0 si,  0.0 st
%Cpu(s):  0.1 us,  0.1 sy,  0.0 ni, 99.9 id,  0.0 wa,  0.0 hi,  0.0 si,  0.0 st
%Cpu(s):  0.1 us,  0.0 sy,  0.0 ni, 99.9 id,  0.0 wa,  0.0 hi,  0.0 si,  0.0 st
%Cpu(s):  0.1 us,  0.1 sy,  0.0 ni, 99.8 id,  0.1 wa,  0.0 hi,  0.0 si,  0.0 st
%Cpu(s):  1.1 us,  0.1 sy,  0.0 ni, 98.8 id,  0.0 wa,  0.0 hi,  0.0 si,  0.0 st
%Cpu(s):  9.0 us,  1.1 sy,  0.0 ni, 82.8 id,  7.1 wa,  0.0 hi,  0.0 si,  0.0 st
%Cpu(s): 24.0 us,  1.8 sy,  0.0 ni, 74.0 id,  0.0 wa,  0.0 hi,  0.1 si,  0.1 st
%Cpu(s): 11.6 us,  1.7 sy,  0.0 ni, 86.6 id,  0.0 wa,  0.0 hi,  0.1 si,  0.0 st
%Cpu(s):  8.1 us,  1.6 sy,  0.0 ni, 90.0 id,  0.1 wa,  0.0 hi,  0.1 si,  0.1 st
%Cpu(s):  4.5 us,  1.8 sy,  0.0 ni, 93.5 id,  0.0 wa,  0.0 hi,  0.2 si,  0.1 st
%Cpu(s):  3.1 us,  1.7 sy,  0.0 ni, 94.4 id,  0.0 wa,  0.0 hi,  0.3 si,  0.4 st
%Cpu(s):  3.6 us,  2.2 sy,  0.0 ni, 93.7 id,  0.0 wa,  0.0 hi,  0.4 si,  0.1 st
%Cpu(s):  4.5 us,  2.1 sy,  0.0 ni, 93.4 id,  0.0 wa,  0.0 hi,  0.0 si,  0.0 st
%Cpu(s):  3.9 us,  1.9 sy,  0.0 ni, 94.0 id,  0.1 wa,  0.0 hi,  0.0 si,  0.1 st
%Cpu(s):  4.3 us,  2.0 sy,  0.0 ni, 93.4 id,  0.0 wa,  0.0 hi,  0.3 si,  0.0 st
%Cpu(s):  5.0 us,  2.3 sy,  0.0 ni, 92.6 id,  0.0 wa,  0.0 hi,  0.0 si,  0.1 st
%Cpu(s):  4.2 us,  2.1 sy,  0.0 ni, 93.4 id,  0.0 wa,  0.0 hi,  0.2 si,  0.1 st
%Cpu(s):  4.6 us,  1.9 sy,  0.0 ni, 93.2 id,  0.0 wa,  0.0 hi,  0.3 si,  0.0 st
%Cpu(s):  4.0 us,  2.1 sy,  0.0 ni, 92.8 id,  0.7 wa,  0.0 hi,  0.3 si,  0.1 st
%Cpu(s):  2.9 us,  2.1 sy,  0.0 ni, 94.5 id,  0.0 wa,  0.0 hi,  0.4 si,  0.1 st
%Cpu(s):  4.8 us,  2.1 sy,  0.0 ni, 92.8 id,  0.0 wa,  0.0 hi,  0.3 si,  0.0 st
%Cpu(s):  4.2 us,  1.9 sy,  0.0 ni, 93.6 id,  0.1 wa,  0.0 hi,  0.2 si,  0.0 st
%Cpu(s):  3.5 us,  2.2 sy,  0.0 ni, 93.8 id,  0.0 wa,  0.0 hi,  0.5 si,  0.0 st
%Cpu(s):  4.6 us,  2.4 sy,  0.0 ni, 91.9 id,  0.6 wa,  0.0 hi,  0.4 si,  0.1 st
%Cpu(s):  3.4 us,  2.1 sy,  0.0 ni, 94.0 id,  0.0 wa,  0.0 hi,  0.4 si,  0.1 st
%Cpu(s):  3.3 us,  2.1 sy,  0.0 ni, 94.2 id,  0.0 wa,  0.0 hi,  0.4 si,  0.0 st
%Cpu(s):  4.3 us,  1.8 sy,  0.0 ni, 93.3 id,  0.0 wa,  0.0 hi,  0.4 si,  0.1 st
%Cpu(s):  3.8 us,  2.4 sy,  0.0 ni, 93.2 id,  0.0 wa,  0.0 hi,  0.6 si,  0.1 st
%Cpu(s):  2.9 us,  2.2 sy,  0.0 ni, 94.1 id,  0.4 wa,  0.0 hi,  0.4 si,  0.0 st
%Cpu(s):  4.5 us,  2.2 sy,  0.0 ni, 92.8 id,  0.0 wa,  0.0 hi,  0.4 si,  0.1 st
%Cpu(s):  3.0 us,  1.9 sy,  0.0 ni, 95.0 id,  0.0 wa,  0.0 hi,  0.1 si,  0.0 st
%Cpu(s):  2.9 us,  2.1 sy,  0.0 ni, 94.8 id,  0.0 wa,  0.0 hi,  0.1 si,  0.1 st
%Cpu(s):  3.5 us,  2.3 sy,  0.0 ni, 94.3 id,  0.0 wa,  0.0 hi,  0.0 si,  0.0 st
%Cpu(s):  3.6 us,  2.1 sy,  0.0 ni, 94.1 id,  0.2 wa,  0.0 hi,  0.0 si,  0.0 st
%Cpu(s):  3.5 us,  2.2 sy,  0.0 ni, 94.0 id,  0.0 wa,  0.0 hi,  0.1 si,  0.1 st
%Cpu(s):  4.9 us,  1.9 sy,  0.0 ni, 93.2 id,  0.0 wa,  0.0 hi,  0.0 si,  0.1 st
%Cpu(s):  3.5 us,  2.2 sy,  0.0 ni, 94.3 id,  0.0 wa,  0.0 hi,  0.0 si,  0.0 st
%Cpu(s):  3.2 us,  1.8 sy,  0.0 ni, 94.9 id,  0.0 wa,  0.0 hi,  0.0 si,  0.1 st
%Cpu(s):  3.6 us,  2.1 sy,  0.0 ni, 94.0 id,  0.3 wa,  0.0 hi,  0.0 si,  0.1 st
%Cpu(s):  3.7 us,  2.2 sy,  0.0 ni, 94.1 id,  0.0 wa,  0.0 hi,  0.0 si,  0.0 st
%Cpu(s):  3.4 us,  1.9 sy,  0.0 ni, 94.1 id,  0.0 wa,  0.0 hi,  0.0 si,  0.6 st
%Cpu(s):  4.4 us,  1.7 sy,  0.0 ni, 93.7 id,  0.0 wa,  0.0 hi,  0.2 si,  0.0 st
%Cpu(s):  3.4 us,  1.9 sy,  0.0 ni, 94.5 id,  0.0 wa,  0.0 hi,  0.2 si,  0.0 st
%Cpu(s):  2.9 us,  2.1 sy,  0.0 ni, 94.2 id,  0.7 wa,  0.0 hi,  0.0 si,  0.1 st
%Cpu(s):  3.4 us,  1.9 sy,  0.0 ni, 94.3 id,  0.0 wa,  0.0 hi,  0.4 si,  0.0 st
%Cpu(s):  3.3 us,  1.9 sy,  0.0 ni, 94.5 id,  0.0 wa,  0.0 hi,  0.3 si,  0.0 st
%Cpu(s): 11.9 us,  2.4 sy,  0.0 ni, 85.3 id,  0.0 wa,  0.0 hi,  0.4 si,  0.1 st
%Cpu(s): 23.2 us,  3.3 sy,  0.0 ni, 72.9 id,  0.0 wa,  0.0 hi,  0.5 si,  0.1 st
%Cpu(s): 14.2 us,  3.5 sy,  0.0 ni, 80.7 id,  0.8 wa,  0.0 hi,  0.8 si,  0.0 st
%Cpu(s): 13.1 us,  4.0 sy,  0.0 ni, 81.0 id,  1.2 wa,  0.0 hi,  0.8 si,  0.0 st
%Cpu(s): 13.3 us,  5.6 sy,  0.0 ni, 80.3 id,  0.0 wa,  0.0 hi,  0.8 si,  0.0 st
%Cpu(s): 14.3 us,  8.0 sy,  0.0 ni, 77.0 id,  0.0 wa,  0.0 hi,  0.6 si,  0.1 st
%Cpu(s): 14.2 us, 10.3 sy,  0.0 ni, 75.0 id,  0.1 wa,  0.0 hi,  0.4 si,  0.1 st
%Cpu(s): 13.4 us,  9.9 sy,  0.0 ni, 75.9 id,  0.1 wa,  0.0 hi,  0.6 si,  0.0 st
%Cpu(s): 13.6 us,  9.5 sy,  0.0 ni, 75.6 id,  0.6 wa,  0.0 hi,  0.5 si,  0.1 st
%Cpu(s): 17.8 us, 13.9 sy,  0.0 ni, 67.7 id,  0.0 wa,  0.0 hi,  0.6 si,  0.0 st
%Cpu(s): 15.8 us, 11.3 sy,  0.0 ni, 71.9 id,  0.0 wa,  0.0 hi,  0.9 si,  0.1 st
%Cpu(s): 12.4 us,  8.7 sy,  0.0 ni, 77.6 id,  0.3 wa,  0.0 hi,  0.8 si,  0.1 st
%Cpu(s): 15.2 us, 10.1 sy,  0.0 ni, 73.9 id,  0.0 wa,  0.0 hi,  0.8 si,  0.0 st
%Cpu(s): 12.5 us,  8.9 sy,  0.0 ni, 77.3 id,  0.0 wa,  0.0 hi,  1.1 si,  0.1 st
%Cpu(s): 13.4 us,  8.6 sy,  0.0 ni, 77.0 id,  0.0 wa,  0.0 hi,  0.9 si,  0.1 st
%Cpu(s): 11.6 us,  7.2 sy,  0.0 ni, 80.1 id,  0.0 wa,  0.0 hi,  1.0 si,  0.1 st
%Cpu(s): 10.6 us,  6.3 sy,  0.0 ni, 82.3 id,  0.1 wa,  0.0 hi,  0.7 si,  0.1 st
%Cpu(s): 11.8 us,  6.2 sy,  0.0 ni, 81.0 id,  0.0 wa,  0.0 hi,  0.9 si,  0.0 st
%Cpu(s): 11.0 us,  6.3 sy,  0.0 ni, 81.4 id,  0.0 wa,  0.0 hi,  1.1 si,  0.1 st
%Cpu(s):  9.8 us,  6.4 sy,  0.0 ni, 82.6 id,  0.0 wa,  0.0 hi,  1.0 si,  0.1 st
