%Cpu(s):  1.4 us,  0.8 sy,  0.0 ni, 97.8 id,  0.0 wa,  0.0 hi,  0.1 si,  0.0 st
%Cpu(s):  0.1 us,  0.1 sy,  0.0 ni, 99.9 id,  0.0 wa,  0.0 hi,  0.0 si,  0.0 st
%Cpu(s):  0.0 us,  0.0 sy,  0.0 ni,100.0 id,  0.0 wa,  0.0 hi,  0.0 si,  0.0 st
%Cpu(s):  0.1 us,  0.1 sy,  0.0 ni, 99.8 id,  0.1 wa,  0.0 hi,  0.0 si,  0.0 st
%Cpu(s):  0.1 us,  0.1 sy,  0.0 ni, 99.8 id,  0.0 wa,  0.0 hi,  0.0 si,  0.0 st
%Cpu(s):  0.0 us,  0.0 sy,  0.0 ni,100.0 id,  0.0 wa,  0.0 hi,  0.0 si,  0.0 st
%Cpu(s):  0.1 us,  0.0 sy,  0.0 ni, 99.9 id,  0.0 wa,  0.0 hi,  0.0 si,  0.0 st
%Cpu(s):  3.4 us,  0.4 sy,  0.0 ni, 96.2 id,  0.0 wa,  0.0 hi,  0.0 si,  0.0 st
%Cpu(s):  0.7 us,  0.1 sy,  0.0 ni, 99.1 id,  0.0 wa,  0.0 hi,  0.0 si,  0.1 st
%Cpu(s):  0.3 us,  0.1 sy,  0.0 ni, 99.5 id,  0.0 wa,  0.0 hi,  0.0 si,  0.1 st
%Cpu(s):  0.2 us,  0.1 sy,  0.0 ni, 99.8 id,  0.0 wa,  0.0 hi,  0.0 si,  0.0 st
%Cpu(s):  0.4 us,  0.0 sy,  0.0 ni, 99.6 id,  0.0 wa,  0.0 hi,  0.0 si,  0.1 st
%Cpu(s):  2.9 us,  0.1 sy,  0.0 ni, 97.0 id,  0.0 wa,  0.0 hi,  0.0 si,  0.0 st
%Cpu(s):  0.3 us,  0.0 sy,  0.0 ni, 99.7 id,  0.0 wa,  0.0 hi,  0.0 si,  0.0 st
%Cpu(s):  9.7 us,  1.1 sy,  0.0 ni, 88.9 id,  0.1 wa,  0.0 hi,  0.1 si,  0.1 st
%Cpu(s): 53.0 us,  6.1 sy,  0.0 ni, 39.8 id,  0.0 wa,  0.0 hi,  1.1 si,  0.0 st
%Cpu(s): 44.2 us, 10.0 sy,  0.0 ni, 44.5 id,  0.0 wa,  0.0 hi,  1.2 si,  0.1 st
%Cpu(s): 30.1 us,  9.0 sy,  0.0 ni, 60.1 id,  0.0 wa,  0.0 hi,  0.9 si,  0.0 st
%Cpu(s): 16.1 us,  8.8 sy,  0.0 ni, 74.4 id,  0.0 wa,  0.0 hi,  0.6 si,  0.1 st
%Cpu(s): 14.0 us,  9.8 sy,  0.0 ni, 75.4 id,  0.0 wa,  0.0 hi,  0.8 si,  0.1 st
%Cpu(s): 14.0 us,  7.5 sy,  0.0 ni, 78.2 id,  0.0 wa,  0.0 hi,  0.2 si,  0.1 st
%Cpu(s): 17.8 us,  9.0 sy,  0.0 ni, 71.8 id,  0.0 wa,  0.0 hi,  1.4 si,  0.0 st
%Cpu(s): 14.7 us,  9.2 sy,  0.0 ni, 75.4 id,  0.0 wa,  0.0 hi,  0.6 si,  0.1 st
%Cpu(s): 15.5 us,  9.8 sy,  0.0 ni, 74.5 id,  0.1 wa,  0.0 hi,  0.1 si,  0.1 st
%Cpu(s): 16.6 us,  9.5 sy,  0.0 ni, 73.6 id,  0.0 wa,  0.0 hi,  0.3 si,  0.1 st
%Cpu(s): 14.7 us,  8.1 sy,  0.0 ni, 76.8 id,  0.0 wa,  0.0 hi,  0.4 si,  0.1 st
%Cpu(s): 15.2 us, 10.0 sy,  0.0 ni, 74.1 id,  0.0 wa,  0.0 hi,  0.6 si,  0.0 st
%Cpu(s): 13.5 us,  9.2 sy,  0.0 ni, 76.7 id,  0.0 wa,  0.0 hi,  0.6 si,  0.0 st
%Cpu(s): 15.4 us, 12.0 sy,  0.0 ni, 71.6 id,  0.1 wa,  0.0 hi,  0.9 si,  0.0 st
%Cpu(s): 15.6 us, 12.6 sy,  0.0 ni, 69.6 id,  0.0 wa,  0.0 hi,  2.1 si,  0.1 st
%Cpu(s): 16.6 us, 12.1 sy,  0.0 ni, 70.0 id,  0.0 wa,  0.0 hi,  1.3 si,  0.0 st
%Cpu(s): 14.5 us,  9.2 sy,  0.0 ni, 75.4 id,  0.1 wa,  0.0 hi,  0.7 si,  0.0 st
%Cpu(s): 16.4 us, 10.9 sy,  0.0 ni, 71.6 id,  1.1 wa,  0.0 hi,  0.0 si,  0.1 st
%Cpu(s): 18.1 us, 11.5 sy,  0.0 ni, 70.2 id,  0.1 wa,  0.0 hi,  0.1 si,  0.0 st
%Cpu(s): 19.3 us, 11.1 sy,  0.0 ni, 69.4 id,  0.0 wa,  0.0 hi,  0.1 si,  0.0 st
%Cpu(s): 18.1 us, 16.0 sy,  0.0 ni, 65.9 id,  0.0 wa,  0.0 hi,  0.0 si,  0.0 st
%Cpu(s): 17.3 us, 13.5 sy,  0.0 ni, 67.1 id,  0.0 wa,  0.0 hi,  1.9 si,  0.1 st
%Cpu(s): 26.7 us, 11.8 sy,  0.0 ni, 60.0 id,  0.0 wa,  0.0 hi,  1.5 si,  0.0 st
%Cpu(s): 19.3 us, 11.3 sy,  0.0 ni, 68.8 id,  0.0 wa,  0.0 hi,  0.5 si,  0.0 st
%Cpu(s): 14.2 us,  9.3 sy,  0.0 ni, 75.8 id,  0.0 wa,  0.0 hi,  0.3 si,  0.4 st
%Cpu(s): 14.5 us,  9.8 sy,  0.0 ni, 75.1 id,  0.0 wa,  0.0 hi,  0.4 si,  0.1 st
%Cpu(s): 14.3 us, 10.3 sy,  0.0 ni, 75.3 id,  0.0 wa,  0.0 hi,  0.2 si,  0.0 st
%Cpu(s): 13.9 us,  9.6 sy,  0.0 ni, 75.1 id,  0.0 wa,  0.0 hi,  1.5 si,  0.0 st
%Cpu(s): 17.3 us,  9.4 sy,  0.0 ni, 72.5 id,  0.1 wa,  0.0 hi,  0.5 si,  0.1 st
%Cpu(s): 16.9 us, 10.8 sy,  0.0 ni, 71.1 id,  0.0 wa,  0.0 hi,  1.1 si,  0.0 st
%Cpu(s): 15.5 us, 10.3 sy,  0.0 ni, 73.7 id,  0.0 wa,  0.0 hi,  0.5 si,  0.0 st
%Cpu(s): 14.9 us,  9.6 sy,  0.0 ni, 74.9 id,  0.0 wa,  0.0 hi,  0.5 si,  0.1 st
%Cpu(s): 17.8 us, 12.1 sy,  0.0 ni, 69.9 id,  0.0 wa,  0.0 hi,  0.3 si,  0.0 st
%Cpu(s): 15.5 us,  9.8 sy,  0.0 ni, 74.4 id,  0.0 wa,  0.0 hi,  0.1 si,  0.1 st
%Cpu(s): 15.0 us,  8.5 sy,  0.0 ni, 74.7 id,  0.0 wa,  0.0 hi,  1.8 si,  0.0 st
%Cpu(s): 16.2 us, 11.6 sy,  0.0 ni, 70.5 id,  0.0 wa,  0.0 hi,  1.7 si,  0.0 st
%Cpu(s): 16.1 us, 12.5 sy,  0.0 ni, 70.0 id,  0.0 wa,  0.0 hi,  1.4 si,  0.0 st
%Cpu(s): 16.9 us, 13.0 sy,  0.0 ni, 70.0 id,  0.0 wa,  0.0 hi,  0.1 si,  0.1 st
%Cpu(s): 15.3 us,  9.4 sy,  0.0 ni, 74.1 id,  0.0 wa,  0.0 hi,  1.2 si,  0.0 st
%Cpu(s): 14.4 us,  9.4 sy,  0.0 ni, 74.8 id,  0.0 wa,  0.0 hi,  1.4 si,  0.0 st
%Cpu(s): 16.4 us,  9.8 sy,  0.0 ni, 73.8 id,  0.0 wa,  0.0 hi,  0.0 si,  0.0 st
%Cpu(s): 14.7 us, 10.4 sy,  0.0 ni, 74.8 id,  0.0 wa,  0.0 hi,  0.0 si,  0.1 st
%Cpu(s): 13.9 us,  8.1 sy,  0.0 ni, 75.8 id,  1.8 wa,  0.0 hi,  0.3 si,  0.2 st
%Cpu(s): 15.2 us,  9.8 sy,  0.0 ni, 73.8 id,  0.0 wa,  0.0 hi,  1.1 si,  0.0 st
%Cpu(s): 16.3 us, 11.2 sy,  0.0 ni, 72.4 id,  0.0 wa,  0.0 hi,  0.1 si,  0.1 st
%Cpu(s): 15.8 us,  9.2 sy,  0.0 ni, 73.9 id,  0.0 wa,  0.0 hi,  1.1 si,  0.0 st
%Cpu(s): 16.0 us,  9.3 sy,  0.0 ni, 74.2 id,  0.0 wa,  0.0 hi,  0.4 si,  0.0 st
%Cpu(s): 13.5 us,  8.5 sy,  0.0 ni, 75.8 id,  0.6 wa,  0.0 hi,  1.5 si,  0.1 st
%Cpu(s): 15.4 us,  8.7 sy,  0.0 ni, 75.0 id,  0.0 wa,  0.0 hi,  0.9 si,  0.0 st
%Cpu(s): 15.2 us, 10.1 sy,  0.0 ni, 74.7 id,  0.0 wa,  0.0 hi,  0.0 si,  0.0 st
%Cpu(s): 17.3 us, 10.6 sy,  0.0 ni, 72.1 id,  0.0 wa,  0.0 hi,  0.0 si,  0.0 st
%Cpu(s): 15.5 us, 10.0 sy,  0.0 ni, 73.7 id,  0.0 wa,  0.0 hi,  0.8 si,  0.1 st
%Cpu(s): 15.2 us,  8.6 sy,  0.0 ni, 75.7 id,  0.2 wa,  0.0 hi,  0.3 si,  0.0 st
%Cpu(s): 14.3 us,  9.3 sy,  0.0 ni, 75.6 id,  0.0 wa,  0.0 hi,  0.5 si,  0.2 st
%Cpu(s): 16.2 us,  9.8 sy,  0.0 ni, 73.6 id,  0.0 wa,  0.0 hi,  0.1 si,  0.2 st
%Cpu(s): 16.1 us,  8.8 sy,  0.0 ni, 74.9 id,  0.0 wa,  0.0 hi,  0.1 si,  0.0 st
%Cpu(s): 11.9 us,  8.7 sy,  0.0 ni, 78.0 id,  0.0 wa,  0.0 hi,  1.5 si,  0.0 st
%Cpu(s): 12.3 us,  9.2 sy,  0.0 ni, 76.7 id,  0.0 wa,  0.0 hi,  1.8 si,  0.0 st
%Cpu(s): 12.1 us,  8.9 sy,  0.0 ni, 78.1 id,  0.0 wa,  0.0 hi,  0.8 si,  0.1 st
%Cpu(s): 12.4 us,  9.1 sy,  0.0 ni, 77.7 id,  0.0 wa,  0.0 hi,  0.8 si,  0.0 st
%Cpu(s): 11.6 us,  9.0 sy,  0.0 ni, 77.5 id,  0.0 wa,  0.0 hi,  1.9 si,  0.1 st
