%Cpu(s):  2.8 us,  1.6 sy,  0.0 ni, 95.5 id,  0.0 wa,  0.0 hi,  0.1 si,  0.0 st
%Cpu(s):  0.1 us,  0.0 sy,  0.0 ni, 99.9 id,  0.0 wa,  0.0 hi,  0.0 si,  0.0 st
%Cpu(s):  0.1 us,  0.1 sy,  0.0 ni, 99.9 id,  0.0 wa,  0.0 hi,  0.0 si,  0.0 st
%Cpu(s):  0.1 us,  0.1 sy,  0.0 ni, 99.8 id,  0.0 wa,  0.0 hi,  0.0 si,  0.0 st
%Cpu(s):  0.1 us,  0.1 sy,  0.0 ni, 99.9 id,  0.0 wa,  0.0 hi,  0.0 si,  0.0 st
%Cpu(s):  0.0 us,  0.1 sy,  0.0 ni, 99.9 id,  0.0 wa,  0.0 hi,  0.0 si,  0.0 st
%Cpu(s):  0.1 us,  0.0 sy,  0.0 ni, 99.9 id,  0.0 wa,  0.0 hi,  0.0 si,  0.1 st
%Cpu(s):  1.4 us,  0.1 sy,  0.0 ni, 98.5 id,  0.0 wa,  0.0 hi,  0.0 si,  0.0 st
%Cpu(s):  1.8 us,  0.2 sy,  0.0 ni, 98.0 id,  0.0 wa,  0.0 hi,  0.0 si,  0.0 st
%Cpu(s):  0.1 us,  0.1 sy,  0.0 ni, 99.8 id,  0.0 wa,  0.0 hi,  0.0 si,  0.0 st
%Cpu(s):  0.2 us,  0.1 sy,  0.0 ni, 99.6 id,  0.0 wa,  0.0 hi,  0.0 si,  0.1 st
%Cpu(s):  0.1 us,  0.1 sy,  0.0 ni, 99.8 id,  0.0 wa,  0.0 hi,  0.0 si,  0.0 st
%Cpu(s):  0.1 us,  0.1 sy,  0.0 ni, 99.8 id,  0.0 wa,  0.0 hi,  0.0 si,  0.0 st
%Cpu(s):  0.3 us,  0.0 sy,  0.0 ni, 99.6 id,  0.1 wa,  0.0 hi,  0.0 si,  0.0 st
%Cpu(s):  9.9 us,  1.0 sy,  0.0 ni, 88.9 id,  0.1 wa,  0.0 hi,  0.1 si,  0.0 st
%Cpu(s): 37.0 us,  4.4 sy,  0.0 ni, 58.4 id,  0.0 wa,  0.0 hi,  0.2 si,  0.0 st
%Cpu(s): 38.9 us,  7.5 sy,  0.0 ni, 52.1 id,  0.0 wa,  0.0 hi,  1.5 si,  0.0 st
%Cpu(s): 13.8 us,  8.6 sy,  0.0 ni, 76.7 id,  0.0 wa,  0.0 hi,  0.8 si,  0.1 st
%Cpu(s): 12.3 us,  8.6 sy,  0.0 ni, 78.0 id,  0.0 wa,  0.0 hi,  1.1 si,  0.0 st
%Cpu(s): 12.9 us,  8.2 sy,  0.0 ni, 78.5 id,  0.0 wa,  0.0 hi,  0.4 si,  0.0 st
%Cpu(s): 13.9 us,  8.4 sy,  0.0 ni, 77.5 id,  0.0 wa,  0.0 hi,  0.3 si,  0.0 st
%Cpu(s): 14.0 us,  8.8 sy,  0.0 ni, 76.8 id,  0.0 wa,  0.0 hi,  0.3 si,  0.1 st
%Cpu(s): 15.8 us,  8.3 sy,  0.0 ni, 74.7 id,  0.0 wa,  0.0 hi,  1.1 si,  0.0 st
%Cpu(s): 13.9 us,  7.4 sy,  0.0 ni, 77.8 id,  0.1 wa,  0.0 hi,  0.8 si,  0.1 st
%Cpu(s): 15.7 us,  8.5 sy,  0.0 ni, 75.5 id,  0.0 wa,  0.0 hi,  0.3 si,  0.0 st
%Cpu(s): 15.0 us,  8.4 sy,  0.0 ni, 76.2 id,  0.0 wa,  0.0 hi,  0.4 si,  0.0 st
%Cpu(s): 13.1 us,  8.4 sy,  0.0 ni, 77.3 id,  1.0 wa,  0.0 hi,  0.2 si,  0.0 st
%Cpu(s): 13.0 us,  8.9 sy,  0.0 ni, 77.9 id,  0.0 wa,  0.0 hi,  0.2 si,  0.1 st
%Cpu(s): 14.8 us, 10.6 sy,  0.0 ni, 74.1 id,  0.1 wa,  0.0 hi,  0.5 si,  0.0 st
%Cpu(s): 15.0 us,  9.2 sy,  0.0 ni, 75.6 id,  0.0 wa,  0.0 hi,  0.3 si,  0.0 st
%Cpu(s): 13.0 us,  8.4 sy,  0.0 ni, 78.0 id,  0.0 wa,  0.0 hi,  0.6 si,  0.0 st
%Cpu(s): 15.6 us,  9.8 sy,  0.0 ni, 74.0 id,  0.1 wa,  0.0 hi,  0.5 si,  0.0 st
%Cpu(s): 14.5 us, 11.9 sy,  0.0 ni, 73.1 id,  0.0 wa,  0.0 hi,  0.4 si,  0.0 st
%Cpu(s): 13.2 us, 12.5 sy,  0.0 ni, 73.9 id,  0.1 wa,  0.0 hi,  0.2 si,  0.1 st
%Cpu(s): 14.3 us, 10.6 sy,  0.0 ni, 74.4 id,  0.0 wa,  0.0 hi,  0.6 si,  0.1 st
%Cpu(s): 13.6 us,  9.0 sy,  0.0 ni, 76.8 id,  0.0 wa,  0.0 hi,  0.5 si,  0.1 st
%Cpu(s): 14.0 us,  9.7 sy,  0.0 ni, 75.7 id,  0.0 wa,  0.0 hi,  0.4 si,  0.1 st
%Cpu(s): 19.4 us,  8.5 sy,  0.0 ni, 71.0 id,  0.0 wa,  0.0 hi,  1.0 si,  0.1 st
%Cpu(s): 24.1 us, 10.1 sy,  0.0 ni, 65.2 id,  0.0 wa,  0.0 hi,  0.6 si,  0.0 st
%Cpu(s): 14.4 us,  9.7 sy,  0.0 ni, 75.2 id,  0.0 wa,  0.0 hi,  0.7 si,  0.0 st
%Cpu(s): 14.3 us,  9.1 sy,  0.0 ni, 75.3 id,  0.0 wa,  0.0 hi,  1.3 si,  0.0 st
%Cpu(s): 14.1 us,  8.9 sy,  0.0 ni, 75.3 id,  0.0 wa,  0.0 hi,  1.6 si,  0.1 st
%Cpu(s): 14.0 us,  7.3 sy,  0.0 ni, 77.9 id,  0.1 wa,  0.0 hi,  0.6 si,  0.1 st
%Cpu(s): 15.2 us, 11.1 sy,  0.0 ni, 73.6 id,  0.0 wa,  0.0 hi,  0.0 si,  0.1 st
%Cpu(s): 16.2 us, 12.2 sy,  0.0 ni, 70.9 id,  0.0 wa,  0.0 hi,  0.6 si,  0.0 st
%Cpu(s): 17.7 us, 11.4 sy,  0.0 ni, 70.6 id,  0.0 wa,  0.0 hi,  0.3 si,  0.0 st
%Cpu(s): 15.7 us,  8.6 sy,  0.0 ni, 75.0 id,  0.0 wa,  0.0 hi,  0.6 si,  0.0 st
%Cpu(s): 14.7 us,  9.0 sy,  0.0 ni, 75.1 id,  0.1 wa,  0.0 hi,  1.2 si,  0.0 st
%Cpu(s): 16.0 us, 10.3 sy,  0.0 ni, 73.4 id,  0.0 wa,  0.0 hi,  0.3 si,  0.0 st
%Cpu(s): 15.9 us, 10.6 sy,  0.0 ni, 73.4 id,  0.0 wa,  0.0 hi,  0.1 si,  0.1 st
%Cpu(s): 16.1 us, 11.0 sy,  0.0 ni, 72.9 id,  0.0 wa,  0.0 hi,  0.1 si,  0.0 st
%Cpu(s): 16.3 us,  9.4 sy,  0.0 ni, 72.6 id,  1.1 wa,  0.0 hi,  0.2 si,  0.3 st
%Cpu(s): 14.3 us, 11.9 sy,  0.0 ni, 73.4 id,  0.1 wa,  0.0 hi,  0.3 si,  0.0 st
%Cpu(s): 13.7 us, 12.2 sy,  0.0 ni, 73.6 id,  0.0 wa,  0.0 hi,  0.5 si,  0.1 st
%Cpu(s): 15.3 us, 13.0 sy,  0.0 ni, 71.0 id,  0.0 wa,  0.0 hi,  0.7 si,  0.0 st
%Cpu(s): 15.3 us, 11.4 sy,  0.0 ni, 73.3 id,  0.0 wa,  0.0 hi,  0.1 si,  0.0 st
%Cpu(s): 14.7 us,  8.8 sy,  0.0 ni, 75.3 id,  0.6 wa,  0.0 hi,  0.5 si,  0.0 st
%Cpu(s): 16.0 us, 10.3 sy,  0.0 ni, 72.9 id,  0.1 wa,  0.0 hi,  0.7 si,  0.0 st
%Cpu(s): 14.1 us,  9.8 sy,  0.0 ni, 75.8 id,  0.0 wa,  0.0 hi,  0.3 si,  0.0 st
%Cpu(s): 15.4 us,  9.7 sy,  0.0 ni, 74.1 id,  0.0 wa,  0.0 hi,  0.8 si,  0.1 st
%Cpu(s): 14.8 us,  9.2 sy,  0.0 ni, 75.2 id,  0.0 wa,  0.0 hi,  0.8 si,  0.1 st
%Cpu(s): 14.1 us,  8.5 sy,  0.0 ni, 77.2 id,  0.0 wa,  0.0 hi,  0.3 si,  0.0 st
%Cpu(s): 13.8 us,  8.7 sy,  0.0 ni, 77.1 id,  0.1 wa,  0.0 hi,  0.3 si,  0.0 st
%Cpu(s): 14.6 us,  9.5 sy,  0.0 ni, 75.5 id,  0.0 wa,  0.0 hi,  0.4 si,  0.1 st
%Cpu(s): 14.5 us,  9.3 sy,  0.0 ni, 75.8 id,  0.0 wa,  0.0 hi,  0.4 si,  0.0 st
%Cpu(s): 12.7 us,  8.6 sy,  0.0 ni, 78.0 id,  0.0 wa,  0.0 hi,  0.6 si,  0.0 st
%Cpu(s): 12.5 us,  7.5 sy,  0.0 ni, 78.6 id,  0.0 wa,  0.0 hi,  0.5 si,  0.9 st
%Cpu(s): 13.4 us,  8.1 sy,  0.0 ni, 78.3 id,  0.2 wa,  0.0 hi,  0.0 si,  0.0 st
%Cpu(s): 14.2 us,  8.8 sy,  0.0 ni, 77.0 id,  0.0 wa,  0.0 hi,  0.0 si,  0.0 st
%Cpu(s): 16.5 us, 11.2 sy,  0.0 ni, 72.2 id,  0.0 wa,  0.0 hi,  0.0 si,  0.1 st
%Cpu(s): 15.1 us,  9.5 sy,  0.0 ni, 75.3 id,  0.0 wa,  0.0 hi,  0.1 si,  0.0 st
%Cpu(s): 12.3 us,  9.3 sy,  0.0 ni, 76.7 id,  0.0 wa,  0.0 hi,  1.7 si,  0.0 st
%Cpu(s): 11.7 us,  8.9 sy,  0.0 ni, 79.1 id,  0.0 wa,  0.0 hi,  0.3 si,  0.1 st
%Cpu(s): 14.4 us,  9.6 sy,  0.0 ni, 74.1 id,  0.0 wa,  0.0 hi,  1.9 si,  0.0 st
%Cpu(s): 13.4 us,  9.6 sy,  0.0 ni, 76.4 id,  0.0 wa,  0.0 hi,  0.7 si,  0.0 st
%Cpu(s): 10.9 us,  8.4 sy,  0.0 ni, 80.2 id,  0.0 wa,  0.0 hi,  0.5 si,  0.1 st
