%Cpu(s):  2.9 us,  1.5 sy,  0.0 ni, 95.4 id,  0.0 wa,  0.0 hi,  0.1 si,  0.0 st
%Cpu(s):  0.1 us,  0.0 sy,  0.0 ni, 99.9 id,  0.0 wa,  0.0 hi,  0.0 si,  0.0 st
%Cpu(s):  0.1 us,  0.0 sy,  0.0 ni, 99.8 id,  0.1 wa,  0.0 hi,  0.0 si,  0.0 st
%Cpu(s):  0.1 us,  0.1 sy,  0.0 ni, 99.9 id,  0.0 wa,  0.0 hi,  0.0 si,  0.0 st
%Cpu(s):  0.1 us,  0.0 sy,  0.0 ni, 99.9 id,  0.0 wa,  0.0 hi,  0.0 si,  0.0 st
%Cpu(s):  0.1 us,  0.1 sy,  0.0 ni, 99.9 id,  0.0 wa,  0.0 hi,  0.0 si,  0.0 st
%Cpu(s):  0.0 us,  0.1 sy,  0.0 ni, 99.9 id,  0.0 wa,  0.0 hi,  0.0 si,  0.0 st
%Cpu(s):  0.1 us,  0.0 sy,  0.0 ni, 99.9 id,  0.0 wa,  0.0 hi,  0.0 si,  0.0 st
%Cpu(s): 34.8 us,  2.2 sy,  0.0 ni, 62.1 id,  0.0 wa,  0.0 hi,  0.7 si,  0.1 st
%Cpu(s): 36.2 us,  1.4 sy,  0.0 ni, 61.6 id,  0.0 wa,  0.0 hi,  0.7 si,  0.1 st
%Cpu(s):  3.6 us,  0.7 sy,  0.0 ni, 95.6 id,  0.0 wa,  0.0 hi,  0.1 si,  0.1 st
%Cpu(s):  1.1 us,  0.1 sy,  0.0 ni, 98.7 id,  0.0 wa,  0.0 hi,  0.0 si,  0.1 st
%Cpu(s):  0.9 us,  0.2 sy,  0.0 ni, 98.7 id,  0.1 wa,  0.0 hi,  0.0 si,  0.1 st
%Cpu(s):  0.6 us,  0.2 sy,  0.0 ni, 99.1 id,  0.0 wa,  0.0 hi,  0.1 si,  0.1 st
%Cpu(s):  2.9 us,  0.2 sy,  0.0 ni, 96.4 id,  0.4 wa,  0.0 hi,  0.1 si,  0.0 st
%Cpu(s): 51.7 us,  6.0 sy,  0.0 ni, 39.9 id,  1.1 wa,  0.0 hi,  1.1 si,  0.1 st
%Cpu(s): 37.3 us,  6.2 sy,  0.0 ni, 55.1 id,  0.0 wa,  0.0 hi,  1.4 si,  0.0 st
%Cpu(s): 15.7 us,  5.9 sy,  0.0 ni, 77.0 id,  0.1 wa,  0.0 hi,  1.0 si,  0.3 st
%Cpu(s): 11.8 us,  5.8 sy,  0.0 ni, 81.4 id,  0.2 wa,  0.0 hi,  0.7 si,  0.3 st
%Cpu(s): 13.0 us,  6.2 sy,  0.0 ni, 80.0 id,  0.0 wa,  0.0 hi,  0.7 si,  0.1 st
%Cpu(s): 12.8 us,  6.8 sy,  0.0 ni, 79.4 id,  0.0 wa,  0.0 hi,  0.9 si,  0.1 st
%Cpu(s): 12.7 us,  6.1 sy,  0.0 ni, 80.2 id,  0.0 wa,  0.0 hi,  0.9 si,  0.0 st
%Cpu(s): 14.3 us,  7.4 sy,  0.0 ni, 77.3 id,  0.1 wa,  0.0 hi,  0.9 si,  0.0 st
%Cpu(s): 12.7 us,  6.8 sy,  0.0 ni, 79.7 id,  0.0 wa,  0.0 hi,  0.7 si,  0.1 st
%Cpu(s): 13.9 us,  6.2 sy,  0.0 ni, 79.2 id,  0.0 wa,  0.0 hi,  0.7 si,  0.1 st
%Cpu(s): 13.0 us,  7.6 sy,  0.0 ni, 78.6 id,  0.0 wa,  0.0 hi,  0.8 si,  0.1 st
%Cpu(s): 13.3 us,  8.9 sy,  0.0 ni, 77.3 id,  0.0 wa,  0.0 hi,  0.4 si,  0.0 st
%Cpu(s): 12.7 us,  6.8 sy,  0.0 ni, 79.8 id,  0.1 wa,  0.0 hi,  0.6 si,  0.1 st
%Cpu(s): 12.5 us,  7.1 sy,  0.0 ni, 80.1 id,  0.0 wa,  0.0 hi,  0.4 si,  0.0 st
%Cpu(s): 14.1 us,  6.1 sy,  0.0 ni, 79.1 id,  0.0 wa,  0.0 hi,  0.6 si,  0.1 st
%Cpu(s): 13.1 us,  6.6 sy,  0.0 ni, 79.8 id,  0.0 wa,  0.0 hi,  0.5 si,  0.0 st
%Cpu(s): 12.1 us,  8.9 sy,  0.0 ni, 78.2 id,  0.0 wa,  0.0 hi,  0.7 si,  0.0 st
%Cpu(s): 13.1 us,  9.3 sy,  0.0 ni, 77.1 id,  0.1 wa,  0.0 hi,  0.4 si,  0.1 st
%Cpu(s): 15.3 us, 10.7 sy,  0.0 ni, 73.7 id,  0.0 wa,  0.0 hi,  0.4 si,  0.0 st
%Cpu(s): 14.0 us, 10.5 sy,  0.0 ni, 75.2 id,  0.0 wa,  0.0 hi,  0.3 si,  0.0 st
%Cpu(s): 13.3 us, 10.2 sy,  0.0 ni, 75.9 id,  0.0 wa,  0.0 hi,  0.5 si,  0.1 st
%Cpu(s): 14.9 us,  9.5 sy,  0.0 ni, 75.1 id,  0.0 wa,  0.0 hi,  0.5 si,  0.0 st
%Cpu(s): 15.3 us,  9.1 sy,  0.0 ni, 75.3 id,  0.0 wa,  0.0 hi,  0.3 si,  0.1 st
%Cpu(s): 24.9 us,  9.8 sy,  0.0 ni, 64.7 id,  0.3 wa,  0.0 hi,  0.3 si,  0.0 st
%Cpu(s): 14.1 us, 11.6 sy,  0.0 ni, 73.5 id,  0.0 wa,  0.0 hi,  0.8 si,  0.0 st
%Cpu(s): 13.2 us,  7.4 sy,  0.0 ni, 78.9 id,  0.0 wa,  0.0 hi,  0.4 si,  0.0 st
%Cpu(s): 13.3 us,  7.7 sy,  0.0 ni, 77.8 id,  0.1 wa,  0.0 hi,  1.0 si,  0.1 st
%Cpu(s): 13.0 us,  8.3 sy,  0.0 ni, 78.2 id,  0.0 wa,  0.0 hi,  0.5 si,  0.0 st
%Cpu(s): 12.9 us,  8.5 sy,  0.0 ni, 75.3 id,  2.7 wa,  0.0 hi,  0.6 si,  0.0 st
%Cpu(s): 11.4 us,  6.2 sy,  0.0 ni, 81.9 id,  0.0 wa,  0.0 hi,  0.4 si,  0.1 st
%Cpu(s): 10.9 us,  6.7 sy,  0.0 ni, 82.0 id,  0.0 wa,  0.0 hi,  0.3 si,  0.1 st
%Cpu(s): 12.9 us,  6.6 sy,  0.0 ni, 79.7 id,  0.2 wa,  0.0 hi,  0.6 si,  0.1 st
%Cpu(s): 13.3 us,  8.1 sy,  0.0 ni, 77.8 id,  0.0 wa,  0.0 hi,  0.4 si,  0.3 st
%Cpu(s): 13.5 us,  8.6 sy,  0.0 ni, 77.4 id,  0.0 wa,  0.0 hi,  0.4 si,  0.1 st
%Cpu(s): 13.7 us,  8.0 sy,  0.0 ni, 77.5 id,  0.0 wa,  0.0 hi,  0.7 si,  0.1 st
%Cpu(s): 12.4 us,  7.4 sy,  0.0 ni, 79.4 id,  0.0 wa,  0.0 hi,  0.7 si,  0.1 st
%Cpu(s): 11.7 us,  7.4 sy,  0.0 ni, 80.4 id,  0.1 wa,  0.0 hi,  0.4 si,  0.1 st
%Cpu(s): 12.2 us,  7.2 sy,  0.0 ni, 80.3 id,  0.0 wa,  0.0 hi,  0.3 si,  0.1 st
%Cpu(s): 12.7 us,  9.2 sy,  0.0 ni, 77.8 id,  0.0 wa,  0.0 hi,  0.3 si,  0.0 st
%Cpu(s): 14.8 us,  8.1 sy,  0.0 ni, 76.9 id,  0.0 wa,  0.0 hi,  0.3 si,  0.0 st
%Cpu(s): 11.8 us,  8.0 sy,  0.0 ni, 79.5 id,  0.0 wa,  0.0 hi,  0.6 si,  0.0 st
%Cpu(s): 13.3 us,  8.3 sy,  0.0 ni, 77.6 id,  0.2 wa,  0.0 hi,  0.4 si,  0.1 st
%Cpu(s): 12.5 us,  8.0 sy,  0.0 ni, 79.3 id,  0.0 wa,  0.0 hi,  0.2 si,  0.0 st
%Cpu(s): 13.8 us,  8.4 sy,  0.0 ni, 77.1 id,  0.0 wa,  0.0 hi,  0.6 si,  0.1 st
%Cpu(s): 15.4 us, 10.6 sy,  0.0 ni, 73.3 id,  0.0 wa,  0.0 hi,  0.6 si,  0.0 st
%Cpu(s): 16.1 us,  9.9 sy,  0.0 ni, 73.3 id,  0.0 wa,  0.0 hi,  0.6 si,  0.0 st
%Cpu(s): 14.1 us,  9.0 sy,  0.0 ni, 76.7 id,  0.0 wa,  0.0 hi,  0.3 si,  0.0 st
%Cpu(s): 13.7 us,  7.7 sy,  0.0 ni, 78.0 id,  0.0 wa,  0.0 hi,  0.6 si,  0.1 st
%Cpu(s): 15.6 us,  7.9 sy,  0.0 ni, 76.0 id,  0.0 wa,  0.0 hi,  0.4 si,  0.0 st
%Cpu(s): 15.4 us, 10.8 sy,  0.0 ni, 72.9 id,  0.0 wa,  0.0 hi,  0.9 si,  0.0 st
%Cpu(s): 15.5 us,  9.8 sy,  0.0 ni, 74.2 id,  0.0 wa,  0.0 hi,  0.4 si,  0.1 st
%Cpu(s): 17.4 us, 11.1 sy,  0.0 ni, 71.1 id,  0.1 wa,  0.0 hi,  0.3 si,  0.0 st
%Cpu(s): 15.8 us, 12.2 sy,  0.0 ni, 71.9 id,  0.0 wa,  0.0 hi,  0.1 si,  0.0 st
%Cpu(s): 14.4 us,  8.9 sy,  0.0 ni, 75.1 id,  1.1 wa,  0.0 hi,  0.4 si,  0.0 st
%Cpu(s): 14.7 us, 10.0 sy,  0.0 ni, 75.0 id,  0.0 wa,  0.0 hi,  0.3 si,  0.1 st
%Cpu(s): 12.2 us,  6.9 sy,  0.0 ni, 80.4 id,  0.0 wa,  0.0 hi,  0.4 si,  0.1 st
%Cpu(s): 12.1 us,  8.1 sy,  0.0 ni, 79.1 id,  0.0 wa,  0.0 hi,  0.6 si,  0.1 st
%Cpu(s): 11.9 us,  8.1 sy,  0.0 ni, 79.4 id,  0.0 wa,  0.0 hi,  0.6 si,  0.1 st
%Cpu(s): 11.2 us,  8.0 sy,  0.0 ni, 78.3 id,  1.7 wa,  0.0 hi,  0.7 si,  0.0 st
%Cpu(s): 11.1 us,  7.4 sy,  0.0 ni, 78.4 id,  1.7 wa,  0.0 hi,  1.3 si,  0.1 st
%Cpu(s): 11.1 us,  7.3 sy,  0.0 ni, 80.6 id,  0.0 wa,  0.0 hi,  1.0 si,  0.0 st
