%Cpu(s):  2.3 us,  1.3 sy,  0.0 ni, 96.2 id,  0.0 wa,  0.0 hi,  0.1 si,  0.0 st
%Cpu(s):  0.2 us,  0.0 sy,  0.0 ni, 99.8 id,  0.0 wa,  0.0 hi,  0.0 si,  0.0 st
%Cpu(s):  0.0 us,  0.1 sy,  0.0 ni, 99.9 id,  0.0 wa,  0.0 hi,  0.0 si,  0.1 st
%Cpu(s):  0.1 us,  0.1 sy,  0.0 ni, 99.8 id,  0.0 wa,  0.0 hi,  0.0 si,  0.0 st
%Cpu(s):  0.1 us,  0.1 sy,  0.0 ni, 99.9 id,  0.0 wa,  0.0 hi,  0.0 si,  0.0 st
%Cpu(s):  0.0 us,  0.0 sy,  0.0 ni,100.0 id,  0.0 wa,  0.0 hi,  0.0 si,  0.0 st
%Cpu(s):  3.0 us,  0.5 sy,  0.0 ni, 96.4 id,  0.0 wa,  0.0 hi,  0.1 si,  0.0 st
%Cpu(s):  1.7 us,  0.2 sy,  0.0 ni, 98.1 id,  0.0 wa,  0.0 hi,  0.0 si,  0.0 st
%Cpu(s):  0.4 us,  0.2 sy,  0.0 ni, 99.0 id,  0.3 wa,  0.0 hi,  0.0 si,  0.1 st
%Cpu(s):  0.4 us,  0.0 sy,  0.0 ni, 99.6 id,  0.0 wa,  0.0 hi,  0.0 si,  0.0 st
%Cpu(s):  0.6 us,  0.1 sy,  0.0 ni, 99.2 id,  0.0 wa,  0.0 hi,  0.0 si,  0.1 st
%Cpu(s):  0.4 us,  0.0 sy,  0.0 ni, 99.6 id,  0.0 wa,  0.0 hi,  0.0 si,  0.0 st
%Cpu(s):  0.4 us,  0.1 sy,  0.0 ni, 99.4 id,  0.0 wa,  0.0 hi,  0.0 si,  0.0 st
%Cpu(s):  0.2 us,  0.0 sy,  0.0 ni, 99.7 id,  0.1 wa,  0.0 hi,  0.0 si,  0.0 st
%Cpu(s): 24.2 us,  2.8 sy,  0.0 ni, 72.4 id,  0.1 wa,  0.0 hi,  0.6 si,  0.0 st
%Cpu(s): 58.2 us,  8.1 sy,  0.0 ni, 32.4 id,  0.0 wa,  0.0 hi,  1.3 si,  0.0 st
%Cpu(s): 14.9 us,  6.8 sy,  0.0 ni, 77.9 id,  0.0 wa,  0.0 hi,  0.3 si,  0.2 st
%Cpu(s): 13.8 us,  7.3 sy,  0.0 ni, 78.6 id,  0.0 wa,  0.0 hi,  0.4 si,  0.0 st
%Cpu(s): 12.5 us,  7.3 sy,  0.0 ni, 79.5 id,  0.0 wa,  0.0 hi,  0.8 si,  0.0 st
%Cpu(s): 11.2 us,  5.8 sy,  0.0 ni, 82.5 id,  0.0 wa,  0.0 hi,  0.5 si,  0.0 st
%Cpu(s): 12.1 us,  6.4 sy,  0.0 ni, 80.8 id,  0.0 wa,  0.0 hi,  0.7 si,  0.0 st
%Cpu(s): 13.7 us,  8.3 sy,  0.0 ni, 76.9 id,  0.0 wa,  0.0 hi,  1.1 si,  0.1 st
%Cpu(s): 14.3 us,  8.4 sy,  0.0 ni, 75.7 id,  0.0 wa,  0.0 hi,  1.6 si,  0.0 st
%Cpu(s): 14.7 us,  9.5 sy,  0.0 ni, 75.0 id,  0.0 wa,  0.0 hi,  0.7 si,  0.1 st
%Cpu(s): 14.3 us,  8.2 sy,  0.0 ni, 76.9 id,  0.0 wa,  0.0 hi,  0.6 si,  0.0 st
%Cpu(s): 14.3 us,  9.3 sy,  0.0 ni, 75.0 id,  0.9 wa,  0.0 hi,  0.5 si,  0.0 st
%Cpu(s): 14.0 us,  9.8 sy,  0.0 ni, 75.0 id,  0.0 wa,  0.0 hi,  1.2 si,  0.1 st
%Cpu(s): 14.6 us, 11.0 sy,  0.0 ni, 73.2 id,  0.0 wa,  0.0 hi,  1.1 si,  0.0 st
%Cpu(s): 16.8 us, 11.0 sy,  0.0 ni, 71.9 id,  0.1 wa,  0.0 hi,  0.3 si,  0.0 st
%Cpu(s): 14.5 us, 10.4 sy,  0.0 ni, 75.0 id,  0.0 wa,  0.0 hi,  0.1 si,  0.0 st
%Cpu(s): 18.4 us, 14.7 sy,  0.0 ni, 67.0 id,  0.0 wa,  0.0 hi,  0.0 si,  0.0 st
%Cpu(s): 16.4 us, 14.1 sy,  0.0 ni, 68.0 id,  0.0 wa,  0.0 hi,  1.4 si,  0.1 st
%Cpu(s): 15.6 us, 12.6 sy,  0.0 ni, 70.3 id,  0.0 wa,  0.0 hi,  1.5 si,  0.0 st
%Cpu(s): 15.2 us, 11.4 sy,  0.0 ni, 71.8 id,  0.1 wa,  0.0 hi,  1.4 si,  0.0 st
%Cpu(s): 15.1 us, 12.2 sy,  0.0 ni, 72.4 id,  0.0 wa,  0.0 hi,  0.3 si,  0.1 st
%Cpu(s): 13.3 us,  7.2 sy,  0.0 ni, 79.3 id,  0.0 wa,  0.0 hi,  0.2 si,  0.1 st
%Cpu(s): 22.6 us,  8.0 sy,  0.0 ni, 68.6 id,  0.0 wa,  0.0 hi,  0.7 si,  0.1 st
%Cpu(s): 13.0 us,  6.9 sy,  0.0 ni, 78.7 id,  0.0 wa,  0.0 hi,  1.4 si,  0.0 st
%Cpu(s): 14.0 us,  8.2 sy,  0.0 ni, 77.7 id,  0.0 wa,  0.0 hi,  0.1 si,  0.1 st
%Cpu(s): 15.6 us,  9.1 sy,  0.0 ni, 75.2 id,  0.0 wa,  0.0 hi,  0.0 si,  0.0 st
%Cpu(s): 14.7 us, 10.8 sy,  0.0 ni, 74.4 id,  0.0 wa,  0.0 hi,  0.1 si,  0.0 st
%Cpu(s): 13.8 us,  8.9 sy,  0.0 ni, 77.3 id,  0.0 wa,  0.0 hi,  0.0 si,  0.0 st
%Cpu(s): 16.6 us,  8.7 sy,  0.0 ni, 74.4 id,  0.0 wa,  0.0 hi,  0.3 si,  0.1 st
%Cpu(s): 16.1 us,  9.8 sy,  0.0 ni, 74.0 id,  0.1 wa,  0.0 hi,  0.0 si,  0.0 st
%Cpu(s): 16.6 us, 10.0 sy,  0.0 ni, 73.3 id,  0.0 wa,  0.0 hi,  0.1 si,  0.1 st
%Cpu(s): 14.5 us,  8.2 sy,  0.0 ni, 75.7 id,  0.0 wa,  0.0 hi,  1.6 si,  0.0 st
%Cpu(s): 15.1 us,  9.8 sy,  0.0 ni, 73.7 id,  0.0 wa,  0.0 hi,  1.3 si,  0.1 st
%Cpu(s): 16.1 us,  8.8 sy,  0.0 ni, 73.8 id,  0.1 wa,  0.0 hi,  1.1 si,  0.0 st
%Cpu(s): 14.1 us,  9.0 sy,  0.0 ni, 76.0 id,  0.0 wa,  0.0 hi,  1.0 si,  0.0 st
%Cpu(s): 15.1 us, 10.4 sy,  0.0 ni, 73.7 id,  0.0 wa,  0.0 hi,  0.9 si,  0.0 st
%Cpu(s): 12.5 us,  9.3 sy,  0.0 ni, 76.0 id,  1.3 wa,  0.0 hi,  0.7 si,  0.2 st
%Cpu(s): 16.6 us, 12.5 sy,  0.0 ni, 70.2 id,  0.0 wa,  0.0 hi,  0.6 si,  0.0 st
%Cpu(s): 15.1 us, 10.4 sy,  0.0 ni, 73.2 id,  0.0 wa,  0.0 hi,  1.2 si,  0.0 st
%Cpu(s): 14.2 us, 10.1 sy,  0.0 ni, 73.6 id,  0.0 wa,  0.0 hi,  2.1 si,  0.0 st
%Cpu(s): 17.2 us, 11.1 sy,  0.0 ni, 71.3 id,  0.0 wa,  0.0 hi,  0.4 si,  0.0 st
%Cpu(s): 14.8 us,  8.5 sy,  0.0 ni, 75.7 id,  0.7 wa,  0.0 hi,  0.3 si,  0.0 st
%Cpu(s): 14.9 us,  9.5 sy,  0.0 ni, 74.8 id,  0.0 wa,  0.0 hi,  0.8 si,  0.0 st
%Cpu(s): 14.6 us,  8.5 sy,  0.0 ni, 76.4 id,  0.1 wa,  0.0 hi,  0.4 si,  0.0 st
%Cpu(s): 15.6 us,  9.4 sy,  0.0 ni, 74.1 id,  0.0 wa,  0.0 hi,  0.8 si,  0.1 st
%Cpu(s): 12.3 us,  8.4 sy,  0.0 ni, 78.3 id,  0.0 wa,  0.0 hi,  1.0 si,  0.0 st
%Cpu(s): 13.6 us,  8.5 sy,  0.0 ni, 77.2 id,  0.0 wa,  0.0 hi,  0.4 si,  0.3 st
%Cpu(s): 14.2 us,  8.7 sy,  0.0 ni, 76.4 id,  0.0 wa,  0.0 hi,  0.5 si,  0.2 st
%Cpu(s): 13.2 us,  8.1 sy,  0.0 ni, 78.1 id,  0.0 wa,  0.0 hi,  0.5 si,  0.0 st
%Cpu(s): 15.4 us,  9.3 sy,  0.0 ni, 75.3 id,  0.0 wa,  0.0 hi,  0.1 si,  0.0 st
%Cpu(s): 14.9 us, 10.1 sy,  0.0 ni, 73.9 id,  0.0 wa,  0.0 hi,  1.0 si,  0.1 st
%Cpu(s): 15.9 us,  9.7 sy,  0.0 ni, 73.3 id,  0.0 wa,  0.0 hi,  1.1 si,  0.0 st
%Cpu(s): 16.4 us,  9.7 sy,  0.0 ni, 73.9 id,  0.0 wa,  0.0 hi,  0.0 si,  0.0 st
%Cpu(s): 15.8 us,  9.3 sy,  0.0 ni, 74.2 id,  0.0 wa,  0.0 hi,  0.6 si,  0.1 st
%Cpu(s): 15.3 us,  9.6 sy,  0.0 ni, 74.9 id,  0.0 wa,  0.0 hi,  0.3 si,  0.0 st
%Cpu(s): 16.2 us,  8.9 sy,  0.0 ni, 74.9 id,  0.0 wa,  0.0 hi,  0.0 si,  0.0 st
%Cpu(s): 15.8 us,  8.6 sy,  0.0 ni, 75.3 id,  0.0 wa,  0.0 hi,  0.3 si,  0.0 st
%Cpu(s): 13.1 us,  8.8 sy,  0.0 ni, 76.7 id,  0.0 wa,  0.0 hi,  1.3 si,  0.1 st
%Cpu(s): 12.6 us,  9.0 sy,  0.0 ni, 78.1 id,  0.1 wa,  0.0 hi,  0.2 si,  0.1 st
%Cpu(s): 10.2 us,  7.4 sy,  0.0 ni, 82.3 id,  0.0 wa,  0.0 hi,  0.1 si,  0.0 st
%Cpu(s):  8.5 us,  6.2 sy,  0.0 ni, 84.9 id,  0.0 wa,  0.0 hi,  0.5 si,  0.0 st
%Cpu(s): 10.1 us,  5.6 sy,  0.0 ni, 83.8 id,  0.0 wa,  0.0 hi,  0.5 si,  0.0 st
