%Cpu(s):  0.8 us,  0.4 sy,  0.0 ni, 98.8 id,  0.0 wa,  0.0 hi,  0.0 si,  0.0 st
%Cpu(s):  0.1 us,  0.1 sy,  0.0 ni, 99.9 id,  0.0 wa,  0.0 hi,  0.0 si,  0.0 st
%Cpu(s):  0.1 us,  0.0 sy,  0.0 ni, 99.9 id,  0.0 wa,  0.0 hi,  0.0 si,  0.0 st
%Cpu(s):  0.0 us,  0.1 sy,  0.0 ni, 99.9 id,  0.0 wa,  0.0 hi,  0.0 si,  0.0 st
%Cpu(s):  0.1 us,  0.1 sy,  0.0 ni, 99.9 id,  0.0 wa,  0.0 hi,  0.0 si,  0.0 st
%Cpu(s):  0.1 us,  0.1 sy,  0.0 ni, 99.9 id,  0.0 wa,  0.0 hi,  0.0 si,  0.0 st
%Cpu(s):  1.4 us,  0.1 sy,  0.0 ni, 98.4 id,  0.0 wa,  0.0 hi,  0.0 si,  0.0 st
%Cpu(s): 16.3 us,  1.7 sy,  0.0 ni, 81.8 id,  0.0 wa,  0.0 hi,  0.1 si,  0.1 st
%Cpu(s):  2.5 us,  0.1 sy,  0.0 ni, 97.4 id,  0.0 wa,  0.0 hi,  0.0 si,  0.0 st
%Cpu(s):  0.5 us,  0.2 sy,  0.0 ni, 99.1 id,  0.1 wa,  0.0 hi,  0.1 si,  0.1 st
%Cpu(s):  1.6 us,  0.0 sy,  0.0 ni, 98.4 id,  0.0 wa,  0.0 hi,  0.0 si,  0.0 st
%Cpu(s):  0.4 us,  0.1 sy,  0.0 ni, 99.5 id,  0.0 wa,  0.0 hi,  0.0 si,  0.0 st
%Cpu(s):  0.1 us,  0.1 sy,  0.0 ni, 99.9 id,  0.0 wa,  0.0 hi,  0.0 si,  0.0 st
%Cpu(s):  0.2 us,  0.1 sy,  0.0 ni, 99.8 id,  0.0 wa,  0.0 hi,  0.0 si,  0.0 st
%Cpu(s): 24.7 us,  3.0 sy,  0.0 ni, 71.6 id,  0.1 wa,  0.0 hi,  0.6 si,  0.0 st
%Cpu(s): 53.6 us,  7.4 sy,  0.0 ni, 37.6 id,  0.0 wa,  0.0 hi,  1.3 si,  0.0 st
%Cpu(s): 18.6 us,  7.7 sy,  0.0 ni, 72.3 id,  0.1 wa,  0.0 hi,  1.3 si,  0.0 st
%Cpu(s): 17.5 us,  8.9 sy,  0.0 ni, 72.4 id,  0.0 wa,  0.0 hi,  1.1 si,  0.1 st
%Cpu(s): 15.6 us, 12.3 sy,  0.0 ni, 71.9 id,  0.0 wa,  0.0 hi,  0.2 si,  0.0 st
%Cpu(s): 17.7 us, 11.9 sy,  0.0 ni, 69.3 id,  0.1 wa,  0.0 hi,  1.1 si,  0.1 st
%Cpu(s): 16.3 us,  9.6 sy,  0.0 ni, 73.3 id,  0.0 wa,  0.0 hi,  0.8 si,  0.1 st
%Cpu(s): 16.0 us,  9.5 sy,  0.0 ni, 74.4 id,  0.0 wa,  0.0 hi,  0.1 si,  0.1 st
%Cpu(s): 13.4 us,  8.8 sy,  0.0 ni, 77.2 id,  0.0 wa,  0.0 hi,  0.6 si,  0.0 st
%Cpu(s): 16.2 us,  9.5 sy,  0.0 ni, 73.6 id,  0.0 wa,  0.0 hi,  0.7 si,  0.0 st
%Cpu(s): 16.7 us, 11.3 sy,  0.0 ni, 70.8 id,  0.0 wa,  0.0 hi,  1.1 si,  0.1 st
%Cpu(s): 18.6 us, 12.5 sy,  0.0 ni, 68.5 id,  0.0 wa,  0.0 hi,  0.5 si,  0.0 st
%Cpu(s): 16.6 us, 11.6 sy,  0.0 ni, 70.5 id,  0.0 wa,  0.0 hi,  1.3 si,  0.0 st
%Cpu(s): 15.1 us, 12.2 sy,  0.0 ni, 72.6 id,  0.0 wa,  0.0 hi,  0.1 si,  0.0 st
%Cpu(s): 16.9 us, 14.2 sy,  0.0 ni, 68.7 id,  0.0 wa,  0.0 hi,  0.1 si,  0.1 st
%Cpu(s): 13.7 us, 12.6 sy,  0.0 ni, 73.5 id,  0.1 wa,  0.0 hi,  0.1 si,  0.0 st
%Cpu(s): 14.6 us, 11.1 sy,  0.0 ni, 73.9 id,  0.0 wa,  0.0 hi,  0.4 si,  0.0 st
%Cpu(s): 14.2 us, 11.1 sy,  0.0 ni, 74.2 id,  0.0 wa,  0.0 hi,  0.5 si,  0.0 st
%Cpu(s): 15.5 us,  9.9 sy,  0.0 ni, 74.4 id,  0.0 wa,  0.0 hi,  0.1 si,  0.0 st
%Cpu(s): 14.7 us,  8.5 sy,  0.0 ni, 76.7 id,  0.0 wa,  0.0 hi,  0.1 si,  0.0 st
%Cpu(s): 13.0 us,  8.5 sy,  0.0 ni, 78.0 id,  0.0 wa,  0.0 hi,  0.4 si,  0.1 st
%Cpu(s): 11.9 us,  7.9 sy,  0.0 ni, 79.9 id,  0.0 wa,  0.0 hi,  0.3 si,  0.1 st
%Cpu(s): 14.0 us,  8.5 sy,  0.0 ni, 76.3 id,  0.0 wa,  0.0 hi,  1.2 si,  0.0 st
%Cpu(s): 23.9 us,  9.9 sy,  0.0 ni, 65.3 id,  0.0 wa,  0.0 hi,  1.0 si,  0.0 st
%Cpu(s): 16.0 us, 10.7 sy,  0.0 ni, 73.1 id,  0.0 wa,  0.0 hi,  0.1 si,  0.1 st
%Cpu(s): 15.9 us, 11.5 sy,  0.0 ni, 72.3 id,  0.0 wa,  0.0 hi,  0.2 si,  0.1 st
%Cpu(s): 16.7 us, 13.2 sy,  0.0 ni, 70.0 id,  0.0 wa,  0.0 hi,  0.1 si,  0.0 st
%Cpu(s): 15.4 us, 13.0 sy,  0.0 ni, 71.4 id,  0.0 wa,  0.0 hi,  0.1 si,  0.1 st
%Cpu(s): 15.2 us, 12.8 sy,  0.0 ni, 71.9 id,  0.0 wa,  0.0 hi,  0.1 si,  0.0 st
%Cpu(s): 14.1 us, 13.5 sy,  0.0 ni, 72.3 id,  0.0 wa,  0.0 hi,  0.1 si,  0.0 st
%Cpu(s): 16.4 us, 12.4 sy,  0.0 ni, 71.0 id,  0.1 wa,  0.0 hi,  0.1 si,  0.0 st
%Cpu(s): 15.9 us, 12.3 sy,  0.0 ni, 71.7 id,  0.0 wa,  0.0 hi,  0.1 si,  0.0 st
%Cpu(s): 14.4 us,  9.1 sy,  0.0 ni, 75.0 id,  1.1 wa,  0.0 hi,  0.4 si,  0.0 st
%Cpu(s): 14.9 us, 11.2 sy,  0.0 ni, 73.7 id,  0.0 wa,  0.0 hi,  0.1 si,  0.1 st
%Cpu(s): 14.6 us, 10.4 sy,  0.0 ni, 74.9 id,  0.0 wa,  0.0 hi,  0.1 si,  0.0 st
%Cpu(s): 13.8 us,  9.3 sy,  0.0 ni, 76.8 id,  0.1 wa,  0.0 hi,  0.1 si,  0.0 st
%Cpu(s): 14.7 us, 10.9 sy,  0.0 ni, 74.2 id,  0.0 wa,  0.0 hi,  0.1 si,  0.1 st
%Cpu(s): 14.7 us, 10.2 sy,  0.0 ni, 75.0 id,  0.0 wa,  0.0 hi,  0.1 si,  0.0 st
%Cpu(s): 15.0 us, 10.6 sy,  0.0 ni, 74.3 id,  0.0 wa,  0.0 hi,  0.1 si,  0.0 st
%Cpu(s): 15.2 us, 10.4 sy,  0.0 ni, 74.3 id,  0.0 wa,  0.0 hi,  0.1 si,  0.0 st
%Cpu(s): 16.7 us, 11.0 sy,  0.0 ni, 71.7 id,  0.1 wa,  0.0 hi,  0.1 si,  0.4 st
%Cpu(s): 15.7 us,  9.8 sy,  0.0 ni, 74.0 id,  0.0 wa,  0.0 hi,  0.3 si,  0.3 st
%Cpu(s): 14.7 us,  9.7 sy,  0.0 ni, 75.0 id,  0.0 wa,  0.0 hi,  0.5 si,  0.0 st
%Cpu(s): 13.9 us,  9.3 sy,  0.0 ni, 76.6 id,  0.0 wa,  0.0 hi,  0.1 si,  0.0 st
%Cpu(s): 16.7 us, 11.8 sy,  0.0 ni, 71.4 id,  0.0 wa,  0.0 hi,  0.1 si,  0.0 st
%Cpu(s): 15.0 us, 10.4 sy,  0.0 ni, 74.2 id,  0.1 wa,  0.0 hi,  0.1 si,  0.1 st
%Cpu(s): 14.6 us, 10.4 sy,  0.0 ni, 74.8 id,  0.0 wa,  0.0 hi,  0.1 si,  0.0 st
%Cpu(s): 15.3 us, 10.3 sy,  0.0 ni, 74.2 id,  0.0 wa,  0.0 hi,  0.1 si,  0.1 st
%Cpu(s): 14.7 us, 11.2 sy,  0.0 ni, 73.0 id,  0.0 wa,  0.0 hi,  1.1 si,  0.0 st
%Cpu(s): 16.5 us, 11.1 sy,  0.0 ni, 70.5 id,  0.0 wa,  0.0 hi,  1.9 si,  0.1 st
%Cpu(s): 14.6 us,  9.3 sy,  0.0 ni, 75.8 id,  0.1 wa,  0.0 hi,  0.1 si,  0.1 st
%Cpu(s): 16.7 us, 11.0 sy,  0.0 ni, 71.0 id,  0.0 wa,  0.0 hi,  1.2 si,  0.0 st
%Cpu(s): 16.1 us, 10.2 sy,  0.0 ni, 73.4 id,  0.0 wa,  0.0 hi,  0.3 si,  0.0 st
%Cpu(s): 18.8 us, 10.3 sy,  0.0 ni, 70.8 id,  0.0 wa,  0.0 hi,  0.1 si,  0.0 st
%Cpu(s): 17.5 us, 11.1 sy,  0.0 ni, 71.3 id,  0.0 wa,  0.0 hi,  0.1 si,  0.0 st
%Cpu(s): 15.8 us,  9.6 sy,  0.0 ni, 74.3 id,  0.1 wa,  0.0 hi,  0.1 si,  0.1 st
%Cpu(s): 13.9 us,  7.9 sy,  0.0 ni, 77.9 id,  0.0 wa,  0.0 hi,  0.3 si,  0.0 st
%Cpu(s):  9.8 us,  8.3 sy,  0.0 ni, 80.6 id,  0.0 wa,  0.0 hi,  1.3 si,  0.0 st
%Cpu(s): 11.7 us,  9.3 sy,  0.0 ni, 78.6 id,  0.0 wa,  0.0 hi,  0.4 si,  0.0 st
%Cpu(s): 11.8 us, 10.1 sy,  0.0 ni, 78.1 id,  0.0 wa,  0.0 hi,  0.1 si,  0.0 st
%Cpu(s): 12.7 us,  9.7 sy,  0.0 ni, 77.4 id,  0.0 wa,  0.0 hi,  0.1 si,  0.1 st
%Cpu(s): 12.7 us,  9.8 sy,  0.0 ni, 77.3 id,  0.0 wa,  0.0 hi,  0.2 si,  0.0 st
