%Cpu(s):  1.9 us,  1.1 sy,  0.0 ni, 96.9 id,  0.0 wa,  0.0 hi,  0.1 si,  0.0 st
%Cpu(s):  0.2 us,  0.1 sy,  0.0 ni, 99.8 id,  0.0 wa,  0.0 hi,  0.0 si,  0.0 st
%Cpu(s):  0.1 us,  0.1 sy,  0.0 ni, 99.8 id,  0.0 wa,  0.0 hi,  0.0 si,  0.0 st
%Cpu(s):  0.0 us,  0.0 sy,  0.0 ni,100.0 id,  0.0 wa,  0.0 hi,  0.0 si,  0.0 st
%Cpu(s):  0.1 us,  0.1 sy,  0.0 ni, 99.9 id,  0.0 wa,  0.0 hi,  0.0 si,  0.0 st
%Cpu(s):  0.1 us,  0.1 sy,  0.0 ni, 99.9 id,  0.0 wa,  0.0 hi,  0.0 si,  0.0 st
%Cpu(s):  0.1 us,  0.1 sy,  0.0 ni, 99.9 id,  0.0 wa,  0.0 hi,  0.0 si,  0.0 st
%Cpu(s):  0.1 us,  0.0 sy,  0.0 ni, 99.9 id,  0.0 wa,  0.0 hi,  0.0 si,  0.1 st
%Cpu(s):  0.0 us,  0.1 sy,  0.0 ni, 99.9 id,  0.0 wa,  0.0 hi,  0.0 si,  0.0 st
%Cpu(s):  0.0 us,  0.1 sy,  0.0 ni, 99.9 id,  0.0 wa,  0.0 hi,  0.0 si,  0.0 st
%Cpu(s):  0.0 us,  0.1 sy,  0.0 ni, 99.9 id,  0.0 wa,  0.0 hi,  0.0 si,  0.0 st
%Cpu(s):  3.7 us,  0.2 sy,  0.0 ni, 96.1 id,  0.0 wa,  0.0 hi,  0.0 si,  0.0 st
%Cpu(s):  0.5 us,  0.1 sy,  0.0 ni, 99.3 id,  0.1 wa,  0.0 hi,  0.0 si,  0.0 st
%Cpu(s):  0.4 us,  0.1 sy,  0.0 ni, 99.4 id,  0.0 wa,  0.0 hi,  0.0 si,  0.0 st
%Cpu(s):  9.1 us,  0.6 sy,  0.0 ni, 90.2 id,  0.1 wa,  0.0 hi,  0.0 si,  0.0 st
%Cpu(s): 47.2 us,  4.4 sy,  0.0 ni, 47.5 id,  0.0 wa,  0.0 hi,  0.9 si,  0.0 st
%Cpu(s): 36.9 us,  7.5 sy,  0.0 ni, 54.2 id,  0.0 wa,  0.0 hi,  1.4 si,  0.1 st
%Cpu(s): 26.5 us,  7.1 sy,  0.0 ni, 64.5 id,  0.1 wa,  0.0 hi,  1.9 si,  0.0 st
%Cpu(s): 17.5 us,  8.1 sy,  0.0 ni, 73.5 id,  0.0 wa,  0.0 hi,  0.8 si,  0.0 st
%Cpu(s): 12.6 us,  8.6 sy,  0.0 ni, 78.0 id,  0.0 wa,  0.0 hi,  0.8 si,  0.0 st
%Cpu(s): 14.2 us,  9.0 sy,  0.0 ni, 76.4 id,  0.0 wa,  0.0 hi,  0.3 si,  0.1 st
%Cpu(s): 16.8 us, 10.5 sy,  0.0 ni, 71.9 id,  0.0 wa,  0.0 hi,  0.9 si,  0.0 st
%Cpu(s): 14.5 us,  8.7 sy,  0.0 ni, 76.3 id,  0.1 wa,  0.0 hi,  0.4 si,  0.0 st
%Cpu(s): 12.6 us,  7.8 sy,  0.0 ni, 79.0 id,  0.0 wa,  0.0 hi,  0.6 si,  0.1 st
%Cpu(s): 12.9 us,  7.9 sy,  0.0 ni, 78.9 id,  0.0 wa,  0.0 hi,  0.3 si,  0.0 st
%Cpu(s): 16.8 us,  9.9 sy,  0.0 ni, 72.1 id,  0.0 wa,  0.0 hi,  1.3 si,  0.0 st
%Cpu(s): 14.0 us,  9.3 sy,  0.0 ni, 75.7 id,  0.5 wa,  0.0 hi,  0.1 si,  0.3 st
%Cpu(s): 15.3 us, 11.6 sy,  0.0 ni, 71.8 id,  0.1 wa,  0.0 hi,  1.0 si,  0.3 st
%Cpu(s): 16.2 us, 12.1 sy,  0.0 ni, 71.2 id,  0.0 wa,  0.0 hi,  0.5 si,  0.0 st
%Cpu(s): 15.4 us, 10.6 sy,  0.0 ni, 73.8 id,  0.0 wa,  0.0 hi,  0.0 si,  0.1 st
%Cpu(s): 15.2 us,  9.7 sy,  0.0 ni, 74.9 id,  0.0 wa,  0.0 hi,  0.2 si,  0.0 st
%Cpu(s): 11.7 us,  8.5 sy,  0.0 ni, 79.6 id,  0.0 wa,  0.0 hi,  0.2 si,  0.0 st
%Cpu(s): 13.0 us,  8.5 sy,  0.0 ni, 77.8 id,  0.1 wa,  0.0 hi,  0.5 si,  0.0 st
%Cpu(s): 13.9 us,  9.1 sy,  0.0 ni, 76.3 id,  0.0 wa,  0.0 hi,  0.6 si,  0.1 st
%Cpu(s): 16.0 us, 14.0 sy,  0.0 ni, 69.9 id,  0.0 wa,  0.0 hi,  0.1 si,  0.0 st
%Cpu(s): 14.7 us, 10.5 sy,  0.0 ni, 74.3 id,  0.0 wa,  0.0 hi,  0.4 si,  0.1 st
%Cpu(s): 14.9 us,  9.2 sy,  0.0 ni, 75.6 id,  0.0 wa,  0.0 hi,  0.2 si,  0.1 st
%Cpu(s): 13.2 us,  7.9 sy,  0.0 ni, 78.4 id,  0.1 wa,  0.0 hi,  0.5 si,  0.0 st
%Cpu(s): 15.2 us,  9.6 sy,  0.0 ni, 74.6 id,  0.0 wa,  0.0 hi,  0.6 si,  0.0 st
%Cpu(s): 15.1 us,  8.8 sy,  0.0 ni, 75.3 id,  0.0 wa,  0.0 hi,  0.8 si,  0.0 st
%Cpu(s): 12.2 us,  8.0 sy,  0.0 ni, 78.9 id,  0.0 wa,  0.0 hi,  0.9 si,  0.0 st
%Cpu(s): 18.3 us, 10.0 sy,  0.0 ni, 70.9 id,  0.0 wa,  0.0 hi,  0.8 si,  0.0 st
%Cpu(s): 14.8 us, 12.2 sy,  0.0 ni, 72.7 id,  0.0 wa,  0.0 hi,  0.3 si,  0.1 st
%Cpu(s): 14.2 us, 12.3 sy,  0.0 ni, 72.0 id,  0.0 wa,  0.0 hi,  1.6 si,  0.0 st
%Cpu(s): 15.1 us, 12.5 sy,  0.0 ni, 72.3 id,  0.0 wa,  0.0 hi,  0.1 si,  0.0 st
%Cpu(s): 14.1 us, 10.6 sy,  0.0 ni, 74.9 id,  0.0 wa,  0.0 hi,  0.4 si,  0.0 st
%Cpu(s): 14.6 us, 10.6 sy,  0.0 ni, 74.1 id,  0.0 wa,  0.0 hi,  0.8 si,  0.0 st
%Cpu(s): 16.3 us,  9.6 sy,  0.0 ni, 73.1 id,  0.1 wa,  0.0 hi,  0.9 si,  0.0 st
%Cpu(s): 14.7 us, 10.0 sy,  0.0 ni, 74.7 id,  0.0 wa,  0.0 hi,  0.5 si,  0.1 st
%Cpu(s): 14.3 us,  9.6 sy,  0.0 ni, 75.9 id,  0.0 wa,  0.0 hi,  0.2 si,  0.0 st
%Cpu(s): 15.4 us, 10.4 sy,  0.0 ni, 73.9 id,  0.0 wa,  0.0 hi,  0.3 si,  0.0 st
%Cpu(s): 14.5 us,  9.5 sy,  0.0 ni, 74.6 id,  1.0 wa,  0.0 hi,  0.1 si,  0.3 st
%Cpu(s): 15.6 us,  9.9 sy,  0.0 ni, 74.4 id,  0.1 wa,  0.0 hi,  0.0 si,  0.0 st
%Cpu(s): 17.4 us, 11.0 sy,  0.0 ni, 71.6 id,  0.0 wa,  0.0 hi,  0.1 si,  0.0 st
%Cpu(s): 16.5 us, 10.4 sy,  0.0 ni, 73.1 id,  0.0 wa,  0.0 hi,  0.0 si,  0.0 st
%Cpu(s): 15.2 us, 10.1 sy,  0.0 ni, 74.7 id,  0.0 wa,  0.0 hi,  0.0 si,  0.0 st
%Cpu(s): 14.1 us,  9.8 sy,  0.0 ni, 74.4 id,  0.6 wa,  0.0 hi,  0.3 si,  0.8 st
%Cpu(s): 13.2 us,  7.7 sy,  0.0 ni, 78.4 id,  0.1 wa,  0.0 hi,  0.7 si,  0.1 st
%Cpu(s): 16.1 us,  9.7 sy,  0.0 ni, 73.3 id,  0.0 wa,  0.0 hi,  0.8 si,  0.0 st
%Cpu(s): 14.7 us,  9.6 sy,  0.0 ni, 75.2 id,  0.0 wa,  0.0 hi,  0.6 si,  0.0 st
%Cpu(s): 16.1 us, 10.2 sy,  0.0 ni, 73.6 id,  0.0 wa,  0.0 hi,  0.0 si,  0.1 st
%Cpu(s): 16.0 us, 10.4 sy,  0.0 ni, 73.6 id,  0.0 wa,  0.0 hi,  0.0 si,  0.0 st
%Cpu(s): 13.1 us,  8.7 sy,  0.0 ni, 76.3 id,  0.1 wa,  0.0 hi,  1.8 si,  0.1 st
%Cpu(s): 13.9 us,  8.0 sy,  0.0 ni, 77.4 id,  0.0 wa,  0.0 hi,  0.7 si,  0.0 st
%Cpu(s): 13.2 us,  8.4 sy,  0.0 ni, 77.9 id,  0.0 wa,  0.0 hi,  0.5 si,  0.0 st
%Cpu(s): 14.3 us,  9.9 sy,  0.0 ni, 75.6 id,  0.0 wa,  0.0 hi,  0.1 si,  0.0 st
%Cpu(s): 15.2 us, 10.6 sy,  0.0 ni, 74.2 id,  0.0 wa,  0.0 hi,  0.0 si,  0.1 st
%Cpu(s): 15.2 us,  9.3 sy,  0.0 ni, 75.4 id,  0.1 wa,  0.0 hi,  0.0 si,  0.0 st
%Cpu(s): 14.5 us,  9.4 sy,  0.0 ni, 76.1 id,  0.0 wa,  0.0 hi,  0.0 si,  0.1 st
%Cpu(s): 14.7 us,  9.8 sy,  0.0 ni, 75.5 id,  0.0 wa,  0.0 hi,  0.0 si,  0.0 st
%Cpu(s): 14.4 us,  8.6 sy,  0.0 ni, 75.9 id,  0.0 wa,  0.0 hi,  1.2 si,  0.0 st
%Cpu(s): 13.4 us,  8.8 sy,  0.0 ni, 76.5 id,  0.0 wa,  0.0 hi,  1.3 si,  0.1 st
%Cpu(s): 14.2 us, 10.2 sy,  0.0 ni, 73.4 id,  0.1 wa,  0.0 hi,  2.2 si,  0.0 st
%Cpu(s): 11.6 us,  8.4 sy,  0.0 ni, 79.3 id,  0.0 wa,  0.0 hi,  0.6 si,  0.0 st
%Cpu(s): 13.1 us,  9.2 sy,  0.0 ni, 75.7 id,  0.0 wa,  0.0 hi,  2.0 si,  0.0 st
%Cpu(s): 10.8 us,  7.8 sy,  0.0 ni, 80.0 id,  0.0 wa,  0.0 hi,  1.3 si,  0.0 st
