%Cpu(s):  2.4 us,  1.0 sy,  0.0 ni, 96.4 id,  0.0 wa,  0.0 hi,  0.1 si,  0.0 st
%Cpu(s):  2.4 us,  0.2 sy,  0.0 ni, 97.3 id,  0.0 wa,  0.0 hi,  0.1 si,  0.0 st
%Cpu(s):  1.1 us,  0.1 sy,  0.0 ni, 98.8 id,  0.0 wa,  0.0 hi,  0.0 si,  0.0 st
%Cpu(s):  1.0 us,  0.1 sy,  0.0 ni, 98.9 id,  0.0 wa,  0.0 hi,  0.0 si,  0.0 st
%Cpu(s):  0.6 us,  0.0 sy,  0.0 ni, 99.3 id,  0.1 wa,  0.0 hi,  0.0 si,  0.0 st
%Cpu(s): 24.6 us,  1.8 sy,  0.0 ni, 73.4 id,  0.3 wa,  0.0 hi,  0.0 si,  0.0 st
%Cpu(s): 49.4 us,  7.0 sy,  0.0 ni, 42.6 id,  0.0 wa,  0.0 hi,  0.9 si,  0.1 st
%Cpu(s): 44.4 us,  6.9 sy,  0.0 ni, 47.6 id,  0.0 wa,  0.0 hi,  1.0 si,  0.0 st
%Cpu(s): 22.0 us,  5.4 sy,  0.0 ni, 71.5 id,  0.0 wa,  0.0 hi,  1.1 si,  0.0 st
%Cpu(s): 10.5 us,  5.2 sy,  0.0 ni, 83.3 id,  0.1 wa,  0.0 hi,  0.9 si,  0.0 st
%Cpu(s): 12.8 us,  5.5 sy,  0.0 ni, 80.4 id,  0.0 wa,  0.0 hi,  1.4 si,  0.0 st
%Cpu(s): 11.1 us,  4.6 sy,  0.0 ni, 83.5 id,  0.0 wa,  0.0 hi,  0.8 si,  0.0 st
%Cpu(s): 11.8 us,  6.1 sy,  0.0 ni, 80.9 id,  0.0 wa,  0.0 hi,  1.1 si,  0.1 st
%Cpu(s): 10.7 us,  6.5 sy,  0.0 ni, 82.0 id,  0.0 wa,  0.0 hi,  0.9 si,  0.0 st
%Cpu(s): 19.9 us,  5.9 sy,  0.0 ni, 72.6 id,  0.0 wa,  0.0 hi,  1.5 si,  0.0 st
%Cpu(s): 10.8 us,  6.1 sy,  0.0 ni, 81.9 id,  0.0 wa,  0.0 hi,  1.0 si,  0.1 st
%Cpu(s): 12.7 us,  5.9 sy,  0.0 ni, 79.6 id,  0.0 wa,  0.0 hi,  1.8 si,  0.0 st
%Cpu(s): 12.4 us,  6.3 sy,  0.0 ni, 79.8 id,  0.0 wa,  0.0 hi,  1.5 si,  0.0 st
%Cpu(s): 10.5 us,  6.8 sy,  0.0 ni, 81.6 id,  0.1 wa,  0.0 hi,  1.0 si,  0.0 st
%Cpu(s): 10.6 us,  5.9 sy,  0.0 ni, 82.0 id,  0.0 wa,  0.0 hi,  1.3 si,  0.1 st
%Cpu(s): 11.7 us,  6.8 sy,  0.0 ni, 80.4 id,  0.0 wa,  0.0 hi,  1.0 si,  0.0 st
%Cpu(s): 11.2 us,  7.1 sy,  0.0 ni, 79.8 id,  0.0 wa,  0.0 hi,  1.9 si,  0.0 st
%Cpu(s): 13.4 us,  8.4 sy,  0.0 ni, 76.7 id,  0.0 wa,  0.0 hi,  1.4 si,  0.1 st
%Cpu(s): 11.5 us,  9.4 sy,  0.0 ni, 77.7 id,  0.1 wa,  0.0 hi,  1.3 si,  0.0 st
%Cpu(s): 11.7 us,  8.3 sy,  0.0 ni, 78.7 id,  0.0 wa,  0.0 hi,  1.4 si,  0.0 st
%Cpu(s): 12.1 us,  7.0 sy,  0.0 ni, 80.5 id,  0.0 wa,  0.0 hi,  0.5 si,  0.0 st
%Cpu(s): 12.8 us,  6.4 sy,  0.0 ni, 80.5 id,  0.0 wa,  0.0 hi,  0.4 si,  0.0 st
%Cpu(s): 11.0 us,  6.8 sy,  0.0 ni, 82.0 id,  0.0 wa,  0.0 hi,  0.3 si,  0.0 st
%Cpu(s): 11.3 us,  7.7 sy,  0.0 ni, 77.3 id,  2.3 wa,  0.0 hi,  1.3 si,  0.1 st
%Cpu(s): 13.5 us,  7.4 sy,  0.0 ni, 78.0 id,  0.0 wa,  0.0 hi,  1.1 si,  0.0 st
%Cpu(s): 12.9 us,  9.1 sy,  0.0 ni, 76.8 id,  0.0 wa,  0.0 hi,  1.1 si,  0.1 st
%Cpu(s): 12.7 us,  9.1 sy,  0.0 ni, 77.0 id,  0.0 wa,  0.0 hi,  1.3 si,  0.0 st
%Cpu(s): 12.0 us,  7.7 sy,  0.0 ni, 78.5 id,  0.0 wa,  0.0 hi,  1.6 si,  0.1 st
%Cpu(s): 11.3 us,  7.1 sy,  0.0 ni, 79.6 id,  0.7 wa,  0.0 hi,  1.4 si,  0.0 st
%Cpu(s): 12.6 us,  6.6 sy,  0.0 ni, 80.5 id,  0.0 wa,  0.0 hi,  0.4 si,  0.0 st
%Cpu(s): 11.4 us,  5.8 sy,  0.0 ni, 81.4 id,  0.0 wa,  0.0 hi,  1.4 si,  0.0 st
%Cpu(s): 10.7 us,  7.8 sy,  0.0 ni, 81.1 id,  0.0 wa,  0.0 hi,  0.2 si,  0.1 st
%Cpu(s): 11.2 us,  5.9 sy,  0.0 ni, 81.2 id,  0.0 wa,  0.0 hi,  1.7 si,  0.0 st
%Cpu(s):  9.2 us,  6.6 sy,  0.0 ni, 82.8 id,  0.1 wa,  0.0 hi,  1.3 si,  0.0 st
%Cpu(s):  9.6 us,  6.6 sy,  0.0 ni, 82.5 id,  0.0 wa,  0.0 hi,  1.3 si,  0.0 st
%Cpu(s):  9.3 us,  6.8 sy,  0.0 ni, 82.5 id,  0.0 wa,  0.0 hi,  1.4 si,  0.0 st
%Cpu(s):  9.9 us,  9.0 sy,  0.0 ni, 79.8 id,  0.0 wa,  0.0 hi,  1.4 si,  0.0 st
%Cpu(s):  9.7 us,  8.5 sy,  0.0 ni, 80.6 id,  0.0 wa,  0.0 hi,  1.0 si,  0.1 st
%Cpu(s): 11.5 us,  8.1 sy,  0.0 ni, 78.9 id,  0.1 wa,  0.0 hi,  1.4 si,  0.0 st
%Cpu(s): 11.1 us,  7.7 sy,  0.0 ni, 79.9 id,  0.0 wa,  0.0 hi,  1.1 si,  0.1 st
%Cpu(s):  9.4 us,  8.5 sy,  0.0 ni, 80.6 id,  0.0 wa,  0.0 hi,  1.5 si,  0.0 st
%Cpu(s): 11.4 us,  8.8 sy,  0.0 ni, 78.7 id,  0.0 wa,  0.0 hi,  1.1 si,  0.0 st
%Cpu(s): 11.5 us,  6.8 sy,  0.0 ni, 80.4 id,  0.0 wa,  0.0 hi,  1.1 si,  0.1 st
%Cpu(s): 10.2 us,  6.8 sy,  0.0 ni, 81.8 id,  0.1 wa,  0.0 hi,  1.0 si,  0.0 st
%Cpu(s):  9.0 us,  6.8 sy,  0.0 ni, 82.7 id,  0.0 wa,  0.0 hi,  1.5 si,  0.0 st
%Cpu(s): 10.4 us,  6.8 sy,  0.0 ni, 81.1 id,  0.0 wa,  0.0 hi,  1.7 si,  0.0 st
%Cpu(s): 10.3 us,  5.6 sy,  0.0 ni, 82.3 id,  0.0 wa,  0.0 hi,  1.7 si,  0.0 st
%Cpu(s): 10.4 us,  6.8 sy,  0.0 ni, 81.9 id,  0.0 wa,  0.0 hi,  0.9 si,  0.0 st
%Cpu(s):  9.0 us,  7.3 sy,  0.0 ni, 82.0 id,  0.0 wa,  0.0 hi,  1.6 si,  0.0 st
%Cpu(s): 10.4 us,  7.0 sy,  0.0 ni, 80.9 id,  0.0 wa,  0.0 hi,  1.6 si,  0.0 st
%Cpu(s): 10.9 us,  7.0 sy,  0.0 ni, 80.6 id,  0.0 wa,  0.0 hi,  1.5 si,  0.0 st
%Cpu(s): 11.6 us,  8.4 sy,  0.0 ni, 78.8 id,  0.0 wa,  0.0 hi,  1.1 si,  0.1 st
%Cpu(s): 11.3 us,  6.3 sy,  0.0 ni, 81.3 id,  0.0 wa,  0.0 hi,  1.1 si,  0.0 st
%Cpu(s):  9.1 us,  6.7 sy,  0.0 ni, 81.4 id,  1.7 wa,  0.0 hi,  1.2 si,  0.0 st
%Cpu(s): 12.3 us,  6.4 sy,  0.0 ni, 79.9 id,  0.0 wa,  0.0 hi,  1.2 si,  0.1 st
%Cpu(s): 11.0 us,  7.2 sy,  0.0 ni, 80.6 id,  0.0 wa,  0.0 hi,  1.3 si,  0.0 st
%Cpu(s): 11.6 us,  7.4 sy,  0.0 ni, 80.9 id,  0.0 wa,  0.0 hi,  0.1 si,  0.0 st
%Cpu(s): 11.5 us,  9.2 sy,  0.0 ni, 79.1 id,  0.0 wa,  0.0 hi,  0.1 si,  0.0 st
%Cpu(s): 12.3 us,  9.2 sy,  0.0 ni, 77.6 id,  0.6 wa,  0.0 hi,  0.2 si,  0.0 st
%Cpu(s): 11.2 us,  7.7 sy,  0.0 ni, 81.0 id,  0.0 wa,  0.0 hi,  0.1 si,  0.0 st
%Cpu(s):  9.9 us,  5.3 sy,  0.0 ni, 84.3 id,  0.0 wa,  0.0 hi,  0.4 si,  0.1 st
%Cpu(s):  9.9 us,  5.2 sy,  0.0 ni, 84.7 id,  0.0 wa,  0.0 hi,  0.1 si,  0.0 st
%Cpu(s): 10.1 us,  5.6 sy,  0.0 ni, 83.5 id,  0.0 wa,  0.0 hi,  0.9 si,  0.0 st
%Cpu(s): 10.4 us,  5.6 sy,  0.0 ni, 82.6 id,  0.2 wa,  0.0 hi,  1.1 si,  0.0 st
%Cpu(s): 10.1 us,  6.2 sy,  0.0 ni, 83.6 id,  0.0 wa,  0.0 hi,  0.1 si,  0.0 st
%Cpu(s):  9.4 us,  6.1 sy,  0.0 ni, 84.4 id,  0.0 wa,  0.0 hi,  0.0 si,  0.1 st
%Cpu(s):  9.3 us,  5.0 sy,  0.0 ni, 85.6 id,  0.0 wa,  0.0 hi,  0.1 si,  0.0 st
%Cpu(s):  7.3 us,  4.5 sy,  0.0 ni, 87.8 id,  0.0 wa,  0.0 hi,  0.3 si,  0.1 st
%Cpu(s):  7.3 us,  4.5 sy,  0.0 ni, 87.7 id,  0.0 wa,  0.0 hi,  0.5 si,  0.0 st
%Cpu(s):  6.0 us,  3.9 sy,  0.0 ni, 89.8 id,  0.0 wa,  0.0 hi,  0.4 si,  0.0 st
%Cpu(s):  7.4 us,  3.6 sy,  0.0 ni, 88.5 id,  0.0 wa,  0.0 hi,  0.5 si,  0.1 st
%Cpu(s):  8.1 us,  3.2 sy,  0.0 ni, 88.5 id,  0.0 wa,  0.0 hi,  0.1 si,  0.0 st
%Cpu(s):  6.9 us,  4.5 sy,  0.0 ni, 88.0 id,  0.0 wa,  0.0 hi,  0.6 si,  0.0 st
%Cpu(s):  5.0 us,  4.0 sy,  0.0 ni, 90.5 id,  0.3 wa,  0.0 hi,  0.1 si,  0.1 st
%Cpu(s):  8.1 us,  3.7 sy,  0.0 ni, 88.2 id,  0.0 wa,  0.0 hi,  0.0 si,  0.0 st
%Cpu(s):  6.5 us,  4.9 sy,  0.0 ni, 88.7 id,  0.0 wa,  0.0 hi,  0.0 si,  0.0 st
%Cpu(s):  8.0 us,  4.1 sy,  0.0 ni, 87.7 id,  0.0 wa,  0.0 hi,  0.1 si,  0.1 st
%Cpu(s):  6.5 us,  4.1 sy,  0.0 ni, 89.3 id,  0.0 wa,  0.0 hi,  0.0 si,  0.1 st
%Cpu(s):  6.8 us,  4.8 sy,  0.0 ni, 88.2 id,  0.0 wa,  0.0 hi,  0.0 si,  0.1 st
%Cpu(s):  8.0 us,  4.5 sy,  0.0 ni, 87.4 id,  0.0 wa,  0.0 hi,  0.0 si,  0.1 st
%Cpu(s):  7.3 us,  3.8 sy,  0.0 ni, 88.9 id,  0.0 wa,  0.0 hi,  0.0 si,  0.0 st
%Cpu(s):  7.7 us,  4.1 sy,  0.0 ni, 88.1 id,  0.0 wa,  0.0 hi,  0.0 si,  0.1 st
%Cpu(s):  6.6 us,  4.4 sy,  0.0 ni, 88.9 id,  0.0 wa,  0.0 hi,  0.0 si,  0.1 st
%Cpu(s):  6.1 us,  4.6 sy,  0.0 ni, 87.5 id,  1.6 wa,  0.0 hi,  0.0 si,  0.1 st
