%Cpu(s):  1.5 us,  0.9 sy,  0.0 ni, 97.5 id,  0.0 wa,  0.0 hi,  0.1 si,  0.0 st
%Cpu(s):  0.1 us,  0.1 sy,  0.0 ni, 99.7 id,  0.0 wa,  0.0 hi,  0.0 si,  0.1 st
%Cpu(s):  0.1 us,  0.0 sy,  0.0 ni, 99.9 id,  0.0 wa,  0.0 hi,  0.0 si,  0.0 st
%Cpu(s):  0.1 us,  0.1 sy,  0.0 ni, 99.8 id,  0.0 wa,  0.0 hi,  0.0 si,  0.0 st
%Cpu(s):  0.1 us,  0.1 sy,  0.0 ni, 99.9 id,  0.0 wa,  0.0 hi,  0.0 si,  0.0 st
%Cpu(s):  0.0 us,  0.1 sy,  0.0 ni, 99.9 id,  0.0 wa,  0.0 hi,  0.0 si,  0.0 st
%Cpu(s):  0.1 us,  0.1 sy,  0.0 ni, 99.9 id,  0.0 wa,  0.0 hi,  0.0 si,  0.0 st
%Cpu(s):  3.9 us,  0.2 sy,  0.0 ni, 95.8 id,  0.0 wa,  0.0 hi,  0.1 si,  0.0 st
%Cpu(s):  0.4 us,  0.2 sy,  0.0 ni, 99.4 id,  0.1 wa,  0.0 hi,  0.0 si,  0.0 st
%Cpu(s):  0.2 us,  0.0 sy,  0.0 ni, 99.8 id,  0.0 wa,  0.0 hi,  0.0 si,  0.0 st
%Cpu(s):  0.1 us,  0.1 sy,  0.0 ni, 99.8 id,  0.0 wa,  0.0 hi,  0.0 si,  0.0 st
%Cpu(s):  0.4 us,  0.1 sy,  0.0 ni, 99.6 id,  0.0 wa,  0.0 hi,  0.0 si,  0.0 st
%Cpu(s):  0.2 us,  0.1 sy,  0.0 ni, 99.6 id,  0.0 wa,  0.0 hi,  0.0 si,  0.0 st
%Cpu(s):  0.1 us,  0.1 sy,  0.0 ni, 99.8 id,  0.0 wa,  0.0 hi,  0.0 si,  0.1 st
%Cpu(s):  9.1 us,  0.4 sy,  0.0 ni, 90.3 id,  0.1 wa,  0.0 hi,  0.0 si,  0.1 st
%Cpu(s): 50.0 us,  6.7 sy,  0.0 ni, 42.3 id,  0.0 wa,  0.0 hi,  1.1 si,  0.0 st
%Cpu(s): 44.9 us,  8.6 sy,  0.0 ni, 44.8 id,  0.0 wa,  0.0 hi,  1.6 si,  0.1 st
%Cpu(s): 21.5 us,  8.1 sy,  0.0 ni, 68.4 id,  0.1 wa,  0.0 hi,  1.3 si,  0.6 st
%Cpu(s): 14.9 us,  8.4 sy,  0.0 ni, 76.1 id,  0.0 wa,  0.0 hi,  0.6 si,  0.0 st
%Cpu(s): 13.9 us,  8.7 sy,  0.0 ni, 76.7 id,  0.0 wa,  0.0 hi,  0.6 si,  0.0 st
%Cpu(s): 15.3 us,  8.7 sy,  0.0 ni, 75.2 id,  0.0 wa,  0.0 hi,  0.7 si,  0.1 st
%Cpu(s): 19.4 us, 10.4 sy,  0.0 ni, 69.2 id,  0.0 wa,  0.0 hi,  0.9 si,  0.1 st
%Cpu(s): 15.5 us,  8.8 sy,  0.0 ni, 74.5 id,  0.0 wa,  0.0 hi,  1.3 si,  0.0 st
%Cpu(s): 16.2 us,  9.2 sy,  0.0 ni, 72.8 id,  0.0 wa,  0.0 hi,  1.7 si,  0.1 st
%Cpu(s): 14.0 us,  7.7 sy,  0.0 ni, 77.8 id,  0.0 wa,  0.0 hi,  0.5 si,  0.0 st
%Cpu(s): 16.8 us,  9.3 sy,  0.0 ni, 73.8 id,  0.0 wa,  0.0 hi,  0.1 si,  0.1 st
%Cpu(s): 16.2 us,  9.1 sy,  0.0 ni, 74.4 id,  0.0 wa,  0.0 hi,  0.3 si,  0.0 st
%Cpu(s): 14.3 us, 10.6 sy,  0.0 ni, 74.4 id,  0.1 wa,  0.0 hi,  0.6 si,  0.1 st
%Cpu(s): 15.6 us, 12.1 sy,  0.0 ni, 71.2 id,  0.0 wa,  0.0 hi,  1.1 si,  0.0 st
%Cpu(s): 15.1 us, 10.2 sy,  0.0 ni, 72.8 id,  0.0 wa,  0.0 hi,  1.8 si,  0.1 st
%Cpu(s): 15.2 us,  8.7 sy,  0.0 ni, 74.3 id,  0.0 wa,  0.0 hi,  1.8 si,  0.0 st
%Cpu(s): 15.5 us, 11.0 sy,  0.0 ni, 71.8 id,  0.0 wa,  0.0 hi,  1.7 si,  0.0 st
%Cpu(s): 14.2 us, 11.0 sy,  0.0 ni, 73.6 id,  0.0 wa,  0.0 hi,  1.1 si,  0.0 st
%Cpu(s): 15.9 us, 11.6 sy,  0.0 ni, 71.5 id,  0.0 wa,  0.0 hi,  1.0 si,  0.1 st
%Cpu(s): 15.0 us, 12.7 sy,  0.0 ni, 70.6 id,  0.0 wa,  0.0 hi,  1.6 si,  0.1 st
%Cpu(s): 15.6 us, 12.9 sy,  0.0 ni, 71.5 id,  0.0 wa,  0.0 hi,  0.0 si,  0.0 st
%Cpu(s): 12.8 us, 10.4 sy,  0.0 ni, 76.3 id,  0.0 wa,  0.0 hi,  0.5 si,  0.0 st
%Cpu(s): 20.8 us,  7.1 sy,  0.0 ni, 71.6 id,  0.1 wa,  0.0 hi,  0.4 si,  0.1 st
%Cpu(s): 14.0 us,  7.3 sy,  0.0 ni, 78.4 id,  0.0 wa,  0.0 hi,  0.3 si,  0.1 st
%Cpu(s): 15.4 us, 10.6 sy,  0.0 ni, 73.7 id,  0.0 wa,  0.0 hi,  0.2 si,  0.0 st
%Cpu(s): 15.7 us, 10.5 sy,  0.0 ni, 72.5 id,  1.2 wa,  0.0 hi,  0.1 si,  0.0 st
%Cpu(s): 13.1 us,  7.8 sy,  0.0 ni, 78.7 id,  0.0 wa,  0.0 hi,  0.4 si,  0.1 st
%Cpu(s): 12.8 us,  8.9 sy,  0.0 ni, 77.7 id,  0.0 wa,  0.0 hi,  0.6 si,  0.0 st
%Cpu(s): 14.3 us,  8.8 sy,  0.0 ni, 76.4 id,  0.0 wa,  0.0 hi,  0.5 si,  0.0 st
%Cpu(s): 13.6 us,  9.4 sy,  0.0 ni, 77.0 id,  0.0 wa,  0.0 hi,  0.0 si,  0.0 st
%Cpu(s): 14.7 us,  9.9 sy,  0.0 ni, 74.4 id,  0.5 wa,  0.0 hi,  0.4 si,  0.1 st
%Cpu(s): 15.6 us, 12.2 sy,  0.0 ni, 71.6 id,  0.0 wa,  0.0 hi,  0.6 si,  0.0 st
%Cpu(s): 17.1 us, 12.9 sy,  0.0 ni, 69.8 id,  0.0 wa,  0.0 hi,  0.3 si,  0.0 st
%Cpu(s): 16.8 us, 10.8 sy,  0.0 ni, 72.4 id,  0.0 wa,  0.0 hi,  0.0 si,  0.0 st
%Cpu(s): 14.9 us,  9.8 sy,  0.0 ni, 75.2 id,  0.0 wa,  0.0 hi,  0.0 si,  0.1 st
%Cpu(s): 16.4 us, 10.3 sy,  0.0 ni, 73.3 id,  0.0 wa,  0.0 hi,  0.0 si,  0.0 st
%Cpu(s): 19.3 us, 10.6 sy,  0.0 ni, 70.0 id,  0.0 wa,  0.0 hi,  0.1 si,  0.1 st
%Cpu(s): 18.9 us, 12.2 sy,  0.0 ni, 68.7 id,  0.2 wa,  0.0 hi,  0.0 si,  0.1 st
%Cpu(s): 17.2 us, 11.9 sy,  0.0 ni, 70.8 id,  0.0 wa,  0.0 hi,  0.1 si,  0.1 st
%Cpu(s): 16.8 us, 10.8 sy,  0.0 ni, 72.4 id,  0.0 wa,  0.0 hi,  0.0 si,  0.0 st
%Cpu(s): 19.5 us, 12.9 sy,  0.0 ni, 67.6 id,  0.0 wa,  0.0 hi,  0.0 si,  0.0 st
%Cpu(s): 15.2 us,  9.4 sy,  0.0 ni, 75.3 id,  0.0 wa,  0.0 hi,  0.1 si,  0.0 st
%Cpu(s): 14.9 us,  9.9 sy,  0.0 ni, 73.9 id,  0.1 wa,  0.0 hi,  1.0 si,  0.1 st
%Cpu(s): 13.0 us,  7.6 sy,  0.0 ni, 79.2 id,  0.0 wa,  0.0 hi,  0.2 si,  0.0 st
%Cpu(s): 16.0 us, 11.7 sy,  0.0 ni, 72.3 id,  0.0 wa,  0.0 hi,  0.0 si,  0.0 st
%Cpu(s): 13.9 us,  8.7 sy,  0.0 ni, 77.2 id,  0.0 wa,  0.0 hi,  0.2 si,  0.0 st
%Cpu(s): 15.7 us, 10.2 sy,  0.0 ni, 73.8 id,  0.0 wa,  0.0 hi,  0.3 si,  0.0 st
%Cpu(s): 15.2 us,  9.6 sy,  0.0 ni, 75.0 id,  0.0 wa,  0.0 hi,  0.1 si,  0.0 st
%Cpu(s): 10.9 us,  8.3 sy,  0.0 ni, 80.9 id,  0.0 wa,  0.0 hi,  0.0 si,  0.0 st
%Cpu(s): 15.5 us,  9.4 sy,  0.0 ni, 75.0 id,  0.0 wa,  0.0 hi,  0.0 si,  0.1 st
%Cpu(s): 15.7 us,  9.1 sy,  0.0 ni, 75.2 id,  0.0 wa,  0.0 hi,  0.0 si,  0.0 st
%Cpu(s): 16.0 us, 10.2 sy,  0.0 ni, 73.7 id,  0.0 wa,  0.0 hi,  0.1 si,  0.0 st
%Cpu(s): 15.7 us,  9.9 sy,  0.0 ni, 74.3 id,  0.1 wa,  0.0 hi,  0.1 si,  0.1 st
%Cpu(s): 15.8 us, 10.2 sy,  0.0 ni, 73.9 id,  0.0 wa,  0.0 hi,  0.1 si,  0.0 st
%Cpu(s): 14.5 us,  9.4 sy,  0.0 ni, 75.8 id,  0.0 wa,  0.0 hi,  0.3 si,  0.0 st
%Cpu(s): 15.7 us,  9.9 sy,  0.0 ni, 73.1 id,  0.8 wa,  0.0 hi,  0.5 si,  0.1 st
%Cpu(s): 15.5 us,  8.7 sy,  0.0 ni, 74.3 id,  0.0 wa,  0.0 hi,  1.4 si,  0.0 st
%Cpu(s): 11.9 us,  8.2 sy,  0.0 ni, 79.4 id,  0.0 wa,  0.0 hi,  0.4 si,  0.1 st
%Cpu(s): 11.8 us,  8.0 sy,  0.0 ni, 79.8 id,  0.0 wa,  0.0 hi,  0.4 si,  0.0 st
%Cpu(s): 10.9 us,  8.0 sy,  0.0 ni, 80.7 id,  0.0 wa,  0.0 hi,  0.4 si,  0.0 st
%Cpu(s): 12.0 us,  9.0 sy,  0.0 ni, 78.6 id,  0.1 wa,  0.0 hi,  0.3 si,  0.0 st
