%Cpu(s):  2.8 us,  1.6 sy,  0.0 ni, 95.5 id,  0.0 wa,  0.0 hi,  0.1 si,  0.0 st
%Cpu(s):  0.2 us,  0.1 sy,  0.0 ni, 99.8 id,  0.0 wa,  0.0 hi,  0.0 si,  0.0 st
%Cpu(s):  0.2 us,  0.1 sy,  0.0 ni, 99.8 id,  0.0 wa,  0.0 hi,  0.0 si,  0.0 st
%Cpu(s):  0.1 us,  0.0 sy,  0.0 ni, 99.9 id,  0.0 wa,  0.0 hi,  0.0 si,  0.0 st
%Cpu(s):  0.0 us,  0.1 sy,  0.0 ni, 99.9 id,  0.0 wa,  0.0 hi,  0.0 si,  0.0 st
%Cpu(s):  0.1 us,  0.0 sy,  0.0 ni, 99.9 id,  0.0 wa,  0.0 hi,  0.0 si,  0.0 st
%Cpu(s):  0.1 us,  0.0 sy,  0.0 ni, 99.9 id,  0.0 wa,  0.0 hi,  0.0 si,  0.0 st
%Cpu(s):  0.1 us,  0.0 sy,  0.0 ni, 99.9 id,  0.0 wa,  0.0 hi,  0.0 si,  0.0 st
%Cpu(s):  0.0 us,  0.1 sy,  0.0 ni, 99.9 id,  0.1 wa,  0.0 hi,  0.0 si,  0.0 st
%Cpu(s):  0.1 us,  0.1 sy,  0.0 ni, 99.9 id,  0.0 wa,  0.0 hi,  0.0 si,  0.0 st
%Cpu(s):  5.9 us,  0.2 sy,  0.0 ni, 93.8 id,  0.0 wa,  0.0 hi,  0.0 si,  0.1 st
%Cpu(s):  5.1 us,  0.4 sy,  0.0 ni, 94.5 id,  0.0 wa,  0.0 hi,  0.0 si,  0.1 st
%Cpu(s):  4.5 us,  0.3 sy,  0.0 ni, 95.1 id,  0.0 wa,  0.0 hi,  0.0 si,  0.1 st
%Cpu(s):  0.4 us,  0.2 sy,  0.0 ni, 99.4 id,  0.0 wa,  0.0 hi,  0.0 si,  0.1 st
%Cpu(s):  0.9 us,  0.2 sy,  0.0 ni, 98.6 id,  0.3 wa,  0.0 hi,  0.0 si,  0.0 st
%Cpu(s): 30.2 us,  3.6 sy,  0.0 ni, 64.5 id,  1.1 wa,  0.0 hi,  0.6 si,  0.0 st
%Cpu(s): 45.7 us,  6.0 sy,  0.0 ni, 47.5 id,  0.0 wa,  0.0 hi,  0.8 si,  0.0 st
%Cpu(s): 21.2 us,  6.2 sy,  0.0 ni, 72.1 id,  0.0 wa,  0.0 hi,  0.4 si,  0.1 st
%Cpu(s): 24.0 us,  5.1 sy,  0.0 ni, 70.1 id,  0.3 wa,  0.0 hi,  0.5 si,  0.0 st
%Cpu(s): 18.2 us,  6.0 sy,  0.0 ni, 75.1 id,  0.0 wa,  0.0 hi,  0.6 si,  0.1 st
%Cpu(s): 16.6 us,  7.9 sy,  0.0 ni, 74.5 id,  0.0 wa,  0.0 hi,  1.0 si,  0.0 st
%Cpu(s): 15.4 us,  7.9 sy,  0.0 ni, 75.2 id,  0.0 wa,  0.0 hi,  1.4 si,  0.1 st
%Cpu(s): 13.8 us,  7.1 sy,  0.0 ni, 78.3 id,  0.0 wa,  0.0 hi,  0.8 si,  0.1 st
%Cpu(s): 13.6 us,  8.2 sy,  0.0 ni, 76.9 id,  0.3 wa,  0.0 hi,  0.9 si,  0.1 st
%Cpu(s): 12.6 us,  8.2 sy,  0.0 ni, 78.7 id,  0.0 wa,  0.0 hi,  0.5 si,  0.0 st
%Cpu(s): 11.5 us,  6.8 sy,  0.0 ni, 80.8 id,  0.0 wa,  0.0 hi,  0.9 si,  0.1 st
%Cpu(s): 12.3 us,  6.7 sy,  0.0 ni, 79.7 id,  0.0 wa,  0.0 hi,  1.3 si,  0.0 st
%Cpu(s): 12.8 us,  7.4 sy,  0.0 ni, 79.1 id,  0.0 wa,  0.0 hi,  0.6 si,  0.1 st
%Cpu(s): 13.9 us,  8.0 sy,  0.0 ni, 77.2 id,  0.0 wa,  0.0 hi,  0.9 si,  0.0 st
%Cpu(s): 11.6 us,  7.6 sy,  0.0 ni, 80.4 id,  0.0 wa,  0.0 hi,  0.4 si,  0.1 st
%Cpu(s): 14.6 us,  9.9 sy,  0.0 ni, 75.3 id,  0.0 wa,  0.0 hi,  0.3 si,  0.0 st
%Cpu(s): 13.6 us,  9.0 sy,  0.0 ni, 76.9 id,  0.1 wa,  0.0 hi,  0.3 si,  0.1 st
%Cpu(s): 10.9 us,  7.7 sy,  0.0 ni, 80.9 id,  0.0 wa,  0.0 hi,  0.5 si,  0.0 st
%Cpu(s): 14.1 us,  9.3 sy,  0.0 ni, 75.4 id,  0.0 wa,  0.0 hi,  0.9 si,  0.2 st
%Cpu(s):  9.4 us,  5.7 sy,  0.0 ni, 83.7 id,  0.0 wa,  0.0 hi,  0.4 si,  0.8 st
%Cpu(s): 11.1 us,  7.2 sy,  0.0 ni, 81.4 id,  0.0 wa,  0.0 hi,  0.3 si,  0.1 st
%Cpu(s): 12.5 us,  7.4 sy,  0.0 ni, 79.7 id,  0.0 wa,  0.0 hi,  0.4 si,  0.1 st
%Cpu(s): 14.3 us, 11.2 sy,  0.0 ni, 73.8 id,  0.0 wa,  0.0 hi,  0.7 si,  0.0 st
%Cpu(s): 10.8 us,  9.1 sy,  0.0 ni, 78.6 id,  0.8 wa,  0.0 hi,  0.8 si,  0.0 st
%Cpu(s): 12.2 us,  8.8 sy,  0.0 ni, 78.7 id,  0.0 wa,  0.0 hi,  0.3 si,  0.0 st
%Cpu(s): 20.3 us, 11.3 sy,  0.0 ni, 68.0 id,  0.1 wa,  0.0 hi,  0.4 si,  0.0 st
%Cpu(s): 15.3 us, 12.9 sy,  0.0 ni, 71.3 id,  0.0 wa,  0.0 hi,  0.4 si,  0.1 st
%Cpu(s): 17.8 us, 16.4 sy,  0.0 ni, 65.6 id,  0.0 wa,  0.0 hi,  0.2 si,  0.0 st
%Cpu(s): 10.7 us,  9.9 sy,  0.0 ni, 78.1 id,  0.9 wa,  0.0 hi,  0.3 si,  0.1 st
%Cpu(s): 13.1 us, 10.4 sy,  0.0 ni, 76.1 id,  0.0 wa,  0.0 hi,  0.5 si,  0.0 st
%Cpu(s): 13.6 us, 11.5 sy,  0.0 ni, 74.4 id,  0.0 wa,  0.0 hi,  0.4 si,  0.1 st
%Cpu(s): 14.8 us, 13.0 sy,  0.0 ni, 72.1 id,  0.0 wa,  0.0 hi,  0.1 si,  0.0 st
%Cpu(s): 14.6 us, 10.9 sy,  0.0 ni, 74.3 id,  0.0 wa,  0.0 hi,  0.1 si,  0.1 st
%Cpu(s): 13.0 us,  9.2 sy,  0.0 ni, 77.5 id,  0.2 wa,  0.0 hi,  0.1 si,  0.1 st
%Cpu(s): 15.7 us,  9.0 sy,  0.0 ni, 74.7 id,  0.0 wa,  0.0 hi,  0.5 si,  0.1 st
%Cpu(s): 14.5 us,  9.4 sy,  0.0 ni, 75.7 id,  0.0 wa,  0.0 hi,  0.3 si,  0.0 st
%Cpu(s): 15.8 us, 11.7 sy,  0.0 ni, 72.2 id,  0.0 wa,  0.0 hi,  0.3 si,  0.0 st
%Cpu(s): 14.8 us, 11.1 sy,  0.0 ni, 74.1 id,  0.0 wa,  0.0 hi,  0.1 si,  0.0 st
%Cpu(s): 16.4 us, 11.9 sy,  0.0 ni, 71.6 id,  0.0 wa,  0.0 hi,  0.1 si,  0.0 st
%Cpu(s): 15.5 us, 10.4 sy,  0.0 ni, 74.0 id,  0.0 wa,  0.0 hi,  0.1 si,  0.0 st
%Cpu(s): 15.7 us, 11.4 sy,  0.0 ni, 72.7 id,  0.0 wa,  0.0 hi,  0.2 si,  0.0 st
%Cpu(s): 12.4 us,  8.8 sy,  0.0 ni, 78.5 id,  0.0 wa,  0.0 hi,  0.3 si,  0.0 st
%Cpu(s): 15.7 us,  9.9 sy,  0.0 ni, 72.4 id,  0.1 wa,  0.0 hi,  1.8 si,  0.1 st
%Cpu(s): 13.9 us,  9.1 sy,  0.0 ni, 76.9 id,  0.0 wa,  0.0 hi,  0.1 si,  0.0 st
%Cpu(s): 12.4 us,  7.6 sy,  0.0 ni, 79.8 id,  0.0 wa,  0.0 hi,  0.1 si,  0.1 st
%Cpu(s): 13.3 us,  9.8 sy,  0.0 ni, 76.5 id,  0.0 wa,  0.0 hi,  0.4 si,  0.0 st
%Cpu(s): 12.6 us,  8.8 sy,  0.0 ni, 77.9 id,  0.0 wa,  0.0 hi,  0.7 si,  0.0 st
%Cpu(s): 15.6 us,  9.9 sy,  0.0 ni, 73.9 id,  0.3 wa,  0.0 hi,  0.3 si,  0.0 st
%Cpu(s): 12.4 us,  8.3 sy,  0.0 ni, 78.6 id,  0.0 wa,  0.0 hi,  0.2 si,  0.5 st
%Cpu(s): 14.8 us, 10.0 sy,  0.0 ni, 74.6 id,  0.0 wa,  0.0 hi,  0.3 si,  0.3 st
%Cpu(s): 14.8 us,  8.9 sy,  0.0 ni, 76.1 id,  0.0 wa,  0.0 hi,  0.2 si,  0.0 st
%Cpu(s): 15.5 us, 10.7 sy,  0.0 ni, 73.8 id,  0.0 wa,  0.0 hi,  0.1 si,  0.0 st
%Cpu(s): 15.8 us, 10.8 sy,  0.0 ni, 73.3 id,  0.1 wa,  0.0 hi,  0.1 si,  0.0 st
%Cpu(s): 14.6 us,  9.4 sy,  0.0 ni, 74.5 id,  0.8 wa,  0.0 hi,  0.6 si,  0.1 st
%Cpu(s): 14.1 us,  9.7 sy,  0.0 ni, 75.2 id,  0.0 wa,  0.0 hi,  1.0 si,  0.0 st
%Cpu(s): 15.5 us,  9.1 sy,  0.0 ni, 75.0 id,  0.0 wa,  0.0 hi,  0.3 si,  0.0 st
%Cpu(s): 12.6 us,  8.6 sy,  0.0 ni, 78.4 id,  0.0 wa,  0.0 hi,  0.4 si,  0.0 st
%Cpu(s): 11.4 us,  8.2 sy,  0.0 ni, 79.3 id,  0.0 wa,  0.0 hi,  1.1 si,  0.0 st
%Cpu(s): 11.5 us,  8.6 sy,  0.0 ni, 77.5 id,  1.0 wa,  0.0 hi,  1.3 si,  0.1 st
%Cpu(s): 11.6 us,  8.5 sy,  0.0 ni, 79.9 id,  0.0 wa,  0.0 hi,  0.1 si,  0.0 st
%Cpu(s): 12.1 us,  9.2 sy,  0.0 ni, 78.6 id,  0.0 wa,  0.0 hi,  0.1 si,  0.0 st
