%Cpu(s):  2.8 us,  1.6 sy,  0.0 ni, 95.4 id,  0.0 wa,  0.0 hi,  0.1 si,  0.0 st
%Cpu(s):  0.0 us,  0.1 sy,  0.0 ni, 99.9 id,  0.0 wa,  0.0 hi,  0.0 si,  0.0 st
%Cpu(s):  0.2 us,  0.0 sy,  0.0 ni, 99.8 id,  0.0 wa,  0.0 hi,  0.0 si,  0.0 st
%Cpu(s):  0.1 us,  0.0 sy,  0.0 ni, 99.9 id,  0.0 wa,  0.0 hi,  0.0 si,  0.0 st
%Cpu(s):  0.1 us,  0.1 sy,  0.0 ni, 99.9 id,  0.0 wa,  0.0 hi,  0.0 si,  0.0 st
%Cpu(s):  0.1 us,  0.0 sy,  0.0 ni, 99.9 id,  0.0 wa,  0.0 hi,  0.0 si,  0.0 st
%Cpu(s):  0.1 us,  0.1 sy,  0.0 ni, 99.8 id,  0.0 wa,  0.0 hi,  0.0 si,  0.1 st
%Cpu(s):  0.0 us,  0.0 sy,  0.0 ni,100.0 id,  0.0 wa,  0.0 hi,  0.0 si,  0.0 st
%Cpu(s):  9.1 us,  0.7 sy,  0.0 ni, 90.1 id,  0.0 wa,  0.0 hi,  0.1 si,  0.0 st
%Cpu(s): 10.1 us,  0.2 sy,  0.0 ni, 89.7 id,  0.0 wa,  0.0 hi,  0.0 si,  0.0 st
%Cpu(s):  5.3 us,  0.3 sy,  0.0 ni, 94.4 id,  0.0 wa,  0.0 hi,  0.0 si,  0.0 st
%Cpu(s):  1.4 us,  0.1 sy,  0.0 ni, 98.4 id,  0.0 wa,  0.0 hi,  0.0 si,  0.1 st
%Cpu(s):  0.4 us,  0.1 sy,  0.0 ni, 99.6 id,  0.0 wa,  0.0 hi,  0.0 si,  0.0 st
%Cpu(s):  0.3 us,  0.1 sy,  0.0 ni, 99.6 id,  0.0 wa,  0.0 hi,  0.0 si,  0.0 st
%Cpu(s):  2.3 us,  0.3 sy,  0.0 ni, 95.9 id,  1.4 wa,  0.0 hi,  0.1 si,  0.1 st
%Cpu(s): 37.3 us,  3.8 sy,  0.0 ni, 58.0 id,  0.0 wa,  0.0 hi,  0.9 si,  0.1 st
%Cpu(s): 41.2 us,  7.0 sy,  0.0 ni, 50.7 id,  0.0 wa,  0.0 hi,  1.0 si,  0.1 st
%Cpu(s): 36.1 us,  7.4 sy,  0.0 ni, 54.7 id,  0.1 wa,  0.0 hi,  1.7 si,  0.0 st
%Cpu(s): 15.2 us,  6.1 sy,  0.0 ni, 77.3 id,  0.0 wa,  0.0 hi,  1.3 si,  0.1 st
%Cpu(s): 12.2 us,  6.5 sy,  0.0 ni, 79.7 id,  0.0 wa,  0.0 hi,  1.6 si,  0.0 st
%Cpu(s): 13.4 us,  7.1 sy,  0.0 ni, 78.2 id,  0.3 wa,  0.0 hi,  1.0 si,  0.1 st
%Cpu(s): 12.4 us,  7.5 sy,  0.0 ni, 79.3 id,  0.0 wa,  0.0 hi,  0.8 si,  0.0 st
%Cpu(s): 14.0 us,  7.7 sy,  0.0 ni, 76.6 id,  0.2 wa,  0.0 hi,  1.6 si,  0.0 st
%Cpu(s): 13.3 us,  7.1 sy,  0.0 ni, 78.5 id,  0.0 wa,  0.0 hi,  1.1 si,  0.0 st
%Cpu(s): 11.2 us,  7.1 sy,  0.0 ni, 81.0 id,  0.0 wa,  0.0 hi,  0.4 si,  0.3 st
%Cpu(s): 12.6 us,  7.0 sy,  0.0 ni, 78.7 id,  0.0 wa,  0.0 hi,  1.2 si,  0.4 st
%Cpu(s): 12.7 us,  6.9 sy,  0.0 ni, 79.7 id,  0.0 wa,  0.0 hi,  0.8 si,  0.0 st
%Cpu(s): 11.6 us,  7.0 sy,  0.0 ni, 80.5 id,  0.0 wa,  0.0 hi,  0.9 si,  0.1 st
%Cpu(s): 14.1 us,  5.9 sy,  0.0 ni, 79.3 id,  0.0 wa,  0.0 hi,  0.8 si,  0.0 st
%Cpu(s): 10.8 us,  6.8 sy,  0.0 ni, 81.8 id,  0.0 wa,  0.0 hi,  0.5 si,  0.1 st
%Cpu(s): 11.6 us,  6.9 sy,  0.0 ni, 81.1 id,  0.0 wa,  0.0 hi,  0.4 si,  0.1 st
%Cpu(s): 12.7 us,  7.5 sy,  0.0 ni, 79.1 id,  0.1 wa,  0.0 hi,  0.7 si,  0.0 st
%Cpu(s): 11.7 us,  7.1 sy,  0.0 ni, 80.4 id,  0.1 wa,  0.0 hi,  0.7 si,  0.0 st
%Cpu(s): 11.0 us,  7.3 sy,  0.0 ni, 81.2 id,  0.0 wa,  0.0 hi,  0.4 si,  0.0 st
%Cpu(s): 11.6 us,  9.0 sy,  0.0 ni, 79.0 id,  0.0 wa,  0.0 hi,  0.5 si,  0.0 st
%Cpu(s): 12.1 us,  9.5 sy,  0.0 ni, 77.8 id,  0.0 wa,  0.0 hi,  0.6 si,  0.0 st
%Cpu(s): 14.6 us, 11.7 sy,  0.0 ni, 72.6 id,  0.0 wa,  0.0 hi,  1.1 si,  0.1 st
%Cpu(s): 14.2 us,  8.7 sy,  0.0 ni, 76.2 id,  0.1 wa,  0.0 hi,  0.8 si,  0.0 st
%Cpu(s): 23.4 us, 11.0 sy,  0.0 ni, 64.7 id,  0.0 wa,  0.0 hi,  0.9 si,  0.0 st
%Cpu(s): 16.2 us, 12.2 sy,  0.0 ni, 71.2 id,  0.0 wa,  0.0 hi,  0.4 si,  0.0 st
%Cpu(s): 14.5 us, 12.3 sy,  0.0 ni, 71.4 id,  0.6 wa,  0.0 hi,  0.9 si,  0.2 st
%Cpu(s): 13.5 us, 10.9 sy,  0.0 ni, 75.0 id,  0.0 wa,  0.0 hi,  0.5 si,  0.1 st
%Cpu(s): 14.6 us, 12.5 sy,  0.0 ni, 71.8 id,  0.0 wa,  0.0 hi,  1.0 si,  0.0 st
%Cpu(s): 13.6 us, 10.4 sy,  0.0 ni, 75.8 id,  0.0 wa,  0.0 hi,  0.2 si,  0.0 st
%Cpu(s): 13.1 us,  8.6 sy,  0.0 ni, 77.9 id,  0.0 wa,  0.0 hi,  0.4 si,  0.1 st
%Cpu(s): 12.5 us,  7.5 sy,  0.0 ni, 78.7 id,  0.9 wa,  0.0 hi,  0.4 si,  0.0 st
%Cpu(s): 12.6 us,  7.0 sy,  0.0 ni, 79.7 id,  0.0 wa,  0.0 hi,  0.8 si,  0.0 st
%Cpu(s): 14.8 us, 10.0 sy,  0.0 ni, 74.2 id,  0.1 wa,  0.0 hi,  0.9 si,  0.0 st
%Cpu(s): 16.5 us, 10.9 sy,  0.0 ni, 72.2 id,  0.0 wa,  0.0 hi,  0.3 si,  0.1 st
%Cpu(s): 13.8 us,  9.2 sy,  0.0 ni, 75.7 id,  0.0 wa,  0.0 hi,  1.3 si,  0.0 st
%Cpu(s): 14.9 us, 10.2 sy,  0.0 ni, 74.7 id,  0.0 wa,  0.0 hi,  0.1 si,  0.1 st
%Cpu(s): 12.8 us,  8.7 sy,  0.0 ni, 78.4 id,  0.0 wa,  0.0 hi,  0.0 si,  0.1 st
%Cpu(s): 13.2 us,  8.4 sy,  0.0 ni, 77.6 id,  0.1 wa,  0.0 hi,  0.6 si,  0.1 st
%Cpu(s): 15.5 us,  9.7 sy,  0.0 ni, 73.3 id,  0.0 wa,  0.0 hi,  1.5 si,  0.0 st
%Cpu(s): 13.1 us,  8.7 sy,  0.0 ni, 77.2 id,  0.0 wa,  0.0 hi,  0.8 si,  0.2 st
%Cpu(s): 13.5 us,  8.3 sy,  0.0 ni, 77.5 id,  0.0 wa,  0.0 hi,  0.5 si,  0.2 st
%Cpu(s): 14.3 us,  9.7 sy,  0.0 ni, 75.3 id,  0.0 wa,  0.0 hi,  0.7 si,  0.0 st
%Cpu(s): 13.1 us,  7.9 sy,  0.0 ni, 78.8 id,  0.1 wa,  0.0 hi,  0.2 si,  0.0 st
%Cpu(s): 14.7 us,  8.8 sy,  0.0 ni, 76.3 id,  0.0 wa,  0.0 hi,  0.3 si,  0.0 st
%Cpu(s): 13.5 us,  9.2 sy,  0.0 ni, 77.0 id,  0.0 wa,  0.0 hi,  0.3 si,  0.1 st
%Cpu(s): 14.6 us, 10.1 sy,  0.0 ni, 75.0 id,  0.0 wa,  0.0 hi,  0.4 si,  0.0 st
%Cpu(s): 12.4 us,  8.0 sy,  0.0 ni, 79.3 id,  0.0 wa,  0.0 hi,  0.3 si,  0.1 st
%Cpu(s): 16.2 us,  9.6 sy,  0.0 ni, 73.9 id,  0.1 wa,  0.0 hi,  0.2 si,  0.0 st
%Cpu(s): 18.9 us, 12.0 sy,  0.0 ni, 69.0 id,  0.0 wa,  0.0 hi,  0.1 si,  0.0 st
%Cpu(s): 15.1 us, 10.8 sy,  0.0 ni, 73.3 id,  0.0 wa,  0.0 hi,  0.8 si,  0.1 st
%Cpu(s): 19.0 us, 12.8 sy,  0.0 ni, 67.9 id,  0.0 wa,  0.0 hi,  0.2 si,  0.0 st
%Cpu(s): 17.1 us, 12.8 sy,  0.0 ni, 69.9 id,  0.0 wa,  0.0 hi,  0.2 si,  0.0 st
%Cpu(s): 15.3 us, 10.0 sy,  0.0 ni, 73.6 id,  0.1 wa,  0.0 hi,  0.9 si,  0.0 st
%Cpu(s): 17.4 us, 11.0 sy,  0.0 ni, 70.9 id,  0.0 wa,  0.0 hi,  0.6 si,  0.1 st
%Cpu(s): 15.0 us, 10.3 sy,  0.0 ni, 74.2 id,  0.0 wa,  0.0 hi,  0.5 si,  0.0 st
%Cpu(s): 16.3 us,  9.7 sy,  0.0 ni, 72.7 id,  0.8 wa,  0.0 hi,  0.4 si,  0.1 st
%Cpu(s): 11.7 us,  8.7 sy,  0.0 ni, 78.6 id,  0.0 wa,  0.0 hi,  0.9 si,  0.1 st
%Cpu(s): 11.8 us,  8.2 sy,  0.0 ni, 79.5 id,  0.1 wa,  0.0 hi,  0.5 si,  0.0 st
%Cpu(s): 11.4 us,  7.7 sy,  0.0 ni, 80.5 id,  0.0 wa,  0.0 hi,  0.4 si,  0.0 st
%Cpu(s): 11.5 us,  7.7 sy,  0.0 ni, 79.5 id,  0.0 wa,  0.0 hi,  1.3 si,  0.0 st
%Cpu(s): 12.2 us,  7.6 sy,  0.0 ni, 78.1 id,  0.9 wa,  0.0 hi,  1.2 si,  0.1 st
