%Cpu(s):  4.0 us,  2.0 sy,  0.0 ni, 93.7 id,  0.0 wa,  0.0 hi,  0.3 si,  0.0 st
%Cpu(s):  4.0 us,  0.2 sy,  0.0 ni, 95.8 id,  0.0 wa,  0.0 hi,  0.0 si,  0.0 st
%Cpu(s):  1.2 us,  0.2 sy,  0.0 ni, 98.4 id,  0.1 wa,  0.0 hi,  0.0 si,  0.0 st
%Cpu(s):  0.4 us,  0.0 sy,  0.0 ni, 99.5 id,  0.0 wa,  0.0 hi,  0.0 si,  0.1 st
%Cpu(s):  0.6 us,  0.1 sy,  0.0 ni, 99.3 id,  0.0 wa,  0.0 hi,  0.0 si,  0.0 st
%Cpu(s): 31.1 us,  3.6 sy,  0.0 ni, 64.6 id,  0.2 wa,  0.0 hi,  0.4 si,  0.0 st
%Cpu(s): 56.5 us,  8.3 sy,  0.0 ni, 34.2 id,  0.0 wa,  0.0 hi,  1.0 si,  0.0 st
%Cpu(s): 53.0 us, 11.5 sy,  0.0 ni, 33.6 id,  0.0 wa,  0.0 hi,  1.9 si,  0.0 st
%Cpu(s): 37.4 us, 11.7 sy,  0.0 ni, 50.1 id,  0.0 wa,  0.0 hi,  0.8 si,  0.0 st
%Cpu(s): 22.2 us, 11.9 sy,  0.0 ni, 64.7 id,  0.1 wa,  0.0 hi,  1.0 si,  0.0 st
%Cpu(s): 23.3 us, 11.2 sy,  0.0 ni, 64.7 id,  0.0 wa,  0.0 hi,  0.8 si,  0.0 st
%Cpu(s): 24.0 us, 11.2 sy,  0.0 ni, 63.6 id,  0.0 wa,  0.0 hi,  1.0 si,  0.1 st
%Cpu(s): 22.8 us, 11.8 sy,  0.0 ni, 64.2 id,  0.0 wa,  0.0 hi,  1.0 si,  0.1 st
%Cpu(s): 22.0 us, 11.5 sy,  0.0 ni, 65.5 id,  0.0 wa,  0.0 hi,  1.0 si,  0.0 st
%Cpu(s): 23.2 us, 12.0 sy,  0.0 ni, 64.2 id,  0.0 wa,  0.0 hi,  0.5 si,  0.0 st
%Cpu(s): 21.4 us, 11.5 sy,  0.0 ni, 66.3 id,  0.0 wa,  0.0 hi,  0.6 si,  0.1 st
%Cpu(s): 21.6 us, 14.5 sy,  0.0 ni, 62.1 id,  0.0 wa,  0.0 hi,  1.7 si,  0.0 st
%Cpu(s): 19.7 us, 14.6 sy,  0.0 ni, 64.4 id,  0.1 wa,  0.0 hi,  1.2 si,  0.0 st
%Cpu(s): 23.8 us, 16.6 sy,  0.0 ni, 57.6 id,  0.0 wa,  0.0 hi,  2.0 si,  0.0 st
%Cpu(s): 22.7 us, 13.2 sy,  0.0 ni, 62.3 id,  0.0 wa,  0.0 hi,  1.9 si,  0.0 st
%Cpu(s): 21.3 us, 12.2 sy,  0.0 ni, 64.9 id,  0.0 wa,  0.0 hi,  1.6 si,  0.0 st
%Cpu(s): 20.0 us, 10.3 sy,  0.0 ni, 68.4 id,  0.0 wa,  0.0 hi,  1.3 si,  0.0 st
%Cpu(s): 18.9 us, 10.5 sy,  0.0 ni, 68.9 id,  0.0 wa,  0.0 hi,  1.6 si,  0.0 st
%Cpu(s): 20.9 us, 12.5 sy,  0.0 ni, 64.5 id,  0.0 wa,  0.0 hi,  2.1 si,  0.0 st
%Cpu(s): 20.1 us, 13.2 sy,  0.0 ni, 65.1 id,  0.0 wa,  0.0 hi,  1.6 si,  0.1 st
%Cpu(s): 21.5 us, 12.5 sy,  0.0 ni, 64.0 id,  0.0 wa,  0.0 hi,  2.0 si,  0.0 st
%Cpu(s): 22.1 us, 11.7 sy,  0.0 ni, 64.7 id,  0.3 wa,  0.0 hi,  1.3 si,  0.0 st
%Cpu(s): 22.9 us, 11.7 sy,  0.0 ni, 63.3 id,  0.0 wa,  0.0 hi,  2.1 si,  0.0 st
%Cpu(s): 21.5 us, 11.7 sy,  0.0 ni, 64.9 id,  0.0 wa,  0.0 hi,  1.9 si,  0.0 st
%Cpu(s): 20.8 us, 10.9 sy,  0.0 ni, 65.3 id,  2.3 wa,  0.0 hi,  0.6 si,  0.1 st
%Cpu(s): 37.3 us, 12.3 sy,  0.0 ni, 48.7 id,  0.1 wa,  0.0 hi,  1.5 si,  0.1 st
%Cpu(s): 21.9 us, 12.2 sy,  0.0 ni, 63.8 id,  0.0 wa,  0.0 hi,  2.1 si,  0.0 st
%Cpu(s): 22.2 us, 12.2 sy,  0.0 ni, 64.5 id,  0.0 wa,  0.0 hi,  1.0 si,  0.1 st
%Cpu(s): 19.9 us, 12.4 sy,  0.0 ni, 65.3 id,  0.0 wa,  0.0 hi,  2.2 si,  0.1 st
%Cpu(s): 20.8 us, 10.0 sy,  0.0 ni, 66.2 id,  1.1 wa,  0.0 hi,  1.8 si,  0.0 st
%Cpu(s): 20.8 us, 12.2 sy,  0.0 ni, 65.9 id,  0.0 wa,  0.0 hi,  1.0 si,  0.0 st
%Cpu(s): 20.1 us, 11.7 sy,  0.0 ni, 66.3 id,  0.0 wa,  0.0 hi,  1.8 si,  0.0 st
%Cpu(s): 20.2 us, 15.0 sy,  0.0 ni, 62.8 id,  0.0 wa,  0.0 hi,  2.0 si,  0.0 st
%Cpu(s): 19.8 us, 11.6 sy,  0.0 ni, 67.2 id,  0.0 wa,  0.0 hi,  1.4 si,  0.0 st
%Cpu(s): 20.7 us, 10.5 sy,  0.0 ni, 67.6 id,  0.0 wa,  0.0 hi,  1.1 si,  0.0 st
%Cpu(s): 21.5 us, 11.4 sy,  0.0 ni, 66.4 id,  0.0 wa,  0.0 hi,  0.6 si,  0.0 st
%Cpu(s): 23.0 us, 12.0 sy,  0.0 ni, 63.4 id,  0.0 wa,  0.0 hi,  1.6 si,  0.0 st
%Cpu(s): 21.6 us, 12.7 sy,  0.0 ni, 63.8 id,  0.1 wa,  0.0 hi,  1.9 si,  0.0 st
%Cpu(s): 21.3 us, 10.1 sy,  0.0 ni, 66.8 id,  0.0 wa,  0.0 hi,  1.9 si,  0.0 st
%Cpu(s): 20.8 us, 11.2 sy,  0.0 ni, 66.4 id,  0.0 wa,  0.0 hi,  1.6 si,  0.0 st
%Cpu(s): 22.8 us, 12.0 sy,  0.0 ni, 63.5 id,  0.0 wa,  0.0 hi,  1.8 si,  0.0 st
%Cpu(s): 21.7 us, 10.7 sy,  0.0 ni, 65.9 id,  0.0 wa,  0.0 hi,  1.7 si,  0.0 st
%Cpu(s): 22.3 us, 12.0 sy,  0.0 ni, 64.1 id,  0.1 wa,  0.0 hi,  1.4 si,  0.1 st
%Cpu(s): 23.1 us, 11.9 sy,  0.0 ni, 63.1 id,  0.0 wa,  0.0 hi,  1.9 si,  0.0 st
%Cpu(s): 20.6 us, 11.0 sy,  0.0 ni, 66.8 id,  0.0 wa,  0.0 hi,  1.5 si,  0.1 st
%Cpu(s): 20.0 us, 11.9 sy,  0.0 ni, 66.1 id,  0.0 wa,  0.0 hi,  2.0 si,  0.0 st
%Cpu(s): 22.0 us, 11.7 sy,  0.0 ni, 64.8 id,  0.0 wa,  0.0 hi,  1.5 si,  0.0 st
%Cpu(s): 19.3 us, 11.4 sy,  0.0 ni, 67.7 id,  0.0 wa,  0.0 hi,  1.4 si,  0.1 st
%Cpu(s): 20.8 us, 12.4 sy,  0.0 ni, 64.4 id,  0.0 wa,  0.0 hi,  2.4 si,  0.0 st
%Cpu(s): 21.3 us, 12.5 sy,  0.0 ni, 65.4 id,  0.0 wa,  0.0 hi,  0.8 si,  0.0 st
%Cpu(s): 20.8 us, 12.3 sy,  0.0 ni, 65.5 id,  0.0 wa,  0.0 hi,  1.5 si,  0.0 st
%Cpu(s): 19.4 us, 12.1 sy,  0.0 ni, 66.9 id,  0.0 wa,  0.0 hi,  1.5 si,  0.0 st
%Cpu(s): 19.0 us,  9.8 sy,  0.0 ni, 69.4 id,  0.0 wa,  0.0 hi,  1.8 si,  0.0 st
%Cpu(s): 20.2 us, 11.0 sy,  0.0 ni, 67.0 id,  0.0 wa,  0.0 hi,  1.8 si,  0.0 st
%Cpu(s): 23.0 us, 10.9 sy,  0.0 ni, 63.7 id,  1.1 wa,  0.0 hi,  1.3 si,  0.0 st
%Cpu(s): 23.3 us,  9.9 sy,  0.0 ni, 65.6 id,  0.0 wa,  0.0 hi,  1.0 si,  0.1 st
%Cpu(s): 23.1 us, 12.6 sy,  0.0 ni, 61.8 id,  0.1 wa,  0.0 hi,  2.4 si,  0.0 st
%Cpu(s): 22.9 us, 13.2 sy,  0.0 ni, 62.9 id,  0.0 wa,  0.0 hi,  1.0 si,  0.0 st
%Cpu(s): 25.2 us, 11.4 sy,  0.0 ni, 61.8 id,  0.0 wa,  0.0 hi,  1.7 si,  0.0 st
%Cpu(s): 22.7 us, 14.0 sy,  0.0 ni, 60.8 id,  0.5 wa,  0.0 hi,  2.0 si,  0.0 st
%Cpu(s): 22.2 us, 11.3 sy,  0.0 ni, 64.6 id,  0.0 wa,  0.0 hi,  2.0 si,  0.0 st
%Cpu(s): 19.2 us, 12.5 sy,  0.0 ni, 65.6 id,  0.4 wa,  0.0 hi,  2.3 si,  0.0 st
%Cpu(s): 23.4 us, 12.6 sy,  0.0 ni, 63.3 id,  0.0 wa,  0.0 hi,  0.6 si,  0.1 st
%Cpu(s): 20.9 us, 10.7 sy,  0.0 ni, 66.3 id,  0.0 wa,  0.0 hi,  2.2 si,  0.0 st
%Cpu(s): 18.7 us, 10.9 sy,  0.0 ni, 68.3 id,  0.0 wa,  0.0 hi,  1.9 si,  0.1 st
%Cpu(s): 21.6 us, 10.3 sy,  0.0 ni, 66.7 id,  0.0 wa,  0.0 hi,  1.4 si,  0.0 st
%Cpu(s): 20.5 us,  9.7 sy,  0.0 ni, 68.8 id,  0.0 wa,  0.0 hi,  1.0 si,  0.0 st
%Cpu(s): 20.6 us, 11.5 sy,  0.0 ni, 67.4 id,  0.0 wa,  0.0 hi,  0.5 si,  0.0 st
%Cpu(s): 20.6 us, 12.9 sy,  0.0 ni, 64.3 id,  0.0 wa,  0.0 hi,  2.3 si,  0.0 st
%Cpu(s): 20.4 us, 12.9 sy,  0.0 ni, 64.5 id,  0.0 wa,  0.0 hi,  2.2 si,  0.0 st
%Cpu(s): 20.5 us, 14.2 sy,  0.0 ni, 63.2 id,  0.0 wa,  0.0 hi,  2.2 si,  0.0 st
%Cpu(s): 19.5 us, 12.5 sy,  0.0 ni, 65.8 id,  0.1 wa,  0.0 hi,  2.1 si,  0.0 st
%Cpu(s): 20.4 us, 12.9 sy,  0.0 ni, 64.3 id,  0.0 wa,  0.0 hi,  2.4 si,  0.0 st
%Cpu(s): 18.9 us, 13.1 sy,  0.0 ni, 67.1 id,  0.0 wa,  0.0 hi,  0.9 si,  0.0 st
%Cpu(s): 20.9 us, 13.8 sy,  0.0 ni, 62.9 id,  0.0 wa,  0.0 hi,  2.4 si,  0.0 st
%Cpu(s): 21.5 us, 14.4 sy,  0.0 ni, 61.8 id,  0.0 wa,  0.0 hi,  2.3 si,  0.0 st
%Cpu(s): 17.8 us, 13.3 sy,  0.0 ni, 66.9 id,  0.0 wa,  0.0 hi,  2.1 si,  0.0 st
%Cpu(s): 17.1 us, 12.8 sy,  0.0 ni, 67.5 id,  0.0 wa,  0.0 hi,  2.5 si,  0.0 st
%Cpu(s): 12.5 us,  9.9 sy,  0.0 ni, 75.3 id,  0.0 wa,  0.0 hi,  2.2 si,  0.0 st
%Cpu(s):  7.5 us,  3.6 sy,  0.0 ni, 87.9 id,  0.0 wa,  0.0 hi,  0.9 si,  0.1 st
%Cpu(s):  6.7 us,  3.3 sy,  0.0 ni, 89.9 id,  0.0 wa,  0.0 hi,  0.0 si,  0.1 st
%Cpu(s):  6.3 us,  3.9 sy,  0.0 ni, 89.2 id,  0.0 wa,  0.0 hi,  0.4 si,  0.3 st
%Cpu(s):  6.8 us,  3.4 sy,  0.0 ni, 89.5 id,  0.0 wa,  0.0 hi,  0.4 si,  0.0 st
