%Cpu(s):  2.3 us,  0.9 sy,  0.0 ni, 96.6 id,  0.0 wa,  0.0 hi,  0.1 si,  0.0 st
%Cpu(s):  1.1 us,  0.0 sy,  0.0 ni, 98.9 id,  0.0 wa,  0.0 hi,  0.0 si,  0.0 st
%Cpu(s):  0.4 us,  0.1 sy,  0.0 ni, 99.5 id,  0.0 wa,  0.0 hi,  0.0 si,  0.0 st
%Cpu(s):  0.4 us,  0.0 sy,  0.0 ni, 99.6 id,  0.0 wa,  0.0 hi,  0.0 si,  0.0 st
%Cpu(s):  0.4 us,  0.1 sy,  0.0 ni, 99.5 id,  0.0 wa,  0.0 hi,  0.0 si,  0.0 st
%Cpu(s): 27.6 us,  2.2 sy,  0.0 ni, 69.3 id,  0.4 wa,  0.0 hi,  0.4 si,  0.1 st
%Cpu(s): 53.5 us,  6.1 sy,  0.0 ni, 39.8 id,  0.0 wa,  0.0 hi,  0.6 si,  0.0 st
%Cpu(s): 47.0 us,  4.9 sy,  0.0 ni, 46.9 id,  0.0 wa,  0.0 hi,  1.0 si,  0.1 st
%Cpu(s): 26.7 us,  3.9 sy,  0.0 ni, 68.3 id,  0.0 wa,  0.0 hi,  1.0 si,  0.0 st
%Cpu(s):  7.9 us,  4.6 sy,  0.0 ni, 86.6 id,  0.0 wa,  0.0 hi,  1.0 si,  0.0 st
%Cpu(s): 10.3 us,  6.0 sy,  0.0 ni, 82.3 id,  0.1 wa,  0.0 hi,  1.3 si,  0.0 st
%Cpu(s):  7.8 us,  5.5 sy,  0.0 ni, 85.6 id,  0.0 wa,  0.0 hi,  1.1 si,  0.0 st
%Cpu(s):  9.2 us,  5.3 sy,  0.0 ni, 84.3 id,  0.0 wa,  0.0 hi,  1.1 si,  0.0 st
%Cpu(s):  9.0 us,  5.5 sy,  0.0 ni, 84.0 id,  0.0 wa,  0.0 hi,  1.5 si,  0.0 st
%Cpu(s):  7.8 us,  4.8 sy,  0.0 ni, 86.1 id,  0.0 wa,  0.0 hi,  1.1 si,  0.1 st
%Cpu(s):  8.5 us,  6.3 sy,  0.0 ni, 84.2 id,  0.0 wa,  0.0 hi,  1.0 si,  0.0 st
%Cpu(s):  9.6 us,  6.1 sy,  0.0 ni, 83.0 id,  0.0 wa,  0.0 hi,  1.1 si,  0.1 st
%Cpu(s): 10.2 us,  6.4 sy,  0.0 ni, 82.1 id,  0.0 wa,  0.0 hi,  1.2 si,  0.0 st
%Cpu(s):  8.4 us,  6.4 sy,  0.0 ni, 84.0 id,  0.0 wa,  0.0 hi,  1.3 si,  0.0 st
%Cpu(s):  8.6 us,  7.3 sy,  0.0 ni, 82.9 id,  0.0 wa,  0.0 hi,  1.3 si,  0.0 st
%Cpu(s): 11.3 us,  6.7 sy,  0.0 ni, 80.0 id,  0.3 wa,  0.0 hi,  1.5 si,  0.1 st
%Cpu(s): 13.2 us,  9.2 sy,  0.0 ni, 76.1 id,  0.0 wa,  0.0 hi,  1.4 si,  0.0 st
%Cpu(s): 14.8 us,  7.9 sy,  0.0 ni, 75.7 id,  0.0 wa,  0.0 hi,  1.7 si,  0.0 st
%Cpu(s): 11.1 us,  7.4 sy,  0.0 ni, 80.2 id,  0.0 wa,  0.0 hi,  1.4 si,  0.0 st
%Cpu(s):  7.8 us,  8.2 sy,  0.0 ni, 82.4 id,  0.0 wa,  0.0 hi,  1.7 si,  0.0 st
%Cpu(s):  8.7 us,  6.0 sy,  0.0 ni, 83.8 id,  0.1 wa,  0.0 hi,  1.4 si,  0.0 st
%Cpu(s):  9.3 us,  6.5 sy,  0.0 ni, 82.0 id,  0.0 wa,  0.0 hi,  2.1 si,  0.1 st
%Cpu(s):  9.7 us,  7.2 sy,  0.0 ni, 81.1 id,  0.0 wa,  0.0 hi,  2.0 si,  0.0 st
%Cpu(s): 10.3 us,  7.2 sy,  0.0 ni, 80.8 id,  0.0 wa,  0.0 hi,  1.8 si,  0.0 st
%Cpu(s):  9.5 us,  7.4 sy,  0.0 ni, 81.5 id,  0.0 wa,  0.0 hi,  1.5 si,  0.0 st
%Cpu(s):  9.1 us,  7.7 sy,  0.0 ni, 81.6 id,  0.1 wa,  0.0 hi,  1.5 si,  0.0 st
%Cpu(s): 10.9 us,  7.7 sy,  0.0 ni, 80.8 id,  0.0 wa,  0.0 hi,  0.6 si,  0.0 st
%Cpu(s): 10.5 us,  7.6 sy,  0.0 ni, 81.5 id,  0.0 wa,  0.0 hi,  0.3 si,  0.1 st
%Cpu(s):  8.1 us,  6.2 sy,  0.0 ni, 83.2 id,  2.4 wa,  0.0 hi,  0.1 si,  0.0 st
%Cpu(s):  8.6 us,  6.5 sy,  0.0 ni, 84.9 id,  0.0 wa,  0.0 hi,  0.0 si,  0.0 st
%Cpu(s):  8.4 us,  6.8 sy,  0.0 ni, 83.9 id,  0.3 wa,  0.0 hi,  0.5 si,  0.1 st
%Cpu(s): 10.2 us,  6.5 sy,  0.0 ni, 82.7 id,  0.0 wa,  0.0 hi,  0.5 si,  0.0 st
%Cpu(s):  9.6 us,  5.7 sy,  0.0 ni, 84.6 id,  0.0 wa,  0.0 hi,  0.1 si,  0.0 st
%Cpu(s):  9.4 us,  7.2 sy,  0.0 ni, 81.0 id,  2.2 wa,  0.0 hi,  0.3 si,  0.0 st
%Cpu(s): 12.9 us,  8.1 sy,  0.0 ni, 79.0 id,  0.0 wa,  0.0 hi,  0.0 si,  0.0 st
%Cpu(s): 12.9 us,  7.4 sy,  0.0 ni, 79.4 id,  0.1 wa,  0.0 hi,  0.0 si,  0.1 st
%Cpu(s): 13.2 us,  9.3 sy,  0.0 ni, 77.4 id,  0.0 wa,  0.0 hi,  0.1 si,  0.0 st
%Cpu(s): 13.9 us,  8.8 sy,  0.0 ni, 77.3 id,  0.0 wa,  0.0 hi,  0.1 si,  0.0 st
%Cpu(s): 11.1 us,  8.9 sy,  0.0 ni, 78.4 id,  0.0 wa,  0.0 hi,  1.5 si,  0.1 st
%Cpu(s): 11.2 us,  8.2 sy,  0.0 ni, 78.7 id,  0.0 wa,  0.0 hi,  2.0 si,  0.0 st
%Cpu(s): 10.1 us,  8.1 sy,  0.0 ni, 79.9 id,  0.1 wa,  0.0 hi,  1.6 si,  0.1 st
%Cpu(s): 10.5 us,  6.8 sy,  0.0 ni, 81.5 id,  0.0 wa,  0.0 hi,  1.3 si,  0.0 st
%Cpu(s): 11.6 us,  8.0 sy,  0.0 ni, 79.3 id,  0.0 wa,  0.0 hi,  1.1 si,  0.0 st
%Cpu(s): 10.8 us,  7.4 sy,  0.0 ni, 81.1 id,  0.0 wa,  0.0 hi,  0.7 si,  0.0 st
%Cpu(s):  9.9 us,  7.9 sy,  0.0 ni, 82.0 id,  0.0 wa,  0.0 hi,  0.0 si,  0.1 st
%Cpu(s):  9.7 us,  5.4 sy,  0.0 ni, 84.7 id,  0.1 wa,  0.0 hi,  0.1 si,  0.0 st
%Cpu(s):  9.3 us,  6.3 sy,  0.0 ni, 83.0 id,  0.0 wa,  0.0 hi,  1.4 si,  0.0 st
%Cpu(s):  8.8 us,  6.6 sy,  0.0 ni, 83.2 id,  0.0 wa,  0.0 hi,  1.4 si,  0.0 st
%Cpu(s):  9.1 us,  6.5 sy,  0.0 ni, 82.7 id,  0.0 wa,  0.0 hi,  1.6 si,  0.0 st
%Cpu(s):  9.4 us,  6.0 sy,  0.0 ni, 82.8 id,  0.0 wa,  0.0 hi,  1.8 si,  0.0 st
%Cpu(s):  9.8 us,  6.4 sy,  0.0 ni, 82.4 id,  0.0 wa,  0.0 hi,  1.4 si,  0.0 st
%Cpu(s): 12.7 us,  8.8 sy,  0.0 ni, 76.8 id,  0.0 wa,  0.0 hi,  1.4 si,  0.3 st
%Cpu(s): 13.3 us,  7.8 sy,  0.0 ni, 77.2 id,  0.0 wa,  0.0 hi,  1.8 si,  0.0 st
%Cpu(s): 11.1 us,  6.1 sy,  0.0 ni, 81.5 id,  0.0 wa,  0.0 hi,  1.1 si,  0.1 st
%Cpu(s):  8.6 us,  6.3 sy,  0.0 ni, 84.8 id,  0.0 wa,  0.0 hi,  0.3 si,  0.0 st
%Cpu(s):  9.4 us,  6.5 sy,  0.0 ni, 83.3 id,  0.4 wa,  0.0 hi,  0.5 si,  0.0 st
%Cpu(s):  9.0 us,  6.6 sy,  0.0 ni, 83.8 id,  0.0 wa,  0.0 hi,  0.5 si,  0.0 st
%Cpu(s): 10.6 us,  6.2 sy,  0.0 ni, 82.5 id,  0.0 wa,  0.0 hi,  0.8 si,  0.0 st
%Cpu(s): 10.7 us,  6.0 sy,  0.0 ni, 81.1 id,  1.3 wa,  0.0 hi,  0.9 si,  0.0 st
%Cpu(s):  9.9 us,  6.2 sy,  0.0 ni, 82.5 id,  0.0 wa,  0.0 hi,  1.4 si,  0.0 st
%Cpu(s):  8.6 us,  5.2 sy,  0.0 ni, 84.9 id,  0.0 wa,  0.0 hi,  1.2 si,  0.0 st
%Cpu(s):  7.1 us,  5.0 sy,  0.0 ni, 87.0 id,  0.0 wa,  0.0 hi,  0.9 si,  0.0 st
%Cpu(s):  6.5 us,  4.0 sy,  0.0 ni, 88.1 id,  0.0 wa,  0.0 hi,  1.3 si,  0.1 st
%Cpu(s):  7.2 us,  3.8 sy,  0.0 ni, 87.5 id,  1.3 wa,  0.0 hi,  0.3 si,  0.0 st
%Cpu(s):  5.5 us,  2.9 sy,  0.0 ni, 91.2 id,  0.0 wa,  0.0 hi,  0.3 si,  0.1 st
%Cpu(s):  4.7 us,  3.5 sy,  0.0 ni, 91.8 id,  0.0 wa,  0.0 hi,  0.0 si,  0.0 st
%Cpu(s):  5.4 us,  3.5 sy,  0.0 ni, 90.7 id,  0.0 wa,  0.0 hi,  0.3 si,  0.1 st
%Cpu(s):  4.8 us,  3.8 sy,  0.0 ni, 91.5 id,  0.0 wa,  0.0 hi,  0.0 si,  0.0 st
%Cpu(s):  3.6 us,  2.8 sy,  0.0 ni, 93.5 id,  0.0 wa,  0.0 hi,  0.1 si,  0.0 st
%Cpu(s):  3.3 us,  2.4 sy,  0.0 ni, 94.3 id,  0.0 wa,  0.0 hi,  0.0 si,  0.0 st
%Cpu(s):  3.0 us,  2.9 sy,  0.0 ni, 93.9 id,  0.1 wa,  0.0 hi,  0.0 si,  0.1 st
%Cpu(s):  3.6 us,  2.6 sy,  0.0 ni, 93.6 id,  0.0 wa,  0.0 hi,  0.0 si,  0.1 st
%Cpu(s):  3.1 us,  2.3 sy,  0.0 ni, 94.6 id,  0.0 wa,  0.0 hi,  0.0 si,  0.0 st
%Cpu(s):  4.2 us,  3.0 sy,  0.0 ni, 92.6 id,  0.0 wa,  0.0 hi,  0.1 si,  0.0 st
%Cpu(s):  3.6 us,  2.8 sy,  0.0 ni, 93.1 id,  0.0 wa,  0.0 hi,  0.5 si,  0.0 st
%Cpu(s):  5.6 us,  3.8 sy,  0.0 ni, 90.2 id,  0.0 wa,  0.0 hi,  0.3 si,  0.1 st
%Cpu(s):  5.5 us,  2.0 sy,  0.0 ni, 92.0 id,  0.0 wa,  0.0 hi,  0.5 si,  0.0 st
%Cpu(s):  4.5 us,  1.9 sy,  0.0 ni, 93.0 id,  0.0 wa,  0.0 hi,  0.5 si,  0.1 st
%Cpu(s):  3.2 us,  2.0 sy,  0.0 ni, 94.2 id,  0.0 wa,  0.0 hi,  0.4 si,  0.1 st
%Cpu(s):  3.0 us,  1.8 sy,  0.0 ni, 94.8 id,  0.0 wa,  0.0 hi,  0.4 si,  0.0 st
%Cpu(s):  2.9 us,  2.3 sy,  0.0 ni, 94.6 id,  0.1 wa,  0.0 hi,  0.1 si,  0.0 st
%Cpu(s):  3.1 us,  2.4 sy,  0.0 ni, 94.1 id,  0.0 wa,  0.0 hi,  0.3 si,  0.1 st
%Cpu(s):  3.6 us,  1.9 sy,  0.0 ni, 93.5 id,  0.0 wa,  0.0 hi,  1.0 si,  0.0 st
%Cpu(s):  3.1 us,  1.9 sy,  0.0 ni, 94.7 id,  0.0 wa,  0.0 hi,  0.3 si,  0.0 st
%Cpu(s):  3.4 us,  1.7 sy,  0.0 ni, 93.8 id,  0.1 wa,  0.0 hi,  0.7 si,  0.2 st
%Cpu(s):  4.0 us,  1.6 sy,  0.0 ni, 93.7 id,  0.0 wa,  0.0 hi,  0.5 si,  0.1 st
