%Cpu(s):  2.7 us,  1.5 sy,  0.0 ni, 95.6 id,  0.0 wa,  0.0 hi,  0.1 si,  0.0 st
%Cpu(s):  0.1 us,  0.1 sy,  0.0 ni, 99.8 id,  0.0 wa,  0.0 hi,  0.0 si,  0.0 st
%Cpu(s):  0.1 us,  0.1 sy,  0.0 ni, 99.8 id,  0.0 wa,  0.0 hi,  0.0 si,  0.0 st
%Cpu(s):  0.1 us,  0.0 sy,  0.0 ni, 99.9 id,  0.0 wa,  0.0 hi,  0.0 si,  0.0 st
%Cpu(s):  0.1 us,  0.1 sy,  0.0 ni, 99.9 id,  0.0 wa,  0.0 hi,  0.0 si,  0.0 st
%Cpu(s):  0.1 us,  0.1 sy,  0.0 ni, 99.8 id,  0.0 wa,  0.0 hi,  0.0 si,  0.0 st
%Cpu(s):  0.0 us,  0.1 sy,  0.0 ni, 99.9 id,  0.0 wa,  0.0 hi,  0.0 si,  0.0 st
%Cpu(s):  0.1 us,  0.1 sy,  0.0 ni, 99.8 id,  0.1 wa,  0.0 hi,  0.0 si,  0.0 st
%Cpu(s):  0.1 us,  0.1 sy,  0.0 ni, 99.9 id,  0.0 wa,  0.0 hi,  0.0 si,  0.0 st
%Cpu(s):  0.0 us,  0.1 sy,  0.0 ni, 99.9 id,  0.0 wa,  0.0 hi,  0.0 si,  0.0 st
%Cpu(s):  0.1 us,  0.1 sy,  0.0 ni, 99.9 id,  0.0 wa,  0.0 hi,  0.0 si,  0.0 st
%Cpu(s):  0.8 us,  0.1 sy,  0.0 ni, 99.1 id,  0.0 wa,  0.0 hi,  0.0 si,  0.0 st
%Cpu(s):  4.0 us,  0.4 sy,  0.0 ni, 95.6 id,  0.0 wa,  0.0 hi,  0.1 si,  0.0 st
%Cpu(s):  5.0 us,  0.2 sy,  0.0 ni, 94.6 id,  0.0 wa,  0.0 hi,  0.1 si,  0.1 st
%Cpu(s):  9.0 us,  1.2 sy,  0.0 ni, 88.4 id,  1.2 wa,  0.0 hi,  0.1 si,  0.1 st
%Cpu(s): 33.5 us,  3.9 sy,  0.0 ni, 61.6 id,  0.0 wa,  0.0 hi,  1.0 si,  0.0 st
%Cpu(s): 38.2 us,  5.5 sy,  0.0 ni, 54.9 id,  0.2 wa,  0.0 hi,  1.2 si,  0.0 st
%Cpu(s): 13.5 us,  4.6 sy,  0.0 ni, 80.6 id,  0.0 wa,  0.0 hi,  1.3 si,  0.1 st
%Cpu(s): 19.9 us,  4.4 sy,  0.0 ni, 75.3 id,  0.0 wa,  0.0 hi,  0.3 si,  0.1 st
%Cpu(s): 14.4 us,  6.7 sy,  0.0 ni, 77.9 id,  0.0 wa,  0.0 hi,  1.0 si,  0.1 st
%Cpu(s): 15.6 us,  8.3 sy,  0.0 ni, 75.2 id,  0.0 wa,  0.0 hi,  0.8 si,  0.0 st
%Cpu(s): 14.4 us,  7.8 sy,  0.0 ni, 76.4 id,  0.0 wa,  0.0 hi,  1.5 si,  0.0 st
%Cpu(s): 13.7 us,  8.6 sy,  0.0 ni, 76.4 id,  0.1 wa,  0.0 hi,  1.3 si,  0.0 st
%Cpu(s): 14.1 us,  8.5 sy,  0.0 ni, 76.4 id,  0.0 wa,  0.0 hi,  0.9 si,  0.1 st
%Cpu(s): 14.0 us,  8.8 sy,  0.0 ni, 76.4 id,  0.0 wa,  0.0 hi,  0.7 si,  0.0 st
%Cpu(s): 13.8 us,  7.7 sy,  0.0 ni, 77.8 id,  0.0 wa,  0.0 hi,  0.6 si,  0.1 st
%Cpu(s): 12.8 us,  7.7 sy,  0.0 ni, 78.9 id,  0.0 wa,  0.0 hi,  0.6 si,  0.0 st
%Cpu(s): 14.6 us,  9.3 sy,  0.0 ni, 75.3 id,  0.1 wa,  0.0 hi,  0.6 si,  0.1 st
%Cpu(s): 13.6 us,  8.5 sy,  0.0 ni, 77.2 id,  0.0 wa,  0.0 hi,  0.6 si,  0.1 st
%Cpu(s): 14.0 us,  8.9 sy,  0.0 ni, 76.5 id,  0.0 wa,  0.0 hi,  0.7 si,  0.0 st
%Cpu(s): 12.9 us,  8.5 sy,  0.0 ni, 78.0 id,  0.0 wa,  0.0 hi,  0.6 si,  0.0 st
%Cpu(s): 12.0 us,  7.5 sy,  0.0 ni, 79.0 id,  0.9 wa,  0.0 hi,  0.4 si,  0.1 st
%Cpu(s): 11.5 us,  6.5 sy,  0.0 ni, 80.7 id,  0.1 wa,  0.0 hi,  1.2 si,  0.0 st
%Cpu(s): 11.3 us,  6.7 sy,  0.0 ni, 81.4 id,  0.0 wa,  0.0 hi,  0.6 si,  0.0 st
%Cpu(s): 12.3 us,  7.4 sy,  0.0 ni, 79.8 id,  0.0 wa,  0.0 hi,  0.4 si,  0.0 st
%Cpu(s): 12.9 us,  7.3 sy,  0.0 ni, 79.0 id,  0.0 wa,  0.0 hi,  0.6 si,  0.1 st
%Cpu(s): 12.5 us,  8.3 sy,  0.0 ni, 77.0 id,  0.6 wa,  0.0 hi,  0.8 si,  0.7 st
%Cpu(s): 12.4 us,  9.7 sy,  0.0 ni, 77.2 id,  0.2 wa,  0.0 hi,  0.4 si,  0.1 st
%Cpu(s): 11.0 us,  8.8 sy,  0.0 ni, 79.5 id,  0.0 wa,  0.0 hi,  0.6 si,  0.1 st
%Cpu(s): 14.8 us,  9.6 sy,  0.0 ni, 75.2 id,  0.0 wa,  0.0 hi,  0.3 si,  0.1 st
%Cpu(s): 11.9 us,  9.8 sy,  0.0 ni, 77.5 id,  0.0 wa,  0.0 hi,  0.8 si,  0.0 st
%Cpu(s): 20.2 us,  9.0 sy,  0.0 ni, 69.8 id,  0.0 wa,  0.0 hi,  0.9 si,  0.1 st
%Cpu(s): 11.9 us,  9.6 sy,  0.0 ni, 77.6 id,  0.1 wa,  0.0 hi,  0.9 si,  0.0 st
%Cpu(s): 13.0 us, 10.4 sy,  0.0 ni, 76.0 id,  0.0 wa,  0.0 hi,  0.6 si,  0.0 st
%Cpu(s): 12.6 us,  9.7 sy,  0.0 ni, 76.5 id,  0.0 wa,  0.0 hi,  1.2 si,  0.0 st
%Cpu(s): 12.9 us, 10.4 sy,  0.0 ni, 75.9 id,  0.0 wa,  0.0 hi,  0.7 si,  0.1 st
%Cpu(s): 11.9 us, 10.6 sy,  0.0 ni, 76.7 id,  0.0 wa,  0.0 hi,  0.7 si,  0.1 st
%Cpu(s): 13.4 us,  9.4 sy,  0.0 ni, 76.4 id,  0.2 wa,  0.0 hi,  0.5 si,  0.1 st
%Cpu(s): 10.5 us,  6.9 sy,  0.0 ni, 82.1 id,  0.0 wa,  0.0 hi,  0.4 si,  0.1 st
%Cpu(s): 13.0 us,  7.7 sy,  0.0 ni, 78.8 id,  0.0 wa,  0.0 hi,  0.5 si,  0.0 st
%Cpu(s): 16.3 us, 10.2 sy,  0.0 ni, 73.3 id,  0.0 wa,  0.0 hi,  0.1 si,  0.0 st
%Cpu(s): 14.4 us,  9.4 sy,  0.0 ni, 76.1 id,  0.0 wa,  0.0 hi,  0.1 si,  0.0 st
%Cpu(s): 14.2 us,  9.9 sy,  0.0 ni, 75.5 id,  0.1 wa,  0.0 hi,  0.1 si,  0.1 st
%Cpu(s): 14.7 us,  9.3 sy,  0.0 ni, 76.0 id,  0.0 wa,  0.0 hi,  0.1 si,  0.0 st
%Cpu(s): 15.8 us,  9.5 sy,  0.0 ni, 74.4 id,  0.0 wa,  0.0 hi,  0.3 si,  0.1 st
%Cpu(s): 18.3 us, 12.4 sy,  0.0 ni, 68.4 id,  0.0 wa,  0.0 hi,  0.8 si,  0.0 st
%Cpu(s): 15.6 us, 11.5 sy,  0.0 ni, 71.3 id,  0.6 wa,  0.0 hi,  1.0 si,  0.0 st
%Cpu(s): 14.1 us,  8.1 sy,  0.0 ni, 75.2 id,  0.4 wa,  0.0 hi,  2.1 si,  0.1 st
%Cpu(s): 12.7 us,  8.9 sy,  0.0 ni, 77.8 id,  0.0 wa,  0.0 hi,  0.5 si,  0.1 st
%Cpu(s): 13.5 us,  8.4 sy,  0.0 ni, 77.7 id,  0.0 wa,  0.0 hi,  0.4 si,  0.0 st
%Cpu(s): 12.6 us,  8.6 sy,  0.0 ni, 78.5 id,  0.0 wa,  0.0 hi,  0.2 si,  0.1 st
%Cpu(s): 16.6 us, 11.4 sy,  0.0 ni, 71.4 id,  0.1 wa,  0.0 hi,  0.5 si,  0.0 st
%Cpu(s): 14.9 us,  9.4 sy,  0.0 ni, 72.3 id,  2.7 wa,  0.0 hi,  0.6 si,  0.0 st
%Cpu(s): 13.2 us,  8.4 sy,  0.0 ni, 78.0 id,  0.0 wa,  0.0 hi,  0.4 si,  0.1 st
%Cpu(s): 13.6 us,  8.5 sy,  0.0 ni, 77.5 id,  0.0 wa,  0.0 hi,  0.3 si,  0.0 st
%Cpu(s): 14.2 us,  9.7 sy,  0.0 ni, 75.5 id,  0.0 wa,  0.0 hi,  0.5 si,  0.0 st
%Cpu(s): 13.1 us,  8.8 sy,  0.0 ni, 77.1 id,  0.0 wa,  0.0 hi,  0.4 si,  0.5 st
%Cpu(s): 13.5 us,  8.3 sy,  0.0 ni, 77.8 id,  0.2 wa,  0.0 hi,  0.1 si,  0.1 st
%Cpu(s): 12.5 us,  7.8 sy,  0.0 ni, 79.4 id,  0.0 wa,  0.0 hi,  0.3 si,  0.1 st
%Cpu(s): 12.7 us,  8.6 sy,  0.0 ni, 78.2 id,  0.0 wa,  0.0 hi,  0.4 si,  0.0 st
%Cpu(s): 12.1 us,  7.2 sy,  0.0 ni, 80.4 id,  0.0 wa,  0.0 hi,  0.3 si,  0.0 st
%Cpu(s): 11.4 us,  8.5 sy,  0.0 ni, 79.7 id,  0.0 wa,  0.0 hi,  0.4 si,  0.1 st
%Cpu(s): 12.2 us,  7.8 sy,  0.0 ni, 79.5 id,  0.0 wa,  0.0 hi,  0.5 si,  0.0 st
%Cpu(s): 11.1 us,  7.5 sy,  0.0 ni, 81.2 id,  0.0 wa,  0.0 hi,  0.3 si,  0.0 st
%Cpu(s): 11.8 us,  7.3 sy,  0.0 ni, 79.9 id,  0.0 wa,  0.0 hi,  0.9 si,  0.1 st
%Cpu(s): 11.8 us,  6.7 sy,  0.0 ni, 81.1 id,  0.0 wa,  0.0 hi,  0.4 si,  0.0 st
