%Cpu(s):  2.8 us,  1.6 sy,  0.0 ni, 95.5 id,  0.0 wa,  0.0 hi,  0.1 si,  0.0 st
%Cpu(s):  0.2 us,  0.1 sy,  0.0 ni, 99.8 id,  0.0 wa,  0.0 hi,  0.0 si,  0.0 st
%Cpu(s):  0.1 us,  0.1 sy,  0.0 ni, 99.9 id,  0.0 wa,  0.0 hi,  0.0 si,  0.0 st
%Cpu(s):  0.1 us,  0.1 sy,  0.0 ni, 99.8 id,  0.0 wa,  0.0 hi,  0.0 si,  0.1 st
%Cpu(s):  0.0 us,  0.1 sy,  0.0 ni, 99.9 id,  0.0 wa,  0.0 hi,  0.0 si,  0.0 st
%Cpu(s):  0.1 us,  0.0 sy,  0.0 ni, 99.9 id,  0.0 wa,  0.0 hi,  0.0 si,  0.0 st
%Cpu(s):  0.0 us,  0.1 sy,  0.0 ni, 99.9 id,  0.0 wa,  0.0 hi,  0.0 si,  0.0 st
%Cpu(s):  0.0 us,  0.1 sy,  0.0 ni, 99.9 id,  0.0 wa,  0.0 hi,  0.0 si,  0.0 st
%Cpu(s):  0.1 us,  0.0 sy,  0.0 ni, 99.9 id,  0.0 wa,  0.0 hi,  0.0 si,  0.0 st
%Cpu(s):  0.1 us,  0.1 sy,  0.0 ni, 99.8 id,  0.0 wa,  0.0 hi,  0.0 si,  0.0 st
%Cpu(s):  5.8 us,  0.4 sy,  0.0 ni, 93.7 id,  0.0 wa,  0.0 hi,  0.0 si,  0.1 st
%Cpu(s):  9.6 us,  0.6 sy,  0.0 ni, 89.7 id,  0.0 wa,  0.0 hi,  0.1 si,  0.0 st
%Cpu(s):  0.7 us,  0.1 sy,  0.0 ni, 99.2 id,  0.0 wa,  0.0 hi,  0.0 si,  0.0 st
%Cpu(s):  1.9 us,  0.1 sy,  0.0 ni, 98.0 id,  0.0 wa,  0.0 hi,  0.0 si,  0.0 st
%Cpu(s): 11.2 us,  1.2 sy,  0.0 ni, 86.1 id,  1.2 wa,  0.0 hi,  0.2 si,  0.0 st
%Cpu(s): 51.3 us,  5.7 sy,  0.0 ni, 41.7 id,  0.0 wa,  0.0 hi,  1.1 si,  0.1 st
%Cpu(s): 37.8 us,  6.2 sy,  0.0 ni, 54.9 id,  0.0 wa,  0.0 hi,  1.1 si,  0.0 st
%Cpu(s): 20.4 us,  6.5 sy,  0.0 ni, 72.8 id,  0.0 wa,  0.0 hi,  0.3 si,  0.0 st
%Cpu(s): 11.4 us,  6.9 sy,  0.0 ni, 80.0 id,  0.3 wa,  0.0 hi,  1.4 si,  0.0 st
%Cpu(s): 17.9 us,  6.2 sy,  0.0 ni, 74.4 id,  0.0 wa,  0.0 hi,  1.0 si,  0.4 st
%Cpu(s): 15.7 us,  6.6 sy,  0.0 ni, 76.1 id,  0.0 wa,  0.0 hi,  1.3 si,  0.4 st
%Cpu(s): 15.3 us,  8.1 sy,  0.0 ni, 75.1 id,  0.0 wa,  0.0 hi,  1.5 si,  0.1 st
%Cpu(s): 13.0 us,  7.0 sy,  0.0 ni, 79.1 id,  0.0 wa,  0.0 hi,  0.9 si,  0.1 st
%Cpu(s): 11.5 us,  7.7 sy,  0.0 ni, 80.1 id,  0.1 wa,  0.0 hi,  0.6 si,  0.0 st
%Cpu(s): 14.2 us,  7.2 sy,  0.0 ni, 78.2 id,  0.0 wa,  0.0 hi,  0.3 si,  0.1 st
%Cpu(s): 13.9 us,  6.9 sy,  0.0 ni, 78.7 id,  0.0 wa,  0.0 hi,  0.5 si,  0.0 st
%Cpu(s): 13.6 us,  7.1 sy,  0.0 ni, 78.6 id,  0.0 wa,  0.0 hi,  0.6 si,  0.0 st
%Cpu(s): 13.3 us,  7.0 sy,  0.0 ni, 78.7 id,  0.0 wa,  0.0 hi,  1.0 si,  0.1 st
%Cpu(s): 13.5 us,  6.9 sy,  0.0 ni, 79.1 id,  0.1 wa,  0.0 hi,  0.4 si,  0.1 st
%Cpu(s): 13.7 us,  7.1 sy,  0.0 ni, 78.6 id,  0.0 wa,  0.0 hi,  0.6 si,  0.0 st
%Cpu(s): 11.9 us,  6.3 sy,  0.0 ni, 81.5 id,  0.0 wa,  0.0 hi,  0.4 si,  0.0 st
%Cpu(s): 14.8 us,  9.9 sy,  0.0 ni, 74.9 id,  0.2 wa,  0.0 hi,  0.3 si,  0.0 st
%Cpu(s): 15.2 us, 11.3 sy,  0.0 ni, 73.1 id,  0.0 wa,  0.0 hi,  0.4 si,  0.0 st
%Cpu(s): 12.9 us,  6.9 sy,  0.0 ni, 79.9 id,  0.0 wa,  0.0 hi,  0.3 si,  0.1 st
%Cpu(s): 12.5 us,  7.8 sy,  0.0 ni, 79.5 id,  0.0 wa,  0.0 hi,  0.1 si,  0.0 st
%Cpu(s): 12.5 us,  6.7 sy,  0.0 ni, 80.5 id,  0.0 wa,  0.0 hi,  0.3 si,  0.0 st
%Cpu(s): 11.7 us,  6.8 sy,  0.0 ni, 81.2 id,  0.0 wa,  0.0 hi,  0.3 si,  0.1 st
%Cpu(s): 13.7 us, 10.5 sy,  0.0 ni, 75.5 id,  0.1 wa,  0.0 hi,  0.3 si,  0.0 st
%Cpu(s): 13.8 us,  9.2 sy,  0.0 ni, 75.7 id,  1.0 wa,  0.0 hi,  0.3 si,  0.0 st
%Cpu(s): 14.6 us, 10.5 sy,  0.0 ni, 74.6 id,  0.0 wa,  0.0 hi,  0.3 si,  0.1 st
%Cpu(s): 25.2 us,  9.9 sy,  0.0 ni, 64.3 id,  0.1 wa,  0.0 hi,  0.6 si,  0.1 st
%Cpu(s): 15.3 us, 12.1 sy,  0.0 ni, 71.8 id,  0.0 wa,  0.0 hi,  0.7 si,  0.1 st
%Cpu(s): 14.2 us, 11.3 sy,  0.0 ni, 73.7 id,  0.3 wa,  0.0 hi,  0.5 si,  0.0 st
%Cpu(s): 15.9 us, 13.5 sy,  0.0 ni, 67.9 id,  2.4 wa,  0.0 hi,  0.2 si,  0.1 st
%Cpu(s): 14.6 us,  9.3 sy,  0.0 ni, 75.6 id,  0.0 wa,  0.0 hi,  0.4 si,  0.0 st
%Cpu(s): 15.0 us,  9.6 sy,  0.0 ni, 74.7 id,  0.0 wa,  0.0 hi,  0.6 si,  0.0 st
%Cpu(s): 15.6 us, 10.2 sy,  0.0 ni, 73.7 id,  0.0 wa,  0.0 hi,  0.4 si,  0.1 st
%Cpu(s): 13.0 us,  7.4 sy,  0.0 ni, 79.2 id,  0.1 wa,  0.0 hi,  0.3 si,  0.0 st
%Cpu(s): 14.1 us,  8.3 sy,  0.0 ni, 77.4 id,  0.0 wa,  0.0 hi,  0.2 si,  0.0 st
%Cpu(s): 14.9 us,  9.2 sy,  0.0 ni, 74.7 id,  0.0 wa,  0.0 hi,  0.4 si,  0.8 st
%Cpu(s): 17.1 us,  9.9 sy,  0.0 ni, 72.5 id,  0.0 wa,  0.0 hi,  0.4 si,  0.0 st
%Cpu(s): 15.7 us,  9.8 sy,  0.0 ni, 74.0 id,  0.0 wa,  0.0 hi,  0.5 si,  0.0 st
%Cpu(s): 13.4 us,  7.6 sy,  0.0 ni, 78.5 id,  0.1 wa,  0.0 hi,  0.3 si,  0.1 st
%Cpu(s): 15.4 us,  8.8 sy,  0.0 ni, 75.5 id,  0.0 wa,  0.0 hi,  0.4 si,  0.0 st
%Cpu(s): 13.1 us,  7.9 sy,  0.0 ni, 78.6 id,  0.0 wa,  0.0 hi,  0.4 si,  0.0 st
%Cpu(s): 15.3 us,  8.6 sy,  0.0 ni, 75.8 id,  0.0 wa,  0.0 hi,  0.3 si,  0.1 st
%Cpu(s): 15.6 us, 10.7 sy,  0.0 ni, 73.4 id,  0.0 wa,  0.0 hi,  0.1 si,  0.1 st
%Cpu(s): 15.2 us,  9.4 sy,  0.0 ni, 74.9 id,  0.2 wa,  0.0 hi,  0.3 si,  0.0 st
%Cpu(s): 12.5 us,  6.7 sy,  0.0 ni, 80.7 id,  0.0 wa,  0.0 hi,  0.1 si,  0.1 st
%Cpu(s): 11.6 us,  7.1 sy,  0.0 ni, 81.1 id,  0.0 wa,  0.0 hi,  0.2 si,  0.0 st
%Cpu(s): 15.5 us,  9.8 sy,  0.0 ni, 74.4 id,  0.0 wa,  0.0 hi,  0.1 si,  0.1 st
%Cpu(s): 16.2 us, 10.2 sy,  0.0 ni, 73.5 id,  0.0 wa,  0.0 hi,  0.1 si,  0.0 st
%Cpu(s): 19.0 us, 11.2 sy,  0.0 ni, 69.6 id,  0.0 wa,  0.0 hi,  0.3 si,  0.1 st
%Cpu(s): 16.2 us, 10.9 sy,  0.0 ni, 72.7 id,  0.0 wa,  0.0 hi,  0.2 si,  0.0 st
%Cpu(s): 16.7 us, 10.5 sy,  0.0 ni, 72.6 id,  0.0 wa,  0.0 hi,  0.1 si,  0.1 st
%Cpu(s): 14.3 us,  7.7 sy,  0.0 ni, 77.8 id,  0.0 wa,  0.0 hi,  0.2 si,  0.0 st
%Cpu(s): 13.5 us,  7.8 sy,  0.0 ni, 78.3 id,  0.0 wa,  0.0 hi,  0.4 si,  0.0 st
%Cpu(s): 16.2 us, 10.3 sy,  0.0 ni, 73.0 id,  0.1 wa,  0.0 hi,  0.4 si,  0.1 st
%Cpu(s): 14.4 us,  9.1 sy,  0.0 ni, 74.5 id,  1.6 wa,  0.0 hi,  0.4 si,  0.0 st
%Cpu(s): 14.7 us,  9.1 sy,  0.0 ni, 76.0 id,  0.0 wa,  0.0 hi,  0.3 si,  0.0 st
%Cpu(s): 14.0 us,  7.6 sy,  0.0 ni, 77.8 id,  0.0 wa,  0.0 hi,  0.6 si,  0.0 st
%Cpu(s): 11.0 us,  8.2 sy,  0.0 ni, 80.4 id,  0.0 wa,  0.0 hi,  0.4 si,  0.0 st
%Cpu(s): 11.6 us,  7.8 sy,  0.0 ni, 79.8 id,  0.1 wa,  0.0 hi,  0.8 si,  0.0 st
%Cpu(s): 11.9 us,  7.4 sy,  0.0 ni, 78.8 id,  1.2 wa,  0.0 hi,  0.8 si,  0.1 st
%Cpu(s): 10.2 us,  8.2 sy,  0.0 ni, 79.3 id,  1.8 wa,  0.0 hi,  0.4 si,  0.1 st
%Cpu(s): 10.8 us,  7.2 sy,  0.0 ni, 81.5 id,  0.0 wa,  0.0 hi,  0.4 si,  0.1 st
