%Cpu(s):  0.8 us,  0.5 sy,  0.0 ni, 98.7 id,  0.0 wa,  0.0 hi,  0.0 si,  0.0 st
%Cpu(s):  0.2 us,  0.0 sy,  0.0 ni, 99.8 id,  0.0 wa,  0.0 hi,  0.0 si,  0.0 st
%Cpu(s):  0.1 us,  0.0 sy,  0.0 ni, 99.9 id,  0.0 wa,  0.0 hi,  0.0 si,  0.0 st
%Cpu(s):  0.1 us,  0.0 sy,  0.0 ni, 99.9 id,  0.0 wa,  0.0 hi,  0.0 si,  0.0 st
%Cpu(s):  0.0 us,  0.1 sy,  0.0 ni, 99.9 id,  0.0 wa,  0.0 hi,  0.0 si,  0.0 st
%Cpu(s):  0.1 us,  0.1 sy,  0.0 ni, 99.9 id,  0.0 wa,  0.0 hi,  0.0 si,  0.0 st
%Cpu(s):  3.9 us,  0.3 sy,  0.0 ni, 95.7 id,  0.0 wa,  0.0 hi,  0.1 si,  0.1 st
%Cpu(s):  3.2 us,  0.2 sy,  0.0 ni, 96.4 id,  0.0 wa,  0.0 hi,  0.1 si,  0.1 st
%Cpu(s):  1.4 us,  0.1 sy,  0.0 ni, 98.5 id,  0.0 wa,  0.0 hi,  0.0 si,  0.0 st
%Cpu(s):  0.2 us,  0.1 sy,  0.0 ni, 99.8 id,  0.0 wa,  0.0 hi,  0.0 si,  0.0 st
%Cpu(s):  0.3 us,  0.1 sy,  0.0 ni, 99.6 id,  0.0 wa,  0.0 hi,  0.0 si,  0.0 st
%Cpu(s):  0.4 us,  0.1 sy,  0.0 ni, 99.5 id,  0.0 wa,  0.0 hi,  0.0 si,  0.0 st
%Cpu(s):  0.1 us,  0.1 sy,  0.0 ni, 99.8 id,  0.0 wa,  0.0 hi,  0.0 si,  0.1 st
%Cpu(s):  0.2 us,  0.1 sy,  0.0 ni, 99.7 id,  0.0 wa,  0.0 hi,  0.0 si,  0.1 st
%Cpu(s): 14.5 us,  1.8 sy,  0.0 ni, 83.2 id,  0.1 wa,  0.0 hi,  0.3 si,  0.0 st
%Cpu(s): 58.2 us,  9.5 sy,  0.0 ni, 31.2 id,  0.0 wa,  0.0 hi,  1.1 si,  0.0 st
%Cpu(s): 38.4 us,  9.5 sy,  0.0 ni, 51.1 id,  0.0 wa,  0.0 hi,  1.0 si,  0.0 st
%Cpu(s): 14.0 us,  6.1 sy,  0.0 ni, 79.6 id,  0.0 wa,  0.0 hi,  0.3 si,  0.1 st
%Cpu(s): 15.1 us,  7.9 sy,  0.0 ni, 76.1 id,  0.1 wa,  0.0 hi,  0.8 si,  0.1 st
%Cpu(s): 17.0 us,  9.2 sy,  0.0 ni, 73.5 id,  0.0 wa,  0.0 hi,  0.3 si,  0.1 st
%Cpu(s): 13.1 us,  8.5 sy,  0.0 ni, 77.7 id,  0.0 wa,  0.0 hi,  0.6 si,  0.0 st
%Cpu(s): 15.8 us,  8.0 sy,  0.0 ni, 75.8 id,  0.0 wa,  0.0 hi,  0.4 si,  0.0 st
%Cpu(s): 14.6 us,  7.0 sy,  0.0 ni, 77.9 id,  0.0 wa,  0.0 hi,  0.5 si,  0.1 st
%Cpu(s): 15.0 us,  9.6 sy,  0.0 ni, 74.9 id,  0.0 wa,  0.0 hi,  0.5 si,  0.0 st
%Cpu(s): 15.5 us,  9.4 sy,  0.0 ni, 73.8 id,  0.0 wa,  0.0 hi,  1.2 si,  0.0 st
%Cpu(s): 14.5 us, 10.1 sy,  0.0 ni, 75.1 id,  0.0 wa,  0.0 hi,  0.2 si,  0.1 st
%Cpu(s): 15.6 us, 11.2 sy,  0.0 ni, 72.9 id,  0.0 wa,  0.0 hi,  0.3 si,  0.0 st
%Cpu(s): 14.1 us,  9.6 sy,  0.0 ni, 76.1 id,  0.0 wa,  0.0 hi,  0.1 si,  0.1 st
%Cpu(s): 13.3 us,  7.5 sy,  0.0 ni, 78.7 id,  0.0 wa,  0.0 hi,  0.4 si,  0.1 st
%Cpu(s): 15.9 us,  9.6 sy,  0.0 ni, 74.4 id,  0.0 wa,  0.0 hi,  0.1 si,  0.1 st
%Cpu(s): 16.2 us, 12.7 sy,  0.0 ni, 70.8 id,  0.0 wa,  0.0 hi,  0.3 si,  0.0 st
%Cpu(s): 15.4 us, 12.6 sy,  0.0 ni, 71.8 id,  0.1 wa,  0.0 hi,  0.1 si,  0.0 st
%Cpu(s): 14.1 us,  9.5 sy,  0.0 ni, 76.1 id,  0.0 wa,  0.0 hi,  0.2 si,  0.1 st
%Cpu(s): 13.1 us,  8.0 sy,  0.0 ni, 78.4 id,  0.0 wa,  0.0 hi,  0.4 si,  0.1 st
%Cpu(s): 16.1 us,  9.2 sy,  0.0 ni, 74.6 id,  0.0 wa,  0.0 hi,  0.1 si,  0.0 st
%Cpu(s): 13.9 us,  8.7 sy,  0.0 ni, 77.1 id,  0.0 wa,  0.0 hi,  0.3 si,  0.0 st
%Cpu(s): 17.8 us,  7.9 sy,  0.0 ni, 73.7 id,  0.0 wa,  0.0 hi,  0.5 si,  0.1 st
%Cpu(s): 18.4 us,  8.5 sy,  0.0 ni, 72.2 id,  0.0 wa,  0.0 hi,  0.8 si,  0.0 st
%Cpu(s): 14.1 us, 11.9 sy,  0.0 ni, 72.1 id,  0.4 wa,  0.0 hi,  1.5 si,  0.0 st
%Cpu(s): 13.0 us, 10.5 sy,  0.0 ni, 75.6 id,  0.9 wa,  0.0 hi,  0.1 si,  0.0 st
%Cpu(s): 16.0 us, 11.8 sy,  0.0 ni, 72.2 id,  0.0 wa,  0.0 hi,  0.1 si,  0.0 st
%Cpu(s): 14.9 us, 11.9 sy,  0.0 ni, 72.7 id,  0.0 wa,  0.0 hi,  0.5 si,  0.0 st
%Cpu(s): 16.0 us, 13.5 sy,  0.0 ni, 69.9 id,  0.0 wa,  0.0 hi,  0.6 si,  0.0 st
%Cpu(s): 15.1 us, 12.3 sy,  0.0 ni, 71.5 id,  0.0 wa,  0.0 hi,  1.0 si,  0.1 st
%Cpu(s): 13.4 us,  8.1 sy,  0.0 ni, 77.2 id,  1.0 wa,  0.0 hi,  0.4 si,  0.0 st
%Cpu(s): 10.8 us,  6.4 sy,  0.0 ni, 82.3 id,  0.0 wa,  0.0 hi,  0.3 si,  0.1 st
%Cpu(s): 10.1 us,  6.6 sy,  0.0 ni, 83.3 id,  0.0 wa,  0.0 hi,  0.1 si,  0.0 st
%Cpu(s): 13.8 us,  7.9 sy,  0.0 ni, 77.7 id,  0.0 wa,  0.0 hi,  0.5 si,  0.1 st
%Cpu(s): 14.2 us,  9.8 sy,  0.0 ni, 74.8 id,  0.1 wa,  0.0 hi,  1.1 si,  0.0 st
%Cpu(s): 13.6 us,  8.7 sy,  0.0 ni, 76.8 id,  0.0 wa,  0.0 hi,  1.0 si,  0.0 st
%Cpu(s): 12.1 us,  6.9 sy,  0.0 ni, 80.4 id,  0.0 wa,  0.0 hi,  0.6 si,  0.1 st
%Cpu(s): 13.8 us,  8.7 sy,  0.0 ni, 77.0 id,  0.0 wa,  0.0 hi,  0.4 si,  0.0 st
%Cpu(s): 13.4 us,  8.9 sy,  0.0 ni, 77.1 id,  0.0 wa,  0.0 hi,  0.5 si,  0.0 st
%Cpu(s): 14.3 us,  9.2 sy,  0.0 ni, 75.9 id,  0.0 wa,  0.0 hi,  0.5 si,  0.1 st
%Cpu(s): 14.9 us,  8.3 sy,  0.0 ni, 76.3 id,  0.0 wa,  0.0 hi,  0.5 si,  0.0 st
%Cpu(s): 15.3 us, 10.2 sy,  0.0 ni, 73.9 id,  0.0 wa,  0.0 hi,  0.4 si,  0.1 st
%Cpu(s): 17.9 us,  8.3 sy,  0.0 ni, 72.4 id,  0.0 wa,  0.0 hi,  1.3 si,  0.1 st
%Cpu(s): 21.9 us, 10.9 sy,  0.0 ni, 65.8 id,  0.0 wa,  0.0 hi,  1.3 si,  0.1 st
%Cpu(s): 16.2 us, 10.6 sy,  0.0 ni, 72.8 id,  0.2 wa,  0.0 hi,  0.1 si,  0.1 st
%Cpu(s): 17.5 us, 10.3 sy,  0.0 ni, 72.1 id,  0.0 wa,  0.0 hi,  0.1 si,  0.0 st
%Cpu(s): 18.1 us, 10.2 sy,  0.0 ni, 71.7 id,  0.0 wa,  0.0 hi,  0.0 si,  0.0 st
%Cpu(s): 17.3 us, 11.3 sy,  0.0 ni, 71.4 id,  0.0 wa,  0.0 hi,  0.0 si,  0.1 st
%Cpu(s): 16.3 us, 10.0 sy,  0.0 ni, 72.9 id,  0.0 wa,  0.0 hi,  0.8 si,  0.0 st
%Cpu(s): 17.5 us, 10.0 sy,  0.0 ni, 71.8 id,  0.1 wa,  0.0 hi,  0.6 si,  0.0 st
%Cpu(s): 15.4 us,  9.5 sy,  0.0 ni, 74.1 id,  0.0 wa,  0.0 hi,  0.9 si,  0.0 st
%Cpu(s): 16.6 us, 10.0 sy,  0.0 ni, 73.3 id,  0.0 wa,  0.0 hi,  0.2 si,  0.0 st
%Cpu(s): 17.1 us,  9.6 sy,  0.0 ni, 73.4 id,  0.0 wa,  0.0 hi,  0.0 si,  0.0 st
%Cpu(s): 16.2 us, 10.4 sy,  0.0 ni, 73.2 id,  0.0 wa,  0.0 hi,  0.1 si,  0.1 st
%Cpu(s): 14.4 us,  9.6 sy,  0.0 ni, 74.9 id,  0.0 wa,  0.0 hi,  1.1 si,  0.1 st
%Cpu(s): 15.2 us,  9.7 sy,  0.0 ni, 73.5 id,  0.6 wa,  0.0 hi,  1.0 si,  0.0 st
%Cpu(s): 15.4 us, 10.2 sy,  0.0 ni, 73.7 id,  0.0 wa,  0.0 hi,  0.8 si,  0.0 st
%Cpu(s): 13.1 us,  8.6 sy,  0.0 ni, 77.8 id,  0.0 wa,  0.0 hi,  0.5 si,  0.0 st
%Cpu(s): 12.5 us,  9.2 sy,  0.0 ni, 78.2 id,  0.0 wa,  0.0 hi,  0.2 si,  0.0 st
%Cpu(s): 12.6 us,  8.5 sy,  0.0 ni, 78.7 id,  0.1 wa,  0.0 hi,  0.1 si,  0.0 st
%Cpu(s): 11.8 us,  8.9 sy,  0.0 ni, 77.0 id,  0.5 wa,  0.0 hi,  1.8 si,  0.1 st
%Cpu(s): 12.6 us,  8.7 sy,  0.0 ni, 78.0 id,  0.0 wa,  0.0 hi,  0.6 si,  0.1 st
