%Cpu(s):  1.4 us,  0.7 sy,  0.0 ni, 97.8 id,  0.0 wa,  0.0 hi,  0.1 si,  0.0 st
%Cpu(s):  0.0 us,  0.2 sy,  0.0 ni, 99.6 id,  0.1 wa,  0.0 hi,  0.0 si,  0.0 st
%Cpu(s):  0.0 us,  0.1 sy,  0.0 ni, 99.9 id,  0.0 wa,  0.0 hi,  0.0 si,  0.0 st
%Cpu(s):  0.1 us,  0.1 sy,  0.0 ni, 99.8 id,  0.0 wa,  0.0 hi,  0.0 si,  0.0 st
%Cpu(s):  0.1 us,  0.1 sy,  0.0 ni, 99.8 id,  0.0 wa,  0.0 hi,  0.0 si,  0.0 st
%Cpu(s): 33.5 us,  2.4 sy,  0.0 ni, 63.3 id,  0.2 wa,  0.0 hi,  0.5 si,  0.0 st
%Cpu(s): 43.6 us,  4.1 sy,  0.0 ni, 51.6 id,  0.0 wa,  0.0 hi,  0.5 si,  0.1 st
%Cpu(s): 42.3 us,  5.3 sy,  0.0 ni, 52.0 id,  0.0 wa,  0.0 hi,  0.4 si,  0.0 st
%Cpu(s): 24.9 us,  5.3 sy,  0.0 ni, 68.8 id,  0.0 wa,  0.0 hi,  1.0 si,  0.0 st
%Cpu(s): 12.2 us,  5.9 sy,  0.0 ni, 81.3 id,  0.0 wa,  0.0 hi,  0.5 si,  0.1 st
%Cpu(s): 19.5 us,  6.1 sy,  0.0 ni, 73.3 id,  0.0 wa,  0.0 hi,  1.1 si,  0.0 st
%Cpu(s): 21.4 us,  6.2 sy,  0.0 ni, 71.0 id,  0.1 wa,  0.0 hi,  1.3 si,  0.1 st
%Cpu(s): 26.5 us,  8.6 sy,  0.0 ni, 62.9 id,  0.0 wa,  0.0 hi,  2.0 si,  0.0 st
%Cpu(s): 14.9 us,  8.7 sy,  0.0 ni, 74.3 id,  0.0 wa,  0.0 hi,  2.1 si,  0.0 st
%Cpu(s): 17.2 us,  8.6 sy,  0.0 ni, 73.0 id,  0.0 wa,  0.0 hi,  1.3 si,  0.0 st
%Cpu(s): 14.6 us,  8.5 sy,  0.0 ni, 75.5 id,  0.0 wa,  0.0 hi,  1.4 si,  0.0 st
%Cpu(s): 18.7 us, 11.0 sy,  0.0 ni, 68.6 id,  0.0 wa,  0.0 hi,  1.8 si,  0.0 st
%Cpu(s): 20.4 us, 12.5 sy,  0.0 ni, 65.1 id,  0.0 wa,  0.0 hi,  2.0 si,  0.0 st
%Cpu(s): 23.1 us, 10.8 sy,  0.0 ni, 64.3 id,  0.0 wa,  0.0 hi,  1.8 si,  0.0 st
%Cpu(s): 17.6 us, 11.4 sy,  0.0 ni, 69.2 id,  0.0 wa,  0.0 hi,  1.8 si,  0.0 st
%Cpu(s): 22.5 us,  9.3 sy,  0.0 ni, 66.1 id,  0.0 wa,  0.0 hi,  1.9 si,  0.1 st
%Cpu(s): 18.3 us, 11.2 sy,  0.0 ni, 69.4 id,  0.0 wa,  0.0 hi,  0.9 si,  0.1 st
%Cpu(s): 20.4 us, 10.6 sy,  0.0 ni, 68.1 id,  0.0 wa,  0.0 hi,  0.9 si,  0.0 st
%Cpu(s): 20.0 us, 12.1 sy,  0.0 ni, 66.9 id,  0.0 wa,  0.0 hi,  1.0 si,  0.0 st
%Cpu(s): 18.5 us, 15.5 sy,  0.0 ni, 65.3 id,  0.0 wa,  0.0 hi,  0.8 si,  0.0 st
%Cpu(s): 19.8 us, 12.1 sy,  0.0 ni, 66.8 id,  0.0 wa,  0.0 hi,  1.3 si,  0.0 st
%Cpu(s): 19.0 us,  9.6 sy,  0.0 ni, 69.5 id,  0.1 wa,  0.0 hi,  1.7 si,  0.1 st
%Cpu(s): 19.8 us, 11.2 sy,  0.0 ni, 67.5 id,  0.0 wa,  0.0 hi,  1.5 si,  0.0 st
%Cpu(s): 19.5 us, 11.4 sy,  0.0 ni, 67.0 id,  0.0 wa,  0.0 hi,  2.0 si,  0.0 st
%Cpu(s): 19.3 us, 13.8 sy,  0.0 ni, 65.3 id,  0.0 wa,  0.0 hi,  1.6 si,  0.0 st
%Cpu(s): 19.3 us, 14.5 sy,  0.0 ni, 64.7 id,  0.0 wa,  0.0 hi,  1.5 si,  0.0 st
%Cpu(s): 19.0 us, 11.6 sy,  0.0 ni, 68.0 id,  0.1 wa,  0.0 hi,  1.3 si,  0.0 st
%Cpu(s): 18.0 us, 11.7 sy,  0.0 ni, 68.9 id,  0.0 wa,  0.0 hi,  1.4 si,  0.0 st
%Cpu(s): 20.0 us, 12.8 sy,  0.0 ni, 65.4 id,  0.0 wa,  0.0 hi,  1.8 si,  0.0 st
%Cpu(s): 20.0 us, 12.7 sy,  0.0 ni, 65.6 id,  0.0 wa,  0.0 hi,  1.6 si,  0.1 st
%Cpu(s): 18.7 us, 11.0 sy,  0.0 ni, 69.0 id,  0.0 wa,  0.0 hi,  1.3 si,  0.1 st
%Cpu(s): 19.7 us,  9.9 sy,  0.0 ni, 69.9 id,  0.0 wa,  0.0 hi,  0.5 si,  0.0 st
%Cpu(s): 17.5 us,  8.9 sy,  0.0 ni, 72.7 id,  0.0 wa,  0.0 hi,  0.9 si,  0.0 st
%Cpu(s): 18.5 us, 10.0 sy,  0.0 ni, 71.0 id,  0.0 wa,  0.0 hi,  0.4 si,  0.1 st
%Cpu(s): 18.0 us, 10.1 sy,  0.0 ni, 69.1 id,  1.8 wa,  0.0 hi,  1.0 si,  0.0 st
%Cpu(s): 32.4 us, 10.1 sy,  0.0 ni, 56.1 id,  0.0 wa,  0.0 hi,  1.4 si,  0.0 st
%Cpu(s): 21.0 us, 11.2 sy,  0.0 ni, 66.9 id,  0.0 wa,  0.0 hi,  0.9 si,  0.0 st
%Cpu(s): 22.0 us, 11.2 sy,  0.0 ni, 66.3 id,  0.0 wa,  0.0 hi,  0.5 si,  0.0 st
%Cpu(s): 17.0 us, 11.1 sy,  0.0 ni, 70.2 id,  0.0 wa,  0.0 hi,  1.6 si,  0.0 st
%Cpu(s): 20.0 us, 11.5 sy,  0.0 ni, 67.0 id,  0.0 wa,  0.0 hi,  1.4 si,  0.0 st
%Cpu(s): 19.1 us,  9.2 sy,  0.0 ni, 70.7 id,  0.0 wa,  0.0 hi,  0.9 si,  0.1 st
%Cpu(s): 21.3 us,  9.4 sy,  0.0 ni, 67.7 id,  0.1 wa,  0.0 hi,  1.5 si,  0.0 st
%Cpu(s): 22.6 us, 10.6 sy,  0.0 ni, 65.3 id,  0.0 wa,  0.0 hi,  1.5 si,  0.0 st
%Cpu(s): 19.6 us,  9.9 sy,  0.0 ni, 69.0 id,  0.0 wa,  0.0 hi,  1.4 si,  0.1 st
%Cpu(s): 21.2 us, 10.4 sy,  0.0 ni, 67.1 id,  0.0 wa,  0.0 hi,  1.3 si,  0.0 st
%Cpu(s): 20.2 us, 11.1 sy,  0.0 ni, 67.2 id,  0.0 wa,  0.0 hi,  1.5 si,  0.0 st
%Cpu(s): 19.8 us,  9.4 sy,  0.0 ni, 69.1 id,  0.0 wa,  0.0 hi,  1.5 si,  0.1 st
%Cpu(s): 18.4 us, 10.3 sy,  0.0 ni, 70.1 id,  0.0 wa,  0.0 hi,  1.3 si,  0.0 st
%Cpu(s): 22.3 us, 10.7 sy,  0.0 ni, 65.5 id,  0.0 wa,  0.0 hi,  1.4 si,  0.0 st
%Cpu(s): 20.3 us, 11.8 sy,  0.0 ni, 65.8 id,  0.0 wa,  0.0 hi,  1.9 si,  0.1 st
%Cpu(s): 22.3 us, 10.2 sy,  0.0 ni, 66.2 id,  0.0 wa,  0.0 hi,  1.2 si,  0.0 st
%Cpu(s): 21.1 us, 10.8 sy,  0.0 ni, 67.9 id,  0.0 wa,  0.0 hi,  0.3 si,  0.0 st
%Cpu(s): 20.6 us, 10.7 sy,  0.0 ni, 66.8 id,  0.0 wa,  0.0 hi,  1.8 si,  0.0 st
%Cpu(s): 20.5 us,  9.7 sy,  0.0 ni, 67.8 id,  0.0 wa,  0.0 hi,  2.0 si,  0.0 st
%Cpu(s): 19.6 us,  9.9 sy,  0.0 ni, 68.8 id,  0.0 wa,  0.0 hi,  1.7 si,  0.0 st
%Cpu(s): 21.4 us, 10.4 sy,  0.0 ni, 67.2 id,  0.0 wa,  0.0 hi,  0.9 si,  0.1 st
%Cpu(s): 17.2 us,  9.6 sy,  0.0 ni, 71.1 id,  0.1 wa,  0.0 hi,  2.0 si,  0.0 st
%Cpu(s): 17.9 us, 10.0 sy,  0.0 ni, 71.1 id,  0.0 wa,  0.0 hi,  1.0 si,  0.0 st
%Cpu(s): 18.3 us,  9.8 sy,  0.0 ni, 71.3 id,  0.0 wa,  0.0 hi,  0.4 si,  0.1 st
%Cpu(s): 15.0 us, 10.4 sy,  0.0 ni, 72.5 id,  0.0 wa,  0.0 hi,  2.0 si,  0.0 st
%Cpu(s): 16.0 us,  9.0 sy,  0.0 ni, 73.7 id,  0.0 wa,  0.0 hi,  1.3 si,  0.0 st
%Cpu(s): 16.6 us,  8.6 sy,  0.0 ni, 73.2 id,  0.0 wa,  0.0 hi,  1.5 si,  0.1 st
%Cpu(s): 15.4 us, 10.6 sy,  0.0 ni, 72.8 id,  0.0 wa,  0.0 hi,  1.2 si,  0.0 st
%Cpu(s): 14.9 us,  9.5 sy,  0.0 ni, 73.7 id,  0.0 wa,  0.0 hi,  1.7 si,  0.1 st
%Cpu(s): 16.1 us, 10.8 sy,  0.0 ni, 71.6 id,  1.2 wa,  0.0 hi,  0.4 si,  0.0 st
%Cpu(s): 17.0 us, 11.1 sy,  0.0 ni, 71.0 id,  0.0 wa,  0.0 hi,  0.9 si,  0.0 st
%Cpu(s): 17.1 us,  9.5 sy,  0.0 ni, 71.4 id,  0.0 wa,  0.0 hi,  2.0 si,  0.0 st
%Cpu(s): 19.5 us,  9.4 sy,  0.0 ni, 69.3 id,  0.0 wa,  0.0 hi,  1.8 si,  0.0 st
%Cpu(s): 16.1 us, 11.3 sy,  0.0 ni, 71.5 id,  0.0 wa,  0.0 hi,  1.0 si,  0.1 st
%Cpu(s): 17.8 us,  9.3 sy,  0.0 ni, 71.0 id,  0.0 wa,  0.0 hi,  1.9 si,  0.0 st
%Cpu(s): 16.5 us, 10.2 sy,  0.0 ni, 71.3 id,  0.0 wa,  0.0 hi,  2.0 si,  0.0 st
%Cpu(s): 15.2 us, 10.4 sy,  0.0 ni, 72.6 id,  0.1 wa,  0.0 hi,  1.6 si,  0.1 st
%Cpu(s): 14.5 us,  9.1 sy,  0.0 ni, 74.8 id,  0.0 wa,  0.0 hi,  1.7 si,  0.0 st
%Cpu(s): 14.8 us, 10.3 sy,  0.0 ni, 73.1 id,  0.0 wa,  0.0 hi,  1.8 si,  0.0 st
%Cpu(s): 15.1 us, 10.5 sy,  0.0 ni, 72.5 id,  0.0 wa,  0.0 hi,  1.9 si,  0.0 st
%Cpu(s): 13.1 us, 11.3 sy,  0.0 ni, 73.6 id,  0.0 wa,  0.0 hi,  2.0 si,  0.0 st
%Cpu(s): 15.8 us, 11.9 sy,  0.0 ni, 70.1 id,  0.0 wa,  0.0 hi,  2.3 si,  0.0 st
%Cpu(s): 12.8 us, 11.6 sy,  0.0 ni, 73.2 id,  0.0 wa,  0.0 hi,  2.4 si,  0.0 st
%Cpu(s):  7.7 us,  8.5 sy,  0.0 ni, 82.1 id,  0.0 wa,  0.0 hi,  1.8 si,  0.0 st
%Cpu(s):  3.3 us,  1.6 sy,  0.0 ni, 94.7 id,  0.0 wa,  0.0 hi,  0.0 si,  0.4 st
%Cpu(s):  0.0 us,  0.1 sy,  0.0 ni, 99.8 id,  0.0 wa,  0.0 hi,  0.0 si,  0.1 st
%Cpu(s):  0.1 us,  0.2 sy,  0.0 ni, 99.6 id,  0.0 wa,  0.0 hi,  0.0 si,  0.0 st
%Cpu(s):  0.2 us,  0.2 sy,  0.0 ni, 99.5 id,  0.0 wa,  0.0 hi,  0.0 si,  0.0 st
