%Cpu(s):  1.6 us,  0.9 sy,  0.0 ni, 97.3 id,  0.0 wa,  0.0 hi,  0.1 si,  0.1 st
%Cpu(s):  0.1 us,  0.1 sy,  0.0 ni, 99.8 id,  0.0 wa,  0.0 hi,  0.0 si,  0.0 st
%Cpu(s):  0.0 us,  0.1 sy,  0.0 ni, 99.9 id,  0.0 wa,  0.0 hi,  0.0 si,  0.0 st
%Cpu(s):  0.1 us,  0.1 sy,  0.0 ni, 99.8 id,  0.0 wa,  0.0 hi,  0.0 si,  0.0 st
%Cpu(s):  0.1 us,  0.1 sy,  0.0 ni, 99.8 id,  0.0 wa,  0.0 hi,  0.0 si,  0.0 st
%Cpu(s):  0.1 us,  0.1 sy,  0.0 ni, 99.8 id,  0.0 wa,  0.0 hi,  0.1 si,  0.0 st
%Cpu(s): 14.4 us,  1.8 sy,  0.0 ni, 83.7 id,  0.0 wa,  0.0 hi,  0.0 si,  0.1 st
%Cpu(s):  1.7 us,  0.3 sy,  0.0 ni, 97.9 id,  0.0 wa,  0.0 hi,  0.0 si,  0.1 st
%Cpu(s):  0.7 us,  0.1 sy,  0.0 ni, 99.1 id,  0.0 wa,  0.0 hi,  0.0 si,  0.1 st
%Cpu(s):  0.5 us,  0.2 sy,  0.0 ni, 99.1 id,  0.0 wa,  0.0 hi,  0.0 si,  0.1 st
%Cpu(s):  0.5 us,  0.1 sy,  0.0 ni, 99.4 id,  0.0 wa,  0.0 hi,  0.0 si,  0.0 st
%Cpu(s):  0.7 us,  0.1 sy,  0.0 ni, 99.1 id,  0.0 wa,  0.0 hi,  0.0 si,  0.1 st
%Cpu(s):  2.4 us,  0.1 sy,  0.0 ni, 97.5 id,  0.0 wa,  0.0 hi,  0.0 si,  0.0 st
%Cpu(s):  0.4 us,  0.0 sy,  0.0 ni, 99.6 id,  0.0 wa,  0.0 hi,  0.0 si,  0.0 st
%Cpu(s): 27.1 us,  3.5 sy,  0.0 ni, 68.9 id,  0.2 wa,  0.0 hi,  0.3 si,  0.1 st
%Cpu(s): 57.7 us,  8.0 sy,  0.0 ni, 32.8 id,  0.0 wa,  0.0 hi,  1.5 si,  0.1 st
%Cpu(s): 39.1 us,  9.5 sy,  0.0 ni, 50.4 id,  0.0 wa,  0.0 hi,  1.1 si,  0.0 st
%Cpu(s): 17.1 us, 10.4 sy,  0.0 ni, 71.8 id,  0.0 wa,  0.0 hi,  0.6 si,  0.1 st
%Cpu(s): 14.4 us,  9.8 sy,  0.0 ni, 75.1 id,  0.0 wa,  0.0 hi,  0.7 si,  0.1 st
%Cpu(s): 16.9 us, 11.6 sy,  0.0 ni, 70.8 id,  0.0 wa,  0.0 hi,  0.6 si,  0.1 st
%Cpu(s): 18.2 us,  9.4 sy,  0.0 ni, 71.0 id,  0.0 wa,  0.0 hi,  1.4 si,  0.0 st
%Cpu(s): 17.0 us, 10.4 sy,  0.0 ni, 71.9 id,  0.0 wa,  0.0 hi,  0.8 si,  0.0 st
%Cpu(s): 17.3 us, 10.2 sy,  0.0 ni, 71.6 id,  0.0 wa,  0.0 hi,  0.7 si,  0.1 st
%Cpu(s): 17.2 us, 12.6 sy,  0.0 ni, 69.9 id,  0.0 wa,  0.0 hi,  0.4 si,  0.0 st
%Cpu(s): 17.3 us, 13.4 sy,  0.0 ni, 69.1 id,  0.1 wa,  0.0 hi,  0.1 si,  0.0 st
%Cpu(s): 17.8 us, 10.9 sy,  0.0 ni, 71.0 id,  0.0 wa,  0.0 hi,  0.2 si,  0.1 st
%Cpu(s): 16.0 us, 11.3 sy,  0.0 ni, 71.9 id,  0.0 wa,  0.0 hi,  0.7 si,  0.0 st
%Cpu(s): 16.1 us, 12.7 sy,  0.0 ni, 70.2 id,  0.0 wa,  0.0 hi,  1.0 si,  0.1 st
%Cpu(s): 16.0 us, 13.1 sy,  0.0 ni, 70.2 id,  0.0 wa,  0.0 hi,  0.6 si,  0.1 st
%Cpu(s): 15.6 us, 11.1 sy,  0.0 ni, 73.0 id,  0.0 wa,  0.0 hi,  0.3 si,  0.1 st
%Cpu(s): 12.6 us,  8.3 sy,  0.0 ni, 77.4 id,  1.2 wa,  0.0 hi,  0.3 si,  0.1 st
%Cpu(s): 16.5 us, 10.4 sy,  0.0 ni, 71.4 id,  0.0 wa,  0.0 hi,  1.6 si,  0.1 st
%Cpu(s): 16.4 us, 10.7 sy,  0.0 ni, 70.8 id,  0.0 wa,  0.0 hi,  2.0 si,  0.1 st
%Cpu(s): 17.0 us,  9.7 sy,  0.0 ni, 71.8 id,  0.0 wa,  0.0 hi,  1.5 si,  0.0 st
%Cpu(s): 16.6 us, 12.1 sy,  0.0 ni, 69.4 id,  0.1 wa,  0.0 hi,  1.8 si,  0.0 st
%Cpu(s): 16.2 us, 12.9 sy,  0.0 ni, 69.1 id,  0.0 wa,  0.0 hi,  1.8 si,  0.1 st
%Cpu(s): 27.5 us, 10.7 sy,  0.0 ni, 60.4 id,  0.0 wa,  0.0 hi,  1.4 si,  0.0 st
%Cpu(s): 16.4 us, 10.5 sy,  0.0 ni, 73.0 id,  0.0 wa,  0.0 hi,  0.1 si,  0.0 st
%Cpu(s): 16.5 us, 10.7 sy,  0.0 ni, 72.7 id,  0.0 wa,  0.0 hi,  0.0 si,  0.1 st
%Cpu(s): 17.3 us, 11.4 sy,  0.0 ni, 70.5 id,  0.1 wa,  0.0 hi,  0.8 si,  0.0 st
%Cpu(s): 15.7 us, 10.9 sy,  0.0 ni, 71.9 id,  0.0 wa,  0.0 hi,  1.4 si,  0.1 st
%Cpu(s): 15.6 us, 11.0 sy,  0.0 ni, 73.4 id,  0.0 wa,  0.0 hi,  0.0 si,  0.0 st
%Cpu(s): 14.8 us, 10.8 sy,  0.0 ni, 74.4 id,  0.0 wa,  0.0 hi,  0.0 si,  0.1 st
%Cpu(s): 15.5 us, 12.3 sy,  0.0 ni, 72.0 id,  0.0 wa,  0.0 hi,  0.1 si,  0.1 st
%Cpu(s): 16.3 us, 12.8 sy,  0.0 ni, 70.9 id,  0.0 wa,  0.0 hi,  0.0 si,  0.0 st
%Cpu(s): 15.8 us, 10.2 sy,  0.0 ni, 72.6 id,  0.0 wa,  0.0 hi,  1.5 si,  0.0 st
%Cpu(s): 15.7 us,  9.6 sy,  0.0 ni, 73.0 id,  0.0 wa,  0.0 hi,  1.6 si,  0.1 st
%Cpu(s): 16.5 us,  9.2 sy,  0.0 ni, 72.6 id,  0.0 wa,  0.0 hi,  1.7 si,  0.0 st
%Cpu(s): 15.8 us, 11.2 sy,  0.0 ni, 72.9 id,  0.0 wa,  0.0 hi,  0.1 si,  0.0 st
%Cpu(s): 16.5 us, 10.5 sy,  0.0 ni, 72.2 id,  0.0 wa,  0.0 hi,  0.8 si,  0.1 st
%Cpu(s): 16.3 us, 10.2 sy,  0.0 ni, 72.9 id,  0.0 wa,  0.0 hi,  0.5 si,  0.1 st
%Cpu(s): 16.4 us, 11.6 sy,  0.0 ni, 71.9 id,  0.0 wa,  0.0 hi,  0.0 si,  0.1 st
%Cpu(s): 16.3 us, 11.0 sy,  0.0 ni, 72.6 id,  0.0 wa,  0.0 hi,  0.1 si,  0.0 st
%Cpu(s): 16.3 us, 11.0 sy,  0.0 ni, 72.5 id,  0.0 wa,  0.0 hi,  0.0 si,  0.1 st
%Cpu(s): 15.4 us, 11.8 sy,  0.0 ni, 72.7 id,  0.1 wa,  0.0 hi,  0.0 si,  0.1 st
%Cpu(s): 16.1 us, 10.9 sy,  0.0 ni, 73.0 id,  0.0 wa,  0.0 hi,  0.0 si,  0.0 st
%Cpu(s): 16.6 us, 11.2 sy,  0.0 ni, 72.2 id,  0.0 wa,  0.0 hi,  0.0 si,  0.0 st
%Cpu(s): 17.2 us, 10.5 sy,  0.0 ni, 72.2 id,  0.0 wa,  0.0 hi,  0.0 si,  0.1 st
%Cpu(s): 15.8 us, 11.3 sy,  0.0 ni, 72.8 id,  0.0 wa,  0.0 hi,  0.1 si,  0.0 st
%Cpu(s): 16.2 us, 10.3 sy,  0.0 ni, 73.4 id,  0.1 wa,  0.0 hi,  0.0 si,  0.1 st
%Cpu(s): 16.0 us,  9.7 sy,  0.0 ni, 72.3 id,  1.4 wa,  0.0 hi,  0.4 si,  0.1 st
%Cpu(s): 16.8 us, 10.4 sy,  0.0 ni, 72.4 id,  0.0 wa,  0.0 hi,  0.3 si,  0.1 st
%Cpu(s): 16.6 us, 10.2 sy,  0.0 ni, 72.3 id,  0.0 wa,  0.0 hi,  0.9 si,  0.0 st
%Cpu(s): 15.1 us, 10.2 sy,  0.0 ni, 73.8 id,  0.0 wa,  0.0 hi,  0.8 si,  0.1 st
%Cpu(s): 13.8 us,  8.4 sy,  0.0 ni, 77.0 id,  0.1 wa,  0.0 hi,  0.7 si,  0.1 st
%Cpu(s): 14.8 us, 10.4 sy,  0.0 ni, 74.4 id,  0.0 wa,  0.0 hi,  0.3 si,  0.1 st
%Cpu(s): 15.7 us, 11.1 sy,  0.0 ni, 73.1 id,  0.0 wa,  0.0 hi,  0.1 si,  0.0 st
%Cpu(s): 16.3 us, 10.1 sy,  0.0 ni, 73.7 id,  0.0 wa,  0.0 hi,  0.0 si,  0.0 st
%Cpu(s): 16.7 us, 10.1 sy,  0.0 ni, 72.1 id,  0.0 wa,  0.0 hi,  1.0 si,  0.0 st
%Cpu(s): 16.5 us,  9.8 sy,  0.0 ni, 73.1 id,  0.1 wa,  0.0 hi,  0.5 si,  0.1 st
%Cpu(s): 15.5 us,  9.8 sy,  0.0 ni, 72.7 id,  0.0 wa,  0.0 hi,  1.9 si,  0.1 st
%Cpu(s): 13.9 us, 10.0 sy,  0.0 ni, 74.1 id,  0.0 wa,  0.0 hi,  1.8 si,  0.1 st
%Cpu(s): 13.3 us, 10.0 sy,  0.0 ni, 76.5 id,  0.0 wa,  0.0 hi,  0.1 si,  0.1 st
%Cpu(s): 14.4 us, 10.2 sy,  0.0 ni, 73.7 id,  0.0 wa,  0.0 hi,  1.7 si,  0.0 st
%Cpu(s): 14.4 us,  9.8 sy,  0.0 ni, 74.0 id,  0.0 wa,  0.0 hi,  1.8 si,  0.1 st
%Cpu(s): 13.9 us, 10.2 sy,  0.0 ni, 74.4 id,  0.0 wa,  0.0 hi,  1.5 si,  0.0 st
