%Cpu(s): 10.5 us,  1.9 sy,  0.0 ni, 87.3 id,  0.0 wa,  0.0 hi,  0.2 si,  0.0 st
%Cpu(s):  2.7 us,  2.9 sy,  0.0 ni, 94.3 id,  0.0 wa,  0.0 hi,  0.0 si,  0.1 st
%Cpu(s):  4.2 us,  3.3 sy,  0.0 ni, 92.0 id,  0.1 wa,  0.0 hi,  0.1 si,  0.2 st
%Cpu(s):  3.7 us,  3.1 sy,  0.0 ni, 93.1 id,  0.0 wa,  0.0 hi,  0.0 si,  0.1 st
%Cpu(s):  3.0 us,  3.4 sy,  0.0 ni, 93.5 id,  0.0 wa,  0.0 hi,  0.0 si,  0.1 st
%Cpu(s):  7.0 us,  5.6 sy,  0.0 ni, 87.2 id,  0.0 wa,  0.0 hi,  0.0 si,  0.2 st
%Cpu(s): 12.5 us,  2.3 sy,  0.0 ni, 85.0 id,  0.0 wa,  0.0 hi,  0.1 si,  0.1 st
%Cpu(s): 71.5 us,  5.3 sy,  0.0 ni, 22.0 id,  0.0 wa,  0.0 hi,  1.1 si,  0.0 st
%Cpu(s): 88.5 us,  8.5 sy,  0.0 ni,  0.6 id,  0.0 wa,  0.0 hi,  2.4 si,  0.0 st
%Cpu(s): 89.5 us,  8.1 sy,  0.0 ni,  1.1 id,  0.0 wa,  0.0 hi,  1.2 si,  0.0 st
%Cpu(s): 89.7 us,  7.8 sy,  0.0 ni,  0.4 id,  0.0 wa,  0.0 hi,  2.1 si,  0.0 st
%Cpu(s): 88.4 us,  8.3 sy,  0.0 ni,  1.0 id,  0.0 wa,  0.0 hi,  2.2 si,  0.0 st
%Cpu(s): 86.4 us,  8.2 sy,  0.0 ni,  3.9 id,  0.0 wa,  0.0 hi,  1.5 si,  0.0 st
%Cpu(s): 75.0 us,  5.9 sy,  0.0 ni, 17.6 id,  0.0 wa,  0.0 hi,  1.5 si,  0.0 st
%Cpu(s): 62.7 us,  7.2 sy,  0.0 ni, 28.6 id,  0.0 wa,  0.0 hi,  1.5 si,  0.0 st
%Cpu(s): 75.6 us,  6.7 sy,  0.0 ni, 16.0 id,  0.0 wa,  0.0 hi,  1.8 si,  0.0 st
%Cpu(s): 18.5 us,  6.2 sy,  0.0 ni, 74.6 id,  0.0 wa,  0.0 hi,  0.8 si,  0.0 st
%Cpu(s): 17.8 us,  7.9 sy,  0.0 ni, 73.3 id,  0.0 wa,  0.0 hi,  1.0 si,  0.0 st
%Cpu(s): 11.3 us,  7.4 sy,  0.0 ni, 80.2 id,  0.0 wa,  0.0 hi,  1.0 si,  0.1 st
%Cpu(s): 13.9 us,  5.9 sy,  0.0 ni, 79.2 id,  0.0 wa,  0.0 hi,  1.0 si,  0.0 st
%Cpu(s): 18.2 us,  7.0 sy,  0.0 ni, 74.1 id,  0.0 wa,  0.0 hi,  0.8 si,  0.0 st
%Cpu(s): 11.8 us,  6.8 sy,  0.0 ni, 80.4 id,  0.0 wa,  0.0 hi,  1.0 si,  0.0 st
%Cpu(s): 13.8 us,  6.3 sy,  0.0 ni, 79.1 id,  0.0 wa,  0.0 hi,  0.8 si,  0.0 st
%Cpu(s): 12.9 us,  7.3 sy,  0.0 ni, 78.5 id,  0.0 wa,  0.0 hi,  1.3 si,  0.1 st
%Cpu(s): 11.4 us,  6.3 sy,  0.0 ni, 81.4 id,  0.0 wa,  0.0 hi,  0.9 si,  0.0 st
%Cpu(s): 13.8 us,  6.9 sy,  0.0 ni, 78.5 id,  0.0 wa,  0.0 hi,  0.8 si,  0.0 st
%Cpu(s): 11.2 us,  5.8 sy,  0.0 ni, 81.9 id,  0.0 wa,  0.0 hi,  1.2 si,  0.0 st
%Cpu(s): 11.6 us,  6.8 sy,  0.0 ni, 81.0 id,  0.0 wa,  0.0 hi,  0.5 si,  0.1 st
%Cpu(s): 14.2 us,  7.6 sy,  0.0 ni, 77.3 id,  0.0 wa,  0.0 hi,  0.9 si,  0.0 st
%Cpu(s): 11.5 us,  6.8 sy,  0.0 ni, 80.5 id,  0.0 wa,  0.0 hi,  1.3 si,  0.0 st
%Cpu(s): 11.2 us,  5.9 sy,  0.0 ni, 82.0 id,  0.1 wa,  0.0 hi,  0.8 si,  0.0 st
%Cpu(s): 10.6 us,  7.0 sy,  0.0 ni, 80.8 id,  0.0 wa,  0.0 hi,  1.6 si,  0.0 st
%Cpu(s): 12.4 us,  6.7 sy,  0.0 ni, 80.0 id,  0.0 wa,  0.0 hi,  0.9 si,  0.0 st
%Cpu(s): 10.9 us,  6.4 sy,  0.0 ni, 81.9 id,  0.0 wa,  0.0 hi,  0.8 si,  0.0 st
%Cpu(s): 11.3 us,  6.3 sy,  0.0 ni, 81.2 id,  0.0 wa,  0.0 hi,  1.0 si,  0.1 st
%Cpu(s):  9.5 us,  5.7 sy,  0.0 ni, 84.5 id,  0.0 wa,  0.0 hi,  0.3 si,  0.0 st
%Cpu(s): 10.3 us,  5.9 sy,  0.0 ni, 82.6 id,  0.0 wa,  0.0 hi,  1.2 si,  0.0 st
%Cpu(s): 23.4 us,  7.5 sy,  0.0 ni, 67.6 id,  0.0 wa,  0.0 hi,  1.3 si,  0.1 st
%Cpu(s): 18.7 us,  7.3 sy,  0.0 ni, 73.4 id,  0.0 wa,  0.0 hi,  0.6 si,  0.0 st
%Cpu(s): 16.1 us,  6.8 sy,  0.0 ni, 76.3 id,  0.0 wa,  0.0 hi,  0.8 si,  0.0 st
%Cpu(s): 19.0 us,  6.7 sy,  0.0 ni, 73.5 id,  0.0 wa,  0.0 hi,  0.9 si,  0.0 st
%Cpu(s): 19.9 us,  7.4 sy,  0.0 ni, 71.7 id,  0.0 wa,  0.0 hi,  1.0 si,  0.0 st
%Cpu(s): 12.8 us,  6.7 sy,  0.0 ni, 79.6 id,  0.1 wa,  0.0 hi,  0.8 si,  0.0 st
%Cpu(s): 10.5 us,  6.0 sy,  0.0 ni, 82.6 id,  0.0 wa,  0.0 hi,  0.8 si,  0.1 st
%Cpu(s):  8.8 us,  5.6 sy,  0.0 ni, 84.8 id,  0.0 wa,  0.0 hi,  0.8 si,  0.0 st
%Cpu(s): 10.7 us,  7.3 sy,  0.0 ni, 81.3 id,  0.0 wa,  0.0 hi,  0.8 si,  0.0 st
%Cpu(s):  7.8 us,  5.7 sy,  0.0 ni, 85.9 id,  0.0 wa,  0.0 hi,  0.7 si,  0.0 st
%Cpu(s): 11.2 us,  6.3 sy,  0.0 ni, 81.8 id,  0.0 wa,  0.0 hi,  0.6 si,  0.1 st
%Cpu(s): 10.9 us,  6.7 sy,  0.0 ni, 81.4 id,  0.0 wa,  0.0 hi,  1.0 si,  0.0 st
%Cpu(s): 13.8 us,  6.8 sy,  0.0 ni, 78.8 id,  0.0 wa,  0.0 hi,  0.6 si,  0.0 st
%Cpu(s): 12.7 us,  7.4 sy,  0.0 ni, 79.4 id,  0.0 wa,  0.0 hi,  0.5 si,  0.0 st
%Cpu(s): 12.5 us,  6.8 sy,  0.0 ni, 80.1 id,  0.0 wa,  0.0 hi,  0.6 si,  0.0 st
%Cpu(s): 10.9 us,  8.0 sy,  0.0 ni, 80.1 id,  0.0 wa,  0.0 hi,  0.9 si,  0.1 st
%Cpu(s): 11.4 us,  7.3 sy,  0.0 ni, 80.3 id,  0.0 wa,  0.0 hi,  0.9 si,  0.0 st
%Cpu(s): 11.6 us,  6.7 sy,  0.0 ni, 81.1 id,  0.0 wa,  0.0 hi,  0.6 si,  0.0 st
%Cpu(s): 12.1 us,  7.9 sy,  0.0 ni, 79.1 id,  0.0 wa,  0.0 hi,  0.9 si,  0.0 st
%Cpu(s): 11.9 us,  6.1 sy,  0.0 ni, 80.9 id,  0.0 wa,  0.0 hi,  1.2 si,  0.0 st
%Cpu(s): 12.7 us,  7.2 sy,  0.0 ni, 79.1 id,  0.0 wa,  0.0 hi,  0.9 si,  0.1 st
%Cpu(s): 12.2 us,  7.9 sy,  0.0 ni, 79.1 id,  0.0 wa,  0.0 hi,  0.8 si,  0.0 st
%Cpu(s): 10.6 us,  8.7 sy,  0.0 ni, 79.9 id,  0.0 wa,  0.0 hi,  0.8 si,  0.0 st
%Cpu(s): 10.1 us,  6.0 sy,  0.0 ni, 82.6 id,  0.0 wa,  0.0 hi,  1.3 si,  0.0 st
%Cpu(s):  9.9 us,  5.3 sy,  0.0 ni, 83.6 id,  0.0 wa,  0.0 hi,  1.3 si,  0.0 st
%Cpu(s):  8.9 us,  5.9 sy,  0.0 ni, 84.1 id,  0.0 wa,  0.0 hi,  1.2 si,  0.0 st
%Cpu(s): 11.7 us,  7.2 sy,  0.0 ni, 79.7 id,  0.0 wa,  0.0 hi,  1.3 si,  0.1 st
%Cpu(s): 11.9 us,  6.1 sy,  0.0 ni, 81.3 id,  0.0 wa,  0.0 hi,  0.8 si,  0.0 st
%Cpu(s): 10.2 us,  7.8 sy,  0.0 ni, 81.0 id,  0.0 wa,  0.0 hi,  0.9 si,  0.1 st
%Cpu(s): 21.4 us,  5.8 sy,  0.0 ni, 72.1 id,  0.1 wa,  0.0 hi,  0.5 si,  0.0 st
%Cpu(s): 60.6 us,  6.8 sy,  0.0 ni, 31.7 id,  0.0 wa,  0.0 hi,  1.0 si,  0.0 st
%Cpu(s): 34.0 us,  8.3 sy,  0.0 ni, 56.6 id,  0.0 wa,  0.0 hi,  1.1 si,  0.0 st
%Cpu(s): 22.3 us,  7.7 sy,  0.0 ni, 68.5 id,  0.0 wa,  0.0 hi,  1.4 si,  0.0 st
%Cpu(s): 12.6 us,  7.5 sy,  0.0 ni, 79.2 id,  0.0 wa,  0.0 hi,  0.6 si,  0.0 st
%Cpu(s): 15.6 us,  6.9 sy,  0.0 ni, 76.4 id,  0.0 wa,  0.0 hi,  1.1 si,  0.0 st
%Cpu(s): 18.7 us,  6.6 sy,  0.0 ni, 73.6 id,  0.0 wa,  0.0 hi,  1.0 si,  0.0 st
%Cpu(s): 16.4 us,  6.6 sy,  0.0 ni, 75.7 id,  0.0 wa,  0.0 hi,  1.1 si,  0.1 st
%Cpu(s): 16.6 us,  6.4 sy,  0.0 ni, 75.9 id,  0.0 wa,  0.0 hi,  1.1 si,  0.0 st
%Cpu(s): 12.5 us,  6.7 sy,  0.0 ni, 79.8 id,  0.0 wa,  0.0 hi,  1.0 si,  0.0 st
