%Cpu(s):  4.6 us,  1.1 sy,  0.0 ni, 94.2 id,  0.0 wa,  0.0 hi,  0.1 si,  0.0 st
%Cpu(s):  0.2 us,  0.2 sy,  0.0 ni, 99.6 id,  0.0 wa,  0.0 hi,  0.0 si,  0.0 st
%Cpu(s): 23.5 us,  2.2 sy,  0.0 ni, 74.0 id,  0.1 wa,  0.0 hi,  0.1 si,  0.1 st
%Cpu(s): 47.0 us,  3.1 sy,  0.0 ni, 49.7 id,  0.0 wa,  0.0 hi,  0.1 si,  0.1 st
%Cpu(s): 46.5 us,  1.7 sy,  0.0 ni, 51.7 id,  0.0 wa,  0.0 hi,  0.0 si,  0.1 st
%Cpu(s): 68.9 us,  2.6 sy,  0.0 ni, 28.5 id,  0.0 wa,  0.0 hi,  0.1 si,  0.0 st
%Cpu(s): 85.4 us,  2.7 sy,  0.0 ni, 11.7 id,  0.0 wa,  0.0 hi,  0.1 si,  0.0 st
%Cpu(s): 43.3 us,  1.9 sy,  0.0 ni, 54.6 id,  0.0 wa,  0.0 hi,  0.1 si,  0.1 st
%Cpu(s): 38.3 us,  2.8 sy,  0.0 ni, 58.5 id,  0.0 wa,  0.0 hi,  0.4 si,  0.1 st
%Cpu(s):  5.5 us,  0.9 sy,  0.0 ni, 93.5 id,  0.0 wa,  0.0 hi,  0.1 si,  0.1 st
%Cpu(s):  4.8 us,  0.9 sy,  0.0 ni, 94.1 id,  0.0 wa,  0.0 hi,  0.1 si,  0.1 st
%Cpu(s):  2.1 us,  0.7 sy,  0.0 ni, 97.1 id,  0.0 wa,  0.0 hi,  0.0 si,  0.1 st
%Cpu(s):  3.3 us,  0.4 sy,  0.0 ni, 96.3 id,  0.0 wa,  0.0 hi,  0.1 si,  0.0 st
%Cpu(s):  3.0 us,  0.6 sy,  0.0 ni, 96.4 id,  0.0 wa,  0.0 hi,  0.0 si,  0.0 st
%Cpu(s):  8.4 us,  0.9 sy,  0.0 ni, 90.6 id,  0.0 wa,  0.0 hi,  0.1 si,  0.1 st
%Cpu(s): 49.2 us,  3.9 sy,  0.0 ni, 45.9 id,  0.0 wa,  0.0 hi,  0.9 si,  0.1 st
%Cpu(s): 89.9 us,  6.7 sy,  0.0 ni,  2.2 id,  0.0 wa,  0.0 hi,  1.2 si,  0.0 st
%Cpu(s): 89.6 us,  8.2 sy,  0.0 ni,  0.2 id,  0.0 wa,  0.0 hi,  1.9 si,  0.0 st
%Cpu(s): 90.2 us,  7.2 sy,  0.0 ni,  0.5 id,  0.0 wa,  0.0 hi,  2.0 si,  0.0 st
%Cpu(s): 90.4 us,  7.5 sy,  0.0 ni,  0.2 id,  0.0 wa,  0.0 hi,  1.9 si,  0.0 st
%Cpu(s): 75.7 us,  6.7 sy,  0.0 ni, 16.0 id,  0.0 wa,  0.0 hi,  1.6 si,  0.0 st
%Cpu(s): 36.8 us,  5.4 sy,  0.0 ni, 56.8 id,  0.0 wa,  0.0 hi,  1.1 si,  0.0 st
%Cpu(s): 13.2 us,  5.1 sy,  0.0 ni, 81.0 id,  0.0 wa,  0.0 hi,  0.6 si,  0.1 st
%Cpu(s): 13.2 us,  5.5 sy,  0.0 ni, 80.6 id,  0.1 wa,  0.0 hi,  0.7 si,  0.0 st
%Cpu(s): 14.5 us,  5.0 sy,  0.0 ni, 80.0 id,  0.0 wa,  0.0 hi,  0.4 si,  0.1 st
%Cpu(s): 11.5 us,  4.4 sy,  0.0 ni, 83.4 id,  0.0 wa,  0.0 hi,  0.6 si,  0.1 st
%Cpu(s): 10.9 us,  4.8 sy,  0.0 ni, 83.7 id,  0.0 wa,  0.0 hi,  0.6 si,  0.0 st
%Cpu(s): 11.6 us,  5.2 sy,  0.0 ni, 82.6 id,  0.0 wa,  0.0 hi,  0.6 si,  0.0 st
%Cpu(s): 10.2 us,  4.8 sy,  0.0 ni, 84.6 id,  0.0 wa,  0.0 hi,  0.4 si,  0.1 st
%Cpu(s): 10.1 us,  5.1 sy,  0.0 ni, 84.3 id,  0.0 wa,  0.0 hi,  0.4 si,  0.0 st
%Cpu(s): 11.4 us,  4.8 sy,  0.0 ni, 83.2 id,  0.0 wa,  0.0 hi,  0.6 si,  0.1 st
%Cpu(s): 12.7 us,  4.4 sy,  0.0 ni, 82.5 id,  0.0 wa,  0.0 hi,  0.4 si,  0.0 st
%Cpu(s): 12.3 us,  5.0 sy,  0.0 ni, 82.1 id,  0.0 wa,  0.0 hi,  0.6 si,  0.0 st
%Cpu(s): 11.3 us,  4.8 sy,  0.0 ni, 83.3 id,  0.1 wa,  0.0 hi,  0.6 si,  0.0 st
%Cpu(s): 12.1 us,  4.8 sy,  0.0 ni, 82.5 id,  0.0 wa,  0.0 hi,  0.5 si,  0.1 st
%Cpu(s): 14.6 us,  5.3 sy,  0.0 ni, 79.2 id,  0.0 wa,  0.0 hi,  0.8 si,  0.1 st
%Cpu(s): 11.3 us,  6.0 sy,  0.0 ni, 82.1 id,  0.0 wa,  0.0 hi,  0.6 si,  0.1 st
%Cpu(s): 13.6 us,  5.6 sy,  0.0 ni, 80.3 id,  0.0 wa,  0.0 hi,  0.6 si,  0.0 st
%Cpu(s): 19.3 us,  5.2 sy,  0.0 ni, 74.9 id,  0.0 wa,  0.0 hi,  0.5 si,  0.1 st
%Cpu(s): 14.2 us,  5.3 sy,  0.0 ni, 80.0 id,  0.0 wa,  0.0 hi,  0.5 si,  0.0 st
%Cpu(s): 27.1 us,  5.1 sy,  0.0 ni, 67.0 id,  0.0 wa,  0.0 hi,  0.7 si,  0.0 st
%Cpu(s): 28.4 us,  5.1 sy,  0.0 ni, 65.9 id,  0.0 wa,  0.0 hi,  0.5 si,  0.1 st
%Cpu(s): 17.6 us,  4.7 sy,  0.0 ni, 77.3 id,  0.0 wa,  0.0 hi,  0.4 si,  0.0 st
%Cpu(s): 10.9 us,  5.2 sy,  0.0 ni, 83.5 id,  0.0 wa,  0.0 hi,  0.4 si,  0.0 st
%Cpu(s): 10.1 us,  5.2 sy,  0.0 ni, 84.2 id,  0.0 wa,  0.0 hi,  0.5 si,  0.0 st
%Cpu(s):  9.2 us,  5.6 sy,  0.0 ni, 84.9 id,  0.0 wa,  0.0 hi,  0.3 si,  0.0 st
%Cpu(s): 10.9 us,  4.6 sy,  0.0 ni, 83.9 id,  0.0 wa,  0.0 hi,  0.6 si,  0.0 st
%Cpu(s): 13.7 us,  4.4 sy,  0.0 ni, 81.3 id,  0.0 wa,  0.0 hi,  0.4 si,  0.1 st
%Cpu(s): 11.2 us,  4.5 sy,  0.0 ni, 84.0 id,  0.0 wa,  0.0 hi,  0.2 si,  0.0 st
%Cpu(s):  9.9 us,  4.8 sy,  0.0 ni, 84.9 id,  0.0 wa,  0.0 hi,  0.3 si,  0.1 st
%Cpu(s): 14.4 us,  4.8 sy,  0.0 ni, 80.4 id,  0.0 wa,  0.0 hi,  0.4 si,  0.1 st
%Cpu(s):  8.7 us,  4.1 sy,  0.0 ni, 86.8 id,  0.0 wa,  0.0 hi,  0.4 si,  0.0 st
%Cpu(s): 10.9 us,  4.8 sy,  0.0 ni, 83.7 id,  0.0 wa,  0.0 hi,  0.6 si,  0.1 st
%Cpu(s): 11.1 us,  4.7 sy,  0.0 ni, 83.5 id,  0.1 wa,  0.0 hi,  0.6 si,  0.0 st
%Cpu(s):  9.1 us,  4.5 sy,  0.0 ni, 86.1 id,  0.0 wa,  0.0 hi,  0.3 si,  0.0 st
%Cpu(s): 13.8 us,  5.2 sy,  0.0 ni, 80.5 id,  0.0 wa,  0.0 hi,  0.5 si,  0.1 st
%Cpu(s):  9.9 us,  4.7 sy,  0.0 ni, 85.1 id,  0.0 wa,  0.0 hi,  0.3 si,  0.1 st
%Cpu(s):  9.3 us,  4.6 sy,  0.0 ni, 85.7 id,  0.1 wa,  0.0 hi,  0.4 si,  0.0 st
%Cpu(s): 10.8 us,  4.3 sy,  0.0 ni, 84.4 id,  0.0 wa,  0.0 hi,  0.4 si,  0.0 st
%Cpu(s):  9.9 us,  5.2 sy,  0.0 ni, 84.4 id,  0.0 wa,  0.0 hi,  0.5 si,  0.0 st
%Cpu(s):  9.3 us,  4.4 sy,  0.0 ni, 85.8 id,  0.0 wa,  0.0 hi,  0.5 si,  0.0 st
%Cpu(s): 10.4 us,  4.4 sy,  0.0 ni, 84.7 id,  0.0 wa,  0.0 hi,  0.5 si,  0.0 st
%Cpu(s):  9.7 us,  4.9 sy,  0.0 ni, 84.8 id,  0.0 wa,  0.0 hi,  0.6 si,  0.0 st
%Cpu(s): 10.3 us,  4.7 sy,  0.0 ni, 84.5 id,  0.0 wa,  0.0 hi,  0.5 si,  0.0 st
%Cpu(s): 11.4 us,  5.1 sy,  0.0 ni, 82.9 id,  0.0 wa,  0.0 hi,  0.5 si,  0.1 st
%Cpu(s): 10.4 us,  5.0 sy,  0.0 ni, 84.2 id,  0.0 wa,  0.0 hi,  0.4 si,  0.0 st
%Cpu(s): 10.9 us,  5.1 sy,  0.0 ni, 83.3 id,  0.0 wa,  0.0 hi,  0.6 si,  0.1 st
%Cpu(s): 16.4 us,  4.7 sy,  0.0 ni, 78.3 id,  0.0 wa,  0.0 hi,  0.6 si,  0.0 st
%Cpu(s): 13.7 us,  5.7 sy,  0.0 ni, 79.9 id,  0.1 wa,  0.0 hi,  0.6 si,  0.1 st
%Cpu(s): 13.7 us,  4.9 sy,  0.0 ni, 80.7 id,  0.0 wa,  0.0 hi,  0.6 si,  0.1 st
%Cpu(s): 21.3 us,  5.3 sy,  0.0 ni, 72.7 id,  0.0 wa,  0.0 hi,  0.7 si,  0.0 st
%Cpu(s): 17.1 us,  5.0 sy,  0.0 ni, 77.5 id,  0.0 wa,  0.0 hi,  0.4 si,  0.0 st
%Cpu(s): 11.2 us,  4.9 sy,  0.0 ni, 83.3 id,  0.0 wa,  0.0 hi,  0.5 si,  0.0 st
%Cpu(s): 13.1 us,  4.9 sy,  0.0 ni, 81.4 id,  0.1 wa,  0.0 hi,  0.4 si,  0.1 st
%Cpu(s): 10.6 us,  4.7 sy,  0.0 ni, 84.2 id,  0.0 wa,  0.0 hi,  0.4 si,  0.0 st
%Cpu(s): 11.0 us,  5.2 sy,  0.0 ni, 83.4 id,  0.0 wa,  0.0 hi,  0.3 si,  0.1 st
