%Cpu(s):  3.7 us,  0.8 sy,  0.0 ni, 95.4 id,  0.0 wa,  0.0 hi,  0.1 si,  0.0 st
%Cpu(s):  2.1 us,  0.6 sy,  0.0 ni, 97.2 id,  0.0 wa,  0.0 hi,  0.0 si,  0.1 st
%Cpu(s): 45.7 us,  3.3 sy,  0.0 ni, 50.8 id,  0.0 wa,  0.0 hi,  0.0 si,  0.2 st
%Cpu(s): 53.3 us,  2.5 sy,  0.0 ni, 43.9 id,  0.0 wa,  0.0 hi,  0.1 si,  0.2 st
%Cpu(s): 67.2 us,  1.8 sy,  0.0 ni, 30.8 id,  0.1 wa,  0.0 hi,  0.0 si,  0.1 st
%Cpu(s): 77.9 us,  2.3 sy,  0.0 ni, 19.6 id,  0.0 wa,  0.0 hi,  0.1 si,  0.1 st
%Cpu(s): 50.6 us,  2.4 sy,  0.0 ni, 46.9 id,  0.0 wa,  0.0 hi,  0.1 si,  0.1 st
%Cpu(s):  4.6 us,  1.1 sy,  0.0 ni, 94.0 id,  0.1 wa,  0.0 hi,  0.0 si,  0.2 st
%Cpu(s):  2.0 us,  0.8 sy,  0.0 ni, 97.0 id,  0.0 wa,  0.0 hi,  0.0 si,  0.3 st
%Cpu(s):  2.9 us,  0.6 sy,  0.0 ni, 96.4 id,  0.0 wa,  0.0 hi,  0.0 si,  0.1 st
%Cpu(s):  4.0 us,  0.7 sy,  0.0 ni, 95.0 id,  0.0 wa,  0.0 hi,  0.0 si,  0.3 st
%Cpu(s):  4.5 us,  0.9 sy,  0.0 ni, 94.4 id,  0.0 wa,  0.0 hi,  0.0 si,  0.2 st
%Cpu(s):  3.0 us,  0.8 sy,  0.0 ni, 96.0 id,  0.0 wa,  0.0 hi,  0.0 si,  0.2 st
%Cpu(s):  2.2 us,  0.8 sy,  0.0 ni, 96.8 id,  0.0 wa,  0.0 hi,  0.0 si,  0.2 st
%Cpu(s):  2.9 us,  1.1 sy,  0.0 ni, 95.8 id,  0.0 wa,  0.0 hi,  0.0 si,  0.2 st
%Cpu(s):  8.0 us,  1.2 sy,  0.0 ni, 90.6 id,  0.0 wa,  0.0 hi,  0.0 si,  0.2 st
%Cpu(s): 24.7 us,  2.5 sy,  0.0 ni, 72.5 id,  0.0 wa,  0.0 hi,  0.3 si,  0.1 st
%Cpu(s): 84.1 us,  6.8 sy,  0.0 ni,  8.2 id,  0.0 wa,  0.0 hi,  0.9 si,  0.0 st
%Cpu(s): 89.6 us,  8.5 sy,  0.0 ni,  0.7 id,  0.0 wa,  0.0 hi,  1.2 si,  0.0 st
%Cpu(s): 90.7 us,  8.0 sy,  0.0 ni,  0.4 id,  0.0 wa,  0.0 hi,  1.0 si,  0.0 st
%Cpu(s): 89.6 us,  8.6 sy,  0.0 ni,  0.5 id,  0.0 wa,  0.0 hi,  1.4 si,  0.0 st
%Cpu(s): 54.3 us,  6.9 sy,  0.0 ni, 38.0 id,  0.0 wa,  0.0 hi,  0.8 si,  0.0 st
%Cpu(s): 10.3 us,  5.7 sy,  0.0 ni, 83.5 id,  0.0 wa,  0.0 hi,  0.5 si,  0.0 st
%Cpu(s): 12.7 us,  6.0 sy,  0.0 ni, 80.7 id,  0.0 wa,  0.0 hi,  0.5 si,  0.1 st
%Cpu(s): 12.6 us,  6.1 sy,  0.0 ni, 80.8 id,  0.0 wa,  0.0 hi,  0.4 si,  0.1 st
%Cpu(s): 13.3 us,  6.7 sy,  0.0 ni, 79.4 id,  0.1 wa,  0.0 hi,  0.6 si,  0.0 st
%Cpu(s): 12.6 us,  6.4 sy,  0.0 ni, 80.7 id,  0.0 wa,  0.0 hi,  0.3 si,  0.0 st
%Cpu(s): 11.1 us,  5.9 sy,  0.0 ni, 82.6 id,  0.0 wa,  0.0 hi,  0.4 si,  0.0 st
%Cpu(s): 10.8 us,  6.5 sy,  0.0 ni, 82.0 id,  0.0 wa,  0.0 hi,  0.5 si,  0.2 st
%Cpu(s): 11.2 us,  6.3 sy,  0.0 ni, 81.9 id,  0.0 wa,  0.0 hi,  0.6 si,  0.1 st
%Cpu(s): 12.1 us,  5.8 sy,  0.0 ni, 81.6 id,  0.0 wa,  0.0 hi,  0.5 si,  0.0 st
%Cpu(s): 12.6 us,  6.5 sy,  0.0 ni, 80.4 id,  0.0 wa,  0.0 hi,  0.5 si,  0.0 st
%Cpu(s): 11.9 us,  6.6 sy,  0.0 ni, 80.8 id,  0.1 wa,  0.0 hi,  0.5 si,  0.1 st
%Cpu(s): 11.8 us,  6.3 sy,  0.0 ni, 81.3 id,  0.0 wa,  0.0 hi,  0.5 si,  0.1 st
%Cpu(s): 10.0 us,  6.5 sy,  0.0 ni, 83.2 id,  0.0 wa,  0.0 hi,  0.2 si,  0.1 st
%Cpu(s): 11.2 us,  6.2 sy,  0.0 ni, 82.1 id,  0.0 wa,  0.0 hi,  0.4 si,  0.0 st
%Cpu(s): 14.8 us,  6.4 sy,  0.0 ni, 78.0 id,  0.0 wa,  0.0 hi,  0.8 si,  0.0 st
%Cpu(s): 12.9 us,  7.5 sy,  0.0 ni, 79.1 id,  0.0 wa,  0.0 hi,  0.4 si,  0.1 st
%Cpu(s): 10.4 us,  6.0 sy,  0.0 ni, 83.1 id,  0.0 wa,  0.0 hi,  0.5 si,  0.0 st
%Cpu(s): 11.9 us,  6.8 sy,  0.0 ni, 80.8 id,  0.0 wa,  0.0 hi,  0.5 si,  0.0 st
%Cpu(s): 11.0 us,  6.9 sy,  0.0 ni, 81.9 id,  0.0 wa,  0.0 hi,  0.2 si,  0.0 st
%Cpu(s): 10.8 us,  6.4 sy,  0.0 ni, 82.5 id,  0.0 wa,  0.0 hi,  0.3 si,  0.0 st
%Cpu(s):  9.7 us,  6.5 sy,  0.0 ni, 83.3 id,  0.0 wa,  0.0 hi,  0.4 si,  0.1 st
%Cpu(s): 11.5 us,  6.5 sy,  0.0 ni, 81.7 id,  0.0 wa,  0.0 hi,  0.3 si,  0.1 st
%Cpu(s): 11.3 us,  6.6 sy,  0.0 ni, 81.7 id,  0.0 wa,  0.0 hi,  0.4 si,  0.0 st
%Cpu(s): 11.8 us,  5.8 sy,  0.0 ni, 81.7 id,  0.0 wa,  0.0 hi,  0.6 si,  0.1 st
%Cpu(s): 14.3 us,  6.5 sy,  0.0 ni, 78.7 id,  0.0 wa,  0.0 hi,  0.4 si,  0.1 st
%Cpu(s): 16.0 us,  6.0 sy,  0.0 ni, 77.4 id,  0.0 wa,  0.0 hi,  0.6 si,  0.0 st
%Cpu(s): 12.7 us,  5.8 sy,  0.0 ni, 81.1 id,  0.0 wa,  0.0 hi,  0.4 si,  0.0 st
%Cpu(s): 21.4 us,  6.1 sy,  0.0 ni, 71.7 id,  0.0 wa,  0.0 hi,  0.8 si,  0.1 st
%Cpu(s):  9.6 us,  6.3 sy,  0.0 ni, 83.6 id,  0.0 wa,  0.0 hi,  0.5 si,  0.1 st
%Cpu(s): 10.4 us,  6.4 sy,  0.0 ni, 82.6 id,  0.0 wa,  0.0 hi,  0.7 si,  0.0 st
%Cpu(s):  9.9 us,  6.2 sy,  0.0 ni, 83.6 id,  0.0 wa,  0.0 hi,  0.4 si,  0.0 st
%Cpu(s): 10.8 us,  6.8 sy,  0.0 ni, 82.0 id,  0.0 wa,  0.0 hi,  0.4 si,  0.0 st
%Cpu(s): 11.6 us,  6.7 sy,  0.0 ni, 81.4 id,  0.0 wa,  0.0 hi,  0.3 si,  0.0 st
%Cpu(s):  9.8 us,  6.6 sy,  0.0 ni, 82.8 id,  0.0 wa,  0.0 hi,  0.7 si,  0.1 st
%Cpu(s): 12.7 us,  6.7 sy,  0.0 ni, 80.0 id,  0.0 wa,  0.0 hi,  0.6 si,  0.0 st
%Cpu(s): 10.8 us,  6.2 sy,  0.0 ni, 82.4 id,  0.1 wa,  0.0 hi,  0.6 si,  0.0 st
%Cpu(s): 10.9 us,  6.5 sy,  0.0 ni, 82.0 id,  0.0 wa,  0.0 hi,  0.4 si,  0.1 st
%Cpu(s):  9.7 us,  6.3 sy,  0.0 ni, 83.6 id,  0.0 wa,  0.0 hi,  0.4 si,  0.0 st
%Cpu(s):  9.6 us,  6.5 sy,  0.0 ni, 83.6 id,  0.0 wa,  0.0 hi,  0.3 si,  0.0 st
%Cpu(s): 10.1 us,  6.5 sy,  0.0 ni, 82.9 id,  0.0 wa,  0.0 hi,  0.4 si,  0.1 st
%Cpu(s):  9.6 us,  6.5 sy,  0.0 ni, 83.6 id,  0.0 wa,  0.0 hi,  0.3 si,  0.1 st
%Cpu(s): 10.8 us,  6.3 sy,  0.0 ni, 82.5 id,  0.0 wa,  0.0 hi,  0.4 si,  0.0 st
%Cpu(s): 10.7 us,  6.3 sy,  0.0 ni, 82.4 id,  0.0 wa,  0.0 hi,  0.5 si,  0.1 st
%Cpu(s): 12.6 us,  6.6 sy,  0.0 ni, 80.3 id,  0.0 wa,  0.0 hi,  0.6 si,  0.0 st
%Cpu(s): 12.0 us,  6.7 sy,  0.0 ni, 80.9 id,  0.0 wa,  0.0 hi,  0.4 si,  0.0 st
%Cpu(s): 10.2 us,  5.9 sy,  0.0 ni, 83.6 id,  0.0 wa,  0.0 hi,  0.3 si,  0.1 st
%Cpu(s): 11.2 us,  5.5 sy,  0.0 ni, 82.8 id,  0.0 wa,  0.0 hi,  0.5 si,  0.0 st
%Cpu(s): 10.5 us,  6.2 sy,  0.0 ni, 82.9 id,  0.0 wa,  0.0 hi,  0.4 si,  0.1 st
%Cpu(s): 10.4 us,  6.6 sy,  0.0 ni, 82.5 id,  0.0 wa,  0.0 hi,  0.4 si,  0.0 st
%Cpu(s): 11.3 us,  6.8 sy,  0.0 ni, 81.2 id,  0.0 wa,  0.0 hi,  0.7 si,  0.0 st
%Cpu(s): 11.3 us,  7.2 sy,  0.0 ni, 81.2 id,  0.1 wa,  0.0 hi,  0.3 si,  0.1 st
%Cpu(s): 12.1 us,  5.9 sy,  0.0 ni, 81.5 id,  0.0 wa,  0.0 hi,  0.5 si,  0.0 st
%Cpu(s): 11.8 us,  7.1 sy,  0.0 ni, 80.6 id,  0.0 wa,  0.0 hi,  0.5 si,  0.0 st
%Cpu(s): 13.1 us,  6.2 sy,  0.0 ni, 79.7 id,  0.0 wa,  0.0 hi,  0.9 si,  0.1 st
