%Cpu(s):  3.3 us,  0.6 sy,  0.0 ni, 96.0 id,  0.0 wa,  0.0 hi,  0.1 si,  0.0 st
%Cpu(s): 81.3 us,  4.8 sy,  0.0 ni, 13.7 id,  0.0 wa,  0.0 hi,  0.1 si,  0.1 st
%Cpu(s): 75.8 us,  2.3 sy,  0.0 ni, 21.9 id,  0.0 wa,  0.0 hi,  0.0 si,  0.0 st
%Cpu(s): 89.9 us,  2.5 sy,  0.0 ni,  7.6 id,  0.0 wa,  0.0 hi,  0.0 si,  0.0 st
%Cpu(s): 96.5 us,  2.1 sy,  0.0 ni,  1.2 id,  0.0 wa,  0.0 hi,  0.1 si,  0.0 st
%Cpu(s): 95.8 us,  2.4 sy,  0.0 ni,  1.9 id,  0.0 wa,  0.0 hi,  0.0 si,  0.0 st
%Cpu(s): 42.4 us,  1.8 sy,  0.0 ni, 55.4 id,  0.0 wa,  0.0 hi,  0.4 si,  0.0 st
%Cpu(s): 10.3 us,  2.8 sy,  0.0 ni, 86.9 id,  0.0 wa,  0.0 hi,  0.1 si,  0.0 st
%Cpu(s):  7.9 us,  2.3 sy,  0.0 ni, 89.8 id,  0.0 wa,  0.0 hi,  0.0 si,  0.0 st
%Cpu(s):  6.8 us,  2.6 sy,  0.0 ni, 90.5 id,  0.0 wa,  0.0 hi,  0.1 si,  0.0 st
%Cpu(s): 10.5 us,  2.5 sy,  0.0 ni, 87.0 id,  0.0 wa,  0.0 hi,  0.0 si,  0.0 st
%Cpu(s): 11.2 us,  3.6 sy,  0.0 ni, 84.9 id,  0.1 wa,  0.0 hi,  0.0 si,  0.1 st
%Cpu(s):  9.6 us,  2.4 sy,  0.0 ni, 87.9 id,  0.0 wa,  0.0 hi,  0.1 si,  0.0 st
%Cpu(s):  4.6 us,  2.2 sy,  0.0 ni, 93.0 id,  0.0 wa,  0.0 hi,  0.1 si,  0.1 st
%Cpu(s): 12.4 us,  3.6 sy,  0.0 ni, 83.8 id,  0.0 wa,  0.0 hi,  0.1 si,  0.0 st
%Cpu(s):  5.4 us,  3.5 sy,  0.0 ni, 91.0 id,  0.0 wa,  0.0 hi,  0.1 si,  0.0 st
%Cpu(s): 65.1 us,  6.1 sy,  0.0 ni, 27.5 id,  0.0 wa,  0.0 hi,  1.1 si,  0.1 st
%Cpu(s): 85.4 us, 10.9 sy,  0.0 ni,  1.6 id,  0.0 wa,  0.0 hi,  2.0 si,  0.0 st
%Cpu(s): 88.6 us,  8.9 sy,  0.0 ni,  0.0 id,  0.0 wa,  0.0 hi,  2.5 si,  0.0 st
%Cpu(s): 87.1 us, 10.6 sy,  0.0 ni,  0.1 id,  0.0 wa,  0.0 hi,  2.2 si,  0.0 st
%Cpu(s): 86.4 us, 10.6 sy,  0.0 ni,  1.1 id,  0.0 wa,  0.0 hi,  1.9 si,  0.0 st
%Cpu(s): 87.4 us, 10.0 sy,  0.0 ni,  1.0 id,  0.0 wa,  0.0 hi,  1.6 si,  0.0 st
%Cpu(s): 84.0 us,  7.0 sy,  0.0 ni,  7.4 id,  0.0 wa,  0.0 hi,  1.5 si,  0.1 st
%Cpu(s): 71.5 us,  8.7 sy,  0.0 ni, 18.1 id,  0.0 wa,  0.0 hi,  1.6 si,  0.1 st
%Cpu(s): 23.4 us,  7.1 sy,  0.0 ni, 68.2 id,  0.0 wa,  0.0 hi,  1.3 si,  0.0 st
%Cpu(s): 21.7 us,  6.7 sy,  0.0 ni, 69.8 id,  0.0 wa,  0.0 hi,  1.6 si,  0.1 st
%Cpu(s): 20.9 us,  5.9 sy,  0.0 ni, 72.0 id,  0.0 wa,  0.0 hi,  1.2 si,  0.0 st
%Cpu(s): 15.4 us,  8.3 sy,  0.0 ni, 75.2 id,  0.0 wa,  0.0 hi,  1.1 si,  0.0 st
%Cpu(s): 22.5 us,  5.5 sy,  0.0 ni, 71.1 id,  0.0 wa,  0.0 hi,  0.8 si,  0.1 st
%Cpu(s): 70.3 us,  8.5 sy,  0.0 ni, 19.9 id,  0.0 wa,  0.0 hi,  1.3 si,  0.0 st
%Cpu(s): 70.8 us,  6.3 sy,  0.0 ni, 21.5 id,  0.0 wa,  0.0 hi,  1.3 si,  0.0 st
%Cpu(s): 37.8 us,  6.8 sy,  0.0 ni, 54.0 id,  0.1 wa,  0.0 hi,  1.1 si,  0.1 st
%Cpu(s): 12.6 us,  6.4 sy,  0.0 ni, 79.6 id,  0.0 wa,  0.0 hi,  1.3 si,  0.1 st
%Cpu(s): 20.5 us,  6.2 sy,  0.0 ni, 72.5 id,  0.0 wa,  0.0 hi,  0.8 si,  0.0 st
%Cpu(s): 14.7 us,  5.9 sy,  0.0 ni, 78.2 id,  0.0 wa,  0.0 hi,  1.2 si,  0.0 st
%Cpu(s): 11.5 us,  6.8 sy,  0.0 ni, 80.3 id,  0.0 wa,  0.0 hi,  1.5 si,  0.0 st
%Cpu(s): 11.5 us,  7.8 sy,  0.0 ni, 79.2 id,  0.0 wa,  0.0 hi,  1.4 si,  0.1 st
%Cpu(s): 10.7 us,  6.0 sy,  0.0 ni, 82.0 id,  0.0 wa,  0.0 hi,  1.4 si,  0.0 st
%Cpu(s): 14.5 us,  6.6 sy,  0.0 ni, 77.9 id,  0.0 wa,  0.0 hi,  0.9 si,  0.1 st
%Cpu(s): 12.0 us,  6.5 sy,  0.0 ni, 80.3 id,  0.0 wa,  0.0 hi,  1.2 si,  0.1 st
%Cpu(s): 11.9 us,  6.4 sy,  0.0 ni, 80.4 id,  0.0 wa,  0.0 hi,  1.3 si,  0.0 st
%Cpu(s): 13.4 us,  7.1 sy,  0.0 ni, 78.1 id,  0.0 wa,  0.0 hi,  1.2 si,  0.1 st
%Cpu(s): 12.8 us,  6.5 sy,  0.0 ni, 79.8 id,  0.0 wa,  0.0 hi,  0.8 si,  0.1 st
%Cpu(s): 11.6 us,  7.4 sy,  0.0 ni, 79.2 id,  0.0 wa,  0.0 hi,  1.8 si,  0.0 st
%Cpu(s): 11.9 us,  7.3 sy,  0.0 ni, 79.6 id,  0.0 wa,  0.0 hi,  1.0 si,  0.1 st
%Cpu(s): 12.0 us,  6.4 sy,  0.0 ni, 80.7 id,  0.0 wa,  0.0 hi,  0.9 si,  0.0 st
%Cpu(s): 19.0 us,  7.0 sy,  0.0 ni, 72.5 id,  0.0 wa,  0.0 hi,  1.5 si,  0.0 st
%Cpu(s): 24.6 us,  5.4 sy,  0.0 ni, 68.8 id,  0.0 wa,  0.0 hi,  1.0 si,  0.1 st
%Cpu(s): 24.7 us,  7.0 sy,  0.0 ni, 67.0 id,  0.0 wa,  0.0 hi,  1.3 si,  0.1 st
%Cpu(s): 12.5 us,  7.8 sy,  0.0 ni, 78.9 id,  0.0 wa,  0.0 hi,  0.9 si,  0.0 st
%Cpu(s): 21.5 us,  7.4 sy,  0.0 ni, 69.5 id,  0.0 wa,  0.0 hi,  1.5 si,  0.1 st
%Cpu(s): 18.3 us,  7.3 sy,  0.0 ni, 73.4 id,  0.0 wa,  0.0 hi,  1.0 si,  0.0 st
%Cpu(s): 12.8 us,  7.7 sy,  0.0 ni, 77.8 id,  0.0 wa,  0.0 hi,  1.6 si,  0.1 st
%Cpu(s): 15.6 us,  7.5 sy,  0.0 ni, 75.6 id,  0.0 wa,  0.0 hi,  1.1 si,  0.1 st
%Cpu(s): 11.9 us,  7.5 sy,  0.0 ni, 79.8 id,  0.0 wa,  0.0 hi,  0.8 si,  0.0 st
%Cpu(s): 13.2 us,  7.4 sy,  0.0 ni, 78.0 id,  0.0 wa,  0.0 hi,  1.2 si,  0.1 st
%Cpu(s): 13.7 us,  7.0 sy,  0.0 ni, 77.5 id,  0.0 wa,  0.0 hi,  1.6 si,  0.1 st
%Cpu(s): 14.4 us,  7.5 sy,  0.0 ni, 76.7 id,  0.0 wa,  0.0 hi,  1.4 si,  0.0 st
%Cpu(s): 12.3 us,  6.8 sy,  0.0 ni, 79.4 id,  0.0 wa,  0.0 hi,  1.4 si,  0.1 st
%Cpu(s): 11.7 us,  6.2 sy,  0.0 ni, 81.1 id,  0.0 wa,  0.0 hi,  0.9 si,  0.1 st
%Cpu(s): 11.1 us,  6.8 sy,  0.0 ni, 80.6 id,  0.0 wa,  0.0 hi,  1.4 si,  0.1 st
%Cpu(s): 15.7 us,  6.7 sy,  0.0 ni, 76.3 id,  0.1 wa,  0.0 hi,  1.1 si,  0.0 st
%Cpu(s): 13.9 us,  7.0 sy,  0.0 ni, 77.8 id,  0.0 wa,  0.0 hi,  1.1 si,  0.1 st
%Cpu(s): 13.7 us,  7.3 sy,  0.0 ni, 77.4 id,  0.0 wa,  0.0 hi,  1.6 si,  0.0 st
%Cpu(s): 11.7 us,  8.3 sy,  0.0 ni, 78.7 id,  0.0 wa,  0.0 hi,  1.0 si,  0.3 st
%Cpu(s): 14.0 us,  7.2 sy,  0.0 ni, 77.8 id,  0.0 wa,  0.0 hi,  1.0 si,  0.0 st
%Cpu(s): 15.7 us,  7.6 sy,  0.0 ni, 74.8 id,  0.0 wa,  0.0 hi,  1.9 si,  0.0 st
%Cpu(s): 12.5 us,  6.8 sy,  0.0 ni, 80.0 id,  0.0 wa,  0.0 hi,  0.5 si,  0.1 st
%Cpu(s): 12.7 us,  6.6 sy,  0.0 ni, 79.7 id,  0.0 wa,  0.0 hi,  0.9 si,  0.1 st
%Cpu(s): 12.5 us,  7.8 sy,  0.0 ni, 78.5 id,  0.0 wa,  0.0 hi,  1.1 si,  0.0 st
%Cpu(s): 12.8 us,  8.7 sy,  0.0 ni, 76.7 id,  0.0 wa,  0.0 hi,  1.6 si,  0.1 st
%Cpu(s): 12.4 us,  6.0 sy,  0.0 ni, 80.2 id,  0.0 wa,  0.0 hi,  1.2 si,  0.1 st
%Cpu(s): 19.8 us,  7.8 sy,  0.0 ni, 71.0 id,  0.0 wa,  0.0 hi,  1.3 si,  0.1 st
%Cpu(s): 20.6 us,  6.7 sy,  0.0 ni, 71.7 id,  0.0 wa,  0.0 hi,  0.9 si,  0.1 st
