%Cpu(s): 10.9 us,  1.7 sy,  0.0 ni, 87.1 id,  0.0 wa,  0.0 hi,  0.2 si,  0.0 st
%Cpu(s):  1.6 us,  1.3 sy,  0.0 ni, 97.0 id,  0.0 wa,  0.0 hi,  0.0 si,  0.1 st
%Cpu(s):  2.1 us,  1.5 sy,  0.0 ni, 96.3 id,  0.1 wa,  0.0 hi,  0.0 si,  0.0 st
%Cpu(s):  1.3 us,  0.9 sy,  0.0 ni, 97.9 id,  0.0 wa,  0.0 hi,  0.0 si,  0.0 st
%Cpu(s):  6.7 us,  1.7 sy,  0.0 ni, 91.6 id,  0.0 wa,  0.0 hi,  0.0 si,  0.0 st
%Cpu(s):  9.3 us,  1.5 sy,  0.0 ni, 89.2 id,  0.0 wa,  0.0 hi,  0.0 si,  0.0 st
%Cpu(s):  5.6 us,  1.0 sy,  0.0 ni, 93.2 id,  0.0 wa,  0.0 hi,  0.1 si,  0.0 st
%Cpu(s): 52.0 us,  4.0 sy,  0.0 ni, 43.8 id,  0.0 wa,  0.0 hi,  0.3 si,  0.0 st
%Cpu(s): 85.9 us,  7.5 sy,  0.0 ni,  5.1 id,  0.0 wa,  0.0 hi,  1.5 si,  0.0 st
%Cpu(s): 88.4 us,  8.2 sy,  0.0 ni,  1.5 id,  0.0 wa,  0.0 hi,  2.0 si,  0.0 st
%Cpu(s): 89.6 us,  8.4 sy,  0.0 ni,  0.5 id,  0.0 wa,  0.0 hi,  1.5 si,  0.0 st
%Cpu(s): 88.9 us,  8.2 sy,  0.0 ni,  1.0 id,  0.0 wa,  0.0 hi,  2.0 si,  0.0 st
%Cpu(s): 83.2 us, 10.8 sy,  0.0 ni,  4.0 id,  0.0 wa,  0.0 hi,  2.0 si,  0.0 st
%Cpu(s): 76.3 us,  8.6 sy,  0.0 ni, 13.2 id,  0.0 wa,  0.0 hi,  1.7 si,  0.1 st
%Cpu(s): 58.3 us,  8.0 sy,  0.0 ni, 31.9 id,  0.0 wa,  0.0 hi,  1.9 si,  0.0 st
%Cpu(s): 20.8 us,  6.2 sy,  0.0 ni, 71.6 id,  0.0 wa,  0.0 hi,  1.4 si,  0.0 st
%Cpu(s): 11.2 us,  6.0 sy,  0.0 ni, 82.0 id,  0.0 wa,  0.0 hi,  0.8 si,  0.0 st
%Cpu(s): 16.5 us,  6.5 sy,  0.0 ni, 75.6 id,  0.1 wa,  0.0 hi,  1.3 si,  0.0 st
%Cpu(s): 13.7 us,  6.6 sy,  0.0 ni, 78.6 id,  0.0 wa,  0.0 hi,  1.0 si,  0.1 st
%Cpu(s): 20.7 us,  6.2 sy,  0.0 ni, 71.5 id,  0.0 wa,  0.0 hi,  1.5 si,  0.0 st
%Cpu(s): 20.2 us,  6.5 sy,  0.0 ni, 71.9 id,  0.0 wa,  0.0 hi,  1.4 si,  0.0 st
%Cpu(s): 12.3 us,  5.8 sy,  0.0 ni, 80.9 id,  0.0 wa,  0.0 hi,  1.0 si,  0.0 st
%Cpu(s): 14.6 us,  6.8 sy,  0.0 ni, 78.0 id,  0.0 wa,  0.0 hi,  0.7 si,  0.0 st
%Cpu(s): 14.1 us,  7.2 sy,  0.0 ni, 77.3 id,  0.0 wa,  0.0 hi,  1.4 si,  0.0 st
%Cpu(s): 12.3 us,  7.4 sy,  0.0 ni, 79.5 id,  0.0 wa,  0.0 hi,  0.9 si,  0.0 st
%Cpu(s): 11.2 us,  6.5 sy,  0.0 ni, 81.0 id,  0.0 wa,  0.0 hi,  1.3 si,  0.0 st
%Cpu(s): 10.4 us,  4.9 sy,  0.0 ni, 83.3 id,  0.0 wa,  0.0 hi,  1.3 si,  0.1 st
%Cpu(s): 11.0 us,  7.6 sy,  0.0 ni, 80.7 id,  0.0 wa,  0.0 hi,  0.6 si,  0.0 st
%Cpu(s): 11.2 us,  6.6 sy,  0.0 ni, 81.2 id,  0.0 wa,  0.0 hi,  0.9 si,  0.1 st
%Cpu(s): 12.0 us,  6.1 sy,  0.0 ni, 80.7 id,  0.0 wa,  0.0 hi,  1.1 si,  0.0 st
%Cpu(s): 11.0 us,  7.5 sy,  0.0 ni, 80.5 id,  0.0 wa,  0.0 hi,  1.0 si,  0.0 st
%Cpu(s): 10.3 us,  7.0 sy,  0.0 ni, 81.6 id,  0.0 wa,  0.0 hi,  1.1 si,  0.0 st
%Cpu(s): 11.0 us,  8.0 sy,  0.0 ni, 80.3 id,  0.0 wa,  0.0 hi,  0.6 si,  0.0 st
%Cpu(s): 10.8 us,  6.9 sy,  0.0 ni, 81.0 id,  0.0 wa,  0.0 hi,  1.3 si,  0.0 st
%Cpu(s):  9.7 us,  6.6 sy,  0.0 ni, 83.0 id,  0.0 wa,  0.0 hi,  0.6 si,  0.1 st
%Cpu(s): 10.2 us,  7.3 sy,  0.0 ni, 81.4 id,  0.0 wa,  0.0 hi,  1.1 si,  0.0 st
%Cpu(s):  8.7 us,  5.6 sy,  0.0 ni, 84.6 id,  0.0 wa,  0.0 hi,  1.0 si,  0.1 st
%Cpu(s): 20.9 us,  5.6 sy,  0.0 ni, 72.3 id,  0.0 wa,  0.0 hi,  1.2 si,  0.0 st
%Cpu(s): 22.0 us,  6.4 sy,  0.0 ni, 70.4 id,  0.0 wa,  0.0 hi,  1.3 si,  0.0 st
%Cpu(s): 12.9 us,  6.9 sy,  0.0 ni, 79.0 id,  0.0 wa,  0.0 hi,  1.2 si,  0.0 st
%Cpu(s): 12.3 us,  7.1 sy,  0.0 ni, 79.5 id,  0.0 wa,  0.0 hi,  1.2 si,  0.0 st
%Cpu(s): 25.7 us,  6.6 sy,  0.0 ni, 65.8 id,  0.0 wa,  0.0 hi,  1.8 si,  0.1 st
%Cpu(s): 10.0 us,  6.7 sy,  0.0 ni, 82.5 id,  0.0 wa,  0.0 hi,  0.8 si,  0.0 st
%Cpu(s):  9.8 us,  6.2 sy,  0.0 ni, 83.3 id,  0.0 wa,  0.0 hi,  0.6 si,  0.0 st
%Cpu(s):  9.0 us,  6.9 sy,  0.0 ni, 83.2 id,  0.0 wa,  0.0 hi,  0.9 si,  0.0 st
%Cpu(s): 10.2 us,  7.2 sy,  0.0 ni, 81.4 id,  0.0 wa,  0.0 hi,  1.0 si,  0.1 st
%Cpu(s): 10.2 us,  6.6 sy,  0.0 ni, 82.5 id,  0.0 wa,  0.0 hi,  0.8 si,  0.0 st
%Cpu(s): 10.5 us,  6.3 sy,  0.0 ni, 82.1 id,  0.0 wa,  0.0 hi,  1.0 si,  0.0 st
%Cpu(s): 12.2 us,  6.2 sy,  0.0 ni, 80.6 id,  0.0 wa,  0.0 hi,  1.0 si,  0.0 st
%Cpu(s): 11.8 us,  7.3 sy,  0.0 ni, 80.1 id,  0.0 wa,  0.0 hi,  0.8 si,  0.1 st
%Cpu(s): 10.1 us,  7.1 sy,  0.0 ni, 81.4 id,  0.0 wa,  0.0 hi,  1.3 si,  0.1 st
%Cpu(s): 10.1 us,  7.2 sy,  0.0 ni, 81.9 id,  0.0 wa,  0.0 hi,  0.8 si,  0.0 st
%Cpu(s):  9.6 us,  7.1 sy,  0.0 ni, 82.0 id,  0.1 wa,  0.0 hi,  1.1 si,  0.0 st
%Cpu(s): 10.1 us,  6.0 sy,  0.0 ni, 82.5 id,  0.0 wa,  0.0 hi,  1.4 si,  0.0 st
%Cpu(s):  9.2 us,  6.0 sy,  0.0 ni, 84.0 id,  0.0 wa,  0.0 hi,  0.8 si,  0.0 st
%Cpu(s):  9.5 us,  8.0 sy,  0.0 ni, 81.7 id,  0.0 wa,  0.0 hi,  0.8 si,  0.0 st
%Cpu(s): 10.2 us,  6.6 sy,  0.0 ni, 82.0 id,  0.0 wa,  0.0 hi,  1.2 si,  0.0 st
%Cpu(s): 13.1 us,  6.2 sy,  0.0 ni, 78.8 id,  0.1 wa,  0.0 hi,  1.7 si,  0.0 st
%Cpu(s): 10.1 us,  8.3 sy,  0.0 ni, 80.0 id,  0.0 wa,  0.0 hi,  1.4 si,  0.1 st
%Cpu(s):  9.8 us,  7.6 sy,  0.0 ni, 81.5 id,  0.0 wa,  0.0 hi,  1.1 si,  0.0 st
%Cpu(s):  9.1 us,  5.2 sy,  0.0 ni, 84.4 id,  0.0 wa,  0.0 hi,  1.2 si,  0.1 st
%Cpu(s):  9.1 us,  7.7 sy,  0.0 ni, 82.1 id,  0.0 wa,  0.0 hi,  1.1 si,  0.0 st
%Cpu(s): 11.0 us,  6.7 sy,  0.0 ni, 81.3 id,  0.0 wa,  0.0 hi,  1.0 si,  0.0 st
%Cpu(s): 12.9 us,  8.2 sy,  0.0 ni, 78.1 id,  0.0 wa,  0.0 hi,  0.8 si,  0.0 st
%Cpu(s): 11.7 us,  7.5 sy,  0.0 ni, 79.8 id,  0.0 wa,  0.0 hi,  1.0 si,  0.0 st
%Cpu(s): 11.7 us,  7.3 sy,  0.0 ni, 79.4 id,  0.0 wa,  0.0 hi,  1.6 si,  0.0 st
%Cpu(s): 14.4 us,  6.7 sy,  0.0 ni, 76.9 id,  0.0 wa,  0.0 hi,  1.9 si,  0.1 st
%Cpu(s): 46.8 us,  7.2 sy,  0.0 ni, 43.7 id,  0.0 wa,  0.0 hi,  2.3 si,  0.0 st
%Cpu(s): 74.5 us,  8.7 sy,  0.0 ni, 15.4 id,  0.0 wa,  0.0 hi,  1.4 si,  0.0 st
%Cpu(s): 32.4 us,  7.0 sy,  0.0 ni, 59.1 id,  0.0 wa,  0.0 hi,  1.5 si,  0.0 st
%Cpu(s): 16.3 us,  7.5 sy,  0.0 ni, 74.8 id,  0.0 wa,  0.0 hi,  1.4 si,  0.0 st
%Cpu(s):  9.5 us,  8.2 sy,  0.0 ni, 80.9 id,  0.0 wa,  0.0 hi,  1.4 si,  0.0 st
%Cpu(s): 20.4 us,  6.3 sy,  0.0 ni, 71.9 id,  0.0 wa,  0.0 hi,  1.4 si,  0.0 st
%Cpu(s): 15.9 us,  7.5 sy,  0.0 ni, 74.9 id,  0.0 wa,  0.0 hi,  1.5 si,  0.1 st
%Cpu(s): 16.3 us,  8.0 sy,  0.0 ni, 74.8 id,  0.0 wa,  0.0 hi,  0.9 si,  0.0 st
%Cpu(s): 12.2 us,  6.5 sy,  0.0 ni, 80.4 id,  0.0 wa,  0.0 hi,  0.9 si,  0.0 st
%Cpu(s): 14.0 us,  7.8 sy,  0.0 ni, 76.9 id,  0.0 wa,  0.0 hi,  1.3 si,  0.0 st
%Cpu(s): 15.7 us,  6.7 sy,  0.0 ni, 76.6 id,  0.0 wa,  0.0 hi,  1.0 si,  0.0 st
%Cpu(s): 17.8 us,  7.6 sy,  0.0 ni, 73.6 id,  0.0 wa,  0.0 hi,  1.0 si,  0.0 st
%Cpu(s): 14.0 us,  8.9 sy,  0.0 ni, 76.2 id,  0.0 wa,  0.0 hi,  0.8 si,  0.1 st
%Cpu(s): 16.2 us,  8.5 sy,  0.0 ni, 74.0 id,  0.0 wa,  0.0 hi,  1.3 si,  0.0 st
%Cpu(s): 20.0 us,  9.0 sy,  0.0 ni, 69.4 id,  0.0 wa,  0.0 hi,  1.6 si,  0.0 st
