%Cpu(s):  4.0 us,  1.0 sy,  0.0 ni, 94.9 id,  0.0 wa,  0.0 hi,  0.1 si,  0.0 st
%Cpu(s):  1.2 us,  0.1 sy,  0.0 ni, 98.6 id,  0.0 wa,  0.0 hi,  0.0 si,  0.0 st
%Cpu(s): 46.4 us,  5.6 sy,  0.0 ni, 47.9 id,  0.0 wa,  0.0 hi,  0.1 si,  0.1 st
%Cpu(s): 83.1 us,  4.0 sy,  0.0 ni, 12.9 id,  0.0 wa,  0.0 hi,  0.0 si,  0.0 st
%Cpu(s): 67.1 us,  4.1 sy,  0.0 ni, 28.6 id,  0.0 wa,  0.0 hi,  0.1 si,  0.1 st
%Cpu(s): 86.7 us,  2.8 sy,  0.0 ni, 10.5 id,  0.0 wa,  0.0 hi,  0.0 si,  0.1 st
%Cpu(s): 95.5 us,  3.0 sy,  0.0 ni,  1.6 id,  0.0 wa,  0.0 hi,  0.0 si,  0.0 st
%Cpu(s): 95.1 us,  3.5 sy,  0.0 ni,  1.3 id,  0.0 wa,  0.0 hi,  0.1 si,  0.0 st
%Cpu(s): 94.2 us,  3.7 sy,  0.0 ni,  1.7 id,  0.0 wa,  0.0 hi,  0.4 si,  0.0 st
%Cpu(s): 95.8 us,  3.8 sy,  0.0 ni,  0.1 id,  0.0 wa,  0.0 hi,  0.2 si,  0.0 st
%Cpu(s): 62.8 us,  1.9 sy,  0.0 ni, 35.0 id,  0.0 wa,  0.0 hi,  0.2 si,  0.1 st
%Cpu(s): 32.0 us,  2.4 sy,  0.0 ni, 65.3 id,  0.0 wa,  0.0 hi,  0.2 si,  0.0 st
%Cpu(s): 12.1 us,  1.2 sy,  0.0 ni, 86.5 id,  0.1 wa,  0.0 hi,  0.1 si,  0.1 st
%Cpu(s):  5.0 us,  1.6 sy,  0.0 ni, 93.3 id,  0.0 wa,  0.0 hi,  0.0 si,  0.1 st
%Cpu(s):  4.0 us,  1.4 sy,  0.0 ni, 94.5 id,  0.0 wa,  0.0 hi,  0.1 si,  0.0 st
%Cpu(s): 35.0 us,  4.1 sy,  0.0 ni, 60.2 id,  0.0 wa,  0.0 hi,  0.6 si,  0.1 st
%Cpu(s): 73.5 us,  4.4 sy,  0.0 ni, 21.3 id,  0.0 wa,  0.0 hi,  0.8 si,  0.0 st
%Cpu(s): 91.6 us,  6.0 sy,  0.0 ni,  0.9 id,  0.0 wa,  0.0 hi,  1.5 si,  0.0 st
%Cpu(s): 87.8 us,  5.1 sy,  0.0 ni,  5.8 id,  0.1 wa,  0.0 hi,  1.3 si,  0.0 st
%Cpu(s): 83.2 us,  5.1 sy,  0.0 ni, 10.5 id,  0.0 wa,  0.0 hi,  1.1 si,  0.0 st
%Cpu(s): 86.2 us,  7.7 sy,  0.0 ni,  4.0 id,  0.0 wa,  0.0 hi,  2.1 si,  0.0 st
%Cpu(s): 86.0 us,  7.6 sy,  0.0 ni,  4.4 id,  0.0 wa,  0.0 hi,  1.9 si,  0.0 st
%Cpu(s): 88.7 us,  8.5 sy,  0.0 ni,  0.5 id,  0.0 wa,  0.0 hi,  2.3 si,  0.0 st
%Cpu(s): 88.4 us,  9.5 sy,  0.0 ni,  0.1 id,  0.0 wa,  0.0 hi,  2.1 si,  0.0 st
%Cpu(s): 88.3 us,  9.2 sy,  0.0 ni,  0.1 id,  0.0 wa,  0.0 hi,  2.4 si,  0.0 st
%Cpu(s): 88.2 us,  9.4 sy,  0.0 ni,  0.3 id,  0.0 wa,  0.0 hi,  2.1 si,  0.0 st
%Cpu(s): 87.7 us,  9.5 sy,  0.0 ni,  0.4 id,  0.0 wa,  0.0 hi,  2.4 si,  0.0 st
%Cpu(s): 88.7 us,  9.0 sy,  0.0 ni,  0.1 id,  0.0 wa,  0.0 hi,  2.2 si,  0.0 st
%Cpu(s): 85.6 us, 11.0 sy,  0.0 ni,  0.7 id,  0.0 wa,  0.0 hi,  2.7 si,  0.0 st
%Cpu(s): 82.5 us,  9.0 sy,  0.0 ni,  6.5 id,  0.0 wa,  0.0 hi,  2.0 si,  0.0 st
%Cpu(s): 48.7 us,  8.0 sy,  0.0 ni, 41.2 id,  0.0 wa,  0.0 hi,  2.0 si,  0.1 st
%Cpu(s): 20.3 us,  7.8 sy,  0.0 ni, 69.1 id,  0.0 wa,  0.0 hi,  2.8 si,  0.1 st
%Cpu(s): 28.5 us,  7.1 sy,  0.0 ni, 62.0 id,  0.0 wa,  0.0 hi,  2.5 si,  0.0 st
%Cpu(s): 26.2 us,  8.3 sy,  0.0 ni, 63.1 id,  0.0 wa,  0.0 hi,  2.4 si,  0.0 st
%Cpu(s): 13.2 us,  6.2 sy,  0.0 ni, 78.5 id,  0.0 wa,  0.0 hi,  2.2 si,  0.0 st
%Cpu(s): 16.9 us,  7.2 sy,  0.0 ni, 73.5 id,  0.0 wa,  0.0 hi,  2.3 si,  0.0 st
%Cpu(s): 15.4 us,  8.2 sy,  0.0 ni, 74.1 id,  0.0 wa,  0.0 hi,  2.2 si,  0.1 st
%Cpu(s): 16.9 us,  8.1 sy,  0.0 ni, 72.9 id,  0.0 wa,  0.0 hi,  2.1 si,  0.0 st
%Cpu(s): 14.9 us,  7.4 sy,  0.0 ni, 75.6 id,  0.0 wa,  0.0 hi,  2.1 si,  0.0 st
%Cpu(s): 16.9 us,  7.3 sy,  0.0 ni, 73.3 id,  0.0 wa,  0.0 hi,  2.4 si,  0.0 st
%Cpu(s): 18.9 us,  7.0 sy,  0.0 ni, 71.9 id,  0.0 wa,  0.0 hi,  2.1 si,  0.1 st
%Cpu(s): 28.2 us,  7.6 sy,  0.0 ni, 62.1 id,  0.0 wa,  0.0 hi,  2.1 si,  0.0 st
%Cpu(s): 29.2 us,  7.2 sy,  0.0 ni, 61.6 id,  0.1 wa,  0.0 hi,  2.0 si,  0.0 st
%Cpu(s): 15.2 us,  7.9 sy,  0.0 ni, 74.8 id,  0.0 wa,  0.0 hi,  2.1 si,  0.0 st
%Cpu(s): 16.8 us,  6.7 sy,  0.0 ni, 74.4 id,  0.0 wa,  0.0 hi,  2.1 si,  0.1 st
%Cpu(s): 17.2 us,  7.2 sy,  0.0 ni, 73.2 id,  0.0 wa,  0.0 hi,  2.4 si,  0.0 st
%Cpu(s): 26.2 us,  7.6 sy,  0.0 ni, 64.0 id,  0.0 wa,  0.0 hi,  2.1 si,  0.1 st
%Cpu(s): 25.0 us,  7.3 sy,  0.0 ni, 65.2 id,  0.0 wa,  0.0 hi,  2.6 si,  0.0 st
%Cpu(s): 20.2 us,  7.4 sy,  0.0 ni, 70.2 id,  0.0 wa,  0.0 hi,  2.2 si,  0.0 st
%Cpu(s): 16.1 us,  7.3 sy,  0.0 ni, 74.1 id,  0.0 wa,  0.0 hi,  2.5 si,  0.0 st
%Cpu(s): 28.6 us,  7.2 sy,  0.0 ni, 62.0 id,  0.0 wa,  0.0 hi,  2.0 si,  0.1 st
%Cpu(s): 23.7 us,  7.1 sy,  0.0 ni, 67.0 id,  0.0 wa,  0.0 hi,  2.2 si,  0.0 st
%Cpu(s): 17.9 us,  7.5 sy,  0.0 ni, 72.5 id,  0.0 wa,  0.0 hi,  2.1 si,  0.0 st
%Cpu(s): 16.6 us,  8.3 sy,  0.0 ni, 72.8 id,  0.0 wa,  0.0 hi,  2.3 si,  0.1 st
%Cpu(s): 16.4 us,  7.0 sy,  0.0 ni, 74.2 id,  0.0 wa,  0.0 hi,  2.4 si,  0.0 st
%Cpu(s): 22.9 us,  6.9 sy,  0.0 ni, 67.6 id,  0.0 wa,  0.0 hi,  2.5 si,  0.0 st
%Cpu(s): 30.8 us,  7.2 sy,  0.0 ni, 59.7 id,  0.0 wa,  0.0 hi,  2.3 si,  0.0 st
%Cpu(s): 16.9 us,  8.0 sy,  0.0 ni, 72.6 id,  0.1 wa,  0.0 hi,  2.3 si,  0.1 st
%Cpu(s): 15.3 us,  7.5 sy,  0.0 ni, 74.3 id,  0.0 wa,  0.0 hi,  2.9 si,  0.0 st
%Cpu(s): 14.4 us,  7.0 sy,  0.0 ni, 75.8 id,  0.0 wa,  0.0 hi,  2.8 si,  0.0 st
%Cpu(s): 18.0 us,  7.8 sy,  0.0 ni, 71.7 id,  0.0 wa,  0.0 hi,  2.4 si,  0.1 st
%Cpu(s): 14.4 us,  6.9 sy,  0.0 ni, 76.2 id,  0.0 wa,  0.0 hi,  2.4 si,  0.0 st
%Cpu(s): 15.0 us,  7.6 sy,  0.0 ni, 75.3 id,  0.0 wa,  0.0 hi,  2.1 si,  0.0 st
%Cpu(s): 17.9 us,  8.2 sy,  0.0 ni, 71.2 id,  0.0 wa,  0.0 hi,  2.7 si,  0.0 st
%Cpu(s): 14.9 us,  7.5 sy,  0.0 ni, 75.1 id,  0.0 wa,  0.0 hi,  2.5 si,  0.0 st
%Cpu(s): 15.2 us,  7.9 sy,  0.0 ni, 74.3 id,  0.0 wa,  0.0 hi,  2.6 si,  0.0 st
%Cpu(s): 16.2 us,  8.1 sy,  0.0 ni, 72.8 id,  0.0 wa,  0.0 hi,  2.8 si,  0.1 st
%Cpu(s): 16.5 us,  7.0 sy,  0.0 ni, 73.8 id,  0.0 wa,  0.0 hi,  2.7 si,  0.0 st
%Cpu(s): 15.7 us,  7.4 sy,  0.0 ni, 74.3 id,  0.0 wa,  0.0 hi,  2.6 si,  0.0 st
%Cpu(s): 16.4 us,  7.8 sy,  0.0 ni, 73.2 id,  0.0 wa,  0.0 hi,  2.6 si,  0.1 st
%Cpu(s): 18.8 us,  7.0 sy,  0.0 ni, 71.6 id,  0.0 wa,  0.0 hi,  2.6 si,  0.1 st
%Cpu(s): 19.0 us,  8.2 sy,  0.0 ni, 70.2 id,  0.0 wa,  0.0 hi,  2.6 si,  0.0 st
%Cpu(s): 20.3 us,  7.9 sy,  0.0 ni, 69.6 id,  0.0 wa,  0.0 hi,  2.2 si,  0.0 st
%Cpu(s): 14.7 us,  8.2 sy,  0.0 ni, 74.9 id,  0.0 wa,  0.0 hi,  2.2 si,  0.1 st
%Cpu(s): 16.8 us,  7.3 sy,  0.0 ni, 73.7 id,  0.0 wa,  0.0 hi,  2.2 si,  0.0 st
%Cpu(s): 18.0 us,  7.7 sy,  0.0 ni, 72.1 id,  0.0 wa,  0.0 hi,  2.2 si,  0.1 st
