%Cpu(s):  3.3 us,  0.4 sy,  0.0 ni, 96.3 id,  0.0 wa,  0.0 hi,  0.1 si,  0.0 st
%Cpu(s): 64.2 us,  1.2 sy,  0.0 ni, 34.3 id,  0.1 wa,  0.0 hi,  0.1 si,  0.0 st
%Cpu(s):  7.3 us,  1.2 sy,  0.0 ni, 91.2 id,  0.0 wa,  0.0 hi,  0.1 si,  0.1 st
%Cpu(s):  4.1 us,  1.1 sy,  0.0 ni, 94.7 id,  0.0 wa,  0.0 hi,  0.0 si,  0.0 st
%Cpu(s):  8.1 us,  1.3 sy,  0.0 ni, 90.6 id,  0.0 wa,  0.0 hi,  0.0 si,  0.1 st
%Cpu(s): 86.8 us,  6.2 sy,  0.0 ni,  5.5 id,  0.0 wa,  0.0 hi,  1.5 si,  0.0 st
%Cpu(s): 90.7 us,  6.6 sy,  0.0 ni,  0.4 id,  0.0 wa,  0.0 hi,  2.2 si,  0.1 st
%Cpu(s): 87.8 us,  8.8 sy,  0.0 ni,  0.0 id,  0.0 wa,  0.0 hi,  3.4 si,  0.0 st
%Cpu(s): 88.2 us,  9.2 sy,  0.0 ni,  0.2 id,  0.0 wa,  0.0 hi,  2.4 si,  0.0 st
%Cpu(s): 87.2 us,  9.9 sy,  0.0 ni,  0.1 id,  0.0 wa,  0.0 hi,  2.7 si,  0.0 st
%Cpu(s): 88.2 us,  9.5 sy,  0.0 ni,  0.0 id,  0.0 wa,  0.0 hi,  2.1 si,  0.1 st
%Cpu(s): 87.2 us,  9.8 sy,  0.0 ni,  0.1 id,  0.0 wa,  0.0 hi,  2.9 si,  0.0 st
%Cpu(s): 87.8 us,  9.0 sy,  0.0 ni,  0.6 id,  0.0 wa,  0.0 hi,  2.6 si,  0.0 st
%Cpu(s): 87.0 us,  9.1 sy,  0.0 ni,  0.6 id,  0.0 wa,  0.0 hi,  3.2 si,  0.0 st
%Cpu(s): 90.5 us,  6.9 sy,  0.0 ni,  0.2 id,  0.0 wa,  0.0 hi,  2.4 si,  0.0 st
%Cpu(s): 84.7 us, 11.2 sy,  0.0 ni,  1.7 id,  0.0 wa,  0.0 hi,  2.2 si,  0.1 st
%Cpu(s): 87.8 us,  8.7 sy,  0.0 ni,  0.9 id,  0.0 wa,  0.0 hi,  2.6 si,  0.0 st
%Cpu(s): 74.9 us,  7.8 sy,  0.0 ni, 14.2 id,  0.0 wa,  0.0 hi,  3.1 si,  0.0 st
%Cpu(s): 50.5 us,  8.6 sy,  0.0 ni, 38.7 id,  0.0 wa,  0.0 hi,  2.1 si,  0.1 st
%Cpu(s): 47.3 us,  7.6 sy,  0.0 ni, 43.4 id,  0.0 wa,  0.0 hi,  1.7 si,  0.0 st
%Cpu(s): 38.4 us,  7.7 sy,  0.0 ni, 52.2 id,  0.0 wa,  0.0 hi,  1.7 si,  0.0 st
%Cpu(s): 33.3 us,  8.0 sy,  0.0 ni, 56.8 id,  0.0 wa,  0.0 hi,  1.7 si,  0.1 st
%Cpu(s): 28.4 us,  7.2 sy,  0.0 ni, 63.2 id,  0.0 wa,  0.0 hi,  1.0 si,  0.1 st
%Cpu(s): 21.5 us,  7.9 sy,  0.0 ni, 69.4 id,  0.0 wa,  0.0 hi,  1.0 si,  0.1 st
%Cpu(s): 22.8 us,  8.2 sy,  0.0 ni, 67.2 id,  0.0 wa,  0.0 hi,  1.7 si,  0.1 st
%Cpu(s): 20.3 us,  7.8 sy,  0.0 ni, 70.6 id,  0.0 wa,  0.0 hi,  1.3 si,  0.0 st
%Cpu(s): 23.8 us,  6.7 sy,  0.0 ni, 68.0 id,  0.0 wa,  0.0 hi,  1.3 si,  0.1 st
%Cpu(s): 24.5 us,  6.7 sy,  0.0 ni, 67.4 id,  0.0 wa,  0.0 hi,  1.4 si,  0.0 st
%Cpu(s): 21.2 us,  6.7 sy,  0.0 ni, 69.5 id,  0.0 wa,  0.0 hi,  2.5 si,  0.1 st
%Cpu(s): 28.1 us,  7.3 sy,  0.0 ni, 63.5 id,  0.0 wa,  0.0 hi,  1.0 si,  0.1 st
%Cpu(s): 28.6 us,  7.2 sy,  0.0 ni, 63.3 id,  0.0 wa,  0.0 hi,  0.8 si,  0.1 st
%Cpu(s): 29.5 us,  6.7 sy,  0.0 ni, 61.8 id,  0.0 wa,  0.0 hi,  1.9 si,  0.0 st
%Cpu(s): 24.9 us,  7.1 sy,  0.0 ni, 66.3 id,  0.0 wa,  0.0 hi,  1.6 si,  0.1 st
%Cpu(s): 23.9 us,  7.3 sy,  0.0 ni, 66.7 id,  0.0 wa,  0.0 hi,  2.1 si,  0.0 st
%Cpu(s): 28.3 us,  7.1 sy,  0.0 ni, 62.2 id,  0.0 wa,  0.0 hi,  2.1 si,  0.3 st
%Cpu(s): 42.3 us,  7.1 sy,  0.0 ni, 48.3 id,  0.0 wa,  0.0 hi,  2.3 si,  0.0 st
%Cpu(s): 29.8 us,  7.4 sy,  0.0 ni, 60.8 id,  0.0 wa,  0.0 hi,  1.8 si,  0.1 st
%Cpu(s): 31.2 us,  6.7 sy,  0.0 ni, 60.2 id,  0.0 wa,  0.0 hi,  1.8 si,  0.1 st
%Cpu(s): 21.9 us,  7.7 sy,  0.0 ni, 68.8 id,  0.0 wa,  0.0 hi,  1.7 si,  0.0 st
%Cpu(s): 22.2 us,  6.6 sy,  0.0 ni, 70.1 id,  0.0 wa,  0.0 hi,  0.9 si,  0.1 st
%Cpu(s): 19.9 us,  8.1 sy,  0.0 ni, 70.8 id,  0.0 wa,  0.0 hi,  1.2 si,  0.1 st
%Cpu(s): 21.6 us,  7.5 sy,  0.0 ni, 69.3 id,  0.0 wa,  0.0 hi,  1.7 si,  0.0 st
%Cpu(s): 24.6 us,  6.5 sy,  0.0 ni, 67.1 id,  0.0 wa,  0.0 hi,  1.8 si,  0.0 st
%Cpu(s): 21.7 us,  8.1 sy,  0.0 ni, 68.8 id,  0.0 wa,  0.0 hi,  0.8 si,  0.6 st
%Cpu(s): 20.4 us,  7.7 sy,  0.0 ni, 71.1 id,  0.0 wa,  0.0 hi,  0.6 si,  0.1 st
%Cpu(s): 22.0 us,  6.1 sy,  0.0 ni, 69.9 id,  0.0 wa,  0.0 hi,  2.0 si,  0.0 st
%Cpu(s): 18.9 us,  7.7 sy,  0.0 ni, 71.4 id,  0.0 wa,  0.0 hi,  1.9 si,  0.0 st
%Cpu(s): 22.1 us,  6.8 sy,  0.0 ni, 69.4 id,  0.1 wa,  0.0 hi,  1.3 si,  0.3 st
%Cpu(s): 21.5 us,  7.6 sy,  0.0 ni, 70.0 id,  0.0 wa,  0.0 hi,  0.9 si,  0.0 st
%Cpu(s): 21.2 us,  7.2 sy,  0.0 ni, 70.5 id,  0.0 wa,  0.0 hi,  0.9 si,  0.3 st
%Cpu(s): 24.8 us,  7.5 sy,  0.0 ni, 66.1 id,  0.0 wa,  0.0 hi,  1.4 si,  0.1 st
%Cpu(s): 21.0 us,  7.0 sy,  0.0 ni, 70.5 id,  0.0 wa,  0.0 hi,  1.5 si,  0.0 st
%Cpu(s): 20.6 us,  6.7 sy,  0.0 ni, 70.9 id,  0.0 wa,  0.0 hi,  1.6 si,  0.1 st
%Cpu(s): 22.9 us,  5.9 sy,  0.0 ni, 69.8 id,  0.0 wa,  0.0 hi,  1.3 si,  0.1 st
%Cpu(s): 19.1 us,  7.7 sy,  0.0 ni, 71.9 id,  0.0 wa,  0.0 hi,  1.2 si,  0.1 st
%Cpu(s): 20.8 us,  6.9 sy,  0.0 ni, 69.8 id,  0.0 wa,  0.0 hi,  2.3 si,  0.1 st
%Cpu(s): 17.8 us,  7.0 sy,  0.0 ni, 73.7 id,  0.0 wa,  0.0 hi,  1.3 si,  0.1 st
%Cpu(s): 19.6 us,  6.7 sy,  0.0 ni, 72.1 id,  0.1 wa,  0.0 hi,  1.5 si,  0.0 st
%Cpu(s): 21.1 us,  7.4 sy,  0.0 ni, 69.7 id,  0.0 wa,  0.0 hi,  1.8 si,  0.1 st
%Cpu(s): 35.6 us,  6.6 sy,  0.0 ni, 56.7 id,  0.0 wa,  0.0 hi,  0.9 si,  0.1 st
%Cpu(s): 74.0 us,  6.9 sy,  0.0 ni, 17.2 id,  0.0 wa,  0.0 hi,  1.9 si,  0.0 st
%Cpu(s): 85.5 us, 11.4 sy,  0.0 ni,  0.1 id,  0.0 wa,  0.0 hi,  2.8 si,  0.1 st
%Cpu(s): 85.7 us, 10.4 sy,  0.0 ni,  0.6 id,  0.0 wa,  0.0 hi,  3.2 si,  0.0 st
%Cpu(s): 75.4 us, 10.3 sy,  0.0 ni, 11.1 id,  0.0 wa,  0.0 hi,  3.0 si,  0.1 st
%Cpu(s): 64.6 us, 10.0 sy,  0.0 ni, 22.9 id,  0.0 wa,  0.0 hi,  2.5 si,  0.0 st
%Cpu(s): 44.3 us,  9.9 sy,  0.0 ni, 44.2 id,  0.0 wa,  0.0 hi,  1.6 si,  0.0 st
%Cpu(s): 35.4 us,  7.8 sy,  0.0 ni, 55.8 id,  0.0 wa,  0.0 hi,  1.0 si,  0.0 st
%Cpu(s): 25.8 us,  8.7 sy,  0.0 ni, 63.9 id,  0.0 wa,  0.0 hi,  1.4 si,  0.1 st
%Cpu(s): 24.8 us,  7.6 sy,  0.0 ni, 64.5 id,  0.0 wa,  0.0 hi,  2.9 si,  0.1 st
%Cpu(s): 25.6 us,  8.0 sy,  0.0 ni, 64.5 id,  0.0 wa,  0.0 hi,  1.7 si,  0.1 st
%Cpu(s): 25.6 us,  8.1 sy,  0.0 ni, 65.2 id,  0.0 wa,  0.0 hi,  1.0 si,  0.0 st
%Cpu(s): 23.7 us,  7.7 sy,  0.0 ni, 66.7 id,  0.0 wa,  0.0 hi,  1.7 si,  0.3 st
%Cpu(s): 29.0 us,  7.8 sy,  0.0 ni, 61.2 id,  0.0 wa,  0.0 hi,  2.0 si,  0.0 st
%Cpu(s): 36.7 us,  7.8 sy,  0.0 ni, 54.1 id,  0.0 wa,  0.0 hi,  1.3 si,  0.1 st
%Cpu(s): 35.6 us,  7.9 sy,  0.0 ni, 54.2 id,  0.0 wa,  0.0 hi,  2.1 si,  0.3 st
