%Cpu(s):  3.2 us,  0.8 sy,  0.0 ni, 96.0 id,  0.0 wa,  0.0 hi,  0.1 si,  0.0 st
%Cpu(s):  1.3 us,  0.6 sy,  0.0 ni, 98.0 id,  0.0 wa,  0.0 hi,  0.0 si,  0.1 st
%Cpu(s): 71.3 us,  5.9 sy,  0.0 ni, 22.8 id,  0.0 wa,  0.0 hi,  0.0 si,  0.0 st
%Cpu(s): 76.0 us,  4.3 sy,  0.0 ni, 19.5 id,  0.0 wa,  0.0 hi,  0.1 si,  0.1 st
%Cpu(s): 79.6 us,  2.8 sy,  0.0 ni, 17.6 id,  0.0 wa,  0.0 hi,  0.0 si,  0.0 st
%Cpu(s): 95.9 us,  2.9 sy,  0.0 ni,  1.2 id,  0.0 wa,  0.0 hi,  0.0 si,  0.0 st
%Cpu(s): 95.4 us,  2.8 sy,  0.0 ni,  1.7 id,  0.0 wa,  0.0 hi,  0.1 si,  0.0 st
%Cpu(s): 95.2 us,  3.6 sy,  0.0 ni,  1.2 id,  0.0 wa,  0.0 hi,  0.0 si,  0.0 st
%Cpu(s): 96.9 us,  2.8 sy,  0.0 ni,  0.2 id,  0.0 wa,  0.0 hi,  0.1 si,  0.0 st
%Cpu(s): 93.3 us,  2.5 sy,  0.0 ni,  4.0 id,  0.0 wa,  0.0 hi,  0.1 si,  0.1 st
%Cpu(s): 58.6 us,  1.4 sy,  0.0 ni, 39.9 id,  0.0 wa,  0.0 hi,  0.1 si,  0.1 st
%Cpu(s): 30.5 us,  1.2 sy,  0.0 ni, 68.3 id,  0.0 wa,  0.0 hi,  0.0 si,  0.0 st
%Cpu(s): 29.5 us,  2.2 sy,  0.0 ni, 68.3 id,  0.0 wa,  0.0 hi,  0.0 si,  0.0 st
%Cpu(s): 21.7 us,  1.8 sy,  0.0 ni, 76.6 id,  0.0 wa,  0.0 hi,  0.0 si,  0.0 st
%Cpu(s): 15.8 us,  2.0 sy,  0.0 ni, 82.0 id,  0.0 wa,  0.0 hi,  0.1 si,  0.1 st
%Cpu(s): 10.0 us,  2.1 sy,  0.0 ni, 87.8 id,  0.0 wa,  0.0 hi,  0.0 si,  0.1 st
%Cpu(s):  5.0 us,  2.3 sy,  0.0 ni, 92.7 id,  0.0 wa,  0.0 hi,  0.1 si,  0.0 st
%Cpu(s):  7.7 us,  1.9 sy,  0.0 ni, 90.3 id,  0.0 wa,  0.0 hi,  0.1 si,  0.1 st
%Cpu(s):  4.4 us,  3.1 sy,  0.0 ni, 92.5 id,  0.0 wa,  0.0 hi,  0.0 si,  0.1 st
%Cpu(s): 53.1 us,  3.7 sy,  0.0 ni, 42.8 id,  0.0 wa,  0.0 hi,  0.4 si,  0.1 st
%Cpu(s): 90.5 us,  5.5 sy,  0.0 ni,  2.9 id,  0.0 wa,  0.0 hi,  1.1 si,  0.0 st
%Cpu(s): 91.0 us,  7.2 sy,  0.0 ni,  0.2 id,  0.0 wa,  0.0 hi,  1.5 si,  0.0 st
%Cpu(s): 89.6 us,  8.4 sy,  0.0 ni,  0.3 id,  0.0 wa,  0.0 hi,  1.7 si,  0.0 st
%Cpu(s): 90.9 us,  7.8 sy,  0.0 ni,  0.0 id,  0.0 wa,  0.0 hi,  1.3 si,  0.0 st
%Cpu(s): 91.0 us,  7.0 sy,  0.0 ni,  0.1 id,  0.0 wa,  0.0 hi,  1.9 si,  0.0 st
%Cpu(s): 91.6 us,  6.8 sy,  0.0 ni,  0.0 id,  0.0 wa,  0.0 hi,  1.6 si,  0.0 st
%Cpu(s): 90.9 us,  7.4 sy,  0.0 ni,  0.1 id,  0.0 wa,  0.0 hi,  1.6 si,  0.0 st
%Cpu(s): 91.7 us,  6.9 sy,  0.0 ni,  0.0 id,  0.0 wa,  0.0 hi,  1.4 si,  0.0 st
%Cpu(s): 91.7 us,  6.8 sy,  0.0 ni,  0.0 id,  0.0 wa,  0.0 hi,  1.4 si,  0.0 st
%Cpu(s): 90.8 us,  7.6 sy,  0.0 ni,  0.0 id,  0.0 wa,  0.0 hi,  1.6 si,  0.0 st
%Cpu(s): 48.8 us,  7.4 sy,  0.0 ni, 42.5 id,  0.0 wa,  0.0 hi,  1.3 si,  0.1 st
%Cpu(s): 11.8 us,  5.5 sy,  0.0 ni, 82.0 id,  0.0 wa,  0.0 hi,  0.7 si,  0.0 st
%Cpu(s): 15.4 us,  5.8 sy,  0.0 ni, 77.7 id,  0.0 wa,  0.0 hi,  1.1 si,  0.1 st
%Cpu(s): 12.5 us,  6.3 sy,  0.0 ni, 80.4 id,  0.0 wa,  0.0 hi,  0.8 si,  0.0 st
%Cpu(s): 14.8 us,  5.5 sy,  0.0 ni, 79.3 id,  0.0 wa,  0.0 hi,  0.5 si,  0.0 st
%Cpu(s): 14.4 us,  5.7 sy,  0.0 ni, 79.2 id,  0.0 wa,  0.0 hi,  0.7 si,  0.0 st
%Cpu(s): 16.0 us,  5.8 sy,  0.0 ni, 77.2 id,  0.0 wa,  0.0 hi,  1.0 si,  0.1 st
%Cpu(s): 11.9 us,  6.8 sy,  0.0 ni, 80.3 id,  0.0 wa,  0.0 hi,  0.9 si,  0.0 st
%Cpu(s): 13.9 us,  5.6 sy,  0.0 ni, 79.7 id,  0.0 wa,  0.0 hi,  0.8 si,  0.0 st
%Cpu(s): 14.0 us,  6.5 sy,  0.0 ni, 78.5 id,  0.0 wa,  0.0 hi,  0.9 si,  0.0 st
%Cpu(s): 12.0 us,  5.6 sy,  0.0 ni, 81.5 id,  0.0 wa,  0.0 hi,  0.9 si,  0.1 st
%Cpu(s): 11.6 us,  6.3 sy,  0.0 ni, 81.4 id,  0.0 wa,  0.0 hi,  0.8 si,  0.0 st
%Cpu(s): 11.6 us,  5.6 sy,  0.0 ni, 81.8 id,  0.0 wa,  0.0 hi,  0.8 si,  0.1 st
%Cpu(s): 12.7 us,  5.9 sy,  0.0 ni, 80.2 id,  0.0 wa,  0.0 hi,  1.1 si,  0.1 st
%Cpu(s): 13.1 us,  5.9 sy,  0.0 ni, 80.0 id,  0.0 wa,  0.0 hi,  1.0 si,  0.0 st
%Cpu(s): 13.4 us,  7.1 sy,  0.0 ni, 78.6 id,  0.1 wa,  0.0 hi,  0.8 si,  0.0 st
%Cpu(s): 17.6 us,  6.4 sy,  0.0 ni, 75.3 id,  0.0 wa,  0.0 hi,  0.6 si,  0.1 st
%Cpu(s): 12.8 us,  5.3 sy,  0.0 ni, 81.1 id,  0.0 wa,  0.0 hi,  0.7 si,  0.0 st
%Cpu(s): 12.6 us,  5.8 sy,  0.0 ni, 80.5 id,  0.0 wa,  0.0 hi,  1.1 si,  0.0 st
%Cpu(s): 19.9 us,  4.8 sy,  0.0 ni, 74.4 id,  0.0 wa,  0.0 hi,  0.8 si,  0.0 st
%Cpu(s): 20.0 us,  6.0 sy,  0.0 ni, 73.0 id,  0.0 wa,  0.0 hi,  1.0 si,  0.1 st
%Cpu(s): 14.4 us,  5.9 sy,  0.0 ni, 79.0 id,  0.0 wa,  0.0 hi,  0.7 si,  0.0 st
%Cpu(s): 11.8 us,  6.2 sy,  0.0 ni, 81.0 id,  0.1 wa,  0.0 hi,  0.9 si,  0.1 st
%Cpu(s): 13.3 us,  6.0 sy,  0.0 ni, 79.9 id,  0.0 wa,  0.0 hi,  0.8 si,  0.0 st
%Cpu(s): 18.1 us,  5.8 sy,  0.0 ni, 75.1 id,  0.0 wa,  0.0 hi,  0.9 si,  0.1 st
%Cpu(s): 31.9 us,  6.1 sy,  0.0 ni, 60.9 id,  0.0 wa,  0.0 hi,  1.1 si,  0.0 st
%Cpu(s): 15.1 us,  6.3 sy,  0.0 ni, 77.5 id,  0.0 wa,  0.0 hi,  1.1 si,  0.1 st
%Cpu(s): 11.4 us,  6.5 sy,  0.0 ni, 81.3 id,  0.0 wa,  0.0 hi,  0.7 si,  0.0 st
%Cpu(s): 12.3 us,  5.9 sy,  0.0 ni, 80.8 id,  0.0 wa,  0.0 hi,  1.0 si,  0.1 st
%Cpu(s): 13.7 us,  5.9 sy,  0.0 ni, 79.4 id,  0.0 wa,  0.0 hi,  1.0 si,  0.0 st
%Cpu(s): 12.6 us,  5.9 sy,  0.0 ni, 80.8 id,  0.0 wa,  0.0 hi,  0.7 si,  0.1 st
%Cpu(s): 14.2 us,  6.5 sy,  0.0 ni, 78.6 id,  0.0 wa,  0.0 hi,  0.7 si,  0.0 st
%Cpu(s): 15.2 us,  5.8 sy,  0.0 ni, 77.8 id,  0.0 wa,  0.0 hi,  1.1 si,  0.1 st
%Cpu(s): 11.3 us,  6.9 sy,  0.0 ni, 80.8 id,  0.0 wa,  0.0 hi,  0.9 si,  0.0 st
%Cpu(s): 13.1 us,  6.1 sy,  0.0 ni, 80.1 id,  0.0 wa,  0.0 hi,  0.7 si,  0.0 st
%Cpu(s): 12.1 us,  6.1 sy,  0.0 ni, 80.8 id,  0.0 wa,  0.0 hi,  0.9 si,  0.0 st
%Cpu(s): 14.2 us,  6.1 sy,  0.0 ni, 78.7 id,  0.0 wa,  0.0 hi,  0.9 si,  0.1 st
%Cpu(s): 13.1 us,  5.4 sy,  0.0 ni, 80.4 id,  0.0 wa,  0.0 hi,  1.0 si,  0.1 st
%Cpu(s): 12.7 us,  5.5 sy,  0.0 ni, 80.8 id,  0.0 wa,  0.0 hi,  1.0 si,  0.0 st
%Cpu(s): 14.9 us,  6.2 sy,  0.0 ni, 78.0 id,  0.0 wa,  0.0 hi,  0.9 si,  0.0 st
%Cpu(s): 14.5 us,  6.3 sy,  0.0 ni, 78.6 id,  0.0 wa,  0.0 hi,  0.6 si,  0.0 st
%Cpu(s): 12.1 us,  6.0 sy,  0.0 ni, 81.6 id,  0.0 wa,  0.0 hi,  0.4 si,  0.0 st
%Cpu(s): 12.3 us,  6.3 sy,  0.0 ni, 80.9 id,  0.0 wa,  0.0 hi,  0.4 si,  0.1 st
%Cpu(s): 11.7 us,  6.2 sy,  0.0 ni, 81.2 id,  0.0 wa,  0.0 hi,  0.8 si,  0.1 st
%Cpu(s): 12.9 us,  5.5 sy,  0.0 ni, 81.0 id,  0.0 wa,  0.0 hi,  0.4 si,  0.1 st
%Cpu(s): 11.0 us,  6.7 sy,  0.0 ni, 81.8 id,  0.0 wa,  0.0 hi,  0.6 si,  0.0 st
