%Cpu(s):  1.5 us,  0.3 sy,  0.0 ni, 98.3 id,  0.0 wa,  0.0 hi,  0.0 si,  0.0 st
%Cpu(s): 52.4 us,  3.0 sy,  0.0 ni, 44.4 id,  0.0 wa,  0.0 hi,  0.1 si,  0.1 st
%Cpu(s): 91.4 us,  3.9 sy,  0.0 ni,  4.6 id,  0.0 wa,  0.0 hi,  0.1 si,  0.1 st
%Cpu(s): 92.4 us,  2.9 sy,  0.0 ni,  4.6 id,  0.0 wa,  0.0 hi,  0.1 si,  0.1 st
%Cpu(s): 83.8 us,  4.0 sy,  0.0 ni, 12.2 id,  0.0 wa,  0.0 hi,  0.0 si,  0.0 st
%Cpu(s): 70.8 us,  1.9 sy,  0.0 ni, 27.2 id,  0.0 wa,  0.0 hi,  0.1 si,  0.0 st
%Cpu(s): 69.9 us,  2.6 sy,  0.0 ni, 27.4 id,  0.0 wa,  0.0 hi,  0.1 si,  0.0 st
%Cpu(s): 75.3 us,  3.3 sy,  0.0 ni, 21.3 id,  0.0 wa,  0.0 hi,  0.1 si,  0.1 st
%Cpu(s): 62.9 us,  4.0 sy,  0.0 ni, 33.0 id,  0.0 wa,  0.0 hi,  0.1 si,  0.1 st
%Cpu(s): 53.0 us,  2.7 sy,  0.0 ni, 44.2 id,  0.0 wa,  0.0 hi,  0.1 si,  0.0 st
%Cpu(s): 60.1 us,  2.3 sy,  0.0 ni, 37.5 id,  0.0 wa,  0.0 hi,  0.1 si,  0.0 st
%Cpu(s): 76.4 us,  3.4 sy,  0.0 ni, 20.2 id,  0.0 wa,  0.0 hi,  0.0 si,  0.1 st
%Cpu(s): 80.6 us,  3.1 sy,  0.0 ni, 16.2 id,  0.0 wa,  0.0 hi,  0.2 si,  0.0 st
%Cpu(s): 30.5 us,  1.6 sy,  0.0 ni, 67.7 id,  0.0 wa,  0.0 hi,  0.1 si,  0.1 st
%Cpu(s):  8.8 us,  1.8 sy,  0.0 ni, 89.3 id,  0.0 wa,  0.0 hi,  0.0 si,  0.1 st
%Cpu(s): 31.2 us,  3.0 sy,  0.0 ni, 65.6 id,  0.0 wa,  0.0 hi,  0.2 si,  0.1 st
%Cpu(s): 44.3 us,  3.1 sy,  0.0 ni, 52.0 id,  0.0 wa,  0.0 hi,  0.6 si,  0.0 st
%Cpu(s): 47.4 us,  3.4 sy,  0.0 ni, 48.8 id,  0.0 wa,  0.0 hi,  0.4 si,  0.1 st
%Cpu(s): 87.7 us,  5.0 sy,  0.0 ni,  6.4 id,  0.0 wa,  0.0 hi,  0.9 si,  0.0 st
%Cpu(s): 82.4 us,  4.8 sy,  0.0 ni, 11.8 id,  0.0 wa,  0.0 hi,  0.9 si,  0.1 st
%Cpu(s): 69.2 us,  5.0 sy,  0.0 ni, 24.8 id,  0.0 wa,  0.0 hi,  1.0 si,  0.0 st
%Cpu(s): 72.9 us,  6.3 sy,  0.0 ni, 19.6 id,  0.0 wa,  0.0 hi,  1.3 si,  0.0 st
%Cpu(s): 90.5 us,  6.9 sy,  0.0 ni,  1.4 id,  0.0 wa,  0.0 hi,  1.2 si,  0.0 st
%Cpu(s): 91.8 us,  6.4 sy,  0.0 ni,  0.6 id,  0.0 wa,  0.0 hi,  1.2 si,  0.0 st
%Cpu(s): 92.3 us,  6.2 sy,  0.0 ni,  0.4 id,  0.0 wa,  0.0 hi,  1.1 si,  0.0 st
%Cpu(s): 92.1 us,  6.4 sy,  0.0 ni,  0.1 id,  0.0 wa,  0.0 hi,  1.3 si,  0.0 st
%Cpu(s): 89.3 us,  6.5 sy,  0.0 ni,  2.5 id,  0.0 wa,  0.0 hi,  1.7 si,  0.0 st
%Cpu(s): 30.3 us,  4.7 sy,  0.0 ni, 64.0 id,  0.0 wa,  0.0 hi,  1.0 si,  0.0 st
%Cpu(s): 26.8 us,  5.5 sy,  0.0 ni, 66.7 id,  0.0 wa,  0.0 hi,  1.0 si,  0.0 st
%Cpu(s): 25.5 us,  4.8 sy,  0.0 ni, 68.7 id,  0.0 wa,  0.0 hi,  1.0 si,  0.0 st
%Cpu(s): 16.0 us,  5.3 sy,  0.0 ni, 77.7 id,  0.0 wa,  0.0 hi,  0.9 si,  0.0 st
%Cpu(s):  9.5 us,  5.4 sy,  0.0 ni, 84.0 id,  0.0 wa,  0.0 hi,  1.1 si,  0.1 st
%Cpu(s): 10.1 us,  5.5 sy,  0.0 ni, 83.4 id,  0.0 wa,  0.0 hi,  0.9 si,  0.1 st
%Cpu(s): 10.3 us,  4.6 sy,  0.0 ni, 83.9 id,  0.0 wa,  0.0 hi,  1.1 si,  0.1 st
%Cpu(s): 15.8 us,  5.8 sy,  0.0 ni, 77.6 id,  0.0 wa,  0.0 hi,  0.8 si,  0.1 st
%Cpu(s): 11.0 us,  4.8 sy,  0.0 ni, 83.4 id,  0.0 wa,  0.0 hi,  0.9 si,  0.0 st
%Cpu(s):  8.7 us,  4.7 sy,  0.0 ni, 85.8 id,  0.0 wa,  0.0 hi,  0.8 si,  0.0 st
%Cpu(s):  8.5 us,  4.8 sy,  0.0 ni, 85.4 id,  0.1 wa,  0.0 hi,  1.1 si,  0.1 st
%Cpu(s): 13.8 us,  4.8 sy,  0.0 ni, 80.6 id,  0.0 wa,  0.0 hi,  0.8 si,  0.0 st
%Cpu(s):  9.4 us,  5.5 sy,  0.0 ni, 84.4 id,  0.0 wa,  0.0 hi,  0.6 si,  0.1 st
%Cpu(s): 10.6 us,  4.5 sy,  0.0 ni, 83.7 id,  0.0 wa,  0.0 hi,  1.2 si,  0.1 st
%Cpu(s):  9.1 us,  4.5 sy,  0.0 ni, 85.2 id,  0.0 wa,  0.0 hi,  1.2 si,  0.0 st
%Cpu(s):  9.5 us,  5.9 sy,  0.0 ni, 83.8 id,  0.0 wa,  0.0 hi,  0.7 si,  0.0 st
%Cpu(s): 13.4 us,  5.3 sy,  0.0 ni, 80.4 id,  0.0 wa,  0.0 hi,  1.0 si,  0.0 st
%Cpu(s): 18.0 us,  5.2 sy,  0.0 ni, 76.0 id,  0.0 wa,  0.0 hi,  0.9 si,  0.0 st
%Cpu(s): 10.3 us,  5.1 sy,  0.0 ni, 83.6 id,  0.0 wa,  0.0 hi,  0.9 si,  0.1 st
%Cpu(s): 13.0 us,  5.2 sy,  0.0 ni, 80.9 id,  0.0 wa,  0.0 hi,  0.8 si,  0.1 st
%Cpu(s): 16.7 us,  5.8 sy,  0.0 ni, 76.6 id,  0.1 wa,  0.0 hi,  0.8 si,  0.0 st
%Cpu(s): 23.0 us,  4.5 sy,  0.0 ni, 71.3 id,  0.0 wa,  0.0 hi,  0.8 si,  0.4 st
%Cpu(s): 10.6 us,  5.0 sy,  0.0 ni, 83.4 id,  0.0 wa,  0.0 hi,  0.8 si,  0.1 st
%Cpu(s): 10.4 us,  5.3 sy,  0.0 ni, 83.4 id,  0.0 wa,  0.0 hi,  0.8 si,  0.1 st
%Cpu(s): 10.3 us,  4.7 sy,  0.0 ni, 84.1 id,  0.0 wa,  0.0 hi,  0.9 si,  0.0 st
%Cpu(s): 20.5 us,  4.6 sy,  0.0 ni, 74.0 id,  0.0 wa,  0.0 hi,  0.8 si,  0.0 st
%Cpu(s): 22.5 us,  5.6 sy,  0.0 ni, 70.4 id,  0.0 wa,  0.0 hi,  1.4 si,  0.1 st
%Cpu(s): 11.2 us,  5.2 sy,  0.0 ni, 83.0 id,  0.0 wa,  0.0 hi,  0.6 si,  0.0 st
%Cpu(s):  9.6 us,  5.4 sy,  0.0 ni, 84.2 id,  0.0 wa,  0.0 hi,  0.9 si,  0.0 st
%Cpu(s): 11.3 us,  4.9 sy,  0.0 ni, 82.6 id,  0.0 wa,  0.0 hi,  1.1 si,  0.1 st
%Cpu(s): 13.7 us,  5.8 sy,  0.0 ni, 79.7 id,  0.0 wa,  0.0 hi,  0.7 si,  0.1 st
%Cpu(s): 12.0 us,  4.8 sy,  0.0 ni, 82.2 id,  0.0 wa,  0.0 hi,  1.0 si,  0.0 st
%Cpu(s):  9.9 us,  5.0 sy,  0.0 ni, 84.3 id,  0.0 wa,  0.0 hi,  0.8 si,  0.0 st
%Cpu(s):  9.4 us,  5.1 sy,  0.0 ni, 84.9 id,  0.0 wa,  0.0 hi,  0.6 si,  0.0 st
%Cpu(s): 10.4 us,  5.7 sy,  0.0 ni, 83.2 id,  0.0 wa,  0.0 hi,  0.8 si,  0.0 st
%Cpu(s):  8.8 us,  5.2 sy,  0.0 ni, 85.0 id,  0.1 wa,  0.0 hi,  0.8 si,  0.1 st
%Cpu(s):  9.4 us,  4.7 sy,  0.0 ni, 84.7 id,  0.0 wa,  0.0 hi,  1.2 si,  0.0 st
%Cpu(s):  8.8 us,  4.9 sy,  0.0 ni, 85.5 id,  0.0 wa,  0.0 hi,  0.9 si,  0.0 st
%Cpu(s):  9.2 us,  5.8 sy,  0.0 ni, 84.0 id,  0.0 wa,  0.0 hi,  1.0 si,  0.0 st
%Cpu(s):  8.5 us,  5.1 sy,  0.0 ni, 85.9 id,  0.0 wa,  0.0 hi,  0.6 si,  0.0 st
%Cpu(s): 10.0 us,  5.0 sy,  0.0 ni, 84.0 id,  0.0 wa,  0.0 hi,  1.0 si,  0.0 st
%Cpu(s):  8.3 us,  5.5 sy,  0.0 ni, 85.3 id,  0.0 wa,  0.0 hi,  0.9 si,  0.0 st
%Cpu(s):  9.7 us,  5.2 sy,  0.0 ni, 84.0 id,  0.1 wa,  0.0 hi,  0.9 si,  0.2 st
%Cpu(s):  8.4 us,  6.0 sy,  0.0 ni, 85.0 id,  0.0 wa,  0.0 hi,  0.6 si,  0.0 st
%Cpu(s): 10.2 us,  5.7 sy,  0.0 ni, 83.6 id,  0.0 wa,  0.0 hi,  0.6 si,  0.0 st
%Cpu(s): 11.8 us,  5.5 sy,  0.0 ni, 82.1 id,  0.0 wa,  0.0 hi,  0.4 si,  0.2 st
%Cpu(s): 14.0 us,  5.6 sy,  0.0 ni, 79.3 id,  0.0 wa,  0.0 hi,  1.1 si,  0.0 st
%Cpu(s): 14.9 us,  5.5 sy,  0.0 ni, 78.8 id,  0.0 wa,  0.0 hi,  0.8 si,  0.0 st
%Cpu(s): 12.2 us,  5.5 sy,  0.0 ni, 81.2 id,  0.0 wa,  0.0 hi,  1.0 si,  0.1 st
