%Cpu(s):  2.5 us,  0.8 sy,  0.0 ni, 96.7 id,  0.0 wa,  0.0 hi,  0.1 si,  0.0 st
%Cpu(s):  0.7 us,  0.4 sy,  0.0 ni, 98.8 id,  0.0 wa,  0.0 hi,  0.0 si,  0.0 st
%Cpu(s): 43.1 us,  3.9 sy,  0.0 ni, 52.8 id,  0.0 wa,  0.0 hi,  0.1 si,  0.1 st
%Cpu(s): 44.4 us,  2.5 sy,  0.0 ni, 52.9 id,  0.0 wa,  0.0 hi,  0.0 si,  0.1 st
%Cpu(s): 68.6 us,  2.4 sy,  0.0 ni, 28.9 id,  0.0 wa,  0.0 hi,  0.1 si,  0.1 st
%Cpu(s): 77.7 us,  2.9 sy,  0.0 ni, 19.4 id,  0.0 wa,  0.0 hi,  0.0 si,  0.0 st
%Cpu(s): 34.4 us,  1.3 sy,  0.0 ni, 64.1 id,  0.0 wa,  0.0 hi,  0.1 si,  0.1 st
%Cpu(s):  6.9 us,  1.0 sy,  0.0 ni, 91.9 id,  0.1 wa,  0.0 hi,  0.1 si,  0.1 st
%Cpu(s):  1.1 us,  0.4 sy,  0.0 ni, 98.6 id,  0.0 wa,  0.0 hi,  0.0 si,  0.0 st
%Cpu(s):  1.0 us,  0.4 sy,  0.0 ni, 98.5 id,  0.0 wa,  0.0 hi,  0.0 si,  0.1 st
%Cpu(s):  1.2 us,  0.6 sy,  0.0 ni, 98.2 id,  0.0 wa,  0.0 hi,  0.0 si,  0.0 st
%Cpu(s):  0.9 us,  0.9 sy,  0.0 ni, 98.1 id,  0.0 wa,  0.0 hi,  0.0 si,  0.1 st
%Cpu(s):  0.8 us,  0.4 sy,  0.0 ni, 98.9 id,  0.0 wa,  0.0 hi,  0.0 si,  0.0 st
%Cpu(s):  0.6 us,  0.4 sy,  0.0 ni, 99.0 id,  0.0 wa,  0.0 hi,  0.0 si,  0.0 st
%Cpu(s):  4.4 us,  0.7 sy,  0.0 ni, 94.9 id,  0.0 wa,  0.0 hi,  0.0 si,  0.0 st
%Cpu(s): 30.5 us,  2.4 sy,  0.0 ni, 66.8 id,  0.0 wa,  0.0 hi,  0.3 si,  0.1 st
%Cpu(s): 61.0 us,  4.1 sy,  0.0 ni, 34.1 id,  0.0 wa,  0.0 hi,  0.9 si,  0.0 st
%Cpu(s): 87.6 us,  5.3 sy,  0.0 ni,  5.5 id,  0.0 wa,  0.0 hi,  1.6 si,  0.0 st
%Cpu(s): 70.8 us,  5.3 sy,  0.0 ni, 22.5 id,  0.0 wa,  0.0 hi,  1.3 si,  0.1 st
%Cpu(s): 53.9 us,  4.7 sy,  0.0 ni, 40.2 id,  0.0 wa,  0.0 hi,  1.1 si,  0.0 st
%Cpu(s): 49.6 us,  4.5 sy,  0.0 ni, 44.7 id,  0.0 wa,  0.0 hi,  1.2 si,  0.1 st
%Cpu(s): 20.0 us,  4.4 sy,  0.0 ni, 75.0 id,  0.0 wa,  0.0 hi,  0.4 si,  0.1 st
%Cpu(s): 12.4 us,  4.6 sy,  0.0 ni, 82.5 id,  0.1 wa,  0.0 hi,  0.4 si,  0.0 st
%Cpu(s): 19.7 us,  4.6 sy,  0.0 ni, 75.2 id,  0.0 wa,  0.0 hi,  0.5 si,  0.0 st
%Cpu(s): 17.9 us,  3.5 sy,  0.0 ni, 78.1 id,  0.0 wa,  0.0 hi,  0.6 si,  0.0 st
%Cpu(s):  6.6 us,  4.2 sy,  0.0 ni, 88.9 id,  0.0 wa,  0.0 hi,  0.3 si,  0.1 st
%Cpu(s):  8.6 us,  4.5 sy,  0.0 ni, 86.7 id,  0.0 wa,  0.0 hi,  0.3 si,  0.0 st
%Cpu(s):  6.6 us,  4.0 sy,  0.0 ni, 89.0 id,  0.0 wa,  0.0 hi,  0.3 si,  0.0 st
%Cpu(s):  5.6 us,  3.5 sy,  0.0 ni, 90.6 id,  0.0 wa,  0.0 hi,  0.3 si,  0.0 st
%Cpu(s):  6.8 us,  3.5 sy,  0.0 ni, 89.2 id,  0.0 wa,  0.0 hi,  0.4 si,  0.1 st
%Cpu(s):  6.9 us,  3.8 sy,  0.0 ni, 88.8 id,  0.0 wa,  0.0 hi,  0.4 si,  0.0 st
%Cpu(s):  6.7 us,  3.6 sy,  0.0 ni, 89.6 id,  0.0 wa,  0.0 hi,  0.1 si,  0.0 st
%Cpu(s):  6.6 us,  3.6 sy,  0.0 ni, 89.5 id,  0.0 wa,  0.0 hi,  0.4 si,  0.0 st
%Cpu(s):  6.0 us,  3.6 sy,  0.0 ni, 90.0 id,  0.0 wa,  0.0 hi,  0.3 si,  0.0 st
%Cpu(s):  7.8 us,  3.6 sy,  0.0 ni, 88.3 id,  0.0 wa,  0.0 hi,  0.3 si,  0.1 st
%Cpu(s):  9.3 us,  3.6 sy,  0.0 ni, 86.6 id,  0.0 wa,  0.0 hi,  0.4 si,  0.0 st
%Cpu(s):  7.4 us,  3.7 sy,  0.0 ni, 88.4 id,  0.0 wa,  0.0 hi,  0.4 si,  0.1 st
%Cpu(s): 10.5 us,  3.3 sy,  0.0 ni, 85.8 id,  0.0 wa,  0.0 hi,  0.3 si,  0.1 st
%Cpu(s): 10.0 us,  4.2 sy,  0.0 ni, 85.4 id,  0.0 wa,  0.0 hi,  0.4 si,  0.0 st
%Cpu(s):  6.7 us,  3.8 sy,  0.0 ni, 88.8 id,  0.0 wa,  0.0 hi,  0.6 si,  0.0 st
%Cpu(s): 20.9 us,  3.4 sy,  0.0 ni, 75.4 id,  0.1 wa,  0.0 hi,  0.2 si,  0.1 st
%Cpu(s): 21.6 us,  3.3 sy,  0.0 ni, 74.7 id,  0.0 wa,  0.0 hi,  0.4 si,  0.0 st
%Cpu(s):  7.9 us,  3.8 sy,  0.0 ni, 88.1 id,  0.0 wa,  0.0 hi,  0.3 si,  0.0 st
%Cpu(s):  5.1 us,  3.8 sy,  0.0 ni, 90.7 id,  0.0 wa,  0.0 hi,  0.3 si,  0.1 st
%Cpu(s):  7.6 us,  4.1 sy,  0.0 ni, 88.1 id,  0.0 wa,  0.0 hi,  0.3 si,  0.1 st
%Cpu(s):  6.3 us,  3.8 sy,  0.0 ni, 89.8 id,  0.0 wa,  0.0 hi,  0.2 si,  0.0 st
%Cpu(s):  6.0 us,  3.5 sy,  0.0 ni, 90.4 id,  0.0 wa,  0.0 hi,  0.1 si,  0.0 st
%Cpu(s): 12.5 us,  3.7 sy,  0.0 ni, 83.3 id,  0.1 wa,  0.0 hi,  0.4 si,  0.0 st
%Cpu(s):  7.3 us,  4.1 sy,  0.0 ni, 88.3 id,  0.0 wa,  0.0 hi,  0.3 si,  0.0 st
%Cpu(s): 11.0 us,  3.8 sy,  0.0 ni, 84.7 id,  0.0 wa,  0.0 hi,  0.4 si,  0.1 st
%Cpu(s):  8.0 us,  3.9 sy,  0.0 ni, 87.5 id,  0.0 wa,  0.0 hi,  0.6 si,  0.0 st
%Cpu(s):  7.2 us,  4.3 sy,  0.0 ni, 88.2 id,  0.0 wa,  0.0 hi,  0.2 si,  0.1 st
%Cpu(s):  6.4 us,  4.1 sy,  0.0 ni, 89.2 id,  0.0 wa,  0.0 hi,  0.3 si,  0.0 st
%Cpu(s):  5.4 us,  3.7 sy,  0.0 ni, 90.7 id,  0.0 wa,  0.0 hi,  0.3 si,  0.0 st
%Cpu(s):  6.8 us,  3.7 sy,  0.0 ni, 89.1 id,  0.0 wa,  0.0 hi,  0.4 si,  0.0 st
%Cpu(s):  5.8 us,  4.1 sy,  0.0 ni, 89.8 id,  0.0 wa,  0.0 hi,  0.3 si,  0.1 st
%Cpu(s):  5.7 us,  3.4 sy,  0.0 ni, 90.6 id,  0.0 wa,  0.0 hi,  0.3 si,  0.1 st
%Cpu(s):  6.3 us,  3.7 sy,  0.0 ni, 89.7 id,  0.0 wa,  0.0 hi,  0.3 si,  0.0 st
%Cpu(s):  4.6 us,  3.5 sy,  0.0 ni, 91.7 id,  0.0 wa,  0.0 hi,  0.3 si,  0.0 st
%Cpu(s):  5.6 us,  3.9 sy,  0.0 ni, 90.1 id,  0.0 wa,  0.0 hi,  0.4 si,  0.0 st
%Cpu(s):  4.9 us,  3.7 sy,  0.0 ni, 91.2 id,  0.0 wa,  0.0 hi,  0.2 si,  0.0 st
%Cpu(s):  5.6 us,  3.3 sy,  0.0 ni, 90.7 id,  0.0 wa,  0.0 hi,  0.4 si,  0.1 st
%Cpu(s):  5.6 us,  4.1 sy,  0.0 ni, 90.1 id,  0.0 wa,  0.0 hi,  0.3 si,  0.0 st
%Cpu(s):  5.4 us,  3.5 sy,  0.0 ni, 91.1 id,  0.0 wa,  0.0 hi,  0.1 si,  0.0 st
%Cpu(s):  6.0 us,  4.1 sy,  0.0 ni, 89.5 id,  0.0 wa,  0.0 hi,  0.3 si,  0.0 st
%Cpu(s):  5.2 us,  3.4 sy,  0.0 ni, 91.0 id,  0.0 wa,  0.0 hi,  0.3 si,  0.0 st
%Cpu(s): 12.2 us,  3.7 sy,  0.0 ni, 83.5 id,  0.0 wa,  0.0 hi,  0.6 si,  0.0 st
%Cpu(s): 19.2 us,  3.7 sy,  0.0 ni, 76.6 id,  0.1 wa,  0.0 hi,  0.4 si,  0.0 st
%Cpu(s):  7.9 us,  3.1 sy,  0.0 ni, 88.7 id,  0.0 wa,  0.0 hi,  0.3 si,  0.0 st
%Cpu(s):  6.3 us,  3.6 sy,  0.0 ni, 89.7 id,  0.0 wa,  0.0 hi,  0.3 si,  0.1 st
%Cpu(s):  6.1 us,  3.4 sy,  0.0 ni, 90.1 id,  0.0 wa,  0.0 hi,  0.3 si,  0.1 st
%Cpu(s):  7.4 us,  4.0 sy,  0.0 ni, 88.2 id,  0.0 wa,  0.0 hi,  0.4 si,  0.0 st
%Cpu(s):  7.4 us,  4.7 sy,  0.0 ni, 87.5 id,  0.1 wa,  0.0 hi,  0.3 si,  0.0 st
%Cpu(s):  6.0 us,  3.9 sy,  0.0 ni, 89.9 id,  0.0 wa,  0.0 hi,  0.3 si,  0.0 st
%Cpu(s):  6.9 us,  4.4 sy,  0.0 ni, 88.2 id,  0.0 wa,  0.0 hi,  0.4 si,  0.1 st
%Cpu(s):  8.3 us,  4.3 sy,  0.0 ni, 86.9 id,  0.0 wa,  0.0 hi,  0.4 si,  0.0 st
