%Cpu(s):  3.3 us,  0.8 sy,  0.0 ni, 95.9 id,  0.0 wa,  0.0 hi,  0.1 si,  0.0 st
%Cpu(s):  0.7 us,  0.1 sy,  0.0 ni, 99.3 id,  0.0 wa,  0.0 hi,  0.0 si,  0.0 st
%Cpu(s): 28.9 us,  4.0 sy,  0.0 ni, 67.0 id,  0.0 wa,  0.0 hi,  0.0 si,  0.1 st
%Cpu(s): 85.1 us,  4.0 sy,  0.0 ni, 10.8 id,  0.0 wa,  0.0 hi,  0.0 si,  0.1 st
%Cpu(s): 71.9 us,  3.3 sy,  0.0 ni, 24.8 id,  0.0 wa,  0.0 hi,  0.0 si,  0.0 st
%Cpu(s): 91.0 us,  3.2 sy,  0.0 ni,  5.8 id,  0.0 wa,  0.0 hi,  0.0 si,  0.0 st
%Cpu(s): 95.0 us,  3.2 sy,  0.0 ni,  1.8 id,  0.0 wa,  0.0 hi,  0.1 si,  0.0 st
%Cpu(s): 96.7 us,  2.7 sy,  0.0 ni,  0.6 id,  0.0 wa,  0.0 hi,  0.1 si,  0.0 st
%Cpu(s): 96.3 us,  3.2 sy,  0.0 ni,  0.4 id,  0.0 wa,  0.0 hi,  0.1 si,  0.0 st
%Cpu(s): 88.6 us,  2.7 sy,  0.0 ni,  8.4 id,  0.0 wa,  0.0 hi,  0.2 si,  0.1 st
%Cpu(s): 31.6 us,  0.9 sy,  0.0 ni, 67.4 id,  0.0 wa,  0.0 hi,  0.1 si,  0.1 st
%Cpu(s): 29.7 us,  1.6 sy,  0.0 ni, 68.7 id,  0.0 wa,  0.0 hi,  0.0 si,  0.0 st
%Cpu(s): 29.8 us,  1.5 sy,  0.0 ni, 68.6 id,  0.0 wa,  0.0 hi,  0.0 si,  0.0 st
%Cpu(s): 19.4 us,  1.9 sy,  0.0 ni, 78.7 id,  0.0 wa,  0.0 hi,  0.0 si,  0.0 st
%Cpu(s):  7.3 us,  2.0 sy,  0.0 ni, 90.7 id,  0.0 wa,  0.0 hi,  0.0 si,  0.0 st
%Cpu(s):  6.7 us,  2.4 sy,  0.0 ni, 90.9 id,  0.0 wa,  0.0 hi,  0.0 si,  0.1 st
%Cpu(s):  5.7 us,  2.9 sy,  0.0 ni, 91.3 id,  0.0 wa,  0.0 hi,  0.0 si,  0.1 st
%Cpu(s):  6.4 us,  2.2 sy,  0.0 ni, 91.3 id,  0.0 wa,  0.0 hi,  0.1 si,  0.1 st
%Cpu(s):  3.9 us,  2.9 sy,  0.0 ni, 93.2 id,  0.0 wa,  0.0 hi,  0.0 si,  0.0 st
%Cpu(s): 20.9 us,  2.5 sy,  0.0 ni, 76.5 id,  0.0 wa,  0.0 hi,  0.1 si,  0.1 st
%Cpu(s): 86.3 us,  5.5 sy,  0.0 ni,  7.3 id,  0.0 wa,  0.0 hi,  1.0 si,  0.0 st
%Cpu(s): 87.9 us,  6.7 sy,  0.0 ni,  4.0 id,  0.0 wa,  0.0 hi,  1.4 si,  0.0 st
%Cpu(s): 87.0 us,  8.1 sy,  0.0 ni,  3.5 id,  0.0 wa,  0.0 hi,  1.4 si,  0.0 st
%Cpu(s): 89.9 us,  8.0 sy,  0.0 ni,  0.9 id,  0.0 wa,  0.0 hi,  1.3 si,  0.0 st
%Cpu(s): 90.7 us,  7.0 sy,  0.0 ni,  1.1 id,  0.0 wa,  0.0 hi,  1.2 si,  0.0 st
%Cpu(s): 89.6 us,  8.6 sy,  0.0 ni,  0.1 id,  0.0 wa,  0.0 hi,  1.7 si,  0.0 st
%Cpu(s): 89.6 us,  9.0 sy,  0.0 ni,  0.1 id,  0.0 wa,  0.0 hi,  1.3 si,  0.0 st
%Cpu(s): 89.9 us,  8.7 sy,  0.0 ni,  0.0 id,  0.0 wa,  0.0 hi,  1.4 si,  0.0 st
%Cpu(s): 89.9 us,  8.5 sy,  0.0 ni,  0.1 id,  0.0 wa,  0.0 hi,  1.5 si,  0.0 st
%Cpu(s): 90.6 us,  7.6 sy,  0.0 ni,  0.2 id,  0.0 wa,  0.0 hi,  1.6 si,  0.0 st
%Cpu(s): 90.5 us,  7.9 sy,  0.0 ni,  0.1 id,  0.0 wa,  0.0 hi,  1.4 si,  0.0 st
%Cpu(s): 62.4 us,  7.0 sy,  0.0 ni, 28.9 id,  0.0 wa,  0.0 hi,  1.7 si,  0.0 st
%Cpu(s): 18.5 us,  6.4 sy,  0.0 ni, 74.1 id,  0.0 wa,  0.0 hi,  0.9 si,  0.1 st
%Cpu(s): 12.6 us,  5.9 sy,  0.0 ni, 80.4 id,  0.1 wa,  0.0 hi,  1.0 si,  0.0 st
%Cpu(s): 16.0 us,  6.0 sy,  0.0 ni, 77.1 id,  0.0 wa,  0.0 hi,  0.9 si,  0.1 st
%Cpu(s): 13.0 us,  6.0 sy,  0.0 ni, 80.1 id,  0.0 wa,  0.0 hi,  1.0 si,  0.0 st
%Cpu(s): 14.3 us,  5.2 sy,  0.0 ni, 79.5 id,  0.0 wa,  0.0 hi,  0.9 si,  0.1 st
%Cpu(s): 13.3 us,  5.6 sy,  0.0 ni, 80.4 id,  0.0 wa,  0.0 hi,  0.7 si,  0.0 st
%Cpu(s): 11.5 us,  6.2 sy,  0.0 ni, 81.4 id,  0.0 wa,  0.0 hi,  0.8 si,  0.0 st
%Cpu(s): 15.2 us,  5.9 sy,  0.0 ni, 77.9 id,  0.0 wa,  0.0 hi,  0.9 si,  0.1 st
%Cpu(s): 13.7 us,  6.4 sy,  0.0 ni, 79.4 id,  0.0 wa,  0.0 hi,  0.5 si,  0.0 st
%Cpu(s): 10.0 us,  6.1 sy,  0.0 ni, 82.9 id,  0.0 wa,  0.0 hi,  1.0 si,  0.0 st
%Cpu(s): 12.8 us,  5.7 sy,  0.0 ni, 80.8 id,  0.0 wa,  0.0 hi,  0.6 si,  0.0 st
%Cpu(s): 12.5 us,  5.7 sy,  0.0 ni, 80.9 id,  0.0 wa,  0.0 hi,  0.8 si,  0.1 st
%Cpu(s): 13.1 us,  6.2 sy,  0.0 ni, 79.7 id,  0.0 wa,  0.0 hi,  1.0 si,  0.0 st
%Cpu(s): 12.1 us,  6.1 sy,  0.0 ni, 81.2 id,  0.0 wa,  0.0 hi,  0.4 si,  0.1 st
%Cpu(s): 12.8 us,  6.4 sy,  0.0 ni, 80.5 id,  0.0 wa,  0.0 hi,  0.4 si,  0.0 st
%Cpu(s): 12.8 us,  5.4 sy,  0.0 ni, 81.1 id,  0.0 wa,  0.0 hi,  0.8 si,  0.0 st
%Cpu(s): 13.0 us,  6.3 sy,  0.0 ni, 79.7 id,  0.0 wa,  0.0 hi,  1.0 si,  0.1 st
%Cpu(s): 14.2 us,  5.4 sy,  0.0 ni, 79.2 id,  0.0 wa,  0.0 hi,  1.2 si,  0.0 st
%Cpu(s): 19.4 us,  6.0 sy,  0.0 ni, 73.2 id,  0.0 wa,  0.0 hi,  1.3 si,  0.1 st
%Cpu(s): 16.3 us,  5.6 sy,  0.0 ni, 77.7 id,  0.0 wa,  0.0 hi,  0.5 si,  0.0 st
%Cpu(s): 12.3 us,  6.2 sy,  0.0 ni, 80.8 id,  0.1 wa,  0.0 hi,  0.5 si,  0.0 st
%Cpu(s): 11.2 us,  6.1 sy,  0.0 ni, 81.8 id,  0.1 wa,  0.0 hi,  0.8 si,  0.1 st
%Cpu(s): 12.3 us,  6.8 sy,  0.0 ni, 80.0 id,  0.0 wa,  0.0 hi,  0.9 si,  0.1 st
%Cpu(s): 24.4 us,  6.9 sy,  0.0 ni, 67.8 id,  0.0 wa,  0.0 hi,  0.9 si,  0.0 st
%Cpu(s): 23.1 us,  5.4 sy,  0.0 ni, 70.4 id,  0.0 wa,  0.0 hi,  1.1 si,  0.0 st
%Cpu(s): 14.7 us,  6.3 sy,  0.0 ni, 78.1 id,  0.0 wa,  0.0 hi,  0.9 si,  0.0 st
%Cpu(s): 15.1 us,  6.3 sy,  0.0 ni, 77.9 id,  0.0 wa,  0.0 hi,  0.8 si,  0.0 st
%Cpu(s): 16.7 us,  5.6 sy,  0.0 ni, 76.6 id,  0.0 wa,  0.0 hi,  1.0 si,  0.1 st
%Cpu(s): 13.3 us,  6.0 sy,  0.0 ni, 79.5 id,  0.0 wa,  0.0 hi,  1.2 si,  0.1 st
%Cpu(s): 11.2 us,  6.0 sy,  0.0 ni, 82.0 id,  0.0 wa,  0.0 hi,  0.8 si,  0.0 st
%Cpu(s): 12.1 us,  6.1 sy,  0.0 ni, 81.0 id,  0.0 wa,  0.0 hi,  0.8 si,  0.1 st
%Cpu(s): 11.3 us,  5.4 sy,  0.0 ni, 82.2 id,  0.0 wa,  0.0 hi,  1.1 si,  0.0 st
%Cpu(s): 11.5 us,  5.4 sy,  0.0 ni, 82.4 id,  0.0 wa,  0.0 hi,  0.7 si,  0.0 st
%Cpu(s): 12.1 us,  5.9 sy,  0.0 ni, 81.1 id,  0.0 wa,  0.0 hi,  0.9 si,  0.1 st
%Cpu(s): 11.2 us,  6.1 sy,  0.0 ni, 82.1 id,  0.0 wa,  0.0 hi,  0.6 si,  0.0 st
%Cpu(s): 12.0 us,  6.9 sy,  0.0 ni, 80.4 id,  0.0 wa,  0.0 hi,  0.7 si,  0.1 st
%Cpu(s): 12.6 us,  6.5 sy,  0.0 ni, 80.0 id,  0.0 wa,  0.0 hi,  0.9 si,  0.0 st
%Cpu(s): 12.7 us,  6.1 sy,  0.0 ni, 80.4 id,  0.0 wa,  0.0 hi,  0.8 si,  0.0 st
%Cpu(s): 11.6 us,  6.4 sy,  0.0 ni, 80.8 id,  0.0 wa,  0.0 hi,  1.1 si,  0.1 st
%Cpu(s): 12.3 us,  6.0 sy,  0.0 ni, 81.0 id,  0.0 wa,  0.0 hi,  0.7 si,  0.0 st
%Cpu(s): 12.1 us,  6.6 sy,  0.0 ni, 80.6 id,  0.0 wa,  0.0 hi,  0.6 si,  0.0 st
%Cpu(s): 11.8 us,  5.9 sy,  0.0 ni, 81.9 id,  0.1 wa,  0.0 hi,  0.4 si,  0.0 st
%Cpu(s): 11.9 us,  6.3 sy,  0.0 ni, 81.0 id,  0.0 wa,  0.0 hi,  0.6 si,  0.1 st
%Cpu(s): 11.3 us,  5.7 sy,  0.0 ni, 82.3 id,  0.0 wa,  0.0 hi,  0.6 si,  0.1 st
