%Cpu(s):  5.3 us,  0.7 sy,  0.0 ni, 93.8 id,  0.0 wa,  0.0 hi,  0.1 si,  0.0 st
%Cpu(s):  7.1 us,  1.8 sy,  0.0 ni, 91.1 id,  0.0 wa,  0.0 hi,  0.0 si,  0.0 st
%Cpu(s): 84.9 us,  4.9 sy,  0.0 ni, 10.2 id,  0.0 wa,  0.0 hi,  0.0 si,  0.0 st
%Cpu(s): 87.4 us,  1.9 sy,  0.0 ni, 10.6 id,  0.0 wa,  0.0 hi,  0.1 si,  0.0 st
%Cpu(s): 75.5 us,  2.4 sy,  0.0 ni, 22.0 id,  0.0 wa,  0.0 hi,  0.0 si,  0.1 st
%Cpu(s): 90.7 us,  2.5 sy,  0.0 ni,  6.8 id,  0.0 wa,  0.0 hi,  0.0 si,  0.0 st
%Cpu(s): 96.5 us,  2.4 sy,  0.0 ni,  1.0 id,  0.0 wa,  0.0 hi,  0.1 si,  0.0 st
%Cpu(s): 95.6 us,  2.2 sy,  0.0 ni,  2.0 id,  0.0 wa,  0.0 hi,  0.1 si,  0.0 st
%Cpu(s): 96.8 us,  2.6 sy,  0.0 ni,  0.6 id,  0.0 wa,  0.0 hi,  0.0 si,  0.0 st
%Cpu(s): 96.6 us,  3.0 sy,  0.0 ni,  0.2 id,  0.0 wa,  0.0 hi,  0.1 si,  0.0 st
%Cpu(s): 96.0 us,  3.4 sy,  0.0 ni,  0.6 id,  0.0 wa,  0.0 hi,  0.0 si,  0.0 st
%Cpu(s): 91.5 us,  6.9 sy,  0.0 ni,  0.1 id,  0.0 wa,  0.0 hi,  1.5 si,  0.0 st
%Cpu(s): 89.1 us,  9.4 sy,  0.0 ni,  0.1 id,  0.0 wa,  0.0 hi,  1.4 si,  0.0 st
%Cpu(s): 86.8 us, 10.8 sy,  0.0 ni,  0.1 id,  0.0 wa,  0.0 hi,  2.2 si,  0.0 st
%Cpu(s): 87.8 us,  9.7 sy,  0.0 ni,  0.0 id,  0.0 wa,  0.0 hi,  2.5 si,  0.0 st
%Cpu(s): 87.4 us, 10.6 sy,  0.0 ni,  0.1 id,  0.0 wa,  0.0 hi,  1.9 si,  0.0 st
%Cpu(s): 86.7 us, 10.5 sy,  0.0 ni,  0.5 id,  0.0 wa,  0.0 hi,  2.2 si,  0.0 st
%Cpu(s): 88.7 us,  8.7 sy,  0.0 ni,  0.1 id,  0.0 wa,  0.0 hi,  2.5 si,  0.0 st
%Cpu(s): 91.4 us,  6.7 sy,  0.0 ni,  0.0 id,  0.0 wa,  0.0 hi,  1.9 si,  0.0 st
%Cpu(s): 91.1 us,  7.0 sy,  0.0 ni,  0.1 id,  0.0 wa,  0.0 hi,  1.7 si,  0.1 st
%Cpu(s): 86.1 us,  6.8 sy,  0.0 ni,  5.5 id,  0.0 wa,  0.0 hi,  1.6 si,  0.0 st
%Cpu(s): 72.5 us,  6.1 sy,  0.0 ni, 19.3 id,  0.0 wa,  0.0 hi,  2.1 si,  0.0 st
%Cpu(s): 54.1 us,  5.6 sy,  0.0 ni, 38.2 id,  0.0 wa,  0.0 hi,  2.0 si,  0.1 st
%Cpu(s): 32.1 us,  5.8 sy,  0.0 ni, 60.3 id,  0.0 wa,  0.0 hi,  1.6 si,  0.1 st
%Cpu(s): 32.3 us,  6.3 sy,  0.0 ni, 59.7 id,  0.0 wa,  0.0 hi,  1.7 si,  0.0 st
%Cpu(s): 30.2 us,  5.9 sy,  0.0 ni, 62.3 id,  0.0 wa,  0.0 hi,  1.4 si,  0.1 st
%Cpu(s): 31.3 us,  6.8 sy,  0.0 ni, 60.5 id,  0.1 wa,  0.0 hi,  1.3 si,  0.0 st
%Cpu(s): 40.4 us,  7.7 sy,  0.0 ni, 49.6 id,  0.0 wa,  0.0 hi,  2.1 si,  0.3 st
%Cpu(s): 40.9 us,  7.5 sy,  0.0 ni, 49.6 id,  0.0 wa,  0.0 hi,  2.0 si,  0.0 st
%Cpu(s): 46.1 us,  8.2 sy,  0.0 ni, 43.3 id,  0.0 wa,  0.0 hi,  2.3 si,  0.1 st
%Cpu(s): 57.9 us,  8.2 sy,  0.0 ni, 32.0 id,  0.0 wa,  0.0 hi,  1.9 si,  0.0 st
%Cpu(s): 56.5 us,  7.7 sy,  0.0 ni, 33.5 id,  0.0 wa,  0.0 hi,  2.2 si,  0.1 st
%Cpu(s): 51.4 us,  7.7 sy,  0.0 ni, 38.6 id,  0.0 wa,  0.0 hi,  2.2 si,  0.1 st
%Cpu(s): 20.2 us,  7.8 sy,  0.0 ni, 70.3 id,  0.0 wa,  0.0 hi,  1.7 si,  0.0 st
%Cpu(s): 28.2 us,  7.8 sy,  0.0 ni, 62.3 id,  0.0 wa,  0.0 hi,  1.7 si,  0.1 st
%Cpu(s): 33.3 us,  7.2 sy,  0.0 ni, 57.5 id,  0.0 wa,  0.0 hi,  1.9 si,  0.1 st
%Cpu(s): 30.3 us,  8.1 sy,  0.0 ni, 59.2 id,  0.0 wa,  0.0 hi,  2.4 si,  0.0 st
%Cpu(s): 27.4 us,  8.1 sy,  0.0 ni, 61.9 id,  0.0 wa,  0.0 hi,  2.4 si,  0.1 st
%Cpu(s): 19.9 us,  7.9 sy,  0.0 ni, 70.1 id,  0.0 wa,  0.0 hi,  1.9 si,  0.1 st
%Cpu(s): 23.1 us,  7.9 sy,  0.0 ni, 66.6 id,  0.0 wa,  0.0 hi,  2.3 si,  0.1 st
%Cpu(s): 37.9 us,  6.9 sy,  0.0 ni, 53.1 id,  0.0 wa,  0.0 hi,  2.0 si,  0.0 st
%Cpu(s): 30.9 us,  5.7 sy,  0.0 ni, 61.8 id,  0.0 wa,  0.0 hi,  1.5 si,  0.0 st
%Cpu(s): 14.9 us,  6.3 sy,  0.0 ni, 77.2 id,  0.0 wa,  0.0 hi,  1.4 si,  0.1 st
%Cpu(s): 20.1 us,  5.9 sy,  0.0 ni, 72.1 id,  0.0 wa,  0.0 hi,  1.7 si,  0.3 st
%Cpu(s): 16.4 us,  6.0 sy,  0.0 ni, 76.0 id,  0.0 wa,  0.0 hi,  1.6 si,  0.1 st
%Cpu(s): 16.8 us,  6.1 sy,  0.0 ni, 75.6 id,  0.0 wa,  0.0 hi,  1.5 si,  0.0 st
%Cpu(s): 19.3 us,  6.9 sy,  0.0 ni, 71.8 id,  0.0 wa,  0.0 hi,  1.8 si,  0.3 st
%Cpu(s): 17.3 us,  6.4 sy,  0.0 ni, 74.5 id,  0.0 wa,  0.0 hi,  1.8 si,  0.0 st
%Cpu(s): 29.7 us,  6.6 sy,  0.0 ni, 61.0 id,  0.0 wa,  0.0 hi,  2.4 si,  0.3 st
%Cpu(s): 24.8 us,  6.9 sy,  0.0 ni, 66.5 id,  0.0 wa,  0.0 hi,  1.8 si,  0.0 st
%Cpu(s): 25.3 us,  6.6 sy,  0.0 ni, 66.2 id,  0.0 wa,  0.0 hi,  1.7 si,  0.3 st
%Cpu(s): 19.6 us,  7.1 sy,  0.0 ni, 71.5 id,  0.0 wa,  0.0 hi,  1.9 si,  0.0 st
%Cpu(s): 22.1 us,  5.7 sy,  0.0 ni, 69.9 id,  0.0 wa,  0.0 hi,  2.4 si,  0.0 st
%Cpu(s): 18.6 us,  6.4 sy,  0.0 ni, 73.1 id,  0.0 wa,  0.0 hi,  1.8 si,  0.1 st
%Cpu(s): 19.7 us,  6.7 sy,  0.0 ni, 71.7 id,  0.0 wa,  0.0 hi,  1.8 si,  0.1 st
%Cpu(s): 15.9 us,  7.7 sy,  0.0 ni, 74.3 id,  0.0 wa,  0.0 hi,  2.1 si,  0.0 st
%Cpu(s): 15.7 us,  6.4 sy,  0.0 ni, 75.8 id,  0.0 wa,  0.0 hi,  1.9 si,  0.1 st
%Cpu(s): 18.5 us,  6.6 sy,  0.0 ni, 72.6 id,  0.0 wa,  0.0 hi,  2.2 si,  0.1 st
%Cpu(s): 16.2 us,  7.9 sy,  0.0 ni, 73.9 id,  0.0 wa,  0.0 hi,  2.0 si,  0.0 st
%Cpu(s): 18.1 us,  6.5 sy,  0.0 ni, 73.5 id,  0.0 wa,  0.0 hi,  1.8 si,  0.1 st
%Cpu(s): 20.5 us,  7.0 sy,  0.0 ni, 70.4 id,  0.0 wa,  0.0 hi,  2.0 si,  0.1 st
%Cpu(s): 20.0 us,  6.6 sy,  0.0 ni, 71.6 id,  0.0 wa,  0.0 hi,  1.8 si,  0.0 st
%Cpu(s): 18.1 us,  6.4 sy,  0.0 ni, 73.2 id,  0.0 wa,  0.0 hi,  2.2 si,  0.1 st
%Cpu(s): 19.4 us,  6.8 sy,  0.0 ni, 71.2 id,  0.0 wa,  0.0 hi,  2.3 si,  0.3 st
%Cpu(s): 19.7 us,  7.0 sy,  0.0 ni, 70.9 id,  0.0 wa,  0.0 hi,  2.3 si,  0.1 st
%Cpu(s): 18.4 us,  7.0 sy,  0.0 ni, 72.0 id,  0.0 wa,  0.0 hi,  1.9 si,  0.6 st
%Cpu(s): 20.0 us,  7.6 sy,  0.0 ni, 70.1 id,  0.0 wa,  0.0 hi,  2.2 si,  0.1 st
%Cpu(s): 16.5 us,  7.0 sy,  0.0 ni, 74.3 id,  0.0 wa,  0.0 hi,  2.0 si,  0.1 st
%Cpu(s): 20.4 us,  6.8 sy,  0.0 ni, 70.6 id,  0.0 wa,  0.0 hi,  2.2 si,  0.1 st
%Cpu(s): 22.2 us,  6.8 sy,  0.0 ni, 68.8 id,  0.0 wa,  0.0 hi,  2.1 si,  0.1 st
%Cpu(s): 63.8 us,  7.1 sy,  0.0 ni, 26.4 id,  0.0 wa,  0.0 hi,  2.5 si,  0.1 st
%Cpu(s): 46.8 us,  5.8 sy,  0.0 ni, 45.4 id,  0.0 wa,  0.0 hi,  2.0 si,  0.0 st
%Cpu(s): 45.2 us,  6.9 sy,  0.0 ni, 46.0 id,  0.0 wa,  0.0 hi,  1.8 si,  0.1 st
%Cpu(s): 33.1 us,  6.7 sy,  0.0 ni, 57.9 id,  0.0 wa,  0.0 hi,  2.1 si,  0.1 st
%Cpu(s): 47.0 us,  7.5 sy,  0.0 ni, 44.1 id,  0.0 wa,  0.0 hi,  1.4 si,  0.0 st
%Cpu(s): 27.6 us,  8.5 sy,  0.0 ni, 62.3 id,  0.0 wa,  0.0 hi,  1.5 si,  0.1 st
%Cpu(s): 34.0 us,  8.4 sy,  0.0 ni, 55.4 id,  0.0 wa,  0.0 hi,  2.0 si,  0.1 st
%Cpu(s): 27.7 us,  9.5 sy,  0.0 ni, 61.2 id,  0.0 wa,  0.0 hi,  1.5 si,  0.1 st
%Cpu(s): 40.1 us,  9.7 sy,  0.0 ni, 48.7 id,  0.0 wa,  0.0 hi,  1.5 si,  0.0 st
