%Cpu(s):  3.1 us,  0.7 sy,  0.0 ni, 96.1 id,  0.0 wa,  0.0 hi,  0.1 si,  0.0 st
%Cpu(s):  1.8 us,  0.6 sy,  0.0 ni, 97.6 id,  0.0 wa,  0.0 hi,  0.0 si,  0.1 st
%Cpu(s): 69.3 us,  5.6 sy,  0.0 ni, 25.0 id,  0.0 wa,  0.0 hi,  0.0 si,  0.1 st
%Cpu(s): 76.0 us,  3.9 sy,  0.0 ni, 19.9 id,  0.0 wa,  0.0 hi,  0.0 si,  0.1 st
%Cpu(s): 81.0 us,  3.1 sy,  0.0 ni, 15.8 id,  0.0 wa,  0.0 hi,  0.0 si,  0.1 st
%Cpu(s): 94.0 us,  3.4 sy,  0.0 ni,  2.4 id,  0.0 wa,  0.0 hi,  0.1 si,  0.0 st
%Cpu(s): 95.6 us,  3.2 sy,  0.0 ni,  1.2 id,  0.0 wa,  0.0 hi,  0.0 si,  0.0 st
%Cpu(s): 95.9 us,  3.7 sy,  0.0 ni,  0.4 id,  0.0 wa,  0.0 hi,  0.1 si,  0.0 st
%Cpu(s): 92.2 us,  3.3 sy,  0.0 ni,  4.2 id,  0.0 wa,  0.0 hi,  0.2 si,  0.0 st
%Cpu(s): 26.7 us,  1.2 sy,  0.0 ni, 71.8 id,  0.0 wa,  0.0 hi,  0.3 si,  0.1 st
%Cpu(s):  6.5 us,  2.9 sy,  0.0 ni, 90.3 id,  0.0 wa,  0.0 hi,  0.1 si,  0.2 st
%Cpu(s): 11.2 us,  1.3 sy,  0.0 ni, 87.3 id,  0.0 wa,  0.0 hi,  0.1 si,  0.1 st
%Cpu(s):  5.8 us,  2.2 sy,  0.0 ni, 91.9 id,  0.0 wa,  0.0 hi,  0.0 si,  0.1 st
%Cpu(s):  3.3 us,  1.5 sy,  0.0 ni, 95.1 id,  0.0 wa,  0.0 hi,  0.0 si,  0.1 st
%Cpu(s):  6.6 us,  1.9 sy,  0.0 ni, 91.5 id,  0.0 wa,  0.0 hi,  0.0 si,  0.1 st
%Cpu(s):  5.6 us,  2.1 sy,  0.0 ni, 92.0 id,  0.1 wa,  0.0 hi,  0.1 si,  0.1 st
%Cpu(s):  7.4 us,  2.1 sy,  0.0 ni, 90.3 id,  0.0 wa,  0.0 hi,  0.1 si,  0.1 st
%Cpu(s):  7.3 us,  3.6 sy,  0.0 ni, 88.9 id,  0.0 wa,  0.0 hi,  0.1 si,  0.1 st
%Cpu(s): 10.9 us,  2.7 sy,  0.0 ni, 86.3 id,  0.0 wa,  0.0 hi,  0.1 si,  0.1 st
%Cpu(s): 75.0 us,  4.7 sy,  0.0 ni, 19.6 id,  0.0 wa,  0.0 hi,  0.7 si,  0.0 st
%Cpu(s): 87.6 us,  7.7 sy,  0.0 ni,  3.5 id,  0.0 wa,  0.0 hi,  1.3 si,  0.0 st
%Cpu(s): 90.2 us,  8.2 sy,  0.0 ni,  0.1 id,  0.0 wa,  0.0 hi,  1.6 si,  0.0 st
%Cpu(s): 89.7 us,  8.5 sy,  0.0 ni,  0.1 id,  0.0 wa,  0.0 hi,  1.6 si,  0.0 st
%Cpu(s): 89.0 us,  8.9 sy,  0.0 ni,  0.1 id,  0.0 wa,  0.0 hi,  2.0 si,  0.0 st
%Cpu(s): 89.6 us,  8.6 sy,  0.0 ni,  0.1 id,  0.0 wa,  0.0 hi,  1.7 si,  0.0 st
%Cpu(s): 90.2 us,  8.3 sy,  0.0 ni,  0.1 id,  0.0 wa,  0.0 hi,  1.4 si,  0.0 st
%Cpu(s): 89.4 us,  8.6 sy,  0.0 ni,  0.4 id,  0.0 wa,  0.0 hi,  1.6 si,  0.0 st
%Cpu(s): 89.2 us,  9.1 sy,  0.0 ni,  0.2 id,  0.0 wa,  0.0 hi,  1.5 si,  0.0 st
%Cpu(s): 89.0 us,  8.8 sy,  0.0 ni,  0.7 id,  0.0 wa,  0.0 hi,  1.5 si,  0.0 st
%Cpu(s): 41.8 us,  7.6 sy,  0.0 ni, 49.0 id,  0.0 wa,  0.0 hi,  1.5 si,  0.1 st
%Cpu(s): 22.3 us,  7.7 sy,  0.0 ni, 68.5 id,  0.0 wa,  0.0 hi,  1.5 si,  0.0 st
%Cpu(s): 15.1 us,  7.1 sy,  0.0 ni, 76.7 id,  0.0 wa,  0.0 hi,  1.1 si,  0.0 st
%Cpu(s): 11.8 us,  6.7 sy,  0.0 ni, 80.3 id,  0.0 wa,  0.0 hi,  1.1 si,  0.0 st
%Cpu(s): 13.8 us,  6.4 sy,  0.0 ni, 78.5 id,  0.0 wa,  0.0 hi,  1.3 si,  0.1 st
%Cpu(s): 11.1 us,  6.1 sy,  0.0 ni, 80.9 id,  0.0 wa,  0.0 hi,  1.8 si,  0.1 st
%Cpu(s): 13.6 us,  6.1 sy,  0.0 ni, 78.8 id,  0.0 wa,  0.0 hi,  1.5 si,  0.0 st
%Cpu(s): 14.3 us,  6.9 sy,  0.0 ni, 77.2 id,  0.0 wa,  0.0 hi,  1.4 si,  0.1 st
%Cpu(s): 14.6 us,  7.4 sy,  0.0 ni, 76.2 id,  0.0 wa,  0.0 hi,  1.8 si,  0.0 st
%Cpu(s): 14.4 us,  7.1 sy,  0.0 ni, 77.3 id,  0.0 wa,  0.0 hi,  1.3 si,  0.0 st
%Cpu(s): 12.9 us,  6.5 sy,  0.0 ni, 78.7 id,  0.0 wa,  0.0 hi,  1.9 si,  0.1 st
%Cpu(s): 13.8 us,  6.8 sy,  0.0 ni, 77.8 id,  0.0 wa,  0.0 hi,  1.7 si,  0.0 st
%Cpu(s): 19.5 us,  6.3 sy,  0.0 ni, 72.9 id,  0.0 wa,  0.0 hi,  1.3 si,  0.0 st
%Cpu(s): 14.4 us,  8.1 sy,  0.0 ni, 75.7 id,  0.0 wa,  0.0 hi,  1.8 si,  0.0 st
%Cpu(s): 20.1 us,  7.1 sy,  0.0 ni, 71.3 id,  0.0 wa,  0.0 hi,  1.5 si,  0.0 st
%Cpu(s): 14.5 us,  7.3 sy,  0.0 ni, 76.2 id,  0.0 wa,  0.0 hi,  2.0 si,  0.1 st
%Cpu(s): 19.0 us,  7.0 sy,  0.0 ni, 72.2 id,  0.0 wa,  0.0 hi,  1.8 si,  0.1 st
%Cpu(s): 15.9 us,  6.7 sy,  0.0 ni, 75.4 id,  0.0 wa,  0.0 hi,  2.0 si,  0.0 st
%Cpu(s): 25.7 us,  7.3 sy,  0.0 ni, 65.5 id,  0.0 wa,  0.0 hi,  1.5 si,  0.0 st
%Cpu(s): 20.5 us,  7.6 sy,  0.0 ni, 69.8 id,  0.0 wa,  0.0 hi,  2.1 si,  0.1 st
%Cpu(s): 33.5 us,  6.7 sy,  0.0 ni, 58.3 id,  0.0 wa,  0.0 hi,  1.5 si,  0.0 st
%Cpu(s): 25.9 us,  6.1 sy,  0.0 ni, 66.2 id,  0.1 wa,  0.0 hi,  1.8 si,  0.0 st
%Cpu(s): 33.6 us,  8.0 sy,  0.0 ni, 56.9 id,  0.0 wa,  0.0 hi,  1.6 si,  0.0 st
%Cpu(s): 20.3 us,  7.9 sy,  0.0 ni, 69.8 id,  0.0 wa,  0.0 hi,  2.0 si,  0.0 st
%Cpu(s): 29.1 us,  7.1 sy,  0.0 ni, 62.3 id,  0.0 wa,  0.0 hi,  1.5 si,  0.0 st
%Cpu(s): 18.8 us,  7.7 sy,  0.0 ni, 72.2 id,  0.0 wa,  0.0 hi,  1.3 si,  0.1 st
%Cpu(s): 24.4 us,  6.7 sy,  0.0 ni, 67.0 id,  0.0 wa,  0.0 hi,  1.8 si,  0.1 st
%Cpu(s): 12.1 us,  6.2 sy,  0.0 ni, 80.2 id,  0.0 wa,  0.0 hi,  1.6 si,  0.0 st
%Cpu(s): 14.2 us,  6.8 sy,  0.0 ni, 77.5 id,  0.0 wa,  0.0 hi,  1.5 si,  0.0 st
%Cpu(s): 17.6 us,  7.2 sy,  0.0 ni, 73.4 id,  0.0 wa,  0.0 hi,  1.8 si,  0.0 st
%Cpu(s): 15.7 us,  6.9 sy,  0.0 ni, 75.3 id,  0.0 wa,  0.0 hi,  1.9 si,  0.1 st
%Cpu(s): 14.8 us,  6.4 sy,  0.0 ni, 77.2 id,  0.0 wa,  0.0 hi,  1.5 si,  0.0 st
%Cpu(s): 12.8 us,  7.0 sy,  0.0 ni, 78.4 id,  0.0 wa,  0.0 hi,  1.9 si,  0.0 st
%Cpu(s): 11.2 us,  6.9 sy,  0.0 ni, 80.5 id,  0.0 wa,  0.0 hi,  1.3 si,  0.1 st
%Cpu(s): 12.2 us,  7.3 sy,  0.0 ni, 78.7 id,  0.0 wa,  0.0 hi,  1.9 si,  0.0 st
%Cpu(s): 13.2 us,  6.0 sy,  0.0 ni, 79.1 id,  0.0 wa,  0.0 hi,  1.7 si,  0.0 st
%Cpu(s): 11.4 us,  6.5 sy,  0.0 ni, 79.7 id,  0.6 wa,  0.0 hi,  1.7 si,  0.1 st
%Cpu(s): 10.9 us,  6.5 sy,  0.0 ni, 81.1 id,  0.0 wa,  0.0 hi,  1.5 si,  0.0 st
%Cpu(s): 12.0 us,  6.4 sy,  0.0 ni, 79.9 id,  0.0 wa,  0.0 hi,  1.6 si,  0.0 st
%Cpu(s): 13.0 us,  6.9 sy,  0.0 ni, 78.4 id,  0.0 wa,  0.0 hi,  1.7 si,  0.0 st
%Cpu(s): 11.9 us,  6.9 sy,  0.0 ni, 79.3 id,  0.0 wa,  0.0 hi,  2.0 si,  0.1 st
%Cpu(s): 11.5 us,  6.4 sy,  0.0 ni, 80.0 id,  0.1 wa,  0.0 hi,  2.0 si,  0.0 st
%Cpu(s): 12.2 us,  7.1 sy,  0.0 ni, 79.2 id,  0.0 wa,  0.0 hi,  1.6 si,  0.0 st
%Cpu(s): 14.5 us,  6.9 sy,  0.0 ni, 76.8 id,  0.0 wa,  0.0 hi,  1.9 si,  0.0 st
%Cpu(s): 12.0 us,  7.3 sy,  0.0 ni, 78.6 id,  0.0 wa,  0.0 hi,  2.0 si,  0.1 st
%Cpu(s): 12.7 us,  7.3 sy,  0.0 ni, 77.7 id,  0.0 wa,  0.0 hi,  2.2 si,  0.1 st
%Cpu(s): 15.1 us,  6.7 sy,  0.0 ni, 76.7 id,  0.0 wa,  0.0 hi,  1.5 si,  0.0 st
