%Cpu(s):  1.9 us,  0.5 sy,  0.0 ni, 97.6 id,  0.0 wa,  0.0 hi,  0.0 si,  0.0 st
%Cpu(s): 35.7 us,  1.9 sy,  0.0 ni, 62.3 id,  0.0 wa,  0.0 hi,  0.1 si,  0.1 st
%Cpu(s): 47.0 us,  4.2 sy,  0.0 ni, 48.7 id,  0.0 wa,  0.0 hi,  0.1 si,  0.1 st
%Cpu(s): 49.6 us,  2.5 sy,  0.0 ni, 47.7 id,  0.0 wa,  0.0 hi,  0.1 si,  0.1 st
%Cpu(s): 69.5 us,  2.1 sy,  0.0 ni, 28.1 id,  0.0 wa,  0.0 hi,  0.1 si,  0.1 st
%Cpu(s): 74.7 us,  3.3 sy,  0.0 ni, 21.8 id,  0.0 wa,  0.0 hi,  0.2 si,  0.1 st
%Cpu(s): 31.1 us,  1.9 sy,  0.0 ni, 66.8 id,  0.0 wa,  0.0 hi,  0.1 si,  0.1 st
%Cpu(s): 35.2 us,  3.6 sy,  0.0 ni, 61.0 id,  0.0 wa,  0.0 hi,  0.1 si,  0.1 st
%Cpu(s): 50.2 us,  2.7 sy,  0.0 ni, 46.8 id,  0.0 wa,  0.0 hi,  0.1 si,  0.2 st
%Cpu(s): 64.9 us,  3.0 sy,  0.0 ni, 32.0 id,  0.0 wa,  0.0 hi,  0.0 si,  0.1 st
%Cpu(s): 77.6 us,  2.6 sy,  0.0 ni, 19.6 id,  0.1 wa,  0.0 hi,  0.1 si,  0.1 st
%Cpu(s): 38.0 us,  1.7 sy,  0.0 ni, 60.1 id,  0.0 wa,  0.0 hi,  0.1 si,  0.1 st
%Cpu(s): 13.8 us,  1.3 sy,  0.0 ni, 84.6 id,  0.0 wa,  0.0 hi,  0.1 si,  0.1 st
%Cpu(s):  3.0 us,  2.1 sy,  0.0 ni, 94.6 id,  0.0 wa,  0.0 hi,  0.0 si,  0.3 st
%Cpu(s):  6.9 us,  1.8 sy,  0.0 ni, 91.0 id,  0.0 wa,  0.0 hi,  0.0 si,  0.2 st
%Cpu(s): 23.9 us,  2.7 sy,  0.0 ni, 73.1 id,  0.1 wa,  0.0 hi,  0.1 si,  0.2 st
%Cpu(s): 38.6 us,  3.0 sy,  0.0 ni, 58.0 id,  0.0 wa,  0.0 hi,  0.3 si,  0.1 st
%Cpu(s): 60.8 us,  4.8 sy,  0.0 ni, 33.8 id,  0.0 wa,  0.0 hi,  0.6 si,  0.0 st
%Cpu(s): 68.4 us,  4.9 sy,  0.0 ni, 25.8 id,  0.0 wa,  0.0 hi,  0.9 si,  0.0 st
%Cpu(s): 79.9 us,  4.5 sy,  0.0 ni, 14.9 id,  0.0 wa,  0.0 hi,  0.8 si,  0.0 st
%Cpu(s): 57.1 us,  4.4 sy,  0.0 ni, 37.6 id,  0.0 wa,  0.0 hi,  0.8 si,  0.1 st
%Cpu(s): 45.0 us,  4.7 sy,  0.0 ni, 49.4 id,  0.0 wa,  0.0 hi,  0.9 si,  0.0 st
%Cpu(s): 66.4 us,  5.0 sy,  0.0 ni, 27.6 id,  0.0 wa,  0.0 hi,  1.0 si,  0.0 st
%Cpu(s): 60.9 us,  5.4 sy,  0.0 ni, 32.7 id,  0.0 wa,  0.0 hi,  1.0 si,  0.1 st
%Cpu(s): 29.4 us,  5.3 sy,  0.0 ni, 64.5 id,  0.0 wa,  0.0 hi,  0.8 si,  0.0 st
%Cpu(s): 41.4 us,  4.9 sy,  0.0 ni, 52.6 id,  0.0 wa,  0.0 hi,  1.1 si,  0.0 st
%Cpu(s): 15.3 us,  5.2 sy,  0.0 ni, 78.6 id,  0.0 wa,  0.0 hi,  0.9 si,  0.1 st
%Cpu(s): 22.5 us,  4.8 sy,  0.0 ni, 72.0 id,  0.0 wa,  0.0 hi,  0.6 si,  0.1 st
%Cpu(s): 19.0 us,  5.7 sy,  0.0 ni, 74.5 id,  0.0 wa,  0.0 hi,  0.8 si,  0.1 st
%Cpu(s): 12.0 us,  5.3 sy,  0.0 ni, 81.8 id,  0.0 wa,  0.0 hi,  0.8 si,  0.0 st
%Cpu(s): 10.6 us,  5.2 sy,  0.0 ni, 83.6 id,  0.0 wa,  0.0 hi,  0.6 si,  0.1 st
%Cpu(s): 14.9 us,  4.8 sy,  0.0 ni, 79.8 id,  0.0 wa,  0.0 hi,  0.6 si,  0.0 st
%Cpu(s):  9.5 us,  5.3 sy,  0.0 ni, 84.5 id,  0.0 wa,  0.0 hi,  0.6 si,  0.0 st
%Cpu(s): 11.2 us,  5.5 sy,  0.0 ni, 82.8 id,  0.0 wa,  0.0 hi,  0.5 si,  0.0 st
%Cpu(s): 11.0 us,  5.3 sy,  0.0 ni, 83.3 id,  0.0 wa,  0.0 hi,  0.5 si,  0.0 st
%Cpu(s):  9.0 us,  5.6 sy,  0.0 ni, 84.5 id,  0.1 wa,  0.0 hi,  0.8 si,  0.1 st
%Cpu(s):  8.9 us,  5.7 sy,  0.0 ni, 84.7 id,  0.0 wa,  0.0 hi,  0.7 si,  0.0 st
%Cpu(s):  7.9 us,  5.0 sy,  0.0 ni, 86.5 id,  0.0 wa,  0.0 hi,  0.5 si,  0.1 st
%Cpu(s):  9.0 us,  5.1 sy,  0.0 ni, 85.1 id,  0.0 wa,  0.0 hi,  0.8 si,  0.1 st
%Cpu(s):  9.5 us,  5.6 sy,  0.0 ni, 84.4 id,  0.0 wa,  0.0 hi,  0.5 si,  0.0 st
%Cpu(s):  7.9 us,  4.7 sy,  0.0 ni, 86.7 id,  0.0 wa,  0.0 hi,  0.6 si,  0.0 st
%Cpu(s): 12.9 us,  5.5 sy,  0.0 ni, 81.1 id,  0.0 wa,  0.0 hi,  0.4 si,  0.1 st
%Cpu(s): 14.7 us,  5.2 sy,  0.0 ni, 79.4 id,  0.0 wa,  0.0 hi,  0.7 si,  0.1 st
%Cpu(s): 16.6 us,  5.8 sy,  0.0 ni, 76.9 id,  0.0 wa,  0.0 hi,  0.8 si,  0.0 st
%Cpu(s): 10.0 us,  5.5 sy,  0.0 ni, 83.8 id,  0.0 wa,  0.0 hi,  0.7 si,  0.0 st
%Cpu(s):  8.2 us,  5.4 sy,  0.0 ni, 85.7 id,  0.1 wa,  0.0 hi,  0.5 si,  0.1 st
%Cpu(s): 12.3 us,  5.5 sy,  0.0 ni, 81.3 id,  0.0 wa,  0.0 hi,  0.8 si,  0.0 st
%Cpu(s): 13.1 us,  5.2 sy,  0.0 ni, 80.9 id,  0.0 wa,  0.0 hi,  0.8 si,  0.1 st
%Cpu(s): 10.3 us,  6.2 sy,  0.0 ni, 82.5 id,  0.0 wa,  0.0 hi,  0.9 si,  0.1 st
%Cpu(s):  9.2 us,  6.2 sy,  0.0 ni, 84.1 id,  0.0 wa,  0.0 hi,  0.4 si,  0.1 st
%Cpu(s): 10.6 us,  5.1 sy,  0.0 ni, 83.6 id,  0.0 wa,  0.0 hi,  0.6 si,  0.0 st
%Cpu(s): 17.5 us,  5.0 sy,  0.0 ni, 76.8 id,  0.0 wa,  0.0 hi,  0.6 si,  0.0 st
%Cpu(s): 13.5 us,  5.8 sy,  0.0 ni, 79.7 id,  0.0 wa,  0.0 hi,  0.9 si,  0.1 st
%Cpu(s): 11.6 us,  5.6 sy,  0.0 ni, 81.9 id,  0.0 wa,  0.0 hi,  0.9 si,  0.0 st
%Cpu(s):  9.0 us,  5.7 sy,  0.0 ni, 84.8 id,  0.0 wa,  0.0 hi,  0.5 si,  0.0 st
%Cpu(s):  9.2 us,  5.5 sy,  0.0 ni, 84.8 id,  0.0 wa,  0.0 hi,  0.5 si,  0.0 st
%Cpu(s):  9.6 us,  5.7 sy,  0.0 ni, 83.9 id,  0.0 wa,  0.0 hi,  0.7 si,  0.1 st
%Cpu(s):  9.0 us,  5.5 sy,  0.0 ni, 84.9 id,  0.0 wa,  0.0 hi,  0.6 si,  0.0 st
%Cpu(s):  8.0 us,  6.7 sy,  0.0 ni, 84.7 id,  0.0 wa,  0.0 hi,  0.6 si,  0.1 st
%Cpu(s):  9.4 us,  6.5 sy,  0.0 ni, 83.4 id,  0.0 wa,  0.0 hi,  0.7 si,  0.0 st
%Cpu(s): 13.0 us,  5.4 sy,  0.0 ni, 80.9 id,  0.1 wa,  0.0 hi,  0.4 si,  0.1 st
%Cpu(s):  8.1 us,  5.0 sy,  0.0 ni, 86.2 id,  0.0 wa,  0.0 hi,  0.7 si,  0.1 st
%Cpu(s):  9.1 us,  5.3 sy,  0.0 ni, 85.0 id,  0.0 wa,  0.0 hi,  0.6 si,  0.0 st
%Cpu(s):  8.1 us,  5.3 sy,  0.0 ni, 85.6 id,  0.0 wa,  0.0 hi,  0.9 si,  0.1 st
%Cpu(s):  8.7 us,  6.0 sy,  0.0 ni, 84.5 id,  0.0 wa,  0.0 hi,  0.8 si,  0.0 st
%Cpu(s):  9.1 us,  5.9 sy,  0.0 ni, 84.3 id,  0.0 wa,  0.0 hi,  0.8 si,  0.0 st
%Cpu(s): 11.0 us,  4.8 sy,  0.0 ni, 83.4 id,  0.0 wa,  0.0 hi,  0.7 si,  0.0 st
%Cpu(s):  7.8 us,  5.9 sy,  0.0 ni, 85.6 id,  0.0 wa,  0.0 hi,  0.7 si,  0.0 st
%Cpu(s):  9.2 us,  6.6 sy,  0.0 ni, 83.6 id,  0.0 wa,  0.0 hi,  0.6 si,  0.0 st
%Cpu(s):  8.9 us,  5.9 sy,  0.0 ni, 84.6 id,  0.0 wa,  0.0 hi,  0.6 si,  0.1 st
%Cpu(s): 10.4 us,  6.6 sy,  0.0 ni, 82.4 id,  0.1 wa,  0.0 hi,  0.5 si,  0.0 st
%Cpu(s): 12.9 us,  5.6 sy,  0.0 ni, 80.8 id,  0.0 wa,  0.0 hi,  0.7 si,  0.0 st
%Cpu(s): 21.6 us,  5.7 sy,  0.0 ni, 71.7 id,  0.0 wa,  0.0 hi,  0.9 si,  0.1 st
%Cpu(s): 11.4 us,  6.1 sy,  0.0 ni, 81.9 id,  0.0 wa,  0.0 hi,  0.4 si,  0.1 st
%Cpu(s): 12.1 us,  6.3 sy,  0.0 ni, 81.1 id,  0.0 wa,  0.0 hi,  0.6 si,  0.0 st
%Cpu(s):  9.8 us,  6.3 sy,  0.0 ni, 83.2 id,  0.0 wa,  0.0 hi,  0.6 si,  0.1 st
