%Cpu(s):  3.2 us,  0.7 sy,  0.0 ni, 95.9 id,  0.0 wa,  0.0 hi,  0.1 si,  0.0 st
%Cpu(s):  2.8 us,  0.9 sy,  0.0 ni, 96.2 id,  0.0 wa,  0.0 hi,  0.0 si,  0.1 st
%Cpu(s): 75.6 us,  7.5 sy,  0.0 ni, 16.8 id,  0.1 wa,  0.0 hi,  0.0 si,  0.1 st
%Cpu(s): 93.6 us,  5.5 sy,  0.0 ni,  0.9 id,  0.0 wa,  0.0 hi,  0.0 si,  0.0 st
%Cpu(s): 93.9 us,  4.3 sy,  0.0 ni,  1.7 id,  0.0 wa,  0.0 hi,  0.0 si,  0.0 st
%Cpu(s): 92.3 us,  4.4 sy,  0.0 ni,  3.4 id,  0.0 wa,  0.0 hi,  0.0 si,  0.0 st
%Cpu(s): 96.0 us,  3.4 sy,  0.0 ni,  0.7 id,  0.0 wa,  0.0 hi,  0.0 si,  0.0 st
%Cpu(s): 97.1 us,  2.9 sy,  0.0 ni,  0.0 id,  0.0 wa,  0.0 hi,  0.0 si,  0.0 st
%Cpu(s): 96.8 us,  3.1 sy,  0.0 ni,  0.1 id,  0.0 wa,  0.0 hi,  0.1 si,  0.0 st
%Cpu(s): 95.6 us,  4.4 sy,  0.0 ni,  0.0 id,  0.0 wa,  0.0 hi,  0.1 si,  0.0 st
%Cpu(s): 96.8 us,  3.2 sy,  0.0 ni,  0.0 id,  0.0 wa,  0.0 hi,  0.0 si,  0.0 st
%Cpu(s): 95.8 us,  4.1 sy,  0.0 ni,  0.0 id,  0.0 wa,  0.0 hi,  0.1 si,  0.0 st
%Cpu(s): 95.0 us,  4.9 sy,  0.0 ni,  0.0 id,  0.0 wa,  0.0 hi,  0.2 si,  0.0 st
%Cpu(s): 96.0 us,  3.8 sy,  0.0 ni,  0.0 id,  0.0 wa,  0.0 hi,  0.2 si,  0.0 st
%Cpu(s): 77.2 us,  2.1 sy,  0.0 ni, 20.5 id,  0.0 wa,  0.0 hi,  0.2 si,  0.0 st
%Cpu(s): 14.3 us,  2.9 sy,  0.0 ni, 82.4 id,  0.0 wa,  0.0 hi,  0.1 si,  0.2 st
%Cpu(s):  9.7 us,  3.6 sy,  0.0 ni, 86.4 id,  0.0 wa,  0.0 hi,  0.1 si,  0.2 st
%Cpu(s): 18.5 us,  2.5 sy,  0.0 ni, 78.8 id,  0.0 wa,  0.0 hi,  0.1 si,  0.1 st
%Cpu(s): 11.6 us,  4.8 sy,  0.0 ni, 83.3 id,  0.0 wa,  0.0 hi,  0.1 si,  0.1 st
%Cpu(s): 11.2 us,  3.5 sy,  0.0 ni, 85.1 id,  0.0 wa,  0.0 hi,  0.1 si,  0.2 st
%Cpu(s):  6.9 us,  3.8 sy,  0.0 ni, 89.1 id,  0.0 wa,  0.0 hi,  0.1 si,  0.1 st
%Cpu(s):  8.3 us,  3.9 sy,  0.0 ni, 87.4 id,  0.0 wa,  0.0 hi,  0.1 si,  0.3 st
%Cpu(s): 30.3 us,  4.7 sy,  0.0 ni, 64.7 id,  0.1 wa,  0.0 hi,  0.2 si,  0.0 st
%Cpu(s): 59.9 us,  5.7 sy,  0.0 ni, 33.8 id,  0.0 wa,  0.0 hi,  0.6 si,  0.0 st
%Cpu(s): 84.6 us,  7.0 sy,  0.0 ni,  7.7 id,  0.0 wa,  0.0 hi,  0.8 si,  0.0 st
%Cpu(s): 92.0 us,  7.1 sy,  0.0 ni,  0.1 id,  0.0 wa,  0.0 hi,  0.8 si,  0.0 st
%Cpu(s): 91.1 us,  7.9 sy,  0.0 ni,  0.0 id,  0.0 wa,  0.0 hi,  1.0 si,  0.0 st
%Cpu(s): 90.3 us,  8.7 sy,  0.0 ni,  0.0 id,  0.0 wa,  0.0 hi,  1.1 si,  0.0 st
%Cpu(s): 89.4 us,  9.3 sy,  0.0 ni,  0.0 id,  0.0 wa,  0.0 hi,  1.3 si,  0.0 st
%Cpu(s): 89.6 us,  9.0 sy,  0.0 ni,  0.0 id,  0.0 wa,  0.0 hi,  1.4 si,  0.0 st
%Cpu(s): 89.0 us,  9.7 sy,  0.0 ni,  0.0 id,  0.0 wa,  0.0 hi,  1.3 si,  0.0 st
%Cpu(s): 89.2 us,  9.3 sy,  0.0 ni,  0.1 id,  0.0 wa,  0.0 hi,  1.5 si,  0.0 st
%Cpu(s): 90.3 us,  8.6 sy,  0.0 ni,  0.0 id,  0.0 wa,  0.0 hi,  1.1 si,  0.0 st
%Cpu(s): 90.2 us,  8.3 sy,  0.0 ni,  0.0 id,  0.0 wa,  0.0 hi,  1.5 si,  0.0 st
%Cpu(s): 89.1 us,  9.7 sy,  0.0 ni,  0.0 id,  0.0 wa,  0.0 hi,  1.2 si,  0.0 st
%Cpu(s): 88.5 us, 10.0 sy,  0.0 ni,  0.0 id,  0.0 wa,  0.0 hi,  1.6 si,  0.0 st
%Cpu(s): 88.5 us, 10.2 sy,  0.0 ni,  0.0 id,  0.0 wa,  0.0 hi,  1.3 si,  0.0 st
%Cpu(s): 89.0 us,  9.8 sy,  0.0 ni,  0.0 id,  0.0 wa,  0.0 hi,  1.2 si,  0.0 st
%Cpu(s): 88.6 us,  9.7 sy,  0.0 ni,  0.0 id,  0.0 wa,  0.0 hi,  1.6 si,  0.0 st
%Cpu(s): 88.4 us, 10.2 sy,  0.0 ni,  0.0 id,  0.0 wa,  0.0 hi,  1.4 si,  0.0 st
%Cpu(s): 89.4 us,  9.1 sy,  0.0 ni,  0.2 id,  0.0 wa,  0.0 hi,  1.4 si,  0.0 st
%Cpu(s): 74.8 us,  9.5 sy,  0.0 ni, 13.7 id,  0.0 wa,  0.0 hi,  2.1 si,  0.0 st
%Cpu(s): 46.1 us,  8.9 sy,  0.0 ni, 43.7 id,  0.0 wa,  0.0 hi,  1.2 si,  0.1 st
%Cpu(s): 30.3 us,  8.8 sy,  0.0 ni, 59.1 id,  0.1 wa,  0.0 hi,  1.7 si,  0.0 st
%Cpu(s): 25.7 us,  8.5 sy,  0.0 ni, 63.6 id,  0.0 wa,  0.0 hi,  2.1 si,  0.0 st
%Cpu(s): 17.5 us,  8.8 sy,  0.0 ni, 71.8 id,  0.0 wa,  0.0 hi,  1.8 si,  0.1 st
%Cpu(s): 13.2 us,  7.0 sy,  0.0 ni, 78.6 id,  0.0 wa,  0.0 hi,  1.2 si,  0.0 st
%Cpu(s): 13.5 us,  6.4 sy,  0.0 ni, 78.6 id,  0.1 wa,  0.0 hi,  1.4 si,  0.0 st
%Cpu(s): 15.7 us,  7.3 sy,  0.0 ni, 75.7 id,  0.0 wa,  0.0 hi,  1.2 si,  0.1 st
%Cpu(s): 11.2 us,  7.2 sy,  0.0 ni, 80.3 id,  0.0 wa,  0.0 hi,  1.3 si,  0.0 st
%Cpu(s): 13.4 us,  7.2 sy,  0.0 ni, 78.1 id,  0.0 wa,  0.0 hi,  1.4 si,  0.0 st
%Cpu(s): 14.0 us,  6.7 sy,  0.0 ni, 78.0 id,  0.0 wa,  0.0 hi,  1.3 si,  0.0 st
%Cpu(s): 16.5 us,  7.4 sy,  0.0 ni, 74.1 id,  0.1 wa,  0.0 hi,  1.9 si,  0.0 st
%Cpu(s): 19.6 us,  6.5 sy,  0.0 ni, 72.3 id,  0.0 wa,  0.0 hi,  1.5 si,  0.0 st
%Cpu(s): 21.7 us,  6.5 sy,  0.0 ni, 70.5 id,  0.0 wa,  0.0 hi,  1.2 si,  0.1 st
%Cpu(s): 21.9 us,  6.8 sy,  0.0 ni, 69.9 id,  0.0 wa,  0.0 hi,  1.5 si,  0.0 st
%Cpu(s): 16.2 us,  7.2 sy,  0.0 ni, 75.0 id,  0.0 wa,  0.0 hi,  1.5 si,  0.1 st
%Cpu(s): 13.8 us,  7.3 sy,  0.0 ni, 77.4 id,  0.0 wa,  0.0 hi,  1.5 si,  0.1 st
%Cpu(s): 13.0 us,  6.9 sy,  0.0 ni, 78.4 id,  0.0 wa,  0.0 hi,  1.7 si,  0.0 st
%Cpu(s): 13.6 us,  7.2 sy,  0.0 ni, 77.6 id,  0.0 wa,  0.0 hi,  1.6 si,  0.0 st
%Cpu(s): 14.9 us,  7.6 sy,  0.0 ni, 76.2 id,  0.0 wa,  0.0 hi,  1.3 si,  0.0 st
%Cpu(s): 17.6 us,  6.9 sy,  0.0 ni, 74.1 id,  0.0 wa,  0.0 hi,  1.4 si,  0.0 st
%Cpu(s): 20.8 us,  7.3 sy,  0.0 ni, 69.8 id,  0.1 wa,  0.0 hi,  1.9 si,  0.1 st
%Cpu(s): 17.8 us,  7.1 sy,  0.0 ni, 73.2 id,  0.0 wa,  0.0 hi,  1.9 si,  0.0 st
%Cpu(s): 15.2 us,  7.2 sy,  0.0 ni, 75.9 id,  0.0 wa,  0.0 hi,  1.7 si,  0.0 st
%Cpu(s): 15.6 us,  6.3 sy,  0.0 ni, 76.9 id,  0.0 wa,  0.0 hi,  1.2 si,  0.1 st
%Cpu(s): 11.3 us,  7.3 sy,  0.0 ni, 79.9 id,  0.0 wa,  0.0 hi,  1.5 si,  0.0 st
%Cpu(s): 11.1 us,  7.8 sy,  0.0 ni, 79.6 id,  0.0 wa,  0.0 hi,  1.5 si,  0.0 st
%Cpu(s): 16.5 us,  7.4 sy,  0.0 ni, 74.6 id,  0.0 wa,  0.0 hi,  1.5 si,  0.0 st
%Cpu(s): 19.8 us,  6.8 sy,  0.0 ni, 71.9 id,  0.0 wa,  0.0 hi,  1.5 si,  0.0 st
%Cpu(s): 18.3 us,  7.4 sy,  0.0 ni, 72.7 id,  0.0 wa,  0.0 hi,  1.6 si,  0.0 st
%Cpu(s): 14.7 us,  9.0 sy,  0.0 ni, 74.6 id,  0.0 wa,  0.0 hi,  1.6 si,  0.1 st
%Cpu(s): 15.2 us,  7.4 sy,  0.0 ni, 75.6 id,  0.1 wa,  0.0 hi,  1.7 si,  0.0 st
%Cpu(s): 17.5 us,  7.9 sy,  0.0 ni, 72.7 id,  0.1 wa,  0.0 hi,  1.8 si,  0.0 st
%Cpu(s): 15.4 us,  7.8 sy,  0.0 ni, 75.1 id,  0.0 wa,  0.0 hi,  1.7 si,  0.0 st
%Cpu(s): 14.1 us,  8.2 sy,  0.0 ni, 75.9 id,  0.0 wa,  0.0 hi,  1.8 si,  0.0 st
