%Cpu(s):  3.0 us,  0.7 sy,  0.0 ni, 96.2 id,  0.0 wa,  0.0 hi,  0.1 si,  0.0 st
%Cpu(s):  0.4 us,  0.1 sy,  0.0 ni, 99.4 id,  0.0 wa,  0.0 hi,  0.0 si,  0.1 st
%Cpu(s):  2.2 us,  0.7 sy,  0.0 ni, 97.0 id,  0.0 wa,  0.0 hi,  0.0 si,  0.1 st
%Cpu(s): 72.9 us,  5.3 sy,  0.0 ni, 21.7 id,  0.0 wa,  0.0 hi,  0.0 si,  0.1 st
%Cpu(s): 75.1 us,  3.8 sy,  0.0 ni, 21.0 id,  0.0 wa,  0.0 hi,  0.0 si,  0.1 st
%Cpu(s): 87.0 us,  3.1 sy,  0.0 ni,  9.9 id,  0.0 wa,  0.0 hi,  0.0 si,  0.1 st
%Cpu(s): 95.1 us,  3.1 sy,  0.0 ni,  1.8 id,  0.0 wa,  0.0 hi,  0.0 si,  0.0 st
%Cpu(s): 94.9 us,  2.9 sy,  0.0 ni,  2.1 id,  0.0 wa,  0.0 hi,  0.0 si,  0.0 st
%Cpu(s): 95.2 us,  4.0 sy,  0.0 ni,  0.6 id,  0.0 wa,  0.0 hi,  0.2 si,  0.0 st
%Cpu(s): 43.9 us,  2.4 sy,  0.0 ni, 53.5 id,  0.0 wa,  0.0 hi,  0.2 si,  0.0 st
%Cpu(s):  7.1 us,  2.3 sy,  0.0 ni, 90.4 id,  0.0 wa,  0.0 hi,  0.0 si,  0.3 st
%Cpu(s):  8.4 us,  1.5 sy,  0.0 ni, 89.8 id,  0.0 wa,  0.0 hi,  0.0 si,  0.3 st
%Cpu(s):  7.5 us,  1.9 sy,  0.0 ni, 90.5 id,  0.0 wa,  0.0 hi,  0.0 si,  0.1 st
%Cpu(s):  5.2 us,  2.3 sy,  0.0 ni, 92.2 id,  0.0 wa,  0.0 hi,  0.0 si,  0.3 st
%Cpu(s):  5.9 us,  2.4 sy,  0.0 ni, 91.4 id,  0.0 wa,  0.0 hi,  0.0 si,  0.2 st
%Cpu(s):  8.3 us,  2.4 sy,  0.0 ni, 88.9 id,  0.1 wa,  0.0 hi,  0.0 si,  0.3 st
%Cpu(s):  6.7 us,  2.2 sy,  0.0 ni, 90.9 id,  0.0 wa,  0.0 hi,  0.1 si,  0.1 st
%Cpu(s):  7.1 us,  2.2 sy,  0.0 ni, 90.6 id,  0.0 wa,  0.0 hi,  0.0 si,  0.1 st
%Cpu(s):  7.0 us,  2.1 sy,  0.0 ni, 90.6 id,  0.0 wa,  0.0 hi,  0.1 si,  0.1 st
%Cpu(s): 37.1 us,  4.3 sy,  0.0 ni, 58.2 id,  0.0 wa,  0.0 hi,  0.3 si,  0.1 st
%Cpu(s): 85.4 us,  7.2 sy,  0.0 ni,  6.3 id,  0.0 wa,  0.0 hi,  1.1 si,  0.0 st
%Cpu(s): 90.8 us,  8.1 sy,  0.0 ni,  0.0 id,  0.0 wa,  0.0 hi,  1.1 si,  0.0 st
%Cpu(s): 89.7 us,  9.0 sy,  0.0 ni,  0.1 id,  0.0 wa,  0.0 hi,  1.2 si,  0.0 st
%Cpu(s): 89.8 us,  8.6 sy,  0.0 ni,  0.2 id,  0.0 wa,  0.0 hi,  1.4 si,  0.0 st
%Cpu(s): 89.7 us,  8.8 sy,  0.0 ni,  0.2 id,  0.0 wa,  0.0 hi,  1.3 si,  0.0 st
%Cpu(s): 90.0 us,  8.7 sy,  0.0 ni,  0.1 id,  0.0 wa,  0.0 hi,  1.3 si,  0.0 st
%Cpu(s): 89.6 us,  8.6 sy,  0.0 ni,  0.0 id,  0.0 wa,  0.0 hi,  1.8 si,  0.0 st
%Cpu(s): 89.7 us,  8.9 sy,  0.0 ni,  0.0 id,  0.0 wa,  0.0 hi,  1.5 si,  0.0 st
%Cpu(s): 85.0 us,  9.8 sy,  0.0 ni,  3.7 id,  0.0 wa,  0.0 hi,  1.5 si,  0.0 st
%Cpu(s): 54.6 us,  8.6 sy,  0.0 ni, 35.2 id,  0.0 wa,  0.0 hi,  1.6 si,  0.0 st
%Cpu(s): 31.1 us,  8.0 sy,  0.0 ni, 59.4 id,  0.0 wa,  0.0 hi,  1.6 si,  0.0 st
%Cpu(s): 16.8 us,  7.3 sy,  0.0 ni, 74.3 id,  0.0 wa,  0.0 hi,  1.6 si,  0.0 st
%Cpu(s): 20.3 us,  7.4 sy,  0.0 ni, 70.5 id,  0.0 wa,  0.0 hi,  1.7 si,  0.1 st
%Cpu(s): 13.9 us,  7.3 sy,  0.0 ni, 77.4 id,  0.0 wa,  0.0 hi,  1.4 si,  0.0 st
%Cpu(s): 14.7 us,  6.3 sy,  0.0 ni, 77.5 id,  0.0 wa,  0.0 hi,  1.4 si,  0.1 st
%Cpu(s): 12.4 us,  6.6 sy,  0.0 ni, 79.6 id,  0.0 wa,  0.0 hi,  1.4 si,  0.1 st
%Cpu(s): 13.2 us,  6.5 sy,  0.0 ni, 78.5 id,  0.0 wa,  0.0 hi,  1.7 si,  0.0 st
%Cpu(s): 14.5 us,  8.0 sy,  0.0 ni, 75.7 id,  0.0 wa,  0.0 hi,  1.9 si,  0.0 st
%Cpu(s): 11.9 us,  7.1 sy,  0.0 ni, 79.8 id,  0.0 wa,  0.0 hi,  1.1 si,  0.1 st
%Cpu(s): 11.5 us,  6.0 sy,  0.0 ni, 81.1 id,  0.0 wa,  0.0 hi,  1.4 si,  0.0 st
%Cpu(s): 13.9 us,  6.3 sy,  0.0 ni, 78.0 id,  0.1 wa,  0.0 hi,  1.7 si,  0.1 st
%Cpu(s): 15.1 us,  7.4 sy,  0.0 ni, 75.6 id,  0.0 wa,  0.0 hi,  1.9 si,  0.0 st
%Cpu(s): 17.6 us,  7.1 sy,  0.0 ni, 73.6 id,  0.0 wa,  0.0 hi,  1.7 si,  0.0 st
%Cpu(s): 15.3 us,  7.3 sy,  0.0 ni, 75.6 id,  0.0 wa,  0.0 hi,  1.8 si,  0.0 st
%Cpu(s): 19.0 us,  7.7 sy,  0.0 ni, 71.6 id,  0.0 wa,  0.0 hi,  1.7 si,  0.1 st
%Cpu(s): 15.8 us,  7.9 sy,  0.0 ni, 74.2 id,  0.0 wa,  0.0 hi,  2.1 si,  0.0 st
%Cpu(s): 18.2 us,  7.3 sy,  0.0 ni, 72.9 id,  0.0 wa,  0.0 hi,  1.6 si,  0.0 st
%Cpu(s): 16.7 us,  7.2 sy,  0.0 ni, 74.3 id,  0.0 wa,  0.0 hi,  1.8 si,  0.0 st
%Cpu(s): 25.2 us,  7.3 sy,  0.0 ni, 65.9 id,  0.0 wa,  0.0 hi,  1.5 si,  0.0 st
%Cpu(s): 21.9 us,  6.7 sy,  0.0 ni, 69.6 id,  0.0 wa,  0.0 hi,  1.8 si,  0.0 st
%Cpu(s): 35.3 us,  6.8 sy,  0.0 ni, 55.9 id,  0.0 wa,  0.0 hi,  2.0 si,  0.0 st
%Cpu(s): 19.6 us,  7.2 sy,  0.0 ni, 71.2 id,  0.0 wa,  0.0 hi,  2.0 si,  0.0 st
%Cpu(s): 28.4 us,  7.0 sy,  0.0 ni, 62.7 id,  0.0 wa,  0.0 hi,  1.8 si,  0.1 st
%Cpu(s): 18.7 us,  7.5 sy,  0.0 ni, 71.7 id,  0.0 wa,  0.0 hi,  2.2 si,  0.0 st
%Cpu(s): 24.2 us,  7.4 sy,  0.0 ni, 66.3 id,  0.0 wa,  0.0 hi,  2.0 si,  0.1 st
%Cpu(s): 16.0 us,  7.6 sy,  0.0 ni, 74.6 id,  0.0 wa,  0.0 hi,  1.8 si,  0.0 st
%Cpu(s): 21.0 us,  7.8 sy,  0.0 ni, 69.6 id,  0.0 wa,  0.0 hi,  1.5 si,  0.1 st
%Cpu(s): 12.8 us,  7.1 sy,  0.0 ni, 78.5 id,  0.0 wa,  0.0 hi,  1.6 si,  0.0 st
%Cpu(s): 13.5 us,  7.3 sy,  0.0 ni, 77.7 id,  0.0 wa,  0.0 hi,  1.4 si,  0.1 st
%Cpu(s): 15.6 us,  7.3 sy,  0.0 ni, 75.6 id,  0.0 wa,  0.0 hi,  1.5 si,  0.1 st
%Cpu(s): 16.5 us,  7.4 sy,  0.0 ni, 74.9 id,  0.0 wa,  0.0 hi,  1.1 si,  0.0 st
%Cpu(s): 11.3 us,  7.0 sy,  0.0 ni, 79.7 id,  0.0 wa,  0.0 hi,  2.0 si,  0.0 st
%Cpu(s): 11.0 us,  6.8 sy,  0.0 ni, 80.4 id,  0.0 wa,  0.0 hi,  1.7 si,  0.0 st
%Cpu(s): 11.0 us,  6.6 sy,  0.0 ni, 80.5 id,  0.0 wa,  0.0 hi,  1.8 si,  0.0 st
%Cpu(s): 12.9 us,  6.2 sy,  0.0 ni, 79.0 id,  0.0 wa,  0.0 hi,  1.8 si,  0.0 st
%Cpu(s): 12.5 us,  6.7 sy,  0.0 ni, 79.0 id,  0.0 wa,  0.0 hi,  1.8 si,  0.0 st
%Cpu(s): 11.4 us,  6.7 sy,  0.0 ni, 80.1 id,  0.0 wa,  0.0 hi,  1.8 si,  0.1 st
%Cpu(s): 11.8 us,  7.1 sy,  0.0 ni, 79.3 id,  0.0 wa,  0.0 hi,  1.8 si,  0.0 st
%Cpu(s): 11.7 us,  6.1 sy,  0.0 ni, 80.3 id,  0.0 wa,  0.0 hi,  1.9 si,  0.0 st
%Cpu(s): 13.1 us,  8.0 sy,  0.0 ni, 77.2 id,  0.0 wa,  0.0 hi,  1.7 si,  0.0 st
%Cpu(s): 11.2 us,  7.0 sy,  0.0 ni, 79.7 id,  0.0 wa,  0.0 hi,  2.1 si,  0.0 st
%Cpu(s): 12.9 us,  7.2 sy,  0.0 ni, 78.1 id,  0.0 wa,  0.0 hi,  1.7 si,  0.1 st
%Cpu(s): 12.7 us,  7.8 sy,  0.0 ni, 77.6 id,  0.0 wa,  0.0 hi,  1.9 si,  0.0 st
%Cpu(s): 13.1 us,  7.1 sy,  0.0 ni, 77.9 id,  0.0 wa,  0.0 hi,  1.9 si,  0.1 st
%Cpu(s): 13.0 us,  7.3 sy,  0.0 ni, 77.9 id,  0.0 wa,  0.0 hi,  1.8 si,  0.0 st
%Cpu(s): 15.8 us,  7.1 sy,  0.0 ni, 75.4 id,  0.1 wa,  0.0 hi,  1.5 si,  0.1 st
