%Cpu(s):  1.6 us,  0.6 sy,  0.0 ni, 97.7 id,  0.0 wa,  0.0 hi,  0.1 si,  0.0 st
%Cpu(s):  0.4 us,  0.1 sy,  0.0 ni, 99.4 id,  0.0 wa,  0.0 hi,  0.0 si,  0.0 st
%Cpu(s):  9.8 us,  1.2 sy,  0.0 ni, 89.0 id,  0.0 wa,  0.0 hi,  0.0 si,  0.0 st
%Cpu(s): 12.8 us,  0.9 sy,  0.0 ni, 86.3 id,  0.0 wa,  0.0 hi,  0.0 si,  0.1 st
%Cpu(s): 20.2 us,  0.6 sy,  0.0 ni, 79.1 id,  0.0 wa,  0.0 hi,  0.1 si,  0.1 st
%Cpu(s): 21.7 us,  0.8 sy,  0.0 ni, 77.4 id,  0.0 wa,  0.0 hi,  0.1 si,  0.1 st
%Cpu(s): 10.6 us,  1.6 sy,  0.0 ni, 87.7 id,  0.0 wa,  0.0 hi,  0.0 si,  0.1 st
%Cpu(s): 22.3 us,  2.6 sy,  0.0 ni, 74.7 id,  0.0 wa,  0.0 hi,  0.3 si,  0.1 st
%Cpu(s): 18.8 us,  1.5 sy,  0.0 ni, 79.7 id,  0.0 wa,  0.0 hi,  0.0 si,  0.0 st
%Cpu(s): 10.7 us,  1.3 sy,  0.0 ni, 87.8 id,  0.0 wa,  0.0 hi,  0.1 si,  0.1 st
%Cpu(s):  7.3 us,  1.4 sy,  0.0 ni, 91.3 id,  0.0 wa,  0.0 hi,  0.0 si,  0.0 st
%Cpu(s):  1.1 us,  2.0 sy,  0.0 ni, 96.9 id,  0.0 wa,  0.0 hi,  0.0 si,  0.0 st
%Cpu(s):  1.6 us,  1.4 sy,  0.0 ni, 97.0 id,  0.0 wa,  0.0 hi,  0.0 si,  0.0 st
%Cpu(s): 10.2 us,  1.8 sy,  0.0 ni, 87.9 id,  0.0 wa,  0.0 hi,  0.1 si,  0.1 st
%Cpu(s): 28.7 us,  4.8 sy,  0.0 ni, 65.5 id,  0.0 wa,  0.0 hi,  0.9 si,  0.1 st
%Cpu(s): 65.1 us, 11.2 sy,  0.0 ni, 21.6 id,  0.0 wa,  0.0 hi,  2.2 si,  0.0 st
%Cpu(s): 58.9 us, 11.0 sy,  0.0 ni, 27.8 id,  0.0 wa,  0.0 hi,  2.3 si,  0.0 st
%Cpu(s): 40.3 us, 10.8 sy,  0.0 ni, 47.4 id,  0.0 wa,  0.0 hi,  1.5 si,  0.0 st
%Cpu(s): 39.7 us, 10.4 sy,  0.0 ni, 48.2 id,  0.0 wa,  0.0 hi,  1.6 si,  0.0 st
%Cpu(s): 30.9 us, 11.4 sy,  0.0 ni, 56.5 id,  0.0 wa,  0.0 hi,  1.2 si,  0.1 st
%Cpu(s): 28.2 us, 11.3 sy,  0.0 ni, 59.1 id,  0.0 wa,  0.0 hi,  1.4 si,  0.0 st
%Cpu(s): 29.4 us, 11.7 sy,  0.0 ni, 57.8 id,  0.0 wa,  0.0 hi,  1.1 si,  0.0 st
%Cpu(s): 27.2 us, 10.3 sy,  0.0 ni, 61.6 id,  0.0 wa,  0.0 hi,  0.8 si,  0.1 st
%Cpu(s): 30.9 us, 11.0 sy,  0.0 ni, 57.5 id,  0.1 wa,  0.0 hi,  0.6 si,  0.0 st
%Cpu(s): 34.8 us,  8.6 sy,  0.0 ni, 56.0 id,  0.0 wa,  0.0 hi,  0.5 si,  0.1 st
%Cpu(s): 29.5 us, 10.8 sy,  0.0 ni, 58.9 id,  0.0 wa,  0.0 hi,  0.8 si,  0.0 st
%Cpu(s): 30.6 us, 10.7 sy,  0.0 ni, 57.4 id,  0.0 wa,  0.0 hi,  1.3 si,  0.0 st
%Cpu(s): 31.9 us, 11.0 sy,  0.0 ni, 55.5 id,  0.0 wa,  0.0 hi,  1.7 si,  0.0 st
%Cpu(s): 30.0 us, 11.0 sy,  0.0 ni, 58.2 id,  0.0 wa,  0.0 hi,  0.8 si,  0.1 st
%Cpu(s): 34.2 us, 10.8 sy,  0.0 ni, 53.9 id,  0.0 wa,  0.0 hi,  1.1 si,  0.0 st
%Cpu(s): 32.6 us, 11.2 sy,  0.0 ni, 54.6 id,  0.0 wa,  0.0 hi,  1.6 si,  0.0 st
%Cpu(s): 32.3 us, 10.9 sy,  0.0 ni, 55.9 id,  0.0 wa,  0.0 hi,  0.9 si,  0.0 st
%Cpu(s): 31.9 us, 12.7 sy,  0.0 ni, 54.2 id,  0.0 wa,  0.0 hi,  1.2 si,  0.0 st
%Cpu(s): 33.1 us, 11.0 sy,  0.0 ni, 55.2 id,  0.0 wa,  0.0 hi,  0.6 si,  0.0 st
%Cpu(s): 25.6 us,  9.1 sy,  0.0 ni, 64.6 id,  0.0 wa,  0.0 hi,  0.7 si,  0.0 st
%Cpu(s): 31.4 us,  9.8 sy,  0.0 ni, 58.1 id,  0.0 wa,  0.0 hi,  0.7 si,  0.0 st
%Cpu(s): 31.2 us, 10.6 sy,  0.0 ni, 56.5 id,  0.0 wa,  0.0 hi,  1.7 si,  0.0 st
%Cpu(s): 51.3 us,  8.3 sy,  0.0 ni, 39.0 id,  0.0 wa,  0.0 hi,  1.4 si,  0.0 st
%Cpu(s): 47.8 us, 11.2 sy,  0.0 ni, 39.5 id,  0.0 wa,  0.0 hi,  1.5 si,  0.0 st
%Cpu(s): 31.5 us, 10.7 sy,  0.0 ni, 56.3 id,  0.0 wa,  0.0 hi,  1.5 si,  0.0 st
%Cpu(s): 27.3 us, 10.0 sy,  0.0 ni, 61.0 id,  0.0 wa,  0.0 hi,  1.7 si,  0.0 st
%Cpu(s): 31.3 us, 10.6 sy,  0.0 ni, 56.1 id,  0.0 wa,  0.0 hi,  2.0 si,  0.0 st
%Cpu(s): 31.9 us, 11.2 sy,  0.0 ni, 55.5 id,  0.0 wa,  0.0 hi,  1.5 si,  0.0 st
%Cpu(s): 29.3 us, 10.2 sy,  0.0 ni, 59.4 id,  0.0 wa,  0.0 hi,  1.0 si,  0.0 st
%Cpu(s): 27.1 us, 10.4 sy,  0.0 ni, 61.3 id,  0.0 wa,  0.0 hi,  1.2 si,  0.0 st
%Cpu(s): 30.7 us,  9.8 sy,  0.0 ni, 58.4 id,  0.0 wa,  0.0 hi,  1.1 si,  0.0 st
%Cpu(s): 31.1 us, 10.3 sy,  0.0 ni, 57.5 id,  0.0 wa,  0.0 hi,  1.0 si,  0.1 st
%Cpu(s): 30.3 us, 10.3 sy,  0.0 ni, 57.9 id,  0.0 wa,  0.0 hi,  1.5 si,  0.0 st
%Cpu(s): 30.7 us, 10.2 sy,  0.0 ni, 58.0 id,  0.0 wa,  0.0 hi,  1.0 si,  0.0 st
%Cpu(s): 32.7 us, 10.5 sy,  0.0 ni, 55.4 id,  0.0 wa,  0.0 hi,  1.4 si,  0.0 st
%Cpu(s): 33.8 us, 11.1 sy,  0.0 ni, 53.1 id,  0.0 wa,  0.0 hi,  1.9 si,  0.1 st
%Cpu(s): 30.9 us, 10.5 sy,  0.0 ni, 57.0 id,  0.0 wa,  0.0 hi,  1.6 si,  0.0 st
%Cpu(s): 28.4 us, 11.3 sy,  0.0 ni, 59.7 id,  0.0 wa,  0.0 hi,  0.6 si,  0.0 st
%Cpu(s): 29.0 us, 11.6 sy,  0.0 ni, 58.5 id,  0.0 wa,  0.0 hi,  0.8 si,  0.0 st
%Cpu(s): 31.3 us, 10.2 sy,  0.0 ni, 57.2 id,  0.0 wa,  0.0 hi,  1.4 si,  0.0 st
%Cpu(s): 30.3 us, 11.7 sy,  0.0 ni, 56.7 id,  0.0 wa,  0.0 hi,  1.3 si,  0.0 st
%Cpu(s): 34.1 us, 10.8 sy,  0.0 ni, 53.7 id,  0.0 wa,  0.0 hi,  1.4 si,  0.0 st
%Cpu(s): 34.0 us, 11.2 sy,  0.0 ni, 53.4 id,  0.0 wa,  0.0 hi,  1.4 si,  0.0 st
%Cpu(s): 31.2 us, 10.4 sy,  0.0 ni, 57.0 id,  0.0 wa,  0.0 hi,  1.4 si,  0.0 st
%Cpu(s): 35.3 us,  8.7 sy,  0.0 ni, 54.8 id,  0.0 wa,  0.0 hi,  1.1 si,  0.1 st
%Cpu(s): 30.1 us, 11.0 sy,  0.0 ni, 57.7 id,  0.0 wa,  0.0 hi,  1.2 si,  0.0 st
%Cpu(s): 28.1 us, 10.9 sy,  0.0 ni, 60.0 id,  0.0 wa,  0.0 hi,  1.0 si,  0.0 st
%Cpu(s): 32.3 us, 11.0 sy,  0.0 ni, 55.0 id,  0.0 wa,  0.0 hi,  1.7 si,  0.0 st
%Cpu(s): 30.9 us, 10.9 sy,  0.0 ni, 56.8 id,  0.0 wa,  0.0 hi,  1.3 si,  0.0 st
%Cpu(s): 35.6 us, 10.6 sy,  0.0 ni, 52.5 id,  0.0 wa,  0.0 hi,  1.2 si,  0.1 st
%Cpu(s): 34.6 us, 11.3 sy,  0.0 ni, 52.3 id,  0.0 wa,  0.0 hi,  1.7 si,  0.0 st
%Cpu(s): 29.9 us, 10.8 sy,  0.0 ni, 58.4 id,  0.0 wa,  0.0 hi,  0.8 si,  0.0 st
%Cpu(s): 41.2 us, 10.1 sy,  0.0 ni, 47.5 id,  0.0 wa,  0.0 hi,  1.2 si,  0.0 st
%Cpu(s): 28.9 us, 11.0 sy,  0.0 ni, 59.0 id,  0.0 wa,  0.0 hi,  1.0 si,  0.0 st
%Cpu(s): 26.4 us, 10.0 sy,  0.0 ni, 62.5 id,  0.0 wa,  0.0 hi,  1.0 si,  0.0 st
%Cpu(s): 26.7 us, 11.3 sy,  0.0 ni, 60.8 id,  0.0 wa,  0.0 hi,  1.1 si,  0.1 st
%Cpu(s): 30.6 us, 11.4 sy,  0.0 ni, 56.6 id,  0.0 wa,  0.0 hi,  1.3 si,  0.0 st
%Cpu(s): 33.4 us, 11.6 sy,  0.0 ni, 53.8 id,  0.0 wa,  0.0 hi,  1.2 si,  0.1 st
%Cpu(s): 36.2 us, 12.8 sy,  0.0 ni, 49.9 id,  0.0 wa,  0.0 hi,  1.2 si,  0.0 st
%Cpu(s): 35.7 us, 12.3 sy,  0.0 ni, 51.1 id,  0.0 wa,  0.0 hi,  0.8 si,  0.0 st
%Cpu(s): 38.3 us, 12.8 sy,  0.0 ni, 47.1 id,  0.0 wa,  0.0 hi,  1.8 si,  0.0 st
