%Cpu(s):  0.7 us,  0.1 sy,  0.0 ni, 99.2 id,  0.0 wa,  0.0 hi,  0.0 si,  0.0 st
%Cpu(s):  0.3 us,  0.1 sy,  0.0 ni, 99.6 id,  0.0 wa,  0.0 hi,  0.0 si,  0.0 st
%Cpu(s): 28.9 us,  2.9 sy,  0.0 ni, 68.1 id,  0.0 wa,  0.0 hi,  0.0 si,  0.1 st
%Cpu(s): 56.5 us,  1.9 sy,  0.0 ni, 41.5 id,  0.0 wa,  0.0 hi,  0.1 si,  0.1 st
%Cpu(s): 47.9 us,  2.1 sy,  0.0 ni, 50.0 id,  0.0 wa,  0.0 hi,  0.0 si,  0.0 st
%Cpu(s): 73.9 us,  2.4 sy,  0.0 ni, 23.6 id,  0.0 wa,  0.0 hi,  0.0 si,  0.1 st
%Cpu(s): 78.7 us,  2.3 sy,  0.0 ni, 18.9 id,  0.0 wa,  0.0 hi,  0.1 si,  0.1 st
%Cpu(s): 51.7 us,  1.6 sy,  0.0 ni, 46.6 id,  0.0 wa,  0.0 hi,  0.1 si,  0.1 st
%Cpu(s): 12.7 us,  1.2 sy,  0.0 ni, 86.0 id,  0.0 wa,  0.0 hi,  0.1 si,  0.0 st
%Cpu(s):  2.0 us,  0.7 sy,  0.0 ni, 97.2 id,  0.0 wa,  0.0 hi,  0.1 si,  0.0 st
%Cpu(s):  1.3 us,  0.5 sy,  0.0 ni, 98.1 id,  0.1 wa,  0.0 hi,  0.0 si,  0.0 st
%Cpu(s):  1.5 us,  0.2 sy,  0.0 ni, 98.3 id,  0.0 wa,  0.0 hi,  0.0 si,  0.0 st
%Cpu(s):  1.9 us,  0.5 sy,  0.0 ni, 97.6 id,  0.0 wa,  0.0 hi,  0.0 si,  0.1 st
%Cpu(s):  1.9 us,  0.4 sy,  0.0 ni, 97.7 id,  0.0 wa,  0.0 hi,  0.0 si,  0.0 st
%Cpu(s): 10.9 us,  1.3 sy,  0.0 ni, 87.8 id,  0.0 wa,  0.0 hi,  0.0 si,  0.0 st
%Cpu(s): 64.7 us,  4.9 sy,  0.0 ni, 29.7 id,  0.0 wa,  0.0 hi,  0.7 si,  0.0 st
%Cpu(s): 91.5 us,  5.6 sy,  0.0 ni,  1.5 id,  0.0 wa,  0.0 hi,  1.4 si,  0.0 st
%Cpu(s): 91.9 us,  5.6 sy,  0.0 ni,  1.1 id,  0.0 wa,  0.0 hi,  1.5 si,  0.0 st
%Cpu(s): 93.2 us,  5.2 sy,  0.0 ni,  0.3 id,  0.0 wa,  0.0 hi,  1.3 si,  0.0 st
%Cpu(s): 86.9 us,  4.6 sy,  0.0 ni,  7.4 id,  0.0 wa,  0.0 hi,  1.1 si,  0.1 st
%Cpu(s): 49.2 us,  4.7 sy,  0.0 ni, 45.1 id,  0.0 wa,  0.0 hi,  1.0 si,  0.0 st
%Cpu(s): 26.5 us,  4.2 sy,  0.0 ni, 68.7 id,  0.0 wa,  0.0 hi,  0.6 si,  0.0 st
%Cpu(s): 10.7 us,  4.5 sy,  0.0 ni, 84.2 id,  0.0 wa,  0.0 hi,  0.6 si,  0.0 st
%Cpu(s): 19.9 us,  4.2 sy,  0.0 ni, 75.7 id,  0.0 wa,  0.0 hi,  0.3 si,  0.0 st
%Cpu(s): 15.9 us,  4.6 sy,  0.0 ni, 79.2 id,  0.0 wa,  0.0 hi,  0.3 si,  0.0 st
%Cpu(s):  8.5 us,  4.4 sy,  0.0 ni, 86.8 id,  0.0 wa,  0.0 hi,  0.3 si,  0.0 st
%Cpu(s): 14.1 us,  4.8 sy,  0.0 ni, 80.6 id,  0.0 wa,  0.0 hi,  0.4 si,  0.1 st
%Cpu(s):  7.8 us,  4.0 sy,  0.0 ni, 87.9 id,  0.0 wa,  0.0 hi,  0.3 si,  0.0 st
%Cpu(s):  8.0 us,  5.2 sy,  0.0 ni, 86.4 id,  0.0 wa,  0.0 hi,  0.3 si,  0.1 st
%Cpu(s): 10.2 us,  4.9 sy,  0.0 ni, 84.4 id,  0.0 wa,  0.0 hi,  0.4 si,  0.0 st
%Cpu(s):  8.5 us,  4.9 sy,  0.0 ni, 86.3 id,  0.0 wa,  0.0 hi,  0.3 si,  0.0 st
%Cpu(s): 10.2 us,  4.3 sy,  0.0 ni, 85.1 id,  0.0 wa,  0.0 hi,  0.3 si,  0.1 st
%Cpu(s):  7.0 us,  4.3 sy,  0.0 ni, 88.5 id,  0.0 wa,  0.0 hi,  0.3 si,  0.0 st
%Cpu(s): 11.5 us,  4.1 sy,  0.0 ni, 84.0 id,  0.0 wa,  0.0 hi,  0.4 si,  0.0 st
%Cpu(s): 10.5 us,  4.0 sy,  0.0 ni, 85.1 id,  0.0 wa,  0.0 hi,  0.4 si,  0.0 st
%Cpu(s):  8.0 us,  4.7 sy,  0.0 ni, 86.9 id,  0.0 wa,  0.0 hi,  0.3 si,  0.1 st
%Cpu(s):  6.8 us,  3.8 sy,  0.0 ni, 89.1 id,  0.0 wa,  0.0 hi,  0.3 si,  0.0 st
%Cpu(s): 12.8 us,  3.2 sy,  0.0 ni, 83.6 id,  0.0 wa,  0.0 hi,  0.4 si,  0.0 st
%Cpu(s): 18.5 us,  3.6 sy,  0.0 ni, 77.2 id,  0.0 wa,  0.0 hi,  0.8 si,  0.0 st
%Cpu(s):  8.3 us,  3.6 sy,  0.0 ni, 87.5 id,  0.0 wa,  0.0 hi,  0.4 si,  0.1 st
%Cpu(s): 10.4 us,  3.9 sy,  0.0 ni, 85.2 id,  0.0 wa,  0.0 hi,  0.5 si,  0.0 st
%Cpu(s): 30.8 us,  4.2 sy,  0.0 ni, 64.6 id,  0.0 wa,  0.0 hi,  0.4 si,  0.1 st
%Cpu(s): 18.8 us,  3.6 sy,  0.0 ni, 77.3 id,  0.0 wa,  0.0 hi,  0.3 si,  0.1 st
%Cpu(s): 17.9 us,  4.2 sy,  0.0 ni, 77.7 id,  0.0 wa,  0.0 hi,  0.3 si,  0.0 st
%Cpu(s): 16.6 us,  4.8 sy,  0.0 ni, 78.0 id,  0.1 wa,  0.0 hi,  0.4 si,  0.0 st
%Cpu(s):  6.0 us,  4.2 sy,  0.0 ni, 89.5 id,  0.0 wa,  0.0 hi,  0.3 si,  0.0 st
%Cpu(s):  6.8 us,  4.2 sy,  0.0 ni, 88.8 id,  0.0 wa,  0.0 hi,  0.3 si,  0.0 st
%Cpu(s):  7.4 us,  4.6 sy,  0.0 ni, 87.5 id,  0.0 wa,  0.0 hi,  0.4 si,  0.0 st
%Cpu(s):  8.0 us,  4.4 sy,  0.0 ni, 87.5 id,  0.0 wa,  0.0 hi,  0.1 si,  0.0 st
%Cpu(s): 13.8 us,  3.9 sy,  0.0 ni, 81.7 id,  0.0 wa,  0.0 hi,  0.4 si,  0.1 st
%Cpu(s):  7.7 us,  4.2 sy,  0.0 ni, 87.9 id,  0.0 wa,  0.0 hi,  0.3 si,  0.0 st
%Cpu(s):  7.5 us,  3.8 sy,  0.0 ni, 88.4 id,  0.0 wa,  0.0 hi,  0.3 si,  0.0 st
%Cpu(s):  6.7 us,  3.9 sy,  0.0 ni, 89.1 id,  0.0 wa,  0.0 hi,  0.3 si,  0.0 st
%Cpu(s):  7.3 us,  3.6 sy,  0.0 ni, 88.8 id,  0.0 wa,  0.0 hi,  0.3 si,  0.0 st
%Cpu(s):  8.1 us,  4.1 sy,  0.0 ni, 87.7 id,  0.0 wa,  0.0 hi,  0.2 si,  0.0 st
%Cpu(s):  7.9 us,  4.1 sy,  0.0 ni, 87.9 id,  0.0 wa,  0.0 hi,  0.1 si,  0.0 st
%Cpu(s):  8.1 us,  4.3 sy,  0.0 ni, 87.3 id,  0.0 wa,  0.0 hi,  0.2 si,  0.1 st
%Cpu(s):  8.4 us,  4.3 sy,  0.0 ni, 86.7 id,  0.0 wa,  0.0 hi,  0.5 si,  0.0 st
%Cpu(s):  8.0 us,  4.0 sy,  0.0 ni, 87.7 id,  0.0 wa,  0.0 hi,  0.3 si,  0.0 st
%Cpu(s):  6.5 us,  3.8 sy,  0.0 ni, 89.2 id,  0.0 wa,  0.0 hi,  0.4 si,  0.1 st
%Cpu(s):  6.4 us,  4.1 sy,  0.0 ni, 89.1 id,  0.0 wa,  0.0 hi,  0.4 si,  0.0 st
%Cpu(s):  7.3 us,  3.9 sy,  0.0 ni, 88.4 id,  0.0 wa,  0.0 hi,  0.4 si,  0.0 st
%Cpu(s):  6.2 us,  4.5 sy,  0.0 ni, 89.1 id,  0.0 wa,  0.0 hi,  0.2 si,  0.0 st
%Cpu(s):  6.1 us,  3.7 sy,  0.0 ni, 89.7 id,  0.0 wa,  0.0 hi,  0.5 si,  0.0 st
%Cpu(s):  8.9 us,  3.7 sy,  0.0 ni, 87.0 id,  0.0 wa,  0.0 hi,  0.4 si,  0.0 st
%Cpu(s):  6.6 us,  4.2 sy,  0.0 ni, 88.8 id,  0.0 wa,  0.0 hi,  0.4 si,  0.1 st
%Cpu(s):  7.4 us,  4.1 sy,  0.0 ni, 88.2 id,  0.0 wa,  0.0 hi,  0.3 si,  0.0 st
%Cpu(s): 31.3 us,  3.4 sy,  0.0 ni, 64.4 id,  0.0 wa,  0.0 hi,  0.9 si,  0.0 st
%Cpu(s): 19.4 us,  4.1 sy,  0.0 ni, 76.1 id,  0.0 wa,  0.0 hi,  0.3 si,  0.1 st
%Cpu(s): 13.0 us,  4.1 sy,  0.0 ni, 82.6 id,  0.0 wa,  0.0 hi,  0.2 si,  0.1 st
%Cpu(s):  9.1 us,  4.2 sy,  0.0 ni, 86.4 id,  0.0 wa,  0.0 hi,  0.3 si,  0.0 st
%Cpu(s): 11.1 us,  4.2 sy,  0.0 ni, 84.4 id,  0.0 wa,  0.0 hi,  0.3 si,  0.0 st
%Cpu(s):  8.0 us,  4.5 sy,  0.0 ni, 87.2 id,  0.0 wa,  0.0 hi,  0.3 si,  0.1 st
%Cpu(s):  6.7 us,  5.1 sy,  0.0 ni, 88.0 id,  0.0 wa,  0.0 hi,  0.3 si,  0.0 st
%Cpu(s):  7.6 us,  4.0 sy,  0.0 ni, 88.0 id,  0.1 wa,  0.0 hi,  0.3 si,  0.0 st
%Cpu(s):  8.2 us,  4.5 sy,  0.0 ni, 86.7 id,  0.0 wa,  0.0 hi,  0.6 si,  0.0 st
