%Cpu(s):  3.6 us,  0.8 sy,  0.0 ni, 95.5 id,  0.0 wa,  0.0 hi,  0.1 si,  0.0 st
%Cpu(s):  1.8 us,  0.6 sy,  0.0 ni, 97.5 id,  0.0 wa,  0.0 hi,  0.0 si,  0.1 st
%Cpu(s): 59.2 us,  7.3 sy,  0.0 ni, 33.5 id,  0.0 wa,  0.0 hi,  0.0 si,  0.1 st
%Cpu(s): 92.6 us,  6.1 sy,  0.0 ni,  1.2 id,  0.0 wa,  0.0 hi,  0.1 si,  0.0 st
%Cpu(s): 94.6 us,  4.2 sy,  0.0 ni,  1.2 id,  0.0 wa,  0.0 hi,  0.0 si,  0.0 st
%Cpu(s): 90.5 us,  5.5 sy,  0.0 ni,  4.0 id,  0.0 wa,  0.0 hi,  0.0 si,  0.0 st
%Cpu(s): 96.2 us,  3.0 sy,  0.0 ni,  0.7 id,  0.0 wa,  0.0 hi,  0.0 si,  0.0 st
%Cpu(s): 96.6 us,  3.4 sy,  0.0 ni,  0.0 id,  0.0 wa,  0.0 hi,  0.0 si,  0.0 st
%Cpu(s): 96.1 us,  3.9 sy,  0.0 ni,  0.0 id,  0.0 wa,  0.0 hi,  0.0 si,  0.0 st
%Cpu(s): 96.5 us,  3.5 sy,  0.0 ni,  0.1 id,  0.0 wa,  0.0 hi,  0.0 si,  0.0 st
%Cpu(s): 96.2 us,  3.8 sy,  0.0 ni,  0.0 id,  0.0 wa,  0.0 hi,  0.1 si,  0.0 st
%Cpu(s): 96.0 us,  4.0 sy,  0.0 ni,  0.0 id,  0.0 wa,  0.0 hi,  0.1 si,  0.0 st
%Cpu(s): 94.9 us,  4.8 sy,  0.0 ni,  0.0 id,  0.0 wa,  0.0 hi,  0.3 si,  0.0 st
%Cpu(s): 96.0 us,  3.8 sy,  0.0 ni,  0.0 id,  0.0 wa,  0.0 hi,  0.2 si,  0.0 st
%Cpu(s): 88.3 us,  2.5 sy,  0.0 ni,  8.9 id,  0.0 wa,  0.0 hi,  0.2 si,  0.0 st
%Cpu(s): 31.2 us,  2.3 sy,  0.0 ni, 66.3 id,  0.0 wa,  0.0 hi,  0.1 si,  0.1 st
%Cpu(s): 10.8 us,  3.6 sy,  0.0 ni, 85.3 id,  0.0 wa,  0.0 hi,  0.0 si,  0.3 st
%Cpu(s): 10.7 us,  3.5 sy,  0.0 ni, 85.7 id,  0.1 wa,  0.0 hi,  0.0 si,  0.1 st
%Cpu(s): 11.6 us,  3.5 sy,  0.0 ni, 84.7 id,  0.0 wa,  0.0 hi,  0.1 si,  0.2 st
%Cpu(s): 10.1 us,  3.9 sy,  0.0 ni, 85.6 id,  0.0 wa,  0.0 hi,  0.3 si,  0.3 st
%Cpu(s):  8.2 us,  4.4 sy,  0.0 ni, 87.2 id,  0.0 wa,  0.0 hi,  0.1 si,  0.2 st
%Cpu(s):  6.8 us,  4.4 sy,  0.0 ni, 88.6 id,  0.0 wa,  0.0 hi,  0.1 si,  0.1 st
%Cpu(s): 25.5 us,  4.0 sy,  0.0 ni, 70.3 id,  0.0 wa,  0.0 hi,  0.1 si,  0.0 st
%Cpu(s): 49.5 us,  5.6 sy,  0.0 ni, 44.6 id,  0.0 wa,  0.0 hi,  0.3 si,  0.0 st
%Cpu(s): 78.2 us,  6.0 sy,  0.0 ni, 15.4 id,  0.0 wa,  0.0 hi,  0.4 si,  0.0 st
%Cpu(s): 89.1 us,  7.2 sy,  0.0 ni,  3.0 id,  0.0 wa,  0.0 hi,  0.7 si,  0.0 st
%Cpu(s): 90.9 us,  8.4 sy,  0.0 ni,  0.0 id,  0.0 wa,  0.0 hi,  0.7 si,  0.0 st
%Cpu(s): 89.7 us,  9.1 sy,  0.0 ni,  0.2 id,  0.0 wa,  0.0 hi,  1.1 si,  0.0 st
%Cpu(s): 90.4 us,  8.3 sy,  0.0 ni,  0.0 id,  0.0 wa,  0.0 hi,  1.3 si,  0.0 st
%Cpu(s): 88.9 us, 10.0 sy,  0.0 ni,  0.0 id,  0.0 wa,  0.0 hi,  1.1 si,  0.0 st
%Cpu(s): 89.4 us,  9.4 sy,  0.0 ni,  0.0 id,  0.0 wa,  0.0 hi,  1.2 si,  0.0 st
%Cpu(s): 88.9 us, 10.0 sy,  0.0 ni,  0.0 id,  0.0 wa,  0.0 hi,  1.1 si,  0.0 st
%Cpu(s): 89.3 us,  9.4 sy,  0.0 ni,  0.0 id,  0.0 wa,  0.0 hi,  1.3 si,  0.0 st
%Cpu(s): 88.0 us, 10.4 sy,  0.0 ni,  0.0 id,  0.0 wa,  0.0 hi,  1.6 si,  0.0 st
%Cpu(s): 88.8 us,  9.3 sy,  0.0 ni,  0.0 id,  0.0 wa,  0.0 hi,  1.9 si,  0.0 st
%Cpu(s): 87.9 us, 10.7 sy,  0.0 ni,  0.0 id,  0.0 wa,  0.0 hi,  1.4 si,  0.0 st
%Cpu(s): 89.0 us,  9.4 sy,  0.0 ni,  0.1 id,  0.0 wa,  0.0 hi,  1.6 si,  0.0 st
%Cpu(s): 87.8 us, 10.6 sy,  0.0 ni,  0.0 id,  0.0 wa,  0.0 hi,  1.6 si,  0.0 st
%Cpu(s): 88.2 us, 10.3 sy,  0.0 ni,  0.0 id,  0.0 wa,  0.0 hi,  1.5 si,  0.0 st
%Cpu(s): 87.7 us, 10.8 sy,  0.0 ni,  0.0 id,  0.0 wa,  0.0 hi,  1.4 si,  0.0 st
%Cpu(s): 89.3 us,  9.6 sy,  0.0 ni,  0.0 id,  0.0 wa,  0.0 hi,  1.2 si,  0.0 st
%Cpu(s): 88.1 us, 10.2 sy,  0.0 ni,  0.2 id,  0.0 wa,  0.0 hi,  1.6 si,  0.0 st
%Cpu(s): 82.2 us, 10.1 sy,  0.0 ni,  6.3 id,  0.0 wa,  0.0 hi,  1.4 si,  0.0 st
%Cpu(s): 42.4 us,  8.2 sy,  0.0 ni, 48.1 id,  0.0 wa,  0.0 hi,  1.3 si,  0.0 st
%Cpu(s): 26.2 us,  8.1 sy,  0.0 ni, 63.8 id,  0.0 wa,  0.0 hi,  1.8 si,  0.1 st
%Cpu(s): 17.1 us,  7.1 sy,  0.0 ni, 74.2 id,  0.0 wa,  0.0 hi,  1.6 si,  0.0 st
%Cpu(s): 12.3 us,  7.4 sy,  0.0 ni, 79.0 id,  0.0 wa,  0.0 hi,  1.3 si,  0.1 st
%Cpu(s): 15.0 us,  7.6 sy,  0.0 ni, 75.7 id,  0.0 wa,  0.0 hi,  1.7 si,  0.0 st
%Cpu(s): 13.2 us,  6.7 sy,  0.0 ni, 78.7 id,  0.0 wa,  0.0 hi,  1.4 si,  0.0 st
%Cpu(s): 12.3 us,  6.8 sy,  0.0 ni, 79.4 id,  0.0 wa,  0.0 hi,  1.5 si,  0.1 st
%Cpu(s): 12.9 us,  7.3 sy,  0.0 ni, 78.2 id,  0.1 wa,  0.0 hi,  1.6 si,  0.0 st
%Cpu(s): 13.1 us,  7.5 sy,  0.0 ni, 77.6 id,  0.0 wa,  0.0 hi,  1.9 si,  0.0 st
%Cpu(s): 15.4 us,  7.2 sy,  0.0 ni, 75.7 id,  0.0 wa,  0.0 hi,  1.7 si,  0.0 st
%Cpu(s): 18.8 us,  7.6 sy,  0.0 ni, 71.8 id,  0.0 wa,  0.0 hi,  1.9 si,  0.0 st
%Cpu(s): 26.5 us,  6.5 sy,  0.0 ni, 65.6 id,  0.0 wa,  0.0 hi,  1.4 si,  0.1 st
%Cpu(s): 19.8 us,  7.8 sy,  0.0 ni, 71.0 id,  0.0 wa,  0.0 hi,  1.4 si,  0.0 st
%Cpu(s): 16.5 us,  7.5 sy,  0.0 ni, 74.4 id,  0.0 wa,  0.0 hi,  1.5 si,  0.0 st
%Cpu(s): 13.8 us,  7.6 sy,  0.0 ni, 76.8 id,  0.1 wa,  0.0 hi,  1.7 si,  0.0 st
%Cpu(s): 13.1 us,  7.6 sy,  0.0 ni, 77.6 id,  0.0 wa,  0.0 hi,  1.6 si,  0.1 st
%Cpu(s): 13.6 us,  7.0 sy,  0.0 ni, 77.9 id,  0.0 wa,  0.0 hi,  1.4 si,  0.1 st
%Cpu(s): 15.0 us,  8.0 sy,  0.0 ni, 75.6 id,  0.0 wa,  0.0 hi,  1.4 si,  0.0 st
%Cpu(s): 15.6 us,  6.9 sy,  0.0 ni, 76.0 id,  0.0 wa,  0.0 hi,  1.5 si,  0.0 st
%Cpu(s): 23.3 us,  7.6 sy,  0.0 ni, 67.6 id,  0.0 wa,  0.0 hi,  1.5 si,  0.0 st
%Cpu(s): 18.7 us,  7.7 sy,  0.0 ni, 72.0 id,  0.0 wa,  0.0 hi,  1.6 si,  0.0 st
%Cpu(s): 16.2 us,  7.2 sy,  0.0 ni, 75.1 id,  0.0 wa,  0.0 hi,  1.5 si,  0.0 st
%Cpu(s): 12.4 us,  6.8 sy,  0.0 ni, 79.4 id,  0.0 wa,  0.0 hi,  1.4 si,  0.0 st
%Cpu(s): 10.8 us,  7.1 sy,  0.0 ni, 80.4 id,  0.0 wa,  0.0 hi,  1.7 si,  0.1 st
%Cpu(s): 11.8 us,  7.1 sy,  0.0 ni, 79.5 id,  0.1 wa,  0.0 hi,  1.5 si,  0.0 st
%Cpu(s): 14.9 us,  7.8 sy,  0.0 ni, 75.4 id,  0.0 wa,  0.0 hi,  1.8 si,  0.0 st
%Cpu(s): 15.8 us,  7.3 sy,  0.0 ni, 75.2 id,  0.0 wa,  0.0 hi,  1.6 si,  0.1 st
%Cpu(s): 21.5 us,  7.6 sy,  0.0 ni, 69.3 id,  0.0 wa,  0.0 hi,  1.6 si,  0.0 st
%Cpu(s): 14.5 us,  8.5 sy,  0.0 ni, 75.1 id,  0.0 wa,  0.0 hi,  1.9 si,  0.1 st
%Cpu(s): 16.2 us,  8.2 sy,  0.0 ni, 73.8 id,  0.1 wa,  0.0 hi,  1.7 si,  0.0 st
%Cpu(s): 15.4 us,  9.3 sy,  0.0 ni, 73.2 id,  0.0 wa,  0.0 hi,  2.1 si,  0.0 st
%Cpu(s): 15.6 us,  8.1 sy,  0.0 ni, 74.4 id,  0.1 wa,  0.0 hi,  1.8 si,  0.0 st
%Cpu(s): 14.0 us,  8.4 sy,  0.0 ni, 75.6 id,  0.0 wa,  0.0 hi,  1.9 si,  0.1 st
