%Cpu(s):  3.8 us,  1.0 sy,  0.0 ni, 95.1 id,  0.0 wa,  0.0 hi,  0.1 si,  0.0 st
%Cpu(s):  0.2 us,  0.1 sy,  0.0 ni, 99.7 id,  0.0 wa,  0.0 hi,  0.0 si,  0.0 st
%Cpu(s): 34.2 us,  4.3 sy,  0.0 ni, 61.4 id,  0.0 wa,  0.0 hi,  0.0 si,  0.1 st
%Cpu(s): 81.7 us,  4.8 sy,  0.0 ni, 13.5 id,  0.0 wa,  0.0 hi,  0.0 si,  0.0 st
%Cpu(s): 71.0 us,  3.9 sy,  0.0 ni, 25.0 id,  0.0 wa,  0.0 hi,  0.0 si,  0.1 st
%Cpu(s): 88.9 us,  3.3 sy,  0.0 ni,  7.7 id,  0.0 wa,  0.0 hi,  0.1 si,  0.1 st
%Cpu(s): 95.4 us,  3.1 sy,  0.0 ni,  1.5 id,  0.0 wa,  0.0 hi,  0.0 si,  0.0 st
%Cpu(s): 95.4 us,  3.5 sy,  0.0 ni,  1.1 id,  0.0 wa,  0.0 hi,  0.0 si,  0.0 st
%Cpu(s): 93.3 us,  3.4 sy,  0.0 ni,  3.1 id,  0.0 wa,  0.0 hi,  0.2 si,  0.0 st
%Cpu(s): 95.5 us,  4.1 sy,  0.0 ni,  0.1 id,  0.0 wa,  0.0 hi,  0.4 si,  0.0 st
%Cpu(s): 52.9 us,  1.5 sy,  0.0 ni, 45.6 id,  0.0 wa,  0.0 hi,  0.1 si,  0.0 st
%Cpu(s): 28.1 us,  1.0 sy,  0.0 ni, 70.8 id,  0.0 wa,  0.0 hi,  0.0 si,  0.1 st
%Cpu(s): 35.8 us,  0.7 sy,  0.0 ni, 63.4 id,  0.0 wa,  0.0 hi,  0.0 si,  0.1 st
%Cpu(s): 26.9 us,  1.1 sy,  0.0 ni, 72.1 id,  0.0 wa,  0.0 hi,  0.0 si,  0.0 st
%Cpu(s):  3.8 us,  1.4 sy,  0.0 ni, 94.7 id,  0.0 wa,  0.0 hi,  0.0 si,  0.0 st
%Cpu(s):  3.5 us,  0.8 sy,  0.0 ni, 95.7 id,  0.0 wa,  0.0 hi,  0.0 si,  0.1 st
%Cpu(s):  3.0 us,  1.4 sy,  0.0 ni, 95.5 id,  0.0 wa,  0.0 hi,  0.1 si,  0.1 st
%Cpu(s):  3.1 us,  0.8 sy,  0.0 ni, 96.1 id,  0.0 wa,  0.0 hi,  0.0 si,  0.0 st
%Cpu(s):  2.4 us,  0.9 sy,  0.0 ni, 96.6 id,  0.0 wa,  0.0 hi,  0.1 si,  0.0 st
%Cpu(s): 18.4 us,  2.7 sy,  0.0 ni, 78.7 id,  0.0 wa,  0.0 hi,  0.1 si,  0.1 st
%Cpu(s): 62.1 us,  6.4 sy,  0.0 ni, 30.7 id,  0.0 wa,  0.0 hi,  0.7 si,  0.1 st
%Cpu(s): 87.8 us,  8.7 sy,  0.0 ni,  2.0 id,  0.0 wa,  0.0 hi,  1.6 si,  0.0 st
%Cpu(s): 88.7 us,  9.6 sy,  0.0 ni,  0.1 id,  0.0 wa,  0.0 hi,  1.6 si,  0.0 st
%Cpu(s): 87.6 us, 10.4 sy,  0.0 ni,  0.2 id,  0.0 wa,  0.0 hi,  1.8 si,  0.0 st
%Cpu(s): 88.4 us, 10.0 sy,  0.0 ni,  0.1 id,  0.0 wa,  0.0 hi,  1.5 si,  0.0 st
%Cpu(s): 87.0 us, 11.0 sy,  0.0 ni,  0.1 id,  0.0 wa,  0.0 hi,  2.0 si,  0.0 st
%Cpu(s): 86.9 us, 11.2 sy,  0.0 ni,  0.1 id,  0.0 wa,  0.0 hi,  1.9 si,  0.0 st
%Cpu(s): 86.3 us, 11.7 sy,  0.0 ni,  0.0 id,  0.0 wa,  0.0 hi,  2.0 si,  0.0 st
%Cpu(s): 86.0 us, 11.3 sy,  0.0 ni,  0.0 id,  0.0 wa,  0.0 hi,  2.7 si,  0.0 st
%Cpu(s): 87.9 us, 10.1 sy,  0.0 ni,  0.1 id,  0.0 wa,  0.0 hi,  1.9 si,  0.0 st
%Cpu(s): 86.0 us, 11.0 sy,  0.0 ni,  1.2 id,  0.0 wa,  0.0 hi,  1.7 si,  0.0 st
%Cpu(s): 84.3 us, 10.4 sy,  0.0 ni,  3.6 id,  0.0 wa,  0.0 hi,  1.7 si,  0.0 st
%Cpu(s): 63.8 us,  9.2 sy,  0.0 ni, 25.0 id,  0.0 wa,  0.0 hi,  2.0 si,  0.0 st
%Cpu(s): 18.0 us,  7.8 sy,  0.0 ni, 72.1 id,  0.1 wa,  0.0 hi,  2.0 si,  0.0 st
%Cpu(s): 20.1 us,  8.3 sy,  0.0 ni, 69.5 id,  0.0 wa,  0.0 hi,  2.0 si,  0.1 st
%Cpu(s): 15.9 us,  7.5 sy,  0.0 ni, 74.9 id,  0.0 wa,  0.0 hi,  1.7 si,  0.1 st
%Cpu(s): 17.9 us,  7.6 sy,  0.0 ni, 72.3 id,  0.0 wa,  0.0 hi,  2.2 si,  0.0 st
%Cpu(s): 16.7 us,  9.0 sy,  0.0 ni, 72.2 id,  0.0 wa,  0.0 hi,  2.1 si,  0.0 st
%Cpu(s): 13.9 us,  7.7 sy,  0.0 ni, 76.5 id,  0.0 wa,  0.0 hi,  1.9 si,  0.0 st
%Cpu(s): 14.7 us,  7.4 sy,  0.0 ni, 76.2 id,  0.0 wa,  0.0 hi,  1.7 si,  0.0 st
%Cpu(s): 16.8 us,  7.7 sy,  0.0 ni, 73.7 id,  0.0 wa,  0.0 hi,  1.8 si,  0.0 st
%Cpu(s): 13.7 us,  9.1 sy,  0.0 ni, 75.3 id,  0.0 wa,  0.0 hi,  1.9 si,  0.1 st
%Cpu(s): 15.0 us,  8.7 sy,  0.0 ni, 74.3 id,  0.0 wa,  0.0 hi,  2.0 si,  0.0 st
%Cpu(s): 15.3 us,  8.9 sy,  0.0 ni, 73.6 id,  0.0 wa,  0.0 hi,  2.2 si,  0.0 st
%Cpu(s): 19.7 us,  9.1 sy,  0.0 ni, 69.2 id,  0.0 wa,  0.0 hi,  2.1 si,  0.0 st
%Cpu(s): 26.5 us,  9.9 sy,  0.0 ni, 61.5 id,  0.0 wa,  0.0 hi,  2.0 si,  0.0 st
%Cpu(s): 17.9 us,  8.8 sy,  0.0 ni, 71.4 id,  0.0 wa,  0.0 hi,  1.8 si,  0.1 st
%Cpu(s): 16.3 us,  9.0 sy,  0.0 ni, 72.8 id,  0.0 wa,  0.0 hi,  1.9 si,  0.0 st
%Cpu(s): 21.8 us,  8.8 sy,  0.0 ni, 67.1 id,  0.1 wa,  0.0 hi,  2.3 si,  0.0 st
%Cpu(s): 36.6 us,  8.6 sy,  0.0 ni, 52.8 id,  0.0 wa,  0.0 hi,  2.0 si,  0.0 st
%Cpu(s): 26.2 us,  8.1 sy,  0.0 ni, 64.2 id,  0.0 wa,  0.0 hi,  1.5 si,  0.0 st
%Cpu(s): 27.6 us,  8.8 sy,  0.0 ni, 61.6 id,  0.0 wa,  0.0 hi,  2.0 si,  0.1 st
%Cpu(s): 24.3 us,  8.3 sy,  0.0 ni, 65.6 id,  0.0 wa,  0.0 hi,  1.8 si,  0.0 st
%Cpu(s): 37.6 us,  7.8 sy,  0.0 ni, 52.9 id,  0.0 wa,  0.0 hi,  1.6 si,  0.0 st
%Cpu(s): 30.1 us,  8.7 sy,  0.0 ni, 59.4 id,  0.0 wa,  0.0 hi,  1.8 si,  0.0 st
%Cpu(s): 24.2 us,  8.2 sy,  0.0 ni, 65.6 id,  0.0 wa,  0.0 hi,  2.0 si,  0.0 st
%Cpu(s): 17.7 us,  8.1 sy,  0.0 ni, 72.4 id,  0.0 wa,  0.0 hi,  1.8 si,  0.1 st
%Cpu(s): 21.4 us,  8.3 sy,  0.0 ni, 68.2 id,  0.0 wa,  0.0 hi,  2.0 si,  0.0 st
%Cpu(s): 13.1 us,  8.3 sy,  0.0 ni, 77.0 id,  0.0 wa,  0.0 hi,  1.7 si,  0.0 st
%Cpu(s): 22.8 us,  8.3 sy,  0.0 ni, 66.8 id,  0.0 wa,  0.0 hi,  2.2 si,  0.0 st
%Cpu(s): 21.2 us,  7.7 sy,  0.0 ni, 69.0 id,  0.0 wa,  0.0 hi,  2.1 si,  0.1 st
%Cpu(s): 20.1 us,  7.3 sy,  0.0 ni, 70.7 id,  0.0 wa,  0.0 hi,  1.8 si,  0.0 st
%Cpu(s): 12.9 us,  7.5 sy,  0.0 ni, 78.2 id,  0.0 wa,  0.0 hi,  1.4 si,  0.0 st
%Cpu(s): 16.0 us,  8.2 sy,  0.0 ni, 73.7 id,  0.1 wa,  0.0 hi,  2.0 si,  0.0 st
%Cpu(s): 12.0 us,  8.1 sy,  0.0 ni, 77.7 id,  0.0 wa,  0.0 hi,  2.1 si,  0.0 st
%Cpu(s): 11.4 us,  8.3 sy,  0.0 ni, 78.4 id,  0.0 wa,  0.0 hi,  1.9 si,  0.0 st
%Cpu(s): 13.1 us,  7.8 sy,  0.0 ni, 77.9 id,  0.0 wa,  0.0 hi,  1.3 si,  0.0 st
%Cpu(s): 14.4 us,  7.8 sy,  0.0 ni, 75.9 id,  0.0 wa,  0.0 hi,  1.9 si,  0.1 st
%Cpu(s): 13.5 us,  8.0 sy,  0.0 ni, 76.7 id,  0.0 wa,  0.0 hi,  1.8 si,  0.0 st
%Cpu(s): 13.5 us,  9.1 sy,  0.0 ni, 75.3 id,  0.0 wa,  0.0 hi,  2.1 si,  0.1 st
%Cpu(s): 14.1 us,  9.1 sy,  0.0 ni, 74.8 id,  0.0 wa,  0.0 hi,  1.9 si,  0.0 st
%Cpu(s): 15.1 us,  8.6 sy,  0.0 ni, 74.1 id,  0.0 wa,  0.0 hi,  2.3 si,  0.0 st
%Cpu(s): 16.0 us,  8.8 sy,  0.0 ni, 72.6 id,  0.0 wa,  0.0 hi,  2.5 si,  0.1 st
%Cpu(s): 14.6 us,  8.3 sy,  0.0 ni, 74.8 id,  0.0 wa,  0.0 hi,  2.3 si,  0.0 st
%Cpu(s): 14.4 us,  8.4 sy,  0.0 ni, 74.5 id,  0.0 wa,  0.0 hi,  2.7 si,  0.0 st
%Cpu(s): 16.2 us,  8.4 sy,  0.0 ni, 73.4 id,  0.0 wa,  0.0 hi,  2.0 si,  0.0 st
