%Cpu(s):  3.5 us,  0.8 sy,  0.0 ni, 95.5 id,  0.0 wa,  0.0 hi,  0.1 si,  0.0 st
%Cpu(s):  2.9 us,  0.9 sy,  0.0 ni, 96.0 id,  0.0 wa,  0.0 hi,  0.1 si,  0.1 st
%Cpu(s): 74.6 us,  7.8 sy,  0.0 ni, 17.4 id,  0.1 wa,  0.0 hi,  0.1 si,  0.1 st
%Cpu(s): 93.2 us,  5.2 sy,  0.0 ni,  1.6 id,  0.0 wa,  0.0 hi,  0.0 si,  0.0 st
%Cpu(s): 94.4 us,  4.5 sy,  0.0 ni,  1.1 id,  0.0 wa,  0.0 hi,  0.0 si,  0.0 st
%Cpu(s): 91.7 us,  4.8 sy,  0.0 ni,  3.6 id,  0.0 wa,  0.0 hi,  0.0 si,  0.0 st
%Cpu(s): 96.6 us,  2.7 sy,  0.0 ni,  0.7 id,  0.0 wa,  0.0 hi,  0.0 si,  0.0 st
%Cpu(s): 96.6 us,  3.4 sy,  0.0 ni,  0.0 id,  0.0 wa,  0.0 hi,  0.0 si,  0.0 st
%Cpu(s): 96.6 us,  3.4 sy,  0.0 ni,  0.0 id,  0.0 wa,  0.0 hi,  0.1 si,  0.0 st
%Cpu(s): 95.6 us,  4.4 sy,  0.0 ni,  0.0 id,  0.0 wa,  0.0 hi,  0.1 si,  0.0 st
%Cpu(s): 96.7 us,  3.3 sy,  0.0 ni,  0.0 id,  0.0 wa,  0.0 hi,  0.0 si,  0.0 st
%Cpu(s): 96.2 us,  3.7 sy,  0.0 ni,  0.0 id,  0.0 wa,  0.0 hi,  0.1 si,  0.0 st
%Cpu(s): 95.2 us,  4.4 sy,  0.0 ni,  0.0 id,  0.0 wa,  0.0 hi,  0.4 si,  0.0 st
%Cpu(s): 96.2 us,  3.6 sy,  0.0 ni,  0.0 id,  0.0 wa,  0.0 hi,  0.2 si,  0.0 st
%Cpu(s): 73.4 us,  2.5 sy,  0.0 ni, 23.9 id,  0.0 wa,  0.0 hi,  0.1 si,  0.1 st
%Cpu(s): 23.3 us,  2.1 sy,  0.0 ni, 74.5 id,  0.0 wa,  0.0 hi,  0.0 si,  0.1 st
%Cpu(s): 11.1 us,  3.4 sy,  0.0 ni, 85.2 id,  0.0 wa,  0.0 hi,  0.1 si,  0.2 st
%Cpu(s): 12.0 us,  2.7 sy,  0.0 ni, 85.0 id,  0.0 wa,  0.0 hi,  0.1 si,  0.1 st
%Cpu(s): 10.4 us,  3.7 sy,  0.0 ni, 85.7 id,  0.0 wa,  0.0 hi,  0.1 si,  0.1 st
%Cpu(s): 10.2 us,  3.7 sy,  0.0 ni, 85.8 id,  0.0 wa,  0.0 hi,  0.1 si,  0.2 st
%Cpu(s):  7.9 us,  4.2 sy,  0.0 ni, 87.6 id,  0.0 wa,  0.0 hi,  0.1 si,  0.1 st
%Cpu(s):  7.7 us,  4.7 sy,  0.0 ni, 87.3 id,  0.0 wa,  0.0 hi,  0.2 si,  0.1 st
%Cpu(s): 18.0 us,  4.4 sy,  0.0 ni, 77.4 id,  0.1 wa,  0.0 hi,  0.1 si,  0.1 st
%Cpu(s): 55.0 us,  6.3 sy,  0.0 ni, 37.9 id,  0.0 wa,  0.0 hi,  0.7 si,  0.1 st
%Cpu(s): 82.7 us,  6.8 sy,  0.0 ni, 10.0 id,  0.0 wa,  0.0 hi,  0.4 si,  0.0 st
%Cpu(s): 91.1 us,  7.4 sy,  0.0 ni,  0.9 id,  0.0 wa,  0.0 hi,  0.7 si,  0.0 st
%Cpu(s): 89.8 us,  9.3 sy,  0.0 ni,  0.0 id,  0.0 wa,  0.0 hi,  0.9 si,  0.0 st
%Cpu(s): 89.2 us,  9.6 sy,  0.0 ni,  0.0 id,  0.0 wa,  0.0 hi,  1.2 si,  0.0 st
%Cpu(s): 88.7 us,  9.9 sy,  0.0 ni,  0.0 id,  0.0 wa,  0.0 hi,  1.4 si,  0.0 st
%Cpu(s): 90.0 us,  8.9 sy,  0.0 ni,  0.0 id,  0.0 wa,  0.0 hi,  1.2 si,  0.0 st
%Cpu(s): 88.4 us, 10.1 sy,  0.0 ni,  0.0 id,  0.0 wa,  0.0 hi,  1.5 si,  0.0 st
%Cpu(s): 88.9 us, 10.0 sy,  0.0 ni,  0.0 id,  0.0 wa,  0.0 hi,  1.1 si,  0.0 st
%Cpu(s): 88.5 us, 10.3 sy,  0.0 ni,  0.0 id,  0.0 wa,  0.0 hi,  1.2 si,  0.0 st
%Cpu(s): 88.6 us,  9.7 sy,  0.0 ni,  0.0 id,  0.0 wa,  0.0 hi,  1.7 si,  0.0 st
%Cpu(s): 88.2 us, 10.4 sy,  0.0 ni,  0.0 id,  0.0 wa,  0.0 hi,  1.4 si,  0.0 st
%Cpu(s): 87.1 us, 11.5 sy,  0.0 ni,  0.0 id,  0.0 wa,  0.0 hi,  1.5 si,  0.0 st
%Cpu(s): 86.4 us, 12.0 sy,  0.0 ni,  0.0 id,  0.0 wa,  0.0 hi,  1.6 si,  0.0 st
%Cpu(s): 88.2 us, 10.4 sy,  0.0 ni,  0.0 id,  0.0 wa,  0.0 hi,  1.4 si,  0.0 st
%Cpu(s): 89.0 us,  9.9 sy,  0.0 ni,  0.0 id,  0.0 wa,  0.0 hi,  1.1 si,  0.0 st
%Cpu(s): 86.9 us, 11.5 sy,  0.0 ni,  0.0 id,  0.0 wa,  0.0 hi,  1.6 si,  0.0 st
%Cpu(s): 89.1 us,  9.6 sy,  0.0 ni,  0.0 id,  0.0 wa,  0.0 hi,  1.3 si,  0.0 st
%Cpu(s): 88.3 us, 10.2 sy,  0.0 ni,  0.0 id,  0.0 wa,  0.0 hi,  1.4 si,  0.0 st
%Cpu(s): 87.4 us, 10.7 sy,  0.0 ni,  0.0 id,  0.0 wa,  0.0 hi,  2.0 si,  0.0 st
%Cpu(s): 87.4 us, 10.9 sy,  0.0 ni,  0.1 id,  0.0 wa,  0.0 hi,  1.7 si,  0.0 st
%Cpu(s): 87.0 us, 11.2 sy,  0.0 ni,  0.5 id,  0.0 wa,  0.0 hi,  1.4 si,  0.0 st
%Cpu(s): 46.8 us,  9.7 sy,  0.0 ni, 41.7 id,  0.0 wa,  0.0 hi,  1.8 si,  0.0 st
%Cpu(s): 22.5 us,  7.5 sy,  0.0 ni, 68.5 id,  0.0 wa,  0.0 hi,  1.4 si,  0.1 st
%Cpu(s): 14.4 us,  7.7 sy,  0.0 ni, 76.2 id,  0.3 wa,  0.0 hi,  1.5 si,  0.0 st
%Cpu(s): 17.1 us,  7.9 sy,  0.0 ni, 73.5 id,  0.0 wa,  0.0 hi,  1.4 si,  0.0 st
%Cpu(s): 16.2 us,  7.7 sy,  0.0 ni, 74.4 id,  0.0 wa,  0.0 hi,  1.7 si,  0.0 st
%Cpu(s): 13.9 us,  7.3 sy,  0.0 ni, 77.3 id,  0.0 wa,  0.0 hi,  1.4 si,  0.1 st
%Cpu(s): 15.1 us,  8.0 sy,  0.0 ni, 75.1 id,  0.0 wa,  0.0 hi,  1.8 si,  0.0 st
%Cpu(s): 16.5 us,  7.2 sy,  0.0 ni, 74.5 id,  0.0 wa,  0.0 hi,  1.8 si,  0.0 st
%Cpu(s): 20.6 us,  6.9 sy,  0.0 ni, 71.0 id,  0.0 wa,  0.0 hi,  1.6 si,  0.0 st
%Cpu(s): 22.4 us,  6.8 sy,  0.0 ni, 69.2 id,  0.0 wa,  0.0 hi,  1.5 si,  0.1 st
%Cpu(s): 19.0 us,  7.3 sy,  0.0 ni, 72.5 id,  0.0 wa,  0.0 hi,  1.3 si,  0.0 st
%Cpu(s): 15.0 us,  7.0 sy,  0.0 ni, 76.4 id,  0.0 wa,  0.0 hi,  1.6 si,  0.0 st
%Cpu(s): 14.3 us,  8.3 sy,  0.0 ni, 75.8 id,  0.1 wa,  0.0 hi,  1.6 si,  0.0 st
%Cpu(s): 14.1 us,  7.6 sy,  0.0 ni, 76.4 id,  0.0 wa,  0.0 hi,  1.9 si,  0.1 st
%Cpu(s): 15.3 us,  8.1 sy,  0.0 ni, 75.2 id,  0.0 wa,  0.0 hi,  1.4 si,  0.0 st
%Cpu(s): 15.7 us,  7.8 sy,  0.0 ni, 74.8 id,  0.0 wa,  0.0 hi,  1.7 si,  0.0 st
%Cpu(s): 16.0 us,  7.6 sy,  0.0 ni, 74.8 id,  0.0 wa,  0.0 hi,  1.6 si,  0.0 st
%Cpu(s): 19.6 us,  8.0 sy,  0.0 ni, 71.2 id,  0.0 wa,  0.0 hi,  1.1 si,  0.1 st
%Cpu(s): 21.8 us,  7.9 sy,  0.0 ni, 69.3 id,  0.0 wa,  0.0 hi,  1.0 si,  0.1 st
%Cpu(s): 19.1 us,  6.9 sy,  0.0 ni, 72.5 id,  0.0 wa,  0.0 hi,  1.5 si,  0.0 st
%Cpu(s): 12.5 us,  6.6 sy,  0.0 ni, 79.3 id,  0.1 wa,  0.0 hi,  1.5 si,  0.0 st
%Cpu(s): 13.0 us,  7.8 sy,  0.0 ni, 77.8 id,  0.0 wa,  0.0 hi,  1.3 si,  0.0 st
%Cpu(s): 12.1 us,  6.9 sy,  0.0 ni, 79.3 id,  0.0 wa,  0.0 hi,  1.6 si,  0.1 st
%Cpu(s): 15.1 us,  7.2 sy,  0.0 ni, 75.8 id,  0.0 wa,  0.0 hi,  1.7 si,  0.1 st
%Cpu(s): 23.4 us,  7.8 sy,  0.0 ni, 67.3 id,  0.0 wa,  0.0 hi,  1.5 si,  0.0 st
%Cpu(s): 16.1 us,  7.7 sy,  0.0 ni, 74.8 id,  0.0 wa,  0.0 hi,  1.4 si,  0.0 st
%Cpu(s): 14.3 us,  8.4 sy,  0.0 ni, 75.5 id,  0.0 wa,  0.0 hi,  1.7 si,  0.0 st
%Cpu(s): 18.8 us,  8.7 sy,  0.0 ni, 70.8 id,  0.0 wa,  0.0 hi,  1.7 si,  0.0 st
%Cpu(s): 18.8 us,  8.8 sy,  0.0 ni, 70.0 id,  0.0 wa,  0.0 hi,  2.4 si,  0.0 st
%Cpu(s): 14.5 us,  8.3 sy,  0.0 ni, 75.0 id,  0.0 wa,  0.0 hi,  2.3 si,  0.0 st
%Cpu(s): 14.2 us,  9.3 sy,  0.0 ni, 74.6 id,  0.1 wa,  0.0 hi,  1.7 si,  0.1 st
