%Cpu(s):  3.0 us,  0.6 sy,  0.0 ni, 96.3 id,  0.0 wa,  0.0 hi,  0.1 si,  0.0 st
%Cpu(s): 21.9 us,  3.7 sy,  0.0 ni, 74.1 id,  0.0 wa,  0.0 hi,  0.1 si,  0.1 st
%Cpu(s): 87.2 us,  3.3 sy,  0.0 ni,  9.3 id,  0.0 wa,  0.0 hi,  0.0 si,  0.1 st
%Cpu(s): 79.7 us,  3.0 sy,  0.0 ni, 17.3 id,  0.0 wa,  0.0 hi,  0.0 si,  0.0 st
%Cpu(s): 95.0 us,  2.4 sy,  0.0 ni,  2.5 id,  0.0 wa,  0.0 hi,  0.1 si,  0.0 st
%Cpu(s): 96.6 us,  2.0 sy,  0.0 ni,  1.4 id,  0.0 wa,  0.0 hi,  0.0 si,  0.0 st
%Cpu(s): 74.3 us,  1.9 sy,  0.0 ni, 23.7 id,  0.0 wa,  0.0 hi,  0.1 si,  0.0 st
%Cpu(s): 10.5 us,  2.8 sy,  0.0 ni, 86.4 id,  0.0 wa,  0.0 hi,  0.1 si,  0.2 st
%Cpu(s):  8.6 us,  3.2 sy,  0.0 ni, 88.1 id,  0.0 wa,  0.0 hi,  0.0 si,  0.1 st
%Cpu(s):  4.2 us,  2.0 sy,  0.0 ni, 93.5 id,  0.0 wa,  0.0 hi,  0.1 si,  0.3 st
%Cpu(s):  4.7 us,  2.2 sy,  0.0 ni, 92.9 id,  0.1 wa,  0.0 hi,  0.0 si,  0.1 st
%Cpu(s): 13.0 us,  1.9 sy,  0.0 ni, 84.6 id,  0.0 wa,  0.0 hi,  0.1 si,  0.4 st
%Cpu(s): 15.4 us,  1.8 sy,  0.0 ni, 82.6 id,  0.0 wa,  0.0 hi,  0.1 si,  0.1 st
%Cpu(s):  5.1 us,  2.2 sy,  0.0 ni, 92.4 id,  0.0 wa,  0.0 hi,  0.1 si,  0.3 st
%Cpu(s): 13.5 us,  3.6 sy,  0.0 ni, 82.8 id,  0.0 wa,  0.0 hi,  0.1 si,  0.0 st
%Cpu(s):  7.3 us,  3.6 sy,  0.0 ni, 89.0 id,  0.0 wa,  0.0 hi,  0.1 si,  0.0 st
%Cpu(s): 25.5 us,  4.6 sy,  0.0 ni, 69.5 id,  0.0 wa,  0.0 hi,  0.1 si,  0.1 st
%Cpu(s): 84.7 us,  9.0 sy,  0.0 ni,  4.8 id,  0.0 wa,  0.0 hi,  1.5 si,  0.0 st
%Cpu(s): 86.9 us, 10.1 sy,  0.0 ni,  0.9 id,  0.0 wa,  0.0 hi,  2.1 si,  0.0 st
%Cpu(s): 86.6 us,  9.5 sy,  0.0 ni,  1.5 id,  0.0 wa,  0.0 hi,  2.4 si,  0.0 st
%Cpu(s): 87.1 us,  9.2 sy,  0.0 ni,  1.5 id,  0.0 wa,  0.0 hi,  2.1 si,  0.0 st
%Cpu(s): 87.2 us,  9.5 sy,  0.0 ni,  1.0 id,  0.0 wa,  0.0 hi,  2.4 si,  0.0 st
%Cpu(s): 87.2 us,  9.5 sy,  0.0 ni,  1.2 id,  0.0 wa,  0.0 hi,  2.1 si,  0.0 st
%Cpu(s): 62.7 us,  8.4 sy,  0.0 ni, 27.8 id,  0.0 wa,  0.0 hi,  1.1 si,  0.0 st
%Cpu(s): 41.1 us,  7.7 sy,  0.0 ni, 50.0 id,  0.0 wa,  0.0 hi,  1.3 si,  0.0 st
%Cpu(s): 14.9 us,  6.8 sy,  0.0 ni, 76.7 id,  0.0 wa,  0.0 hi,  1.7 si,  0.0 st
%Cpu(s): 14.3 us,  7.2 sy,  0.0 ni, 76.9 id,  0.0 wa,  0.0 hi,  1.7 si,  0.0 st
%Cpu(s): 34.3 us,  7.5 sy,  0.0 ni, 56.3 id,  0.0 wa,  0.0 hi,  1.9 si,  0.0 st
%Cpu(s): 56.6 us,  8.0 sy,  0.0 ni, 33.7 id,  0.0 wa,  0.0 hi,  1.7 si,  0.0 st
%Cpu(s): 55.8 us,  7.5 sy,  0.0 ni, 34.5 id,  0.0 wa,  0.0 hi,  2.3 si,  0.0 st
%Cpu(s): 32.3 us,  8.2 sy,  0.0 ni, 57.6 id,  0.0 wa,  0.0 hi,  1.8 si,  0.1 st
%Cpu(s): 13.5 us,  7.8 sy,  0.0 ni, 77.4 id,  0.0 wa,  0.0 hi,  1.4 si,  0.0 st
%Cpu(s): 14.3 us,  6.2 sy,  0.0 ni, 78.1 id,  0.0 wa,  0.0 hi,  1.4 si,  0.0 st
%Cpu(s): 12.1 us,  7.9 sy,  0.0 ni, 78.7 id,  0.0 wa,  0.0 hi,  1.3 si,  0.0 st
%Cpu(s): 12.3 us,  7.3 sy,  0.0 ni, 78.5 id,  0.0 wa,  0.0 hi,  1.9 si,  0.0 st
%Cpu(s): 12.5 us,  7.2 sy,  0.0 ni, 78.9 id,  0.1 wa,  0.0 hi,  1.3 si,  0.0 st
%Cpu(s): 11.4 us,  6.3 sy,  0.0 ni, 81.0 id,  0.0 wa,  0.0 hi,  1.3 si,  0.1 st
%Cpu(s):  9.0 us,  7.4 sy,  0.0 ni, 82.4 id,  0.0 wa,  0.0 hi,  1.3 si,  0.0 st
%Cpu(s): 11.2 us,  6.5 sy,  0.0 ni, 81.0 id,  0.0 wa,  0.0 hi,  1.3 si,  0.0 st
%Cpu(s): 13.5 us,  6.5 sy,  0.0 ni, 79.2 id,  0.0 wa,  0.0 hi,  0.8 si,  0.0 st
%Cpu(s): 12.3 us,  7.8 sy,  0.0 ni, 77.7 id,  0.0 wa,  0.0 hi,  2.0 si,  0.1 st
%Cpu(s): 12.8 us,  7.7 sy,  0.0 ni, 77.7 id,  0.0 wa,  0.0 hi,  1.9 si,  0.0 st
%Cpu(s): 12.0 us,  8.4 sy,  0.0 ni, 77.9 id,  0.0 wa,  0.0 hi,  1.6 si,  0.0 st
%Cpu(s): 15.2 us,  7.0 sy,  0.0 ni, 76.8 id,  0.0 wa,  0.0 hi,  1.0 si,  0.0 st
%Cpu(s): 11.0 us,  7.4 sy,  0.0 ni, 80.1 id,  0.0 wa,  0.0 hi,  1.5 si,  0.0 st
%Cpu(s): 11.1 us,  6.8 sy,  0.0 ni, 79.8 id,  0.0 wa,  0.0 hi,  2.3 si,  0.0 st
%Cpu(s): 13.9 us,  6.8 sy,  0.0 ni, 77.6 id,  0.0 wa,  0.0 hi,  1.7 si,  0.0 st
%Cpu(s): 27.8 us,  7.1 sy,  0.0 ni, 63.5 id,  0.0 wa,  0.0 hi,  1.6 si,  0.0 st
%Cpu(s): 17.6 us,  7.6 sy,  0.0 ni, 72.6 id,  0.0 wa,  0.0 hi,  2.0 si,  0.1 st
%Cpu(s): 12.8 us,  7.3 sy,  0.0 ni, 78.5 id,  0.0 wa,  0.0 hi,  1.4 si,  0.0 st
%Cpu(s): 17.5 us,  6.3 sy,  0.0 ni, 74.8 id,  0.0 wa,  0.0 hi,  1.4 si,  0.0 st
%Cpu(s): 16.7 us,  6.8 sy,  0.0 ni, 75.0 id,  0.0 wa,  0.0 hi,  1.4 si,  0.1 st
%Cpu(s): 11.2 us,  7.0 sy,  0.0 ni, 80.2 id,  0.0 wa,  0.0 hi,  1.7 si,  0.0 st
%Cpu(s): 13.0 us,  7.0 sy,  0.0 ni, 78.5 id,  0.0 wa,  0.0 hi,  1.5 si,  0.0 st
%Cpu(s): 10.3 us,  6.7 sy,  0.0 ni, 81.9 id,  0.0 wa,  0.0 hi,  1.0 si,  0.0 st
%Cpu(s): 12.8 us,  6.6 sy,  0.0 ni, 78.8 id,  0.0 wa,  0.0 hi,  1.8 si,  0.0 st
%Cpu(s): 11.6 us,  7.3 sy,  0.0 ni, 78.7 id,  0.0 wa,  0.0 hi,  2.3 si,  0.0 st
%Cpu(s): 11.4 us,  7.3 sy,  0.0 ni, 79.2 id,  0.0 wa,  0.0 hi,  2.1 si,  0.0 st
%Cpu(s): 12.0 us,  7.4 sy,  0.0 ni, 78.3 id,  0.0 wa,  0.0 hi,  2.3 si,  0.0 st
%Cpu(s): 12.2 us,  8.1 sy,  0.0 ni, 79.0 id,  0.0 wa,  0.0 hi,  0.7 si,  0.0 st
%Cpu(s): 12.1 us,  6.9 sy,  0.0 ni, 79.5 id,  0.0 wa,  0.0 hi,  1.5 si,  0.0 st
%Cpu(s): 12.8 us,  8.3 sy,  0.0 ni, 77.0 id,  0.0 wa,  0.0 hi,  1.9 si,  0.0 st
%Cpu(s): 12.7 us,  9.3 sy,  0.0 ni, 76.7 id,  0.0 wa,  0.0 hi,  1.1 si,  0.1 st
%Cpu(s): 14.5 us,  7.3 sy,  0.0 ni, 76.9 id,  0.0 wa,  0.0 hi,  1.3 si,  0.0 st
%Cpu(s): 11.6 us,  7.9 sy,  0.0 ni, 78.9 id,  0.0 wa,  0.0 hi,  1.6 si,  0.0 st
%Cpu(s): 12.9 us,  8.9 sy,  0.0 ni, 76.9 id,  0.0 wa,  0.0 hi,  1.3 si,  0.0 st
%Cpu(s): 15.6 us,  8.9 sy,  0.0 ni, 74.0 id,  0.0 wa,  0.0 hi,  1.5 si,  0.0 st
%Cpu(s): 12.8 us,  8.5 sy,  0.0 ni, 77.5 id,  0.0 wa,  0.0 hi,  1.0 si,  0.1 st
%Cpu(s): 15.1 us,  7.8 sy,  0.0 ni, 76.1 id,  0.0 wa,  0.0 hi,  1.0 si,  0.0 st
%Cpu(s): 13.0 us,  7.5 sy,  0.0 ni, 78.3 id,  0.0 wa,  0.0 hi,  1.2 si,  0.0 st
%Cpu(s): 14.2 us,  7.3 sy,  0.0 ni, 76.6 id,  0.0 wa,  0.0 hi,  1.8 si,  0.0 st
