%Cpu(s):  7.5 us,  1.4 sy,  0.0 ni, 90.9 id,  0.0 wa,  0.0 hi,  0.1 si,  0.0 st
%Cpu(s):  2.9 us,  1.8 sy,  0.0 ni, 95.0 id,  0.0 wa,  0.0 hi,  0.0 si,  0.4 st
%Cpu(s):  2.8 us,  1.8 sy,  0.0 ni, 95.4 id,  0.0 wa,  0.0 hi,  0.0 si,  0.0 st
%Cpu(s):  2.3 us,  1.7 sy,  0.0 ni, 95.8 id,  0.0 wa,  0.0 hi,  0.0 si,  0.3 st
%Cpu(s):  3.0 us,  1.8 sy,  0.0 ni, 95.0 id,  0.0 wa,  0.0 hi,  0.1 si,  0.1 st
%Cpu(s):  5.2 us,  1.9 sy,  0.0 ni, 92.5 id,  0.1 wa,  0.0 hi,  0.0 si,  0.3 st
%Cpu(s): 25.9 us,  2.6 sy,  0.0 ni, 71.0 id,  0.0 wa,  0.0 hi,  0.1 si,  0.4 st
%Cpu(s): 83.4 us,  5.6 sy,  0.0 ni, 10.4 id,  0.0 wa,  0.0 hi,  0.6 si,  0.0 st
%Cpu(s): 90.4 us,  6.1 sy,  0.0 ni,  2.2 id,  0.0 wa,  0.0 hi,  1.2 si,  0.0 st
%Cpu(s): 91.0 us,  5.6 sy,  0.0 ni,  2.2 id,  0.0 wa,  0.0 hi,  1.1 si,  0.0 st
%Cpu(s): 91.1 us,  7.0 sy,  0.0 ni,  0.5 id,  0.0 wa,  0.0 hi,  1.4 si,  0.0 st
%Cpu(s): 86.5 us,  6.6 sy,  0.0 ni,  5.6 id,  0.0 wa,  0.0 hi,  1.2 si,  0.0 st
%Cpu(s): 66.9 us,  6.0 sy,  0.0 ni, 26.0 id,  0.0 wa,  0.0 hi,  1.1 si,  0.0 st
%Cpu(s): 31.6 us,  6.2 sy,  0.0 ni, 61.5 id,  0.0 wa,  0.0 hi,  0.8 si,  0.0 st
%Cpu(s): 25.5 us,  5.2 sy,  0.0 ni, 68.4 id,  0.0 wa,  0.0 hi,  0.9 si,  0.0 st
%Cpu(s): 17.7 us,  6.2 sy,  0.0 ni, 75.3 id,  0.0 wa,  0.0 hi,  0.8 si,  0.0 st
%Cpu(s): 17.3 us,  6.3 sy,  0.0 ni, 75.9 id,  0.0 wa,  0.0 hi,  0.3 si,  0.1 st
%Cpu(s): 11.0 us,  6.0 sy,  0.0 ni, 82.5 id,  0.0 wa,  0.0 hi,  0.4 si,  0.0 st
%Cpu(s):  8.1 us,  5.7 sy,  0.0 ni, 85.8 id,  0.0 wa,  0.0 hi,  0.4 si,  0.0 st
%Cpu(s): 10.1 us,  5.7 sy,  0.0 ni, 83.8 id,  0.0 wa,  0.0 hi,  0.4 si,  0.0 st
%Cpu(s): 17.8 us,  6.0 sy,  0.0 ni, 75.8 id,  0.0 wa,  0.0 hi,  0.4 si,  0.0 st
%Cpu(s): 30.3 us,  6.0 sy,  0.0 ni, 63.5 id,  0.0 wa,  0.0 hi,  0.3 si,  0.0 st
%Cpu(s): 14.5 us,  5.8 sy,  0.0 ni, 79.1 id,  0.0 wa,  0.0 hi,  0.4 si,  0.3 st
%Cpu(s): 10.5 us,  6.4 sy,  0.0 ni, 82.6 id,  0.0 wa,  0.0 hi,  0.5 si,  0.0 st
%Cpu(s): 10.9 us,  5.8 sy,  0.0 ni, 83.0 id,  0.0 wa,  0.0 hi,  0.3 si,  0.0 st
%Cpu(s): 10.9 us,  5.7 sy,  0.0 ni, 82.7 id,  0.1 wa,  0.0 hi,  0.4 si,  0.3 st
%Cpu(s): 11.8 us,  5.1 sy,  0.0 ni, 82.2 id,  0.0 wa,  0.0 hi,  0.9 si,  0.0 st
%Cpu(s): 13.2 us,  5.4 sy,  0.0 ni, 81.0 id,  0.0 wa,  0.0 hi,  0.4 si,  0.0 st
%Cpu(s):  8.8 us,  5.7 sy,  0.0 ni, 85.3 id,  0.0 wa,  0.0 hi,  0.1 si,  0.0 st
%Cpu(s): 10.2 us,  5.7 sy,  0.0 ni, 83.4 id,  0.0 wa,  0.0 hi,  0.5 si,  0.1 st
%Cpu(s): 10.3 us,  5.1 sy,  0.0 ni, 84.0 id,  0.0 wa,  0.0 hi,  0.6 si,  0.0 st
%Cpu(s): 11.7 us,  6.4 sy,  0.0 ni, 81.5 id,  0.0 wa,  0.0 hi,  0.4 si,  0.0 st
%Cpu(s):  9.4 us,  5.6 sy,  0.0 ni, 84.4 id,  0.0 wa,  0.0 hi,  0.6 si,  0.0 st
%Cpu(s):  9.3 us,  5.6 sy,  0.0 ni, 84.5 id,  0.0 wa,  0.0 hi,  0.5 si,  0.1 st
%Cpu(s):  9.5 us,  6.0 sy,  0.0 ni, 83.9 id,  0.0 wa,  0.0 hi,  0.6 si,  0.0 st
%Cpu(s):  9.6 us,  6.9 sy,  0.0 ni, 83.2 id,  0.0 wa,  0.0 hi,  0.4 si,  0.0 st
%Cpu(s): 13.1 us,  6.5 sy,  0.0 ni, 79.8 id,  0.0 wa,  0.0 hi,  0.6 si,  0.0 st
%Cpu(s): 25.7 us,  6.0 sy,  0.0 ni, 67.5 id,  0.0 wa,  0.0 hi,  0.8 si,  0.1 st
%Cpu(s): 11.7 us,  5.2 sy,  0.0 ni, 82.4 id,  0.0 wa,  0.0 hi,  0.7 si,  0.0 st
%Cpu(s): 12.2 us,  6.1 sy,  0.0 ni, 81.4 id,  0.0 wa,  0.0 hi,  0.3 si,  0.0 st
%Cpu(s): 10.4 us,  6.5 sy,  0.0 ni, 82.3 id,  0.0 wa,  0.0 hi,  0.6 si,  0.1 st
%Cpu(s): 18.2 us,  5.4 sy,  0.0 ni, 75.7 id,  0.0 wa,  0.0 hi,  0.6 si,  0.0 st
%Cpu(s): 12.8 us,  5.2 sy,  0.0 ni, 81.7 id,  0.0 wa,  0.0 hi,  0.3 si,  0.0 st
%Cpu(s):  9.8 us,  5.9 sy,  0.0 ni, 83.7 id,  0.0 wa,  0.0 hi,  0.5 si,  0.0 st
%Cpu(s): 11.5 us,  5.7 sy,  0.0 ni, 82.0 id,  0.0 wa,  0.0 hi,  0.8 si,  0.0 st
%Cpu(s): 10.0 us,  5.6 sy,  0.0 ni, 83.7 id,  0.0 wa,  0.0 hi,  0.7 si,  0.0 st
%Cpu(s): 11.6 us,  5.7 sy,  0.0 ni, 82.2 id,  0.0 wa,  0.0 hi,  0.4 si,  0.1 st
%Cpu(s): 10.1 us,  6.7 sy,  0.0 ni, 82.7 id,  0.0 wa,  0.0 hi,  0.5 si,  0.0 st
%Cpu(s):  8.2 us,  4.9 sy,  0.0 ni, 86.7 id,  0.0 wa,  0.0 hi,  0.1 si,  0.1 st
%Cpu(s):  9.0 us,  4.4 sy,  0.0 ni, 86.2 id,  0.0 wa,  0.0 hi,  0.4 si,  0.0 st
%Cpu(s): 11.1 us,  5.3 sy,  0.0 ni, 83.3 id,  0.0 wa,  0.0 hi,  0.3 si,  0.0 st
%Cpu(s): 11.7 us,  6.2 sy,  0.0 ni, 81.4 id,  0.0 wa,  0.0 hi,  0.8 si,  0.0 st
%Cpu(s):  9.6 us,  5.4 sy,  0.0 ni, 84.3 id,  0.0 wa,  0.0 hi,  0.6 si,  0.1 st
%Cpu(s): 11.0 us,  6.8 sy,  0.0 ni, 81.0 id,  0.0 wa,  0.0 hi,  1.1 si,  0.0 st
%Cpu(s):  7.3 us,  6.9 sy,  0.0 ni, 85.1 id,  0.0 wa,  0.0 hi,  0.5 si,  0.1 st
%Cpu(s):  8.6 us,  6.0 sy,  0.0 ni, 84.8 id,  0.0 wa,  0.0 hi,  0.6 si,  0.0 st
%Cpu(s):  9.8 us,  6.2 sy,  0.0 ni, 83.8 id,  0.0 wa,  0.0 hi,  0.3 si,  0.0 st
%Cpu(s):  8.6 us,  5.3 sy,  0.0 ni, 85.6 id,  0.0 wa,  0.0 hi,  0.5 si,  0.0 st
%Cpu(s):  9.1 us,  5.7 sy,  0.0 ni, 84.4 id,  0.0 wa,  0.0 hi,  0.8 si,  0.0 st
%Cpu(s):  8.6 us,  6.3 sy,  0.0 ni, 84.5 id,  0.0 wa,  0.0 hi,  0.5 si,  0.0 st
%Cpu(s):  8.8 us,  5.9 sy,  0.0 ni, 84.6 id,  0.0 wa,  0.0 hi,  0.6 si,  0.0 st
%Cpu(s):  9.2 us,  5.4 sy,  0.0 ni, 84.8 id,  0.0 wa,  0.0 hi,  0.5 si,  0.1 st
%Cpu(s): 10.3 us,  7.1 sy,  0.0 ni, 82.2 id,  0.0 wa,  0.0 hi,  0.5 si,  0.0 st
%Cpu(s): 11.3 us,  7.0 sy,  0.0 ni, 81.2 id,  0.0 wa,  0.0 hi,  0.5 si,  0.1 st
%Cpu(s):  9.6 us,  6.0 sy,  0.0 ni, 83.8 id,  0.0 wa,  0.0 hi,  0.5 si,  0.0 st
%Cpu(s): 11.6 us,  6.7 sy,  0.0 ni, 80.9 id,  0.0 wa,  0.0 hi,  0.7 si,  0.0 st
%Cpu(s): 24.2 us,  5.7 sy,  0.0 ni, 69.3 id,  0.0 wa,  0.0 hi,  0.8 si,  0.0 st
%Cpu(s): 69.8 us,  6.5 sy,  0.0 ni, 22.3 id,  0.0 wa,  0.0 hi,  1.4 si,  0.0 st
%Cpu(s): 49.6 us,  5.9 sy,  0.0 ni, 43.5 id,  0.0 wa,  0.0 hi,  1.0 si,  0.0 st
%Cpu(s): 13.5 us,  6.1 sy,  0.0 ni, 79.9 id,  0.0 wa,  0.0 hi,  0.4 si,  0.0 st
%Cpu(s): 11.4 us,  6.3 sy,  0.0 ni, 81.5 id,  0.0 wa,  0.0 hi,  0.8 si,  0.1 st
