%Cpu(s):  7.8 us,  1.3 sy,  0.0 ni, 90.8 id,  0.0 wa,  0.0 hi,  0.1 si,  0.0 st
%Cpu(s):  1.1 us,  0.8 sy,  0.0 ni, 98.1 id,  0.0 wa,  0.0 hi,  0.0 si,  0.0 st
%Cpu(s):  1.4 us,  1.4 sy,  0.0 ni, 97.3 id,  0.0 wa,  0.0 hi,  0.0 si,  0.0 st
%Cpu(s):  2.0 us,  1.7 sy,  0.0 ni, 96.3 id,  0.0 wa,  0.0 hi,  0.0 si,  0.0 st
%Cpu(s):  1.3 us,  0.8 sy,  0.0 ni, 98.0 id,  0.0 wa,  0.0 hi,  0.0 si,  0.0 st
%Cpu(s):  3.6 us,  1.9 sy,  0.0 ni, 94.5 id,  0.0 wa,  0.0 hi,  0.0 si,  0.0 st
%Cpu(s):  7.3 us,  1.9 sy,  0.0 ni, 90.7 id,  0.0 wa,  0.0 hi,  0.0 si,  0.1 st
%Cpu(s): 73.5 us,  4.5 sy,  0.0 ni, 21.2 id,  0.0 wa,  0.0 hi,  0.8 si,  0.0 st
%Cpu(s): 88.2 us,  5.9 sy,  0.0 ni,  4.6 id,  0.0 wa,  0.0 hi,  1.3 si,  0.0 st
%Cpu(s): 85.0 us,  7.1 sy,  0.0 ni,  6.3 id,  0.0 wa,  0.0 hi,  1.6 si,  0.0 st
%Cpu(s): 89.2 us,  6.9 sy,  0.0 ni,  1.9 id,  0.0 wa,  0.0 hi,  2.0 si,  0.0 st
%Cpu(s): 90.0 us,  8.0 sy,  0.0 ni,  0.1 id,  0.0 wa,  0.0 hi,  1.9 si,  0.0 st
%Cpu(s): 88.7 us,  7.6 sy,  0.0 ni,  2.0 id,  0.0 wa,  0.0 hi,  1.7 si,  0.0 st
%Cpu(s): 76.2 us,  6.0 sy,  0.0 ni, 16.3 id,  0.0 wa,  0.0 hi,  1.5 si,  0.0 st
%Cpu(s): 63.8 us,  6.2 sy,  0.0 ni, 29.0 id,  0.0 wa,  0.0 hi,  1.0 si,  0.0 st
%Cpu(s): 48.5 us,  5.2 sy,  0.0 ni, 45.1 id,  0.0 wa,  0.0 hi,  1.3 si,  0.0 st
%Cpu(s): 12.8 us,  4.8 sy,  0.0 ni, 82.0 id,  0.0 wa,  0.0 hi,  0.3 si,  0.1 st
%Cpu(s): 10.3 us,  5.2 sy,  0.0 ni, 83.9 id,  0.0 wa,  0.0 hi,  0.4 si,  0.3 st
%Cpu(s):  9.0 us,  4.8 sy,  0.0 ni, 85.4 id,  0.0 wa,  0.0 hi,  0.8 si,  0.0 st
%Cpu(s): 18.3 us,  5.8 sy,  0.0 ni, 75.2 id,  0.0 wa,  0.0 hi,  0.6 si,  0.0 st
%Cpu(s): 13.2 us,  5.2 sy,  0.0 ni, 81.1 id,  0.0 wa,  0.0 hi,  0.5 si,  0.0 st
%Cpu(s): 21.7 us,  5.6 sy,  0.0 ni, 71.9 id,  0.0 wa,  0.0 hi,  0.6 si,  0.1 st
%Cpu(s): 16.6 us,  5.3 sy,  0.0 ni, 77.2 id,  0.0 wa,  0.0 hi,  0.9 si,  0.1 st
%Cpu(s): 10.2 us,  5.0 sy,  0.0 ni, 84.6 id,  0.0 wa,  0.0 hi,  0.3 si,  0.0 st
%Cpu(s): 18.9 us,  6.2 sy,  0.0 ni, 74.4 id,  0.0 wa,  0.0 hi,  0.5 si,  0.0 st
%Cpu(s): 10.8 us,  5.3 sy,  0.0 ni, 82.6 id,  0.1 wa,  0.0 hi,  1.1 si,  0.0 st
%Cpu(s):  9.1 us,  4.5 sy,  0.0 ni, 85.8 id,  0.0 wa,  0.0 hi,  0.5 si,  0.1 st
%Cpu(s):  9.1 us,  6.0 sy,  0.0 ni, 84.4 id,  0.0 wa,  0.0 hi,  0.5 si,  0.0 st
%Cpu(s):  8.8 us,  4.9 sy,  0.0 ni, 85.6 id,  0.0 wa,  0.0 hi,  0.5 si,  0.3 st
%Cpu(s):  7.7 us,  6.1 sy,  0.0 ni, 85.2 id,  0.0 wa,  0.0 hi,  0.6 si,  0.4 st
%Cpu(s): 19.6 us,  5.1 sy,  0.0 ni, 74.8 id,  0.0 wa,  0.0 hi,  0.3 si,  0.3 st
%Cpu(s):  8.0 us,  5.2 sy,  0.0 ni, 86.0 id,  0.0 wa,  0.0 hi,  0.8 si,  0.0 st
%Cpu(s):  7.5 us,  6.0 sy,  0.0 ni, 85.8 id,  0.0 wa,  0.0 hi,  0.5 si,  0.3 st
%Cpu(s):  6.9 us,  5.2 sy,  0.0 ni, 87.1 id,  0.0 wa,  0.0 hi,  0.5 si,  0.3 st
%Cpu(s):  7.4 us,  5.7 sy,  0.0 ni, 86.3 id,  0.0 wa,  0.0 hi,  0.5 si,  0.1 st
%Cpu(s):  9.3 us,  4.8 sy,  0.0 ni, 84.8 id,  0.0 wa,  0.0 hi,  0.9 si,  0.3 st
%Cpu(s):  9.0 us,  5.2 sy,  0.0 ni, 85.2 id,  0.0 wa,  0.0 hi,  0.4 si,  0.3 st
%Cpu(s): 23.3 us,  4.7 sy,  0.0 ni, 71.6 id,  0.0 wa,  0.0 hi,  0.3 si,  0.1 st
%Cpu(s): 10.4 us,  4.6 sy,  0.0 ni, 84.3 id,  0.0 wa,  0.0 hi,  0.5 si,  0.1 st
%Cpu(s):  8.3 us,  4.9 sy,  0.0 ni, 86.2 id,  0.1 wa,  0.0 hi,  0.5 si,  0.0 st
%Cpu(s):  8.5 us,  5.8 sy,  0.0 ni, 84.9 id,  0.0 wa,  0.0 hi,  0.8 si,  0.0 st
%Cpu(s): 16.6 us,  5.8 sy,  0.0 ni, 76.3 id,  0.0 wa,  0.0 hi,  0.9 si,  0.4 st
%Cpu(s): 15.6 us,  5.0 sy,  0.0 ni, 79.0 id,  0.0 wa,  0.0 hi,  0.4 si,  0.0 st
%Cpu(s):  8.7 us,  5.1 sy,  0.0 ni, 85.6 id,  0.0 wa,  0.0 hi,  0.6 si,  0.0 st
%Cpu(s):  8.8 us,  5.4 sy,  0.0 ni, 84.9 id,  0.0 wa,  0.0 hi,  0.8 si,  0.1 st
%Cpu(s):  7.4 us,  4.7 sy,  0.0 ni, 87.2 id,  0.0 wa,  0.0 hi,  0.6 si,  0.1 st
%Cpu(s):  6.7 us,  4.4 sy,  0.0 ni, 87.5 id,  0.0 wa,  0.0 hi,  0.3 si,  1.1 st
%Cpu(s):  7.5 us,  4.1 sy,  0.0 ni, 87.7 id,  0.0 wa,  0.0 hi,  0.6 si,  0.1 st
%Cpu(s):  8.8 us,  4.8 sy,  0.0 ni, 85.6 id,  0.0 wa,  0.0 hi,  0.6 si,  0.1 st
%Cpu(s):  7.5 us,  5.6 sy,  0.0 ni, 86.5 id,  0.0 wa,  0.0 hi,  0.5 si,  0.0 st
%Cpu(s):  6.9 us,  5.0 sy,  0.0 ni, 87.1 id,  0.1 wa,  0.0 hi,  0.8 si,  0.1 st
%Cpu(s):  6.9 us,  5.9 sy,  0.0 ni, 87.0 id,  0.0 wa,  0.0 hi,  0.3 si,  0.0 st
%Cpu(s):  6.9 us,  4.5 sy,  0.0 ni, 88.1 id,  0.0 wa,  0.0 hi,  0.5 si,  0.0 st
%Cpu(s):  6.0 us,  6.3 sy,  0.0 ni, 87.2 id,  0.0 wa,  0.0 hi,  0.5 si,  0.0 st
%Cpu(s):  8.0 us,  5.9 sy,  0.0 ni, 85.3 id,  0.0 wa,  0.0 hi,  0.6 si,  0.1 st
%Cpu(s):  7.1 us,  5.0 sy,  0.0 ni, 87.5 id,  0.0 wa,  0.0 hi,  0.4 si,  0.0 st
%Cpu(s):  8.5 us,  4.3 sy,  0.0 ni, 86.9 id,  0.0 wa,  0.0 hi,  0.3 si,  0.0 st
%Cpu(s):  6.9 us,  4.9 sy,  0.0 ni, 87.3 id,  0.0 wa,  0.0 hi,  0.8 si,  0.1 st
%Cpu(s):  5.3 us,  5.3 sy,  0.0 ni, 89.1 id,  0.0 wa,  0.0 hi,  0.4 si,  0.0 st
%Cpu(s):  6.7 us,  4.8 sy,  0.0 ni, 88.0 id,  0.0 wa,  0.0 hi,  0.5 si,  0.0 st
%Cpu(s):  7.2 us,  4.6 sy,  0.0 ni, 87.6 id,  0.1 wa,  0.0 hi,  0.4 si,  0.1 st
%Cpu(s):  8.0 us,  5.7 sy,  0.0 ni, 85.9 id,  0.0 wa,  0.0 hi,  0.5 si,  0.0 st
%Cpu(s):  9.2 us,  5.5 sy,  0.0 ni, 84.8 id,  0.0 wa,  0.0 hi,  0.5 si,  0.0 st
%Cpu(s):  9.4 us,  5.8 sy,  0.0 ni, 84.0 id,  0.0 wa,  0.0 hi,  0.8 si,  0.0 st
%Cpu(s):  9.8 us,  6.1 sy,  0.0 ni, 83.6 id,  0.0 wa,  0.0 hi,  0.5 si,  0.0 st
%Cpu(s):  9.4 us,  6.0 sy,  0.0 ni, 83.9 id,  0.0 wa,  0.0 hi,  0.6 si,  0.0 st
%Cpu(s): 18.4 us,  5.7 sy,  0.0 ni, 75.4 id,  0.0 wa,  0.0 hi,  0.4 si,  0.1 st
%Cpu(s): 55.7 us,  6.8 sy,  0.0 ni, 36.0 id,  0.0 wa,  0.0 hi,  1.5 si,  0.0 st
%Cpu(s): 52.4 us,  6.1 sy,  0.0 ni, 39.8 id,  0.0 wa,  0.0 hi,  1.6 si,  0.0 st
%Cpu(s): 35.2 us,  5.4 sy,  0.0 ni, 58.3 id,  0.0 wa,  0.0 hi,  1.2 si,  0.0 st
%Cpu(s): 15.4 us,  4.7 sy,  0.0 ni, 79.1 id,  0.0 wa,  0.0 hi,  0.8 si,  0.0 st
%Cpu(s):  9.8 us,  5.6 sy,  0.0 ni, 84.0 id,  0.0 wa,  0.0 hi,  0.6 si,  0.0 st
%Cpu(s):  9.8 us,  5.8 sy,  0.0 ni, 84.1 id,  0.0 wa,  0.0 hi,  0.4 si,  0.0 st
%Cpu(s): 20.6 us,  5.4 sy,  0.0 ni, 72.9 id,  0.0 wa,  0.0 hi,  1.0 si,  0.1 st
%Cpu(s): 15.9 us,  5.7 sy,  0.0 ni, 77.9 id,  0.0 wa,  0.0 hi,  0.5 si,  0.0 st
%Cpu(s): 14.4 us,  5.6 sy,  0.0 ni, 79.1 id,  0.1 wa,  0.0 hi,  0.8 si,  0.0 st
%Cpu(s): 12.0 us,  5.9 sy,  0.0 ni, 81.4 id,  0.0 wa,  0.0 hi,  0.6 si,  0.0 st
%Cpu(s): 11.3 us,  6.8 sy,  0.0 ni, 81.4 id,  0.0 wa,  0.0 hi,  0.4 si,  0.1 st
%Cpu(s): 14.2 us,  6.8 sy,  0.0 ni, 78.4 id,  0.0 wa,  0.0 hi,  0.5 si,  0.0 st
%Cpu(s): 12.3 us,  7.2 sy,  0.0 ni, 79.7 id,  0.0 wa,  0.0 hi,  0.8 si,  0.0 st
%Cpu(s): 13.8 us,  8.8 sy,  0.0 ni, 76.9 id,  0.1 wa,  0.0 hi,  0.4 si,  0.0 st
%Cpu(s): 16.3 us, 10.0 sy,  0.0 ni, 72.7 id,  0.0 wa,  0.0 hi,  1.0 si,  0.0 st
