%Cpu(s):  7.5 us,  1.4 sy,  0.0 ni, 90.9 id,  0.0 wa,  0.0 hi,  0.1 si,  0.0 st
%Cpu(s):  3.4 us,  2.5 sy,  0.0 ni, 94.1 id,  0.0 wa,  0.0 hi,  0.0 si,  0.0 st
%Cpu(s):  3.8 us,  2.0 sy,  0.0 ni, 94.0 id,  0.0 wa,  0.0 hi,  0.0 si,  0.3 st
%Cpu(s):  3.8 us,  1.8 sy,  0.0 ni, 94.2 id,  0.0 wa,  0.0 hi,  0.0 si,  0.3 st
%Cpu(s):  3.2 us,  3.1 sy,  0.0 ni, 93.4 id,  0.0 wa,  0.0 hi,  0.0 si,  0.2 st
%Cpu(s):  5.8 us,  2.4 sy,  0.0 ni, 91.4 id,  0.0 wa,  0.0 hi,  0.1 si,  0.3 st
%Cpu(s):  4.0 us,  3.3 sy,  0.0 ni, 92.4 id,  0.0 wa,  0.0 hi,  0.0 si,  0.3 st
%Cpu(s): 68.0 us,  3.5 sy,  0.0 ni, 27.5 id,  0.0 wa,  0.0 hi,  1.0 si,  0.0 st
%Cpu(s): 68.7 us,  5.0 sy,  0.0 ni, 24.8 id,  0.0 wa,  0.0 hi,  1.4 si,  0.0 st
%Cpu(s): 79.0 us,  5.2 sy,  0.0 ni, 14.9 id,  0.0 wa,  0.0 hi,  0.9 si,  0.0 st
%Cpu(s): 85.5 us,  6.1 sy,  0.0 ni,  6.6 id,  0.0 wa,  0.0 hi,  1.7 si,  0.0 st
%Cpu(s): 91.5 us,  5.1 sy,  0.0 ni,  1.5 id,  0.0 wa,  0.0 hi,  1.9 si,  0.0 st
%Cpu(s): 82.5 us,  6.1 sy,  0.0 ni, 10.0 id,  0.0 wa,  0.0 hi,  1.4 si,  0.0 st
%Cpu(s): 65.4 us,  4.3 sy,  0.0 ni, 29.6 id,  0.0 wa,  0.0 hi,  0.8 si,  0.0 st
%Cpu(s): 43.9 us,  5.3 sy,  0.0 ni, 50.1 id,  0.0 wa,  0.0 hi,  0.6 si,  0.1 st
%Cpu(s): 26.6 us,  5.6 sy,  0.0 ni, 67.0 id,  0.0 wa,  0.0 hi,  0.8 si,  0.0 st
%Cpu(s): 10.3 us,  5.5 sy,  0.0 ni, 83.5 id,  0.0 wa,  0.0 hi,  0.5 si,  0.1 st
%Cpu(s): 10.0 us,  6.0 sy,  0.0 ni, 83.4 id,  0.0 wa,  0.0 hi,  0.6 si,  0.0 st
%Cpu(s): 12.8 us,  5.6 sy,  0.0 ni, 81.2 id,  0.0 wa,  0.0 hi,  0.4 si,  0.0 st
%Cpu(s): 35.3 us,  6.0 sy,  0.0 ni, 57.5 id,  0.0 wa,  0.0 hi,  1.1 si,  0.0 st
%Cpu(s): 15.3 us,  5.2 sy,  0.0 ni, 78.9 id,  0.0 wa,  0.0 hi,  0.5 si,  0.0 st
%Cpu(s): 12.2 us,  5.5 sy,  0.0 ni, 81.6 id,  0.0 wa,  0.0 hi,  0.8 si,  0.0 st
%Cpu(s): 11.1 us,  6.0 sy,  0.0 ni, 82.4 id,  0.0 wa,  0.0 hi,  0.4 si,  0.1 st
%Cpu(s):  9.3 us,  6.1 sy,  0.0 ni, 83.9 id,  0.0 wa,  0.0 hi,  0.6 si,  0.0 st
%Cpu(s):  9.3 us,  6.0 sy,  0.0 ni, 84.4 id,  0.0 wa,  0.0 hi,  0.1 si,  0.1 st
%Cpu(s):  9.5 us,  5.4 sy,  0.0 ni, 84.1 id,  0.5 wa,  0.0 hi,  0.5 si,  0.0 st
%Cpu(s): 11.2 us,  5.7 sy,  0.0 ni, 82.4 id,  0.0 wa,  0.0 hi,  0.5 si,  0.1 st
%Cpu(s): 12.7 us,  5.6 sy,  0.0 ni, 81.2 id,  0.0 wa,  0.0 hi,  0.5 si,  0.0 st
%Cpu(s):  9.5 us,  6.4 sy,  0.0 ni, 83.8 id,  0.0 wa,  0.0 hi,  0.3 si,  0.0 st
%Cpu(s): 10.7 us,  5.2 sy,  0.0 ni, 83.4 id,  0.0 wa,  0.0 hi,  0.6 si,  0.0 st
%Cpu(s):  9.5 us,  5.8 sy,  0.0 ni, 84.1 id,  0.0 wa,  0.0 hi,  0.5 si,  0.1 st
%Cpu(s):  8.1 us,  5.9 sy,  0.0 ni, 85.5 id,  0.0 wa,  0.0 hi,  0.5 si,  0.0 st
%Cpu(s):  7.5 us,  5.8 sy,  0.0 ni, 86.1 id,  0.0 wa,  0.0 hi,  0.5 si,  0.0 st
%Cpu(s):  9.4 us,  6.3 sy,  0.0 ni, 83.8 id,  0.0 wa,  0.0 hi,  0.4 si,  0.0 st
%Cpu(s):  8.9 us,  7.0 sy,  0.0 ni, 83.9 id,  0.0 wa,  0.0 hi,  0.3 si,  0.0 st
%Cpu(s):  6.8 us,  6.0 sy,  0.0 ni, 86.7 id,  0.0 wa,  0.0 hi,  0.3 si,  0.3 st
%Cpu(s):  8.5 us,  6.1 sy,  0.0 ni, 84.7 id,  0.0 wa,  0.0 hi,  0.8 si,  0.0 st
%Cpu(s): 23.1 us,  4.6 sy,  0.0 ni, 71.3 id,  0.0 wa,  0.0 hi,  1.0 si,  0.0 st
%Cpu(s): 15.1 us,  5.6 sy,  0.0 ni, 78.6 id,  0.0 wa,  0.0 hi,  0.8 si,  0.0 st
%Cpu(s): 10.0 us,  5.6 sy,  0.0 ni, 84.1 id,  0.0 wa,  0.0 hi,  0.3 si,  0.0 st
%Cpu(s): 10.2 us,  6.4 sy,  0.0 ni, 82.9 id,  0.1 wa,  0.0 hi,  0.4 si,  0.0 st
%Cpu(s): 14.5 us,  5.5 sy,  0.0 ni, 79.4 id,  0.0 wa,  0.0 hi,  0.5 si,  0.1 st
%Cpu(s): 16.0 us,  5.3 sy,  0.0 ni, 77.9 id,  0.0 wa,  0.0 hi,  0.8 si,  0.0 st
%Cpu(s): 12.1 us,  5.3 sy,  0.0 ni, 82.1 id,  0.0 wa,  0.0 hi,  0.4 si,  0.1 st
%Cpu(s):  9.6 us,  6.0 sy,  0.0 ni, 83.8 id,  0.0 wa,  0.0 hi,  0.6 si,  0.0 st
%Cpu(s):  7.8 us,  5.8 sy,  0.0 ni, 85.8 id,  0.0 wa,  0.0 hi,  0.5 si,  0.0 st
%Cpu(s):  8.8 us,  5.5 sy,  0.0 ni, 85.5 id,  0.0 wa,  0.0 hi,  0.3 si,  0.0 st
%Cpu(s):  9.8 us,  5.1 sy,  0.0 ni, 84.7 id,  0.0 wa,  0.0 hi,  0.4 si,  0.0 st
%Cpu(s):  8.1 us,  5.8 sy,  0.0 ni, 85.4 id,  0.0 wa,  0.0 hi,  0.5 si,  0.1 st
%Cpu(s):  8.9 us,  6.1 sy,  0.0 ni, 84.6 id,  0.0 wa,  0.0 hi,  0.4 si,  0.0 st
%Cpu(s):  9.1 us,  6.1 sy,  0.0 ni, 84.2 id,  0.1 wa,  0.0 hi,  0.3 si,  0.1 st
%Cpu(s):  8.8 us,  4.7 sy,  0.0 ni, 86.0 id,  0.0 wa,  0.0 hi,  0.4 si,  0.0 st
%Cpu(s):  7.9 us,  7.1 sy,  0.0 ni, 84.6 id,  0.0 wa,  0.0 hi,  0.4 si,  0.0 st
%Cpu(s):  9.7 us,  5.9 sy,  0.0 ni, 84.0 id,  0.0 wa,  0.0 hi,  0.4 si,  0.0 st
%Cpu(s):  8.5 us,  4.6 sy,  0.0 ni, 86.1 id,  0.0 wa,  0.0 hi,  0.8 si,  0.0 st
%Cpu(s):  8.4 us,  7.9 sy,  0.0 ni, 83.3 id,  0.0 wa,  0.0 hi,  0.4 si,  0.0 st
%Cpu(s):  9.3 us,  6.9 sy,  0.0 ni, 83.1 id,  0.0 wa,  0.0 hi,  0.6 si,  0.1 st
%Cpu(s):  8.5 us,  6.0 sy,  0.0 ni, 85.2 id,  0.0 wa,  0.0 hi,  0.3 si,  0.0 st
%Cpu(s):  8.0 us,  4.8 sy,  0.0 ni, 86.5 id,  0.0 wa,  0.0 hi,  0.5 si,  0.1 st
%Cpu(s):  8.4 us,  6.8 sy,  0.0 ni, 84.3 id,  0.0 wa,  0.0 hi,  0.4 si,  0.1 st
%Cpu(s):  9.2 us,  7.1 sy,  0.0 ni, 83.1 id,  0.0 wa,  0.0 hi,  0.6 si,  0.0 st
%Cpu(s):  9.8 us,  8.2 sy,  0.0 ni, 81.6 id,  0.0 wa,  0.0 hi,  0.4 si,  0.0 st
%Cpu(s): 10.5 us,  5.9 sy,  0.0 ni, 83.2 id,  0.0 wa,  0.0 hi,  0.5 si,  0.0 st
%Cpu(s): 11.6 us,  7.2 sy,  0.0 ni, 80.9 id,  0.0 wa,  0.0 hi,  0.4 si,  0.0 st
%Cpu(s):  8.4 us,  6.6 sy,  0.0 ni, 84.5 id,  0.0 wa,  0.0 hi,  0.5 si,  0.0 st
%Cpu(s):  9.5 us,  6.0 sy,  0.0 ni, 83.8 id,  0.0 wa,  0.0 hi,  0.6 si,  0.0 st
%Cpu(s): 16.1 us,  6.6 sy,  0.0 ni, 76.3 id,  0.0 wa,  0.0 hi,  1.0 si,  0.0 st
%Cpu(s): 36.7 us,  5.0 sy,  0.0 ni, 57.6 id,  0.0 wa,  0.0 hi,  0.6 si,  0.0 st
%Cpu(s): 20.4 us,  5.4 sy,  0.0 ni, 73.3 id,  0.0 wa,  0.0 hi,  0.8 si,  0.1 st
%Cpu(s): 16.3 us,  5.4 sy,  0.0 ni, 77.7 id,  0.0 wa,  0.0 hi,  0.5 si,  0.1 st
%Cpu(s): 14.2 us,  6.3 sy,  0.0 ni, 79.0 id,  0.1 wa,  0.0 hi,  0.4 si,  0.0 st
%Cpu(s): 11.4 us,  6.2 sy,  0.0 ni, 82.0 id,  0.0 wa,  0.0 hi,  0.4 si,  0.0 st
%Cpu(s): 11.7 us,  6.7 sy,  0.0 ni, 81.4 id,  0.0 wa,  0.0 hi,  0.1 si,  0.1 st
%Cpu(s): 21.3 us,  5.1 sy,  0.0 ni, 72.8 id,  0.0 wa,  0.0 hi,  0.8 si,  0.0 st
%Cpu(s): 15.1 us,  5.5 sy,  0.0 ni, 78.7 id,  0.0 wa,  0.0 hi,  0.6 si,  0.0 st
%Cpu(s): 15.1 us,  5.6 sy,  0.0 ni, 79.2 id,  0.0 wa,  0.0 hi,  0.1 si,  0.0 st
%Cpu(s): 11.1 us,  5.1 sy,  0.0 ni, 83.4 id,  0.0 wa,  0.0 hi,  0.4 si,  0.0 st
