%Cpu(s):  4.1 us,  0.9 sy,  0.0 ni, 94.9 id,  0.0 wa,  0.0 hi,  0.1 si,  0.0 st
%Cpu(s):  0.5 us,  0.1 sy,  0.0 ni, 99.4 id,  0.0 wa,  0.0 hi,  0.0 si,  0.0 st
%Cpu(s): 23.1 us,  2.8 sy,  0.0 ni, 73.8 id,  0.2 wa,  0.0 hi,  0.0 si,  0.1 st
%Cpu(s): 53.7 us,  2.3 sy,  0.0 ni, 43.8 id,  0.0 wa,  0.0 hi,  0.0 si,  0.1 st
%Cpu(s): 52.8 us,  2.2 sy,  0.0 ni, 44.8 id,  0.0 wa,  0.0 hi,  0.0 si,  0.2 st
%Cpu(s): 75.0 us,  2.6 sy,  0.0 ni, 22.3 id,  0.0 wa,  0.0 hi,  0.0 si,  0.1 st
%Cpu(s): 90.7 us,  2.4 sy,  0.0 ni,  6.7 id,  0.0 wa,  0.0 hi,  0.1 si,  0.0 st
%Cpu(s): 53.4 us,  1.4 sy,  0.0 ni, 45.0 id,  0.1 wa,  0.0 hi,  0.1 si,  0.1 st
%Cpu(s): 24.5 us,  0.7 sy,  0.0 ni, 74.8 id,  0.0 wa,  0.0 hi,  0.0 si,  0.0 st
%Cpu(s): 16.6 us,  1.1 sy,  0.0 ni, 82.4 id,  0.0 wa,  0.0 hi,  0.0 si,  0.0 st
%Cpu(s): 16.3 us,  1.0 sy,  0.0 ni, 82.7 id,  0.0 wa,  0.0 hi,  0.0 si,  0.0 st
%Cpu(s):  4.8 us,  1.5 sy,  0.0 ni, 93.7 id,  0.0 wa,  0.0 hi,  0.0 si,  0.0 st
%Cpu(s):  1.3 us,  0.4 sy,  0.0 ni, 98.2 id,  0.0 wa,  0.0 hi,  0.0 si,  0.0 st
%Cpu(s):  2.4 us,  0.6 sy,  0.0 ni, 97.0 id,  0.0 wa,  0.0 hi,  0.0 si,  0.1 st
%Cpu(s):  1.6 us,  0.6 sy,  0.0 ni, 97.7 id,  0.0 wa,  0.0 hi,  0.0 si,  0.1 st
%Cpu(s):  3.0 us,  0.9 sy,  0.0 ni, 96.1 id,  0.0 wa,  0.0 hi,  0.0 si,  0.0 st
%Cpu(s):  5.1 us,  1.3 sy,  0.0 ni, 93.5 id,  0.0 wa,  0.0 hi,  0.0 si,  0.1 st
%Cpu(s): 33.4 us,  3.0 sy,  0.0 ni, 63.3 id,  0.0 wa,  0.0 hi,  0.3 si,  0.1 st
%Cpu(s): 81.7 us,  5.0 sy,  0.0 ni, 12.0 id,  0.0 wa,  0.0 hi,  1.2 si,  0.0 st
%Cpu(s): 86.7 us,  7.1 sy,  0.0 ni,  5.1 id,  0.0 wa,  0.0 hi,  1.1 si,  0.0 st
%Cpu(s): 88.1 us,  7.9 sy,  0.0 ni,  2.6 id,  0.0 wa,  0.0 hi,  1.4 si,  0.0 st
%Cpu(s): 89.1 us,  9.1 sy,  0.0 ni,  0.3 id,  0.0 wa,  0.0 hi,  1.6 si,  0.0 st
%Cpu(s): 89.9 us,  7.6 sy,  0.0 ni,  0.9 id,  0.0 wa,  0.0 hi,  1.6 si,  0.0 st
%Cpu(s): 42.3 us,  7.1 sy,  0.0 ni, 49.6 id,  0.0 wa,  0.0 hi,  1.1 si,  0.0 st
%Cpu(s): 10.3 us,  6.1 sy,  0.0 ni, 82.9 id,  0.0 wa,  0.0 hi,  0.6 si,  0.1 st
%Cpu(s): 15.1 us,  6.3 sy,  0.0 ni, 77.7 id,  0.0 wa,  0.0 hi,  0.8 si,  0.1 st
%Cpu(s): 14.7 us,  6.6 sy,  0.0 ni, 78.1 id,  0.0 wa,  0.0 hi,  0.5 si,  0.1 st
%Cpu(s): 12.0 us,  5.8 sy,  0.0 ni, 81.7 id,  0.0 wa,  0.0 hi,  0.5 si,  0.1 st
%Cpu(s): 10.7 us,  6.1 sy,  0.0 ni, 82.9 id,  0.0 wa,  0.0 hi,  0.3 si,  0.0 st
%Cpu(s): 12.5 us,  6.7 sy,  0.0 ni, 80.2 id,  0.0 wa,  0.0 hi,  0.6 si,  0.0 st
%Cpu(s): 11.4 us,  6.4 sy,  0.0 ni, 81.9 id,  0.0 wa,  0.0 hi,  0.3 si,  0.1 st
%Cpu(s): 11.0 us,  6.1 sy,  0.0 ni, 82.4 id,  0.0 wa,  0.0 hi,  0.6 si,  0.0 st
%Cpu(s): 10.3 us,  6.4 sy,  0.0 ni, 82.7 id,  0.0 wa,  0.0 hi,  0.4 si,  0.1 st
%Cpu(s):  9.5 us,  6.6 sy,  0.0 ni, 83.6 id,  0.0 wa,  0.0 hi,  0.3 si,  0.0 st
%Cpu(s): 11.9 us,  5.5 sy,  0.0 ni, 82.2 id,  0.0 wa,  0.0 hi,  0.5 si,  0.0 st
%Cpu(s): 10.6 us,  6.3 sy,  0.0 ni, 82.5 id,  0.0 wa,  0.0 hi,  0.5 si,  0.0 st
%Cpu(s):  9.9 us,  6.2 sy,  0.0 ni, 83.3 id,  0.0 wa,  0.0 hi,  0.6 si,  0.0 st
%Cpu(s): 13.7 us,  6.6 sy,  0.0 ni, 79.0 id,  0.0 wa,  0.0 hi,  0.7 si,  0.0 st
%Cpu(s): 10.3 us,  6.3 sy,  0.0 ni, 83.0 id,  0.0 wa,  0.0 hi,  0.4 si,  0.1 st
%Cpu(s): 10.3 us,  6.5 sy,  0.0 ni, 82.8 id,  0.0 wa,  0.0 hi,  0.3 si,  0.1 st
%Cpu(s): 11.4 us,  6.4 sy,  0.0 ni, 81.9 id,  0.0 wa,  0.0 hi,  0.4 si,  0.0 st
%Cpu(s):  9.5 us,  5.9 sy,  0.0 ni, 84.0 id,  0.0 wa,  0.0 hi,  0.5 si,  0.0 st
%Cpu(s):  9.9 us,  6.2 sy,  0.0 ni, 83.5 id,  0.0 wa,  0.0 hi,  0.4 si,  0.0 st
%Cpu(s): 10.8 us,  6.3 sy,  0.0 ni, 82.2 id,  0.0 wa,  0.0 hi,  0.6 si,  0.1 st
%Cpu(s):  9.3 us,  6.3 sy,  0.0 ni, 83.8 id,  0.0 wa,  0.0 hi,  0.4 si,  0.1 st
%Cpu(s): 10.6 us,  6.4 sy,  0.0 ni, 82.5 id,  0.0 wa,  0.0 hi,  0.5 si,  0.0 st
%Cpu(s): 10.8 us,  7.6 sy,  0.0 ni, 81.1 id,  0.0 wa,  0.0 hi,  0.6 si,  0.0 st
%Cpu(s): 13.6 us,  5.9 sy,  0.0 ni, 80.1 id,  0.0 wa,  0.0 hi,  0.4 si,  0.0 st
%Cpu(s): 19.9 us,  6.0 sy,  0.0 ni, 73.5 id,  0.0 wa,  0.0 hi,  0.7 si,  0.0 st
%Cpu(s): 12.8 us,  6.2 sy,  0.0 ni, 80.4 id,  0.0 wa,  0.0 hi,  0.4 si,  0.1 st
%Cpu(s): 20.3 us,  6.1 sy,  0.0 ni, 73.0 id,  0.0 wa,  0.0 hi,  0.6 si,  0.0 st
%Cpu(s): 14.5 us,  5.8 sy,  0.0 ni, 78.9 id,  0.0 wa,  0.0 hi,  0.8 si,  0.1 st
%Cpu(s):  9.1 us,  6.5 sy,  0.0 ni, 83.9 id,  0.0 wa,  0.0 hi,  0.4 si,  0.1 st
%Cpu(s):  9.5 us,  6.0 sy,  0.0 ni, 84.0 id,  0.1 wa,  0.0 hi,  0.4 si,  0.0 st
%Cpu(s):  9.2 us,  6.0 sy,  0.0 ni, 84.3 id,  0.0 wa,  0.0 hi,  0.5 si,  0.0 st
%Cpu(s): 12.2 us,  6.3 sy,  0.0 ni, 81.0 id,  0.0 wa,  0.0 hi,  0.4 si,  0.1 st
%Cpu(s):  9.8 us,  5.7 sy,  0.0 ni, 84.0 id,  0.0 wa,  0.0 hi,  0.4 si,  0.0 st
%Cpu(s): 10.0 us,  6.5 sy,  0.0 ni, 83.2 id,  0.0 wa,  0.0 hi,  0.3 si,  0.0 st
%Cpu(s): 10.7 us,  6.4 sy,  0.0 ni, 82.2 id,  0.0 wa,  0.0 hi,  0.8 si,  0.0 st
%Cpu(s):  8.7 us,  5.9 sy,  0.0 ni, 84.8 id,  0.0 wa,  0.0 hi,  0.5 si,  0.0 st
%Cpu(s):  9.4 us,  6.1 sy,  0.0 ni, 84.2 id,  0.0 wa,  0.0 hi,  0.3 si,  0.0 st
%Cpu(s):  9.4 us,  6.5 sy,  0.0 ni, 83.7 id,  0.0 wa,  0.0 hi,  0.3 si,  0.1 st
%Cpu(s): 10.0 us,  5.3 sy,  0.0 ni, 84.0 id,  0.0 wa,  0.0 hi,  0.6 si,  0.1 st
%Cpu(s):  9.5 us,  5.9 sy,  0.0 ni, 84.0 id,  0.0 wa,  0.0 hi,  0.5 si,  0.0 st
%Cpu(s): 12.1 us,  6.7 sy,  0.0 ni, 80.8 id,  0.0 wa,  0.0 hi,  0.4 si,  0.0 st
%Cpu(s): 10.5 us,  7.1 sy,  0.0 ni, 81.9 id,  0.0 wa,  0.0 hi,  0.5 si,  0.0 st
%Cpu(s):  9.9 us,  6.3 sy,  0.0 ni, 83.4 id,  0.0 wa,  0.0 hi,  0.4 si,  0.1 st
%Cpu(s): 11.2 us,  5.9 sy,  0.0 ni, 82.4 id,  0.0 wa,  0.0 hi,  0.5 si,  0.0 st
%Cpu(s): 10.6 us,  6.7 sy,  0.0 ni, 82.3 id,  0.0 wa,  0.0 hi,  0.4 si,  0.0 st
%Cpu(s): 10.3 us,  6.6 sy,  0.0 ni, 82.7 id,  0.0 wa,  0.0 hi,  0.4 si,  0.1 st
%Cpu(s):  9.9 us,  5.9 sy,  0.0 ni, 83.5 id,  0.0 wa,  0.0 hi,  0.6 si,  0.1 st
%Cpu(s): 10.3 us,  6.3 sy,  0.0 ni, 83.0 id,  0.0 wa,  0.0 hi,  0.3 si,  0.0 st
%Cpu(s): 11.3 us,  6.2 sy,  0.0 ni, 82.1 id,  0.1 wa,  0.0 hi,  0.3 si,  0.0 st
%Cpu(s): 10.5 us,  5.9 sy,  0.0 ni, 83.1 id,  0.0 wa,  0.0 hi,  0.4 si,  0.1 st
%Cpu(s): 10.6 us,  7.3 sy,  0.0 ni, 81.9 id,  0.0 wa,  0.0 hi,  0.3 si,  0.0 st
%Cpu(s): 10.8 us,  6.5 sy,  0.0 ni, 82.4 id,  0.0 wa,  0.0 hi,  0.3 si,  0.0 st
