%Cpu(s):  3.2 us,  0.7 sy,  0.0 ni, 95.9 id,  0.0 wa,  0.0 hi,  0.1 si,  0.0 st
%Cpu(s):  3.0 us,  0.5 sy,  0.0 ni, 96.4 id,  0.0 wa,  0.0 hi,  0.0 si,  0.1 st
%Cpu(s): 52.3 us,  4.4 sy,  0.0 ni, 43.1 id,  0.0 wa,  0.0 hi,  0.1 si,  0.1 st
%Cpu(s): 83.4 us,  4.6 sy,  0.0 ni, 12.0 id,  0.0 wa,  0.0 hi,  0.0 si,  0.0 st
%Cpu(s): 72.5 us,  3.7 sy,  0.0 ni, 23.7 id,  0.0 wa,  0.0 hi,  0.0 si,  0.1 st
%Cpu(s): 95.6 us,  2.9 sy,  0.0 ni,  1.5 id,  0.0 wa,  0.0 hi,  0.0 si,  0.0 st
%Cpu(s): 94.6 us,  3.8 sy,  0.0 ni,  1.6 id,  0.0 wa,  0.0 hi,  0.0 si,  0.0 st
%Cpu(s): 94.3 us,  3.1 sy,  0.0 ni,  2.5 id,  0.0 wa,  0.0 hi,  0.1 si,  0.0 st
%Cpu(s): 94.6 us,  3.7 sy,  0.0 ni,  1.4 id,  0.0 wa,  0.0 hi,  0.2 si,  0.0 st
%Cpu(s): 24.3 us,  2.0 sy,  0.0 ni, 73.3 id,  0.0 wa,  0.0 hi,  0.2 si,  0.3 st
%Cpu(s):  4.5 us,  1.2 sy,  0.0 ni, 94.2 id,  0.0 wa,  0.0 hi,  0.0 si,  0.1 st
%Cpu(s): 12.2 us,  1.3 sy,  0.0 ni, 86.3 id,  0.0 wa,  0.0 hi,  0.0 si,  0.3 st
%Cpu(s):  4.9 us,  2.9 sy,  0.0 ni, 92.1 id,  0.0 wa,  0.0 hi,  0.0 si,  0.1 st
%Cpu(s):  5.1 us,  2.5 sy,  0.0 ni, 92.5 id,  0.0 wa,  0.0 hi,  0.0 si,  0.0 st
%Cpu(s):  4.3 us,  2.3 sy,  0.0 ni, 93.4 id,  0.0 wa,  0.0 hi,  0.0 si,  0.1 st
%Cpu(s): 11.7 us,  2.1 sy,  0.0 ni, 86.0 id,  0.0 wa,  0.0 hi,  0.1 si,  0.2 st
%Cpu(s): 10.5 us,  2.1 sy,  0.0 ni, 87.1 id,  0.0 wa,  0.0 hi,  0.1 si,  0.1 st
%Cpu(s):  8.9 us,  2.8 sy,  0.0 ni, 88.0 id,  0.1 wa,  0.0 hi,  0.1 si,  0.1 st
%Cpu(s):  7.7 us,  2.6 sy,  0.0 ni, 89.5 id,  0.0 wa,  0.0 hi,  0.1 si,  0.1 st
%Cpu(s): 58.4 us,  4.4 sy,  0.0 ni, 36.6 id,  0.0 wa,  0.0 hi,  0.6 si,  0.1 st
%Cpu(s): 89.9 us,  6.4 sy,  0.0 ni,  2.4 id,  0.0 wa,  0.0 hi,  1.3 si,  0.0 st
%Cpu(s): 86.7 us,  7.5 sy,  0.0 ni,  4.3 id,  0.0 wa,  0.0 hi,  1.5 si,  0.0 st
%Cpu(s): 90.3 us,  7.9 sy,  0.0 ni,  0.4 id,  0.0 wa,  0.0 hi,  1.4 si,  0.0 st
%Cpu(s): 88.4 us,  9.5 sy,  0.0 ni,  0.0 id,  0.0 wa,  0.0 hi,  2.1 si,  0.0 st
%Cpu(s): 90.5 us,  7.7 sy,  0.0 ni,  0.0 id,  0.0 wa,  0.0 hi,  1.7 si,  0.0 st
%Cpu(s): 88.8 us,  9.3 sy,  0.0 ni,  0.0 id,  0.0 wa,  0.0 hi,  1.9 si,  0.0 st
%Cpu(s): 89.6 us,  8.4 sy,  0.0 ni,  0.0 id,  0.0 wa,  0.0 hi,  1.9 si,  0.0 st
%Cpu(s): 90.3 us,  7.8 sy,  0.0 ni,  0.0 id,  0.0 wa,  0.0 hi,  1.9 si,  0.0 st
%Cpu(s): 89.8 us,  8.2 sy,  0.0 ni,  0.0 id,  0.0 wa,  0.0 hi,  2.0 si,  0.0 st
%Cpu(s): 90.1 us,  8.2 sy,  0.0 ni,  0.0 id,  0.0 wa,  0.0 hi,  1.7 si,  0.0 st
%Cpu(s): 89.7 us,  8.3 sy,  0.0 ni,  0.5 id,  0.0 wa,  0.0 hi,  1.6 si,  0.0 st
%Cpu(s): 46.1 us,  6.9 sy,  0.0 ni, 45.1 id,  0.0 wa,  0.0 hi,  1.8 si,  0.1 st
%Cpu(s): 38.5 us,  6.8 sy,  0.0 ni, 53.0 id,  0.0 wa,  0.0 hi,  1.6 si,  0.1 st
%Cpu(s): 16.2 us,  6.6 sy,  0.0 ni, 75.1 id,  0.0 wa,  0.0 hi,  2.1 si,  0.0 st
%Cpu(s): 16.6 us,  6.1 sy,  0.0 ni, 75.5 id,  0.0 wa,  0.0 hi,  1.8 si,  0.0 st
%Cpu(s): 16.8 us,  5.8 sy,  0.0 ni, 75.3 id,  0.0 wa,  0.0 hi,  2.1 si,  0.0 st
%Cpu(s): 14.9 us,  6.2 sy,  0.0 ni, 77.3 id,  0.0 wa,  0.0 hi,  1.6 si,  0.0 st
%Cpu(s): 16.1 us,  6.9 sy,  0.0 ni, 74.8 id,  0.0 wa,  0.0 hi,  2.1 si,  0.1 st
%Cpu(s): 13.9 us,  6.6 sy,  0.0 ni, 77.4 id,  0.0 wa,  0.0 hi,  2.0 si,  0.1 st
%Cpu(s): 19.3 us,  6.4 sy,  0.0 ni, 72.7 id,  0.0 wa,  0.0 hi,  1.7 si,  0.0 st
%Cpu(s): 16.9 us,  6.3 sy,  0.0 ni, 74.8 id,  0.0 wa,  0.0 hi,  2.0 si,  0.1 st
%Cpu(s): 15.1 us,  6.4 sy,  0.0 ni, 76.6 id,  0.0 wa,  0.0 hi,  1.9 si,  0.1 st
%Cpu(s): 15.0 us,  6.6 sy,  0.0 ni, 76.1 id,  0.0 wa,  0.0 hi,  2.2 si,  0.0 st
%Cpu(s): 14.8 us,  6.2 sy,  0.0 ni, 77.3 id,  0.0 wa,  0.0 hi,  1.8 si,  0.0 st
%Cpu(s): 13.1 us,  6.1 sy,  0.0 ni, 78.3 id,  0.0 wa,  0.0 hi,  2.5 si,  0.1 st
%Cpu(s): 15.5 us,  5.7 sy,  0.0 ni, 77.0 id,  0.0 wa,  0.0 hi,  1.7 si,  0.1 st
%Cpu(s): 14.2 us,  6.1 sy,  0.0 ni, 77.7 id,  0.0 wa,  0.0 hi,  2.0 si,  0.0 st
%Cpu(s): 15.4 us,  5.2 sy,  0.0 ni, 77.6 id,  0.0 wa,  0.0 hi,  1.8 si,  0.0 st
%Cpu(s): 14.8 us,  6.7 sy,  0.0 ni, 76.4 id,  0.0 wa,  0.0 hi,  2.1 si,  0.0 st
%Cpu(s): 27.9 us,  6.2 sy,  0.0 ni, 64.1 id,  0.0 wa,  0.0 hi,  1.7 si,  0.1 st
%Cpu(s): 28.5 us,  6.7 sy,  0.0 ni, 62.9 id,  0.0 wa,  0.0 hi,  1.8 si,  0.1 st
%Cpu(s): 17.3 us,  5.9 sy,  0.0 ni, 74.6 id,  0.0 wa,  0.0 hi,  2.3 si,  0.0 st
%Cpu(s): 14.2 us,  7.0 sy,  0.0 ni, 77.0 id,  0.0 wa,  0.0 hi,  1.8 si,  0.0 st
%Cpu(s): 17.2 us,  6.8 sy,  0.0 ni, 74.0 id,  0.0 wa,  0.0 hi,  2.0 si,  0.0 st
%Cpu(s): 23.1 us,  6.7 sy,  0.0 ni, 67.9 id,  0.0 wa,  0.0 hi,  2.2 si,  0.1 st
%Cpu(s): 28.4 us,  6.9 sy,  0.0 ni, 62.7 id,  0.0 wa,  0.0 hi,  2.0 si,  0.0 st
%Cpu(s): 15.2 us,  6.5 sy,  0.0 ni, 76.6 id,  0.0 wa,  0.0 hi,  1.6 si,  0.1 st
%Cpu(s): 14.0 us,  7.5 sy,  0.0 ni, 76.2 id,  0.0 wa,  0.0 hi,  2.2 si,  0.1 st
%Cpu(s): 15.1 us,  6.8 sy,  0.0 ni, 76.2 id,  0.0 wa,  0.0 hi,  2.0 si,  0.0 st
%Cpu(s): 16.7 us,  6.1 sy,  0.0 ni, 75.0 id,  0.0 wa,  0.0 hi,  2.1 si,  0.1 st
%Cpu(s): 13.2 us,  6.3 sy,  0.0 ni, 78.9 id,  0.0 wa,  0.0 hi,  1.6 si,  0.0 st
%Cpu(s): 14.6 us,  6.4 sy,  0.0 ni, 77.3 id,  0.0 wa,  0.0 hi,  1.7 si,  0.0 st
%Cpu(s): 19.2 us,  6.2 sy,  0.0 ni, 72.5 id,  0.0 wa,  0.0 hi,  2.1 si,  0.1 st
%Cpu(s): 13.9 us,  6.7 sy,  0.0 ni, 77.2 id,  0.0 wa,  0.0 hi,  2.1 si,  0.1 st
%Cpu(s): 13.5 us,  6.6 sy,  0.0 ni, 78.1 id,  0.0 wa,  0.0 hi,  1.8 si,  0.0 st
%Cpu(s): 17.1 us,  6.1 sy,  0.0 ni, 74.7 id,  0.0 wa,  0.0 hi,  2.2 si,  0.0 st
%Cpu(s): 15.5 us,  6.2 sy,  0.0 ni, 76.2 id,  0.0 wa,  0.0 hi,  2.1 si,  0.0 st
%Cpu(s): 15.0 us,  7.0 sy,  0.0 ni, 76.0 id,  0.0 wa,  0.0 hi,  1.9 si,  0.1 st
%Cpu(s): 16.7 us,  6.8 sy,  0.0 ni, 74.3 id,  0.0 wa,  0.0 hi,  2.3 si,  0.0 st
%Cpu(s): 15.8 us,  6.7 sy,  0.0 ni, 75.5 id,  0.0 wa,  0.0 hi,  2.0 si,  0.0 st
%Cpu(s): 12.8 us,  6.0 sy,  0.0 ni, 79.3 id,  0.0 wa,  0.0 hi,  1.9 si,  0.0 st
%Cpu(s): 13.1 us,  6.2 sy,  0.0 ni, 78.5 id,  0.0 wa,  0.0 hi,  2.2 si,  0.0 st
%Cpu(s): 14.2 us,  6.6 sy,  0.0 ni, 77.1 id,  0.0 wa,  0.0 hi,  2.1 si,  0.1 st
%Cpu(s): 13.8 us,  7.2 sy,  0.0 ni, 76.7 id,  0.0 wa,  0.0 hi,  2.2 si,  0.1 st
%Cpu(s): 16.8 us,  5.7 sy,  0.0 ni, 75.6 id,  0.0 wa,  0.0 hi,  1.9 si,  0.0 st
%Cpu(s): 14.3 us,  7.3 sy,  0.0 ni, 76.3 id,  0.0 wa,  0.0 hi,  2.0 si,  0.1 st
