%Cpu(s):  1.3 us,  0.3 sy,  0.0 ni, 98.3 id,  0.0 wa,  0.0 hi,  0.0 si,  0.0 st
%Cpu(s): 42.4 us,  1.6 sy,  0.0 ni, 55.7 id,  0.0 wa,  0.0 hi,  0.1 si,  0.2 st
%Cpu(s): 41.7 us,  4.4 sy,  0.0 ni, 53.8 id,  0.0 wa,  0.0 hi,  0.1 si,  0.1 st
%Cpu(s): 47.9 us,  2.7 sy,  0.0 ni, 49.2 id,  0.0 wa,  0.0 hi,  0.1 si,  0.1 st
%Cpu(s): 62.6 us,  3.1 sy,  0.0 ni, 34.1 id,  0.0 wa,  0.0 hi,  0.1 si,  0.2 st
%Cpu(s): 73.4 us,  3.2 sy,  0.0 ni, 23.3 id,  0.1 wa,  0.0 hi,  0.1 si,  0.1 st
%Cpu(s): 46.2 us,  1.8 sy,  0.0 ni, 51.8 id,  0.0 wa,  0.0 hi,  0.1 si,  0.1 st
%Cpu(s): 32.0 us,  4.5 sy,  0.0 ni, 63.4 id,  0.0 wa,  0.0 hi,  0.0 si,  0.1 st
%Cpu(s): 51.4 us,  2.6 sy,  0.0 ni, 45.7 id,  0.0 wa,  0.0 hi,  0.1 si,  0.1 st
%Cpu(s): 65.4 us,  2.9 sy,  0.0 ni, 31.7 id,  0.0 wa,  0.0 hi,  0.0 si,  0.1 st
%Cpu(s): 76.3 us,  3.2 sy,  0.0 ni, 20.4 id,  0.0 wa,  0.0 hi,  0.1 si,  0.1 st
%Cpu(s): 39.2 us,  1.4 sy,  0.0 ni, 59.3 id,  0.0 wa,  0.0 hi,  0.1 si,  0.0 st
%Cpu(s): 14.4 us,  1.6 sy,  0.0 ni, 83.9 id,  0.0 wa,  0.0 hi,  0.1 si,  0.1 st
%Cpu(s):  2.9 us,  1.1 sy,  0.0 ni, 95.9 id,  0.0 wa,  0.0 hi,  0.0 si,  0.1 st
%Cpu(s):  9.9 us,  1.9 sy,  0.0 ni, 88.2 id,  0.0 wa,  0.0 hi,  0.0 si,  0.0 st
%Cpu(s): 38.3 us,  3.1 sy,  0.0 ni, 58.0 id,  0.1 wa,  0.0 hi,  0.4 si,  0.1 st
%Cpu(s): 51.0 us,  3.9 sy,  0.0 ni, 44.6 id,  0.0 wa,  0.0 hi,  0.4 si,  0.1 st
%Cpu(s): 80.5 us,  5.8 sy,  0.0 ni, 12.6 id,  0.0 wa,  0.0 hi,  1.1 si,  0.0 st
%Cpu(s): 61.2 us,  5.7 sy,  0.0 ni, 32.0 id,  0.0 wa,  0.0 hi,  1.0 si,  0.0 st
%Cpu(s): 56.6 us,  4.5 sy,  0.0 ni, 37.9 id,  0.0 wa,  0.0 hi,  0.9 si,  0.0 st
%Cpu(s): 74.1 us,  6.2 sy,  0.0 ni, 18.2 id,  0.0 wa,  0.0 hi,  1.5 si,  0.0 st
%Cpu(s): 65.8 us,  5.5 sy,  0.0 ni, 27.4 id,  0.0 wa,  0.0 hi,  1.3 si,  0.0 st
%Cpu(s): 64.1 us,  6.0 sy,  0.0 ni, 28.3 id,  0.0 wa,  0.0 hi,  1.6 si,  0.1 st
%Cpu(s): 58.4 us,  5.4 sy,  0.0 ni, 34.7 id,  0.0 wa,  0.0 hi,  1.5 si,  0.0 st
%Cpu(s): 30.5 us,  5.9 sy,  0.0 ni, 62.7 id,  0.0 wa,  0.0 hi,  0.9 si,  0.1 st
%Cpu(s): 42.1 us,  5.5 sy,  0.0 ni, 51.3 id,  0.0 wa,  0.0 hi,  1.0 si,  0.1 st
%Cpu(s): 23.2 us,  5.6 sy,  0.0 ni, 70.2 id,  0.0 wa,  0.0 hi,  1.0 si,  0.1 st
%Cpu(s): 19.9 us,  5.9 sy,  0.0 ni, 72.9 id,  0.0 wa,  0.0 hi,  1.3 si,  0.0 st
%Cpu(s): 16.3 us,  5.0 sy,  0.0 ni, 77.6 id,  0.0 wa,  0.0 hi,  1.0 si,  0.1 st
%Cpu(s): 11.1 us,  5.9 sy,  0.0 ni, 82.1 id,  0.0 wa,  0.0 hi,  1.0 si,  0.0 st
%Cpu(s): 13.1 us,  5.7 sy,  0.0 ni, 80.0 id,  0.0 wa,  0.0 hi,  1.0 si,  0.1 st
%Cpu(s): 11.2 us,  5.9 sy,  0.0 ni, 82.0 id,  0.0 wa,  0.0 hi,  0.9 si,  0.0 st
%Cpu(s): 12.2 us,  6.2 sy,  0.0 ni, 80.7 id,  0.0 wa,  0.0 hi,  0.9 si,  0.1 st
%Cpu(s): 12.0 us,  6.4 sy,  0.0 ni, 80.9 id,  0.0 wa,  0.0 hi,  0.7 si,  0.0 st
%Cpu(s): 10.4 us,  6.5 sy,  0.0 ni, 82.5 id,  0.0 wa,  0.0 hi,  0.6 si,  0.1 st
%Cpu(s): 11.0 us,  6.1 sy,  0.0 ni, 82.0 id,  0.0 wa,  0.0 hi,  0.9 si,  0.1 st
%Cpu(s): 11.0 us,  6.1 sy,  0.0 ni, 82.1 id,  0.0 wa,  0.0 hi,  0.8 si,  0.0 st
%Cpu(s): 10.6 us,  5.2 sy,  0.0 ni, 83.6 id,  0.0 wa,  0.0 hi,  0.6 si,  0.1 st
%Cpu(s): 10.9 us,  5.9 sy,  0.0 ni, 82.5 id,  0.0 wa,  0.0 hi,  0.7 si,  0.0 st
%Cpu(s): 10.0 us,  5.7 sy,  0.0 ni, 83.4 id,  0.0 wa,  0.0 hi,  0.9 si,  0.0 st
%Cpu(s):  9.6 us,  6.6 sy,  0.0 ni, 82.6 id,  0.1 wa,  0.0 hi,  1.1 si,  0.1 st
%Cpu(s): 12.3 us,  5.8 sy,  0.0 ni, 81.0 id,  0.0 wa,  0.0 hi,  0.9 si,  0.0 st
%Cpu(s): 13.3 us,  5.4 sy,  0.0 ni, 80.5 id,  0.0 wa,  0.0 hi,  0.7 si,  0.1 st
%Cpu(s): 15.9 us,  6.8 sy,  0.0 ni, 76.5 id,  0.0 wa,  0.0 hi,  0.8 si,  0.0 st
%Cpu(s):  9.9 us,  7.0 sy,  0.0 ni, 82.2 id,  0.0 wa,  0.0 hi,  0.8 si,  0.1 st
%Cpu(s): 11.2 us,  5.5 sy,  0.0 ni, 82.5 id,  0.0 wa,  0.0 hi,  0.8 si,  0.0 st
%Cpu(s): 10.1 us,  5.9 sy,  0.0 ni, 82.9 id,  0.0 wa,  0.0 hi,  1.0 si,  0.1 st
%Cpu(s): 16.4 us,  5.4 sy,  0.0 ni, 77.3 id,  0.0 wa,  0.0 hi,  0.9 si,  0.0 st
%Cpu(s): 10.5 us,  5.2 sy,  0.0 ni, 83.3 id,  0.0 wa,  0.0 hi,  0.9 si,  0.1 st
%Cpu(s): 10.9 us,  5.3 sy,  0.0 ni, 83.0 id,  0.0 wa,  0.0 hi,  0.8 si,  0.0 st
%Cpu(s): 14.0 us,  5.1 sy,  0.0 ni, 79.8 id,  0.1 wa,  0.0 hi,  1.0 si,  0.1 st
%Cpu(s): 14.7 us,  5.2 sy,  0.0 ni, 79.2 id,  0.0 wa,  0.0 hi,  0.8 si,  0.0 st
%Cpu(s): 17.9 us,  5.6 sy,  0.0 ni, 75.6 id,  0.0 wa,  0.0 hi,  0.9 si,  0.0 st
%Cpu(s): 10.6 us,  6.0 sy,  0.0 ni, 82.6 id,  0.0 wa,  0.0 hi,  0.8 si,  0.0 st
%Cpu(s): 10.4 us,  6.5 sy,  0.0 ni, 82.4 id,  0.0 wa,  0.0 hi,  0.6 si,  0.1 st
%Cpu(s): 12.3 us,  5.8 sy,  0.0 ni, 81.2 id,  0.0 wa,  0.0 hi,  0.7 si,  0.1 st
%Cpu(s): 13.4 us,  5.7 sy,  0.0 ni, 80.2 id,  0.0 wa,  0.0 hi,  0.7 si,  0.0 st
%Cpu(s): 11.4 us,  5.4 sy,  0.0 ni, 82.2 id,  0.0 wa,  0.0 hi,  1.0 si,  0.1 st
%Cpu(s): 10.9 us,  6.6 sy,  0.0 ni, 81.3 id,  0.0 wa,  0.0 hi,  1.1 si,  0.0 st
%Cpu(s): 10.6 us,  6.0 sy,  0.0 ni, 82.7 id,  0.0 wa,  0.0 hi,  0.6 si,  0.1 st
%Cpu(s): 10.1 us,  5.2 sy,  0.0 ni, 83.8 id,  0.0 wa,  0.0 hi,  0.8 si,  0.0 st
%Cpu(s): 10.6 us,  6.4 sy,  0.0 ni, 82.0 id,  0.0 wa,  0.0 hi,  1.0 si,  0.0 st
%Cpu(s): 11.1 us,  5.5 sy,  0.0 ni, 82.5 id,  0.0 wa,  0.0 hi,  0.8 si,  0.1 st
%Cpu(s):  9.8 us,  5.5 sy,  0.0 ni, 83.6 id,  0.0 wa,  0.0 hi,  1.0 si,  0.0 st
%Cpu(s):  9.1 us,  5.5 sy,  0.0 ni, 84.6 id,  0.0 wa,  0.0 hi,  0.8 si,  0.0 st
%Cpu(s):  9.2 us,  6.1 sy,  0.0 ni, 84.1 id,  0.0 wa,  0.0 hi,  0.5 si,  0.1 st
%Cpu(s):  9.8 us,  5.7 sy,  0.0 ni, 83.5 id,  0.0 wa,  0.0 hi,  1.0 si,  0.0 st
%Cpu(s):  9.9 us,  5.8 sy,  0.0 ni, 83.6 id,  0.0 wa,  0.0 hi,  0.8 si,  0.1 st
%Cpu(s):  8.1 us,  6.2 sy,  0.0 ni, 85.0 id,  0.0 wa,  0.0 hi,  0.7 si,  0.0 st
%Cpu(s): 10.8 us,  5.3 sy,  0.0 ni, 83.1 id,  0.0 wa,  0.0 hi,  0.9 si,  0.0 st
%Cpu(s): 10.0 us,  6.1 sy,  0.0 ni, 82.9 id,  0.0 wa,  0.0 hi,  1.0 si,  0.1 st
%Cpu(s): 14.2 us,  6.2 sy,  0.0 ni, 78.5 id,  0.0 wa,  0.0 hi,  0.9 si,  0.1 st
%Cpu(s): 23.6 us,  5.9 sy,  0.0 ni, 69.8 id,  0.0 wa,  0.0 hi,  0.6 si,  0.0 st
%Cpu(s): 13.2 us,  6.4 sy,  0.0 ni, 79.6 id,  0.0 wa,  0.0 hi,  0.9 si,  0.0 st
%Cpu(s): 19.4 us,  5.8 sy,  0.0 ni, 74.2 id,  0.0 wa,  0.0 hi,  0.6 si,  0.1 st
%Cpu(s): 10.8 us,  6.1 sy,  0.0 ni, 82.2 id,  0.0 wa,  0.0 hi,  0.9 si,  0.0 st
