%Cpu(s):  4.0 us,  0.7 sy,  0.0 ni, 95.2 id,  0.0 wa,  0.0 hi,  0.1 si,  0.0 st
%Cpu(s):  2.2 us,  0.7 sy,  0.0 ni, 97.1 id,  0.0 wa,  0.0 hi,  0.1 si,  0.0 st
%Cpu(s): 54.9 us,  4.8 sy,  0.0 ni, 40.2 id,  0.0 wa,  0.0 hi,  0.0 si,  0.1 st
%Cpu(s): 86.0 us,  3.8 sy,  0.0 ni, 10.2 id,  0.0 wa,  0.0 hi,  0.0 si,  0.1 st
%Cpu(s): 76.9 us,  3.8 sy,  0.0 ni, 19.3 id,  0.0 wa,  0.0 hi,  0.0 si,  0.0 st
%Cpu(s): 84.8 us,  3.1 sy,  0.0 ni, 12.1 id,  0.0 wa,  0.0 hi,  0.0 si,  0.0 st
%Cpu(s): 97.0 us,  2.5 sy,  0.0 ni,  0.6 id,  0.0 wa,  0.0 hi,  0.0 si,  0.0 st
%Cpu(s): 94.4 us,  3.2 sy,  0.0 ni,  2.4 id,  0.0 wa,  0.0 hi,  0.0 si,  0.0 st
%Cpu(s): 96.6 us,  3.2 sy,  0.0 ni,  0.0 id,  0.0 wa,  0.0 hi,  0.1 si,  0.0 st
%Cpu(s): 96.6 us,  2.9 sy,  0.0 ni,  0.2 id,  0.0 wa,  0.0 hi,  0.2 si,  0.0 st
%Cpu(s): 96.0 us,  3.4 sy,  0.0 ni,  0.4 id,  0.0 wa,  0.0 hi,  0.2 si,  0.0 st
%Cpu(s): 95.9 us,  2.7 sy,  0.0 ni,  1.2 id,  0.0 wa,  0.0 hi,  0.2 si,  0.0 st
%Cpu(s): 53.4 us,  1.7 sy,  0.0 ni, 44.7 id,  0.0 wa,  0.0 hi,  0.2 si,  0.0 st
%Cpu(s): 22.8 us,  2.0 sy,  0.0 ni, 75.1 id,  0.0 wa,  0.0 hi,  0.1 si,  0.0 st
%Cpu(s):  9.1 us,  1.9 sy,  0.0 ni, 88.8 id,  0.0 wa,  0.0 hi,  0.1 si,  0.1 st
%Cpu(s): 58.3 us,  3.9 sy,  0.0 ni, 37.2 id,  0.0 wa,  0.0 hi,  0.6 si,  0.0 st
%Cpu(s): 90.2 us,  7.3 sy,  0.0 ni,  1.1 id,  0.0 wa,  0.0 hi,  1.4 si,  0.0 st
%Cpu(s): 91.1 us,  7.1 sy,  0.0 ni,  0.0 id,  0.0 wa,  0.0 hi,  1.7 si,  0.0 st
%Cpu(s): 92.0 us,  6.4 sy,  0.0 ni,  0.0 id,  0.0 wa,  0.0 hi,  1.6 si,  0.0 st
%Cpu(s): 92.6 us,  6.0 sy,  0.0 ni,  0.0 id,  0.0 wa,  0.0 hi,  1.4 si,  0.0 st
%Cpu(s): 90.0 us,  8.4 sy,  0.0 ni,  0.0 id,  0.0 wa,  0.0 hi,  1.6 si,  0.0 st
%Cpu(s): 90.0 us,  8.7 sy,  0.0 ni,  0.0 id,  0.0 wa,  0.0 hi,  1.2 si,  0.1 st
%Cpu(s): 90.8 us,  7.5 sy,  0.0 ni,  0.1 id,  0.0 wa,  0.0 hi,  1.6 si,  0.0 st
%Cpu(s): 89.0 us,  9.2 sy,  0.0 ni,  0.0 id,  0.0 wa,  0.0 hi,  1.9 si,  0.0 st
%Cpu(s): 91.3 us,  7.2 sy,  0.0 ni,  0.0 id,  0.0 wa,  0.0 hi,  1.5 si,  0.0 st
%Cpu(s): 91.2 us,  7.0 sy,  0.0 ni,  0.0 id,  0.0 wa,  0.0 hi,  1.8 si,  0.0 st
%Cpu(s): 90.2 us,  8.0 sy,  0.0 ni,  0.1 id,  0.0 wa,  0.0 hi,  1.7 si,  0.0 st
%Cpu(s): 91.6 us,  6.9 sy,  0.0 ni,  0.0 id,  0.0 wa,  0.0 hi,  1.4 si,  0.0 st
%Cpu(s): 90.2 us,  8.0 sy,  0.0 ni,  0.0 id,  0.0 wa,  0.0 hi,  1.8 si,  0.0 st
%Cpu(s): 90.5 us,  7.5 sy,  0.0 ni,  0.0 id,  0.0 wa,  0.0 hi,  2.0 si,  0.0 st
%Cpu(s): 92.3 us,  6.2 sy,  0.0 ni,  0.1 id,  0.0 wa,  0.0 hi,  1.4 si,  0.0 st
%Cpu(s): 85.9 us,  6.5 sy,  0.0 ni,  5.9 id,  0.0 wa,  0.0 hi,  1.7 si,  0.0 st
%Cpu(s): 74.4 us,  5.9 sy,  0.0 ni, 18.1 id,  0.0 wa,  0.0 hi,  1.5 si,  0.0 st
%Cpu(s): 36.4 us,  6.6 sy,  0.0 ni, 55.2 id,  0.0 wa,  0.0 hi,  1.7 si,  0.1 st
%Cpu(s): 17.5 us,  5.5 sy,  0.0 ni, 75.0 id,  0.0 wa,  0.0 hi,  1.9 si,  0.0 st
%Cpu(s): 15.6 us,  6.1 sy,  0.0 ni, 76.2 id,  0.0 wa,  0.0 hi,  2.1 si,  0.0 st
%Cpu(s): 17.2 us,  6.8 sy,  0.0 ni, 73.6 id,  0.0 wa,  0.0 hi,  2.2 si,  0.1 st
%Cpu(s): 20.8 us,  6.5 sy,  0.0 ni, 70.7 id,  0.0 wa,  0.0 hi,  1.9 si,  0.1 st
%Cpu(s): 16.6 us,  6.4 sy,  0.0 ni, 74.7 id,  0.0 wa,  0.0 hi,  2.3 si,  0.0 st
%Cpu(s): 15.1 us,  5.9 sy,  0.0 ni, 76.2 id,  0.0 wa,  0.0 hi,  2.7 si,  0.1 st
%Cpu(s): 21.2 us,  6.1 sy,  0.0 ni, 70.5 id,  0.0 wa,  0.0 hi,  2.2 si,  0.0 st
%Cpu(s): 53.6 us,  7.5 sy,  0.0 ni, 37.0 id,  0.0 wa,  0.0 hi,  2.0 si,  0.0 st
%Cpu(s): 79.0 us,  8.1 sy,  0.0 ni, 10.9 id,  0.0 wa,  0.0 hi,  2.0 si,  0.0 st
%Cpu(s): 32.3 us,  6.2 sy,  0.0 ni, 59.5 id,  0.0 wa,  0.0 hi,  2.0 si,  0.1 st
%Cpu(s): 15.5 us,  6.8 sy,  0.0 ni, 75.4 id,  0.0 wa,  0.0 hi,  2.2 si,  0.0 st
%Cpu(s): 16.1 us,  6.6 sy,  0.0 ni, 75.4 id,  0.1 wa,  0.0 hi,  1.8 si,  0.0 st
%Cpu(s): 29.2 us,  6.9 sy,  0.0 ni, 61.9 id,  0.0 wa,  0.0 hi,  2.1 si,  0.0 st
%Cpu(s): 49.1 us,  7.6 sy,  0.0 ni, 41.2 id,  0.0 wa,  0.0 hi,  2.1 si,  0.0 st
%Cpu(s): 19.9 us,  7.6 sy,  0.0 ni, 70.0 id,  0.0 wa,  0.0 hi,  2.5 si,  0.0 st
%Cpu(s): 18.0 us,  6.8 sy,  0.0 ni, 73.1 id,  0.0 wa,  0.0 hi,  2.2 si,  0.0 st
%Cpu(s): 20.3 us,  5.8 sy,  0.0 ni, 71.8 id,  0.0 wa,  0.0 hi,  2.0 si,  0.1 st
%Cpu(s): 23.3 us,  6.5 sy,  0.0 ni, 68.3 id,  0.0 wa,  0.0 hi,  1.8 si,  0.1 st
%Cpu(s): 23.3 us,  7.1 sy,  0.0 ni, 67.2 id,  0.0 wa,  0.0 hi,  2.4 si,  0.0 st
%Cpu(s): 17.5 us,  6.3 sy,  0.0 ni, 74.1 id,  0.0 wa,  0.0 hi,  2.0 si,  0.1 st
%Cpu(s): 13.4 us,  6.7 sy,  0.0 ni, 78.0 id,  0.1 wa,  0.0 hi,  1.8 si,  0.0 st
%Cpu(s): 16.1 us,  6.3 sy,  0.0 ni, 75.6 id,  0.0 wa,  0.0 hi,  2.0 si,  0.0 st
%Cpu(s): 18.5 us,  6.8 sy,  0.0 ni, 72.4 id,  0.0 wa,  0.0 hi,  2.1 si,  0.2 st
%Cpu(s): 30.0 us,  6.7 sy,  0.0 ni, 61.4 id,  0.0 wa,  0.0 hi,  1.9 si,  0.0 st
%Cpu(s): 20.0 us,  6.7 sy,  0.0 ni, 71.3 id,  0.0 wa,  0.0 hi,  2.0 si,  0.0 st
%Cpu(s): 14.2 us,  5.8 sy,  0.0 ni, 77.8 id,  0.0 wa,  0.0 hi,  2.2 si,  0.0 st
%Cpu(s): 16.6 us,  6.3 sy,  0.0 ni, 75.2 id,  0.0 wa,  0.0 hi,  1.8 si,  0.1 st
%Cpu(s): 16.3 us,  6.0 sy,  0.0 ni, 75.7 id,  0.0 wa,  0.0 hi,  2.1 si,  0.0 st
%Cpu(s): 13.6 us,  6.5 sy,  0.0 ni, 77.9 id,  0.0 wa,  0.0 hi,  2.0 si,  0.0 st
%Cpu(s): 16.1 us,  6.4 sy,  0.0 ni, 75.7 id,  0.0 wa,  0.0 hi,  1.9 si,  0.0 st
%Cpu(s): 14.3 us,  6.6 sy,  0.0 ni, 77.0 id,  0.0 wa,  0.0 hi,  2.0 si,  0.1 st
%Cpu(s): 14.9 us,  7.2 sy,  0.0 ni, 75.3 id,  0.0 wa,  0.0 hi,  2.7 si,  0.0 st
%Cpu(s): 14.6 us,  7.1 sy,  0.0 ni, 76.2 id,  0.0 wa,  0.0 hi,  2.2 si,  0.0 st
%Cpu(s): 16.7 us,  6.4 sy,  0.0 ni, 74.2 id,  0.0 wa,  0.0 hi,  2.6 si,  0.1 st
%Cpu(s): 15.7 us,  6.9 sy,  0.0 ni, 75.1 id,  0.0 wa,  0.0 hi,  2.2 si,  0.0 st
%Cpu(s): 17.2 us,  6.8 sy,  0.0 ni, 73.6 id,  0.0 wa,  0.0 hi,  2.4 si,  0.0 st
%Cpu(s): 17.9 us,  6.2 sy,  0.0 ni, 73.6 id,  0.0 wa,  0.0 hi,  2.3 si,  0.0 st
%Cpu(s): 24.7 us,  6.5 sy,  0.0 ni, 66.8 id,  0.0 wa,  0.0 hi,  2.0 si,  0.0 st
%Cpu(s): 22.4 us,  7.3 sy,  0.0 ni, 68.4 id,  0.0 wa,  0.0 hi,  1.8 si,  0.1 st
%Cpu(s): 24.2 us,  7.4 sy,  0.0 ni, 66.1 id,  0.0 wa,  0.0 hi,  2.3 si,  0.1 st
%Cpu(s): 16.8 us,  7.0 sy,  0.0 ni, 73.9 id,  0.0 wa,  0.0 hi,  2.4 si,  0.0 st
%Cpu(s): 19.5 us,  6.7 sy,  0.0 ni, 71.7 id,  0.0 wa,  0.0 hi,  2.0 si,  0.1 st
