%Cpu(s):  7.9 us,  1.4 sy,  0.0 ni, 90.5 id,  0.0 wa,  0.0 hi,  0.1 si,  0.0 st
%Cpu(s):  2.6 us,  1.5 sy,  0.0 ni, 95.9 id,  0.0 wa,  0.0 hi,  0.0 si,  0.0 st
%Cpu(s):  3.3 us,  2.9 sy,  0.0 ni, 93.5 id,  0.0 wa,  0.0 hi,  0.0 si,  0.2 st
%Cpu(s):  2.4 us,  2.1 sy,  0.0 ni, 95.4 id,  0.0 wa,  0.0 hi,  0.0 si,  0.1 st
%Cpu(s):  3.2 us,  2.7 sy,  0.0 ni, 94.1 id,  0.0 wa,  0.0 hi,  0.0 si,  0.0 st
%Cpu(s):  6.1 us,  2.6 sy,  0.0 ni, 91.3 id,  0.0 wa,  0.0 hi,  0.0 si,  0.0 st
%Cpu(s): 40.4 us,  2.9 sy,  0.0 ni, 56.3 id,  0.0 wa,  0.0 hi,  0.3 si,  0.1 st
%Cpu(s): 88.5 us,  6.1 sy,  0.0 ni,  4.4 id,  0.0 wa,  0.0 hi,  1.0 si,  0.0 st
%Cpu(s): 90.8 us,  6.1 sy,  0.0 ni,  2.2 id,  0.0 wa,  0.0 hi,  0.9 si,  0.0 st
%Cpu(s): 90.7 us,  7.6 sy,  0.0 ni,  0.6 id,  0.0 wa,  0.0 hi,  1.1 si,  0.0 st
%Cpu(s): 91.2 us,  6.4 sy,  0.0 ni,  1.0 id,  0.0 wa,  0.0 hi,  1.4 si,  0.0 st
%Cpu(s): 88.5 us,  6.5 sy,  0.0 ni,  3.6 id,  0.0 wa,  0.0 hi,  1.4 si,  0.0 st
%Cpu(s): 62.5 us,  5.4 sy,  0.0 ni, 31.1 id,  0.0 wa,  0.0 hi,  1.0 si,  0.0 st
%Cpu(s): 51.9 us,  5.0 sy,  0.0 ni, 42.6 id,  0.0 wa,  0.0 hi,  0.5 si,  0.0 st
%Cpu(s): 28.7 us,  5.2 sy,  0.0 ni, 65.6 id,  0.0 wa,  0.0 hi,  0.4 si,  0.1 st
%Cpu(s): 18.2 us,  5.9 sy,  0.0 ni, 75.6 id,  0.0 wa,  0.0 hi,  0.3 si,  0.1 st
%Cpu(s): 24.3 us,  5.4 sy,  0.0 ni, 69.5 id,  0.0 wa,  0.0 hi,  0.8 si,  0.0 st
%Cpu(s): 14.7 us,  6.4 sy,  0.0 ni, 78.5 id,  0.0 wa,  0.0 hi,  0.5 si,  0.0 st
%Cpu(s): 14.1 us,  5.9 sy,  0.0 ni, 79.3 id,  0.0 wa,  0.0 hi,  0.6 si,  0.0 st
%Cpu(s): 20.5 us,  5.5 sy,  0.0 ni, 73.5 id,  0.0 wa,  0.0 hi,  0.4 si,  0.1 st
%Cpu(s): 13.5 us,  6.1 sy,  0.0 ni, 79.9 id,  0.1 wa,  0.0 hi,  0.4 si,  0.0 st
%Cpu(s): 11.6 us,  5.3 sy,  0.0 ni, 82.8 id,  0.0 wa,  0.0 hi,  0.4 si,  0.0 st
%Cpu(s): 12.6 us,  6.6 sy,  0.0 ni, 80.1 id,  0.0 wa,  0.0 hi,  0.5 si,  0.1 st
%Cpu(s): 13.0 us,  5.7 sy,  0.0 ni, 80.8 id,  0.0 wa,  0.0 hi,  0.5 si,  0.0 st
%Cpu(s): 12.4 us,  6.3 sy,  0.0 ni, 80.8 id,  0.0 wa,  0.0 hi,  0.4 si,  0.1 st
%Cpu(s): 12.4 us,  4.8 sy,  0.0 ni, 82.6 id,  0.0 wa,  0.0 hi,  0.3 si,  0.0 st
%Cpu(s): 15.4 us,  5.9 sy,  0.0 ni, 78.0 id,  0.0 wa,  0.0 hi,  0.6 si,  0.0 st
%Cpu(s): 12.0 us,  6.4 sy,  0.0 ni, 81.2 id,  0.0 wa,  0.0 hi,  0.4 si,  0.0 st
%Cpu(s): 11.2 us,  6.7 sy,  0.0 ni, 81.7 id,  0.0 wa,  0.0 hi,  0.5 si,  0.0 st
%Cpu(s): 14.9 us,  5.4 sy,  0.0 ni, 78.8 id,  0.0 wa,  0.0 hi,  0.9 si,  0.0 st
%Cpu(s): 12.9 us,  5.4 sy,  0.0 ni, 80.9 id,  0.0 wa,  0.0 hi,  0.8 si,  0.0 st
%Cpu(s): 12.1 us,  6.6 sy,  0.0 ni, 80.6 id,  0.1 wa,  0.0 hi,  0.5 si,  0.1 st
%Cpu(s): 10.3 us,  6.2 sy,  0.0 ni, 83.2 id,  0.0 wa,  0.0 hi,  0.3 si,  0.0 st
%Cpu(s): 13.3 us,  7.2 sy,  0.0 ni, 78.9 id,  0.0 wa,  0.0 hi,  0.5 si,  0.1 st
%Cpu(s): 15.5 us,  6.0 sy,  0.0 ni, 78.1 id,  0.0 wa,  0.0 hi,  0.5 si,  0.0 st
%Cpu(s): 11.8 us,  5.7 sy,  0.0 ni, 81.8 id,  0.1 wa,  0.0 hi,  0.5 si,  0.0 st
%Cpu(s): 19.8 us,  6.0 sy,  0.0 ni, 73.9 id,  0.0 wa,  0.0 hi,  0.3 si,  0.1 st
%Cpu(s): 19.8 us,  6.2 sy,  0.0 ni, 73.2 id,  0.0 wa,  0.0 hi,  0.8 si,  0.0 st
%Cpu(s): 13.4 us,  5.7 sy,  0.0 ni, 80.7 id,  0.0 wa,  0.0 hi,  0.3 si,  0.0 st
%Cpu(s): 12.5 us,  6.3 sy,  0.0 ni, 80.7 id,  0.0 wa,  0.0 hi,  0.5 si,  0.0 st
%Cpu(s): 14.7 us,  5.1 sy,  0.0 ni, 79.9 id,  0.0 wa,  0.0 hi,  0.4 si,  0.0 st
%Cpu(s): 22.3 us,  5.2 sy,  0.0 ni, 72.2 id,  0.0 wa,  0.0 hi,  0.3 si,  0.1 st
%Cpu(s): 10.9 us,  5.3 sy,  0.0 ni, 83.2 id,  0.0 wa,  0.0 hi,  0.6 si,  0.0 st
%Cpu(s): 12.8 us,  5.3 sy,  0.0 ni, 81.0 id,  0.0 wa,  0.0 hi,  0.8 si,  0.1 st
%Cpu(s): 14.7 us,  5.4 sy,  0.0 ni, 79.7 id,  0.0 wa,  0.0 hi,  0.3 si,  0.0 st
%Cpu(s): 12.0 us,  6.7 sy,  0.0 ni, 81.0 id,  0.0 wa,  0.0 hi,  0.3 si,  0.0 st
%Cpu(s): 12.2 us,  6.4 sy,  0.0 ni, 80.6 id,  0.0 wa,  0.0 hi,  0.8 si,  0.0 st
%Cpu(s): 10.2 us,  5.0 sy,  0.0 ni, 84.1 id,  0.0 wa,  0.0 hi,  0.5 si,  0.1 st
%Cpu(s): 10.3 us,  5.2 sy,  0.0 ni, 83.9 id,  0.0 wa,  0.0 hi,  0.6 si,  0.0 st
%Cpu(s): 12.8 us,  6.1 sy,  0.0 ni, 80.7 id,  0.0 wa,  0.0 hi,  0.4 si,  0.0 st
%Cpu(s): 12.8 us,  6.1 sy,  0.0 ni, 80.4 id,  0.0 wa,  0.0 hi,  0.6 si,  0.1 st
%Cpu(s): 12.1 us,  7.7 sy,  0.0 ni, 79.8 id,  0.0 wa,  0.0 hi,  0.4 si,  0.0 st
%Cpu(s): 10.6 us,  5.9 sy,  0.0 ni, 83.0 id,  0.0 wa,  0.0 hi,  0.5 si,  0.0 st
%Cpu(s): 11.6 us,  5.1 sy,  0.0 ni, 83.0 id,  0.0 wa,  0.0 hi,  0.4 si,  0.0 st
%Cpu(s): 13.1 us,  4.9 sy,  0.0 ni, 81.6 id,  0.0 wa,  0.0 hi,  0.4 si,  0.0 st
%Cpu(s): 12.4 us,  5.6 sy,  0.0 ni, 81.8 id,  0.0 wa,  0.0 hi,  0.3 si,  0.0 st
%Cpu(s): 10.8 us,  5.3 sy,  0.0 ni, 83.0 id,  0.0 wa,  0.0 hi,  0.8 si,  0.1 st
%Cpu(s):  9.6 us,  6.9 sy,  0.0 ni, 83.1 id,  0.0 wa,  0.0 hi,  0.4 si,  0.0 st
%Cpu(s): 11.7 us,  5.5 sy,  0.0 ni, 82.0 id,  0.0 wa,  0.0 hi,  0.8 si,  0.0 st
%Cpu(s): 12.1 us,  5.8 sy,  0.0 ni, 81.4 id,  0.0 wa,  0.0 hi,  0.6 si,  0.1 st
%Cpu(s): 10.1 us,  5.6 sy,  0.0 ni, 83.9 id,  0.0 wa,  0.0 hi,  0.4 si,  0.0 st
%Cpu(s): 10.7 us,  6.6 sy,  0.0 ni, 82.1 id,  0.0 wa,  0.0 hi,  0.5 si,  0.0 st
%Cpu(s): 12.0 us,  5.9 sy,  0.0 ni, 81.4 id,  0.0 wa,  0.0 hi,  0.7 si,  0.1 st
%Cpu(s): 13.9 us,  7.4 sy,  0.0 ni, 78.4 id,  0.0 wa,  0.0 hi,  0.4 si,  0.0 st
%Cpu(s): 15.9 us,  6.2 sy,  0.0 ni, 77.5 id,  0.0 wa,  0.0 hi,  0.4 si,  0.0 st
%Cpu(s): 11.5 us,  6.4 sy,  0.0 ni, 81.6 id,  0.0 wa,  0.0 hi,  0.5 si,  0.0 st
%Cpu(s): 67.9 us,  6.7 sy,  0.0 ni, 24.3 id,  0.0 wa,  0.0 hi,  1.1 si,  0.0 st
%Cpu(s): 77.9 us,  8.0 sy,  0.0 ni, 12.6 id,  0.0 wa,  0.0 hi,  1.5 si,  0.0 st
%Cpu(s): 26.2 us,  6.3 sy,  0.0 ni, 66.5 id,  0.0 wa,  0.0 hi,  1.0 si,  0.0 st
%Cpu(s): 19.7 us,  5.9 sy,  0.0 ni, 73.9 id,  0.0 wa,  0.0 hi,  0.4 si,  0.1 st
%Cpu(s): 12.9 us,  6.0 sy,  0.0 ni, 80.6 id,  0.0 wa,  0.0 hi,  0.5 si,  0.0 st
%Cpu(s): 13.9 us,  6.5 sy,  0.0 ni, 79.2 id,  0.0 wa,  0.0 hi,  0.4 si,  0.0 st
%Cpu(s): 13.1 us,  7.5 sy,  0.0 ni, 78.6 id,  0.1 wa,  0.0 hi,  0.6 si,  0.0 st
%Cpu(s): 22.2 us,  6.6 sy,  0.0 ni, 70.6 id,  0.0 wa,  0.0 hi,  0.5 si,  0.1 st
%Cpu(s): 16.4 us,  5.2 sy,  0.0 ni, 77.6 id,  0.0 wa,  0.0 hi,  0.8 si,  0.0 st
%Cpu(s): 18.3 us,  6.6 sy,  0.0 ni, 74.6 id,  0.0 wa,  0.0 hi,  0.5 si,  0.0 st
%Cpu(s): 11.4 us,  5.5 sy,  0.0 ni, 82.1 id,  0.0 wa,  0.0 hi,  0.8 si,  0.1 st
%Cpu(s): 12.6 us,  6.0 sy,  0.0 ni, 80.8 id,  0.0 wa,  0.0 hi,  0.6 si,  0.0 st
%Cpu(s): 12.5 us,  5.1 sy,  0.0 ni, 81.9 id,  0.0 wa,  0.0 hi,  0.5 si,  0.0 st
%Cpu(s): 10.4 us,  5.9 sy,  0.0 ni, 82.9 id,  0.0 wa,  0.0 hi,  0.8 si,  0.0 st
%Cpu(s): 15.0 us,  6.7 sy,  0.0 ni, 77.6 id,  0.0 wa,  0.0 hi,  0.6 si,  0.0 st
