%Cpu(s):  3.5 us,  0.8 sy,  0.0 ni, 95.7 id,  0.0 wa,  0.0 hi,  0.1 si,  0.0 st
%Cpu(s):  1.2 us,  0.3 sy,  0.0 ni, 98.5 id,  0.0 wa,  0.0 hi,  0.0 si,  0.0 st
%Cpu(s): 50.3 us,  5.1 sy,  0.0 ni, 44.6 id,  0.0 wa,  0.0 hi,  0.0 si,  0.0 st
%Cpu(s): 81.1 us,  3.3 sy,  0.0 ni, 15.5 id,  0.0 wa,  0.0 hi,  0.0 si,  0.1 st
%Cpu(s): 72.5 us,  3.8 sy,  0.0 ni, 23.6 id,  0.0 wa,  0.0 hi,  0.1 si,  0.1 st
%Cpu(s): 94.5 us,  3.0 sy,  0.0 ni,  2.4 id,  0.0 wa,  0.0 hi,  0.0 si,  0.0 st
%Cpu(s): 94.1 us,  3.6 sy,  0.0 ni,  2.3 id,  0.0 wa,  0.0 hi,  0.1 si,  0.0 st
%Cpu(s): 96.2 us,  2.6 sy,  0.0 ni,  1.2 id,  0.0 wa,  0.0 hi,  0.1 si,  0.0 st
%Cpu(s): 94.5 us,  3.7 sy,  0.0 ni,  1.6 id,  0.0 wa,  0.0 hi,  0.2 si,  0.0 st
%Cpu(s): 52.7 us,  2.1 sy,  0.0 ni, 44.9 id,  0.0 wa,  0.0 hi,  0.1 si,  0.1 st
%Cpu(s):  8.2 us,  1.4 sy,  0.0 ni, 90.3 id,  0.1 wa,  0.0 hi,  0.0 si,  0.1 st
%Cpu(s):  7.3 us,  1.6 sy,  0.0 ni, 91.0 id,  0.0 wa,  0.0 hi,  0.0 si,  0.1 st
%Cpu(s):  6.0 us,  1.8 sy,  0.0 ni, 92.2 id,  0.0 wa,  0.0 hi,  0.0 si,  0.1 st
%Cpu(s):  4.1 us,  1.4 sy,  0.0 ni, 94.4 id,  0.0 wa,  0.0 hi,  0.0 si,  0.1 st
%Cpu(s):  5.1 us,  1.4 sy,  0.0 ni, 93.4 id,  0.0 wa,  0.0 hi,  0.1 si,  0.0 st
%Cpu(s):  7.7 us,  1.1 sy,  0.0 ni, 91.1 id,  0.0 wa,  0.0 hi,  0.0 si,  0.1 st
%Cpu(s):  6.2 us,  1.8 sy,  0.0 ni, 91.9 id,  0.0 wa,  0.0 hi,  0.0 si,  0.1 st
%Cpu(s):  4.3 us,  1.9 sy,  0.0 ni, 93.8 id,  0.0 wa,  0.0 hi,  0.0 si,  0.1 st
%Cpu(s):  3.3 us,  1.5 sy,  0.0 ni, 95.1 id,  0.0 wa,  0.0 hi,  0.0 si,  0.1 st
%Cpu(s): 31.5 us,  3.4 sy,  0.0 ni, 64.7 id,  0.0 wa,  0.0 hi,  0.4 si,  0.1 st
%Cpu(s): 84.3 us,  6.1 sy,  0.0 ni,  8.8 id,  0.0 wa,  0.0 hi,  0.7 si,  0.1 st
%Cpu(s): 89.5 us,  8.5 sy,  0.0 ni,  0.4 id,  0.0 wa,  0.0 hi,  1.6 si,  0.0 st
%Cpu(s): 89.3 us,  9.3 sy,  0.0 ni,  0.1 id,  0.0 wa,  0.0 hi,  1.2 si,  0.0 st
%Cpu(s): 88.7 us,  9.6 sy,  0.0 ni,  0.1 id,  0.0 wa,  0.0 hi,  1.6 si,  0.0 st
%Cpu(s): 88.2 us, 10.0 sy,  0.0 ni,  0.1 id,  0.0 wa,  0.0 hi,  1.7 si,  0.0 st
%Cpu(s): 89.5 us,  8.5 sy,  0.0 ni,  0.2 id,  0.0 wa,  0.0 hi,  1.7 si,  0.0 st
%Cpu(s): 89.8 us,  8.5 sy,  0.0 ni,  0.0 id,  0.0 wa,  0.0 hi,  1.7 si,  0.0 st
%Cpu(s): 89.6 us,  8.6 sy,  0.0 ni,  0.2 id,  0.0 wa,  0.0 hi,  1.7 si,  0.0 st
%Cpu(s): 90.4 us,  8.2 sy,  0.0 ni,  0.0 id,  0.0 wa,  0.0 hi,  1.4 si,  0.0 st
%Cpu(s): 89.7 us,  8.7 sy,  0.0 ni,  0.2 id,  0.0 wa,  0.0 hi,  1.4 si,  0.0 st
%Cpu(s): 88.6 us,  8.9 sy,  0.0 ni,  0.9 id,  0.0 wa,  0.0 hi,  1.6 si,  0.0 st
%Cpu(s): 64.5 us,  8.3 sy,  0.0 ni, 25.7 id,  0.0 wa,  0.0 hi,  1.4 si,  0.0 st
%Cpu(s): 28.4 us,  7.0 sy,  0.0 ni, 62.9 id,  0.0 wa,  0.0 hi,  1.7 si,  0.0 st
%Cpu(s): 20.3 us,  6.9 sy,  0.0 ni, 71.2 id,  0.0 wa,  0.0 hi,  1.7 si,  0.0 st
%Cpu(s): 13.1 us,  7.1 sy,  0.0 ni, 78.2 id,  0.0 wa,  0.0 hi,  1.6 si,  0.0 st
%Cpu(s): 12.8 us,  6.3 sy,  0.0 ni, 79.5 id,  0.0 wa,  0.0 hi,  1.4 si,  0.0 st
%Cpu(s): 14.6 us,  7.0 sy,  0.0 ni, 76.8 id,  0.0 wa,  0.0 hi,  1.6 si,  0.0 st
%Cpu(s): 13.1 us,  7.4 sy,  0.0 ni, 77.6 id,  0.0 wa,  0.0 hi,  1.9 si,  0.0 st
%Cpu(s): 11.9 us,  6.7 sy,  0.0 ni, 80.0 id,  0.0 wa,  0.0 hi,  1.5 si,  0.0 st
%Cpu(s): 12.4 us,  6.2 sy,  0.0 ni, 79.7 id,  0.0 wa,  0.0 hi,  1.7 si,  0.0 st
%Cpu(s): 12.8 us,  6.5 sy,  0.0 ni, 78.9 id,  0.0 wa,  0.0 hi,  1.8 si,  0.0 st
%Cpu(s): 14.0 us,  6.4 sy,  0.0 ni, 77.9 id,  0.0 wa,  0.0 hi,  1.5 si,  0.1 st
%Cpu(s): 16.9 us,  7.1 sy,  0.0 ni, 74.3 id,  0.0 wa,  0.0 hi,  1.7 si,  0.0 st
%Cpu(s): 13.2 us,  7.8 sy,  0.0 ni, 76.9 id,  0.0 wa,  0.0 hi,  2.1 si,  0.0 st
%Cpu(s): 19.3 us,  7.2 sy,  0.0 ni, 71.9 id,  0.0 wa,  0.0 hi,  1.5 si,  0.1 st
%Cpu(s): 13.9 us,  6.2 sy,  0.0 ni, 78.2 id,  0.0 wa,  0.0 hi,  1.7 si,  0.0 st
%Cpu(s): 18.6 us,  7.2 sy,  0.0 ni, 72.4 id,  0.0 wa,  0.0 hi,  1.8 si,  0.1 st
%Cpu(s): 12.6 us,  6.6 sy,  0.0 ni, 78.6 id,  0.0 wa,  0.0 hi,  2.0 si,  0.1 st
%Cpu(s): 30.1 us,  6.9 sy,  0.0 ni, 61.5 id,  0.0 wa,  0.0 hi,  1.5 si,  0.0 st
%Cpu(s): 20.1 us,  6.3 sy,  0.0 ni, 72.0 id,  0.0 wa,  0.0 hi,  1.6 si,  0.0 st
%Cpu(s): 37.2 us,  7.1 sy,  0.0 ni, 53.8 id,  0.0 wa,  0.0 hi,  1.8 si,  0.0 st
%Cpu(s): 20.3 us,  7.1 sy,  0.0 ni, 70.6 id,  0.0 wa,  0.0 hi,  2.0 si,  0.1 st
%Cpu(s): 35.9 us,  8.3 sy,  0.0 ni, 53.7 id,  0.0 wa,  0.0 hi,  2.1 si,  0.0 st
%Cpu(s): 15.6 us,  8.2 sy,  0.0 ni, 74.4 id,  0.0 wa,  0.0 hi,  1.8 si,  0.0 st
%Cpu(s): 28.0 us,  7.6 sy,  0.0 ni, 62.4 id,  0.0 wa,  0.0 hi,  2.0 si,  0.0 st
%Cpu(s): 14.5 us,  7.0 sy,  0.0 ni, 76.4 id,  0.0 wa,  0.0 hi,  2.0 si,  0.0 st
%Cpu(s): 25.3 us,  6.7 sy,  0.0 ni, 66.5 id,  0.0 wa,  0.0 hi,  1.5 si,  0.0 st
%Cpu(s): 15.4 us,  7.0 sy,  0.0 ni, 76.0 id,  0.0 wa,  0.0 hi,  1.5 si,  0.1 st
%Cpu(s): 18.8 us,  6.4 sy,  0.0 ni, 73.4 id,  0.0 wa,  0.0 hi,  1.5 si,  0.0 st
%Cpu(s): 20.7 us,  5.6 sy,  0.0 ni, 72.3 id,  0.0 wa,  0.0 hi,  1.3 si,  0.0 st
%Cpu(s): 14.4 us,  7.3 sy,  0.0 ni, 76.7 id,  0.0 wa,  0.0 hi,  1.6 si,  0.0 st
%Cpu(s): 11.5 us,  7.4 sy,  0.0 ni, 79.4 id,  0.0 wa,  0.0 hi,  1.7 si,  0.0 st
%Cpu(s): 12.5 us,  6.9 sy,  0.0 ni, 79.4 id,  0.0 wa,  0.0 hi,  1.1 si,  0.0 st
%Cpu(s): 11.1 us,  7.1 sy,  0.0 ni, 80.1 id,  0.0 wa,  0.0 hi,  1.7 si,  0.1 st
%Cpu(s): 10.4 us,  6.3 sy,  0.0 ni, 81.8 id,  0.0 wa,  0.0 hi,  1.5 si,  0.0 st
%Cpu(s): 11.6 us,  7.5 sy,  0.0 ni, 78.8 id,  0.0 wa,  0.0 hi,  2.1 si,  0.0 st
%Cpu(s): 11.8 us,  6.1 sy,  0.0 ni, 80.3 id,  0.0 wa,  0.0 hi,  1.8 si,  0.1 st
%Cpu(s): 11.4 us,  6.7 sy,  0.0 ni, 79.8 id,  0.0 wa,  0.0 hi,  2.1 si,  0.0 st
%Cpu(s): 12.3 us,  6.7 sy,  0.0 ni, 79.2 id,  0.0 wa,  0.0 hi,  1.7 si,  0.0 st
%Cpu(s): 12.4 us,  7.3 sy,  0.0 ni, 78.5 id,  0.0 wa,  0.0 hi,  1.8 si,  0.0 st
%Cpu(s): 12.1 us,  7.2 sy,  0.0 ni, 78.8 id,  0.0 wa,  0.0 hi,  1.9 si,  0.1 st
%Cpu(s): 12.7 us,  6.9 sy,  0.0 ni, 78.8 id,  0.0 wa,  0.0 hi,  1.5 si,  0.1 st
%Cpu(s): 12.1 us,  6.2 sy,  0.0 ni, 80.4 id,  0.0 wa,  0.0 hi,  1.3 si,  0.0 st
%Cpu(s): 12.1 us,  6.6 sy,  0.0 ni, 79.9 id,  0.0 wa,  0.0 hi,  1.3 si,  0.0 st
%Cpu(s): 12.0 us,  7.5 sy,  0.0 ni, 79.0 id,  0.1 wa,  0.0 hi,  1.4 si,  0.0 st
%Cpu(s): 12.3 us,  7.0 sy,  0.0 ni, 79.2 id,  0.0 wa,  0.0 hi,  1.6 si,  0.0 st
