%Cpu(s): 12.6 us,  1.9 sy,  0.0 ni, 85.2 id,  0.0 wa,  0.0 hi,  0.3 si,  0.0 st
%Cpu(s): 75.9 us,  1.7 sy,  0.0 ni, 22.0 id,  0.0 wa,  0.0 hi,  0.4 si,  0.0 st
%Cpu(s):  9.6 us,  1.9 sy,  0.0 ni, 88.4 id,  0.0 wa,  0.0 hi,  0.0 si,  0.1 st
%Cpu(s):  4.3 us,  1.9 sy,  0.0 ni, 93.7 id,  0.0 wa,  0.0 hi,  0.1 si,  0.0 st
%Cpu(s):  4.4 us,  1.9 sy,  0.0 ni, 93.6 id,  0.0 wa,  0.0 hi,  0.0 si,  0.1 st
%Cpu(s): 59.0 us,  3.9 sy,  0.0 ni, 36.4 id,  0.0 wa,  0.0 hi,  0.6 si,  0.1 st
%Cpu(s): 91.2 us,  7.1 sy,  0.0 ni,  0.2 id,  0.0 wa,  0.0 hi,  1.5 si,  0.0 st
%Cpu(s): 87.4 us, 10.2 sy,  0.0 ni,  0.1 id,  0.0 wa,  0.0 hi,  2.2 si,  0.0 st
%Cpu(s): 86.6 us,  9.9 sy,  0.0 ni,  0.1 id,  0.0 wa,  0.0 hi,  3.3 si,  0.0 st
%Cpu(s): 86.1 us, 10.3 sy,  0.0 ni,  0.4 id,  0.0 wa,  0.0 hi,  3.1 si,  0.1 st
%Cpu(s): 85.1 us, 11.1 sy,  0.0 ni,  0.2 id,  0.0 wa,  0.0 hi,  3.5 si,  0.0 st
%Cpu(s): 86.1 us, 10.7 sy,  0.0 ni,  0.0 id,  0.0 wa,  0.0 hi,  3.1 si,  0.1 st
%Cpu(s): 88.5 us,  8.8 sy,  0.0 ni,  0.0 id,  0.0 wa,  0.0 hi,  2.6 si,  0.0 st
%Cpu(s): 86.5 us, 10.4 sy,  0.0 ni,  0.0 id,  0.0 wa,  0.0 hi,  3.0 si,  0.1 st
%Cpu(s): 85.1 us, 10.5 sy,  0.0 ni,  0.7 id,  0.0 wa,  0.0 hi,  3.6 si,  0.1 st
%Cpu(s): 84.9 us, 12.0 sy,  0.0 ni,  0.5 id,  0.0 wa,  0.0 hi,  2.6 si,  0.0 st
%Cpu(s): 89.8 us,  7.6 sy,  0.0 ni,  0.1 id,  0.0 wa,  0.0 hi,  2.5 si,  0.0 st
%Cpu(s): 85.1 us, 11.6 sy,  0.0 ni,  0.1 id,  0.0 wa,  0.0 hi,  3.1 si,  0.1 st
%Cpu(s): 86.0 us, 10.6 sy,  0.0 ni,  0.6 id,  0.0 wa,  0.0 hi,  2.7 si,  0.0 st
%Cpu(s): 80.2 us, 11.3 sy,  0.0 ni,  6.2 id,  0.0 wa,  0.0 hi,  2.2 si,  0.0 st
%Cpu(s): 54.5 us, 10.8 sy,  0.0 ni, 31.6 id,  0.0 wa,  0.0 hi,  2.9 si,  0.1 st
%Cpu(s): 67.0 us,  9.0 sy,  0.0 ni, 21.1 id,  0.0 wa,  0.0 hi,  2.7 si,  0.1 st
%Cpu(s): 59.8 us, 10.0 sy,  0.0 ni, 27.1 id,  0.0 wa,  0.0 hi,  3.1 si,  0.0 st
%Cpu(s): 59.6 us, 10.0 sy,  0.0 ni, 27.1 id,  0.0 wa,  0.0 hi,  3.2 si,  0.1 st
%Cpu(s): 54.1 us,  7.4 sy,  0.0 ni, 36.1 id,  0.0 wa,  0.0 hi,  2.3 si,  0.1 st
%Cpu(s): 42.3 us,  9.8 sy,  0.0 ni, 45.6 id,  0.0 wa,  0.0 hi,  2.3 si,  0.0 st
%Cpu(s): 49.6 us,  7.6 sy,  0.0 ni, 39.3 id,  0.0 wa,  0.0 hi,  3.3 si,  0.1 st
%Cpu(s): 54.7 us,  7.1 sy,  0.0 ni, 35.3 id,  0.0 wa,  0.0 hi,  2.9 si,  0.0 st
%Cpu(s): 38.1 us,  9.0 sy,  0.0 ni, 50.2 id,  0.0 wa,  0.0 hi,  2.7 si,  0.0 st
%Cpu(s): 35.4 us, 10.1 sy,  0.0 ni, 51.8 id,  0.0 wa,  0.0 hi,  2.5 si,  0.1 st
%Cpu(s): 54.4 us,  8.3 sy,  0.0 ni, 34.3 id,  0.0 wa,  0.0 hi,  2.9 si,  0.1 st
%Cpu(s): 34.7 us,  9.4 sy,  0.0 ni, 53.5 id,  0.0 wa,  0.0 hi,  2.4 si,  0.0 st
%Cpu(s): 44.2 us,  7.6 sy,  0.0 ni, 45.8 id,  0.0 wa,  0.0 hi,  2.3 si,  0.1 st
%Cpu(s): 44.4 us,  8.3 sy,  0.0 ni, 45.1 id,  0.0 wa,  0.0 hi,  2.2 si,  0.0 st
%Cpu(s): 60.2 us, 10.0 sy,  0.0 ni, 26.8 id,  0.0 wa,  0.0 hi,  3.1 si,  0.0 st
%Cpu(s): 46.6 us, 10.6 sy,  0.0 ni, 40.4 id,  0.0 wa,  0.0 hi,  2.3 si,  0.1 st
%Cpu(s): 56.5 us,  8.7 sy,  0.0 ni, 32.8 id,  0.0 wa,  0.0 hi,  2.0 si,  0.0 st
%Cpu(s): 33.0 us,  8.9 sy,  0.0 ni, 56.2 id,  0.0 wa,  0.0 hi,  1.8 si,  0.1 st
%Cpu(s): 33.8 us,  7.8 sy,  0.0 ni, 55.8 id,  0.0 wa,  0.0 hi,  2.6 si,  0.0 st
%Cpu(s): 37.8 us,  9.7 sy,  0.0 ni, 50.8 id,  0.0 wa,  0.0 hi,  1.7 si,  0.1 st
%Cpu(s): 38.2 us,  8.9 sy,  0.0 ni, 51.0 id,  0.0 wa,  0.0 hi,  1.9 si,  0.0 st
%Cpu(s): 35.8 us,  8.0 sy,  0.0 ni, 52.9 id,  0.0 wa,  0.0 hi,  3.2 si,  0.1 st
%Cpu(s): 32.5 us,  9.7 sy,  0.0 ni, 56.1 id,  0.0 wa,  0.0 hi,  1.6 si,  0.1 st
%Cpu(s): 35.6 us,  9.5 sy,  0.0 ni, 53.1 id,  0.0 wa,  0.0 hi,  1.8 si,  0.0 st
%Cpu(s): 46.7 us,  7.4 sy,  0.0 ni, 42.5 id,  0.0 wa,  0.0 hi,  3.3 si,  0.1 st
%Cpu(s): 36.4 us,  9.5 sy,  0.0 ni, 51.7 id,  0.0 wa,  0.0 hi,  2.3 si,  0.1 st
%Cpu(s): 35.3 us,  9.7 sy,  0.0 ni, 53.1 id,  0.0 wa,  0.0 hi,  1.8 si,  0.1 st
%Cpu(s): 32.5 us, 10.3 sy,  0.0 ni, 55.3 id,  0.0 wa,  0.0 hi,  1.9 si,  0.0 st
%Cpu(s): 37.6 us,  7.8 sy,  0.0 ni, 51.6 id,  0.0 wa,  0.0 hi,  2.8 si,  0.1 st
%Cpu(s): 39.6 us,  8.4 sy,  0.0 ni, 50.4 id,  0.0 wa,  0.0 hi,  1.7 si,  0.0 st
%Cpu(s): 40.6 us,  8.8 sy,  0.0 ni, 48.1 id,  0.0 wa,  0.0 hi,  2.3 si,  0.1 st
%Cpu(s): 36.5 us, 10.3 sy,  0.0 ni, 51.1 id,  0.0 wa,  0.0 hi,  1.9 si,  0.1 st
%Cpu(s): 36.5 us,  9.0 sy,  0.0 ni, 52.3 id,  0.0 wa,  0.0 hi,  2.2 si,  0.0 st
%Cpu(s): 30.7 us,  9.9 sy,  0.0 ni, 57.6 id,  0.0 wa,  0.0 hi,  1.7 si,  0.1 st
%Cpu(s): 50.9 us,  9.3 sy,  0.0 ni, 36.7 id,  0.0 wa,  0.0 hi,  3.1 si,  0.0 st
%Cpu(s): 36.4 us,  9.7 sy,  0.0 ni, 52.3 id,  0.0 wa,  0.0 hi,  1.6 si,  0.1 st
%Cpu(s): 38.6 us,  9.3 sy,  0.0 ni, 50.4 id,  0.0 wa,  0.0 hi,  1.7 si,  0.0 st
%Cpu(s): 37.4 us, 10.8 sy,  0.0 ni, 50.3 id,  0.0 wa,  0.0 hi,  1.4 si,  0.1 st
%Cpu(s): 32.7 us, 10.4 sy,  0.0 ni, 54.5 id,  0.0 wa,  0.0 hi,  2.3 si,  0.1 st
%Cpu(s): 35.2 us, 10.3 sy,  0.0 ni, 51.9 id,  0.0 wa,  0.0 hi,  2.7 si,  0.0 st
%Cpu(s): 75.7 us,  9.6 sy,  0.0 ni, 12.0 id,  0.0 wa,  0.0 hi,  2.8 si,  0.0 st
%Cpu(s): 84.9 us, 11.0 sy,  0.0 ni,  0.4 id,  0.0 wa,  0.0 hi,  3.7 si,  0.0 st
%Cpu(s): 81.4 us, 10.1 sy,  0.0 ni,  4.7 id,  0.0 wa,  0.0 hi,  3.9 si,  0.0 st
%Cpu(s): 75.1 us, 10.3 sy,  0.0 ni, 11.2 id,  0.0 wa,  0.0 hi,  3.4 si,  0.0 st
%Cpu(s): 57.4 us,  9.7 sy,  0.0 ni, 30.8 id,  0.0 wa,  0.0 hi,  1.9 si,  0.2 st
%Cpu(s): 37.4 us,  8.9 sy,  0.0 ni, 52.7 id,  0.0 wa,  0.0 hi,  1.0 si,  0.0 st
%Cpu(s): 32.3 us,  9.6 sy,  0.0 ni, 55.9 id,  0.0 wa,  0.0 hi,  2.1 si,  0.1 st
%Cpu(s): 27.3 us,  8.4 sy,  0.0 ni, 61.7 id,  0.0 wa,  0.0 hi,  2.7 si,  0.0 st
%Cpu(s): 27.9 us,  8.0 sy,  0.0 ni, 61.2 id,  0.0 wa,  0.0 hi,  2.7 si,  0.1 st
%Cpu(s): 29.5 us,  9.4 sy,  0.0 ni, 59.1 id,  0.0 wa,  0.0 hi,  1.9 si,  0.1 st
%Cpu(s): 30.1 us,  8.6 sy,  0.0 ni, 60.1 id,  0.0 wa,  0.0 hi,  1.0 si,  0.1 st
%Cpu(s): 27.7 us,  8.4 sy,  0.0 ni, 62.5 id,  0.0 wa,  0.0 hi,  1.4 si,  0.0 st
%Cpu(s): 42.6 us,  9.6 sy,  0.0 ni, 44.8 id,  0.0 wa,  0.0 hi,  2.9 si,  0.1 st
%Cpu(s): 39.0 us, 10.3 sy,  0.0 ni, 47.6 id,  0.0 wa,  0.0 hi,  3.0 si,  0.1 st
%Cpu(s): 45.8 us, 10.5 sy,  0.0 ni, 41.8 id,  0.0 wa,  0.0 hi,  1.9 si,  0.0 st
