%Cpu(s):  3.7 us,  0.8 sy,  0.0 ni, 95.4 id,  0.0 wa,  0.0 hi,  0.1 si,  0.0 st
%Cpu(s):  2.7 us,  0.8 sy,  0.0 ni, 96.5 id,  0.0 wa,  0.0 hi,  0.0 si,  0.0 st
%Cpu(s): 71.5 us,  5.6 sy,  0.0 ni, 22.9 id,  0.0 wa,  0.0 hi,  0.1 si,  0.0 st
%Cpu(s): 77.3 us,  3.5 sy,  0.0 ni, 19.1 id,  0.0 wa,  0.0 hi,  0.0 si,  0.1 st
%Cpu(s): 79.0 us,  3.8 sy,  0.0 ni, 17.1 id,  0.0 wa,  0.0 hi,  0.0 si,  0.1 st
%Cpu(s): 95.2 us,  3.2 sy,  0.0 ni,  1.6 id,  0.0 wa,  0.0 hi,  0.0 si,  0.0 st
%Cpu(s): 94.2 us,  3.7 sy,  0.0 ni,  2.1 id,  0.0 wa,  0.0 hi,  0.0 si,  0.0 st
%Cpu(s): 96.1 us,  3.1 sy,  0.0 ni,  0.6 id,  0.0 wa,  0.0 hi,  0.1 si,  0.0 st
%Cpu(s): 94.5 us,  4.0 sy,  0.0 ni,  1.4 id,  0.0 wa,  0.0 hi,  0.2 si,  0.0 st
%Cpu(s): 47.7 us,  1.9 sy,  0.0 ni, 50.3 id,  0.0 wa,  0.0 hi,  0.1 si,  0.1 st
%Cpu(s): 11.6 us,  0.8 sy,  0.0 ni, 87.6 id,  0.0 wa,  0.0 hi,  0.1 si,  0.0 st
%Cpu(s):  7.9 us,  0.9 sy,  0.0 ni, 91.2 id,  0.0 wa,  0.0 hi,  0.0 si,  0.0 st
%Cpu(s):  8.6 us,  1.4 sy,  0.0 ni, 89.9 id,  0.1 wa,  0.0 hi,  0.0 si,  0.1 st
%Cpu(s):  4.8 us,  3.2 sy,  0.0 ni, 91.9 id,  0.0 wa,  0.0 hi,  0.1 si,  0.1 st
%Cpu(s):  8.8 us,  0.9 sy,  0.0 ni, 90.3 id,  0.0 wa,  0.0 hi,  0.0 si,  0.0 st
%Cpu(s):  7.6 us,  1.3 sy,  0.0 ni, 91.1 id,  0.0 wa,  0.0 hi,  0.0 si,  0.1 st
%Cpu(s):  7.1 us,  1.1 sy,  0.0 ni, 91.6 id,  0.0 wa,  0.0 hi,  0.1 si,  0.2 st
%Cpu(s):  7.2 us,  1.2 sy,  0.0 ni, 91.4 id,  0.0 wa,  0.0 hi,  0.1 si,  0.1 st
%Cpu(s): 14.7 us,  2.7 sy,  0.0 ni, 82.5 id,  0.0 wa,  0.0 hi,  0.1 si,  0.1 st
%Cpu(s): 62.2 us,  5.3 sy,  0.0 ni, 31.7 id,  0.0 wa,  0.0 hi,  0.8 si,  0.1 st
%Cpu(s): 87.4 us,  6.3 sy,  0.0 ni,  5.0 id,  0.0 wa,  0.0 hi,  1.4 si,  0.0 st
%Cpu(s): 91.6 us,  6.8 sy,  0.0 ni,  0.4 id,  0.0 wa,  0.0 hi,  1.2 si,  0.0 st
%Cpu(s): 89.8 us,  8.6 sy,  0.0 ni,  0.0 id,  0.0 wa,  0.0 hi,  1.7 si,  0.0 st
%Cpu(s): 90.4 us,  7.9 sy,  0.0 ni,  0.0 id,  0.0 wa,  0.0 hi,  1.7 si,  0.0 st
%Cpu(s): 89.5 us,  8.8 sy,  0.0 ni,  0.0 id,  0.0 wa,  0.0 hi,  1.7 si,  0.0 st
%Cpu(s): 89.0 us,  9.0 sy,  0.0 ni,  0.0 id,  0.0 wa,  0.0 hi,  2.0 si,  0.0 st
%Cpu(s): 90.7 us,  7.5 sy,  0.0 ni,  0.0 id,  0.0 wa,  0.0 hi,  1.8 si,  0.0 st
%Cpu(s): 90.1 us,  8.0 sy,  0.0 ni,  0.0 id,  0.0 wa,  0.0 hi,  1.9 si,  0.0 st
%Cpu(s): 90.3 us,  7.9 sy,  0.0 ni,  0.0 id,  0.0 wa,  0.0 hi,  1.8 si,  0.0 st
%Cpu(s): 91.1 us,  7.4 sy,  0.0 ni,  0.0 id,  0.0 wa,  0.0 hi,  1.5 si,  0.0 st
%Cpu(s): 91.9 us,  6.1 sy,  0.0 ni,  0.1 id,  0.0 wa,  0.0 hi,  1.9 si,  0.0 st
%Cpu(s): 90.1 us,  8.0 sy,  0.0 ni,  0.2 id,  0.0 wa,  0.0 hi,  1.7 si,  0.0 st
%Cpu(s): 79.2 us,  6.9 sy,  0.0 ni, 12.2 id,  0.0 wa,  0.0 hi,  1.7 si,  0.0 st
%Cpu(s): 23.8 us,  6.2 sy,  0.0 ni, 68.5 id,  0.0 wa,  0.0 hi,  1.5 si,  0.0 st
%Cpu(s): 14.7 us,  6.0 sy,  0.0 ni, 77.6 id,  0.0 wa,  0.0 hi,  1.6 si,  0.0 st
%Cpu(s): 18.0 us,  5.9 sy,  0.0 ni, 74.0 id,  0.0 wa,  0.0 hi,  2.1 si,  0.0 st
%Cpu(s): 31.3 us,  5.6 sy,  0.0 ni, 61.4 id,  0.0 wa,  0.0 hi,  1.6 si,  0.1 st
%Cpu(s): 17.7 us,  6.2 sy,  0.0 ni, 73.9 id,  0.0 wa,  0.0 hi,  2.1 si,  0.1 st
%Cpu(s): 14.6 us,  5.6 sy,  0.0 ni, 78.0 id,  0.0 wa,  0.0 hi,  1.8 si,  0.1 st
%Cpu(s): 20.7 us,  6.3 sy,  0.0 ni, 71.2 id,  0.0 wa,  0.0 hi,  1.8 si,  0.0 st
%Cpu(s): 16.2 us,  6.0 sy,  0.0 ni, 75.6 id,  0.0 wa,  0.0 hi,  2.2 si,  0.1 st
%Cpu(s): 15.4 us,  6.4 sy,  0.0 ni, 76.3 id,  0.0 wa,  0.0 hi,  1.9 si,  0.0 st
%Cpu(s): 14.4 us,  6.4 sy,  0.0 ni, 77.5 id,  0.0 wa,  0.0 hi,  1.8 si,  0.0 st
%Cpu(s): 13.6 us,  5.7 sy,  0.0 ni, 78.7 id,  0.0 wa,  0.0 hi,  2.0 si,  0.0 st
%Cpu(s): 14.2 us,  5.4 sy,  0.0 ni, 78.5 id,  0.0 wa,  0.0 hi,  1.9 si,  0.1 st
%Cpu(s): 14.7 us,  6.8 sy,  0.0 ni, 76.4 id,  0.0 wa,  0.0 hi,  2.2 si,  0.0 st
%Cpu(s): 12.7 us,  6.0 sy,  0.0 ni, 79.1 id,  0.0 wa,  0.0 hi,  2.2 si,  0.0 st
%Cpu(s): 13.5 us,  6.2 sy,  0.0 ni, 78.3 id,  0.0 wa,  0.0 hi,  2.0 si,  0.1 st
%Cpu(s): 14.0 us,  5.6 sy,  0.0 ni, 78.6 id,  0.0 wa,  0.0 hi,  1.8 si,  0.0 st
%Cpu(s): 23.2 us,  5.6 sy,  0.0 ni, 69.4 id,  0.0 wa,  0.0 hi,  1.8 si,  0.1 st
%Cpu(s): 24.6 us,  6.3 sy,  0.0 ni, 67.0 id,  0.0 wa,  0.0 hi,  2.0 si,  0.1 st
%Cpu(s): 17.7 us,  5.9 sy,  0.0 ni, 73.9 id,  0.0 wa,  0.0 hi,  2.5 si,  0.0 st
%Cpu(s): 14.1 us,  6.3 sy,  0.0 ni, 77.6 id,  0.0 wa,  0.0 hi,  2.1 si,  0.0 st
%Cpu(s): 15.0 us,  6.2 sy,  0.0 ni, 76.7 id,  0.0 wa,  0.0 hi,  2.0 si,  0.1 st
%Cpu(s): 20.5 us,  6.1 sy,  0.0 ni, 71.5 id,  0.0 wa,  0.0 hi,  1.8 si,  0.1 st
%Cpu(s): 32.2 us,  5.9 sy,  0.0 ni, 59.7 id,  0.0 wa,  0.0 hi,  2.3 si,  0.0 st
%Cpu(s): 15.4 us,  5.2 sy,  0.0 ni, 77.8 id,  0.0 wa,  0.0 hi,  1.5 si,  0.0 st
%Cpu(s): 12.7 us,  6.0 sy,  0.0 ni, 78.7 id,  0.1 wa,  0.0 hi,  2.5 si,  0.0 st
%Cpu(s): 13.9 us,  6.0 sy,  0.0 ni, 77.9 id,  0.0 wa,  0.0 hi,  2.2 si,  0.0 st
%Cpu(s): 16.0 us,  6.2 sy,  0.0 ni, 75.9 id,  0.0 wa,  0.0 hi,  1.9 si,  0.0 st
%Cpu(s): 13.0 us,  5.2 sy,  0.0 ni, 79.9 id,  0.0 wa,  0.0 hi,  1.9 si,  0.0 st
%Cpu(s): 14.3 us,  5.1 sy,  0.0 ni, 79.0 id,  0.0 wa,  0.0 hi,  1.6 si,  0.0 st
%Cpu(s): 16.2 us,  5.6 sy,  0.0 ni, 76.3 id,  0.0 wa,  0.0 hi,  1.8 si,  0.1 st
%Cpu(s): 14.4 us,  5.4 sy,  0.0 ni, 78.3 id,  0.0 wa,  0.0 hi,  1.9 si,  0.1 st
%Cpu(s): 14.7 us,  6.7 sy,  0.0 ni, 76.5 id,  0.0 wa,  0.0 hi,  2.1 si,  0.0 st
%Cpu(s): 14.2 us,  5.9 sy,  0.0 ni, 77.8 id,  0.0 wa,  0.0 hi,  2.0 si,  0.1 st
%Cpu(s): 13.3 us,  5.9 sy,  0.0 ni, 78.8 id,  0.0 wa,  0.0 hi,  2.0 si,  0.0 st
%Cpu(s): 11.7 us,  5.9 sy,  0.0 ni, 80.5 id,  0.0 wa,  0.0 hi,  1.9 si,  0.1 st
%Cpu(s): 13.9 us,  6.2 sy,  0.0 ni, 77.8 id,  0.0 wa,  0.0 hi,  2.1 si,  0.1 st
%Cpu(s): 15.0 us,  6.2 sy,  0.0 ni, 76.2 id,  0.0 wa,  0.0 hi,  2.5 si,  0.0 st
%Cpu(s): 13.5 us,  6.0 sy,  0.0 ni, 78.7 id,  0.0 wa,  0.0 hi,  1.8 si,  0.0 st
%Cpu(s): 14.7 us,  6.5 sy,  0.0 ni, 77.0 id,  0.0 wa,  0.0 hi,  1.7 si,  0.1 st
%Cpu(s): 13.3 us,  5.6 sy,  0.0 ni, 79.5 id,  0.0 wa,  0.0 hi,  1.6 si,  0.0 st
%Cpu(s): 14.1 us,  5.8 sy,  0.0 ni, 78.4 id,  0.0 wa,  0.0 hi,  1.7 si,  0.0 st
%Cpu(s): 14.3 us,  6.0 sy,  0.0 ni, 78.1 id,  0.0 wa,  0.0 hi,  1.5 si,  0.0 st
%Cpu(s): 12.9 us,  6.3 sy,  0.0 ni, 79.1 id,  0.0 wa,  0.0 hi,  1.7 si,  0.0 st
