%Cpu(s):  1.8 us,  0.5 sy,  0.0 ni, 97.7 id,  0.0 wa,  0.0 hi,  0.0 si,  0.0 st
%Cpu(s): 44.1 us,  1.3 sy,  0.0 ni, 54.6 id,  0.0 wa,  0.0 hi,  0.0 si,  0.1 st
%Cpu(s): 47.1 us,  3.6 sy,  0.0 ni, 49.2 id,  0.0 wa,  0.0 hi,  0.0 si,  0.1 st
%Cpu(s): 53.6 us,  2.6 sy,  0.0 ni, 43.6 id,  0.0 wa,  0.0 hi,  0.1 si,  0.1 st
%Cpu(s): 64.2 us,  3.1 sy,  0.0 ni, 32.4 id,  0.0 wa,  0.0 hi,  0.1 si,  0.1 st
%Cpu(s): 73.0 us,  3.1 sy,  0.0 ni, 23.7 id,  0.0 wa,  0.0 hi,  0.2 si,  0.1 st
%Cpu(s): 37.8 us,  2.1 sy,  0.0 ni, 59.9 id,  0.1 wa,  0.0 hi,  0.1 si,  0.1 st
%Cpu(s): 30.8 us,  3.9 sy,  0.0 ni, 65.1 id,  0.0 wa,  0.0 hi,  0.1 si,  0.1 st
%Cpu(s): 50.9 us,  3.0 sy,  0.0 ni, 45.7 id,  0.1 wa,  0.0 hi,  0.1 si,  0.3 st
%Cpu(s): 59.7 us,  2.4 sy,  0.0 ni, 37.8 id,  0.0 wa,  0.0 hi,  0.1 si,  0.0 st
%Cpu(s): 75.5 us,  3.1 sy,  0.0 ni, 21.3 id,  0.0 wa,  0.0 hi,  0.1 si,  0.1 st
%Cpu(s): 42.3 us,  2.2 sy,  0.0 ni, 55.2 id,  0.0 wa,  0.0 hi,  0.1 si,  0.1 st
%Cpu(s): 14.8 us,  2.2 sy,  0.0 ni, 82.7 id,  0.0 wa,  0.0 hi,  0.1 si,  0.2 st
%Cpu(s):  3.4 us,  1.9 sy,  0.0 ni, 94.4 id,  0.0 wa,  0.0 hi,  0.0 si,  0.3 st
%Cpu(s):  9.2 us,  2.2 sy,  0.0 ni, 88.4 id,  0.0 wa,  0.0 hi,  0.0 si,  0.3 st
%Cpu(s): 25.0 us,  2.8 sy,  0.0 ni, 71.8 id,  0.0 wa,  0.0 hi,  0.3 si,  0.1 st
%Cpu(s): 35.0 us,  2.8 sy,  0.0 ni, 61.8 id,  0.0 wa,  0.0 hi,  0.4 si,  0.1 st
%Cpu(s): 66.6 us,  5.0 sy,  0.0 ni, 27.8 id,  0.0 wa,  0.0 hi,  0.6 si,  0.0 st
%Cpu(s): 61.9 us,  4.1 sy,  0.0 ni, 33.4 id,  0.0 wa,  0.0 hi,  0.6 si,  0.1 st
%Cpu(s): 59.9 us,  3.9 sy,  0.0 ni, 35.4 id,  0.0 wa,  0.0 hi,  0.8 si,  0.1 st
%Cpu(s): 57.9 us,  5.3 sy,  0.0 ni, 36.1 id,  0.0 wa,  0.0 hi,  0.7 si,  0.0 st
%Cpu(s): 46.9 us,  5.4 sy,  0.0 ni, 47.0 id,  0.0 wa,  0.0 hi,  0.6 si,  0.1 st
%Cpu(s): 55.5 us,  5.4 sy,  0.0 ni, 38.1 id,  0.0 wa,  0.0 hi,  1.1 si,  0.0 st
%Cpu(s): 71.1 us,  4.7 sy,  0.0 ni, 23.0 id,  0.0 wa,  0.0 hi,  1.2 si,  0.0 st
%Cpu(s): 34.2 us,  5.5 sy,  0.0 ni, 59.1 id,  0.0 wa,  0.0 hi,  1.1 si,  0.1 st
%Cpu(s): 41.5 us,  6.0 sy,  0.0 ni, 51.7 id,  0.0 wa,  0.0 hi,  0.9 si,  0.0 st
%Cpu(s): 27.3 us,  5.1 sy,  0.0 ni, 66.5 id,  0.0 wa,  0.0 hi,  1.0 si,  0.1 st
%Cpu(s): 14.4 us,  5.3 sy,  0.0 ni, 79.5 id,  0.0 wa,  0.0 hi,  0.8 si,  0.0 st
%Cpu(s): 23.9 us,  5.4 sy,  0.0 ni, 70.0 id,  0.0 wa,  0.0 hi,  0.6 si,  0.1 st
%Cpu(s): 15.1 us,  5.2 sy,  0.0 ni, 79.0 id,  0.0 wa,  0.0 hi,  0.6 si,  0.1 st
%Cpu(s): 10.2 us,  5.8 sy,  0.0 ni, 83.5 id,  0.0 wa,  0.0 hi,  0.5 si,  0.0 st
%Cpu(s): 15.7 us,  5.3 sy,  0.0 ni, 78.4 id,  0.0 wa,  0.0 hi,  0.4 si,  0.1 st
%Cpu(s): 11.6 us,  5.8 sy,  0.0 ni, 82.0 id,  0.0 wa,  0.0 hi,  0.6 si,  0.1 st
%Cpu(s): 12.6 us,  5.8 sy,  0.0 ni, 80.9 id,  0.0 wa,  0.0 hi,  0.7 si,  0.1 st
%Cpu(s):  8.9 us,  5.1 sy,  0.0 ni, 85.5 id,  0.0 wa,  0.0 hi,  0.5 si,  0.0 st
%Cpu(s): 10.1 us,  5.8 sy,  0.0 ni, 83.5 id,  0.0 wa,  0.0 hi,  0.6 si,  0.1 st
%Cpu(s): 10.0 us,  5.7 sy,  0.0 ni, 83.3 id,  0.1 wa,  0.0 hi,  0.8 si,  0.0 st
%Cpu(s):  9.3 us,  5.1 sy,  0.0 ni, 85.0 id,  0.0 wa,  0.0 hi,  0.6 si,  0.0 st
%Cpu(s):  9.3 us,  6.0 sy,  0.0 ni, 83.7 id,  0.0 wa,  0.0 hi,  1.0 si,  0.1 st
%Cpu(s):  9.7 us,  6.0 sy,  0.0 ni, 83.5 id,  0.0 wa,  0.0 hi,  0.7 si,  0.1 st
%Cpu(s):  9.0 us,  4.8 sy,  0.0 ni, 85.6 id,  0.0 wa,  0.0 hi,  0.6 si,  0.0 st
%Cpu(s): 11.1 us,  5.2 sy,  0.0 ni, 82.9 id,  0.0 wa,  0.0 hi,  0.7 si,  0.1 st
%Cpu(s): 16.3 us,  4.3 sy,  0.0 ni, 78.9 id,  0.0 wa,  0.0 hi,  0.3 si,  0.1 st
%Cpu(s): 13.0 us,  4.7 sy,  0.0 ni, 81.6 id,  0.0 wa,  0.0 hi,  0.6 si,  0.1 st
%Cpu(s): 11.9 us,  4.9 sy,  0.0 ni, 82.4 id,  0.0 wa,  0.0 hi,  0.8 si,  0.1 st
%Cpu(s): 12.1 us,  5.0 sy,  0.0 ni, 82.0 id,  0.0 wa,  0.0 hi,  0.8 si,  0.0 st
%Cpu(s): 11.8 us,  5.7 sy,  0.0 ni, 82.1 id,  0.0 wa,  0.0 hi,  0.5 si,  0.0 st
%Cpu(s): 17.6 us,  5.4 sy,  0.0 ni, 76.5 id,  0.0 wa,  0.0 hi,  0.5 si,  0.0 st
%Cpu(s):  9.9 us,  4.5 sy,  0.0 ni, 84.8 id,  0.0 wa,  0.0 hi,  0.7 si,  0.1 st
%Cpu(s): 10.0 us,  4.8 sy,  0.0 ni, 84.2 id,  0.1 wa,  0.0 hi,  0.9 si,  0.1 st
%Cpu(s): 11.5 us,  5.1 sy,  0.0 ni, 82.6 id,  0.0 wa,  0.0 hi,  0.8 si,  0.0 st
%Cpu(s): 17.4 us,  5.1 sy,  0.0 ni, 76.5 id,  0.0 wa,  0.0 hi,  1.0 si,  0.1 st
%Cpu(s): 14.3 us,  4.6 sy,  0.0 ni, 80.1 id,  0.0 wa,  0.0 hi,  0.8 si,  0.1 st
%Cpu(s):  9.7 us,  4.4 sy,  0.0 ni, 84.9 id,  0.0 wa,  0.0 hi,  1.0 si,  0.0 st
%Cpu(s):  7.7 us,  5.4 sy,  0.0 ni, 85.9 id,  0.0 wa,  0.0 hi,  0.9 si,  0.1 st
%Cpu(s):  9.7 us,  5.3 sy,  0.0 ni, 84.5 id,  0.0 wa,  0.0 hi,  0.5 si,  0.1 st
%Cpu(s):  9.1 us,  5.2 sy,  0.0 ni, 85.1 id,  0.0 wa,  0.0 hi,  0.6 si,  0.0 st
%Cpu(s):  9.0 us,  5.6 sy,  0.0 ni, 84.5 id,  0.0 wa,  0.0 hi,  0.9 si,  0.0 st
%Cpu(s):  8.4 us,  5.7 sy,  0.0 ni, 85.0 id,  0.0 wa,  0.0 hi,  0.8 si,  0.0 st
%Cpu(s):  9.1 us,  5.8 sy,  0.0 ni, 83.7 id,  0.1 wa,  0.0 hi,  1.2 si,  0.1 st
%Cpu(s):  9.3 us,  6.5 sy,  0.0 ni, 83.5 id,  0.0 wa,  0.0 hi,  0.8 si,  0.0 st
%Cpu(s):  8.8 us,  5.9 sy,  0.0 ni, 84.5 id,  0.0 wa,  0.0 hi,  0.8 si,  0.1 st
%Cpu(s): 10.0 us,  5.7 sy,  0.0 ni, 83.5 id,  0.0 wa,  0.0 hi,  0.8 si,  0.0 st
%Cpu(s):  9.2 us,  5.5 sy,  0.0 ni, 84.4 id,  0.0 wa,  0.0 hi,  0.8 si,  0.1 st
%Cpu(s): 10.0 us,  5.6 sy,  0.0 ni, 83.7 id,  0.0 wa,  0.0 hi,  0.8 si,  0.0 st
%Cpu(s):  9.4 us,  6.1 sy,  0.0 ni, 83.5 id,  0.0 wa,  0.0 hi,  0.9 si,  0.1 st
%Cpu(s): 10.9 us,  5.6 sy,  0.0 ni, 82.5 id,  0.0 wa,  0.0 hi,  0.9 si,  0.1 st
%Cpu(s):  8.0 us,  6.2 sy,  0.0 ni, 84.7 id,  0.0 wa,  0.0 hi,  1.0 si,  0.1 st
%Cpu(s):  6.5 us,  5.3 sy,  0.0 ni, 87.6 id,  0.0 wa,  0.0 hi,  0.6 si,  0.0 st
%Cpu(s):  8.5 us,  5.4 sy,  0.0 ni, 85.2 id,  0.0 wa,  0.0 hi,  0.9 si,  0.0 st
%Cpu(s):  7.2 us,  6.0 sy,  0.0 ni, 86.2 id,  0.0 wa,  0.0 hi,  0.6 si,  0.0 st
%Cpu(s): 12.1 us,  6.5 sy,  0.0 ni, 80.5 id,  0.1 wa,  0.0 hi,  0.8 si,  0.1 st
%Cpu(s): 20.6 us,  6.5 sy,  0.0 ni, 71.9 id,  0.0 wa,  0.0 hi,  1.0 si,  0.0 st
%Cpu(s): 10.2 us,  5.4 sy,  0.0 ni, 83.7 id,  0.0 wa,  0.0 hi,  0.7 si,  0.1 st
%Cpu(s): 12.3 us,  6.2 sy,  0.0 ni, 80.6 id,  0.0 wa,  0.0 hi,  0.8 si,  0.0 st
%Cpu(s): 10.1 us,  6.2 sy,  0.0 ni, 82.5 id,  0.0 wa,  0.0 hi,  1.1 si,  0.1 st
