%Cpu(s): 13.2 us,  1.5 sy,  0.0 ni, 85.1 id,  0.0 wa,  0.0 hi,  0.2 si,  0.0 st
%Cpu(s): 40.5 us,  1.3 sy,  0.0 ni, 58.3 id,  0.0 wa,  0.0 hi,  0.0 si,  0.0 st
%Cpu(s): 11.5 us,  0.9 sy,  0.0 ni, 87.5 id,  0.0 wa,  0.0 hi,  0.1 si,  0.0 st
%Cpu(s):  3.1 us,  1.0 sy,  0.0 ni, 95.9 id,  0.0 wa,  0.0 hi,  0.0 si,  0.0 st
%Cpu(s): 33.8 us,  2.4 sy,  0.0 ni, 63.2 id,  0.0 wa,  0.0 hi,  0.5 si,  0.1 st
%Cpu(s): 92.7 us,  5.8 sy,  0.0 ni,  0.4 id,  0.0 wa,  0.0 hi,  1.1 si,  0.0 st
%Cpu(s): 90.1 us,  8.0 sy,  0.0 ni,  0.0 id,  0.0 wa,  0.0 hi,  1.9 si,  0.0 st
%Cpu(s): 87.9 us,  9.7 sy,  0.0 ni,  0.2 id,  0.0 wa,  0.0 hi,  2.2 si,  0.0 st
%Cpu(s): 88.7 us,  8.3 sy,  0.0 ni,  0.0 id,  0.0 wa,  0.0 hi,  3.0 si,  0.0 st
%Cpu(s): 89.1 us,  9.1 sy,  0.0 ni,  0.2 id,  0.0 wa,  0.0 hi,  1.6 si,  0.0 st
%Cpu(s): 89.2 us,  9.2 sy,  0.0 ni,  0.0 id,  0.0 wa,  0.0 hi,  1.6 si,  0.0 st
%Cpu(s): 89.0 us,  8.4 sy,  0.0 ni,  0.1 id,  0.0 wa,  0.0 hi,  2.2 si,  0.2 st
%Cpu(s): 91.3 us,  7.0 sy,  0.0 ni,  0.2 id,  0.0 wa,  0.0 hi,  1.5 si,  0.0 st
%Cpu(s): 87.3 us,  7.2 sy,  0.0 ni,  3.7 id,  0.0 wa,  0.0 hi,  1.7 si,  0.0 st
%Cpu(s): 75.8 us,  7.5 sy,  0.0 ni, 14.6 id,  0.0 wa,  0.0 hi,  2.1 si,  0.0 st
%Cpu(s): 54.4 us,  7.2 sy,  0.0 ni, 37.3 id,  0.1 wa,  0.0 hi,  1.0 si,  0.0 st
%Cpu(s): 38.3 us,  5.9 sy,  0.0 ni, 54.1 id,  0.0 wa,  0.0 hi,  1.6 si,  0.0 st
%Cpu(s): 48.9 us,  6.2 sy,  0.0 ni, 43.2 id,  0.0 wa,  0.0 hi,  1.5 si,  0.3 st
%Cpu(s): 43.4 us,  6.2 sy,  0.0 ni, 49.9 id,  0.0 wa,  0.0 hi,  0.5 si,  0.0 st
%Cpu(s): 30.6 us,  6.9 sy,  0.0 ni, 61.6 id,  0.0 wa,  0.0 hi,  0.8 si,  0.1 st
%Cpu(s): 27.1 us,  7.5 sy,  0.0 ni, 64.4 id,  0.0 wa,  0.0 hi,  1.0 si,  0.0 st
%Cpu(s): 20.8 us,  6.8 sy,  0.0 ni, 71.4 id,  0.0 wa,  0.0 hi,  0.9 si,  0.1 st
%Cpu(s): 17.2 us,  5.8 sy,  0.0 ni, 76.4 id,  0.0 wa,  0.0 hi,  0.4 si,  0.1 st
%Cpu(s): 14.0 us,  5.4 sy,  0.0 ni, 79.8 id,  0.0 wa,  0.0 hi,  0.8 si,  0.0 st
%Cpu(s): 14.9 us,  6.3 sy,  0.0 ni, 77.9 id,  0.0 wa,  0.0 hi,  0.6 si,  0.3 st
%Cpu(s): 15.4 us,  6.0 sy,  0.0 ni, 77.9 id,  0.0 wa,  0.0 hi,  0.6 si,  0.1 st
%Cpu(s): 13.9 us,  5.9 sy,  0.0 ni, 79.7 id,  0.0 wa,  0.0 hi,  0.5 si,  0.0 st
%Cpu(s): 14.3 us,  6.2 sy,  0.0 ni, 78.6 id,  0.0 wa,  0.0 hi,  0.8 si,  0.1 st
%Cpu(s): 14.4 us,  5.4 sy,  0.0 ni, 79.3 id,  0.0 wa,  0.0 hi,  0.8 si,  0.1 st
%Cpu(s): 22.0 us,  4.6 sy,  0.0 ni, 73.0 id,  0.0 wa,  0.0 hi,  0.4 si,  0.0 st
%Cpu(s): 50.7 us,  5.0 sy,  0.0 ni, 42.5 id,  0.0 wa,  0.0 hi,  1.6 si,  0.1 st
%Cpu(s): 23.9 us,  6.2 sy,  0.0 ni, 68.9 id,  0.0 wa,  0.0 hi,  0.9 si,  0.0 st
%Cpu(s): 14.3 us,  5.8 sy,  0.0 ni, 79.0 id,  0.0 wa,  0.0 hi,  0.8 si,  0.1 st
%Cpu(s): 14.5 us,  6.0 sy,  0.0 ni, 79.0 id,  0.0 wa,  0.0 hi,  0.4 si,  0.1 st
%Cpu(s): 50.4 us,  6.6 sy,  0.0 ni, 41.1 id,  0.0 wa,  0.0 hi,  1.7 si,  0.1 st
%Cpu(s): 17.6 us,  6.2 sy,  0.0 ni, 75.6 id,  0.1 wa,  0.0 hi,  0.4 si,  0.0 st
%Cpu(s): 15.8 us,  6.2 sy,  0.0 ni, 76.9 id,  0.0 wa,  0.0 hi,  0.9 si,  0.1 st
%Cpu(s): 24.1 us,  6.6 sy,  0.0 ni, 68.4 id,  0.0 wa,  0.0 hi,  0.9 si,  0.0 st
%Cpu(s): 16.3 us,  5.8 sy,  0.0 ni, 77.2 id,  0.0 wa,  0.0 hi,  0.4 si,  0.3 st
%Cpu(s): 14.7 us,  5.9 sy,  0.0 ni, 78.8 id,  0.0 wa,  0.0 hi,  0.6 si,  0.0 st
%Cpu(s): 13.0 us,  5.7 sy,  0.0 ni, 80.5 id,  0.0 wa,  0.0 hi,  0.8 si,  0.1 st
%Cpu(s): 12.6 us,  6.9 sy,  0.0 ni, 79.9 id,  0.0 wa,  0.0 hi,  0.4 si,  0.1 st
%Cpu(s): 14.9 us,  5.9 sy,  0.0 ni, 78.1 id,  0.0 wa,  0.0 hi,  0.9 si,  0.1 st
%Cpu(s): 13.2 us,  6.8 sy,  0.0 ni, 79.4 id,  0.0 wa,  0.0 hi,  0.6 si,  0.0 st
%Cpu(s): 14.5 us,  6.3 sy,  0.0 ni, 78.3 id,  0.0 wa,  0.0 hi,  0.8 si,  0.1 st
%Cpu(s): 13.4 us,  5.4 sy,  0.0 ni, 80.5 id,  0.0 wa,  0.0 hi,  0.6 si,  0.1 st
%Cpu(s): 17.2 us,  6.1 sy,  0.0 ni, 76.1 id,  0.0 wa,  0.0 hi,  0.5 si,  0.1 st
%Cpu(s): 12.6 us,  5.7 sy,  0.0 ni, 80.8 id,  0.0 wa,  0.0 hi,  0.8 si,  0.1 st
%Cpu(s): 13.5 us,  5.7 sy,  0.0 ni, 80.1 id,  0.0 wa,  0.0 hi,  0.8 si,  0.0 st
%Cpu(s): 13.5 us,  5.6 sy,  0.0 ni, 80.2 id,  0.0 wa,  0.0 hi,  0.6 si,  0.1 st
%Cpu(s): 14.0 us,  6.8 sy,  0.0 ni, 78.4 id,  0.0 wa,  0.0 hi,  0.6 si,  0.1 st
%Cpu(s): 12.8 us,  6.4 sy,  0.0 ni, 80.0 id,  0.0 wa,  0.0 hi,  0.8 si,  0.0 st
%Cpu(s): 13.7 us,  6.1 sy,  0.0 ni, 79.4 id,  0.0 wa,  0.0 hi,  0.6 si,  0.1 st
%Cpu(s): 13.5 us,  6.6 sy,  0.0 ni, 78.9 id,  0.0 wa,  0.0 hi,  0.9 si,  0.1 st
%Cpu(s): 13.6 us,  6.4 sy,  0.0 ni, 79.6 id,  0.0 wa,  0.0 hi,  0.4 si,  0.0 st
%Cpu(s): 13.7 us,  4.9 sy,  0.0 ni, 80.7 id,  0.0 wa,  0.0 hi,  0.4 si,  0.3 st
%Cpu(s): 12.5 us,  5.5 sy,  0.0 ni, 81.3 id,  0.0 wa,  0.0 hi,  0.8 si,  0.0 st
%Cpu(s): 12.1 us,  6.1 sy,  0.0 ni, 80.7 id,  0.0 wa,  0.0 hi,  0.8 si,  0.3 st
%Cpu(s): 11.8 us,  5.7 sy,  0.0 ni, 81.6 id,  0.0 wa,  0.0 hi,  0.9 si,  0.0 st
%Cpu(s): 38.5 us,  6.4 sy,  0.0 ni, 54.2 id,  0.0 wa,  0.0 hi,  0.9 si,  0.0 st
%Cpu(s): 76.2 us,  6.5 sy,  0.0 ni, 15.5 id,  0.0 wa,  0.0 hi,  1.8 si,  0.0 st
%Cpu(s): 70.2 us,  7.5 sy,  0.0 ni, 20.6 id,  0.0 wa,  0.0 hi,  1.5 si,  0.2 st
%Cpu(s): 27.2 us,  6.5 sy,  0.0 ni, 65.2 id,  0.0 wa,  0.0 hi,  1.0 si,  0.1 st
%Cpu(s): 33.7 us,  8.3 sy,  0.0 ni, 56.6 id,  0.0 wa,  0.0 hi,  1.3 si,  0.1 st
%Cpu(s): 22.5 us,  7.1 sy,  0.0 ni, 69.6 id,  0.0 wa,  0.0 hi,  0.8 si,  0.0 st
%Cpu(s): 17.6 us,  7.1 sy,  0.0 ni, 74.4 id,  0.0 wa,  0.0 hi,  0.6 si,  0.3 st
%Cpu(s): 14.0 us,  6.8 sy,  0.0 ni, 78.7 id,  0.0 wa,  0.0 hi,  0.4 si,  0.0 st
%Cpu(s): 13.4 us,  6.9 sy,  0.0 ni, 79.1 id,  0.0 wa,  0.0 hi,  0.5 si,  0.1 st
%Cpu(s): 14.7 us,  6.5 sy,  0.0 ni, 78.1 id,  0.0 wa,  0.0 hi,  0.6 si,  0.1 st
%Cpu(s): 14.9 us,  6.4 sy,  0.0 ni, 77.6 id,  0.0 wa,  0.0 hi,  0.9 si,  0.3 st
%Cpu(s): 16.2 us,  6.3 sy,  0.0 ni, 76.8 id,  0.0 wa,  0.0 hi,  0.8 si,  0.0 st
%Cpu(s): 16.7 us,  6.5 sy,  0.0 ni, 75.6 id,  0.0 wa,  0.0 hi,  1.0 si,  0.1 st
%Cpu(s): 17.4 us,  6.2 sy,  0.0 ni, 75.6 id,  0.0 wa,  0.0 hi,  0.8 si,  0.0 st
%Cpu(s): 33.3 us,  7.0 sy,  0.0 ni, 58.8 id,  0.0 wa,  0.0 hi,  0.8 si,  0.1 st
%Cpu(s): 24.9 us,  5.8 sy,  0.0 ni, 68.6 id,  0.0 wa,  0.0 hi,  0.6 si,  0.0 st
%Cpu(s): 14.8 us,  6.2 sy,  0.0 ni, 78.1 id,  0.0 wa,  0.0 hi,  0.8 si,  0.1 st
%Cpu(s): 16.8 us,  6.0 sy,  0.0 ni, 76.6 id,  0.0 wa,  0.0 hi,  0.6 si,  0.0 st
%Cpu(s): 17.4 us,  6.6 sy,  0.0 ni, 75.3 id,  0.0 wa,  0.0 hi,  0.6 si,  0.1 st
%Cpu(s): 18.6 us,  8.2 sy,  0.0 ni, 72.0 id,  0.0 wa,  0.0 hi,  1.1 si,  0.0 st
