%Cpu(s):  1.3 us,  0.3 sy,  0.0 ni, 98.3 id,  0.0 wa,  0.0 hi,  0.0 si,  0.0 st
%Cpu(s): 49.5 us,  1.9 sy,  0.0 ni, 48.5 id,  0.0 wa,  0.0 hi,  0.1 si,  0.1 st
%Cpu(s): 27.5 us,  3.0 sy,  0.0 ni, 69.4 id,  0.0 wa,  0.0 hi,  0.1 si,  0.1 st
%Cpu(s): 48.3 us,  2.5 sy,  0.0 ni, 48.9 id,  0.0 wa,  0.0 hi,  0.1 si,  0.3 st
%Cpu(s): 63.8 us,  3.5 sy,  0.0 ni, 32.7 id,  0.0 wa,  0.0 hi,  0.0 si,  0.1 st
%Cpu(s): 91.1 us,  4.6 sy,  0.0 ni,  4.3 id,  0.0 wa,  0.0 hi,  0.0 si,  0.0 st
%Cpu(s): 90.2 us,  2.8 sy,  0.0 ni,  6.8 id,  0.0 wa,  0.0 hi,  0.1 si,  0.1 st
%Cpu(s): 74.3 us,  3.2 sy,  0.0 ni, 22.5 id,  0.0 wa,  0.0 hi,  0.1 si,  0.0 st
%Cpu(s): 75.6 us,  3.3 sy,  0.0 ni, 20.9 id,  0.0 wa,  0.0 hi,  0.1 si,  0.1 st
%Cpu(s): 30.6 us,  1.9 sy,  0.0 ni, 67.4 id,  0.0 wa,  0.0 hi,  0.1 si,  0.1 st
%Cpu(s):  7.2 us,  1.8 sy,  0.0 ni, 90.7 id,  0.0 wa,  0.0 hi,  0.1 si,  0.2 st
%Cpu(s):  3.3 us,  2.3 sy,  0.0 ni, 94.1 id,  0.0 wa,  0.0 hi,  0.0 si,  0.4 st
%Cpu(s):  3.6 us,  1.6 sy,  0.0 ni, 94.7 id,  0.0 wa,  0.0 hi,  0.0 si,  0.2 st
%Cpu(s):  3.0 us,  1.9 sy,  0.0 ni, 94.8 id,  0.0 wa,  0.0 hi,  0.0 si,  0.2 st
%Cpu(s):  3.2 us,  2.4 sy,  0.0 ni, 94.1 id,  0.0 wa,  0.0 hi,  0.1 si,  0.2 st
%Cpu(s):  7.8 us,  1.9 sy,  0.0 ni, 90.0 id,  0.1 wa,  0.0 hi,  0.1 si,  0.3 st
%Cpu(s): 16.2 us,  2.2 sy,  0.0 ni, 81.4 id,  0.0 wa,  0.0 hi,  0.1 si,  0.1 st
%Cpu(s): 30.4 us,  3.3 sy,  0.0 ni, 65.8 id,  0.0 wa,  0.0 hi,  0.6 si,  0.0 st
%Cpu(s): 45.5 us,  4.2 sy,  0.0 ni, 49.5 id,  0.0 wa,  0.0 hi,  0.8 si,  0.1 st
%Cpu(s): 36.7 us,  4.3 sy,  0.0 ni, 58.4 id,  0.0 wa,  0.0 hi,  0.5 si,  0.1 st
%Cpu(s): 83.8 us,  6.5 sy,  0.0 ni,  8.6 id,  0.0 wa,  0.0 hi,  1.1 si,  0.0 st
%Cpu(s): 73.7 us,  6.3 sy,  0.0 ni, 18.4 id,  0.0 wa,  0.0 hi,  1.6 si,  0.0 st
%Cpu(s): 64.3 us,  5.7 sy,  0.0 ni, 28.6 id,  0.0 wa,  0.0 hi,  1.3 si,  0.1 st
%Cpu(s): 49.3 us,  4.4 sy,  0.0 ni, 45.5 id,  0.0 wa,  0.0 hi,  0.8 si,  0.0 st
%Cpu(s): 25.9 us,  4.9 sy,  0.0 ni, 68.3 id,  0.0 wa,  0.0 hi,  0.8 si,  0.1 st
%Cpu(s): 33.5 us,  5.3 sy,  0.0 ni, 60.4 id,  0.0 wa,  0.0 hi,  0.8 si,  0.1 st
%Cpu(s): 53.0 us,  5.3 sy,  0.0 ni, 40.4 id,  0.0 wa,  0.0 hi,  1.3 si,  0.0 st
%Cpu(s): 38.0 us,  5.9 sy,  0.0 ni, 55.1 id,  0.0 wa,  0.0 hi,  1.0 si,  0.0 st
%Cpu(s): 26.7 us,  6.1 sy,  0.0 ni, 65.7 id,  0.0 wa,  0.0 hi,  1.3 si,  0.1 st
%Cpu(s): 29.4 us,  5.9 sy,  0.0 ni, 63.6 id,  0.0 wa,  0.0 hi,  1.0 si,  0.1 st
%Cpu(s): 32.0 us,  6.5 sy,  0.0 ni, 60.1 id,  0.0 wa,  0.0 hi,  1.4 si,  0.1 st
%Cpu(s): 25.0 us,  5.1 sy,  0.0 ni, 68.9 id,  0.0 wa,  0.0 hi,  1.0 si,  0.0 st
%Cpu(s): 24.9 us,  6.0 sy,  0.0 ni, 68.3 id,  0.0 wa,  0.0 hi,  0.8 si,  0.1 st
%Cpu(s): 14.0 us,  6.4 sy,  0.0 ni, 79.0 id,  0.0 wa,  0.0 hi,  0.6 si,  0.0 st
%Cpu(s): 12.2 us,  6.1 sy,  0.0 ni, 80.9 id,  0.0 wa,  0.0 hi,  0.6 si,  0.1 st
%Cpu(s): 10.6 us,  5.7 sy,  0.0 ni, 82.8 id,  0.0 wa,  0.0 hi,  0.8 si,  0.0 st
%Cpu(s): 11.1 us,  5.5 sy,  0.0 ni, 82.4 id,  0.0 wa,  0.0 hi,  1.0 si,  0.1 st
%Cpu(s): 10.9 us,  5.8 sy,  0.0 ni, 82.6 id,  0.0 wa,  0.0 hi,  0.7 si,  0.0 st
%Cpu(s): 13.1 us,  5.7 sy,  0.0 ni, 80.3 id,  0.0 wa,  0.0 hi,  0.9 si,  0.0 st
%Cpu(s): 14.0 us,  6.4 sy,  0.0 ni, 78.6 id,  0.0 wa,  0.0 hi,  1.0 si,  0.1 st
%Cpu(s): 13.3 us,  6.2 sy,  0.0 ni, 79.5 id,  0.1 wa,  0.0 hi,  0.8 si,  0.1 st
%Cpu(s): 12.5 us,  5.9 sy,  0.0 ni, 80.9 id,  0.0 wa,  0.0 hi,  0.6 si,  0.0 st
%Cpu(s): 26.2 us,  5.0 sy,  0.0 ni, 68.0 id,  0.0 wa,  0.0 hi,  0.8 si,  0.0 st
%Cpu(s): 17.8 us,  5.5 sy,  0.0 ni, 76.0 id,  0.0 wa,  0.0 hi,  0.6 si,  0.1 st
%Cpu(s): 12.1 us,  6.2 sy,  0.0 ni, 80.8 id,  0.0 wa,  0.0 hi,  0.8 si,  0.1 st
%Cpu(s): 10.3 us,  6.1 sy,  0.0 ni, 82.9 id,  0.0 wa,  0.0 hi,  0.7 si,  0.0 st
%Cpu(s): 12.6 us,  6.4 sy,  0.0 ni, 80.1 id,  0.0 wa,  0.0 hi,  0.9 si,  0.1 st
%Cpu(s): 16.0 us,  5.4 sy,  0.0 ni, 77.3 id,  0.0 wa,  0.0 hi,  1.3 si,  0.1 st
%Cpu(s): 12.8 us,  6.1 sy,  0.0 ni, 80.4 id,  0.0 wa,  0.0 hi,  0.7 si,  0.0 st
%Cpu(s): 11.9 us,  5.9 sy,  0.0 ni, 81.3 id,  0.0 wa,  0.0 hi,  0.9 si,  0.1 st
%Cpu(s): 13.5 us,  5.6 sy,  0.0 ni, 79.8 id,  0.0 wa,  0.0 hi,  1.0 si,  0.1 st
%Cpu(s): 12.8 us,  5.1 sy,  0.0 ni, 81.4 id,  0.0 wa,  0.0 hi,  0.8 si,  0.0 st
%Cpu(s): 15.2 us,  6.2 sy,  0.0 ni, 77.8 id,  0.0 wa,  0.0 hi,  0.8 si,  0.1 st
%Cpu(s): 18.3 us,  5.4 sy,  0.0 ni, 75.7 id,  0.0 wa,  0.0 hi,  0.6 si,  0.0 st
%Cpu(s): 10.2 us,  6.7 sy,  0.0 ni, 82.0 id,  0.0 wa,  0.0 hi,  1.1 si,  0.0 st
%Cpu(s): 14.2 us,  5.9 sy,  0.0 ni, 78.8 id,  0.1 wa,  0.0 hi,  0.9 si,  0.1 st
%Cpu(s): 11.9 us,  5.1 sy,  0.0 ni, 82.1 id,  0.0 wa,  0.0 hi,  1.0 si,  0.0 st
%Cpu(s): 11.3 us,  5.7 sy,  0.0 ni, 82.1 id,  0.0 wa,  0.0 hi,  0.8 si,  0.1 st
%Cpu(s): 17.7 us,  5.5 sy,  0.0 ni, 76.0 id,  0.0 wa,  0.0 hi,  0.7 si,  0.0 st
%Cpu(s): 12.0 us,  5.5 sy,  0.0 ni, 81.5 id,  0.0 wa,  0.0 hi,  1.0 si,  0.0 st
%Cpu(s): 11.7 us,  6.0 sy,  0.0 ni, 81.6 id,  0.0 wa,  0.0 hi,  0.6 si,  0.1 st
%Cpu(s): 11.0 us,  5.7 sy,  0.0 ni, 82.5 id,  0.0 wa,  0.0 hi,  0.8 si,  0.1 st
%Cpu(s):  9.8 us,  5.7 sy,  0.0 ni, 83.6 id,  0.0 wa,  0.0 hi,  0.9 si,  0.0 st
%Cpu(s): 10.5 us,  5.3 sy,  0.0 ni, 83.4 id,  0.0 wa,  0.0 hi,  0.8 si,  0.0 st
%Cpu(s):  9.1 us,  5.4 sy,  0.0 ni, 84.7 id,  0.0 wa,  0.0 hi,  0.8 si,  0.1 st
%Cpu(s):  9.4 us,  6.6 sy,  0.0 ni, 83.3 id,  0.0 wa,  0.0 hi,  0.7 si,  0.0 st
%Cpu(s):  9.9 us,  6.9 sy,  0.0 ni, 82.7 id,  0.0 wa,  0.0 hi,  0.6 si,  0.0 st
%Cpu(s):  9.9 us,  5.9 sy,  0.0 ni, 83.5 id,  0.0 wa,  0.0 hi,  0.6 si,  0.1 st
%Cpu(s): 10.5 us,  7.0 sy,  0.0 ni, 81.7 id,  0.0 wa,  0.0 hi,  0.8 si,  0.0 st
%Cpu(s): 10.6 us,  6.6 sy,  0.0 ni, 81.8 id,  0.0 wa,  0.0 hi,  1.0 si,  0.1 st
%Cpu(s): 12.8 us,  6.3 sy,  0.0 ni, 80.3 id,  0.0 wa,  0.0 hi,  0.6 si,  0.0 st
%Cpu(s): 10.8 us,  6.7 sy,  0.0 ni, 81.8 id,  0.0 wa,  0.0 hi,  0.7 si,  0.1 st
%Cpu(s): 10.9 us,  6.1 sy,  0.0 ni, 82.3 id,  0.0 wa,  0.0 hi,  0.6 si,  0.0 st
%Cpu(s): 10.6 us,  6.2 sy,  0.0 ni, 82.3 id,  0.0 wa,  0.0 hi,  0.8 si,  0.1 st
%Cpu(s):  9.8 us,  5.4 sy,  0.0 ni, 84.0 id,  0.0 wa,  0.0 hi,  0.8 si,  0.0 st
%Cpu(s): 11.4 us,  5.5 sy,  0.0 ni, 82.2 id,  0.1 wa,  0.0 hi,  0.8 si,  0.0 st
