%Cpu(s):  3.1 us,  0.6 sy,  0.0 ni, 96.1 id,  0.0 wa,  0.0 hi,  0.1 si,  0.0 st
%Cpu(s): 73.9 us,  5.3 sy,  0.0 ni, 20.8 id,  0.0 wa,  0.0 hi,  0.0 si,  0.0 st
%Cpu(s): 77.2 us,  3.0 sy,  0.0 ni, 19.7 id,  0.0 wa,  0.0 hi,  0.0 si,  0.0 st
%Cpu(s): 91.4 us,  2.4 sy,  0.0 ni,  6.2 id,  0.0 wa,  0.0 hi,  0.0 si,  0.0 st
%Cpu(s): 95.3 us,  3.0 sy,  0.0 ni,  1.7 id,  0.0 wa,  0.0 hi,  0.0 si,  0.0 st
%Cpu(s): 96.4 us,  2.6 sy,  0.0 ni,  1.0 id,  0.0 wa,  0.0 hi,  0.0 si,  0.0 st
%Cpu(s): 42.5 us,  2.0 sy,  0.0 ni, 55.2 id,  0.1 wa,  0.0 hi,  0.0 si,  0.3 st
%Cpu(s):  9.0 us,  1.6 sy,  0.0 ni, 88.8 id,  0.0 wa,  0.0 hi,  0.4 si,  0.3 st
%Cpu(s):  6.5 us,  3.4 sy,  0.0 ni, 89.8 id,  0.0 wa,  0.0 hi,  0.2 si,  0.1 st
%Cpu(s):  4.7 us,  3.0 sy,  0.0 ni, 91.9 id,  0.0 wa,  0.0 hi,  0.1 si,  0.2 st
%Cpu(s):  4.9 us,  3.4 sy,  0.0 ni, 91.6 id,  0.0 wa,  0.0 hi,  0.1 si,  0.0 st
%Cpu(s): 12.4 us,  3.4 sy,  0.0 ni, 83.7 id,  0.0 wa,  0.0 hi,  0.1 si,  0.4 st
%Cpu(s):  9.3 us,  1.9 sy,  0.0 ni, 88.4 id,  0.0 wa,  0.0 hi,  0.3 si,  0.1 st
%Cpu(s):  9.9 us,  2.8 sy,  0.0 ni, 87.2 id,  0.0 wa,  0.0 hi,  0.0 si,  0.1 st
%Cpu(s): 15.7 us,  5.2 sy,  0.0 ni, 79.1 id,  0.0 wa,  0.0 hi,  0.0 si,  0.0 st
%Cpu(s):  8.1 us,  4.7 sy,  0.0 ni, 87.0 id,  0.0 wa,  0.0 hi,  0.1 si,  0.0 st
%Cpu(s): 57.4 us,  5.8 sy,  0.0 ni, 36.0 id,  0.0 wa,  0.0 hi,  0.8 si,  0.0 st
%Cpu(s): 86.9 us,  9.4 sy,  0.0 ni,  1.1 id,  0.0 wa,  0.0 hi,  2.6 si,  0.0 st
%Cpu(s): 87.9 us,  9.2 sy,  0.0 ni,  0.4 id,  0.0 wa,  0.0 hi,  2.5 si,  0.0 st
%Cpu(s): 88.0 us,  7.8 sy,  0.0 ni,  2.0 id,  0.0 wa,  0.0 hi,  2.1 si,  0.0 st
%Cpu(s): 88.8 us,  8.5 sy,  0.0 ni,  0.6 id,  0.0 wa,  0.0 hi,  2.1 si,  0.0 st
%Cpu(s): 85.4 us, 10.0 sy,  0.0 ni,  2.6 id,  0.0 wa,  0.0 hi,  2.0 si,  0.0 st
%Cpu(s): 83.9 us,  7.8 sy,  0.0 ni,  6.8 id,  0.0 wa,  0.0 hi,  1.6 si,  0.0 st
%Cpu(s): 49.2 us,  7.8 sy,  0.0 ni, 40.7 id,  0.0 wa,  0.0 hi,  2.3 si,  0.0 st
%Cpu(s): 21.6 us,  7.6 sy,  0.0 ni, 68.9 id,  0.0 wa,  0.0 hi,  1.8 si,  0.1 st
%Cpu(s): 34.7 us,  8.8 sy,  0.0 ni, 54.4 id,  0.0 wa,  0.0 hi,  2.1 si,  0.0 st
%Cpu(s): 27.2 us,  9.7 sy,  0.0 ni, 60.9 id,  0.0 wa,  0.0 hi,  2.3 si,  0.0 st
%Cpu(s): 25.9 us,  7.9 sy,  0.0 ni, 64.3 id,  0.0 wa,  0.0 hi,  1.9 si,  0.0 st
%Cpu(s): 55.5 us,  9.9 sy,  0.0 ni, 32.4 id,  0.0 wa,  0.0 hi,  2.2 si,  0.0 st
%Cpu(s): 53.0 us,  8.4 sy,  0.0 ni, 35.9 id,  0.0 wa,  0.0 hi,  2.5 si,  0.1 st
%Cpu(s): 19.8 us, 10.0 sy,  0.0 ni, 67.9 id,  0.1 wa,  0.0 hi,  2.1 si,  0.0 st
%Cpu(s): 16.3 us,  8.3 sy,  0.0 ni, 74.0 id,  0.0 wa,  0.0 hi,  1.4 si,  0.0 st
%Cpu(s): 15.0 us,  8.4 sy,  0.0 ni, 75.0 id,  0.0 wa,  0.0 hi,  1.6 si,  0.0 st
%Cpu(s): 15.5 us,  8.4 sy,  0.0 ni, 74.4 id,  0.0 wa,  0.0 hi,  1.7 si,  0.0 st
%Cpu(s): 15.6 us,  8.2 sy,  0.0 ni, 74.7 id,  0.0 wa,  0.0 hi,  1.5 si,  0.0 st
%Cpu(s): 17.0 us,  7.9 sy,  0.0 ni, 73.4 id,  0.0 wa,  0.0 hi,  1.6 si,  0.0 st
%Cpu(s): 14.8 us,  8.7 sy,  0.0 ni, 74.6 id,  0.0 wa,  0.0 hi,  1.9 si,  0.0 st
%Cpu(s): 14.3 us,  9.1 sy,  0.0 ni, 75.1 id,  0.0 wa,  0.0 hi,  1.5 si,  0.0 st
%Cpu(s): 14.2 us,  8.0 sy,  0.0 ni, 76.6 id,  0.0 wa,  0.0 hi,  1.2 si,  0.0 st
%Cpu(s): 15.5 us,  7.7 sy,  0.0 ni, 74.7 id,  0.0 wa,  0.0 hi,  2.0 si,  0.1 st
%Cpu(s): 13.1 us,  7.4 sy,  0.0 ni, 78.1 id,  0.0 wa,  0.0 hi,  1.5 si,  0.0 st
%Cpu(s): 12.9 us,  8.0 sy,  0.0 ni, 77.5 id,  0.0 wa,  0.0 hi,  1.7 si,  0.0 st
%Cpu(s): 15.0 us,  7.4 sy,  0.0 ni, 76.2 id,  0.0 wa,  0.0 hi,  1.4 si,  0.0 st
%Cpu(s): 13.5 us,  6.6 sy,  0.0 ni, 78.5 id,  0.0 wa,  0.0 hi,  1.4 si,  0.0 st
%Cpu(s): 13.8 us,  6.6 sy,  0.0 ni, 77.4 id,  0.0 wa,  0.0 hi,  2.2 si,  0.0 st
%Cpu(s): 15.3 us,  9.0 sy,  0.0 ni, 74.4 id,  0.0 wa,  0.0 hi,  1.4 si,  0.0 st
%Cpu(s): 18.5 us,  7.5 sy,  0.0 ni, 71.4 id,  0.0 wa,  0.0 hi,  2.4 si,  0.1 st
%Cpu(s): 27.2 us,  8.4 sy,  0.0 ni, 62.7 id,  0.0 wa,  0.0 hi,  1.7 si,  0.0 st
%Cpu(s): 16.1 us,  9.0 sy,  0.0 ni, 73.4 id,  0.0 wa,  0.0 hi,  1.5 si,  0.0 st
%Cpu(s): 17.5 us,  7.3 sy,  0.0 ni, 73.4 id,  0.0 wa,  0.0 hi,  1.8 si,  0.0 st
%Cpu(s): 25.9 us,  7.1 sy,  0.0 ni, 65.1 id,  0.0 wa,  0.0 hi,  1.8 si,  0.1 st
%Cpu(s): 13.7 us,  9.1 sy,  0.0 ni, 75.1 id,  0.0 wa,  0.0 hi,  2.0 si,  0.0 st
%Cpu(s): 13.5 us,  8.5 sy,  0.0 ni, 76.3 id,  0.0 wa,  0.0 hi,  1.8 si,  0.0 st
%Cpu(s): 14.6 us,  8.1 sy,  0.0 ni, 76.0 id,  0.0 wa,  0.0 hi,  1.3 si,  0.0 st
%Cpu(s): 14.3 us,  7.5 sy,  0.0 ni, 76.5 id,  0.0 wa,  0.0 hi,  1.5 si,  0.1 st
%Cpu(s): 11.8 us,  8.6 sy,  0.0 ni, 78.6 id,  0.0 wa,  0.0 hi,  1.0 si,  0.0 st
%Cpu(s): 17.4 us,  8.4 sy,  0.0 ni, 73.0 id,  0.0 wa,  0.0 hi,  1.3 si,  0.0 st
%Cpu(s): 14.9 us,  8.6 sy,  0.0 ni, 74.7 id,  0.0 wa,  0.0 hi,  1.8 si,  0.0 st
%Cpu(s): 14.5 us,  9.1 sy,  0.0 ni, 75.6 id,  0.0 wa,  0.0 hi,  0.8 si,  0.0 st
%Cpu(s): 16.8 us,  8.8 sy,  0.0 ni, 72.8 id,  0.0 wa,  0.0 hi,  1.6 si,  0.0 st
%Cpu(s): 13.0 us,  9.4 sy,  0.0 ni, 76.2 id,  0.0 wa,  0.0 hi,  1.4 si,  0.0 st
%Cpu(s): 15.6 us,  9.7 sy,  0.0 ni, 73.5 id,  0.0 wa,  0.0 hi,  1.2 si,  0.0 st
%Cpu(s): 19.6 us,  9.0 sy,  0.0 ni, 69.8 id,  0.0 wa,  0.0 hi,  1.5 si,  0.1 st
%Cpu(s): 17.5 us,  9.1 sy,  0.0 ni, 71.9 id,  0.0 wa,  0.0 hi,  1.6 si,  0.0 st
%Cpu(s): 14.7 us, 10.4 sy,  0.0 ni, 73.7 id,  0.0 wa,  0.0 hi,  1.3 si,  0.0 st
%Cpu(s): 15.4 us,  9.5 sy,  0.0 ni, 73.5 id,  0.0 wa,  0.0 hi,  1.6 si,  0.0 st
%Cpu(s): 17.5 us,  9.5 sy,  0.0 ni, 71.3 id,  0.1 wa,  0.0 hi,  1.4 si,  0.1 st
%Cpu(s): 18.1 us,  7.5 sy,  0.0 ni, 72.9 id,  0.0 wa,  0.0 hi,  1.5 si,  0.0 st
%Cpu(s): 15.6 us,  9.6 sy,  0.0 ni, 73.6 id,  0.0 wa,  0.0 hi,  1.2 si,  0.0 st
%Cpu(s): 16.0 us, 10.5 sy,  0.0 ni, 72.4 id,  0.0 wa,  0.0 hi,  1.2 si,  0.0 st
%Cpu(s): 17.5 us,  9.7 sy,  0.0 ni, 71.4 id,  0.0 wa,  0.0 hi,  1.4 si,  0.0 st
%Cpu(s): 16.9 us,  9.4 sy,  0.0 ni, 72.3 id,  0.0 wa,  0.0 hi,  1.4 si,  0.0 st
%Cpu(s): 24.7 us,  9.6 sy,  0.0 ni, 63.9 id,  0.0 wa,  0.0 hi,  1.8 si,  0.0 st
