%Cpu(s): 11.2 us,  1.7 sy,  0.0 ni, 86.8 id,  0.0 wa,  0.0 hi,  0.2 si,  0.0 st
%Cpu(s):  1.2 us,  0.9 sy,  0.0 ni, 97.8 id,  0.0 wa,  0.0 hi,  0.0 si,  0.1 st
%Cpu(s):  2.7 us,  1.5 sy,  0.0 ni, 95.5 id,  0.1 wa,  0.0 hi,  0.0 si,  0.1 st
%Cpu(s):  2.1 us,  1.7 sy,  0.0 ni, 96.1 id,  0.0 wa,  0.0 hi,  0.0 si,  0.0 st
%Cpu(s):  1.2 us,  1.2 sy,  0.0 ni, 97.5 id,  0.0 wa,  0.0 hi,  0.0 si,  0.0 st
%Cpu(s):  2.3 us,  1.1 sy,  0.0 ni, 96.6 id,  0.0 wa,  0.0 hi,  0.0 si,  0.0 st
%Cpu(s):  6.9 us,  1.2 sy,  0.0 ni, 91.8 id,  0.0 wa,  0.0 hi,  0.0 si,  0.1 st
%Cpu(s): 52.0 us,  4.1 sy,  0.0 ni, 43.5 id,  0.0 wa,  0.0 hi,  0.4 si,  0.0 st
%Cpu(s): 87.0 us,  9.2 sy,  0.0 ni,  1.7 id,  0.0 wa,  0.0 hi,  2.0 si,  0.0 st
%Cpu(s): 84.8 us, 13.1 sy,  0.0 ni,  0.4 id,  0.0 wa,  0.0 hi,  1.7 si,  0.0 st
%Cpu(s): 87.0 us, 10.6 sy,  0.0 ni,  0.5 id,  0.0 wa,  0.0 hi,  1.9 si,  0.0 st
%Cpu(s): 86.0 us, 11.6 sy,  0.0 ni,  0.1 id,  0.0 wa,  0.0 hi,  2.2 si,  0.0 st
%Cpu(s): 86.0 us, 11.1 sy,  0.0 ni,  0.5 id,  0.0 wa,  0.0 hi,  2.4 si,  0.0 st
%Cpu(s): 86.0 us, 11.8 sy,  0.0 ni,  0.0 id,  0.0 wa,  0.0 hi,  2.2 si,  0.0 st
%Cpu(s): 86.2 us, 10.7 sy,  0.0 ni,  0.5 id,  0.0 wa,  0.0 hi,  2.5 si,  0.1 st
%Cpu(s): 86.5 us,  9.1 sy,  0.0 ni,  1.9 id,  0.0 wa,  0.0 hi,  2.5 si,  0.0 st
%Cpu(s): 77.6 us,  8.6 sy,  0.0 ni, 12.0 id,  0.0 wa,  0.0 hi,  1.7 si,  0.0 st
%Cpu(s): 66.3 us,  9.0 sy,  0.0 ni, 22.4 id,  0.0 wa,  0.0 hi,  2.3 si,  0.0 st
%Cpu(s): 46.5 us,  6.8 sy,  0.0 ni, 45.1 id,  0.0 wa,  0.0 hi,  1.5 si,  0.1 st
%Cpu(s): 32.1 us,  7.6 sy,  0.0 ni, 58.3 id,  0.0 wa,  0.0 hi,  2.0 si,  0.0 st
%Cpu(s): 20.1 us,  8.8 sy,  0.0 ni, 69.6 id,  0.0 wa,  0.0 hi,  1.5 si,  0.0 st
%Cpu(s): 15.3 us,  7.0 sy,  0.0 ni, 76.5 id,  0.0 wa,  0.0 hi,  1.1 si,  0.1 st
%Cpu(s): 26.3 us,  7.4 sy,  0.0 ni, 65.2 id,  0.0 wa,  0.0 hi,  1.1 si,  0.0 st
%Cpu(s): 20.3 us,  8.0 sy,  0.0 ni, 70.8 id,  0.0 wa,  0.0 hi,  0.9 si,  0.0 st
%Cpu(s): 16.0 us,  6.6 sy,  0.0 ni, 76.4 id,  0.0 wa,  0.0 hi,  0.9 si,  0.1 st
%Cpu(s): 13.6 us,  7.0 sy,  0.0 ni, 78.2 id,  0.0 wa,  0.0 hi,  1.0 si,  0.1 st
%Cpu(s): 14.8 us,  5.7 sy,  0.0 ni, 78.0 id,  0.0 wa,  0.0 hi,  1.4 si,  0.1 st
%Cpu(s): 13.5 us,  7.7 sy,  0.0 ni, 77.9 id,  0.0 wa,  0.0 hi,  0.9 si,  0.0 st
%Cpu(s): 14.6 us,  8.3 sy,  0.0 ni, 76.0 id,  0.0 wa,  0.0 hi,  1.0 si,  0.1 st
%Cpu(s): 14.2 us,  7.0 sy,  0.0 ni, 77.6 id,  0.0 wa,  0.0 hi,  1.1 si,  0.0 st
%Cpu(s): 11.9 us,  7.6 sy,  0.0 ni, 79.4 id,  0.0 wa,  0.0 hi,  1.0 si,  0.1 st
%Cpu(s): 12.6 us,  8.0 sy,  0.0 ni, 77.9 id,  0.0 wa,  0.0 hi,  1.4 si,  0.0 st
%Cpu(s): 18.6 us,  7.7 sy,  0.0 ni, 72.6 id,  0.0 wa,  0.0 hi,  0.9 si,  0.1 st
%Cpu(s): 18.1 us,  7.3 sy,  0.0 ni, 73.9 id,  0.0 wa,  0.0 hi,  0.5 si,  0.1 st
%Cpu(s): 12.3 us,  6.8 sy,  0.0 ni, 79.9 id,  0.0 wa,  0.0 hi,  0.9 si,  0.1 st
%Cpu(s): 11.9 us,  8.0 sy,  0.0 ni, 79.3 id,  0.0 wa,  0.0 hi,  0.8 si,  0.0 st
%Cpu(s): 10.6 us,  6.4 sy,  0.0 ni, 82.2 id,  0.0 wa,  0.0 hi,  0.9 si,  0.0 st
%Cpu(s): 20.7 us,  6.6 sy,  0.0 ni, 72.0 id,  0.0 wa,  0.0 hi,  0.6 si,  0.0 st
%Cpu(s): 17.8 us,  7.2 sy,  0.0 ni, 74.3 id,  0.0 wa,  0.0 hi,  0.6 si,  0.1 st
%Cpu(s): 14.3 us,  6.9 sy,  0.0 ni, 77.9 id,  0.0 wa,  0.0 hi,  0.9 si,  0.0 st
%Cpu(s): 17.8 us,  6.9 sy,  0.0 ni, 73.9 id,  0.0 wa,  0.0 hi,  1.3 si,  0.1 st
%Cpu(s): 24.2 us,  6.2 sy,  0.0 ni, 68.2 id,  0.0 wa,  0.0 hi,  1.2 si,  0.3 st
%Cpu(s): 13.2 us,  6.4 sy,  0.0 ni, 79.5 id,  0.0 wa,  0.0 hi,  0.9 si,  0.0 st
%Cpu(s): 14.8 us,  8.3 sy,  0.0 ni, 75.4 id,  0.0 wa,  0.0 hi,  1.5 si,  0.0 st
%Cpu(s): 16.5 us,  6.7 sy,  0.0 ni, 76.2 id,  0.0 wa,  0.0 hi,  0.6 si,  0.0 st
%Cpu(s): 16.6 us,  8.0 sy,  0.0 ni, 74.8 id,  0.0 wa,  0.0 hi,  0.5 si,  0.1 st
%Cpu(s): 12.0 us,  6.8 sy,  0.0 ni, 80.5 id,  0.0 wa,  0.0 hi,  0.6 si,  0.1 st
%Cpu(s): 11.8 us,  7.9 sy,  0.0 ni, 79.5 id,  0.0 wa,  0.0 hi,  0.8 si,  0.0 st
%Cpu(s): 12.8 us,  7.6 sy,  0.0 ni, 78.3 id,  0.0 wa,  0.0 hi,  1.1 si,  0.1 st
%Cpu(s): 12.6 us,  7.5 sy,  0.0 ni, 79.0 id,  0.0 wa,  0.0 hi,  0.8 si,  0.1 st
%Cpu(s): 13.4 us,  7.9 sy,  0.0 ni, 77.8 id,  0.0 wa,  0.0 hi,  0.9 si,  0.0 st
%Cpu(s): 11.6 us,  8.4 sy,  0.0 ni, 78.8 id,  0.0 wa,  0.0 hi,  1.0 si,  0.1 st
%Cpu(s): 12.2 us,  7.9 sy,  0.0 ni, 78.7 id,  0.0 wa,  0.0 hi,  1.0 si,  0.1 st
%Cpu(s): 11.7 us,  6.6 sy,  0.0 ni, 80.7 id,  0.0 wa,  0.0 hi,  1.0 si,  0.0 st
%Cpu(s): 12.8 us,  6.7 sy,  0.0 ni, 79.9 id,  0.0 wa,  0.0 hi,  0.5 si,  0.0 st
%Cpu(s): 11.9 us,  7.5 sy,  0.0 ni, 79.3 id,  0.0 wa,  0.0 hi,  0.9 si,  0.4 st
%Cpu(s): 12.2 us,  7.3 sy,  0.0 ni, 79.5 id,  0.0 wa,  0.0 hi,  0.9 si,  0.1 st
%Cpu(s): 14.5 us,  8.5 sy,  0.0 ni, 76.0 id,  0.1 wa,  0.0 hi,  0.8 si,  0.1 st
%Cpu(s): 14.5 us,  7.7 sy,  0.0 ni, 76.4 id,  0.0 wa,  0.0 hi,  1.4 si,  0.0 st
%Cpu(s): 10.7 us,  7.6 sy,  0.0 ni, 80.5 id,  0.0 wa,  0.0 hi,  1.0 si,  0.1 st
%Cpu(s): 11.2 us,  6.9 sy,  0.0 ni, 80.7 id,  0.0 wa,  0.0 hi,  1.3 si,  0.0 st
%Cpu(s): 10.3 us,  8.2 sy,  0.0 ni, 80.0 id,  0.0 wa,  0.0 hi,  1.3 si,  0.3 st
%Cpu(s): 13.0 us,  7.3 sy,  0.0 ni, 78.1 id,  0.0 wa,  0.0 hi,  1.1 si,  0.5 st
%Cpu(s): 12.7 us,  7.1 sy,  0.0 ni, 78.9 id,  0.0 wa,  0.0 hi,  1.3 si,  0.0 st
%Cpu(s): 14.4 us,  7.5 sy,  0.0 ni, 77.3 id,  0.0 wa,  0.0 hi,  0.8 si,  0.0 st
%Cpu(s): 11.0 us,  7.9 sy,  0.0 ni, 80.1 id,  0.0 wa,  0.0 hi,  0.9 si,  0.1 st
%Cpu(s): 17.2 us,  6.8 sy,  0.0 ni, 74.8 id,  0.0 wa,  0.0 hi,  1.3 si,  0.0 st
%Cpu(s): 59.3 us,  8.0 sy,  0.0 ni, 31.5 id,  0.0 wa,  0.0 hi,  1.1 si,  0.0 st
%Cpu(s): 73.1 us,  9.6 sy,  0.0 ni, 15.5 id,  0.0 wa,  0.0 hi,  1.7 si,  0.1 st
%Cpu(s): 35.4 us,  7.7 sy,  0.0 ni, 55.4 id,  0.0 wa,  0.0 hi,  1.4 si,  0.0 st
%Cpu(s): 20.0 us,  6.6 sy,  0.0 ni, 72.3 id,  0.0 wa,  0.0 hi,  1.1 si,  0.0 st
%Cpu(s): 11.6 us,  6.4 sy,  0.0 ni, 81.4 id,  0.0 wa,  0.0 hi,  0.5 si,  0.1 st
%Cpu(s): 19.7 us,  6.4 sy,  0.0 ni, 72.7 id,  0.0 wa,  0.0 hi,  1.3 si,  0.0 st
%Cpu(s): 20.5 us,  7.1 sy,  0.0 ni, 71.0 id,  0.0 wa,  0.0 hi,  1.1 si,  0.1 st
%Cpu(s): 21.6 us,  8.0 sy,  0.0 ni, 69.7 id,  0.0 wa,  0.0 hi,  0.8 si,  0.0 st
%Cpu(s): 14.6 us,  6.3 sy,  0.0 ni, 78.2 id,  0.0 wa,  0.0 hi,  0.8 si,  0.1 st
%Cpu(s): 13.4 us,  6.5 sy,  0.0 ni, 79.5 id,  0.0 wa,  0.0 hi,  0.7 si,  0.0 st
%Cpu(s): 15.5 us,  7.1 sy,  0.0 ni, 76.9 id,  0.0 wa,  0.0 hi,  0.5 si,  0.0 st
%Cpu(s): 16.7 us,  8.7 sy,  0.0 ni, 74.1 id,  0.0 wa,  0.0 hi,  0.5 si,  0.0 st
%Cpu(s): 18.3 us,  8.1 sy,  0.0 ni, 73.0 id,  0.0 wa,  0.0 hi,  0.5 si,  0.1 st
%Cpu(s): 20.9 us,  7.8 sy,  0.0 ni, 70.4 id,  0.0 wa,  0.0 hi,  0.9 si,  0.0 st
%Cpu(s): 19.2 us,  9.4 sy,  0.0 ni, 70.5 id,  0.0 wa,  0.0 hi,  0.8 si,  0.1 st
%Cpu(s): 18.9 us, 10.7 sy,  0.0 ni, 69.8 id,  0.0 wa,  0.0 hi,  0.6 si,  0.0 st
%Cpu(s): 22.5 us,  9.8 sy,  0.0 ni, 66.6 id,  0.0 wa,  0.0 hi,  1.0 si,  0.0 st
