%Cpu(s):  3.7 us,  0.9 sy,  0.0 ni, 95.3 id,  0.0 wa,  0.0 hi,  0.1 si,  0.0 st
%Cpu(s):  1.0 us,  0.4 sy,  0.0 ni, 98.6 id,  0.0 wa,  0.0 hi,  0.0 si,  0.0 st
%Cpu(s): 69.2 us,  6.6 sy,  0.0 ni, 24.1 id,  0.0 wa,  0.0 hi,  0.1 si,  0.0 st
%Cpu(s): 76.6 us,  4.1 sy,  0.0 ni, 19.2 id,  0.0 wa,  0.0 hi,  0.0 si,  0.0 st
%Cpu(s): 73.3 us,  3.9 sy,  0.0 ni, 22.7 id,  0.0 wa,  0.0 hi,  0.0 si,  0.1 st
%Cpu(s): 95.9 us,  3.1 sy,  0.0 ni,  1.0 id,  0.0 wa,  0.0 hi,  0.0 si,  0.0 st
%Cpu(s): 94.5 us,  3.0 sy,  0.0 ni,  2.5 id,  0.0 wa,  0.0 hi,  0.0 si,  0.0 st
%Cpu(s): 96.4 us,  2.9 sy,  0.0 ni,  0.7 id,  0.0 wa,  0.0 hi,  0.0 si,  0.0 st
%Cpu(s): 96.2 us,  3.6 sy,  0.0 ni,  0.1 id,  0.0 wa,  0.0 hi,  0.1 si,  0.0 st
%Cpu(s): 88.5 us,  2.5 sy,  0.0 ni,  8.8 id,  0.0 wa,  0.0 hi,  0.2 si,  0.0 st
%Cpu(s): 30.3 us,  1.2 sy,  0.0 ni, 68.5 id,  0.0 wa,  0.0 hi,  0.0 si,  0.1 st
%Cpu(s): 18.7 us,  0.9 sy,  0.0 ni, 80.3 id,  0.0 wa,  0.0 hi,  0.1 si,  0.1 st
%Cpu(s): 16.4 us,  0.6 sy,  0.0 ni, 82.9 id,  0.0 wa,  0.0 hi,  0.1 si,  0.0 st
%Cpu(s):  9.5 us,  0.9 sy,  0.0 ni, 89.6 id,  0.0 wa,  0.0 hi,  0.0 si,  0.0 st
%Cpu(s):  4.6 us,  1.3 sy,  0.0 ni, 94.1 id,  0.0 wa,  0.0 hi,  0.0 si,  0.1 st
%Cpu(s):  2.6 us,  0.8 sy,  0.0 ni, 96.5 id,  0.0 wa,  0.0 hi,  0.1 si,  0.1 st
%Cpu(s):  2.7 us,  0.8 sy,  0.0 ni, 96.5 id,  0.0 wa,  0.0 hi,  0.0 si,  0.0 st
%Cpu(s):  5.3 us,  2.4 sy,  0.0 ni, 92.2 id,  0.0 wa,  0.0 hi,  0.1 si,  0.1 st
%Cpu(s):  2.1 us,  1.1 sy,  0.0 ni, 96.8 id,  0.0 wa,  0.0 hi,  0.0 si,  0.0 st
%Cpu(s): 29.7 us,  2.9 sy,  0.0 ni, 67.2 id,  0.0 wa,  0.0 hi,  0.1 si,  0.1 st
%Cpu(s): 84.1 us,  7.0 sy,  0.0 ni,  7.7 id,  0.0 wa,  0.0 hi,  1.3 si,  0.0 st
%Cpu(s): 88.7 us,  8.0 sy,  0.0 ni,  1.9 id,  0.0 wa,  0.0 hi,  1.4 si,  0.0 st
%Cpu(s): 90.4 us,  7.6 sy,  0.0 ni,  0.5 id,  0.0 wa,  0.0 hi,  1.4 si,  0.0 st
%Cpu(s): 89.8 us,  8.2 sy,  0.0 ni,  0.5 id,  0.0 wa,  0.0 hi,  1.6 si,  0.0 st
%Cpu(s): 89.1 us,  8.8 sy,  0.0 ni,  0.2 id,  0.0 wa,  0.0 hi,  2.0 si,  0.0 st
%Cpu(s): 88.6 us,  9.4 sy,  0.0 ni,  0.0 id,  0.0 wa,  0.0 hi,  2.0 si,  0.0 st
%Cpu(s): 89.6 us,  8.6 sy,  0.0 ni,  0.0 id,  0.0 wa,  0.0 hi,  1.8 si,  0.0 st
%Cpu(s): 88.6 us,  9.6 sy,  0.0 ni,  0.0 id,  0.0 wa,  0.0 hi,  1.8 si,  0.0 st
%Cpu(s): 88.6 us,  9.6 sy,  0.0 ni,  0.0 id,  0.0 wa,  0.0 hi,  1.8 si,  0.0 st
%Cpu(s): 90.4 us,  7.8 sy,  0.0 ni,  0.0 id,  0.0 wa,  0.0 hi,  1.8 si,  0.0 st
%Cpu(s): 89.1 us,  9.2 sy,  0.0 ni,  0.0 id,  0.0 wa,  0.0 hi,  1.7 si,  0.0 st
%Cpu(s): 84.9 us,  7.9 sy,  0.0 ni,  5.5 id,  0.0 wa,  0.0 hi,  1.7 si,  0.0 st
%Cpu(s): 26.4 us,  6.1 sy,  0.0 ni, 66.1 id,  0.0 wa,  0.0 hi,  1.3 si,  0.0 st
%Cpu(s): 21.4 us,  6.0 sy,  0.0 ni, 71.2 id,  0.0 wa,  0.0 hi,  1.3 si,  0.1 st
%Cpu(s): 14.1 us,  5.7 sy,  0.0 ni, 79.1 id,  0.0 wa,  0.0 hi,  1.1 si,  0.0 st
%Cpu(s): 16.0 us,  6.4 sy,  0.0 ni, 76.4 id,  0.0 wa,  0.0 hi,  1.1 si,  0.0 st
%Cpu(s): 12.3 us,  6.1 sy,  0.0 ni, 80.5 id,  0.0 wa,  0.0 hi,  1.1 si,  0.0 st
%Cpu(s): 12.2 us,  6.0 sy,  0.0 ni, 80.7 id,  0.1 wa,  0.0 hi,  0.9 si,  0.1 st
%Cpu(s): 11.8 us,  6.0 sy,  0.0 ni, 81.3 id,  0.0 wa,  0.0 hi,  0.8 si,  0.1 st
%Cpu(s): 14.9 us,  5.9 sy,  0.0 ni, 78.0 id,  0.0 wa,  0.0 hi,  1.1 si,  0.0 st
%Cpu(s): 13.8 us,  5.7 sy,  0.0 ni, 79.5 id,  0.0 wa,  0.0 hi,  1.0 si,  0.0 st
%Cpu(s): 11.5 us,  5.4 sy,  0.0 ni, 82.2 id,  0.0 wa,  0.0 hi,  0.8 si,  0.1 st
%Cpu(s): 11.8 us,  5.9 sy,  0.0 ni, 81.4 id,  0.0 wa,  0.0 hi,  0.9 si,  0.0 st
%Cpu(s): 10.9 us,  6.0 sy,  0.0 ni, 81.7 id,  0.0 wa,  0.0 hi,  1.3 si,  0.1 st
%Cpu(s): 11.3 us,  5.6 sy,  0.0 ni, 82.5 id,  0.0 wa,  0.0 hi,  0.6 si,  0.1 st
%Cpu(s): 11.4 us,  6.1 sy,  0.0 ni, 81.6 id,  0.0 wa,  0.0 hi,  0.9 si,  0.0 st
%Cpu(s): 10.8 us,  5.3 sy,  0.0 ni, 82.9 id,  0.0 wa,  0.0 hi,  1.0 si,  0.0 st
%Cpu(s): 12.0 us,  6.3 sy,  0.0 ni, 80.6 id,  0.0 wa,  0.0 hi,  1.1 si,  0.0 st
%Cpu(s): 12.9 us,  5.8 sy,  0.0 ni, 80.3 id,  0.0 wa,  0.0 hi,  1.0 si,  0.0 st
%Cpu(s): 17.6 us,  6.1 sy,  0.0 ni, 74.8 id,  0.0 wa,  0.0 hi,  1.4 si,  0.1 st
%Cpu(s): 24.8 us,  5.3 sy,  0.0 ni, 68.5 id,  0.0 wa,  0.0 hi,  1.3 si,  0.0 st
%Cpu(s): 17.2 us,  5.9 sy,  0.0 ni, 75.5 id,  0.0 wa,  0.0 hi,  1.3 si,  0.1 st
%Cpu(s): 12.7 us,  5.6 sy,  0.0 ni, 80.7 id,  0.0 wa,  0.0 hi,  0.9 si,  0.1 st
%Cpu(s): 13.2 us,  5.7 sy,  0.0 ni, 80.3 id,  0.0 wa,  0.0 hi,  0.8 si,  0.0 st
%Cpu(s): 17.4 us,  6.5 sy,  0.0 ni, 75.0 id,  0.0 wa,  0.0 hi,  1.0 si,  0.1 st
%Cpu(s): 28.0 us,  5.5 sy,  0.0 ni, 65.0 id,  0.0 wa,  0.0 hi,  1.4 si,  0.0 st
%Cpu(s): 17.2 us,  6.2 sy,  0.0 ni, 75.5 id,  0.0 wa,  0.0 hi,  1.1 si,  0.0 st
%Cpu(s): 15.1 us,  6.2 sy,  0.0 ni, 77.8 id,  0.0 wa,  0.0 hi,  0.9 si,  0.0 st
%Cpu(s):  9.9 us,  6.4 sy,  0.0 ni, 82.8 id,  0.0 wa,  0.0 hi,  0.8 si,  0.1 st
%Cpu(s): 14.1 us,  5.3 sy,  0.0 ni, 79.7 id,  0.0 wa,  0.0 hi,  0.8 si,  0.1 st
%Cpu(s): 12.7 us,  6.3 sy,  0.0 ni, 79.8 id,  0.0 wa,  0.0 hi,  1.2 si,  0.0 st
%Cpu(s): 11.6 us,  6.4 sy,  0.0 ni, 80.5 id,  0.0 wa,  0.0 hi,  1.5 si,  0.0 st
%Cpu(s): 12.9 us,  5.8 sy,  0.0 ni, 80.2 id,  0.1 wa,  0.0 hi,  1.0 si,  0.0 st
%Cpu(s): 11.9 us,  6.4 sy,  0.0 ni, 80.6 id,  0.0 wa,  0.0 hi,  1.1 si,  0.1 st
%Cpu(s): 11.4 us,  6.8 sy,  0.0 ni, 80.7 id,  0.0 wa,  0.0 hi,  1.1 si,  0.0 st
%Cpu(s): 12.5 us,  6.0 sy,  0.0 ni, 80.6 id,  0.0 wa,  0.0 hi,  0.9 si,  0.1 st
%Cpu(s): 11.8 us,  5.5 sy,  0.0 ni, 82.2 id,  0.0 wa,  0.0 hi,  0.5 si,  0.0 st
%Cpu(s): 13.2 us,  6.4 sy,  0.0 ni, 79.4 id,  0.0 wa,  0.0 hi,  1.0 si,  0.0 st
%Cpu(s): 11.6 us,  5.5 sy,  0.0 ni, 82.1 id,  0.0 wa,  0.0 hi,  0.6 si,  0.1 st
%Cpu(s): 12.2 us,  4.6 sy,  0.0 ni, 82.1 id,  0.0 wa,  0.0 hi,  1.1 si,  0.0 st
%Cpu(s): 12.5 us,  6.4 sy,  0.0 ni, 80.2 id,  0.0 wa,  0.0 hi,  0.8 si,  0.1 st
%Cpu(s): 13.1 us,  6.2 sy,  0.0 ni, 79.6 id,  0.0 wa,  0.0 hi,  1.1 si,  0.0 st
%Cpu(s): 12.2 us,  6.1 sy,  0.0 ni, 80.6 id,  0.0 wa,  0.0 hi,  1.1 si,  0.0 st
%Cpu(s): 11.8 us,  6.2 sy,  0.0 ni, 80.9 id,  0.0 wa,  0.0 hi,  1.1 si,  0.0 st
%Cpu(s): 12.7 us,  6.3 sy,  0.0 ni, 79.9 id,  0.0 wa,  0.0 hi,  1.1 si,  0.1 st
%Cpu(s): 13.3 us,  6.1 sy,  0.0 ni, 79.4 id,  0.0 wa,  0.0 hi,  1.2 si,  0.0 st
