%Cpu(s):  1.3 us,  0.3 sy,  0.0 ni, 98.4 id,  0.0 wa,  0.0 hi,  0.0 si,  0.0 st
%Cpu(s):  9.4 us,  1.4 sy,  0.0 ni, 89.1 id,  0.0 wa,  0.0 hi,  0.0 si,  0.1 st
%Cpu(s): 54.1 us,  2.9 sy,  0.0 ni, 42.8 id,  0.0 wa,  0.0 hi,  0.0 si,  0.1 st
%Cpu(s): 46.1 us,  2.0 sy,  0.0 ni, 51.7 id,  0.0 wa,  0.0 hi,  0.0 si,  0.1 st
%Cpu(s): 68.2 us,  2.2 sy,  0.0 ni, 29.4 id,  0.0 wa,  0.0 hi,  0.1 si,  0.1 st
%Cpu(s): 70.8 us,  2.5 sy,  0.0 ni, 26.6 id,  0.0 wa,  0.0 hi,  0.0 si,  0.1 st
%Cpu(s): 16.3 us,  0.7 sy,  0.0 ni, 82.9 id,  0.0 wa,  0.0 hi,  0.1 si,  0.1 st
%Cpu(s):  5.0 us,  0.6 sy,  0.0 ni, 94.4 id,  0.0 wa,  0.0 hi,  0.0 si,  0.1 st
%Cpu(s):  1.4 us,  0.9 sy,  0.0 ni, 97.8 id,  0.0 wa,  0.0 hi,  0.0 si,  0.0 st
%Cpu(s):  1.4 us,  0.6 sy,  0.0 ni, 98.0 id,  0.0 wa,  0.0 hi,  0.0 si,  0.1 st
%Cpu(s):  1.1 us,  0.7 sy,  0.0 ni, 98.1 id,  0.0 wa,  0.0 hi,  0.0 si,  0.1 st
%Cpu(s):  2.0 us,  1.1 sy,  0.0 ni, 96.9 id,  0.0 wa,  0.0 hi,  0.0 si,  0.1 st
%Cpu(s):  1.5 us,  1.0 sy,  0.0 ni, 97.5 id,  0.0 wa,  0.0 hi,  0.0 si,  0.0 st
%Cpu(s):  0.9 us,  0.9 sy,  0.0 ni, 98.2 id,  0.0 wa,  0.0 hi,  0.0 si,  0.0 st
%Cpu(s):  4.4 us,  1.0 sy,  0.0 ni, 94.6 id,  0.0 wa,  0.0 hi,  0.0 si,  0.0 st
%Cpu(s): 22.0 us,  1.6 sy,  0.0 ni, 76.1 id,  0.0 wa,  0.0 hi,  0.2 si,  0.1 st
%Cpu(s): 53.1 us,  3.7 sy,  0.0 ni, 42.5 id,  0.0 wa,  0.0 hi,  0.7 si,  0.1 st
%Cpu(s): 80.7 us,  4.9 sy,  0.0 ni, 13.4 id,  0.0 wa,  0.0 hi,  0.9 si,  0.1 st
%Cpu(s): 69.5 us,  4.4 sy,  0.0 ni, 24.6 id,  0.0 wa,  0.0 hi,  1.3 si,  0.1 st
%Cpu(s): 70.4 us,  5.5 sy,  0.0 ni, 22.6 id,  0.0 wa,  0.0 hi,  1.4 si,  0.0 st
%Cpu(s): 45.4 us,  4.7 sy,  0.0 ni, 48.6 id,  0.0 wa,  0.0 hi,  1.4 si,  0.0 st
%Cpu(s): 29.2 us,  4.9 sy,  0.0 ni, 65.2 id,  0.0 wa,  0.0 hi,  0.7 si,  0.0 st
%Cpu(s): 15.9 us,  4.5 sy,  0.0 ni, 79.5 id,  0.0 wa,  0.0 hi,  0.1 si,  0.1 st
%Cpu(s): 10.3 us,  4.7 sy,  0.0 ni, 84.3 id,  0.0 wa,  0.0 hi,  0.6 si,  0.1 st
%Cpu(s):  8.7 us,  4.8 sy,  0.0 ni, 86.0 id,  0.0 wa,  0.0 hi,  0.6 si,  0.0 st
%Cpu(s):  8.2 us,  4.4 sy,  0.0 ni, 87.0 id,  0.0 wa,  0.0 hi,  0.3 si,  0.0 st
%Cpu(s): 10.1 us,  4.9 sy,  0.0 ni, 84.6 id,  0.0 wa,  0.0 hi,  0.4 si,  0.1 st
%Cpu(s):  8.9 us,  5.2 sy,  0.0 ni, 85.7 id,  0.0 wa,  0.0 hi,  0.2 si,  0.0 st
%Cpu(s):  8.1 us,  4.5 sy,  0.0 ni, 87.1 id,  0.0 wa,  0.0 hi,  0.3 si,  0.1 st
%Cpu(s):  8.2 us,  4.5 sy,  0.0 ni, 87.0 id,  0.0 wa,  0.0 hi,  0.3 si,  0.1 st
%Cpu(s):  7.8 us,  4.3 sy,  0.0 ni, 87.5 id,  0.0 wa,  0.0 hi,  0.4 si,  0.0 st
%Cpu(s):  8.8 us,  5.1 sy,  0.0 ni, 85.8 id,  0.0 wa,  0.0 hi,  0.3 si,  0.0 st
%Cpu(s):  8.7 us,  5.0 sy,  0.0 ni, 86.0 id,  0.0 wa,  0.0 hi,  0.4 si,  0.0 st
%Cpu(s):  7.5 us,  4.8 sy,  0.0 ni, 87.5 id,  0.0 wa,  0.0 hi,  0.3 si,  0.0 st
%Cpu(s):  7.2 us,  4.8 sy,  0.0 ni, 87.7 id,  0.0 wa,  0.0 hi,  0.3 si,  0.1 st
%Cpu(s):  7.1 us,  5.1 sy,  0.0 ni, 87.6 id,  0.0 wa,  0.0 hi,  0.3 si,  0.0 st
%Cpu(s):  8.7 us,  3.6 sy,  0.0 ni, 87.4 id,  0.0 wa,  0.0 hi,  0.3 si,  0.0 st
%Cpu(s): 10.1 us,  3.5 sy,  0.0 ni, 85.9 id,  0.0 wa,  0.0 hi,  0.5 si,  0.0 st
%Cpu(s):  7.1 us,  4.1 sy,  0.0 ni, 88.4 id,  0.0 wa,  0.0 hi,  0.3 si,  0.1 st
%Cpu(s):  7.9 us,  4.5 sy,  0.0 ni, 87.4 id,  0.0 wa,  0.0 hi,  0.1 si,  0.1 st
%Cpu(s): 14.7 us,  4.0 sy,  0.0 ni, 80.8 id,  0.0 wa,  0.0 hi,  0.5 si,  0.0 st
%Cpu(s):  7.6 us,  4.6 sy,  0.0 ni, 87.3 id,  0.0 wa,  0.0 hi,  0.4 si,  0.1 st
%Cpu(s):  8.2 us,  4.6 sy,  0.0 ni, 87.0 id,  0.0 wa,  0.0 hi,  0.1 si,  0.0 st
%Cpu(s):  7.5 us,  4.9 sy,  0.0 ni, 87.3 id,  0.1 wa,  0.0 hi,  0.1 si,  0.1 st
%Cpu(s): 10.5 us,  4.9 sy,  0.0 ni, 84.2 id,  0.0 wa,  0.0 hi,  0.4 si,  0.0 st
%Cpu(s):  8.5 us,  4.6 sy,  0.0 ni, 86.5 id,  0.0 wa,  0.0 hi,  0.4 si,  0.1 st
%Cpu(s): 14.4 us,  4.1 sy,  0.0 ni, 81.0 id,  0.0 wa,  0.0 hi,  0.5 si,  0.0 st
%Cpu(s): 10.3 us,  4.7 sy,  0.0 ni, 84.8 id,  0.0 wa,  0.0 hi,  0.3 si,  0.0 st
%Cpu(s):  8.8 us,  5.1 sy,  0.0 ni, 85.9 id,  0.0 wa,  0.0 hi,  0.2 si,  0.1 st
%Cpu(s): 16.0 us,  4.3 sy,  0.0 ni, 78.9 id,  0.0 wa,  0.0 hi,  0.8 si,  0.0 st
%Cpu(s): 10.4 us,  5.5 sy,  0.0 ni, 83.8 id,  0.0 wa,  0.0 hi,  0.2 si,  0.1 st
%Cpu(s):  9.1 us,  5.1 sy,  0.0 ni, 85.5 id,  0.0 wa,  0.0 hi,  0.3 si,  0.0 st
%Cpu(s):  8.6 us,  5.3 sy,  0.0 ni, 85.7 id,  0.0 wa,  0.0 hi,  0.4 si,  0.0 st
%Cpu(s):  8.1 us,  5.6 sy,  0.0 ni, 85.8 id,  0.0 wa,  0.0 hi,  0.4 si,  0.0 st
%Cpu(s):  8.9 us,  5.5 sy,  0.0 ni, 84.9 id,  0.0 wa,  0.0 hi,  0.6 si,  0.1 st
%Cpu(s):  9.0 us,  5.3 sy,  0.0 ni, 85.3 id,  0.0 wa,  0.0 hi,  0.3 si,  0.1 st
%Cpu(s):  8.5 us,  4.6 sy,  0.0 ni, 86.5 id,  0.0 wa,  0.0 hi,  0.4 si,  0.0 st
%Cpu(s):  8.3 us,  4.6 sy,  0.0 ni, 86.7 id,  0.0 wa,  0.0 hi,  0.3 si,  0.1 st
%Cpu(s):  8.3 us,  5.0 sy,  0.0 ni, 86.3 id,  0.1 wa,  0.0 hi,  0.3 si,  0.1 st
%Cpu(s):  7.6 us,  5.5 sy,  0.0 ni, 86.5 id,  0.0 wa,  0.0 hi,  0.4 si,  0.0 st
%Cpu(s):  8.5 us,  4.7 sy,  0.0 ni, 86.3 id,  0.0 wa,  0.0 hi,  0.4 si,  0.0 st
%Cpu(s):  7.3 us,  4.5 sy,  0.0 ni, 87.7 id,  0.0 wa,  0.0 hi,  0.4 si,  0.0 st
%Cpu(s):  7.1 us,  4.3 sy,  0.0 ni, 88.1 id,  0.0 wa,  0.0 hi,  0.4 si,  0.1 st
%Cpu(s):  8.8 us,  4.9 sy,  0.0 ni, 85.9 id,  0.0 wa,  0.0 hi,  0.4 si,  0.1 st
%Cpu(s):  7.9 us,  4.7 sy,  0.0 ni, 87.1 id,  0.0 wa,  0.0 hi,  0.3 si,  0.0 st
%Cpu(s):  8.6 us,  4.7 sy,  0.0 ni, 86.5 id,  0.0 wa,  0.0 hi,  0.1 si,  0.0 st
%Cpu(s): 13.7 us,  3.8 sy,  0.0 ni, 81.6 id,  0.0 wa,  0.0 hi,  0.9 si,  0.0 st
%Cpu(s): 12.3 us,  4.8 sy,  0.0 ni, 82.7 id,  0.0 wa,  0.0 hi,  0.1 si,  0.1 st
%Cpu(s): 10.1 us,  4.7 sy,  0.0 ni, 84.8 id,  0.0 wa,  0.0 hi,  0.3 si,  0.0 st
%Cpu(s): 10.5 us,  5.1 sy,  0.0 ni, 84.0 id,  0.0 wa,  0.0 hi,  0.3 si,  0.1 st
%Cpu(s):  7.4 us,  4.7 sy,  0.0 ni, 87.6 id,  0.0 wa,  0.0 hi,  0.3 si,  0.0 st
%Cpu(s):  8.5 us,  4.6 sy,  0.0 ni, 86.6 id,  0.0 wa,  0.0 hi,  0.3 si,  0.0 st
%Cpu(s):  7.7 us,  5.6 sy,  0.0 ni, 86.2 id,  0.0 wa,  0.0 hi,  0.4 si,  0.1 st
%Cpu(s):  9.4 us,  5.6 sy,  0.0 ni, 84.9 id,  0.0 wa,  0.0 hi,  0.1 si,  0.0 st
%Cpu(s):  7.9 us,  5.4 sy,  0.0 ni, 86.4 id,  0.0 wa,  0.0 hi,  0.3 si,  0.0 st
%Cpu(s): 10.6 us,  5.2 sy,  0.0 ni, 83.8 id,  0.0 wa,  0.0 hi,  0.4 si,  0.0 st
