%Cpu(s):  1.5 us,  0.7 sy,  0.0 ni, 97.6 id,  0.0 wa,  0.0 hi,  0.1 si,  0.1 st
%Cpu(s): 17.4 us,  0.6 sy,  0.0 ni, 81.9 id,  0.0 wa,  0.0 hi,  0.0 si,  0.0 st
%Cpu(s):  0.5 us,  0.1 sy,  0.0 ni, 99.4 id,  0.0 wa,  0.0 hi,  0.0 si,  0.0 st
%Cpu(s):  0.2 us,  0.1 sy,  0.0 ni, 99.6 id,  0.0 wa,  0.0 hi,  0.0 si,  0.0 st
%Cpu(s): 33.5 us,  3.1 sy,  0.0 ni, 63.1 id,  0.1 wa,  0.0 hi,  0.1 si,  0.0 st
%Cpu(s): 53.6 us,  2.4 sy,  0.0 ni, 43.8 id,  0.0 wa,  0.0 hi,  0.0 si,  0.2 st
%Cpu(s): 70.4 us,  2.5 sy,  0.0 ni, 27.1 id,  0.0 wa,  0.0 hi,  0.0 si,  0.0 st
%Cpu(s): 40.5 us,  1.4 sy,  0.0 ni, 57.8 id,  0.0 wa,  0.0 hi,  0.2 si,  0.1 st
%Cpu(s): 40.7 us,  2.3 sy,  0.0 ni, 56.5 id,  0.0 wa,  0.0 hi,  0.4 si,  0.1 st
%Cpu(s): 56.0 us,  5.9 sy,  0.0 ni, 36.5 id,  0.0 wa,  0.0 hi,  1.6 si,  0.0 st
%Cpu(s): 35.7 us,  4.3 sy,  0.0 ni, 57.8 id,  0.0 wa,  0.0 hi,  2.1 si,  0.1 st
%Cpu(s): 20.2 us,  4.9 sy,  0.0 ni, 73.6 id,  0.0 wa,  0.0 hi,  1.2 si,  0.1 st
%Cpu(s): 12.8 us,  4.7 sy,  0.0 ni, 80.8 id,  0.0 wa,  0.0 hi,  1.6 si,  0.0 st
%Cpu(s): 12.9 us,  4.5 sy,  0.0 ni, 80.1 id,  0.0 wa,  0.0 hi,  2.5 si,  0.0 st
%Cpu(s): 10.8 us,  4.0 sy,  0.0 ni, 83.6 id,  0.0 wa,  0.0 hi,  1.6 si,  0.0 st
%Cpu(s):  8.9 us,  3.9 sy,  0.0 ni, 85.8 id,  0.0 wa,  0.0 hi,  1.5 si,  0.0 st
%Cpu(s): 19.0 us,  5.3 sy,  0.0 ni, 74.1 id,  0.0 wa,  0.0 hi,  1.6 si,  0.0 st
%Cpu(s): 11.6 us,  5.0 sy,  0.0 ni, 81.2 id,  0.0 wa,  0.0 hi,  2.0 si,  0.1 st
%Cpu(s):  9.9 us,  5.0 sy,  0.0 ni, 82.8 id,  0.0 wa,  0.0 hi,  2.3 si,  0.0 st
%Cpu(s):  8.2 us,  4.4 sy,  0.0 ni, 85.9 id,  0.0 wa,  0.0 hi,  1.5 si,  0.0 st
%Cpu(s):  8.7 us,  4.7 sy,  0.0 ni, 85.1 id,  0.0 wa,  0.0 hi,  1.5 si,  0.0 st
%Cpu(s): 19.3 us,  5.6 sy,  0.0 ni, 73.1 id,  0.0 wa,  0.0 hi,  2.0 si,  0.0 st
%Cpu(s): 14.8 us,  5.8 sy,  0.0 ni, 77.7 id,  0.0 wa,  0.0 hi,  1.5 si,  0.1 st
%Cpu(s):  8.0 us,  4.9 sy,  0.0 ni, 85.4 id,  0.0 wa,  0.0 hi,  1.6 si,  0.0 st
%Cpu(s): 10.4 us,  5.5 sy,  0.0 ni, 82.5 id,  0.0 wa,  0.0 hi,  1.6 si,  0.0 st
%Cpu(s):  9.7 us,  4.9 sy,  0.0 ni, 83.5 id,  0.0 wa,  0.0 hi,  1.8 si,  0.1 st
%Cpu(s): 17.2 us,  4.8 sy,  0.0 ni, 75.3 id,  0.0 wa,  0.0 hi,  2.8 si,  0.0 st
%Cpu(s):  9.6 us,  4.9 sy,  0.0 ni, 83.8 id,  0.0 wa,  0.0 hi,  1.6 si,  0.1 st
%Cpu(s):  8.1 us,  4.7 sy,  0.0 ni, 86.0 id,  0.0 wa,  0.0 hi,  1.3 si,  0.0 st
%Cpu(s):  8.9 us,  4.9 sy,  0.0 ni, 84.5 id,  0.0 wa,  0.0 hi,  1.6 si,  0.0 st
%Cpu(s):  9.9 us,  5.0 sy,  0.0 ni, 83.1 id,  0.0 wa,  0.0 hi,  2.0 si,  0.0 st
%Cpu(s): 19.2 us,  5.4 sy,  0.0 ni, 73.6 id,  0.0 wa,  0.0 hi,  1.8 si,  0.0 st
%Cpu(s): 12.8 us,  6.0 sy,  0.0 ni, 79.3 id,  0.0 wa,  0.0 hi,  1.8 si,  0.1 st
%Cpu(s):  7.9 us,  5.0 sy,  0.0 ni, 85.4 id,  0.0 wa,  0.0 hi,  1.6 si,  0.0 st
%Cpu(s):  8.2 us,  4.2 sy,  0.0 ni, 86.2 id,  0.0 wa,  0.0 hi,  1.4 si,  0.0 st
%Cpu(s):  9.9 us,  3.9 sy,  0.0 ni, 84.5 id,  0.0 wa,  0.0 hi,  1.7 si,  0.0 st
%Cpu(s): 19.5 us,  5.3 sy,  0.0 ni, 73.6 id,  0.0 wa,  0.0 hi,  1.4 si,  0.1 st
%Cpu(s): 10.8 us,  5.6 sy,  0.0 ni, 81.9 id,  0.0 wa,  0.0 hi,  1.6 si,  0.0 st
%Cpu(s): 10.4 us,  3.9 sy,  0.0 ni, 84.3 id,  0.0 wa,  0.0 hi,  1.3 si,  0.0 st
%Cpu(s):  7.4 us,  4.2 sy,  0.0 ni, 87.0 id,  0.0 wa,  0.0 hi,  1.4 si,  0.0 st
%Cpu(s):  9.0 us,  4.3 sy,  0.0 ni, 84.9 id,  0.0 wa,  0.0 hi,  1.7 si,  0.1 st
%Cpu(s): 19.6 us,  4.7 sy,  0.0 ni, 73.9 id,  0.0 wa,  0.0 hi,  1.8 si,  0.0 st
%Cpu(s): 12.0 us,  5.1 sy,  0.0 ni, 81.2 id,  0.0 wa,  0.0 hi,  1.6 si,  0.0 st
%Cpu(s):  9.5 us,  4.3 sy,  0.0 ni, 83.3 id,  1.5 wa,  0.0 hi,  1.1 si,  0.3 st
%Cpu(s):  8.3 us,  5.3 sy,  0.0 ni, 84.7 id,  0.1 wa,  0.0 hi,  1.6 si,  0.0 st
%Cpu(s): 12.2 us,  4.8 sy,  0.0 ni, 81.0 id,  0.0 wa,  0.0 hi,  1.8 si,  0.1 st
%Cpu(s): 20.5 us,  5.9 sy,  0.0 ni, 72.1 id,  0.0 wa,  0.0 hi,  1.5 si,  0.0 st
%Cpu(s):  8.8 us,  5.3 sy,  0.0 ni, 82.9 id,  0.0 wa,  0.0 hi,  2.9 si,  0.0 st
%Cpu(s):  8.3 us,  4.5 sy,  0.0 ni, 84.6 id,  0.0 wa,  0.0 hi,  2.4 si,  0.1 st
%Cpu(s):  8.8 us,  5.3 sy,  0.0 ni, 83.5 id,  0.0 wa,  0.0 hi,  2.4 si,  0.0 st
%Cpu(s): 17.6 us,  5.7 sy,  0.0 ni, 74.4 id,  0.0 wa,  0.0 hi,  2.4 si,  0.0 st
%Cpu(s): 16.4 us,  5.9 sy,  0.0 ni, 75.7 id,  0.0 wa,  0.0 hi,  1.9 si,  0.1 st
%Cpu(s):  8.5 us,  5.1 sy,  0.0 ni, 84.8 id,  0.0 wa,  0.0 hi,  1.6 si,  0.0 st
%Cpu(s):  8.1 us,  5.3 sy,  0.0 ni, 84.9 id,  0.0 wa,  0.0 hi,  1.8 si,  0.0 st
%Cpu(s):  6.2 us,  5.5 sy,  0.0 ni, 86.7 id,  0.0 wa,  0.0 hi,  1.6 si,  0.0 st
%Cpu(s): 17.5 us,  5.6 sy,  0.0 ni, 74.5 id,  0.0 wa,  0.0 hi,  2.4 si,  0.0 st
%Cpu(s): 12.1 us,  4.6 sy,  0.0 ni, 80.4 id,  0.0 wa,  0.0 hi,  2.8 si,  0.1 st
%Cpu(s):  7.6 us,  4.4 sy,  0.0 ni, 86.3 id,  0.0 wa,  0.0 hi,  1.7 si,  0.0 st
%Cpu(s):  7.9 us,  5.2 sy,  0.0 ni, 85.4 id,  0.0 wa,  0.0 hi,  1.4 si,  0.0 st
%Cpu(s): 11.1 us,  5.1 sy,  0.0 ni, 81.9 id,  0.1 wa,  0.0 hi,  1.7 si,  0.1 st
%Cpu(s): 20.2 us,  5.4 sy,  0.0 ni, 73.0 id,  0.0 wa,  0.0 hi,  1.4 si,  0.0 st
%Cpu(s): 10.6 us,  6.0 sy,  0.0 ni, 81.5 id,  0.0 wa,  0.0 hi,  1.9 si,  0.0 st
%Cpu(s): 10.1 us,  4.2 sy,  0.0 ni, 83.6 id,  0.0 wa,  0.0 hi,  1.9 si,  0.1 st
%Cpu(s):  9.5 us,  5.8 sy,  0.0 ni, 82.8 id,  0.0 wa,  0.0 hi,  1.9 si,  0.0 st
%Cpu(s): 22.3 us,  5.2 sy,  0.0 ni, 70.8 id,  0.0 wa,  0.0 hi,  1.6 si,  0.1 st
%Cpu(s): 11.6 us,  5.8 sy,  0.0 ni, 80.6 id,  0.0 wa,  0.0 hi,  2.0 si,  0.0 st
%Cpu(s):  9.7 us,  5.3 sy,  0.0 ni, 83.2 id,  0.0 wa,  0.0 hi,  1.8 si,  0.0 st
%Cpu(s): 11.2 us,  5.2 sy,  0.0 ni, 81.3 id,  0.0 wa,  0.0 hi,  2.2 si,  0.1 st
%Cpu(s): 36.5 us,  5.7 sy,  0.0 ni, 55.8 id,  0.0 wa,  0.0 hi,  2.0 si,  0.0 st
%Cpu(s): 15.1 us,  5.5 sy,  0.0 ni, 77.9 id,  0.0 wa,  0.0 hi,  1.5 si,  0.0 st
%Cpu(s):  8.8 us,  4.3 sy,  0.0 ni, 85.3 id,  0.0 wa,  0.0 hi,  1.6 si,  0.0 st
