%Cpu(s):  3.0 us,  0.7 sy,  0.0 ni, 96.2 id,  0.0 wa,  0.0 hi,  0.1 si,  0.0 st
%Cpu(s):  1.4 us,  0.2 sy,  0.0 ni, 98.3 id,  0.0 wa,  0.0 hi,  0.0 si,  0.1 st
%Cpu(s):  2.5 us,  0.6 sy,  0.0 ni, 96.6 id,  0.1 wa,  0.0 hi,  0.0 si,  0.1 st
%Cpu(s): 64.6 us,  6.1 sy,  0.0 ni, 29.2 id,  0.0 wa,  0.0 hi,  0.1 si,  0.1 st
%Cpu(s): 72.7 us,  3.7 sy,  0.0 ni, 23.5 id,  0.0 wa,  0.0 hi,  0.0 si,  0.1 st
%Cpu(s): 79.0 us,  3.0 sy,  0.0 ni, 17.9 id,  0.0 wa,  0.0 hi,  0.0 si,  0.1 st
%Cpu(s): 93.3 us,  3.1 sy,  0.0 ni,  3.6 id,  0.0 wa,  0.0 hi,  0.0 si,  0.0 st
%Cpu(s): 96.1 us,  2.9 sy,  0.0 ni,  0.9 id,  0.0 wa,  0.0 hi,  0.1 si,  0.0 st
%Cpu(s): 95.4 us,  3.8 sy,  0.0 ni,  0.7 id,  0.0 wa,  0.0 hi,  0.1 si,  0.0 st
%Cpu(s): 93.6 us,  3.5 sy,  0.0 ni,  2.6 id,  0.0 wa,  0.0 hi,  0.2 si,  0.0 st
%Cpu(s): 47.0 us,  1.5 sy,  0.0 ni, 51.4 id,  0.0 wa,  0.0 hi,  0.0 si,  0.1 st
%Cpu(s): 30.2 us,  1.0 sy,  0.0 ni, 68.8 id,  0.0 wa,  0.0 hi,  0.0 si,  0.0 st
%Cpu(s): 32.5 us,  1.2 sy,  0.0 ni, 66.3 id,  0.0 wa,  0.0 hi,  0.0 si,  0.0 st
%Cpu(s): 24.4 us,  1.7 sy,  0.0 ni, 73.8 id,  0.0 wa,  0.0 hi,  0.0 si,  0.1 st
%Cpu(s):  7.1 us,  3.3 sy,  0.0 ni, 89.3 id,  0.0 wa,  0.0 hi,  0.1 si,  0.2 st
%Cpu(s): 18.3 us,  3.0 sy,  0.0 ni, 78.3 id,  0.0 wa,  0.0 hi,  0.1 si,  0.3 st
%Cpu(s): 29.0 us,  2.0 sy,  0.0 ni, 68.8 id,  0.0 wa,  0.0 hi,  0.2 si,  0.1 st
%Cpu(s): 42.4 us,  2.2 sy,  0.0 ni, 55.1 id,  0.0 wa,  0.0 hi,  0.2 si,  0.1 st
%Cpu(s): 12.1 us,  3.1 sy,  0.0 ni, 84.2 id,  0.0 wa,  0.0 hi,  0.4 si,  0.2 st
%Cpu(s): 34.9 us,  2.7 sy,  0.0 ni, 61.9 id,  0.0 wa,  0.0 hi,  0.3 si,  0.2 st
%Cpu(s): 78.3 us,  6.2 sy,  0.0 ni, 14.4 id,  0.0 wa,  0.0 hi,  1.1 si,  0.0 st
%Cpu(s): 84.0 us,  7.4 sy,  0.0 ni,  7.4 id,  0.0 wa,  0.0 hi,  1.2 si,  0.0 st
%Cpu(s): 89.4 us,  7.5 sy,  0.0 ni,  1.7 id,  0.0 wa,  0.0 hi,  1.4 si,  0.0 st
%Cpu(s): 89.1 us,  9.0 sy,  0.0 ni,  0.4 id,  0.0 wa,  0.0 hi,  1.5 si,  0.0 st
%Cpu(s): 89.3 us,  9.0 sy,  0.0 ni,  0.0 id,  0.0 wa,  0.0 hi,  1.7 si,  0.0 st
%Cpu(s): 88.3 us,  9.5 sy,  0.0 ni,  0.2 id,  0.0 wa,  0.0 hi,  2.0 si,  0.0 st
%Cpu(s): 89.0 us,  9.2 sy,  0.0 ni,  0.0 id,  0.0 wa,  0.0 hi,  1.8 si,  0.0 st
%Cpu(s): 89.0 us,  9.4 sy,  0.0 ni,  0.0 id,  0.0 wa,  0.0 hi,  1.5 si,  0.0 st
%Cpu(s): 88.8 us,  8.7 sy,  0.0 ni,  0.7 id,  0.0 wa,  0.0 hi,  1.8 si,  0.0 st
%Cpu(s): 89.7 us,  8.5 sy,  0.0 ni,  0.3 id,  0.0 wa,  0.0 hi,  1.5 si,  0.0 st
%Cpu(s): 73.1 us,  8.1 sy,  0.0 ni, 17.2 id,  0.0 wa,  0.0 hi,  1.6 si,  0.0 st
%Cpu(s): 23.4 us,  7.2 sy,  0.0 ni, 67.2 id,  0.0 wa,  0.0 hi,  2.1 si,  0.0 st
%Cpu(s): 27.4 us,  6.5 sy,  0.0 ni, 64.6 id,  0.0 wa,  0.0 hi,  1.5 si,  0.0 st
%Cpu(s): 19.9 us,  6.5 sy,  0.0 ni, 71.7 id,  0.0 wa,  0.0 hi,  1.9 si,  0.0 st
%Cpu(s): 14.9 us,  6.0 sy,  0.0 ni, 77.5 id,  0.0 wa,  0.0 hi,  1.6 si,  0.0 st
%Cpu(s): 12.8 us,  5.8 sy,  0.0 ni, 79.5 id,  0.0 wa,  0.0 hi,  1.8 si,  0.0 st
%Cpu(s): 14.3 us,  5.9 sy,  0.0 ni, 78.0 id,  0.0 wa,  0.0 hi,  1.7 si,  0.1 st
%Cpu(s): 12.6 us,  6.7 sy,  0.0 ni, 78.4 id,  0.0 wa,  0.0 hi,  2.3 si,  0.0 st
%Cpu(s): 11.9 us,  6.8 sy,  0.0 ni, 79.5 id,  0.0 wa,  0.0 hi,  1.8 si,  0.0 st
%Cpu(s): 13.6 us,  6.3 sy,  0.0 ni, 78.5 id,  0.0 wa,  0.0 hi,  1.6 si,  0.0 st
%Cpu(s): 18.2 us,  6.5 sy,  0.0 ni, 73.9 id,  0.0 wa,  0.0 hi,  1.4 si,  0.1 st
%Cpu(s): 15.7 us,  7.4 sy,  0.0 ni, 75.3 id,  0.0 wa,  0.0 hi,  1.7 si,  0.0 st
%Cpu(s): 18.4 us,  7.0 sy,  0.0 ni, 72.6 id,  0.0 wa,  0.0 hi,  2.1 si,  0.0 st
%Cpu(s): 12.2 us,  6.7 sy,  0.0 ni, 79.4 id,  0.0 wa,  0.0 hi,  1.7 si,  0.0 st
%Cpu(s): 11.9 us,  5.3 sy,  0.0 ni, 80.3 id,  0.0 wa,  0.0 hi,  2.3 si,  0.1 st
%Cpu(s): 15.5 us,  6.1 sy,  0.0 ni, 76.7 id,  0.0 wa,  0.0 hi,  1.7 si,  0.0 st
%Cpu(s): 15.3 us,  6.3 sy,  0.0 ni, 76.6 id,  0.0 wa,  0.0 hi,  1.8 si,  0.1 st
%Cpu(s): 12.1 us,  6.7 sy,  0.0 ni, 79.3 id,  0.1 wa,  0.0 hi,  1.8 si,  0.1 st
%Cpu(s): 13.1 us,  6.7 sy,  0.0 ni, 77.9 id,  0.0 wa,  0.0 hi,  2.3 si,  0.0 st
%Cpu(s): 15.2 us,  7.0 sy,  0.0 ni, 76.3 id,  0.0 wa,  0.0 hi,  1.6 si,  0.0 st
%Cpu(s): 23.5 us,  5.5 sy,  0.0 ni, 69.2 id,  0.0 wa,  0.0 hi,  1.8 si,  0.0 st
%Cpu(s): 22.0 us,  5.6 sy,  0.0 ni, 70.7 id,  0.0 wa,  0.0 hi,  1.8 si,  0.0 st
%Cpu(s): 14.9 us,  6.1 sy,  0.0 ni, 77.1 id,  0.0 wa,  0.0 hi,  1.9 si,  0.1 st
%Cpu(s): 13.8 us,  5.8 sy,  0.0 ni, 78.9 id,  0.0 wa,  0.0 hi,  1.5 si,  0.0 st
%Cpu(s): 14.5 us,  6.2 sy,  0.0 ni, 77.8 id,  0.0 wa,  0.0 hi,  1.4 si,  0.0 st
%Cpu(s): 22.4 us,  6.9 sy,  0.0 ni, 68.9 id,  0.0 wa,  0.0 hi,  1.8 si,  0.0 st
%Cpu(s): 22.9 us,  6.4 sy,  0.0 ni, 69.3 id,  0.0 wa,  0.0 hi,  1.3 si,  0.1 st
%Cpu(s): 13.3 us,  6.6 sy,  0.0 ni, 78.4 id,  0.0 wa,  0.0 hi,  1.7 si,  0.0 st
%Cpu(s): 13.2 us,  6.1 sy,  0.0 ni, 79.2 id,  0.0 wa,  0.0 hi,  1.5 si,  0.1 st
%Cpu(s): 13.4 us,  6.0 sy,  0.0 ni, 79.0 id,  0.0 wa,  0.0 hi,  1.6 si,  0.1 st
%Cpu(s): 14.8 us,  6.7 sy,  0.0 ni, 76.7 id,  0.0 wa,  0.0 hi,  1.8 si,  0.0 st
%Cpu(s): 11.2 us,  6.3 sy,  0.0 ni, 80.4 id,  0.0 wa,  0.0 hi,  2.0 si,  0.0 st
%Cpu(s): 13.1 us,  6.1 sy,  0.0 ni, 78.8 id,  0.0 wa,  0.0 hi,  1.9 si,  0.1 st
%Cpu(s): 14.9 us,  6.4 sy,  0.0 ni, 76.8 id,  0.0 wa,  0.0 hi,  1.8 si,  0.1 st
%Cpu(s): 13.0 us,  6.1 sy,  0.0 ni, 78.8 id,  0.0 wa,  0.0 hi,  2.0 si,  0.0 st
%Cpu(s): 12.6 us,  6.2 sy,  0.0 ni, 79.5 id,  0.0 wa,  0.0 hi,  1.8 si,  0.0 st
%Cpu(s): 14.0 us,  5.6 sy,  0.0 ni, 78.8 id,  0.0 wa,  0.0 hi,  1.6 si,  0.0 st
%Cpu(s): 13.6 us,  6.1 sy,  0.0 ni, 78.8 id,  0.1 wa,  0.0 hi,  1.4 si,  0.0 st
%Cpu(s): 11.4 us,  6.3 sy,  0.0 ni, 80.6 id,  0.0 wa,  0.0 hi,  1.7 si,  0.1 st
%Cpu(s): 13.2 us,  6.9 sy,  0.0 ni, 78.3 id,  0.0 wa,  0.0 hi,  1.5 si,  0.0 st
%Cpu(s): 13.5 us,  7.0 sy,  0.0 ni, 77.7 id,  0.0 wa,  0.0 hi,  1.8 si,  0.0 st
%Cpu(s): 15.3 us,  6.2 sy,  0.0 ni, 76.3 id,  0.1 wa,  0.0 hi,  2.0 si,  0.1 st
%Cpu(s): 13.6 us,  7.8 sy,  0.0 ni, 76.8 id,  0.0 wa,  0.0 hi,  1.9 si,  0.0 st
%Cpu(s): 12.1 us,  6.8 sy,  0.0 ni, 79.1 id,  0.0 wa,  0.0 hi,  2.0 si,  0.0 st
%Cpu(s): 12.2 us,  6.9 sy,  0.0 ni, 79.3 id,  0.0 wa,  0.0 hi,  1.6 si,  0.1 st
%Cpu(s): 12.4 us,  6.0 sy,  0.0 ni, 79.5 id,  0.0 wa,  0.0 hi,  2.0 si,  0.1 st
