%Cpu(s):  3.2 us,  0.8 sy,  0.0 ni, 95.9 id,  0.0 wa,  0.0 hi,  0.1 si,  0.0 st
%Cpu(s):  1.3 us,  0.5 sy,  0.0 ni, 98.2 id,  0.0 wa,  0.0 hi,  0.0 si,  0.0 st
%Cpu(s): 52.8 us,  5.4 sy,  0.0 ni, 41.7 id,  0.0 wa,  0.0 hi,  0.1 si,  0.1 st
%Cpu(s): 79.2 us,  3.8 sy,  0.0 ni, 16.9 id,  0.0 wa,  0.0 hi,  0.0 si,  0.1 st
%Cpu(s): 76.7 us,  3.5 sy,  0.0 ni, 19.8 id,  0.0 wa,  0.0 hi,  0.0 si,  0.0 st
%Cpu(s): 95.6 us,  2.7 sy,  0.0 ni,  1.6 id,  0.0 wa,  0.0 hi,  0.0 si,  0.0 st
%Cpu(s): 94.2 us,  3.6 sy,  0.0 ni,  2.1 id,  0.0 wa,  0.0 hi,  0.1 si,  0.1 st
%Cpu(s): 95.5 us,  3.1 sy,  0.0 ni,  1.3 id,  0.0 wa,  0.0 hi,  0.1 si,  0.0 st
%Cpu(s): 93.5 us,  3.4 sy,  0.0 ni,  2.8 id,  0.0 wa,  0.0 hi,  0.2 si,  0.0 st
%Cpu(s): 49.4 us,  1.7 sy,  0.0 ni, 48.7 id,  0.0 wa,  0.0 hi,  0.1 si,  0.1 st
%Cpu(s):  8.6 us,  2.2 sy,  0.0 ni, 89.0 id,  0.0 wa,  0.0 hi,  0.0 si,  0.2 st
%Cpu(s): 11.5 us,  1.2 sy,  0.0 ni, 87.3 id,  0.0 wa,  0.0 hi,  0.0 si,  0.1 st
%Cpu(s):  5.2 us,  2.8 sy,  0.0 ni, 91.7 id,  0.0 wa,  0.0 hi,  0.0 si,  0.2 st
%Cpu(s):  5.5 us,  1.7 sy,  0.0 ni, 92.6 id,  0.0 wa,  0.0 hi,  0.0 si,  0.2 st
%Cpu(s):  7.1 us,  2.1 sy,  0.0 ni, 90.5 id,  0.0 wa,  0.0 hi,  0.0 si,  0.3 st
%Cpu(s):  5.3 us,  1.6 sy,  0.0 ni, 92.8 id,  0.0 wa,  0.0 hi,  0.1 si,  0.3 st
%Cpu(s):  5.6 us,  2.3 sy,  0.0 ni, 91.8 id,  0.0 wa,  0.0 hi,  0.0 si,  0.3 st
%Cpu(s):  5.4 us,  2.1 sy,  0.0 ni, 92.0 id,  0.0 wa,  0.0 hi,  0.1 si,  0.3 st
%Cpu(s):  6.8 us,  2.4 sy,  0.0 ni, 90.5 id,  0.0 wa,  0.0 hi,  0.1 si,  0.3 st
%Cpu(s): 54.8 us,  4.6 sy,  0.0 ni, 40.3 id,  0.0 wa,  0.0 hi,  0.3 si,  0.0 st
%Cpu(s): 81.7 us,  7.0 sy,  0.0 ni, 10.6 id,  0.0 wa,  0.0 hi,  0.7 si,  0.0 st
%Cpu(s): 89.5 us,  9.1 sy,  0.0 ni,  0.1 id,  0.0 wa,  0.0 hi,  1.3 si,  0.0 st
%Cpu(s): 88.5 us,  9.9 sy,  0.0 ni,  0.0 id,  0.0 wa,  0.0 hi,  1.7 si,  0.0 st
%Cpu(s): 90.2 us,  8.3 sy,  0.0 ni,  0.2 id,  0.0 wa,  0.0 hi,  1.3 si,  0.0 st
%Cpu(s): 90.9 us,  7.8 sy,  0.0 ni,  0.1 id,  0.0 wa,  0.0 hi,  1.2 si,  0.0 st
%Cpu(s): 90.4 us,  8.3 sy,  0.0 ni,  0.1 id,  0.0 wa,  0.0 hi,  1.2 si,  0.0 st
%Cpu(s): 90.3 us,  8.0 sy,  0.0 ni,  0.1 id,  0.0 wa,  0.0 hi,  1.5 si,  0.0 st
%Cpu(s): 89.0 us,  8.7 sy,  0.0 ni,  0.4 id,  0.0 wa,  0.0 hi,  1.8 si,  0.0 st
%Cpu(s): 83.8 us,  7.7 sy,  0.0 ni,  6.9 id,  0.0 wa,  0.0 hi,  1.6 si,  0.0 st
%Cpu(s): 54.5 us,  7.1 sy,  0.0 ni, 37.1 id,  0.0 wa,  0.0 hi,  1.3 si,  0.1 st
%Cpu(s): 28.7 us,  6.8 sy,  0.0 ni, 62.9 id,  0.1 wa,  0.0 hi,  1.6 si,  0.0 st
%Cpu(s): 17.5 us,  6.3 sy,  0.0 ni, 75.0 id,  0.0 wa,  0.0 hi,  1.2 si,  0.0 st
%Cpu(s): 12.4 us,  6.4 sy,  0.0 ni, 79.8 id,  0.0 wa,  0.0 hi,  1.4 si,  0.0 st
%Cpu(s): 11.4 us,  6.3 sy,  0.0 ni, 80.8 id,  0.0 wa,  0.0 hi,  1.4 si,  0.1 st
%Cpu(s): 11.6 us,  6.2 sy,  0.0 ni, 81.0 id,  0.0 wa,  0.0 hi,  1.3 si,  0.0 st
%Cpu(s): 12.5 us,  6.6 sy,  0.0 ni, 79.2 id,  0.0 wa,  0.0 hi,  1.7 si,  0.0 st
%Cpu(s): 10.7 us,  6.4 sy,  0.0 ni, 81.1 id,  0.0 wa,  0.0 hi,  1.8 si,  0.0 st
%Cpu(s): 12.9 us,  7.0 sy,  0.0 ni, 78.3 id,  0.0 wa,  0.0 hi,  1.8 si,  0.1 st
%Cpu(s): 12.2 us,  6.4 sy,  0.0 ni, 79.7 id,  0.0 wa,  0.0 hi,  1.6 si,  0.1 st
%Cpu(s): 17.9 us,  6.2 sy,  0.0 ni, 74.4 id,  0.0 wa,  0.0 hi,  1.4 si,  0.0 st
%Cpu(s): 10.4 us,  6.8 sy,  0.0 ni, 81.5 id,  0.0 wa,  0.0 hi,  1.3 si,  0.0 st
%Cpu(s): 13.3 us,  6.0 sy,  0.0 ni, 79.5 id,  0.0 wa,  0.0 hi,  1.3 si,  0.0 st
%Cpu(s): 17.2 us,  7.2 sy,  0.0 ni, 74.2 id,  0.0 wa,  0.0 hi,  1.3 si,  0.1 st
%Cpu(s): 15.5 us,  6.9 sy,  0.0 ni, 75.9 id,  0.0 wa,  0.0 hi,  1.7 si,  0.1 st
%Cpu(s): 15.4 us,  6.5 sy,  0.0 ni, 76.6 id,  0.0 wa,  0.0 hi,  1.4 si,  0.0 st
%Cpu(s): 13.5 us,  6.2 sy,  0.0 ni, 79.0 id,  0.1 wa,  0.0 hi,  1.3 si,  0.0 st
%Cpu(s): 16.8 us,  7.4 sy,  0.0 ni, 74.3 id,  0.0 wa,  0.0 hi,  1.5 si,  0.0 st
%Cpu(s): 18.2 us,  6.8 sy,  0.0 ni, 73.4 id,  0.0 wa,  0.0 hi,  1.6 si,  0.0 st
%Cpu(s): 21.6 us,  7.2 sy,  0.0 ni, 70.1 id,  0.0 wa,  0.0 hi,  1.0 si,  0.1 st
%Cpu(s): 21.3 us,  6.5 sy,  0.0 ni, 70.6 id,  0.0 wa,  0.0 hi,  1.5 si,  0.0 st
%Cpu(s): 35.9 us,  6.5 sy,  0.0 ni, 56.4 id,  0.0 wa,  0.0 hi,  1.3 si,  0.0 st
%Cpu(s): 22.3 us,  6.0 sy,  0.0 ni, 70.3 id,  0.0 wa,  0.0 hi,  1.4 si,  0.1 st
%Cpu(s): 24.9 us,  6.6 sy,  0.0 ni, 66.9 id,  0.0 wa,  0.0 hi,  1.5 si,  0.0 st
%Cpu(s): 20.3 us,  6.8 sy,  0.0 ni, 71.0 id,  0.0 wa,  0.0 hi,  1.9 si,  0.0 st
%Cpu(s): 21.5 us,  7.0 sy,  0.0 ni, 69.8 id,  0.0 wa,  0.0 hi,  1.8 si,  0.0 st
%Cpu(s): 16.8 us,  7.0 sy,  0.0 ni, 74.9 id,  0.0 wa,  0.0 hi,  1.3 si,  0.0 st
%Cpu(s): 13.1 us,  6.1 sy,  0.0 ni, 79.6 id,  0.0 wa,  0.0 hi,  1.1 si,  0.0 st
%Cpu(s): 11.3 us,  5.5 sy,  0.0 ni, 81.9 id,  0.0 wa,  0.0 hi,  1.3 si,  0.1 st
%Cpu(s): 15.1 us,  6.4 sy,  0.0 ni, 77.2 id,  0.0 wa,  0.0 hi,  1.3 si,  0.0 st
%Cpu(s): 17.7 us,  5.7 sy,  0.0 ni, 75.2 id,  0.0 wa,  0.0 hi,  1.3 si,  0.1 st
%Cpu(s): 12.3 us,  5.9 sy,  0.0 ni, 80.4 id,  0.0 wa,  0.0 hi,  1.4 si,  0.0 st
%Cpu(s): 10.2 us,  7.0 sy,  0.0 ni, 81.4 id,  0.0 wa,  0.0 hi,  1.4 si,  0.0 st
%Cpu(s):  8.9 us,  5.8 sy,  0.0 ni, 84.1 id,  0.0 wa,  0.0 hi,  1.1 si,  0.1 st
%Cpu(s): 10.4 us,  6.8 sy,  0.0 ni, 81.3 id,  0.0 wa,  0.0 hi,  1.5 si,  0.0 st
%Cpu(s): 14.4 us,  6.5 sy,  0.0 ni, 77.3 id,  0.0 wa,  0.0 hi,  1.7 si,  0.0 st
%Cpu(s): 10.3 us,  5.5 sy,  0.0 ni, 82.7 id,  0.0 wa,  0.0 hi,  1.4 si,  0.1 st
%Cpu(s): 11.2 us,  6.4 sy,  0.0 ni, 80.9 id,  0.0 wa,  0.0 hi,  1.5 si,  0.0 st
%Cpu(s): 12.5 us,  6.4 sy,  0.0 ni, 79.6 id,  0.0 wa,  0.0 hi,  1.5 si,  0.0 st
%Cpu(s): 10.7 us,  7.0 sy,  0.0 ni, 80.7 id,  0.0 wa,  0.0 hi,  1.5 si,  0.1 st
%Cpu(s): 11.1 us,  6.9 sy,  0.0 ni, 80.3 id,  0.0 wa,  0.0 hi,  1.8 si,  0.0 st
%Cpu(s):  9.1 us,  7.0 sy,  0.0 ni, 82.3 id,  0.0 wa,  0.0 hi,  1.6 si,  0.0 st
%Cpu(s): 11.4 us,  5.9 sy,  0.0 ni, 81.1 id,  0.0 wa,  0.0 hi,  1.5 si,  0.0 st
%Cpu(s): 11.0 us,  6.7 sy,  0.0 ni, 80.4 id,  0.0 wa,  0.0 hi,  1.9 si,  0.0 st
%Cpu(s): 10.6 us,  6.5 sy,  0.0 ni, 81.0 id,  0.0 wa,  0.0 hi,  1.9 si,  0.0 st
%Cpu(s): 11.0 us,  7.2 sy,  0.0 ni, 80.1 id,  0.0 wa,  0.0 hi,  1.7 si,  0.0 st
%Cpu(s): 10.3 us,  6.9 sy,  0.0 ni, 81.1 id,  0.0 wa,  0.0 hi,  1.7 si,  0.0 st
