%Cpu(s):  2.9 us,  0.3 sy,  0.0 ni, 96.7 id,  0.0 wa,  0.0 hi,  0.0 si,  0.0 st
%Cpu(s): 71.0 us,  1.5 sy,  0.0 ni, 27.4 id,  0.0 wa,  0.0 hi,  0.1 si,  0.0 st
%Cpu(s):  3.6 us,  1.1 sy,  0.0 ni, 95.1 id,  0.0 wa,  0.0 hi,  0.0 si,  0.1 st
%Cpu(s):  6.9 us,  2.0 sy,  0.0 ni, 91.1 id,  0.0 wa,  0.0 hi,  0.0 si,  0.0 st
%Cpu(s):  7.0 us,  1.9 sy,  0.0 ni, 91.2 id,  0.0 wa,  0.0 hi,  0.0 si,  0.0 st
%Cpu(s): 75.7 us,  6.0 sy,  0.0 ni, 17.5 id,  0.0 wa,  0.0 hi,  0.7 si,  0.1 st
%Cpu(s): 88.9 us,  8.9 sy,  0.0 ni,  0.5 id,  0.0 wa,  0.0 hi,  1.8 si,  0.0 st
%Cpu(s): 88.6 us,  9.1 sy,  0.0 ni,  0.2 id,  0.0 wa,  0.0 hi,  2.1 si,  0.0 st
%Cpu(s): 88.5 us,  8.8 sy,  0.0 ni,  0.0 id,  0.0 wa,  0.0 hi,  2.7 si,  0.0 st
%Cpu(s): 89.3 us,  8.3 sy,  0.0 ni,  0.1 id,  0.0 wa,  0.0 hi,  2.2 si,  0.0 st
%Cpu(s): 90.3 us,  7.7 sy,  0.0 ni,  0.1 id,  0.0 wa,  0.0 hi,  1.9 si,  0.0 st
%Cpu(s): 90.0 us,  7.6 sy,  0.0 ni,  0.1 id,  0.0 wa,  0.0 hi,  2.2 si,  0.1 st
%Cpu(s): 90.2 us,  8.0 sy,  0.0 ni,  0.0 id,  0.0 wa,  0.0 hi,  1.7 si,  0.1 st
%Cpu(s): 90.1 us,  7.7 sy,  0.0 ni,  0.4 id,  0.0 wa,  0.0 hi,  1.9 si,  0.0 st
%Cpu(s): 89.4 us,  7.3 sy,  0.0 ni,  1.9 id,  0.0 wa,  0.0 hi,  1.4 si,  0.0 st
%Cpu(s): 83.9 us,  7.7 sy,  0.0 ni,  6.6 id,  0.0 wa,  0.0 hi,  1.7 si,  0.0 st
%Cpu(s): 50.6 us,  6.6 sy,  0.0 ni, 41.3 id,  0.0 wa,  0.0 hi,  1.4 si,  0.1 st
%Cpu(s): 32.7 us,  6.1 sy,  0.0 ni, 59.9 id,  0.0 wa,  0.0 hi,  1.1 si,  0.1 st
%Cpu(s): 27.4 us,  5.8 sy,  0.0 ni, 65.9 id,  0.0 wa,  0.0 hi,  0.9 si,  0.0 st
%Cpu(s): 19.2 us,  6.7 sy,  0.0 ni, 73.2 id,  0.0 wa,  0.0 hi,  0.8 si,  0.1 st
%Cpu(s): 29.7 us,  5.9 sy,  0.0 ni, 63.4 id,  0.0 wa,  0.0 hi,  0.6 si,  0.3 st
%Cpu(s): 20.3 us,  5.0 sy,  0.0 ni, 74.3 id,  0.0 wa,  0.0 hi,  0.4 si,  0.0 st
%Cpu(s): 15.3 us,  6.6 sy,  0.0 ni, 77.3 id,  0.0 wa,  0.0 hi,  0.8 si,  0.0 st
%Cpu(s): 14.0 us,  6.0 sy,  0.0 ni, 79.0 id,  0.0 wa,  0.0 hi,  0.9 si,  0.1 st
%Cpu(s): 12.5 us,  6.0 sy,  0.0 ni, 80.9 id,  0.0 wa,  0.0 hi,  0.5 si,  0.1 st
%Cpu(s): 12.0 us,  6.8 sy,  0.0 ni, 80.3 id,  0.0 wa,  0.0 hi,  0.8 si,  0.1 st
%Cpu(s): 14.5 us,  5.3 sy,  0.0 ni, 79.0 id,  0.0 wa,  0.0 hi,  1.0 si,  0.1 st
%Cpu(s): 14.1 us,  5.5 sy,  0.0 ni, 79.3 id,  0.0 wa,  0.0 hi,  1.2 si,  0.0 st
%Cpu(s): 13.7 us,  5.1 sy,  0.0 ni, 80.5 id,  0.0 wa,  0.0 hi,  0.7 si,  0.1 st
%Cpu(s): 12.6 us,  5.8 sy,  0.0 ni, 80.8 id,  0.0 wa,  0.0 hi,  0.9 si,  0.0 st
%Cpu(s): 31.0 us,  5.6 sy,  0.0 ni, 62.8 id,  0.0 wa,  0.0 hi,  0.5 si,  0.1 st
%Cpu(s): 22.5 us,  5.1 sy,  0.0 ni, 71.4 id,  0.0 wa,  0.0 hi,  0.9 si,  0.1 st
%Cpu(s): 15.2 us,  5.9 sy,  0.0 ni, 78.1 id,  0.0 wa,  0.0 hi,  0.8 si,  0.1 st
%Cpu(s): 14.1 us,  5.6 sy,  0.0 ni, 79.6 id,  0.0 wa,  0.0 hi,  0.6 si,  0.0 st
%Cpu(s): 14.1 us,  6.5 sy,  0.0 ni, 78.0 id,  0.0 wa,  0.0 hi,  1.1 si,  0.3 st
%Cpu(s): 50.9 us,  6.9 sy,  0.0 ni, 41.0 id,  0.0 wa,  0.0 hi,  1.3 si,  0.0 st
%Cpu(s): 18.9 us,  6.9 sy,  0.0 ni, 73.7 id,  0.0 wa,  0.0 hi,  0.5 si,  0.0 st
%Cpu(s): 19.5 us,  6.4 sy,  0.0 ni, 73.8 id,  0.0 wa,  0.0 hi,  0.4 si,  0.0 st
%Cpu(s): 19.4 us,  6.1 sy,  0.0 ni, 73.8 id,  0.0 wa,  0.0 hi,  0.6 si,  0.1 st
%Cpu(s): 15.6 us,  5.5 sy,  0.0 ni, 78.0 id,  0.0 wa,  0.0 hi,  0.8 si,  0.1 st
%Cpu(s): 14.0 us,  5.4 sy,  0.0 ni, 80.0 id,  0.0 wa,  0.0 hi,  0.4 si,  0.1 st
%Cpu(s): 13.6 us,  5.8 sy,  0.0 ni, 79.3 id,  0.0 wa,  0.0 hi,  1.1 si,  0.1 st
%Cpu(s): 14.9 us,  5.9 sy,  0.0 ni, 78.7 id,  0.0 wa,  0.0 hi,  0.5 si,  0.0 st
%Cpu(s): 12.8 us,  5.7 sy,  0.0 ni, 80.4 id,  0.0 wa,  0.0 hi,  1.0 si,  0.0 st
%Cpu(s): 12.4 us,  6.0 sy,  0.0 ni, 80.9 id,  0.0 wa,  0.0 hi,  0.6 si,  0.1 st
%Cpu(s): 15.2 us,  6.2 sy,  0.0 ni, 77.4 id,  0.0 wa,  0.0 hi,  1.0 si,  0.3 st
%Cpu(s): 15.2 us,  5.6 sy,  0.0 ni, 78.5 id,  0.0 wa,  0.0 hi,  0.6 si,  0.1 st
%Cpu(s): 13.2 us,  6.0 sy,  0.0 ni, 79.8 id,  0.0 wa,  0.0 hi,  0.9 si,  0.1 st
%Cpu(s): 14.5 us,  4.4 sy,  0.0 ni, 79.9 id,  0.0 wa,  0.0 hi,  1.2 si,  0.1 st
%Cpu(s): 13.5 us,  5.2 sy,  0.0 ni, 80.4 id,  0.0 wa,  0.0 hi,  0.8 si,  0.1 st
%Cpu(s): 13.3 us,  6.1 sy,  0.0 ni, 79.6 id,  0.0 wa,  0.0 hi,  0.8 si,  0.3 st
%Cpu(s): 15.5 us,  6.9 sy,  0.0 ni, 77.1 id,  0.0 wa,  0.0 hi,  0.5 si,  0.0 st
%Cpu(s): 14.1 us,  5.2 sy,  0.0 ni, 79.7 id,  0.0 wa,  0.0 hi,  0.8 si,  0.3 st
%Cpu(s): 14.2 us,  5.5 sy,  0.0 ni, 79.2 id,  0.0 wa,  0.0 hi,  0.9 si,  0.3 st
%Cpu(s): 12.9 us,  6.0 sy,  0.0 ni, 80.3 id,  0.0 wa,  0.0 hi,  0.6 si,  0.1 st
%Cpu(s): 14.7 us,  6.3 sy,  0.0 ni, 78.2 id,  0.0 wa,  0.0 hi,  0.8 si,  0.0 st
%Cpu(s): 13.7 us,  5.5 sy,  0.0 ni, 79.8 id,  0.0 wa,  0.0 hi,  0.8 si,  0.1 st
%Cpu(s): 12.3 us,  6.8 sy,  0.0 ni, 79.7 id,  0.0 wa,  0.0 hi,  1.1 si,  0.1 st
%Cpu(s): 13.4 us,  5.3 sy,  0.0 ni, 80.4 id,  0.0 wa,  0.0 hi,  0.9 si,  0.0 st
%Cpu(s): 18.8 us,  6.2 sy,  0.0 ni, 73.7 id,  0.0 wa,  0.0 hi,  1.1 si,  0.1 st
%Cpu(s): 82.1 us,  7.0 sy,  0.0 ni,  9.2 id,  0.0 wa,  0.0 hi,  1.6 si,  0.1 st
%Cpu(s): 89.7 us,  7.9 sy,  0.0 ni,  0.1 id,  0.0 wa,  0.0 hi,  2.2 si,  0.0 st
%Cpu(s): 70.3 us,  6.8 sy,  0.0 ni, 21.4 id,  0.0 wa,  0.0 hi,  1.5 si,  0.0 st
%Cpu(s): 19.5 us,  7.1 sy,  0.0 ni, 71.9 id,  0.0 wa,  0.0 hi,  1.3 si,  0.3 st
%Cpu(s): 28.8 us,  7.4 sy,  0.0 ni, 63.3 id,  0.0 wa,  0.0 hi,  0.5 si,  0.0 st
%Cpu(s): 15.8 us,  7.2 sy,  0.0 ni, 76.1 id,  0.1 wa,  0.0 hi,  0.6 si,  0.1 st
%Cpu(s): 17.2 us,  7.0 sy,  0.0 ni, 75.0 id,  0.0 wa,  0.0 hi,  0.6 si,  0.1 st
%Cpu(s): 15.0 us,  7.0 sy,  0.0 ni, 77.2 id,  0.0 wa,  0.0 hi,  0.8 si,  0.0 st
%Cpu(s): 15.8 us,  6.4 sy,  0.0 ni, 76.6 id,  0.0 wa,  0.0 hi,  0.9 si,  0.4 st
%Cpu(s): 17.9 us,  6.6 sy,  0.0 ni, 74.2 id,  0.0 wa,  0.0 hi,  1.1 si,  0.1 st
%Cpu(s): 16.3 us,  6.8 sy,  0.0 ni, 75.9 id,  0.0 wa,  0.0 hi,  0.9 si,  0.1 st
%Cpu(s): 16.3 us,  6.0 sy,  0.0 ni, 76.4 id,  0.0 wa,  0.0 hi,  1.1 si,  0.1 st
%Cpu(s): 18.3 us,  7.3 sy,  0.0 ni, 73.5 id,  0.0 wa,  0.0 hi,  0.9 si,  0.0 st
%Cpu(s): 39.3 us,  7.1 sy,  0.0 ni, 52.1 id,  0.0 wa,  0.0 hi,  1.4 si,  0.1 st
%Cpu(s): 28.8 us,  6.6 sy,  0.0 ni, 63.8 id,  0.0 wa,  0.0 hi,  0.8 si,  0.0 st
%Cpu(s): 18.2 us,  6.5 sy,  0.0 ni, 74.0 id,  0.0 wa,  0.0 hi,  1.1 si,  0.1 st
%Cpu(s): 19.5 us,  5.7 sy,  0.0 ni, 74.0 id,  0.0 wa,  0.0 hi,  0.6 si,  0.1 st
%Cpu(s): 14.7 us,  6.4 sy,  0.0 ni, 78.5 id,  0.0 wa,  0.0 hi,  0.3 si,  0.1 st
%Cpu(s): 18.3 us,  6.7 sy,  0.0 ni, 74.2 id,  0.0 wa,  0.0 hi,  0.6 si,  0.1 st
%Cpu(s): 18.3 us,  7.2 sy,  0.0 ni, 73.6 id,  0.0 wa,  0.0 hi,  0.9 si,  0.0 st
