%Cpu(s):  3.0 us,  0.8 sy,  0.0 ni, 96.2 id,  0.0 wa,  0.0 hi,  0.1 si,  0.0 st
%Cpu(s):  0.4 us,  0.2 sy,  0.0 ni, 99.4 id,  0.0 wa,  0.0 hi,  0.0 si,  0.0 st
%Cpu(s):  2.0 us,  0.8 sy,  0.0 ni, 97.0 id,  0.0 wa,  0.0 hi,  0.0 si,  0.1 st
%Cpu(s): 73.5 us,  5.5 sy,  0.0 ni, 21.0 id,  0.0 wa,  0.0 hi,  0.0 si,  0.1 st
%Cpu(s): 74.2 us,  3.4 sy,  0.0 ni, 22.4 id,  0.0 wa,  0.0 hi,  0.0 si,  0.1 st
%Cpu(s): 85.3 us,  3.1 sy,  0.0 ni, 11.5 id,  0.0 wa,  0.0 hi,  0.0 si,  0.1 st
%Cpu(s): 94.9 us,  3.4 sy,  0.0 ni,  1.7 id,  0.0 wa,  0.0 hi,  0.0 si,  0.0 st
%Cpu(s): 96.3 us,  2.4 sy,  0.0 ni,  1.2 id,  0.0 wa,  0.0 hi,  0.0 si,  0.0 st
%Cpu(s): 97.1 us,  2.7 sy,  0.0 ni,  0.2 id,  0.0 wa,  0.0 hi,  0.1 si,  0.0 st
%Cpu(s): 82.4 us,  2.4 sy,  0.0 ni, 15.1 id,  0.0 wa,  0.0 hi,  0.2 si,  0.0 st
%Cpu(s): 33.0 us,  1.5 sy,  0.0 ni, 65.5 id,  0.0 wa,  0.0 hi,  0.0 si,  0.1 st
%Cpu(s): 29.0 us,  1.2 sy,  0.0 ni, 69.8 id,  0.0 wa,  0.0 hi,  0.0 si,  0.0 st
%Cpu(s): 29.9 us,  1.2 sy,  0.0 ni, 68.8 id,  0.1 wa,  0.0 hi,  0.0 si,  0.1 st
%Cpu(s): 18.2 us,  2.2 sy,  0.0 ni, 79.6 id,  0.0 wa,  0.0 hi,  0.0 si,  0.1 st
%Cpu(s):  4.2 us,  2.4 sy,  0.0 ni, 93.1 id,  0.0 wa,  0.0 hi,  0.0 si,  0.3 st
%Cpu(s):  6.3 us,  1.4 sy,  0.0 ni, 92.0 id,  0.0 wa,  0.0 hi,  0.1 si,  0.3 st
%Cpu(s):  6.3 us,  1.6 sy,  0.0 ni, 91.9 id,  0.0 wa,  0.0 hi,  0.0 si,  0.2 st
%Cpu(s):  6.1 us,  2.4 sy,  0.0 ni, 91.2 id,  0.0 wa,  0.0 hi,  0.1 si,  0.1 st
%Cpu(s):  4.5 us,  2.4 sy,  0.0 ni, 93.0 id,  0.0 wa,  0.0 hi,  0.0 si,  0.1 st
%Cpu(s): 33.2 us,  3.2 sy,  0.0 ni, 63.3 id,  0.0 wa,  0.0 hi,  0.3 si,  0.0 st
%Cpu(s): 89.7 us,  5.4 sy,  0.0 ni,  3.9 id,  0.0 wa,  0.0 hi,  0.9 si,  0.0 st
%Cpu(s): 91.3 us,  6.5 sy,  0.0 ni,  1.4 id,  0.0 wa,  0.0 hi,  0.9 si,  0.0 st
%Cpu(s): 88.8 us,  6.9 sy,  0.0 ni,  2.8 id,  0.0 wa,  0.0 hi,  1.5 si,  0.0 st
%Cpu(s): 88.6 us,  7.1 sy,  0.0 ni,  2.9 id,  0.0 wa,  0.0 hi,  1.4 si,  0.0 st
%Cpu(s): 91.8 us,  6.9 sy,  0.0 ni,  0.1 id,  0.0 wa,  0.0 hi,  1.2 si,  0.0 st
%Cpu(s): 91.9 us,  6.6 sy,  0.0 ni,  0.2 id,  0.0 wa,  0.0 hi,  1.2 si,  0.0 st
%Cpu(s): 91.5 us,  7.3 sy,  0.0 ni,  0.1 id,  0.0 wa,  0.0 hi,  1.1 si,  0.0 st
%Cpu(s): 92.1 us,  6.5 sy,  0.0 ni,  0.0 id,  0.0 wa,  0.0 hi,  1.4 si,  0.1 st
%Cpu(s): 66.1 us,  6.2 sy,  0.0 ni, 26.7 id,  0.0 wa,  0.0 hi,  1.0 si,  0.1 st
%Cpu(s): 15.5 us,  6.1 sy,  0.0 ni, 77.8 id,  0.0 wa,  0.0 hi,  0.6 si,  0.0 st
%Cpu(s): 14.3 us,  6.0 sy,  0.0 ni, 78.9 id,  0.0 wa,  0.0 hi,  0.8 si,  0.0 st
%Cpu(s): 13.1 us,  6.4 sy,  0.0 ni, 79.8 id,  0.0 wa,  0.0 hi,  0.6 si,  0.1 st
%Cpu(s): 18.8 us,  5.4 sy,  0.0 ni, 75.0 id,  0.0 wa,  0.0 hi,  0.8 si,  0.0 st
%Cpu(s): 14.3 us,  5.9 sy,  0.0 ni, 79.1 id,  0.0 wa,  0.0 hi,  0.6 si,  0.1 st
%Cpu(s): 14.1 us,  6.0 sy,  0.0 ni, 79.1 id,  0.0 wa,  0.0 hi,  0.8 si,  0.0 st
%Cpu(s): 15.0 us,  6.0 sy,  0.0 ni, 78.4 id,  0.0 wa,  0.0 hi,  0.6 si,  0.0 st
%Cpu(s): 14.0 us,  5.8 sy,  0.0 ni, 79.7 id,  0.0 wa,  0.0 hi,  0.4 si,  0.1 st
%Cpu(s): 13.9 us,  5.8 sy,  0.0 ni, 79.7 id,  0.1 wa,  0.0 hi,  0.6 si,  0.1 st
%Cpu(s): 12.4 us,  6.1 sy,  0.0 ni, 80.9 id,  0.0 wa,  0.0 hi,  0.5 si,  0.1 st
%Cpu(s): 12.8 us,  5.3 sy,  0.0 ni, 81.1 id,  0.0 wa,  0.0 hi,  0.8 si,  0.0 st
%Cpu(s): 13.0 us,  5.3 sy,  0.0 ni, 80.7 id,  0.0 wa,  0.0 hi,  1.0 si,  0.1 st
%Cpu(s): 12.7 us,  5.9 sy,  0.0 ni, 80.8 id,  0.0 wa,  0.0 hi,  0.7 si,  0.0 st
%Cpu(s): 13.4 us,  5.8 sy,  0.0 ni, 80.1 id,  0.0 wa,  0.0 hi,  0.6 si,  0.1 st
%Cpu(s): 11.1 us,  5.8 sy,  0.0 ni, 82.2 id,  0.0 wa,  0.0 hi,  0.9 si,  0.0 st
%Cpu(s): 12.5 us,  6.3 sy,  0.0 ni, 80.4 id,  0.0 wa,  0.0 hi,  0.8 si,  0.1 st
%Cpu(s): 11.1 us,  5.8 sy,  0.0 ni, 82.5 id,  0.0 wa,  0.0 hi,  0.6 si,  0.0 st
%Cpu(s): 14.7 us,  5.9 sy,  0.0 ni, 78.9 id,  0.0 wa,  0.0 hi,  0.5 si,  0.0 st
%Cpu(s): 12.2 us,  6.1 sy,  0.0 ni, 81.0 id,  0.0 wa,  0.0 hi,  0.7 si,  0.1 st
%Cpu(s): 12.4 us,  5.7 sy,  0.0 ni, 81.1 id,  0.0 wa,  0.0 hi,  0.8 si,  0.1 st
%Cpu(s): 16.0 us,  5.7 sy,  0.0 ni, 77.7 id,  0.0 wa,  0.0 hi,  0.6 si,  0.1 st
%Cpu(s): 19.3 us,  5.3 sy,  0.0 ni, 74.6 id,  0.0 wa,  0.0 hi,  0.8 si,  0.0 st
%Cpu(s): 13.0 us,  5.1 sy,  0.0 ni, 81.2 id,  0.0 wa,  0.0 hi,  0.6 si,  0.1 st
%Cpu(s): 13.6 us,  5.5 sy,  0.0 ni, 80.2 id,  0.0 wa,  0.0 hi,  0.7 si,  0.0 st
%Cpu(s): 12.8 us,  6.2 sy,  0.0 ni, 80.4 id,  0.0 wa,  0.0 hi,  0.5 si,  0.0 st
%Cpu(s): 15.1 us,  6.5 sy,  0.0 ni, 77.3 id,  0.0 wa,  0.0 hi,  1.0 si,  0.1 st
%Cpu(s): 24.9 us,  5.6 sy,  0.0 ni, 68.7 id,  0.0 wa,  0.0 hi,  0.9 si,  0.0 st
%Cpu(s): 19.1 us,  6.1 sy,  0.0 ni, 74.0 id,  0.0 wa,  0.0 hi,  0.7 si,  0.1 st
%Cpu(s): 11.7 us,  5.9 sy,  0.0 ni, 81.7 id,  0.0 wa,  0.0 hi,  0.6 si,  0.1 st
%Cpu(s): 12.9 us,  5.3 sy,  0.0 ni, 81.3 id,  0.0 wa,  0.0 hi,  0.5 si,  0.0 st
%Cpu(s): 17.5 us,  5.7 sy,  0.0 ni, 76.3 id,  0.0 wa,  0.0 hi,  0.4 si,  0.1 st
%Cpu(s): 14.0 us,  5.5 sy,  0.0 ni, 80.1 id,  0.0 wa,  0.0 hi,  0.4 si,  0.0 st
%Cpu(s): 10.6 us,  6.2 sy,  0.0 ni, 82.2 id,  0.0 wa,  0.0 hi,  1.0 si,  0.1 st
%Cpu(s): 12.1 us,  6.0 sy,  0.0 ni, 81.3 id,  0.1 wa,  0.0 hi,  0.5 si,  0.0 st
%Cpu(s): 11.4 us,  5.9 sy,  0.0 ni, 82.1 id,  0.0 wa,  0.0 hi,  0.6 si,  0.1 st
%Cpu(s): 12.0 us,  5.7 sy,  0.0 ni, 81.3 id,  0.0 wa,  0.0 hi,  0.8 si,  0.1 st
%Cpu(s): 12.5 us,  5.7 sy,  0.0 ni, 81.1 id,  0.0 wa,  0.0 hi,  0.6 si,  0.0 st
%Cpu(s): 11.3 us,  6.3 sy,  0.0 ni, 81.8 id,  0.0 wa,  0.0 hi,  0.5 si,  0.1 st
%Cpu(s): 12.4 us,  6.4 sy,  0.0 ni, 80.5 id,  0.1 wa,  0.0 hi,  0.7 si,  0.0 st
%Cpu(s): 11.8 us,  5.6 sy,  0.0 ni, 82.0 id,  0.0 wa,  0.0 hi,  0.6 si,  0.0 st
%Cpu(s): 13.7 us,  5.6 sy,  0.0 ni, 80.0 id,  0.0 wa,  0.0 hi,  0.6 si,  0.1 st
%Cpu(s): 13.1 us,  6.3 sy,  0.0 ni, 80.1 id,  0.0 wa,  0.0 hi,  0.5 si,  0.0 st
%Cpu(s): 13.7 us,  5.8 sy,  0.0 ni, 80.0 id,  0.0 wa,  0.0 hi,  0.6 si,  0.0 st
%Cpu(s): 12.3 us,  6.0 sy,  0.0 ni, 81.0 id,  0.0 wa,  0.0 hi,  0.6 si,  0.1 st
%Cpu(s): 11.6 us,  6.3 sy,  0.0 ni, 81.7 id,  0.0 wa,  0.0 hi,  0.4 si,  0.0 st
%Cpu(s): 13.2 us,  6.8 sy,  0.0 ni, 79.3 id,  0.0 wa,  0.0 hi,  0.8 si,  0.0 st
%Cpu(s): 13.1 us,  6.2 sy,  0.0 ni, 79.9 id,  0.0 wa,  0.0 hi,  0.6 si,  0.1 st
