%Cpu(s):  2.7 us,  0.7 sy,  0.0 ni, 96.5 id,  0.0 wa,  0.0 hi,  0.1 si,  0.0 st
%Cpu(s):  0.6 us,  0.1 sy,  0.0 ni, 99.3 id,  0.0 wa,  0.0 hi,  0.0 si,  0.1 st
%Cpu(s):  5.7 us,  1.5 sy,  0.0 ni, 92.6 id,  0.1 wa,  0.0 hi,  0.1 si,  0.1 st
%Cpu(s): 77.6 us,  5.6 sy,  0.0 ni, 16.7 id,  0.0 wa,  0.0 hi,  0.1 si,  0.1 st
%Cpu(s): 72.4 us,  3.5 sy,  0.0 ni, 24.0 id,  0.0 wa,  0.0 hi,  0.0 si,  0.1 st
%Cpu(s): 86.5 us,  2.6 sy,  0.0 ni, 10.8 id,  0.0 wa,  0.0 hi,  0.0 si,  0.0 st
%Cpu(s): 93.7 us,  3.6 sy,  0.0 ni,  2.7 id,  0.0 wa,  0.0 hi,  0.0 si,  0.0 st
%Cpu(s): 96.6 us,  2.7 sy,  0.0 ni,  0.7 id,  0.0 wa,  0.0 hi,  0.0 si,  0.0 st
%Cpu(s): 96.9 us,  2.7 sy,  0.0 ni,  0.3 id,  0.0 wa,  0.0 hi,  0.1 si,  0.0 st
%Cpu(s): 94.7 us,  2.0 sy,  0.0 ni,  3.2 id,  0.0 wa,  0.0 hi,  0.1 si,  0.0 st
%Cpu(s): 70.6 us,  1.5 sy,  0.0 ni, 27.8 id,  0.0 wa,  0.0 hi,  0.1 si,  0.0 st
%Cpu(s): 47.5 us,  1.0 sy,  0.0 ni, 51.4 id,  0.0 wa,  0.0 hi,  0.1 si,  0.0 st
%Cpu(s): 42.4 us,  1.0 sy,  0.0 ni, 56.5 id,  0.0 wa,  0.0 hi,  0.1 si,  0.1 st
%Cpu(s): 43.4 us,  1.4 sy,  0.0 ni, 54.9 id,  0.0 wa,  0.0 hi,  0.1 si,  0.1 st
%Cpu(s): 15.9 us,  2.6 sy,  0.0 ni, 81.2 id,  0.0 wa,  0.0 hi,  0.1 si,  0.2 st
%Cpu(s): 31.9 us,  4.0 sy,  0.0 ni, 63.6 id,  0.0 wa,  0.0 hi,  0.4 si,  0.1 st
%Cpu(s): 56.7 us,  3.8 sy,  0.0 ni, 39.3 id,  0.0 wa,  0.0 hi,  0.1 si,  0.1 st
%Cpu(s): 44.2 us,  3.6 sy,  0.0 ni, 51.5 id,  0.0 wa,  0.0 hi,  0.6 si,  0.1 st
%Cpu(s): 58.1 us,  3.6 sy,  0.0 ni, 37.8 id,  0.0 wa,  0.0 hi,  0.4 si,  0.1 st
%Cpu(s): 49.5 us,  3.9 sy,  0.0 ni, 46.1 id,  0.0 wa,  0.0 hi,  0.4 si,  0.1 st
%Cpu(s): 88.9 us,  5.7 sy,  0.0 ni,  4.5 id,  0.0 wa,  0.0 hi,  0.9 si,  0.0 st
%Cpu(s): 86.9 us,  6.3 sy,  0.0 ni,  5.7 id,  0.0 wa,  0.0 hi,  1.1 si,  0.0 st
%Cpu(s): 61.8 us,  6.4 sy,  0.0 ni, 30.5 id,  0.0 wa,  0.0 hi,  1.2 si,  0.0 st
%Cpu(s): 79.8 us,  6.4 sy,  0.0 ni, 12.6 id,  0.0 wa,  0.0 hi,  1.2 si,  0.0 st
%Cpu(s): 76.1 us,  7.0 sy,  0.0 ni, 15.5 id,  0.0 wa,  0.0 hi,  1.4 si,  0.0 st
%Cpu(s): 53.4 us,  5.9 sy,  0.0 ni, 39.5 id,  0.1 wa,  0.0 hi,  1.1 si,  0.0 st
%Cpu(s): 56.1 us,  6.4 sy,  0.0 ni, 35.9 id,  0.0 wa,  0.0 hi,  1.5 si,  0.0 st
%Cpu(s): 51.2 us,  6.2 sy,  0.0 ni, 41.7 id,  0.0 wa,  0.0 hi,  0.8 si,  0.1 st
%Cpu(s): 22.2 us,  6.2 sy,  0.0 ni, 70.8 id,  0.0 wa,  0.0 hi,  0.8 si,  0.1 st
%Cpu(s): 18.7 us,  6.6 sy,  0.0 ni, 74.2 id,  0.0 wa,  0.0 hi,  0.5 si,  0.0 st
%Cpu(s): 18.7 us,  6.4 sy,  0.0 ni, 74.2 id,  0.0 wa,  0.0 hi,  0.7 si,  0.1 st
%Cpu(s): 17.2 us,  6.6 sy,  0.0 ni, 75.6 id,  0.0 wa,  0.0 hi,  0.5 si,  0.1 st
%Cpu(s): 23.4 us,  6.2 sy,  0.0 ni, 70.1 id,  0.0 wa,  0.0 hi,  0.3 si,  0.0 st
%Cpu(s): 21.8 us,  6.3 sy,  0.0 ni, 71.2 id,  0.0 wa,  0.0 hi,  0.6 si,  0.1 st
%Cpu(s): 15.7 us,  6.3 sy,  0.0 ni, 77.3 id,  0.0 wa,  0.0 hi,  0.6 si,  0.0 st
%Cpu(s): 14.2 us,  6.1 sy,  0.0 ni, 79.2 id,  0.1 wa,  0.0 hi,  0.4 si,  0.1 st
%Cpu(s): 15.0 us,  6.1 sy,  0.0 ni, 78.5 id,  0.0 wa,  0.0 hi,  0.4 si,  0.0 st
%Cpu(s): 13.0 us,  6.6 sy,  0.0 ni, 80.1 id,  0.0 wa,  0.0 hi,  0.3 si,  0.0 st
%Cpu(s): 13.8 us,  6.2 sy,  0.0 ni, 79.4 id,  0.0 wa,  0.0 hi,  0.6 si,  0.0 st
%Cpu(s): 14.7 us,  5.4 sy,  0.0 ni, 79.2 id,  0.0 wa,  0.0 hi,  0.6 si,  0.1 st
%Cpu(s): 14.5 us,  5.7 sy,  0.0 ni, 78.9 id,  0.0 wa,  0.0 hi,  0.8 si,  0.1 st
%Cpu(s): 16.7 us,  6.2 sy,  0.0 ni, 76.4 id,  0.0 wa,  0.0 hi,  0.6 si,  0.1 st
%Cpu(s): 13.0 us,  5.8 sy,  0.0 ni, 80.3 id,  0.0 wa,  0.0 hi,  0.8 si,  0.1 st
%Cpu(s): 15.3 us,  5.7 sy,  0.0 ni, 77.9 id,  0.0 wa,  0.0 hi,  1.1 si,  0.0 st
%Cpu(s): 14.3 us,  5.6 sy,  0.0 ni, 79.3 id,  0.0 wa,  0.0 hi,  0.8 si,  0.0 st
%Cpu(s): 16.3 us,  7.0 sy,  0.0 ni, 75.4 id,  0.0 wa,  0.0 hi,  1.1 si,  0.1 st
%Cpu(s): 22.7 us,  5.9 sy,  0.0 ni, 70.6 id,  0.0 wa,  0.0 hi,  0.8 si,  0.0 st
%Cpu(s): 15.9 us,  5.9 sy,  0.0 ni, 77.6 id,  0.0 wa,  0.0 hi,  0.5 si,  0.1 st
%Cpu(s): 13.6 us,  5.6 sy,  0.0 ni, 79.9 id,  0.0 wa,  0.0 hi,  0.9 si,  0.0 st
%Cpu(s): 15.3 us,  6.8 sy,  0.0 ni, 77.3 id,  0.0 wa,  0.0 hi,  0.6 si,  0.0 st
%Cpu(s): 19.3 us,  5.5 sy,  0.0 ni, 74.3 id,  0.0 wa,  0.0 hi,  0.8 si,  0.0 st
%Cpu(s): 15.6 us,  5.7 sy,  0.0 ni, 77.7 id,  0.0 wa,  0.0 hi,  0.8 si,  0.1 st
%Cpu(s): 13.9 us,  6.1 sy,  0.0 ni, 79.5 id,  0.0 wa,  0.0 hi,  0.6 si,  0.0 st
%Cpu(s): 12.5 us,  5.5 sy,  0.0 ni, 81.5 id,  0.0 wa,  0.0 hi,  0.5 si,  0.0 st
%Cpu(s): 14.5 us,  6.3 sy,  0.0 ni, 78.3 id,  0.0 wa,  0.0 hi,  0.8 si,  0.1 st
%Cpu(s): 22.0 us,  6.1 sy,  0.0 ni, 71.0 id,  0.0 wa,  0.0 hi,  0.8 si,  0.1 st
%Cpu(s): 18.1 us,  5.7 sy,  0.0 ni, 75.2 id,  0.0 wa,  0.0 hi,  0.9 si,  0.0 st
%Cpu(s): 13.2 us,  6.0 sy,  0.0 ni, 80.1 id,  0.1 wa,  0.0 hi,  0.5 si,  0.1 st
%Cpu(s): 12.7 us,  6.0 sy,  0.0 ni, 80.7 id,  0.0 wa,  0.0 hi,  0.5 si,  0.0 st
%Cpu(s): 13.3 us,  5.7 sy,  0.0 ni, 80.4 id,  0.0 wa,  0.0 hi,  0.6 si,  0.1 st
%Cpu(s): 14.1 us,  6.4 sy,  0.0 ni, 78.9 id,  0.0 wa,  0.0 hi,  0.6 si,  0.0 st
%Cpu(s): 13.0 us,  6.5 sy,  0.0 ni, 79.9 id,  0.0 wa,  0.0 hi,  0.6 si,  0.0 st
%Cpu(s): 14.7 us,  6.2 sy,  0.0 ni, 78.6 id,  0.0 wa,  0.0 hi,  0.4 si,  0.1 st
%Cpu(s): 13.1 us,  6.6 sy,  0.0 ni, 79.5 id,  0.0 wa,  0.0 hi,  0.7 si,  0.1 st
%Cpu(s): 13.6 us,  7.7 sy,  0.0 ni, 78.3 id,  0.0 wa,  0.0 hi,  0.4 si,  0.0 st
%Cpu(s): 13.7 us,  6.6 sy,  0.0 ni, 78.9 id,  0.0 wa,  0.0 hi,  0.8 si,  0.0 st
%Cpu(s): 14.0 us,  6.3 sy,  0.0 ni, 79.2 id,  0.0 wa,  0.0 hi,  0.5 si,  0.0 st
%Cpu(s): 11.3 us,  5.7 sy,  0.0 ni, 82.4 id,  0.0 wa,  0.0 hi,  0.6 si,  0.0 st
%Cpu(s): 13.9 us,  5.4 sy,  0.0 ni, 80.0 id,  0.0 wa,  0.0 hi,  0.4 si,  0.1 st
%Cpu(s): 14.5 us,  7.0 sy,  0.0 ni, 77.7 id,  0.0 wa,  0.0 hi,  0.8 si,  0.0 st
%Cpu(s): 13.9 us,  5.9 sy,  0.0 ni, 79.6 id,  0.0 wa,  0.0 hi,  0.5 si,  0.1 st
%Cpu(s): 14.2 us,  6.5 sy,  0.0 ni, 78.6 id,  0.0 wa,  0.0 hi,  0.6 si,  0.1 st
%Cpu(s): 17.5 us,  6.5 sy,  0.0 ni, 75.1 id,  0.0 wa,  0.0 hi,  0.9 si,  0.0 st
%Cpu(s): 13.4 us,  6.1 sy,  0.0 ni, 79.8 id,  0.0 wa,  0.0 hi,  0.7 si,  0.0 st
%Cpu(s): 13.8 us,  6.4 sy,  0.0 ni, 78.9 id,  0.0 wa,  0.0 hi,  0.8 si,  0.1 st
%Cpu(s): 14.1 us,  6.7 sy,  0.0 ni, 78.6 id,  0.0 wa,  0.0 hi,  0.5 si,  0.0 st
