%Cpu(s): 10.3 us,  1.8 sy,  0.0 ni, 87.6 id,  0.0 wa,  0.0 hi,  0.2 si,  0.0 st
%Cpu(s):  3.0 us,  2.4 sy,  0.0 ni, 94.3 id,  0.1 wa,  0.0 hi,  0.0 si,  0.1 st
%Cpu(s):  3.3 us,  2.4 sy,  0.0 ni, 93.9 id,  0.0 wa,  0.0 hi,  0.1 si,  0.3 st
%Cpu(s):  4.4 us,  2.7 sy,  0.0 ni, 92.8 id,  0.0 wa,  0.0 hi,  0.0 si,  0.1 st
%Cpu(s):  2.8 us,  2.5 sy,  0.0 ni, 94.6 id,  0.0 wa,  0.0 hi,  0.0 si,  0.1 st
%Cpu(s):  7.4 us,  2.8 sy,  0.0 ni, 89.5 id,  0.0 wa,  0.0 hi,  0.1 si,  0.3 st
%Cpu(s):  7.9 us,  1.7 sy,  0.0 ni, 90.0 id,  0.0 wa,  0.0 hi,  0.1 si,  0.3 st
%Cpu(s): 59.7 us,  3.7 sy,  0.0 ni, 36.1 id,  0.0 wa,  0.0 hi,  0.5 si,  0.0 st
%Cpu(s): 89.7 us,  6.7 sy,  0.0 ni,  1.7 id,  0.0 wa,  0.0 hi,  1.9 si,  0.0 st
%Cpu(s): 90.4 us,  6.5 sy,  0.0 ni,  1.8 id,  0.0 wa,  0.0 hi,  1.4 si,  0.0 st
%Cpu(s): 88.9 us,  8.6 sy,  0.0 ni,  1.2 id,  0.0 wa,  0.0 hi,  1.2 si,  0.0 st
%Cpu(s): 87.9 us,  8.6 sy,  0.0 ni,  2.2 id,  0.0 wa,  0.0 hi,  1.2 si,  0.0 st
%Cpu(s): 85.8 us,  6.9 sy,  0.0 ni,  5.6 id,  0.0 wa,  0.0 hi,  1.7 si,  0.0 st
%Cpu(s): 72.0 us,  7.2 sy,  0.0 ni, 19.3 id,  0.0 wa,  0.0 hi,  1.5 si,  0.0 st
%Cpu(s): 40.9 us,  7.6 sy,  0.0 ni, 49.4 id,  0.0 wa,  0.0 hi,  2.2 si,  0.0 st
%Cpu(s): 45.8 us,  5.4 sy,  0.0 ni, 47.6 id,  0.0 wa,  0.0 hi,  1.1 si,  0.0 st
%Cpu(s): 41.1 us,  4.8 sy,  0.0 ni, 53.4 id,  0.0 wa,  0.0 hi,  0.6 si,  0.0 st
%Cpu(s): 17.6 us,  6.6 sy,  0.0 ni, 75.1 id,  0.0 wa,  0.0 hi,  0.6 si,  0.1 st
%Cpu(s): 18.7 us,  6.3 sy,  0.0 ni, 74.5 id,  0.0 wa,  0.0 hi,  0.5 si,  0.0 st
%Cpu(s): 19.3 us,  6.9 sy,  0.0 ni, 73.0 id,  0.0 wa,  0.0 hi,  0.9 si,  0.0 st
%Cpu(s): 14.1 us,  6.6 sy,  0.0 ni, 78.5 id,  0.0 wa,  0.0 hi,  0.9 si,  0.0 st
%Cpu(s): 12.7 us,  6.4 sy,  0.0 ni, 80.0 id,  0.0 wa,  0.0 hi,  0.8 si,  0.1 st
%Cpu(s): 14.6 us,  7.1 sy,  0.0 ni, 77.6 id,  0.0 wa,  0.0 hi,  0.7 si,  0.0 st
%Cpu(s): 14.7 us,  6.9 sy,  0.0 ni, 77.7 id,  0.0 wa,  0.0 hi,  0.8 si,  0.0 st
%Cpu(s): 15.6 us,  6.7 sy,  0.0 ni, 76.4 id,  0.0 wa,  0.0 hi,  1.3 si,  0.1 st
%Cpu(s): 10.9 us,  7.6 sy,  0.0 ni, 80.5 id,  0.0 wa,  0.0 hi,  1.0 si,  0.0 st
%Cpu(s): 10.7 us,  4.7 sy,  0.0 ni, 83.6 id,  0.1 wa,  0.0 hi,  0.9 si,  0.0 st
%Cpu(s): 14.5 us,  6.5 sy,  0.0 ni, 78.1 id,  0.0 wa,  0.0 hi,  0.9 si,  0.0 st
%Cpu(s): 13.8 us,  7.4 sy,  0.0 ni, 77.8 id,  0.0 wa,  0.0 hi,  0.9 si,  0.0 st
%Cpu(s): 12.6 us,  7.6 sy,  0.0 ni, 78.8 id,  0.0 wa,  0.0 hi,  1.0 si,  0.0 st
%Cpu(s):  9.4 us,  6.2 sy,  0.0 ni, 83.9 id,  0.0 wa,  0.0 hi,  0.5 si,  0.0 st
%Cpu(s): 11.2 us,  6.4 sy,  0.0 ni, 81.2 id,  0.0 wa,  0.0 hi,  1.1 si,  0.0 st
%Cpu(s): 11.5 us,  6.7 sy,  0.0 ni, 80.7 id,  0.0 wa,  0.0 hi,  1.0 si,  0.1 st
%Cpu(s): 11.5 us,  6.8 sy,  0.0 ni, 81.1 id,  0.0 wa,  0.0 hi,  0.6 si,  0.0 st
%Cpu(s): 12.2 us,  7.4 sy,  0.0 ni, 79.5 id,  0.0 wa,  0.0 hi,  0.9 si,  0.0 st
%Cpu(s): 11.0 us,  6.7 sy,  0.0 ni, 81.0 id,  0.0 wa,  0.0 hi,  1.3 si,  0.0 st
%Cpu(s): 10.2 us,  6.1 sy,  0.0 ni, 82.8 id,  0.0 wa,  0.0 hi,  0.8 si,  0.1 st
%Cpu(s): 23.3 us,  6.7 sy,  0.0 ni, 68.7 id,  0.0 wa,  0.0 hi,  1.3 si,  0.0 st
%Cpu(s): 22.7 us,  7.0 sy,  0.0 ni, 69.4 id,  0.0 wa,  0.0 hi,  0.9 si,  0.0 st
%Cpu(s): 13.3 us,  6.6 sy,  0.0 ni, 79.6 id,  0.0 wa,  0.0 hi,  0.5 si,  0.0 st
%Cpu(s): 15.6 us,  6.5 sy,  0.0 ni, 77.1 id,  0.0 wa,  0.0 hi,  0.6 si,  0.1 st
%Cpu(s): 19.5 us,  6.1 sy,  0.0 ni, 73.6 id,  0.0 wa,  0.0 hi,  0.8 si,  0.0 st
%Cpu(s): 15.1 us,  6.4 sy,  0.0 ni, 77.6 id,  0.0 wa,  0.0 hi,  0.9 si,  0.0 st
%Cpu(s): 13.0 us,  7.4 sy,  0.0 ni, 79.1 id,  0.0 wa,  0.0 hi,  0.5 si,  0.0 st
%Cpu(s): 11.5 us,  6.0 sy,  0.0 ni, 81.8 id,  0.0 wa,  0.0 hi,  0.6 si,  0.0 st
%Cpu(s): 11.9 us,  6.2 sy,  0.0 ni, 81.1 id,  0.0 wa,  0.0 hi,  0.8 si,  0.0 st
%Cpu(s): 11.1 us,  6.9 sy,  0.0 ni, 81.6 id,  0.0 wa,  0.0 hi,  0.5 si,  0.0 st
%Cpu(s): 11.6 us,  6.4 sy,  0.0 ni, 80.8 id,  0.0 wa,  0.0 hi,  1.2 si,  0.0 st
%Cpu(s): 11.4 us,  7.5 sy,  0.0 ni, 80.3 id,  0.0 wa,  0.0 hi,  0.8 si,  0.0 st
%Cpu(s): 13.5 us,  7.8 sy,  0.0 ni, 78.1 id,  0.0 wa,  0.0 hi,  0.5 si,  0.1 st
%Cpu(s): 13.1 us,  7.5 sy,  0.0 ni, 78.5 id,  0.0 wa,  0.0 hi,  0.9 si,  0.0 st
%Cpu(s): 12.5 us,  6.2 sy,  0.0 ni, 80.2 id,  0.0 wa,  0.0 hi,  1.0 si,  0.1 st
%Cpu(s): 11.2 us,  6.4 sy,  0.0 ni, 81.3 id,  0.0 wa,  0.0 hi,  1.1 si,  0.0 st
%Cpu(s):  9.5 us,  6.9 sy,  0.0 ni, 82.7 id,  0.0 wa,  0.0 hi,  0.9 si,  0.0 st
%Cpu(s): 11.9 us,  6.9 sy,  0.0 ni, 80.2 id,  0.0 wa,  0.0 hi,  1.0 si,  0.0 st
%Cpu(s): 13.2 us,  7.2 sy,  0.0 ni, 78.9 id,  0.0 wa,  0.0 hi,  0.6 si,  0.0 st
%Cpu(s):  9.1 us,  6.6 sy,  0.0 ni, 83.2 id,  0.0 wa,  0.0 hi,  1.2 si,  0.0 st
%Cpu(s): 12.8 us,  8.3 sy,  0.0 ni, 77.9 id,  0.0 wa,  0.0 hi,  0.9 si,  0.0 st
%Cpu(s): 11.1 us,  8.3 sy,  0.0 ni, 79.2 id,  0.0 wa,  0.0 hi,  1.4 si,  0.0 st
%Cpu(s): 11.4 us,  7.1 sy,  0.0 ni, 80.1 id,  0.0 wa,  0.0 hi,  1.3 si,  0.1 st
%Cpu(s): 11.1 us,  6.5 sy,  0.0 ni, 81.8 id,  0.0 wa,  0.0 hi,  0.5 si,  0.0 st
%Cpu(s): 11.7 us,  7.4 sy,  0.0 ni, 79.9 id,  0.0 wa,  0.0 hi,  0.9 si,  0.0 st
%Cpu(s): 10.2 us,  5.4 sy,  0.0 ni, 83.1 id,  0.0 wa,  0.0 hi,  1.2 si,  0.1 st
%Cpu(s): 11.8 us,  5.9 sy,  0.0 ni, 81.4 id,  0.0 wa,  0.0 hi,  0.9 si,  0.0 st
%Cpu(s): 11.0 us,  7.1 sy,  0.0 ni, 81.2 id,  0.0 wa,  0.0 hi,  0.8 si,  0.0 st
%Cpu(s): 12.9 us,  6.6 sy,  0.0 ni, 79.3 id,  0.0 wa,  0.0 hi,  1.2 si,  0.0 st
%Cpu(s): 14.8 us,  5.9 sy,  0.0 ni, 78.0 id,  0.0 wa,  0.0 hi,  1.4 si,  0.0 st
%Cpu(s): 41.4 us,  6.3 sy,  0.0 ni, 50.7 id,  0.0 wa,  0.0 hi,  1.5 si,  0.1 st
%Cpu(s): 23.9 us,  7.3 sy,  0.0 ni, 67.7 id,  0.0 wa,  0.0 hi,  1.0 si,  0.1 st
%Cpu(s): 13.2 us,  6.5 sy,  0.0 ni, 79.3 id,  0.0 wa,  0.0 hi,  1.0 si,  0.0 st
%Cpu(s): 15.6 us,  5.7 sy,  0.0 ni, 77.8 id,  0.0 wa,  0.0 hi,  0.9 si,  0.0 st
%Cpu(s): 11.2 us,  6.8 sy,  0.0 ni, 80.4 id,  0.1 wa,  0.0 hi,  1.4 si,  0.0 st
