%Cpu(s):  4.3 us,  0.8 sy,  0.0 ni, 94.9 id,  0.0 wa,  0.0 hi,  0.1 si,  0.0 st
%Cpu(s):  1.2 us,  0.7 sy,  0.0 ni, 98.0 id,  0.0 wa,  0.0 hi,  0.0 si,  0.0 st
%Cpu(s): 65.4 us,  6.5 sy,  0.0 ni, 28.1 id,  0.0 wa,  0.0 hi,  0.0 si,  0.0 st
%Cpu(s): 94.2 us,  5.3 sy,  0.0 ni,  0.4 id,  0.0 wa,  0.0 hi,  0.0 si,  0.1 st
%Cpu(s): 94.2 us,  4.8 sy,  0.0 ni,  1.0 id,  0.0 wa,  0.0 hi,  0.0 si,  0.0 st
%Cpu(s): 96.1 us,  3.6 sy,  0.0 ni,  0.2 id,  0.0 wa,  0.0 hi,  0.0 si,  0.0 st
%Cpu(s): 92.5 us,  4.9 sy,  0.0 ni,  2.6 id,  0.0 wa,  0.0 hi,  0.1 si,  0.0 st
%Cpu(s): 94.3 us,  3.7 sy,  0.0 ni,  2.0 id,  0.0 wa,  0.0 hi,  0.0 si,  0.0 st
%Cpu(s): 97.0 us,  3.0 sy,  0.0 ni,  0.0 id,  0.0 wa,  0.0 hi,  0.0 si,  0.0 st
%Cpu(s): 96.9 us,  3.1 sy,  0.0 ni,  0.0 id,  0.0 wa,  0.0 hi,  0.0 si,  0.0 st
%Cpu(s): 96.3 us,  3.6 sy,  0.0 ni,  0.0 id,  0.0 wa,  0.0 hi,  0.1 si,  0.0 st
%Cpu(s): 96.6 us,  3.4 sy,  0.0 ni,  0.0 id,  0.0 wa,  0.0 hi,  0.0 si,  0.0 st
%Cpu(s): 96.6 us,  3.3 sy,  0.0 ni,  0.0 id,  0.0 wa,  0.0 hi,  0.1 si,  0.0 st
%Cpu(s): 96.3 us,  3.4 sy,  0.0 ni,  0.0 id,  0.0 wa,  0.0 hi,  0.3 si,  0.0 st
%Cpu(s): 95.8 us,  3.9 sy,  0.0 ni,  0.0 id,  0.0 wa,  0.0 hi,  0.3 si,  0.0 st
%Cpu(s): 96.1 us,  3.8 sy,  0.0 ni,  0.0 id,  0.0 wa,  0.0 hi,  0.1 si,  0.0 st
%Cpu(s): 96.0 us,  3.8 sy,  0.0 ni,  0.0 id,  0.0 wa,  0.0 hi,  0.2 si,  0.0 st
%Cpu(s): 96.5 us,  3.3 sy,  0.0 ni,  0.0 id,  0.0 wa,  0.0 hi,  0.1 si,  0.0 st
%Cpu(s): 95.4 us,  4.4 sy,  0.0 ni,  0.0 id,  0.0 wa,  0.0 hi,  0.2 si,  0.0 st
%Cpu(s): 95.0 us,  4.8 sy,  0.0 ni,  0.0 id,  0.0 wa,  0.0 hi,  0.2 si,  0.0 st
%Cpu(s): 94.0 us,  5.7 sy,  0.0 ni,  0.0 id,  0.0 wa,  0.0 hi,  0.2 si,  0.0 st
%Cpu(s): 93.6 us,  6.0 sy,  0.0 ni,  0.0 id,  0.0 wa,  0.0 hi,  0.5 si,  0.0 st
%Cpu(s): 91.9 us,  7.6 sy,  0.0 ni,  0.0 id,  0.0 wa,  0.0 hi,  0.5 si,  0.0 st
%Cpu(s): 91.5 us,  7.6 sy,  0.0 ni,  0.0 id,  0.0 wa,  0.0 hi,  0.9 si,  0.0 st
%Cpu(s): 91.5 us,  7.6 sy,  0.0 ni,  0.0 id,  0.0 wa,  0.0 hi,  0.9 si,  0.0 st
%Cpu(s): 91.3 us,  7.7 sy,  0.0 ni,  0.0 id,  0.0 wa,  0.0 hi,  0.9 si,  0.0 st
%Cpu(s): 90.1 us,  8.7 sy,  0.0 ni,  0.0 id,  0.0 wa,  0.0 hi,  1.2 si,  0.0 st
%Cpu(s): 90.6 us,  8.1 sy,  0.0 ni,  0.0 id,  0.0 wa,  0.0 hi,  1.2 si,  0.0 st
%Cpu(s): 89.3 us,  9.4 sy,  0.0 ni,  0.0 id,  0.0 wa,  0.0 hi,  1.3 si,  0.0 st
%Cpu(s): 90.1 us,  8.6 sy,  0.0 ni,  0.0 id,  0.0 wa,  0.0 hi,  1.3 si,  0.0 st
%Cpu(s): 89.4 us,  9.1 sy,  0.0 ni,  0.0 id,  0.0 wa,  0.0 hi,  1.5 si,  0.0 st
%Cpu(s): 89.3 us,  9.5 sy,  0.0 ni,  0.0 id,  0.0 wa,  0.0 hi,  1.2 si,  0.0 st
%Cpu(s): 89.5 us,  9.0 sy,  0.0 ni,  0.0 id,  0.0 wa,  0.0 hi,  1.5 si,  0.0 st
%Cpu(s): 89.3 us,  9.4 sy,  0.0 ni,  0.0 id,  0.0 wa,  0.0 hi,  1.2 si,  0.1 st
%Cpu(s): 88.8 us,  9.9 sy,  0.0 ni,  0.0 id,  0.0 wa,  0.0 hi,  1.4 si,  0.0 st
%Cpu(s): 88.7 us,  9.8 sy,  0.0 ni,  0.0 id,  0.0 wa,  0.0 hi,  1.5 si,  0.0 st
%Cpu(s): 88.2 us,  9.9 sy,  0.0 ni,  0.0 id,  0.0 wa,  0.0 hi,  1.9 si,  0.0 st
%Cpu(s): 88.9 us,  9.8 sy,  0.0 ni,  0.0 id,  0.0 wa,  0.0 hi,  1.3 si,  0.0 st
%Cpu(s): 89.6 us,  8.8 sy,  0.0 ni,  0.0 id,  0.0 wa,  0.0 hi,  1.5 si,  0.0 st
%Cpu(s): 88.4 us, 10.2 sy,  0.0 ni,  0.0 id,  0.0 wa,  0.0 hi,  1.4 si,  0.0 st
%Cpu(s): 88.3 us, 10.1 sy,  0.0 ni,  0.0 id,  0.0 wa,  0.0 hi,  1.5 si,  0.0 st
%Cpu(s): 88.3 us, 10.1 sy,  0.0 ni,  0.0 id,  0.0 wa,  0.0 hi,  1.5 si,  0.0 st
%Cpu(s): 88.8 us,  9.5 sy,  0.0 ni,  0.0 id,  0.0 wa,  0.0 hi,  1.7 si,  0.0 st
%Cpu(s): 88.2 us, 10.2 sy,  0.0 ni,  0.0 id,  0.0 wa,  0.0 hi,  1.7 si,  0.0 st
%Cpu(s): 90.4 us,  8.2 sy,  0.0 ni,  0.0 id,  0.0 wa,  0.0 hi,  1.4 si,  0.0 st
%Cpu(s): 90.3 us,  8.3 sy,  0.0 ni,  0.0 id,  0.0 wa,  0.0 hi,  1.4 si,  0.0 st
%Cpu(s): 87.3 us,  8.2 sy,  0.0 ni,  3.2 id,  0.0 wa,  0.0 hi,  1.3 si,  0.0 st
%Cpu(s): 76.4 us,  8.5 sy,  0.0 ni, 13.8 id,  0.0 wa,  0.0 hi,  1.3 si,  0.0 st
%Cpu(s): 35.1 us,  7.9 sy,  0.0 ni, 55.5 id,  0.0 wa,  0.0 hi,  1.4 si,  0.0 st
%Cpu(s): 33.0 us,  7.6 sy,  0.0 ni, 58.0 id,  0.0 wa,  0.0 hi,  1.5 si,  0.0 st
%Cpu(s): 25.1 us,  7.5 sy,  0.0 ni, 65.6 id,  0.0 wa,  0.0 hi,  1.8 si,  0.0 st
%Cpu(s): 18.1 us,  7.2 sy,  0.0 ni, 73.1 id,  0.1 wa,  0.0 hi,  1.6 si,  0.0 st
%Cpu(s): 19.5 us,  7.7 sy,  0.0 ni, 71.0 id,  0.0 wa,  0.0 hi,  1.8 si,  0.0 st
%Cpu(s): 17.8 us,  8.6 sy,  0.0 ni, 71.9 id,  0.0 wa,  0.0 hi,  1.7 si,  0.0 st
%Cpu(s): 19.0 us,  8.3 sy,  0.0 ni, 71.0 id,  0.0 wa,  0.0 hi,  1.7 si,  0.0 st
%Cpu(s): 21.7 us,  8.1 sy,  0.0 ni, 68.4 id,  0.0 wa,  0.0 hi,  1.7 si,  0.0 st
%Cpu(s): 23.6 us,  7.9 sy,  0.0 ni, 66.6 id,  0.0 wa,  0.0 hi,  1.8 si,  0.1 st
%Cpu(s): 30.9 us,  8.2 sy,  0.0 ni, 59.5 id,  0.0 wa,  0.0 hi,  1.4 si,  0.0 st
%Cpu(s): 25.4 us,  7.7 sy,  0.0 ni, 64.9 id,  0.0 wa,  0.0 hi,  2.0 si,  0.0 st
%Cpu(s): 28.8 us,  7.2 sy,  0.0 ni, 62.1 id,  0.0 wa,  0.0 hi,  1.9 si,  0.1 st
%Cpu(s): 20.5 us,  8.2 sy,  0.0 ni, 69.4 id,  0.0 wa,  0.0 hi,  1.9 si,  0.0 st
%Cpu(s): 17.4 us,  8.1 sy,  0.0 ni, 73.0 id,  0.1 wa,  0.0 hi,  1.5 si,  0.0 st
%Cpu(s): 16.7 us,  7.8 sy,  0.0 ni, 73.7 id,  0.0 wa,  0.0 hi,  1.8 si,  0.1 st
%Cpu(s): 17.2 us,  7.5 sy,  0.0 ni, 74.1 id,  0.0 wa,  0.0 hi,  1.2 si,  0.0 st
%Cpu(s): 16.9 us,  7.0 sy,  0.0 ni, 74.5 id,  0.0 wa,  0.0 hi,  1.6 si,  0.1 st
%Cpu(s): 23.2 us,  8.5 sy,  0.0 ni, 66.9 id,  0.0 wa,  0.0 hi,  1.3 si,  0.0 st
%Cpu(s): 27.0 us,  8.1 sy,  0.0 ni, 63.3 id,  0.1 wa,  0.0 hi,  1.5 si,  0.0 st
%Cpu(s): 25.2 us,  7.1 sy,  0.0 ni, 66.4 id,  0.0 wa,  0.0 hi,  1.3 si,  0.0 st
%Cpu(s): 25.1 us,  8.4 sy,  0.0 ni, 64.8 id,  0.0 wa,  0.0 hi,  1.7 si,  0.1 st
%Cpu(s): 18.7 us,  7.8 sy,  0.0 ni, 71.6 id,  0.0 wa,  0.0 hi,  1.8 si,  0.0 st
%Cpu(s): 18.5 us,  8.1 sy,  0.0 ni, 71.6 id,  0.0 wa,  0.0 hi,  1.7 si,  0.1 st
%Cpu(s): 20.5 us,  8.5 sy,  0.0 ni, 69.3 id,  0.0 wa,  0.0 hi,  1.8 si,  0.0 st
%Cpu(s): 18.0 us,  8.3 sy,  0.0 ni, 71.9 id,  0.0 wa,  0.0 hi,  1.8 si,  0.0 st
%Cpu(s): 27.3 us,  8.5 sy,  0.0 ni, 62.3 id,  0.0 wa,  0.0 hi,  2.0 si,  0.0 st
%Cpu(s): 27.2 us,  7.9 sy,  0.0 ni, 63.3 id,  0.0 wa,  0.0 hi,  1.6 si,  0.0 st
%Cpu(s): 21.7 us,  9.0 sy,  0.0 ni, 67.4 id,  0.0 wa,  0.0 hi,  1.9 si,  0.0 st
