%Cpu(s):  2.0 us,  0.4 sy,  0.0 ni, 97.5 id,  0.0 wa,  0.0 hi,  0.0 si,  0.0 st
%Cpu(s): 55.3 us,  2.0 sy,  0.0 ni, 42.6 id,  0.0 wa,  0.0 hi,  0.1 si,  0.1 st
%Cpu(s): 55.8 us,  4.1 sy,  0.0 ni, 40.0 id,  0.1 wa,  0.0 hi,  0.1 si,  0.0 st
%Cpu(s): 55.3 us,  2.9 sy,  0.0 ni, 41.5 id,  0.0 wa,  0.0 hi,  0.1 si,  0.1 st
%Cpu(s): 64.6 us,  2.8 sy,  0.0 ni, 32.5 id,  0.0 wa,  0.0 hi,  0.1 si,  0.1 st
%Cpu(s): 76.7 us,  3.3 sy,  0.0 ni, 19.9 id,  0.0 wa,  0.0 hi,  0.1 si,  0.1 st
%Cpu(s): 49.8 us,  2.1 sy,  0.0 ni, 47.9 id,  0.0 wa,  0.0 hi,  0.1 si,  0.0 st
%Cpu(s): 35.9 us,  3.4 sy,  0.0 ni, 60.4 id,  0.0 wa,  0.0 hi,  0.1 si,  0.1 st
%Cpu(s): 56.4 us,  2.7 sy,  0.0 ni, 40.8 id,  0.0 wa,  0.0 hi,  0.0 si,  0.1 st
%Cpu(s): 56.4 us,  2.4 sy,  0.0 ni, 41.1 id,  0.0 wa,  0.0 hi,  0.0 si,  0.1 st
%Cpu(s): 74.3 us,  3.1 sy,  0.0 ni, 22.4 id,  0.0 wa,  0.0 hi,  0.1 si,  0.1 st
%Cpu(s): 56.7 us,  2.3 sy,  0.0 ni, 40.9 id,  0.0 wa,  0.0 hi,  0.1 si,  0.0 st
%Cpu(s): 24.0 us,  1.4 sy,  0.0 ni, 74.5 id,  0.0 wa,  0.0 hi,  0.1 si,  0.1 st
%Cpu(s):  2.6 us,  1.0 sy,  0.0 ni, 96.4 id,  0.0 wa,  0.0 hi,  0.0 si,  0.1 st
%Cpu(s):  8.2 us,  1.8 sy,  0.0 ni, 90.0 id,  0.0 wa,  0.0 hi,  0.0 si,  0.1 st
%Cpu(s): 30.6 us,  3.0 sy,  0.0 ni, 66.0 id,  0.0 wa,  0.0 hi,  0.3 si,  0.1 st
%Cpu(s): 54.5 us,  3.7 sy,  0.0 ni, 41.2 id,  0.0 wa,  0.0 hi,  0.6 si,  0.0 st
%Cpu(s): 71.7 us,  5.2 sy,  0.0 ni, 22.4 id,  0.0 wa,  0.0 hi,  0.8 si,  0.0 st
%Cpu(s): 81.4 us,  4.7 sy,  0.0 ni, 13.1 id,  0.0 wa,  0.0 hi,  0.9 si,  0.0 st
%Cpu(s): 64.9 us,  4.5 sy,  0.0 ni, 29.6 id,  0.0 wa,  0.0 hi,  1.0 si,  0.0 st
%Cpu(s): 57.2 us,  5.0 sy,  0.0 ni, 36.5 id,  0.0 wa,  0.0 hi,  1.3 si,  0.0 st
%Cpu(s): 47.6 us,  6.4 sy,  0.0 ni, 44.9 id,  0.0 wa,  0.0 hi,  1.1 si,  0.0 st
%Cpu(s): 73.4 us,  5.5 sy,  0.0 ni, 19.8 id,  0.0 wa,  0.0 hi,  1.2 si,  0.1 st
%Cpu(s): 68.8 us,  5.9 sy,  0.0 ni, 24.0 id,  0.0 wa,  0.0 hi,  1.3 si,  0.0 st
%Cpu(s): 41.8 us,  4.6 sy,  0.0 ni, 52.8 id,  0.0 wa,  0.0 hi,  0.8 si,  0.0 st
%Cpu(s): 41.9 us,  5.7 sy,  0.0 ni, 51.3 id,  0.0 wa,  0.0 hi,  1.1 si,  0.0 st
%Cpu(s): 25.8 us,  5.6 sy,  0.0 ni, 67.9 id,  0.0 wa,  0.0 hi,  0.7 si,  0.1 st
%Cpu(s): 10.4 us,  5.4 sy,  0.0 ni, 83.4 id,  0.0 wa,  0.0 hi,  0.8 si,  0.1 st
%Cpu(s): 21.8 us,  5.6 sy,  0.0 ni, 71.9 id,  0.0 wa,  0.0 hi,  0.7 si,  0.0 st
%Cpu(s): 10.0 us,  4.8 sy,  0.0 ni, 84.2 id,  0.0 wa,  0.0 hi,  0.9 si,  0.1 st
%Cpu(s): 10.6 us,  5.4 sy,  0.0 ni, 83.3 id,  0.0 wa,  0.0 hi,  0.7 si,  0.0 st
%Cpu(s):  9.7 us,  5.3 sy,  0.0 ni, 84.4 id,  0.0 wa,  0.0 hi,  0.6 si,  0.1 st
%Cpu(s):  9.7 us,  5.4 sy,  0.0 ni, 84.2 id,  0.0 wa,  0.0 hi,  0.7 si,  0.0 st
%Cpu(s): 10.1 us,  5.4 sy,  0.0 ni, 83.4 id,  0.0 wa,  0.0 hi,  1.0 si,  0.1 st
%Cpu(s): 10.1 us,  4.9 sy,  0.0 ni, 84.4 id,  0.0 wa,  0.0 hi,  0.6 si,  0.0 st
%Cpu(s):  9.3 us,  5.7 sy,  0.0 ni, 83.9 id,  0.0 wa,  0.0 hi,  1.0 si,  0.1 st
%Cpu(s):  9.9 us,  4.5 sy,  0.0 ni, 84.8 id,  0.0 wa,  0.0 hi,  0.7 si,  0.1 st
%Cpu(s):  8.5 us,  5.1 sy,  0.0 ni, 85.8 id,  0.0 wa,  0.0 hi,  0.7 si,  0.0 st
%Cpu(s):  8.5 us,  5.5 sy,  0.0 ni, 85.3 id,  0.0 wa,  0.0 hi,  0.7 si,  0.0 st
%Cpu(s): 10.2 us,  5.5 sy,  0.0 ni, 83.5 id,  0.0 wa,  0.0 hi,  0.8 si,  0.0 st
%Cpu(s):  8.6 us,  6.2 sy,  0.0 ni, 84.2 id,  0.0 wa,  0.0 hi,  0.8 si,  0.1 st
%Cpu(s):  8.5 us,  5.1 sy,  0.0 ni, 85.5 id,  0.0 wa,  0.0 hi,  0.8 si,  0.0 st
%Cpu(s): 12.9 us,  5.4 sy,  0.0 ni, 80.5 id,  0.0 wa,  0.0 hi,  1.1 si,  0.0 st
%Cpu(s): 17.2 us,  5.5 sy,  0.0 ni, 76.0 id,  0.0 wa,  0.0 hi,  1.4 si,  0.0 st
%Cpu(s): 12.3 us,  5.2 sy,  0.0 ni, 81.5 id,  0.0 wa,  0.0 hi,  0.9 si,  0.1 st
%Cpu(s): 12.8 us,  5.3 sy,  0.0 ni, 81.4 id,  0.1 wa,  0.0 hi,  0.4 si,  0.0 st
%Cpu(s): 11.3 us,  5.3 sy,  0.0 ni, 82.5 id,  0.0 wa,  0.0 hi,  1.0 si,  0.0 st
%Cpu(s): 16.1 us,  5.4 sy,  0.0 ni, 77.5 id,  0.0 wa,  0.0 hi,  0.9 si,  0.1 st
%Cpu(s): 10.7 us,  5.4 sy,  0.0 ni, 83.2 id,  0.0 wa,  0.0 hi,  0.8 si,  0.1 st
%Cpu(s):  8.4 us,  4.8 sy,  0.0 ni, 85.9 id,  0.0 wa,  0.0 hi,  0.8 si,  0.0 st
%Cpu(s): 10.1 us,  5.3 sy,  0.0 ni, 83.9 id,  0.0 wa,  0.0 hi,  0.8 si,  0.0 st
%Cpu(s): 14.4 us,  5.5 sy,  0.0 ni, 79.1 id,  0.0 wa,  0.0 hi,  0.8 si,  0.1 st
%Cpu(s): 19.7 us,  5.1 sy,  0.0 ni, 74.1 id,  0.0 wa,  0.0 hi,  1.1 si,  0.0 st
%Cpu(s):  8.0 us,  5.1 sy,  0.0 ni, 86.2 id,  0.0 wa,  0.0 hi,  0.7 si,  0.0 st
%Cpu(s): 11.1 us,  6.0 sy,  0.0 ni, 82.1 id,  0.0 wa,  0.0 hi,  0.7 si,  0.1 st
%Cpu(s):  9.9 us,  5.7 sy,  0.0 ni, 83.7 id,  0.0 wa,  0.0 hi,  0.8 si,  0.0 st
%Cpu(s): 10.1 us,  4.6 sy,  0.0 ni, 84.5 id,  0.0 wa,  0.0 hi,  0.8 si,  0.0 st
%Cpu(s): 10.4 us,  5.8 sy,  0.0 ni, 83.1 id,  0.0 wa,  0.0 hi,  0.8 si,  0.0 st
%Cpu(s):  8.9 us,  5.8 sy,  0.0 ni, 84.3 id,  0.0 wa,  0.0 hi,  0.9 si,  0.1 st
%Cpu(s):  8.6 us,  5.4 sy,  0.0 ni, 85.3 id,  0.0 wa,  0.0 hi,  0.6 si,  0.1 st
%Cpu(s): 13.0 us,  5.5 sy,  0.0 ni, 80.9 id,  0.0 wa,  0.0 hi,  0.6 si,  0.0 st
%Cpu(s):  8.6 us,  5.2 sy,  0.0 ni, 85.4 id,  0.0 wa,  0.0 hi,  0.8 si,  0.0 st
%Cpu(s):  8.3 us,  4.9 sy,  0.0 ni, 86.2 id,  0.0 wa,  0.0 hi,  0.6 si,  0.0 st
%Cpu(s):  7.7 us,  5.4 sy,  0.0 ni, 85.9 id,  0.0 wa,  0.0 hi,  1.0 si,  0.0 st
%Cpu(s):  7.9 us,  5.2 sy,  0.0 ni, 85.8 id,  0.0 wa,  0.0 hi,  1.0 si,  0.1 st
%Cpu(s):  8.1 us,  5.3 sy,  0.0 ni, 85.9 id,  0.0 wa,  0.0 hi,  0.7 si,  0.1 st
%Cpu(s):  8.6 us,  4.9 sy,  0.0 ni, 85.9 id,  0.0 wa,  0.0 hi,  0.6 si,  0.1 st
%Cpu(s):  9.1 us,  5.6 sy,  0.0 ni, 84.6 id,  0.0 wa,  0.0 hi,  0.8 si,  0.0 st
%Cpu(s):  8.7 us,  6.0 sy,  0.0 ni, 84.5 id,  0.0 wa,  0.0 hi,  0.8 si,  0.1 st
%Cpu(s):  9.7 us,  5.6 sy,  0.0 ni, 83.8 id,  0.0 wa,  0.0 hi,  0.9 si,  0.0 st
%Cpu(s):  7.8 us,  5.7 sy,  0.0 ni, 86.0 id,  0.0 wa,  0.0 hi,  0.6 si,  0.0 st
%Cpu(s): 10.8 us,  6.2 sy,  0.0 ni, 82.1 id,  0.0 wa,  0.0 hi,  0.9 si,  0.1 st
%Cpu(s): 23.6 us,  5.4 sy,  0.0 ni, 70.2 id,  0.0 wa,  0.0 hi,  0.8 si,  0.0 st
%Cpu(s): 11.2 us,  4.8 sy,  0.0 ni, 83.6 id,  0.0 wa,  0.0 hi,  0.4 si,  0.0 st
%Cpu(s): 10.4 us,  5.0 sy,  0.0 ni, 83.8 id,  0.0 wa,  0.0 hi,  0.8 si,  0.0 st
%Cpu(s): 11.6 us,  5.5 sy,  0.0 ni, 82.4 id,  0.0 wa,  0.0 hi,  0.5 si,  0.0 st
