%Cpu(s):  1.9 us,  0.3 sy,  0.0 ni, 97.8 id,  0.0 wa,  0.0 hi,  0.0 si,  0.0 st
%Cpu(s):  2.0 us,  2.3 sy,  0.0 ni, 95.7 id,  0.0 wa,  0.0 hi,  0.0 si,  0.0 st
%Cpu(s):  1.3 us,  1.3 sy,  0.0 ni, 97.4 id,  0.0 wa,  0.0 hi,  0.0 si,  0.1 st
%Cpu(s):  2.4 us,  1.5 sy,  0.0 ni, 96.1 id,  0.0 wa,  0.0 hi,  0.0 si,  0.0 st
%Cpu(s):  1.7 us,  1.1 sy,  0.0 ni, 97.1 id,  0.0 wa,  0.0 hi,  0.0 si,  0.0 st
%Cpu(s):  4.9 us,  0.9 sy,  0.0 ni, 94.3 id,  0.0 wa,  0.0 hi,  0.0 si,  0.0 st
%Cpu(s):  6.8 us,  1.9 sy,  0.0 ni, 91.3 id,  0.0 wa,  0.0 hi,  0.0 si,  0.0 st
%Cpu(s): 71.5 us,  4.5 sy,  0.0 ni, 22.6 id,  0.0 wa,  0.0 hi,  1.3 si,  0.1 st
%Cpu(s): 87.1 us,  6.5 sy,  0.0 ni,  5.4 id,  0.0 wa,  0.0 hi,  1.0 si,  0.0 st
%Cpu(s): 69.9 us,  7.2 sy,  0.0 ni, 21.6 id,  0.0 wa,  0.0 hi,  1.4 si,  0.0 st
%Cpu(s): 73.6 us,  6.0 sy,  0.0 ni, 18.8 id,  0.0 wa,  0.0 hi,  1.6 si,  0.0 st
%Cpu(s): 91.0 us,  6.1 sy,  0.0 ni,  0.6 id,  0.0 wa,  0.0 hi,  2.2 si,  0.0 st
%Cpu(s): 91.0 us,  7.3 sy,  0.0 ni,  0.2 id,  0.0 wa,  0.0 hi,  1.5 si,  0.0 st
%Cpu(s): 91.3 us,  6.9 sy,  0.0 ni,  0.4 id,  0.0 wa,  0.0 hi,  1.5 si,  0.0 st
%Cpu(s): 70.3 us,  5.8 sy,  0.0 ni, 22.8 id,  0.0 wa,  0.0 hi,  1.1 si,  0.0 st
%Cpu(s): 59.9 us,  6.7 sy,  0.0 ni, 32.3 id,  0.0 wa,  0.0 hi,  1.1 si,  0.0 st
%Cpu(s): 52.4 us,  6.0 sy,  0.0 ni, 40.4 id,  0.0 wa,  0.0 hi,  1.0 si,  0.1 st
%Cpu(s): 55.2 us,  5.8 sy,  0.0 ni, 38.3 id,  0.0 wa,  0.0 hi,  0.8 si,  0.0 st
%Cpu(s): 15.8 us,  5.9 sy,  0.0 ni, 77.3 id,  0.0 wa,  0.0 hi,  1.0 si,  0.0 st
%Cpu(s): 10.5 us,  5.3 sy,  0.0 ni, 83.8 id,  0.0 wa,  0.0 hi,  0.4 si,  0.1 st
%Cpu(s): 20.5 us,  5.1 sy,  0.0 ni, 73.7 id,  0.0 wa,  0.0 hi,  0.8 si,  0.0 st
%Cpu(s): 37.6 us,  4.8 sy,  0.0 ni, 57.1 id,  0.0 wa,  0.0 hi,  0.5 si,  0.0 st
%Cpu(s): 13.6 us,  4.3 sy,  0.0 ni, 81.4 id,  0.0 wa,  0.0 hi,  0.6 si,  0.0 st
%Cpu(s): 11.6 us,  4.6 sy,  0.0 ni, 83.1 id,  0.0 wa,  0.0 hi,  0.6 si,  0.1 st
%Cpu(s): 13.0 us,  4.8 sy,  0.0 ni, 81.6 id,  0.0 wa,  0.0 hi,  0.6 si,  0.0 st
%Cpu(s):  9.1 us,  4.5 sy,  0.0 ni, 85.2 id,  0.0 wa,  0.0 hi,  1.0 si,  0.1 st
%Cpu(s):  9.2 us,  4.5 sy,  0.0 ni, 85.8 id,  0.0 wa,  0.0 hi,  0.4 si,  0.1 st
%Cpu(s):  9.8 us,  4.2 sy,  0.0 ni, 85.1 id,  0.0 wa,  0.0 hi,  0.9 si,  0.0 st
%Cpu(s):  9.4 us,  5.3 sy,  0.0 ni, 84.7 id,  0.0 wa,  0.0 hi,  0.5 si,  0.0 st
%Cpu(s): 11.0 us,  5.6 sy,  0.0 ni, 82.7 id,  0.0 wa,  0.0 hi,  0.6 si,  0.0 st
%Cpu(s): 11.2 us,  5.5 sy,  0.0 ni, 82.3 id,  0.0 wa,  0.0 hi,  0.9 si,  0.1 st
%Cpu(s):  9.3 us,  4.6 sy,  0.0 ni, 85.6 id,  0.0 wa,  0.0 hi,  0.5 si,  0.0 st
%Cpu(s):  7.6 us,  5.2 sy,  0.0 ni, 86.5 id,  0.0 wa,  0.0 hi,  0.6 si,  0.0 st
%Cpu(s):  9.2 us,  5.2 sy,  0.0 ni, 85.0 id,  0.1 wa,  0.0 hi,  0.4 si,  0.1 st
%Cpu(s):  7.9 us,  5.0 sy,  0.0 ni, 86.3 id,  0.0 wa,  0.0 hi,  0.9 si,  0.0 st
%Cpu(s):  8.9 us,  4.8 sy,  0.0 ni, 85.5 id,  0.0 wa,  0.0 hi,  0.6 si,  0.1 st
%Cpu(s): 10.1 us,  5.4 sy,  0.0 ni, 83.9 id,  0.0 wa,  0.0 hi,  0.6 si,  0.0 st
%Cpu(s): 21.1 us,  5.2 sy,  0.0 ni, 73.2 id,  0.0 wa,  0.0 hi,  0.5 si,  0.0 st
%Cpu(s): 15.7 us,  5.1 sy,  0.0 ni, 78.6 id,  0.0 wa,  0.0 hi,  0.6 si,  0.0 st
%Cpu(s):  8.7 us,  4.2 sy,  0.0 ni, 86.6 id,  0.0 wa,  0.0 hi,  0.3 si,  0.1 st
%Cpu(s):  9.1 us,  4.9 sy,  0.0 ni, 85.3 id,  0.0 wa,  0.0 hi,  0.5 si,  0.1 st
%Cpu(s): 10.5 us,  4.4 sy,  0.0 ni, 84.3 id,  0.0 wa,  0.0 hi,  0.8 si,  0.0 st
%Cpu(s): 21.5 us,  5.4 sy,  0.0 ni, 72.4 id,  0.0 wa,  0.0 hi,  0.8 si,  0.0 st
%Cpu(s):  9.7 us,  4.6 sy,  0.0 ni, 84.8 id,  0.0 wa,  0.0 hi,  0.8 si,  0.1 st
%Cpu(s):  8.7 us,  4.9 sy,  0.0 ni, 85.6 id,  0.0 wa,  0.0 hi,  0.8 si,  0.0 st
%Cpu(s): 10.9 us,  5.0 sy,  0.0 ni, 83.7 id,  0.0 wa,  0.0 hi,  0.5 si,  0.0 st
%Cpu(s):  8.9 us,  4.7 sy,  0.0 ni, 85.3 id,  0.0 wa,  0.0 hi,  1.0 si,  0.1 st
%Cpu(s):  9.8 us,  4.7 sy,  0.0 ni, 84.8 id,  0.0 wa,  0.0 hi,  0.6 si,  0.0 st
%Cpu(s):  8.1 us,  4.4 sy,  0.0 ni, 86.8 id,  0.0 wa,  0.0 hi,  0.6 si,  0.0 st
%Cpu(s):  7.2 us,  5.0 sy,  0.0 ni, 87.2 id,  0.0 wa,  0.0 hi,  0.5 si,  0.1 st
%Cpu(s):  9.6 us,  5.1 sy,  0.0 ni, 84.6 id,  0.0 wa,  0.0 hi,  0.8 si,  0.0 st
%Cpu(s):  8.5 us,  5.9 sy,  0.0 ni, 84.9 id,  0.0 wa,  0.0 hi,  0.5 si,  0.1 st
%Cpu(s):  7.4 us,  5.1 sy,  0.0 ni, 87.3 id,  0.0 wa,  0.0 hi,  0.1 si,  0.0 st
%Cpu(s):  8.8 us,  5.5 sy,  0.0 ni, 85.1 id,  0.0 wa,  0.0 hi,  0.4 si,  0.1 st
%Cpu(s):  9.9 us,  5.3 sy,  0.0 ni, 83.8 id,  0.0 wa,  0.0 hi,  0.5 si,  0.5 st
%Cpu(s):  9.5 us,  4.5 sy,  0.0 ni, 85.8 id,  0.0 wa,  0.0 hi,  0.3 si,  0.0 st
%Cpu(s):  9.1 us,  5.2 sy,  0.0 ni, 85.0 id,  0.0 wa,  0.0 hi,  0.8 si,  0.0 st
%Cpu(s):  6.8 us,  5.6 sy,  0.0 ni, 87.0 id,  0.0 wa,  0.0 hi,  0.5 si,  0.1 st
%Cpu(s):  7.5 us,  5.7 sy,  0.0 ni, 86.5 id,  0.0 wa,  0.0 hi,  0.3 si,  0.0 st
%Cpu(s):  6.8 us,  4.5 sy,  0.0 ni, 88.2 id,  0.0 wa,  0.0 hi,  0.4 si,  0.0 st
%Cpu(s):  8.2 us,  5.1 sy,  0.0 ni, 86.3 id,  0.0 wa,  0.0 hi,  0.4 si,  0.0 st
%Cpu(s):  9.8 us,  5.0 sy,  0.0 ni, 84.7 id,  0.0 wa,  0.0 hi,  0.4 si,  0.1 st
%Cpu(s): 10.1 us,  5.6 sy,  0.0 ni, 83.9 id,  0.0 wa,  0.0 hi,  0.4 si,  0.0 st
%Cpu(s):  9.8 us,  4.9 sy,  0.0 ni, 84.8 id,  0.0 wa,  0.0 hi,  0.4 si,  0.1 st
%Cpu(s):  8.5 us,  5.0 sy,  0.0 ni, 86.0 id,  0.0 wa,  0.0 hi,  0.4 si,  0.0 st
%Cpu(s): 10.6 us,  4.8 sy,  0.0 ni, 84.1 id,  0.0 wa,  0.0 hi,  0.5 si,  0.0 st
%Cpu(s):  9.5 us,  5.2 sy,  0.0 ni, 84.7 id,  0.0 wa,  0.0 hi,  0.6 si,  0.0 st
%Cpu(s): 42.6 us,  4.7 sy,  0.0 ni, 51.6 id,  0.0 wa,  0.0 hi,  1.1 si,  0.0 st
%Cpu(s): 39.5 us,  6.9 sy,  0.0 ni, 52.7 id,  0.0 wa,  0.0 hi,  0.9 si,  0.0 st
%Cpu(s): 19.5 us,  4.8 sy,  0.0 ni, 74.8 id,  0.0 wa,  0.0 hi,  0.9 si,  0.0 st
%Cpu(s): 13.7 us,  5.5 sy,  0.0 ni, 79.9 id,  0.0 wa,  0.0 hi,  0.8 si,  0.1 st
%Cpu(s): 10.5 us,  5.1 sy,  0.0 ni, 83.6 id,  0.0 wa,  0.0 hi,  0.9 si,  0.0 st
%Cpu(s): 12.2 us,  4.7 sy,  0.0 ni, 82.3 id,  0.0 wa,  0.0 hi,  0.6 si,  0.1 st
%Cpu(s): 14.7 us,  5.1 sy,  0.0 ni, 79.6 id,  0.0 wa,  0.0 hi,  0.6 si,  0.0 st
%Cpu(s): 16.5 us,  5.2 sy,  0.0 ni, 77.7 id,  0.0 wa,  0.0 hi,  0.6 si,  0.0 st
%Cpu(s): 13.2 us,  4.4 sy,  0.0 ni, 82.1 id,  0.0 wa,  0.0 hi,  0.4 si,  0.0 st
%Cpu(s): 11.7 us,  5.3 sy,  0.0 ni, 82.5 id,  0.0 wa,  0.0 hi,  0.5 si,  0.0 st
%Cpu(s):  9.4 us,  4.4 sy,  0.0 ni, 85.9 id,  0.0 wa,  0.0 hi,  0.3 si,  0.0 st
%Cpu(s): 11.0 us,  5.3 sy,  0.0 ni, 83.0 id,  0.0 wa,  0.0 hi,  0.5 si,  0.1 st
%Cpu(s): 12.7 us,  5.0 sy,  0.0 ni, 81.8 id,  0.0 wa,  0.0 hi,  0.5 si,  0.0 st
%Cpu(s): 13.1 us,  5.6 sy,  0.0 ni, 80.3 id,  0.0 wa,  0.0 hi,  0.9 si,  0.1 st
%Cpu(s): 12.2 us,  5.5 sy,  0.0 ni, 81.7 id,  0.0 wa,  0.0 hi,  0.6 si,  0.0 st
%Cpu(s): 13.3 us,  6.1 sy,  0.0 ni, 79.8 id,  0.0 wa,  0.0 hi,  0.8 si,  0.0 st
%Cpu(s): 17.6 us,  8.8 sy,  0.0 ni, 73.0 id,  0.0 wa,  0.0 hi,  0.6 si,  0.0 st
%Cpu(s): 21.4 us,  7.7 sy,  0.0 ni, 69.9 id,  0.0 wa,  0.0 hi,  1.0 si,  0.0 st
