%Cpu(s):  4.3 us,  1.0 sy,  0.0 ni, 94.6 id,  0.0 wa,  0.0 hi,  0.1 si,  0.0 st
%Cpu(s):  0.9 us,  0.3 sy,  0.0 ni, 98.8 id,  0.0 wa,  0.0 hi,  0.0 si,  0.0 st
%Cpu(s): 44.1 us,  5.5 sy,  0.0 ni, 50.4 id,  0.0 wa,  0.0 hi,  0.0 si,  0.0 st
%Cpu(s): 92.1 us,  6.9 sy,  0.0 ni,  0.9 id,  0.0 wa,  0.0 hi,  0.0 si,  0.0 st
%Cpu(s): 93.4 us,  5.5 sy,  0.0 ni,  1.1 id,  0.0 wa,  0.0 hi,  0.0 si,  0.0 st
%Cpu(s): 94.2 us,  4.7 sy,  0.0 ni,  1.1 id,  0.0 wa,  0.0 hi,  0.0 si,  0.0 st
%Cpu(s): 91.6 us,  5.0 sy,  0.0 ni,  3.3 id,  0.0 wa,  0.0 hi,  0.0 si,  0.1 st
%Cpu(s): 96.1 us,  3.1 sy,  0.0 ni,  0.8 id,  0.0 wa,  0.0 hi,  0.0 si,  0.0 st
%Cpu(s): 97.0 us,  3.0 sy,  0.0 ni,  0.0 id,  0.0 wa,  0.0 hi,  0.0 si,  0.0 st
%Cpu(s): 96.7 us,  3.2 sy,  0.0 ni,  0.0 id,  0.0 wa,  0.0 hi,  0.1 si,  0.0 st
%Cpu(s): 96.5 us,  3.5 sy,  0.0 ni,  0.0 id,  0.0 wa,  0.0 hi,  0.0 si,  0.0 st
%Cpu(s): 95.7 us,  4.1 sy,  0.0 ni,  0.0 id,  0.0 wa,  0.0 hi,  0.2 si,  0.0 st
%Cpu(s): 96.1 us,  3.7 sy,  0.0 ni,  0.0 id,  0.0 wa,  0.0 hi,  0.2 si,  0.0 st
%Cpu(s): 95.5 us,  4.3 sy,  0.0 ni,  0.0 id,  0.0 wa,  0.0 hi,  0.2 si,  0.0 st
%Cpu(s): 95.5 us,  4.3 sy,  0.0 ni,  0.0 id,  0.0 wa,  0.0 hi,  0.2 si,  0.0 st
%Cpu(s): 94.5 us,  5.4 sy,  0.0 ni,  0.0 id,  0.0 wa,  0.0 hi,  0.1 si,  0.0 st
%Cpu(s): 95.5 us,  4.4 sy,  0.0 ni,  0.0 id,  0.0 wa,  0.0 hi,  0.1 si,  0.0 st
%Cpu(s): 96.0 us,  3.7 sy,  0.0 ni,  0.1 id,  0.0 wa,  0.0 hi,  0.2 si,  0.0 st
%Cpu(s): 93.3 us,  5.6 sy,  0.0 ni,  0.5 id,  0.0 wa,  0.0 hi,  0.6 si,  0.0 st
%Cpu(s): 90.4 us,  7.3 sy,  0.0 ni,  1.3 id,  0.0 wa,  0.0 hi,  0.9 si,  0.0 st
%Cpu(s): 91.0 us,  7.6 sy,  0.0 ni,  0.1 id,  0.0 wa,  0.0 hi,  1.3 si,  0.0 st
%Cpu(s): 89.8 us,  8.8 sy,  0.0 ni,  0.1 id,  0.0 wa,  0.0 hi,  1.3 si,  0.0 st
%Cpu(s): 90.3 us,  8.6 sy,  0.0 ni,  0.0 id,  0.0 wa,  0.0 hi,  1.1 si,  0.0 st
%Cpu(s): 89.7 us,  9.0 sy,  0.0 ni,  0.0 id,  0.0 wa,  0.0 hi,  1.3 si,  0.0 st
%Cpu(s): 89.5 us,  9.4 sy,  0.0 ni,  0.0 id,  0.0 wa,  0.0 hi,  1.2 si,  0.0 st
%Cpu(s): 89.1 us,  9.5 sy,  0.0 ni,  0.0 id,  0.0 wa,  0.0 hi,  1.4 si,  0.0 st
%Cpu(s): 88.5 us, 10.2 sy,  0.0 ni,  0.0 id,  0.0 wa,  0.0 hi,  1.4 si,  0.0 st
%Cpu(s): 87.2 us, 11.0 sy,  0.0 ni,  0.0 id,  0.0 wa,  0.0 hi,  1.7 si,  0.0 st
%Cpu(s): 86.4 us, 11.8 sy,  0.0 ni,  0.0 id,  0.0 wa,  0.0 hi,  1.7 si,  0.0 st
%Cpu(s): 87.3 us, 11.2 sy,  0.0 ni,  0.0 id,  0.0 wa,  0.0 hi,  1.4 si,  0.0 st
%Cpu(s): 87.0 us, 11.0 sy,  0.0 ni,  0.0 id,  0.0 wa,  0.0 hi,  1.9 si,  0.0 st
%Cpu(s): 88.1 us, 10.5 sy,  0.0 ni,  0.0 id,  0.0 wa,  0.0 hi,  1.4 si,  0.0 st
%Cpu(s): 87.0 us, 11.2 sy,  0.0 ni,  0.0 id,  0.0 wa,  0.0 hi,  1.9 si,  0.0 st
%Cpu(s): 85.1 us, 12.7 sy,  0.0 ni,  0.0 id,  0.0 wa,  0.0 hi,  2.2 si,  0.0 st
%Cpu(s): 86.6 us, 11.5 sy,  0.0 ni,  0.0 id,  0.0 wa,  0.0 hi,  1.9 si,  0.0 st
%Cpu(s): 85.0 us, 12.8 sy,  0.0 ni,  0.0 id,  0.0 wa,  0.0 hi,  2.2 si,  0.0 st
%Cpu(s): 85.8 us, 12.0 sy,  0.0 ni,  0.1 id,  0.0 wa,  0.0 hi,  2.2 si,  0.0 st
%Cpu(s): 85.3 us, 11.8 sy,  0.0 ni,  0.8 id,  0.0 wa,  0.0 hi,  2.1 si,  0.0 st
%Cpu(s): 85.8 us, 11.6 sy,  0.0 ni,  0.7 id,  0.0 wa,  0.0 hi,  1.9 si,  0.0 st
%Cpu(s): 84.1 us, 11.2 sy,  0.0 ni,  2.4 id,  0.0 wa,  0.0 hi,  2.2 si,  0.0 st
%Cpu(s): 74.0 us, 10.1 sy,  0.0 ni, 14.2 id,  0.0 wa,  0.0 hi,  1.6 si,  0.0 st
%Cpu(s): 37.3 us,  9.8 sy,  0.0 ni, 50.6 id,  0.0 wa,  0.0 hi,  2.2 si,  0.0 st
%Cpu(s): 38.6 us,  9.8 sy,  0.0 ni, 49.3 id,  0.0 wa,  0.0 hi,  2.2 si,  0.0 st
%Cpu(s): 39.6 us, 11.3 sy,  0.0 ni, 46.3 id,  0.6 wa,  0.0 hi,  2.2 si,  0.0 st
%Cpu(s): 46.4 us, 11.4 sy,  0.0 ni, 39.7 id,  0.0 wa,  0.0 hi,  2.5 si,  0.1 st
%Cpu(s): 25.2 us, 10.1 sy,  0.0 ni, 62.3 id,  0.1 wa,  0.0 hi,  2.4 si,  0.0 st
%Cpu(s): 17.8 us,  7.8 sy,  0.0 ni, 72.7 id,  0.0 wa,  0.0 hi,  1.7 si,  0.1 st
%Cpu(s): 25.7 us,  9.7 sy,  0.0 ni, 62.3 id,  0.0 wa,  0.0 hi,  2.3 si,  0.0 st
%Cpu(s): 23.0 us,  9.6 sy,  0.0 ni, 65.4 id,  0.0 wa,  0.0 hi,  2.0 si,  0.0 st
%Cpu(s): 20.4 us,  9.0 sy,  0.0 ni, 68.9 id,  0.0 wa,  0.0 hi,  1.7 si,  0.0 st
%Cpu(s): 18.2 us,  8.1 sy,  0.0 ni, 71.4 id,  0.0 wa,  0.0 hi,  2.2 si,  0.1 st
%Cpu(s): 20.4 us,  9.1 sy,  0.0 ni, 68.2 id,  0.0 wa,  0.0 hi,  2.3 si,  0.0 st
%Cpu(s): 21.1 us,  9.9 sy,  0.0 ni, 66.8 id,  0.0 wa,  0.0 hi,  2.3 si,  0.0 st
%Cpu(s): 25.3 us,  9.8 sy,  0.0 ni, 62.9 id,  0.1 wa,  0.0 hi,  2.0 si,  0.0 st
%Cpu(s): 21.8 us,  9.4 sy,  0.0 ni, 66.7 id,  0.0 wa,  0.0 hi,  2.0 si,  0.1 st
%Cpu(s): 28.0 us, 10.3 sy,  0.0 ni, 59.7 id,  0.0 wa,  0.0 hi,  2.0 si,  0.0 st
%Cpu(s): 26.7 us,  9.2 sy,  0.0 ni, 61.8 id,  0.0 wa,  0.0 hi,  2.2 si,  0.0 st
%Cpu(s): 29.8 us,  9.9 sy,  0.0 ni, 58.1 id,  0.0 wa,  0.0 hi,  2.2 si,  0.0 st
%Cpu(s): 26.9 us, 10.1 sy,  0.0 ni, 60.7 id,  0.1 wa,  0.0 hi,  2.2 si,  0.0 st
%Cpu(s): 20.2 us, 10.2 sy,  0.0 ni, 67.1 id,  0.0 wa,  0.0 hi,  2.4 si,  0.0 st
%Cpu(s): 20.2 us, 10.4 sy,  0.0 ni, 66.8 id,  0.0 wa,  0.0 hi,  2.5 si,  0.1 st
%Cpu(s): 17.2 us,  9.8 sy,  0.0 ni, 70.4 id,  0.0 wa,  0.0 hi,  2.6 si,  0.0 st
%Cpu(s): 23.3 us,  9.8 sy,  0.0 ni, 64.4 id,  0.0 wa,  0.0 hi,  2.4 si,  0.0 st
%Cpu(s): 25.9 us,  9.6 sy,  0.0 ni, 62.3 id,  0.0 wa,  0.0 hi,  2.3 si,  0.0 st
%Cpu(s): 27.6 us, 10.6 sy,  0.0 ni, 59.5 id,  0.0 wa,  0.0 hi,  2.3 si,  0.0 st
%Cpu(s): 19.0 us,  9.9 sy,  0.0 ni, 68.8 id,  0.0 wa,  0.0 hi,  2.3 si,  0.0 st
%Cpu(s): 20.2 us, 10.1 sy,  0.0 ni, 67.7 id,  0.0 wa,  0.0 hi,  2.0 si,  0.0 st
%Cpu(s): 18.6 us,  9.0 sy,  0.0 ni, 70.1 id,  0.0 wa,  0.0 hi,  2.1 si,  0.1 st
%Cpu(s): 18.3 us,  9.7 sy,  0.0 ni, 69.5 id,  0.1 wa,  0.0 hi,  2.4 si,  0.0 st
%Cpu(s): 17.3 us,  9.0 sy,  0.0 ni, 71.7 id,  0.0 wa,  0.0 hi,  1.9 si,  0.1 st
%Cpu(s): 21.1 us,  9.3 sy,  0.0 ni, 67.7 id,  0.0 wa,  0.0 hi,  2.0 si,  0.0 st
%Cpu(s): 25.8 us, 10.0 sy,  0.0 ni, 61.7 id,  0.0 wa,  0.0 hi,  2.4 si,  0.0 st
%Cpu(s): 26.0 us, 11.6 sy,  0.0 ni, 60.2 id,  0.0 wa,  0.0 hi,  2.3 si,  0.0 st
%Cpu(s): 28.7 us, 11.7 sy,  0.0 ni, 57.6 id,  0.0 wa,  0.0 hi,  2.0 si,  0.0 st
%Cpu(s): 21.7 us, 10.8 sy,  0.0 ni, 65.3 id,  0.0 wa,  0.0 hi,  2.2 si,  0.0 st
%Cpu(s): 21.7 us, 10.8 sy,  0.0 ni, 65.0 id,  0.0 wa,  0.0 hi,  2.5 si,  0.0 st
