%Cpu(s):  3.8 us,  0.7 sy,  0.0 ni, 95.4 id,  0.0 wa,  0.0 hi,  0.1 si,  0.0 st
%Cpu(s):  1.8 us,  0.2 sy,  0.0 ni, 97.9 id,  0.0 wa,  0.0 hi,  0.1 si,  0.1 st
%Cpu(s): 52.2 us,  5.2 sy,  0.0 ni, 42.6 id,  0.0 wa,  0.0 hi,  0.0 si,  0.0 st
%Cpu(s): 87.0 us,  4.6 sy,  0.0 ni,  8.4 id,  0.0 wa,  0.0 hi,  0.0 si,  0.1 st
%Cpu(s): 73.3 us,  2.8 sy,  0.0 ni, 23.8 id,  0.0 wa,  0.0 hi,  0.0 si,  0.1 st
%Cpu(s): 87.5 us,  3.1 sy,  0.0 ni,  9.4 id,  0.0 wa,  0.0 hi,  0.0 si,  0.0 st
%Cpu(s): 96.9 us,  2.5 sy,  0.0 ni,  0.6 id,  0.0 wa,  0.0 hi,  0.0 si,  0.0 st
%Cpu(s): 94.3 us,  3.8 sy,  0.0 ni,  1.8 id,  0.0 wa,  0.0 hi,  0.1 si,  0.0 st
%Cpu(s): 96.7 us,  2.5 sy,  0.0 ni,  0.6 id,  0.0 wa,  0.0 hi,  0.2 si,  0.0 st
%Cpu(s): 97.1 us,  2.5 sy,  0.0 ni,  0.2 id,  0.0 wa,  0.0 hi,  0.2 si,  0.0 st
%Cpu(s): 97.3 us,  2.6 sy,  0.0 ni,  0.0 id,  0.0 wa,  0.0 hi,  0.1 si,  0.0 st
%Cpu(s): 78.0 us,  3.0 sy,  0.0 ni, 18.9 id,  0.0 wa,  0.0 hi,  0.1 si,  0.0 st
%Cpu(s): 38.7 us,  2.8 sy,  0.0 ni, 58.5 id,  0.0 wa,  0.0 hi,  0.1 si,  0.0 st
%Cpu(s): 48.2 us,  2.6 sy,  0.0 ni, 49.2 id,  0.0 wa,  0.0 hi,  0.0 si,  0.0 st
%Cpu(s): 27.5 us,  2.5 sy,  0.0 ni, 70.0 id,  0.0 wa,  0.0 hi,  0.0 si,  0.1 st
%Cpu(s): 75.6 us,  5.2 sy,  0.0 ni, 18.6 id,  0.0 wa,  0.0 hi,  0.6 si,  0.0 st
%Cpu(s): 84.4 us,  5.4 sy,  0.0 ni,  9.6 id,  0.0 wa,  0.0 hi,  0.6 si,  0.0 st
%Cpu(s): 91.2 us,  5.1 sy,  0.0 ni,  2.6 id,  0.0 wa,  0.0 hi,  1.1 si,  0.0 st
%Cpu(s): 91.9 us,  6.2 sy,  0.0 ni,  1.0 id,  0.0 wa,  0.0 hi,  0.9 si,  0.0 st
%Cpu(s): 91.4 us,  7.0 sy,  0.0 ni,  0.5 id,  0.0 wa,  0.0 hi,  1.2 si,  0.0 st
%Cpu(s): 90.7 us,  7.5 sy,  0.0 ni,  0.1 id,  0.0 wa,  0.0 hi,  1.7 si,  0.0 st
%Cpu(s): 90.4 us,  8.3 sy,  0.0 ni,  0.1 id,  0.0 wa,  0.0 hi,  1.2 si,  0.0 st
%Cpu(s): 90.4 us,  8.3 sy,  0.0 ni,  0.0 id,  0.0 wa,  0.0 hi,  1.4 si,  0.0 st
%Cpu(s): 89.4 us,  8.8 sy,  0.0 ni,  0.4 id,  0.0 wa,  0.0 hi,  1.4 si,  0.0 st
%Cpu(s): 85.8 us,  9.1 sy,  0.0 ni,  3.7 id,  0.0 wa,  0.0 hi,  1.4 si,  0.0 st
%Cpu(s): 70.7 us,  8.1 sy,  0.0 ni, 19.7 id,  0.1 wa,  0.0 hi,  1.4 si,  0.0 st
%Cpu(s): 26.5 us,  6.4 sy,  0.0 ni, 65.9 id,  0.0 wa,  0.0 hi,  1.1 si,  0.1 st
%Cpu(s): 41.1 us,  7.1 sy,  0.0 ni, 50.4 id,  0.0 wa,  0.0 hi,  1.4 si,  0.0 st
%Cpu(s): 51.1 us,  7.0 sy,  0.0 ni, 39.7 id,  0.0 wa,  0.0 hi,  2.1 si,  0.0 st
%Cpu(s): 40.9 us,  7.1 sy,  0.0 ni, 50.2 id,  0.0 wa,  0.0 hi,  1.9 si,  0.0 st
%Cpu(s): 32.3 us,  6.2 sy,  0.0 ni, 59.9 id,  0.0 wa,  0.0 hi,  1.5 si,  0.1 st
%Cpu(s): 26.7 us,  7.1 sy,  0.0 ni, 64.6 id,  0.0 wa,  0.0 hi,  1.5 si,  0.1 st
%Cpu(s): 32.6 us,  7.1 sy,  0.0 ni, 58.6 id,  0.1 wa,  0.0 hi,  1.6 si,  0.0 st
%Cpu(s): 25.4 us,  7.5 sy,  0.0 ni, 65.4 id,  0.0 wa,  0.0 hi,  1.8 si,  0.0 st
%Cpu(s): 20.3 us,  6.7 sy,  0.0 ni, 71.5 id,  0.0 wa,  0.0 hi,  1.5 si,  0.0 st
%Cpu(s): 22.4 us,  7.1 sy,  0.0 ni, 69.1 id,  0.0 wa,  0.0 hi,  1.4 si,  0.0 st
%Cpu(s): 17.3 us,  6.4 sy,  0.0 ni, 74.3 id,  0.0 wa,  0.0 hi,  1.9 si,  0.1 st
%Cpu(s): 25.3 us,  7.9 sy,  0.0 ni, 64.9 id,  0.0 wa,  0.0 hi,  1.9 si,  0.0 st
%Cpu(s): 23.5 us,  7.2 sy,  0.0 ni, 67.8 id,  0.0 wa,  0.0 hi,  1.5 si,  0.0 st
%Cpu(s): 20.9 us,  7.3 sy,  0.0 ni, 70.5 id,  0.0 wa,  0.0 hi,  1.3 si,  0.0 st
%Cpu(s): 21.7 us,  7.6 sy,  0.0 ni, 69.3 id,  0.0 wa,  0.0 hi,  1.3 si,  0.0 st
%Cpu(s): 26.0 us,  6.2 sy,  0.0 ni, 66.0 id,  0.0 wa,  0.0 hi,  1.7 si,  0.1 st
%Cpu(s): 45.1 us,  7.7 sy,  0.0 ni, 45.3 id,  0.0 wa,  0.0 hi,  1.8 si,  0.0 st
%Cpu(s): 43.9 us,  7.6 sy,  0.0 ni, 47.0 id,  0.0 wa,  0.0 hi,  1.5 si,  0.0 st
%Cpu(s): 28.5 us,  7.2 sy,  0.0 ni, 63.3 id,  0.0 wa,  0.0 hi,  0.8 si,  0.1 st
%Cpu(s): 24.1 us,  7.4 sy,  0.0 ni, 66.8 id,  0.0 wa,  0.0 hi,  1.6 si,  0.1 st
%Cpu(s): 24.3 us,  7.5 sy,  0.0 ni, 66.7 id,  0.0 wa,  0.0 hi,  1.5 si,  0.0 st
%Cpu(s): 19.3 us,  7.3 sy,  0.0 ni, 71.8 id,  0.0 wa,  0.0 hi,  1.6 si,  0.0 st
%Cpu(s): 21.4 us,  7.4 sy,  0.0 ni, 69.4 id,  0.0 wa,  0.0 hi,  1.7 si,  0.1 st
%Cpu(s): 26.2 us,  6.9 sy,  0.0 ni, 65.3 id,  0.0 wa,  0.0 hi,  1.6 si,  0.0 st
%Cpu(s): 17.1 us,  7.7 sy,  0.0 ni, 73.8 id,  0.0 wa,  0.0 hi,  1.3 si,  0.0 st
%Cpu(s): 40.0 us,  6.9 sy,  0.0 ni, 51.3 id,  0.0 wa,  0.0 hi,  1.7 si,  0.1 st
%Cpu(s): 17.6 us,  6.8 sy,  0.0 ni, 73.4 id,  0.0 wa,  0.0 hi,  2.1 si,  0.0 st
%Cpu(s): 19.1 us,  7.0 sy,  0.0 ni, 72.7 id,  0.0 wa,  0.0 hi,  1.1 si,  0.0 st
%Cpu(s): 13.2 us,  6.9 sy,  0.0 ni, 78.1 id,  0.0 wa,  0.0 hi,  1.9 si,  0.0 st
%Cpu(s): 21.2 us,  7.0 sy,  0.0 ni, 70.1 id,  0.0 wa,  0.0 hi,  1.6 si,  0.1 st
%Cpu(s): 15.2 us,  6.9 sy,  0.0 ni, 76.1 id,  0.0 wa,  0.0 hi,  1.7 si,  0.0 st
%Cpu(s): 21.2 us,  6.5 sy,  0.0 ni, 70.5 id,  0.0 wa,  0.0 hi,  1.8 si,  0.1 st
%Cpu(s): 12.7 us,  6.4 sy,  0.0 ni, 78.9 id,  0.0 wa,  0.0 hi,  2.0 si,  0.0 st
%Cpu(s): 14.7 us,  6.5 sy,  0.0 ni, 77.6 id,  0.0 wa,  0.0 hi,  1.3 si,  0.0 st
%Cpu(s): 16.3 us,  5.7 sy,  0.0 ni, 76.2 id,  0.0 wa,  0.0 hi,  1.7 si,  0.1 st
%Cpu(s): 16.1 us,  6.3 sy,  0.0 ni, 75.8 id,  0.0 wa,  0.0 hi,  1.8 si,  0.0 st
%Cpu(s): 13.1 us,  6.5 sy,  0.0 ni, 78.7 id,  0.0 wa,  0.0 hi,  1.6 si,  0.0 st
%Cpu(s): 15.1 us,  6.6 sy,  0.0 ni, 76.6 id,  0.0 wa,  0.0 hi,  1.6 si,  0.0 st
%Cpu(s): 12.5 us,  6.8 sy,  0.0 ni, 79.1 id,  0.0 wa,  0.0 hi,  1.6 si,  0.0 st
%Cpu(s): 11.5 us,  7.2 sy,  0.0 ni, 79.4 id,  0.0 wa,  0.0 hi,  1.8 si,  0.1 st
%Cpu(s): 13.3 us,  6.5 sy,  0.0 ni, 78.4 id,  0.0 wa,  0.0 hi,  1.7 si,  0.1 st
%Cpu(s): 13.2 us,  6.6 sy,  0.0 ni, 78.5 id,  0.1 wa,  0.0 hi,  1.6 si,  0.0 st
%Cpu(s): 13.6 us,  6.8 sy,  0.0 ni, 77.9 id,  0.0 wa,  0.0 hi,  1.6 si,  0.1 st
%Cpu(s): 15.0 us,  6.8 sy,  0.0 ni, 76.6 id,  0.0 wa,  0.0 hi,  1.6 si,  0.0 st
%Cpu(s): 15.2 us,  6.9 sy,  0.0 ni, 76.1 id,  0.0 wa,  0.0 hi,  1.8 si,  0.0 st
%Cpu(s): 20.4 us,  6.9 sy,  0.0 ni, 70.9 id,  0.0 wa,  0.0 hi,  1.8 si,  0.0 st
%Cpu(s): 15.6 us,  6.9 sy,  0.0 ni, 75.7 id,  0.0 wa,  0.0 hi,  1.7 si,  0.1 st
%Cpu(s): 15.0 us,  6.9 sy,  0.0 ni, 76.2 id,  0.0 wa,  0.0 hi,  1.9 si,  0.0 st
%Cpu(s): 15.6 us,  6.5 sy,  0.0 ni, 76.4 id,  0.0 wa,  0.0 hi,  1.5 si,  0.0 st
%Cpu(s): 19.2 us,  8.3 sy,  0.0 ni, 70.4 id,  0.0 wa,  0.0 hi,  2.1 si,  0.0 st
