%Cpu(s):  3.4 us,  0.8 sy,  0.0 ni, 95.7 id,  0.0 wa,  0.0 hi,  0.1 si,  0.0 st
%Cpu(s):  1.6 us,  0.7 sy,  0.0 ni, 97.5 id,  0.0 wa,  0.0 hi,  0.0 si,  0.1 st
%Cpu(s): 58.8 us,  7.6 sy,  0.0 ni, 33.6 id,  0.0 wa,  0.0 hi,  0.0 si,  0.1 st
%Cpu(s): 93.1 us,  5.4 sy,  0.0 ni,  1.6 id,  0.0 wa,  0.0 hi,  0.0 si,  0.0 st
%Cpu(s): 95.1 us,  4.3 sy,  0.0 ni,  0.6 id,  0.0 wa,  0.0 hi,  0.0 si,  0.0 st
%Cpu(s): 89.4 us,  5.3 sy,  0.0 ni,  5.2 id,  0.0 wa,  0.0 hi,  0.0 si,  0.1 st
%Cpu(s): 95.8 us,  2.7 sy,  0.0 ni,  1.5 id,  0.0 wa,  0.0 hi,  0.0 si,  0.0 st
%Cpu(s): 97.1 us,  2.9 sy,  0.0 ni,  0.0 id,  0.0 wa,  0.0 hi,  0.0 si,  0.0 st
%Cpu(s): 96.0 us,  3.9 sy,  0.0 ni,  0.0 id,  0.0 wa,  0.0 hi,  0.1 si,  0.0 st
%Cpu(s): 96.2 us,  3.8 sy,  0.0 ni,  0.0 id,  0.0 wa,  0.0 hi,  0.1 si,  0.0 st
%Cpu(s): 96.1 us,  3.9 sy,  0.0 ni,  0.0 id,  0.0 wa,  0.0 hi,  0.0 si,  0.0 st
%Cpu(s): 95.7 us,  4.2 sy,  0.0 ni,  0.0 id,  0.0 wa,  0.0 hi,  0.1 si,  0.0 st
%Cpu(s): 96.3 us,  3.7 sy,  0.0 ni,  0.0 id,  0.0 wa,  0.0 hi,  0.1 si,  0.0 st
%Cpu(s): 96.3 us,  3.5 sy,  0.0 ni,  0.0 id,  0.0 wa,  0.0 hi,  0.1 si,  0.0 st
%Cpu(s): 74.9 us,  2.6 sy,  0.0 ni, 22.2 id,  0.0 wa,  0.0 hi,  0.2 si,  0.1 st
%Cpu(s): 18.8 us,  2.6 sy,  0.0 ni, 78.4 id,  0.0 wa,  0.0 hi,  0.1 si,  0.1 st
%Cpu(s): 10.4 us,  4.3 sy,  0.0 ni, 84.8 id,  0.3 wa,  0.0 hi,  0.1 si,  0.2 st
%Cpu(s): 11.6 us,  3.3 sy,  0.0 ni, 84.9 id,  0.1 wa,  0.0 hi,  0.1 si,  0.1 st
%Cpu(s): 13.9 us,  2.8 sy,  0.0 ni, 83.2 id,  0.0 wa,  0.0 hi,  0.1 si,  0.1 st
%Cpu(s): 11.6 us,  3.5 sy,  0.0 ni, 84.7 id,  0.0 wa,  0.0 hi,  0.1 si,  0.1 st
%Cpu(s):  7.2 us,  4.1 sy,  0.0 ni, 88.6 id,  0.0 wa,  0.0 hi,  0.1 si,  0.1 st
%Cpu(s):  7.1 us,  4.4 sy,  0.0 ni, 88.2 id,  0.0 wa,  0.0 hi,  0.3 si,  0.1 st
%Cpu(s): 20.6 us,  5.3 sy,  0.0 ni, 73.9 id,  0.0 wa,  0.0 hi,  0.2 si,  0.0 st
%Cpu(s): 34.7 us,  5.5 sy,  0.0 ni, 59.1 id,  0.0 wa,  0.0 hi,  0.6 si,  0.1 st
%Cpu(s): 82.3 us,  7.5 sy,  0.0 ni,  9.3 id,  0.0 wa,  0.0 hi,  0.9 si,  0.0 st
%Cpu(s): 88.9 us,  8.5 sy,  0.0 ni,  1.7 id,  0.0 wa,  0.0 hi,  0.8 si,  0.0 st
%Cpu(s): 90.3 us,  8.5 sy,  0.0 ni,  0.0 id,  0.0 wa,  0.0 hi,  1.2 si,  0.0 st
%Cpu(s): 89.5 us,  9.4 sy,  0.0 ni,  0.0 id,  0.0 wa,  0.0 hi,  1.1 si,  0.0 st
%Cpu(s): 89.7 us,  8.9 sy,  0.0 ni,  0.0 id,  0.0 wa,  0.0 hi,  1.4 si,  0.0 st
%Cpu(s): 88.9 us,  9.9 sy,  0.0 ni,  0.0 id,  0.0 wa,  0.0 hi,  1.2 si,  0.0 st
%Cpu(s): 88.3 us, 10.2 sy,  0.0 ni,  0.0 id,  0.0 wa,  0.0 hi,  1.5 si,  0.0 st
%Cpu(s): 89.1 us,  9.5 sy,  0.0 ni,  0.0 id,  0.0 wa,  0.0 hi,  1.4 si,  0.0 st
%Cpu(s): 89.3 us,  9.1 sy,  0.0 ni,  0.0 id,  0.0 wa,  0.0 hi,  1.6 si,  0.0 st
%Cpu(s): 88.4 us, 10.3 sy,  0.0 ni,  0.0 id,  0.0 wa,  0.0 hi,  1.3 si,  0.0 st
%Cpu(s): 89.1 us,  9.2 sy,  0.0 ni,  0.0 id,  0.0 wa,  0.0 hi,  1.7 si,  0.0 st
%Cpu(s): 88.1 us, 10.2 sy,  0.0 ni,  0.0 id,  0.0 wa,  0.0 hi,  1.7 si,  0.0 st
%Cpu(s): 87.7 us, 10.8 sy,  0.0 ni,  0.0 id,  0.0 wa,  0.0 hi,  1.5 si,  0.0 st
%Cpu(s): 88.6 us,  9.7 sy,  0.0 ni,  0.0 id,  0.0 wa,  0.0 hi,  1.7 si,  0.0 st
%Cpu(s): 88.3 us, 10.2 sy,  0.0 ni,  0.0 id,  0.0 wa,  0.0 hi,  1.5 si,  0.0 st
%Cpu(s): 87.7 us, 10.8 sy,  0.0 ni,  0.0 id,  0.0 wa,  0.0 hi,  1.6 si,  0.0 st
%Cpu(s): 89.1 us,  9.5 sy,  0.0 ni,  0.0 id,  0.0 wa,  0.0 hi,  1.4 si,  0.0 st
%Cpu(s): 88.4 us, 10.0 sy,  0.0 ni,  0.0 id,  0.0 wa,  0.0 hi,  1.6 si,  0.0 st
%Cpu(s): 80.7 us, 10.3 sy,  0.0 ni,  7.3 id,  0.0 wa,  0.0 hi,  1.7 si,  0.0 st
%Cpu(s): 45.6 us,  8.8 sy,  0.0 ni, 43.9 id,  0.0 wa,  0.0 hi,  1.6 si,  0.0 st
%Cpu(s): 24.9 us,  7.8 sy,  0.0 ni, 65.2 id,  0.0 wa,  0.0 hi,  2.0 si,  0.1 st
%Cpu(s): 19.5 us,  8.6 sy,  0.0 ni, 69.9 id,  0.0 wa,  0.0 hi,  2.1 si,  0.0 st
%Cpu(s): 14.7 us,  7.2 sy,  0.0 ni, 76.5 id,  0.0 wa,  0.0 hi,  1.5 si,  0.0 st
%Cpu(s): 14.2 us,  8.0 sy,  0.0 ni, 76.2 id,  0.0 wa,  0.0 hi,  1.5 si,  0.1 st
%Cpu(s): 16.6 us,  7.4 sy,  0.0 ni, 74.3 id,  0.0 wa,  0.0 hi,  1.7 si,  0.0 st
%Cpu(s): 15.0 us,  7.9 sy,  0.0 ni, 75.4 id,  0.0 wa,  0.0 hi,  1.6 si,  0.0 st
%Cpu(s): 15.2 us,  7.0 sy,  0.0 ni, 76.0 id,  0.0 wa,  0.0 hi,  1.8 si,  0.0 st
%Cpu(s): 14.1 us,  7.4 sy,  0.0 ni, 76.8 id,  0.0 wa,  0.0 hi,  1.8 si,  0.0 st
%Cpu(s): 17.8 us,  8.2 sy,  0.0 ni, 72.1 id,  0.0 wa,  0.0 hi,  1.9 si,  0.0 st
%Cpu(s): 17.9 us,  7.7 sy,  0.0 ni, 72.7 id,  0.0 wa,  0.0 hi,  1.7 si,  0.0 st
%Cpu(s): 25.2 us,  7.1 sy,  0.0 ni, 65.7 id,  0.0 wa,  0.0 hi,  1.9 si,  0.1 st
%Cpu(s): 23.7 us,  7.5 sy,  0.0 ni, 67.0 id,  0.0 wa,  0.0 hi,  1.8 si,  0.0 st
%Cpu(s): 16.5 us,  7.7 sy,  0.0 ni, 74.1 id,  0.0 wa,  0.0 hi,  1.7 si,  0.0 st
%Cpu(s): 16.9 us,  7.9 sy,  0.0 ni, 73.5 id,  0.0 wa,  0.0 hi,  1.6 si,  0.1 st
%Cpu(s): 17.1 us,  8.3 sy,  0.0 ni, 72.6 id,  0.0 wa,  0.0 hi,  1.9 si,  0.1 st
%Cpu(s): 15.5 us,  7.3 sy,  0.0 ni, 75.5 id,  0.0 wa,  0.0 hi,  1.7 si,  0.0 st
%Cpu(s): 16.0 us,  7.0 sy,  0.0 ni, 75.0 id,  0.0 wa,  0.0 hi,  2.0 si,  0.0 st
%Cpu(s): 15.2 us,  7.2 sy,  0.0 ni, 75.7 id,  0.1 wa,  0.0 hi,  1.8 si,  0.0 st
%Cpu(s): 20.2 us,  7.5 sy,  0.0 ni, 70.5 id,  0.1 wa,  0.0 hi,  1.7 si,  0.0 st
%Cpu(s): 22.6 us,  8.2 sy,  0.0 ni, 67.4 id,  0.0 wa,  0.0 hi,  1.9 si,  0.0 st
%Cpu(s): 21.1 us,  7.7 sy,  0.0 ni, 69.2 id,  0.0 wa,  0.0 hi,  2.0 si,  0.0 st
%Cpu(s): 15.4 us,  7.5 sy,  0.0 ni, 75.4 id,  0.0 wa,  0.0 hi,  1.7 si,  0.0 st
%Cpu(s): 14.6 us,  7.2 sy,  0.0 ni, 76.3 id,  0.0 wa,  0.0 hi,  1.8 si,  0.1 st
%Cpu(s): 13.3 us,  7.9 sy,  0.0 ni, 76.9 id,  0.0 wa,  0.0 hi,  1.9 si,  0.1 st
%Cpu(s): 15.6 us,  7.9 sy,  0.0 ni, 74.6 id,  0.0 wa,  0.0 hi,  2.0 si,  0.0 st
%Cpu(s): 18.3 us,  7.5 sy,  0.0 ni, 72.3 id,  0.0 wa,  0.0 hi,  1.9 si,  0.0 st
%Cpu(s): 25.9 us,  8.7 sy,  0.0 ni, 63.5 id,  0.0 wa,  0.0 hi,  1.8 si,  0.0 st
%Cpu(s): 17.1 us,  8.6 sy,  0.0 ni, 72.1 id,  0.0 wa,  0.0 hi,  2.1 si,  0.0 st
%Cpu(s): 19.8 us,  8.6 sy,  0.0 ni, 69.6 id,  0.0 wa,  0.0 hi,  2.0 si,  0.0 st
%Cpu(s): 17.6 us,  9.8 sy,  0.0 ni, 70.6 id,  0.0 wa,  0.0 hi,  2.0 si,  0.0 st
%Cpu(s): 17.1 us,  8.0 sy,  0.0 ni, 72.8 id,  0.0 wa,  0.0 hi,  2.0 si,  0.0 st
%Cpu(s): 17.0 us,  8.4 sy,  0.0 ni, 72.9 id,  0.0 wa,  0.0 hi,  1.7 si,  0.0 st
