%Cpu(s):  4.7 us,  0.8 sy,  0.0 ni, 94.4 id,  0.0 wa,  0.0 hi,  0.1 si,  0.0 st
%Cpu(s):  0.5 us,  0.1 sy,  0.0 ni, 99.4 id,  0.0 wa,  0.0 hi,  0.0 si,  0.0 st
%Cpu(s): 12.7 us,  2.1 sy,  0.0 ni, 85.1 id,  0.1 wa,  0.0 hi,  0.0 si,  0.1 st
%Cpu(s): 53.6 us,  3.1 sy,  0.0 ni, 43.1 id,  0.0 wa,  0.0 hi,  0.1 si,  0.1 st
%Cpu(s): 46.5 us,  2.3 sy,  0.0 ni, 51.0 id,  0.1 wa,  0.0 hi,  0.1 si,  0.1 st
%Cpu(s): 60.5 us,  1.9 sy,  0.0 ni, 37.5 id,  0.0 wa,  0.0 hi,  0.0 si,  0.1 st
%Cpu(s): 74.1 us,  2.3 sy,  0.0 ni, 23.4 id,  0.0 wa,  0.0 hi,  0.1 si,  0.1 st
%Cpu(s): 88.2 us,  2.6 sy,  0.0 ni,  9.2 id,  0.0 wa,  0.0 hi,  0.0 si,  0.0 st
%Cpu(s): 63.5 us,  2.6 sy,  0.0 ni, 33.8 id,  0.0 wa,  0.0 hi,  0.1 si,  0.0 st
%Cpu(s): 44.1 us,  2.8 sy,  0.0 ni, 52.9 id,  0.0 wa,  0.0 hi,  0.2 si,  0.1 st
%Cpu(s): 24.6 us,  1.9 sy,  0.0 ni, 73.1 id,  0.0 wa,  0.0 hi,  0.4 si,  0.1 st
%Cpu(s):  7.8 us,  0.7 sy,  0.0 ni, 91.3 id,  0.0 wa,  0.0 hi,  0.1 si,  0.0 st
%Cpu(s):  8.5 us,  0.8 sy,  0.0 ni, 90.7 id,  0.0 wa,  0.0 hi,  0.0 si,  0.0 st
%Cpu(s):  3.9 us,  0.7 sy,  0.0 ni, 95.3 id,  0.0 wa,  0.0 hi,  0.1 si,  0.1 st
%Cpu(s): 17.4 us,  1.2 sy,  0.0 ni, 81.1 id,  0.0 wa,  0.0 hi,  0.2 si,  0.0 st
%Cpu(s): 73.0 us,  5.5 sy,  0.0 ni, 20.6 id,  0.0 wa,  0.0 hi,  0.9 si,  0.1 st
%Cpu(s): 89.9 us,  8.1 sy,  0.0 ni,  0.1 id,  0.0 wa,  0.0 hi,  1.9 si,  0.0 st
%Cpu(s): 89.9 us,  8.3 sy,  0.0 ni,  0.0 id,  0.0 wa,  0.0 hi,  1.8 si,  0.0 st
%Cpu(s): 92.2 us,  6.4 sy,  0.0 ni,  0.1 id,  0.0 wa,  0.0 hi,  1.4 si,  0.0 st
%Cpu(s): 92.5 us,  6.3 sy,  0.0 ni,  0.0 id,  0.0 wa,  0.0 hi,  1.2 si,  0.0 st
%Cpu(s): 92.4 us,  6.1 sy,  0.0 ni,  0.0 id,  0.0 wa,  0.0 hi,  1.5 si,  0.0 st
%Cpu(s): 91.4 us,  5.8 sy,  0.0 ni,  1.6 id,  0.0 wa,  0.0 hi,  1.2 si,  0.0 st
%Cpu(s): 62.6 us,  5.2 sy,  0.0 ni, 30.8 id,  0.0 wa,  0.0 hi,  1.4 si,  0.0 st
%Cpu(s): 29.7 us,  5.7 sy,  0.0 ni, 63.6 id,  0.0 wa,  0.0 hi,  1.0 si,  0.1 st
%Cpu(s): 12.3 us,  5.1 sy,  0.0 ni, 81.4 id,  0.1 wa,  0.0 hi,  1.0 si,  0.1 st
%Cpu(s): 12.4 us,  5.3 sy,  0.0 ni, 81.7 id,  0.0 wa,  0.0 hi,  0.5 si,  0.1 st
%Cpu(s): 12.9 us,  4.8 sy,  0.0 ni, 81.8 id,  0.0 wa,  0.0 hi,  0.5 si,  0.0 st
%Cpu(s): 11.3 us,  5.1 sy,  0.0 ni, 82.7 id,  0.0 wa,  0.0 hi,  0.8 si,  0.0 st
%Cpu(s): 11.2 us,  5.1 sy,  0.0 ni, 83.2 id,  0.0 wa,  0.0 hi,  0.5 si,  0.0 st
%Cpu(s): 13.3 us,  5.8 sy,  0.0 ni, 80.3 id,  0.0 wa,  0.0 hi,  0.6 si,  0.0 st
%Cpu(s): 12.5 us,  5.3 sy,  0.0 ni, 81.5 id,  0.0 wa,  0.0 hi,  0.6 si,  0.0 st
%Cpu(s): 14.0 us,  5.2 sy,  0.0 ni, 80.0 id,  0.0 wa,  0.0 hi,  0.7 si,  0.1 st
%Cpu(s): 11.5 us,  4.9 sy,  0.0 ni, 82.7 id,  0.0 wa,  0.0 hi,  0.8 si,  0.1 st
%Cpu(s): 15.0 us,  5.7 sy,  0.0 ni, 78.7 id,  0.0 wa,  0.0 hi,  0.6 si,  0.0 st
%Cpu(s): 18.5 us,  5.0 sy,  0.0 ni, 75.9 id,  0.0 wa,  0.0 hi,  0.6 si,  0.0 st
%Cpu(s): 19.4 us,  5.2 sy,  0.0 ni, 74.8 id,  0.0 wa,  0.0 hi,  0.7 si,  0.0 st
%Cpu(s): 13.2 us,  5.4 sy,  0.0 ni, 80.8 id,  0.0 wa,  0.0 hi,  0.5 si,  0.1 st
%Cpu(s): 13.2 us,  5.4 sy,  0.0 ni, 80.8 id,  0.0 wa,  0.0 hi,  0.6 si,  0.0 st
%Cpu(s): 20.8 us,  5.2 sy,  0.0 ni, 73.2 id,  0.0 wa,  0.0 hi,  0.9 si,  0.0 st
%Cpu(s): 34.2 us,  5.5 sy,  0.0 ni, 59.5 id,  0.0 wa,  0.0 hi,  0.8 si,  0.1 st
%Cpu(s): 29.1 us,  4.9 sy,  0.0 ni, 65.5 id,  0.0 wa,  0.0 hi,  0.6 si,  0.0 st
%Cpu(s): 15.9 us,  5.3 sy,  0.0 ni, 78.0 id,  0.0 wa,  0.0 hi,  0.8 si,  0.1 st
%Cpu(s): 42.8 us,  6.0 sy,  0.0 ni, 50.0 id,  0.0 wa,  0.0 hi,  1.2 si,  0.1 st
%Cpu(s): 21.8 us,  5.7 sy,  0.0 ni, 72.0 id,  0.0 wa,  0.0 hi,  0.5 si,  0.0 st
%Cpu(s): 11.1 us,  5.7 sy,  0.0 ni, 82.8 id,  0.0 wa,  0.0 hi,  0.5 si,  0.0 st
%Cpu(s): 12.9 us,  5.6 sy,  0.0 ni, 81.0 id,  0.0 wa,  0.0 hi,  0.5 si,  0.0 st
%Cpu(s): 11.1 us,  5.6 sy,  0.0 ni, 82.8 id,  0.0 wa,  0.0 hi,  0.6 si,  0.0 st
%Cpu(s): 11.8 us,  4.8 sy,  0.0 ni, 82.3 id,  0.0 wa,  0.0 hi,  0.6 si,  0.4 st
%Cpu(s): 17.3 us,  5.3 sy,  0.0 ni, 77.0 id,  0.0 wa,  0.0 hi,  0.4 si,  0.0 st
%Cpu(s): 12.9 us,  5.6 sy,  0.0 ni, 81.0 id,  0.0 wa,  0.0 hi,  0.4 si,  0.0 st
%Cpu(s): 12.5 us,  5.5 sy,  0.0 ni, 81.6 id,  0.0 wa,  0.0 hi,  0.4 si,  0.0 st
%Cpu(s): 12.0 us,  6.1 sy,  0.0 ni, 81.3 id,  0.0 wa,  0.0 hi,  0.4 si,  0.1 st
%Cpu(s): 11.4 us,  5.7 sy,  0.0 ni, 82.6 id,  0.0 wa,  0.0 hi,  0.3 si,  0.1 st
%Cpu(s): 12.3 us,  5.5 sy,  0.0 ni, 81.8 id,  0.0 wa,  0.0 hi,  0.4 si,  0.0 st
%Cpu(s): 10.9 us,  5.2 sy,  0.0 ni, 83.2 id,  0.0 wa,  0.0 hi,  0.6 si,  0.0 st
%Cpu(s): 12.0 us,  5.9 sy,  0.0 ni, 81.7 id,  0.0 wa,  0.0 hi,  0.4 si,  0.0 st
%Cpu(s): 14.3 us,  5.1 sy,  0.0 ni, 79.8 id,  0.0 wa,  0.0 hi,  0.8 si,  0.1 st
%Cpu(s): 14.2 us,  5.2 sy,  0.0 ni, 80.2 id,  0.0 wa,  0.0 hi,  0.4 si,  0.0 st
%Cpu(s): 10.2 us,  5.6 sy,  0.0 ni, 83.5 id,  0.0 wa,  0.0 hi,  0.5 si,  0.1 st
%Cpu(s): 15.6 us,  4.6 sy,  0.0 ni, 79.2 id,  0.0 wa,  0.0 hi,  0.6 si,  0.0 st
%Cpu(s): 11.2 us,  5.0 sy,  0.0 ni, 83.4 id,  0.0 wa,  0.0 hi,  0.4 si,  0.0 st
%Cpu(s): 11.1 us,  5.3 sy,  0.0 ni, 82.8 id,  0.1 wa,  0.0 hi,  0.8 si,  0.1 st
%Cpu(s): 12.5 us,  5.4 sy,  0.0 ni, 81.5 id,  0.0 wa,  0.0 hi,  0.6 si,  0.0 st
%Cpu(s): 11.0 us,  5.6 sy,  0.0 ni, 83.1 id,  0.0 wa,  0.0 hi,  0.4 si,  0.0 st
%Cpu(s): 13.8 us,  6.3 sy,  0.0 ni, 79.3 id,  0.0 wa,  0.0 hi,  0.6 si,  0.1 st
%Cpu(s): 14.4 us,  6.0 sy,  0.0 ni, 79.1 id,  0.0 wa,  0.0 hi,  0.6 si,  0.0 st
%Cpu(s): 12.8 us,  6.3 sy,  0.0 ni, 80.5 id,  0.0 wa,  0.0 hi,  0.4 si,  0.1 st
%Cpu(s): 10.9 us,  5.8 sy,  0.0 ni, 82.9 id,  0.0 wa,  0.0 hi,  0.4 si,  0.0 st
%Cpu(s): 14.7 us,  5.3 sy,  0.0 ni, 79.3 id,  0.0 wa,  0.0 hi,  0.7 si,  0.0 st
%Cpu(s): 20.0 us,  5.5 sy,  0.0 ni, 73.8 id,  0.0 wa,  0.0 hi,  0.7 si,  0.1 st
%Cpu(s): 16.6 us,  5.3 sy,  0.0 ni, 77.6 id,  0.0 wa,  0.0 hi,  0.4 si,  0.1 st
%Cpu(s): 15.3 us,  6.5 sy,  0.0 ni, 77.5 id,  0.0 wa,  0.0 hi,  0.6 si,  0.1 st
%Cpu(s): 18.1 us,  5.9 sy,  0.0 ni, 75.5 id,  0.0 wa,  0.0 hi,  0.5 si,  0.0 st
%Cpu(s): 24.1 us,  5.1 sy,  0.0 ni, 70.5 id,  0.0 wa,  0.0 hi,  0.4 si,  0.0 st
%Cpu(s): 17.3 us,  5.5 sy,  0.0 ni, 76.7 id,  0.0 wa,  0.0 hi,  0.6 si,  0.0 st
%Cpu(s): 12.4 us,  5.7 sy,  0.0 ni, 81.5 id,  0.0 wa,  0.0 hi,  0.4 si,  0.0 st
