%Cpu(s):  3.1 us,  0.8 sy,  0.0 ni, 96.1 id,  0.0 wa,  0.0 hi,  0.1 si,  0.0 st
%Cpu(s):  0.4 us,  0.0 sy,  0.0 ni, 99.6 id,  0.0 wa,  0.0 hi,  0.0 si,  0.0 st
%Cpu(s): 12.1 us,  1.8 sy,  0.0 ni, 86.1 id,  0.0 wa,  0.0 hi,  0.0 si,  0.1 st
%Cpu(s): 82.8 us,  5.7 sy,  0.0 ni, 11.5 id,  0.0 wa,  0.0 hi,  0.0 si,  0.1 st
%Cpu(s): 74.0 us,  3.7 sy,  0.0 ni, 22.2 id,  0.0 wa,  0.0 hi,  0.0 si,  0.1 st
%Cpu(s): 90.2 us,  2.9 sy,  0.0 ni,  6.9 id,  0.0 wa,  0.0 hi,  0.0 si,  0.1 st
%Cpu(s): 95.6 us,  2.4 sy,  0.0 ni,  1.9 id,  0.0 wa,  0.0 hi,  0.0 si,  0.0 st
%Cpu(s): 97.0 us,  2.3 sy,  0.0 ni,  0.7 id,  0.0 wa,  0.0 hi,  0.0 si,  0.0 st
%Cpu(s): 96.8 us,  3.1 sy,  0.0 ni,  0.1 id,  0.0 wa,  0.0 hi,  0.1 si,  0.0 st
%Cpu(s): 73.9 us,  1.9 sy,  0.0 ni, 24.1 id,  0.0 wa,  0.0 hi,  0.1 si,  0.0 st
%Cpu(s): 41.0 us,  1.6 sy,  0.0 ni, 57.2 id,  0.0 wa,  0.0 hi,  0.1 si,  0.1 st
%Cpu(s): 37.1 us,  1.6 sy,  0.0 ni, 61.3 id,  0.0 wa,  0.0 hi,  0.0 si,  0.1 st
%Cpu(s): 25.0 us,  1.8 sy,  0.0 ni, 73.2 id,  0.0 wa,  0.0 hi,  0.0 si,  0.0 st
%Cpu(s):  6.1 us,  3.6 sy,  0.0 ni, 90.2 id,  0.0 wa,  0.0 hi,  0.0 si,  0.2 st
%Cpu(s):  4.1 us,  2.1 sy,  0.0 ni, 93.6 id,  0.0 wa,  0.0 hi,  0.0 si,  0.3 st
%Cpu(s):  8.8 us,  1.6 sy,  0.0 ni, 89.4 id,  0.0 wa,  0.0 hi,  0.0 si,  0.2 st
%Cpu(s):  6.0 us,  2.1 sy,  0.0 ni, 91.7 id,  0.0 wa,  0.0 hi,  0.0 si,  0.2 st
%Cpu(s):  7.0 us,  2.4 sy,  0.0 ni, 90.4 id,  0.0 wa,  0.0 hi,  0.1 si,  0.1 st
%Cpu(s):  3.8 us,  2.3 sy,  0.0 ni, 93.8 id,  0.0 wa,  0.0 hi,  0.0 si,  0.0 st
%Cpu(s): 32.8 us,  3.3 sy,  0.0 ni, 63.6 id,  0.0 wa,  0.0 hi,  0.2 si,  0.1 st
%Cpu(s): 88.5 us,  5.0 sy,  0.0 ni,  5.6 id,  0.0 wa,  0.0 hi,  0.9 si,  0.0 st
%Cpu(s): 86.0 us,  6.5 sy,  0.0 ni,  6.7 id,  0.0 wa,  0.0 hi,  0.8 si,  0.0 st
%Cpu(s): 83.1 us,  6.2 sy,  0.0 ni,  9.3 id,  0.0 wa,  0.0 hi,  1.3 si,  0.0 st
%Cpu(s): 90.4 us,  7.7 sy,  0.0 ni,  0.7 id,  0.0 wa,  0.0 hi,  1.1 si,  0.0 st
%Cpu(s): 90.7 us,  7.5 sy,  0.0 ni,  0.2 id,  0.0 wa,  0.0 hi,  1.6 si,  0.0 st
%Cpu(s): 91.3 us,  7.4 sy,  0.0 ni,  0.0 id,  0.0 wa,  0.0 hi,  1.4 si,  0.0 st
%Cpu(s): 91.6 us,  6.7 sy,  0.0 ni,  0.0 id,  0.0 wa,  0.0 hi,  1.7 si,  0.0 st
%Cpu(s): 91.1 us,  7.5 sy,  0.0 ni,  0.1 id,  0.0 wa,  0.0 hi,  1.4 si,  0.0 st
%Cpu(s): 82.2 us,  6.9 sy,  0.0 ni,  9.3 id,  0.0 wa,  0.0 hi,  1.5 si,  0.0 st
%Cpu(s): 27.0 us,  6.7 sy,  0.0 ni, 65.6 id,  0.0 wa,  0.0 hi,  0.8 si,  0.1 st
%Cpu(s): 14.0 us,  5.9 sy,  0.0 ni, 79.5 id,  0.0 wa,  0.0 hi,  0.6 si,  0.0 st
%Cpu(s): 17.4 us,  6.3 sy,  0.0 ni, 75.4 id,  0.0 wa,  0.0 hi,  0.7 si,  0.1 st
%Cpu(s): 12.2 us,  6.0 sy,  0.0 ni, 81.3 id,  0.0 wa,  0.0 hi,  0.4 si,  0.1 st
%Cpu(s): 11.5 us,  6.1 sy,  0.0 ni, 81.6 id,  0.0 wa,  0.0 hi,  0.8 si,  0.0 st
%Cpu(s): 14.1 us,  5.6 sy,  0.0 ni, 79.8 id,  0.0 wa,  0.0 hi,  0.6 si,  0.0 st
%Cpu(s): 12.9 us,  5.9 sy,  0.0 ni, 80.5 id,  0.1 wa,  0.0 hi,  0.6 si,  0.0 st
%Cpu(s): 12.5 us,  6.1 sy,  0.0 ni, 80.8 id,  0.0 wa,  0.0 hi,  0.6 si,  0.1 st
%Cpu(s): 10.6 us,  6.2 sy,  0.0 ni, 82.5 id,  0.0 wa,  0.0 hi,  0.7 si,  0.0 st
%Cpu(s): 10.6 us,  6.4 sy,  0.0 ni, 82.4 id,  0.0 wa,  0.0 hi,  0.6 si,  0.0 st
%Cpu(s): 13.3 us,  5.4 sy,  0.0 ni, 80.6 id,  0.0 wa,  0.0 hi,  0.7 si,  0.1 st
%Cpu(s): 13.0 us,  6.3 sy,  0.0 ni, 80.2 id,  0.0 wa,  0.0 hi,  0.4 si,  0.1 st
%Cpu(s): 11.0 us,  5.8 sy,  0.0 ni, 82.4 id,  0.0 wa,  0.0 hi,  0.6 si,  0.1 st
%Cpu(s): 11.5 us,  5.8 sy,  0.0 ni, 82.2 id,  0.0 wa,  0.0 hi,  0.6 si,  0.0 st
%Cpu(s): 10.3 us,  6.1 sy,  0.0 ni, 82.9 id,  0.0 wa,  0.0 hi,  0.6 si,  0.1 st
%Cpu(s): 11.3 us,  6.2 sy,  0.0 ni, 81.9 id,  0.0 wa,  0.0 hi,  0.6 si,  0.0 st
%Cpu(s): 11.1 us,  5.2 sy,  0.0 ni, 83.0 id,  0.0 wa,  0.0 hi,  0.8 si,  0.0 st
%Cpu(s): 11.1 us,  5.7 sy,  0.0 ni, 82.5 id,  0.0 wa,  0.0 hi,  0.6 si,  0.1 st
%Cpu(s): 11.1 us,  6.5 sy,  0.0 ni, 81.6 id,  0.0 wa,  0.0 hi,  0.7 si,  0.1 st
%Cpu(s): 11.5 us,  6.3 sy,  0.0 ni, 81.9 id,  0.0 wa,  0.0 hi,  0.3 si,  0.0 st
%Cpu(s): 15.1 us,  5.9 sy,  0.0 ni, 78.3 id,  0.0 wa,  0.0 hi,  0.7 si,  0.1 st
%Cpu(s): 18.5 us,  5.9 sy,  0.0 ni, 74.8 id,  0.1 wa,  0.0 hi,  0.8 si,  0.0 st
%Cpu(s): 13.1 us,  6.2 sy,  0.0 ni, 80.0 id,  0.0 wa,  0.0 hi,  0.6 si,  0.1 st
%Cpu(s): 11.4 us,  6.0 sy,  0.0 ni, 82.1 id,  0.0 wa,  0.0 hi,  0.4 si,  0.1 st
%Cpu(s): 11.8 us,  5.6 sy,  0.0 ni, 82.1 id,  0.0 wa,  0.0 hi,  0.5 si,  0.0 st
%Cpu(s): 14.5 us,  5.9 sy,  0.0 ni, 79.1 id,  0.0 wa,  0.0 hi,  0.6 si,  0.0 st
%Cpu(s): 22.3 us,  6.2 sy,  0.0 ni, 70.6 id,  0.0 wa,  0.0 hi,  0.9 si,  0.0 st
%Cpu(s): 19.0 us,  6.0 sy,  0.0 ni, 74.0 id,  0.0 wa,  0.0 hi,  0.9 si,  0.1 st
%Cpu(s): 11.2 us,  5.7 sy,  0.0 ni, 82.6 id,  0.0 wa,  0.0 hi,  0.5 si,  0.0 st
%Cpu(s):  9.7 us,  6.1 sy,  0.0 ni, 83.6 id,  0.0 wa,  0.0 hi,  0.5 si,  0.1 st
%Cpu(s): 14.7 us,  5.5 sy,  0.0 ni, 79.2 id,  0.0 wa,  0.0 hi,  0.6 si,  0.0 st
%Cpu(s):  9.5 us,  5.4 sy,  0.0 ni, 84.4 id,  0.0 wa,  0.0 hi,  0.6 si,  0.1 st
%Cpu(s): 11.1 us,  6.6 sy,  0.0 ni, 81.3 id,  0.0 wa,  0.0 hi,  0.8 si,  0.1 st
%Cpu(s): 13.2 us,  6.0 sy,  0.0 ni, 80.2 id,  0.0 wa,  0.0 hi,  0.6 si,  0.1 st
%Cpu(s):  9.7 us,  6.2 sy,  0.0 ni, 83.5 id,  0.0 wa,  0.0 hi,  0.5 si,  0.1 st
%Cpu(s): 10.5 us,  6.5 sy,  0.0 ni, 82.5 id,  0.0 wa,  0.0 hi,  0.4 si,  0.0 st
%Cpu(s): 11.0 us,  5.9 sy,  0.0 ni, 82.5 id,  0.0 wa,  0.0 hi,  0.6 si,  0.0 st
%Cpu(s): 10.6 us,  4.7 sy,  0.0 ni, 83.8 id,  0.0 wa,  0.0 hi,  0.8 si,  0.0 st
%Cpu(s): 12.0 us,  6.2 sy,  0.0 ni, 81.4 id,  0.0 wa,  0.0 hi,  0.4 si,  0.0 st
%Cpu(s): 12.1 us,  5.9 sy,  0.0 ni, 81.4 id,  0.0 wa,  0.0 hi,  0.6 si,  0.1 st
%Cpu(s): 11.3 us,  6.2 sy,  0.0 ni, 82.0 id,  0.0 wa,  0.0 hi,  0.4 si,  0.1 st
%Cpu(s): 10.6 us,  6.3 sy,  0.0 ni, 82.3 id,  0.1 wa,  0.0 hi,  0.7 si,  0.0 st
%Cpu(s): 13.6 us,  6.5 sy,  0.0 ni, 79.2 id,  0.0 wa,  0.0 hi,  0.6 si,  0.1 st
%Cpu(s): 11.1 us,  6.2 sy,  0.0 ni, 82.0 id,  0.0 wa,  0.0 hi,  0.6 si,  0.1 st
%Cpu(s): 11.3 us,  6.3 sy,  0.0 ni, 81.9 id,  0.0 wa,  0.0 hi,  0.4 si,  0.0 st
%Cpu(s): 11.8 us,  6.0 sy,  0.0 ni, 81.4 id,  0.0 wa,  0.0 hi,  0.8 si,  0.0 st
%Cpu(s): 10.5 us,  6.5 sy,  0.0 ni, 82.4 id,  0.0 wa,  0.0 hi,  0.5 si,  0.1 st
