%Cpu(s):  2.1 us,  0.5 sy,  0.0 ni, 97.3 id,  0.0 wa,  0.0 hi,  0.0 si,  0.0 st
%Cpu(s):  3.6 us,  0.8 sy,  0.0 ni, 95.5 id,  0.0 wa,  0.0 hi,  0.0 si,  0.1 st
%Cpu(s): 74.0 us,  6.6 sy,  0.0 ni, 19.4 id,  0.0 wa,  0.0 hi,  0.0 si,  0.1 st
%Cpu(s): 73.0 us,  3.6 sy,  0.0 ni, 23.4 id,  0.0 wa,  0.0 hi,  0.0 si,  0.1 st
%Cpu(s): 84.2 us,  3.1 sy,  0.0 ni, 12.6 id,  0.0 wa,  0.0 hi,  0.0 si,  0.1 st
%Cpu(s): 94.3 us,  3.4 sy,  0.0 ni,  2.2 id,  0.0 wa,  0.0 hi,  0.1 si,  0.0 st
%Cpu(s): 95.3 us,  2.9 sy,  0.0 ni,  1.8 id,  0.0 wa,  0.0 hi,  0.0 si,  0.0 st
%Cpu(s): 91.7 us,  3.4 sy,  0.0 ni,  4.5 id,  0.0 wa,  0.0 hi,  0.3 si,  0.1 st
%Cpu(s): 26.1 us,  2.4 sy,  0.0 ni, 71.3 id,  0.0 wa,  0.0 hi,  0.1 si,  0.0 st
%Cpu(s):  9.8 us,  1.5 sy,  0.0 ni, 88.4 id,  0.0 wa,  0.0 hi,  0.0 si,  0.3 st
%Cpu(s):  5.4 us,  1.6 sy,  0.0 ni, 92.8 id,  0.1 wa,  0.0 hi,  0.0 si,  0.1 st
%Cpu(s):  2.6 us,  2.0 sy,  0.0 ni, 95.3 id,  0.0 wa,  0.0 hi,  0.0 si,  0.1 st
%Cpu(s):  3.1 us,  1.7 sy,  0.0 ni, 94.7 id,  0.0 wa,  0.0 hi,  0.1 si,  0.4 st
%Cpu(s):  3.9 us,  1.7 sy,  0.0 ni, 94.2 id,  0.0 wa,  0.0 hi,  0.0 si,  0.2 st
%Cpu(s):  6.2 us,  1.6 sy,  0.0 ni, 91.9 id,  0.0 wa,  0.0 hi,  0.0 si,  0.3 st
%Cpu(s): 12.3 us,  2.4 sy,  0.0 ni, 85.1 id,  0.0 wa,  0.0 hi,  0.1 si,  0.2 st
%Cpu(s): 10.0 us,  2.4 sy,  0.0 ni, 87.2 id,  0.0 wa,  0.0 hi,  0.2 si,  0.2 st
%Cpu(s): 19.5 us,  2.3 sy,  0.0 ni, 78.1 id,  0.0 wa,  0.0 hi,  0.0 si,  0.1 st
%Cpu(s): 68.8 us,  5.4 sy,  0.0 ni, 25.1 id,  0.0 wa,  0.0 hi,  0.6 si,  0.0 st
%Cpu(s): 74.7 us,  5.9 sy,  0.0 ni, 18.1 id,  0.0 wa,  0.0 hi,  1.4 si,  0.0 st
%Cpu(s): 91.6 us,  5.6 sy,  0.0 ni,  1.1 id,  0.0 wa,  0.0 hi,  1.6 si,  0.0 st
%Cpu(s): 91.2 us,  6.8 sy,  0.0 ni,  0.3 id,  0.0 wa,  0.0 hi,  1.7 si,  0.0 st
%Cpu(s): 88.3 us,  7.5 sy,  0.0 ni,  2.7 id,  0.0 wa,  0.0 hi,  1.5 si,  0.0 st
%Cpu(s): 87.6 us,  6.2 sy,  0.0 ni,  4.9 id,  0.0 wa,  0.0 hi,  1.3 si,  0.0 st
%Cpu(s): 55.5 us,  5.6 sy,  0.0 ni, 37.6 id,  0.0 wa,  0.0 hi,  1.3 si,  0.0 st
%Cpu(s): 30.8 us,  5.3 sy,  0.0 ni, 62.5 id,  0.1 wa,  0.0 hi,  1.2 si,  0.1 st
%Cpu(s): 37.3 us,  5.6 sy,  0.0 ni, 55.5 id,  0.0 wa,  0.0 hi,  1.6 si,  0.0 st
%Cpu(s): 20.8 us,  5.6 sy,  0.0 ni, 72.3 id,  0.0 wa,  0.0 hi,  1.3 si,  0.1 st
%Cpu(s): 19.9 us,  5.2 sy,  0.0 ni, 73.4 id,  0.0 wa,  0.0 hi,  1.3 si,  0.1 st
%Cpu(s): 17.8 us,  5.1 sy,  0.0 ni, 75.7 id,  0.0 wa,  0.0 hi,  1.5 si,  0.1 st
%Cpu(s): 15.5 us,  5.0 sy,  0.0 ni, 78.0 id,  0.0 wa,  0.0 hi,  1.6 si,  0.0 st
%Cpu(s): 19.8 us,  5.4 sy,  0.0 ni, 73.5 id,  0.0 wa,  0.0 hi,  1.3 si,  0.0 st
%Cpu(s): 11.2 us,  5.3 sy,  0.0 ni, 82.1 id,  0.0 wa,  0.0 hi,  1.5 si,  0.0 st
%Cpu(s):  9.4 us,  4.8 sy,  0.0 ni, 84.2 id,  0.0 wa,  0.0 hi,  1.5 si,  0.1 st
%Cpu(s): 15.0 us,  4.9 sy,  0.0 ni, 78.6 id,  0.0 wa,  0.0 hi,  1.4 si,  0.0 st
%Cpu(s): 23.6 us,  5.3 sy,  0.0 ni, 69.4 id,  0.1 wa,  0.0 hi,  1.6 si,  0.1 st
%Cpu(s): 11.6 us,  6.1 sy,  0.0 ni, 80.6 id,  0.0 wa,  0.0 hi,  1.7 si,  0.0 st
%Cpu(s):  9.4 us,  5.9 sy,  0.0 ni, 83.5 id,  0.0 wa,  0.0 hi,  1.2 si,  0.1 st
%Cpu(s): 10.8 us,  5.2 sy,  0.0 ni, 82.6 id,  0.0 wa,  0.0 hi,  1.4 si,  0.0 st
%Cpu(s):  8.7 us,  4.8 sy,  0.0 ni, 85.0 id,  0.0 wa,  0.0 hi,  1.5 si,  0.0 st
%Cpu(s):  9.6 us,  5.1 sy,  0.0 ni, 83.9 id,  0.0 wa,  0.0 hi,  1.2 si,  0.1 st
%Cpu(s): 11.2 us,  5.3 sy,  0.0 ni, 81.7 id,  0.0 wa,  0.0 hi,  1.8 si,  0.1 st
%Cpu(s):  9.3 us,  4.8 sy,  0.0 ni, 84.2 id,  0.0 wa,  0.0 hi,  1.8 si,  0.0 st
%Cpu(s):  8.2 us,  5.1 sy,  0.0 ni, 85.4 id,  0.0 wa,  0.0 hi,  1.3 si,  0.1 st
%Cpu(s): 12.1 us,  5.5 sy,  0.0 ni, 80.8 id,  0.0 wa,  0.0 hi,  1.6 si,  0.1 st
%Cpu(s): 16.3 us,  5.7 sy,  0.0 ni, 76.1 id,  0.0 wa,  0.0 hi,  1.9 si,  0.0 st
%Cpu(s):  9.3 us,  5.6 sy,  0.0 ni, 83.2 id,  0.0 wa,  0.0 hi,  1.9 si,  0.0 st
%Cpu(s):  8.9 us,  4.9 sy,  0.0 ni, 84.5 id,  0.0 wa,  0.0 hi,  1.8 si,  0.0 st
%Cpu(s): 21.2 us,  5.4 sy,  0.0 ni, 71.9 id,  0.0 wa,  0.0 hi,  1.5 si,  0.1 st
%Cpu(s): 23.5 us,  6.7 sy,  0.0 ni, 68.2 id,  0.0 wa,  0.0 hi,  1.6 si,  0.0 st
%Cpu(s): 11.8 us,  6.7 sy,  0.0 ni, 80.0 id,  0.0 wa,  0.0 hi,  1.5 si,  0.1 st
%Cpu(s): 14.9 us,  6.6 sy,  0.0 ni, 77.1 id,  0.0 wa,  0.0 hi,  1.3 si,  0.0 st
%Cpu(s):  9.7 us,  6.7 sy,  0.0 ni, 81.9 id,  0.0 wa,  0.0 hi,  1.6 si,  0.1 st
%Cpu(s):  9.1 us,  5.5 sy,  0.0 ni, 83.7 id,  0.0 wa,  0.0 hi,  1.6 si,  0.1 st
%Cpu(s): 14.5 us,  5.7 sy,  0.0 ni, 78.1 id,  0.0 wa,  0.0 hi,  1.8 si,  0.0 st
%Cpu(s): 12.9 us,  5.9 sy,  0.0 ni, 79.7 id,  0.0 wa,  0.0 hi,  1.5 si,  0.0 st
%Cpu(s): 11.0 us,  6.0 sy,  0.0 ni, 81.0 id,  0.0 wa,  0.0 hi,  2.0 si,  0.0 st
%Cpu(s): 10.1 us,  5.3 sy,  0.0 ni, 82.8 id,  0.0 wa,  0.0 hi,  1.9 si,  0.0 st
%Cpu(s):  8.9 us,  5.3 sy,  0.0 ni, 83.6 id,  0.0 wa,  0.0 hi,  2.1 si,  0.1 st
%Cpu(s):  9.8 us,  5.6 sy,  0.0 ni, 82.9 id,  0.0 wa,  0.0 hi,  1.7 si,  0.0 st
%Cpu(s):  9.0 us,  5.9 sy,  0.0 ni, 83.3 id,  0.0 wa,  0.0 hi,  1.8 si,  0.1 st
%Cpu(s):  8.8 us,  5.4 sy,  0.0 ni, 83.8 id,  0.0 wa,  0.0 hi,  2.0 si,  0.1 st
%Cpu(s):  7.9 us,  5.4 sy,  0.0 ni, 85.1 id,  0.0 wa,  0.0 hi,  1.6 si,  0.0 st
%Cpu(s): 10.1 us,  5.9 sy,  0.0 ni, 82.2 id,  0.0 wa,  0.0 hi,  1.8 si,  0.0 st
%Cpu(s):  7.9 us,  5.1 sy,  0.0 ni, 84.9 id,  0.0 wa,  0.0 hi,  2.1 si,  0.1 st
%Cpu(s):  9.5 us,  5.6 sy,  0.0 ni, 82.9 id,  0.1 wa,  0.0 hi,  1.9 si,  0.0 st
%Cpu(s):  8.8 us,  5.5 sy,  0.0 ni, 83.8 id,  0.0 wa,  0.0 hi,  1.8 si,  0.1 st
%Cpu(s):  9.5 us,  6.0 sy,  0.0 ni, 82.5 id,  0.0 wa,  0.0 hi,  1.9 si,  0.1 st
%Cpu(s):  8.1 us,  5.8 sy,  0.0 ni, 84.9 id,  0.0 wa,  0.0 hi,  1.3 si,  0.0 st
%Cpu(s):  7.4 us,  4.9 sy,  0.0 ni, 86.2 id,  0.0 wa,  0.0 hi,  1.5 si,  0.0 st
%Cpu(s):  8.7 us,  5.5 sy,  0.0 ni, 84.4 id,  0.0 wa,  0.0 hi,  1.5 si,  0.0 st
%Cpu(s): 10.2 us,  5.9 sy,  0.0 ni, 82.2 id,  0.0 wa,  0.0 hi,  1.7 si,  0.0 st
%Cpu(s):  9.7 us,  5.7 sy,  0.0 ni, 82.5 id,  0.0 wa,  0.0 hi,  2.0 si,  0.1 st
%Cpu(s):  9.4 us,  6.6 sy,  0.0 ni, 82.4 id,  0.0 wa,  0.0 hi,  1.6 si,  0.0 st
%Cpu(s): 12.3 us,  5.7 sy,  0.0 ni, 80.6 id,  0.0 wa,  0.0 hi,  1.5 si,  0.0 st
%Cpu(s):  8.1 us,  5.4 sy,  0.0 ni, 84.7 id,  0.0 wa,  0.0 hi,  1.7 si,  0.1 st
