%Cpu(s):  2.9 us,  0.8 sy,  0.0 ni, 96.3 id,  0.0 wa,  0.0 hi,  0.1 si,  0.0 st
%Cpu(s):  1.5 us,  0.7 sy,  0.0 ni, 97.7 id,  0.0 wa,  0.0 hi,  0.0 si,  0.1 st
%Cpu(s): 68.6 us,  6.3 sy,  0.0 ni, 25.0 id,  0.0 wa,  0.0 hi,  0.0 si,  0.1 st
%Cpu(s): 73.1 us,  3.4 sy,  0.0 ni, 23.3 id,  0.0 wa,  0.0 hi,  0.0 si,  0.1 st
%Cpu(s): 81.6 us,  3.1 sy,  0.0 ni, 15.3 id,  0.0 wa,  0.0 hi,  0.0 si,  0.1 st
%Cpu(s): 95.8 us,  3.3 sy,  0.0 ni,  0.9 id,  0.0 wa,  0.0 hi,  0.1 si,  0.0 st
%Cpu(s): 95.3 us,  3.1 sy,  0.0 ni,  1.7 id,  0.0 wa,  0.0 hi,  0.0 si,  0.0 st
%Cpu(s): 96.7 us,  2.8 sy,  0.0 ni,  0.4 id,  0.0 wa,  0.0 hi,  0.1 si,  0.0 st
%Cpu(s): 97.0 us,  2.8 sy,  0.0 ni,  0.0 id,  0.0 wa,  0.0 hi,  0.2 si,  0.0 st
%Cpu(s): 84.5 us,  1.3 sy,  0.0 ni, 14.2 id,  0.0 wa,  0.0 hi,  0.0 si,  0.0 st
%Cpu(s): 57.7 us,  0.8 sy,  0.0 ni, 41.5 id,  0.0 wa,  0.0 hi,  0.1 si,  0.1 st
%Cpu(s): 55.5 us,  0.7 sy,  0.0 ni, 43.8 id,  0.0 wa,  0.0 hi,  0.1 si,  0.0 st
%Cpu(s): 51.2 us,  1.1 sy,  0.0 ni, 47.7 id,  0.0 wa,  0.0 hi,  0.0 si,  0.0 st
%Cpu(s): 13.8 us,  1.9 sy,  0.0 ni, 84.1 id,  0.0 wa,  0.0 hi,  0.0 si,  0.1 st
%Cpu(s):  6.1 us,  1.5 sy,  0.0 ni, 92.2 id,  0.0 wa,  0.0 hi,  0.0 si,  0.2 st
%Cpu(s):  6.3 us,  2.8 sy,  0.0 ni, 90.7 id,  0.0 wa,  0.0 hi,  0.0 si,  0.2 st
%Cpu(s):  4.8 us,  1.8 sy,  0.0 ni, 93.1 id,  0.0 wa,  0.0 hi,  0.1 si,  0.1 st
%Cpu(s):  7.6 us,  2.6 sy,  0.0 ni, 89.6 id,  0.0 wa,  0.0 hi,  0.1 si,  0.1 st
%Cpu(s):  6.6 us,  2.0 sy,  0.0 ni, 91.4 id,  0.0 wa,  0.0 hi,  0.0 si,  0.0 st
%Cpu(s): 68.3 us,  4.3 sy,  0.0 ni, 27.1 id,  0.0 wa,  0.0 hi,  0.3 si,  0.1 st
%Cpu(s): 88.6 us,  7.7 sy,  0.0 ni,  2.6 id,  0.0 wa,  0.0 hi,  1.0 si,  0.0 st
%Cpu(s): 89.7 us,  8.2 sy,  0.0 ni,  0.7 id,  0.0 wa,  0.0 hi,  1.3 si,  0.0 st
%Cpu(s): 90.9 us,  7.6 sy,  0.0 ni,  0.1 id,  0.0 wa,  0.0 hi,  1.4 si,  0.0 st
%Cpu(s): 90.4 us,  7.8 sy,  0.0 ni,  0.4 id,  0.0 wa,  0.0 hi,  1.4 si,  0.0 st
%Cpu(s): 90.6 us,  8.1 sy,  0.0 ni,  0.0 id,  0.0 wa,  0.0 hi,  1.3 si,  0.0 st
%Cpu(s): 90.3 us,  8.3 sy,  0.0 ni,  0.0 id,  0.0 wa,  0.0 hi,  1.4 si,  0.0 st
%Cpu(s): 91.5 us,  7.5 sy,  0.0 ni,  0.1 id,  0.0 wa,  0.0 hi,  0.9 si,  0.0 st
%Cpu(s): 81.9 us,  8.5 sy,  0.0 ni,  8.6 id,  0.0 wa,  0.0 hi,  1.1 si,  0.0 st
%Cpu(s): 31.9 us,  6.5 sy,  0.0 ni, 60.8 id,  0.0 wa,  0.0 hi,  0.9 si,  0.0 st
%Cpu(s): 15.2 us,  6.1 sy,  0.0 ni, 77.7 id,  0.0 wa,  0.0 hi,  0.8 si,  0.1 st
%Cpu(s): 10.9 us,  6.0 sy,  0.0 ni, 82.2 id,  0.0 wa,  0.0 hi,  0.9 si,  0.0 st
%Cpu(s): 11.5 us,  6.4 sy,  0.0 ni, 81.5 id,  0.0 wa,  0.0 hi,  0.6 si,  0.0 st
%Cpu(s): 14.1 us,  6.5 sy,  0.0 ni, 78.9 id,  0.0 wa,  0.0 hi,  0.5 si,  0.1 st
%Cpu(s): 12.2 us,  6.7 sy,  0.0 ni, 80.6 id,  0.0 wa,  0.0 hi,  0.6 si,  0.0 st
%Cpu(s): 11.3 us,  6.3 sy,  0.0 ni, 81.7 id,  0.0 wa,  0.0 hi,  0.6 si,  0.1 st
%Cpu(s): 12.7 us,  6.3 sy,  0.0 ni, 80.4 id,  0.0 wa,  0.0 hi,  0.6 si,  0.0 st
%Cpu(s): 10.5 us,  5.8 sy,  0.0 ni, 82.9 id,  0.0 wa,  0.0 hi,  0.8 si,  0.1 st
%Cpu(s): 11.7 us,  5.7 sy,  0.0 ni, 81.8 id,  0.1 wa,  0.0 hi,  0.8 si,  0.0 st
%Cpu(s): 11.6 us,  5.6 sy,  0.0 ni, 82.0 id,  0.0 wa,  0.0 hi,  0.8 si,  0.0 st
%Cpu(s): 11.4 us,  5.9 sy,  0.0 ni, 82.0 id,  0.0 wa,  0.0 hi,  0.6 si,  0.1 st
%Cpu(s): 12.1 us,  6.2 sy,  0.0 ni, 81.0 id,  0.0 wa,  0.0 hi,  0.7 si,  0.0 st
%Cpu(s): 10.7 us,  5.7 sy,  0.0 ni, 83.0 id,  0.0 wa,  0.0 hi,  0.6 si,  0.0 st
%Cpu(s):  9.0 us,  5.6 sy,  0.0 ni, 84.7 id,  0.0 wa,  0.0 hi,  0.6 si,  0.1 st
%Cpu(s): 10.8 us,  5.6 sy,  0.0 ni, 83.0 id,  0.0 wa,  0.0 hi,  0.6 si,  0.0 st
%Cpu(s): 10.9 us,  5.9 sy,  0.0 ni, 82.4 id,  0.0 wa,  0.0 hi,  0.9 si,  0.0 st
%Cpu(s): 11.1 us,  6.1 sy,  0.0 ni, 82.0 id,  0.0 wa,  0.0 hi,  0.6 si,  0.1 st
%Cpu(s): 11.6 us,  5.9 sy,  0.0 ni, 82.2 id,  0.0 wa,  0.0 hi,  0.3 si,  0.0 st
%Cpu(s): 10.7 us,  6.3 sy,  0.0 ni, 82.3 id,  0.0 wa,  0.0 hi,  0.6 si,  0.1 st
%Cpu(s): 11.9 us,  6.1 sy,  0.0 ni, 81.2 id,  0.0 wa,  0.0 hi,  0.8 si,  0.1 st
%Cpu(s): 21.5 us,  5.8 sy,  0.0 ni, 72.0 id,  0.0 wa,  0.0 hi,  0.7 si,  0.0 st
%Cpu(s): 13.7 us,  5.5 sy,  0.0 ni, 80.2 id,  0.0 wa,  0.0 hi,  0.5 si,  0.1 st
%Cpu(s): 12.1 us,  6.5 sy,  0.0 ni, 80.8 id,  0.0 wa,  0.0 hi,  0.6 si,  0.0 st
%Cpu(s): 10.3 us,  6.2 sy,  0.0 ni, 82.8 id,  0.0 wa,  0.0 hi,  0.7 si,  0.0 st
%Cpu(s): 11.5 us,  5.6 sy,  0.0 ni, 82.3 id,  0.0 wa,  0.0 hi,  0.6 si,  0.0 st
%Cpu(s): 19.3 us,  5.6 sy,  0.0 ni, 74.5 id,  0.0 wa,  0.0 hi,  0.6 si,  0.0 st
%Cpu(s): 21.0 us,  5.7 sy,  0.0 ni, 72.5 id,  0.0 wa,  0.0 hi,  0.6 si,  0.1 st
%Cpu(s): 10.8 us,  6.5 sy,  0.0 ni, 82.2 id,  0.0 wa,  0.0 hi,  0.4 si,  0.0 st
%Cpu(s): 12.4 us,  5.1 sy,  0.0 ni, 81.9 id,  0.1 wa,  0.0 hi,  0.5 si,  0.1 st
%Cpu(s): 11.3 us,  6.5 sy,  0.0 ni, 81.5 id,  0.0 wa,  0.0 hi,  0.7 si,  0.0 st
%Cpu(s): 14.6 us,  5.3 sy,  0.0 ni, 79.4 id,  0.0 wa,  0.0 hi,  0.8 si,  0.0 st
%Cpu(s): 12.2 us,  6.1 sy,  0.0 ni, 81.2 id,  0.0 wa,  0.0 hi,  0.5 si,  0.1 st
%Cpu(s): 10.1 us,  6.4 sy,  0.0 ni, 82.9 id,  0.0 wa,  0.0 hi,  0.7 si,  0.0 st
%Cpu(s):  9.6 us,  6.1 sy,  0.0 ni, 83.6 id,  0.0 wa,  0.0 hi,  0.7 si,  0.1 st
%Cpu(s):  9.5 us,  6.1 sy,  0.0 ni, 84.0 id,  0.0 wa,  0.0 hi,  0.4 si,  0.0 st
%Cpu(s): 11.1 us,  6.6 sy,  0.0 ni, 81.9 id,  0.0 wa,  0.0 hi,  0.4 si,  0.1 st
%Cpu(s): 14.2 us,  6.4 sy,  0.0 ni, 78.6 id,  0.0 wa,  0.0 hi,  0.8 si,  0.0 st
%Cpu(s):  8.9 us,  6.4 sy,  0.0 ni, 83.9 id,  0.0 wa,  0.0 hi,  0.8 si,  0.0 st
%Cpu(s): 10.8 us,  5.8 sy,  0.0 ni, 82.5 id,  0.1 wa,  0.0 hi,  0.8 si,  0.0 st
%Cpu(s): 11.1 us,  6.1 sy,  0.0 ni, 82.0 id,  0.0 wa,  0.0 hi,  0.8 si,  0.0 st
%Cpu(s): 11.4 us,  6.5 sy,  0.0 ni, 81.5 id,  0.0 wa,  0.0 hi,  0.5 si,  0.1 st
%Cpu(s): 11.1 us,  6.1 sy,  0.0 ni, 82.4 id,  0.0 wa,  0.0 hi,  0.4 si,  0.0 st
%Cpu(s): 12.7 us,  6.3 sy,  0.0 ni, 80.3 id,  0.0 wa,  0.0 hi,  0.5 si,  0.1 st
%Cpu(s): 10.5 us,  6.8 sy,  0.0 ni, 82.2 id,  0.0 wa,  0.0 hi,  0.5 si,  0.0 st
%Cpu(s): 10.6 us,  6.7 sy,  0.0 ni, 82.0 id,  0.0 wa,  0.0 hi,  0.6 si,  0.1 st
%Cpu(s): 10.2 us,  6.2 sy,  0.0 ni, 82.9 id,  0.0 wa,  0.0 hi,  0.7 si,  0.0 st
%Cpu(s): 11.1 us,  6.1 sy,  0.0 ni, 82.0 id,  0.0 wa,  0.0 hi,  0.8 si,  0.1 st
