%Cpu(s):  1.0 us,  0.2 sy,  0.0 ni, 98.7 id,  0.0 wa,  0.0 hi,  0.0 si,  0.0 st
%Cpu(s):  0.3 us,  0.1 sy,  0.0 ni, 99.5 id,  0.0 wa,  0.0 hi,  0.0 si,  0.1 st
%Cpu(s): 22.8 us,  2.7 sy,  0.0 ni, 74.3 id,  0.1 wa,  0.0 hi,  0.1 si,  0.1 st
%Cpu(s): 52.4 us,  2.4 sy,  0.0 ni, 45.0 id,  0.0 wa,  0.0 hi,  0.1 si,  0.1 st
%Cpu(s): 51.5 us,  2.1 sy,  0.0 ni, 46.2 id,  0.0 wa,  0.0 hi,  0.0 si,  0.1 st
%Cpu(s): 75.6 us,  2.3 sy,  0.0 ni, 22.0 id,  0.0 wa,  0.0 hi,  0.0 si,  0.1 st
%Cpu(s): 64.8 us,  2.6 sy,  0.0 ni, 32.4 id,  0.0 wa,  0.0 hi,  0.1 si,  0.1 st
%Cpu(s): 18.3 us,  1.4 sy,  0.0 ni, 80.2 id,  0.0 wa,  0.0 hi,  0.0 si,  0.1 st
%Cpu(s):  2.2 us,  0.7 sy,  0.0 ni, 97.1 id,  0.0 wa,  0.0 hi,  0.0 si,  0.1 st
%Cpu(s):  1.6 us,  0.7 sy,  0.0 ni, 97.7 id,  0.0 wa,  0.0 hi,  0.0 si,  0.0 st
%Cpu(s):  2.0 us,  0.7 sy,  0.0 ni, 97.3 id,  0.0 wa,  0.0 hi,  0.0 si,  0.1 st
%Cpu(s):  2.0 us,  1.0 sy,  0.0 ni, 96.9 id,  0.0 wa,  0.0 hi,  0.0 si,  0.1 st
%Cpu(s):  1.7 us,  0.9 sy,  0.0 ni, 97.4 id,  0.0 wa,  0.0 hi,  0.0 si,  0.0 st
%Cpu(s):  1.6 us,  0.6 sy,  0.0 ni, 97.8 id,  0.0 wa,  0.0 hi,  0.0 si,  0.1 st
%Cpu(s): 13.4 us,  1.4 sy,  0.0 ni, 85.1 id,  0.0 wa,  0.0 hi,  0.1 si,  0.1 st
%Cpu(s): 48.2 us,  3.6 sy,  0.0 ni, 47.7 id,  0.0 wa,  0.0 hi,  0.5 si,  0.1 st
%Cpu(s): 85.6 us,  5.2 sy,  0.0 ni,  8.2 id,  0.0 wa,  0.0 hi,  1.1 si,  0.0 st
%Cpu(s): 75.2 us,  4.7 sy,  0.0 ni, 18.6 id,  0.0 wa,  0.0 hi,  1.4 si,  0.1 st
%Cpu(s): 64.0 us,  4.1 sy,  0.0 ni, 31.2 id,  0.0 wa,  0.0 hi,  0.7 si,  0.1 st
%Cpu(s): 57.3 us,  4.3 sy,  0.0 ni, 37.9 id,  0.0 wa,  0.0 hi,  0.4 si,  0.0 st
%Cpu(s): 46.8 us,  3.7 sy,  0.0 ni, 48.8 id,  0.0 wa,  0.0 hi,  0.7 si,  0.0 st
%Cpu(s): 23.9 us,  3.6 sy,  0.0 ni, 71.7 id,  0.0 wa,  0.0 hi,  0.8 si,  0.1 st
%Cpu(s): 15.7 us,  4.6 sy,  0.0 ni, 78.4 id,  0.0 wa,  0.0 hi,  1.3 si,  0.1 st
%Cpu(s): 29.2 us,  3.9 sy,  0.0 ni, 65.8 id,  0.0 wa,  0.0 hi,  1.1 si,  0.0 st
%Cpu(s): 22.5 us,  3.3 sy,  0.0 ni, 73.1 id,  0.0 wa,  0.0 hi,  1.1 si,  0.0 st
%Cpu(s): 15.4 us,  3.9 sy,  0.0 ni, 79.5 id,  0.0 wa,  0.0 hi,  1.1 si,  0.0 st
%Cpu(s):  8.2 us,  4.4 sy,  0.0 ni, 87.0 id,  0.0 wa,  0.0 hi,  0.3 si,  0.1 st
%Cpu(s):  8.5 us,  4.4 sy,  0.0 ni, 86.6 id,  0.0 wa,  0.0 hi,  0.5 si,  0.0 st
%Cpu(s):  9.2 us,  5.0 sy,  0.0 ni, 85.6 id,  0.0 wa,  0.0 hi,  0.2 si,  0.1 st
%Cpu(s):  9.0 us,  4.5 sy,  0.0 ni, 85.9 id,  0.0 wa,  0.0 hi,  0.6 si,  0.1 st
%Cpu(s):  9.9 us,  4.1 sy,  0.0 ni, 85.5 id,  0.0 wa,  0.0 hi,  0.5 si,  0.0 st
%Cpu(s):  8.2 us,  4.0 sy,  0.0 ni, 87.4 id,  0.0 wa,  0.0 hi,  0.3 si,  0.1 st
%Cpu(s):  9.8 us,  4.7 sy,  0.0 ni, 85.1 id,  0.1 wa,  0.0 hi,  0.4 si,  0.0 st
%Cpu(s):  7.6 us,  5.5 sy,  0.0 ni, 86.5 id,  0.0 wa,  0.0 hi,  0.3 si,  0.1 st
%Cpu(s):  8.8 us,  5.4 sy,  0.0 ni, 85.4 id,  0.0 wa,  0.0 hi,  0.3 si,  0.0 st
%Cpu(s):  8.9 us,  4.9 sy,  0.0 ni, 85.9 id,  0.0 wa,  0.0 hi,  0.3 si,  0.1 st
%Cpu(s):  9.3 us,  4.6 sy,  0.0 ni, 86.0 id,  0.0 wa,  0.0 hi,  0.1 si,  0.0 st
%Cpu(s): 16.0 us,  3.5 sy,  0.0 ni, 80.0 id,  0.0 wa,  0.0 hi,  0.5 si,  0.0 st
%Cpu(s): 12.5 us,  4.9 sy,  0.0 ni, 82.0 id,  0.0 wa,  0.0 hi,  0.5 si,  0.1 st
%Cpu(s):  8.7 us,  4.7 sy,  0.0 ni, 86.1 id,  0.0 wa,  0.0 hi,  0.4 si,  0.1 st
%Cpu(s): 17.4 us,  4.5 sy,  0.0 ni, 77.5 id,  0.0 wa,  0.0 hi,  0.6 si,  0.0 st
%Cpu(s): 16.6 us,  4.3 sy,  0.0 ni, 78.8 id,  0.0 wa,  0.0 hi,  0.4 si,  0.0 st
%Cpu(s): 11.5 us,  4.5 sy,  0.0 ni, 83.5 id,  0.0 wa,  0.0 hi,  0.4 si,  0.1 st
%Cpu(s): 19.8 us,  4.3 sy,  0.0 ni, 75.5 id,  0.0 wa,  0.0 hi,  0.4 si,  0.0 st
%Cpu(s): 15.3 us,  5.0 sy,  0.0 ni, 79.4 id,  0.0 wa,  0.0 hi,  0.4 si,  0.0 st
%Cpu(s):  8.4 us,  4.5 sy,  0.0 ni, 86.7 id,  0.0 wa,  0.0 hi,  0.3 si,  0.1 st
%Cpu(s): 11.0 us,  4.8 sy,  0.0 ni, 83.9 id,  0.0 wa,  0.0 hi,  0.3 si,  0.0 st
%Cpu(s): 10.1 us,  5.5 sy,  0.0 ni, 83.9 id,  0.0 wa,  0.0 hi,  0.4 si,  0.1 st
%Cpu(s):  7.2 us,  4.9 sy,  0.0 ni, 87.4 id,  0.0 wa,  0.0 hi,  0.4 si,  0.1 st
%Cpu(s): 10.7 us,  4.7 sy,  0.0 ni, 84.4 id,  0.0 wa,  0.0 hi,  0.2 si,  0.1 st
%Cpu(s):  9.0 us,  4.8 sy,  0.0 ni, 86.1 id,  0.0 wa,  0.0 hi,  0.1 si,  0.0 st
%Cpu(s):  8.3 us,  5.8 sy,  0.0 ni, 85.5 id,  0.0 wa,  0.0 hi,  0.4 si,  0.1 st
%Cpu(s):  8.2 us,  4.8 sy,  0.0 ni, 86.8 id,  0.1 wa,  0.0 hi,  0.2 si,  0.1 st
%Cpu(s):  8.6 us,  5.1 sy,  0.0 ni, 86.0 id,  0.0 wa,  0.0 hi,  0.3 si,  0.0 st
%Cpu(s):  8.2 us,  5.5 sy,  0.0 ni, 86.0 id,  0.0 wa,  0.0 hi,  0.3 si,  0.0 st
%Cpu(s):  8.1 us,  5.8 sy,  0.0 ni, 85.9 id,  0.0 wa,  0.0 hi,  0.1 si,  0.0 st
%Cpu(s):  9.8 us,  5.4 sy,  0.0 ni, 84.3 id,  0.0 wa,  0.0 hi,  0.3 si,  0.1 st
%Cpu(s):  7.7 us,  4.4 sy,  0.0 ni, 87.4 id,  0.0 wa,  0.0 hi,  0.5 si,  0.0 st
%Cpu(s):  9.4 us,  5.6 sy,  0.0 ni, 84.5 id,  0.0 wa,  0.0 hi,  0.4 si,  0.1 st
%Cpu(s):  9.1 us,  5.4 sy,  0.0 ni, 85.2 id,  0.0 wa,  0.0 hi,  0.3 si,  0.0 st
%Cpu(s):  8.9 us,  4.5 sy,  0.0 ni, 86.0 id,  0.0 wa,  0.0 hi,  0.4 si,  0.1 st
%Cpu(s):  7.8 us,  4.7 sy,  0.0 ni, 86.9 id,  0.0 wa,  0.0 hi,  0.6 si,  0.0 st
%Cpu(s):  9.2 us,  4.9 sy,  0.0 ni, 85.6 id,  0.0 wa,  0.0 hi,  0.2 si,  0.0 st
%Cpu(s):  8.1 us,  5.0 sy,  0.0 ni, 86.7 id,  0.0 wa,  0.0 hi,  0.2 si,  0.0 st
%Cpu(s):  7.9 us,  4.9 sy,  0.0 ni, 86.8 id,  0.0 wa,  0.0 hi,  0.4 si,  0.0 st
%Cpu(s):  8.0 us,  5.0 sy,  0.0 ni, 86.6 id,  0.0 wa,  0.0 hi,  0.3 si,  0.1 st
%Cpu(s): 10.5 us,  4.6 sy,  0.0 ni, 84.4 id,  0.0 wa,  0.0 hi,  0.4 si,  0.1 st
%Cpu(s): 38.3 us,  3.8 sy,  0.0 ni, 57.5 id,  0.0 wa,  0.0 hi,  0.4 si,  0.0 st
%Cpu(s): 13.6 us,  5.1 sy,  0.0 ni, 81.0 id,  0.0 wa,  0.0 hi,  0.2 si,  0.0 st
%Cpu(s): 10.1 us,  4.5 sy,  0.0 ni, 84.7 id,  0.0 wa,  0.0 hi,  0.5 si,  0.1 st
%Cpu(s): 10.8 us,  5.6 sy,  0.0 ni, 83.4 id,  0.0 wa,  0.0 hi,  0.3 si,  0.0 st
%Cpu(s):  9.5 us,  5.4 sy,  0.0 ni, 84.9 id,  0.0 wa,  0.0 hi,  0.3 si,  0.0 st
%Cpu(s):  7.7 us,  4.0 sy,  0.0 ni, 88.1 id,  0.0 wa,  0.0 hi,  0.1 si,  0.1 st
%Cpu(s):  8.2 us,  5.2 sy,  0.0 ni, 86.4 id,  0.0 wa,  0.0 hi,  0.3 si,  0.0 st
%Cpu(s):  8.6 us,  4.8 sy,  0.0 ni, 86.4 id,  0.0 wa,  0.0 hi,  0.2 si,  0.1 st
%Cpu(s):  8.1 us,  5.3 sy,  0.0 ni, 86.3 id,  0.0 wa,  0.0 hi,  0.3 si,  0.0 st
