%Cpu(s):  1.6 us,  0.8 sy,  0.0 ni, 97.6 id,  0.0 wa,  0.0 hi,  0.1 si,  0.0 st
%Cpu(s): 23.5 us,  0.7 sy,  0.0 ni, 75.7 id,  0.0 wa,  0.0 hi,  0.0 si,  0.0 st
%Cpu(s):  0.5 us,  0.1 sy,  0.0 ni, 99.4 id,  0.0 wa,  0.0 hi,  0.0 si,  0.0 st
%Cpu(s):  0.1 us,  0.0 sy,  0.0 ni, 99.9 id,  0.0 wa,  0.0 hi,  0.0 si,  0.0 st
%Cpu(s): 24.9 us,  3.0 sy,  0.0 ni, 72.0 id,  0.1 wa,  0.0 hi,  0.0 si,  0.0 st
%Cpu(s): 51.6 us,  1.6 sy,  0.0 ni, 46.5 id,  0.0 wa,  0.0 hi,  0.0 si,  0.2 st
%Cpu(s): 70.8 us,  2.4 sy,  0.0 ni, 26.7 id,  0.0 wa,  0.0 hi,  0.1 si,  0.0 st
%Cpu(s): 65.7 us,  1.2 sy,  0.0 ni, 33.1 id,  0.0 wa,  0.0 hi,  0.0 si,  0.0 st
%Cpu(s): 25.5 us,  2.1 sy,  0.0 ni, 72.0 id,  0.0 wa,  0.0 hi,  0.2 si,  0.1 st
%Cpu(s): 52.6 us,  3.5 sy,  0.0 ni, 42.9 id,  0.0 wa,  0.0 hi,  1.0 si,  0.0 st
%Cpu(s): 24.3 us,  4.0 sy,  0.0 ni, 70.5 id,  0.0 wa,  0.0 hi,  1.1 si,  0.1 st
%Cpu(s): 11.8 us,  3.7 sy,  0.0 ni, 83.9 id,  0.0 wa,  0.0 hi,  0.5 si,  0.0 st
%Cpu(s):  9.7 us,  3.3 sy,  0.0 ni, 86.1 id,  0.0 wa,  0.0 hi,  0.9 si,  0.0 st
%Cpu(s): 10.8 us,  3.7 sy,  0.0 ni, 84.6 id,  0.0 wa,  0.0 hi,  0.9 si,  0.0 st
%Cpu(s): 12.0 us,  4.1 sy,  0.0 ni, 83.2 id,  0.0 wa,  0.0 hi,  0.7 si,  0.0 st
%Cpu(s):  8.1 us,  4.1 sy,  0.0 ni, 87.1 id,  0.0 wa,  0.0 hi,  0.7 si,  0.0 st
%Cpu(s):  5.5 us,  3.4 sy,  0.0 ni, 90.0 id,  0.0 wa,  0.0 hi,  1.0 si,  0.1 st
%Cpu(s):  6.1 us,  3.0 sy,  0.0 ni, 90.2 id,  0.0 wa,  0.0 hi,  0.6 si,  0.0 st
%Cpu(s):  7.3 us,  3.5 sy,  0.0 ni, 88.4 id,  0.0 wa,  0.0 hi,  0.7 si,  0.1 st
%Cpu(s):  8.5 us,  4.2 sy,  0.0 ni, 86.6 id,  0.0 wa,  0.0 hi,  0.6 si,  0.0 st
%Cpu(s):  7.9 us,  3.4 sy,  0.0 ni, 88.0 id,  0.0 wa,  0.0 hi,  0.6 si,  0.0 st
%Cpu(s):  6.9 us,  3.6 sy,  0.0 ni, 88.7 id,  0.0 wa,  0.0 hi,  0.8 si,  0.0 st
%Cpu(s):  8.0 us,  3.8 sy,  0.0 ni, 86.8 id,  0.0 wa,  0.0 hi,  1.5 si,  0.0 st
%Cpu(s):  6.5 us,  3.1 sy,  0.0 ni, 89.6 id,  0.0 wa,  0.0 hi,  0.8 si,  0.1 st
%Cpu(s): 10.1 us,  4.6 sy,  0.0 ni, 84.1 id,  0.1 wa,  0.0 hi,  1.1 si,  0.0 st
%Cpu(s): 19.4 us,  4.2 sy,  0.0 ni, 76.1 id,  0.0 wa,  0.0 hi,  0.4 si,  0.0 st
%Cpu(s): 17.5 us,  3.0 sy,  0.0 ni, 79.0 id,  0.0 wa,  0.0 hi,  0.5 si,  0.0 st
%Cpu(s): 11.9 us,  3.6 sy,  0.0 ni, 83.6 id,  0.0 wa,  0.0 hi,  0.9 si,  0.0 st
%Cpu(s):  5.8 us,  4.3 sy,  0.0 ni, 89.1 id,  0.0 wa,  0.0 hi,  0.6 si,  0.1 st
%Cpu(s):  5.4 us,  4.0 sy,  0.0 ni, 90.0 id,  0.0 wa,  0.0 hi,  0.6 si,  0.0 st
%Cpu(s):  6.3 us,  3.6 sy,  0.0 ni, 89.5 id,  0.0 wa,  0.0 hi,  0.6 si,  0.0 st
%Cpu(s):  7.5 us,  3.0 sy,  0.0 ni, 88.9 id,  0.0 wa,  0.0 hi,  0.6 si,  0.0 st
%Cpu(s):  7.8 us,  4.6 sy,  0.0 ni, 86.6 id,  0.0 wa,  0.0 hi,  1.1 si,  0.0 st
%Cpu(s):  5.9 us,  3.5 sy,  0.0 ni, 89.8 id,  0.0 wa,  0.0 hi,  0.6 si,  0.1 st
%Cpu(s):  7.3 us,  3.9 sy,  0.0 ni, 88.0 id,  0.0 wa,  0.0 hi,  0.9 si,  0.0 st
%Cpu(s):  7.4 us,  3.8 sy,  0.0 ni, 87.3 id,  0.0 wa,  0.0 hi,  1.4 si,  0.0 st
%Cpu(s):  5.5 us,  4.1 sy,  0.0 ni, 89.7 id,  0.0 wa,  0.0 hi,  0.6 si,  0.0 st
%Cpu(s):  7.8 us,  3.7 sy,  0.0 ni, 87.5 id,  0.0 wa,  0.0 hi,  1.0 si,  0.0 st
%Cpu(s): 12.5 us,  3.1 sy,  0.0 ni, 83.6 id,  0.0 wa,  0.0 hi,  0.7 si,  0.1 st
%Cpu(s): 11.7 us,  4.1 sy,  0.0 ni, 83.0 id,  0.1 wa,  0.0 hi,  1.0 si,  0.0 st
%Cpu(s): 23.2 us,  3.1 sy,  0.0 ni, 72.7 id,  0.0 wa,  0.0 hi,  0.9 si,  0.0 st
%Cpu(s): 19.3 us,  3.5 sy,  0.0 ni, 76.6 id,  0.0 wa,  0.0 hi,  0.6 si,  0.0 st
%Cpu(s): 10.4 us,  3.5 sy,  0.0 ni, 85.2 id,  0.0 wa,  0.0 hi,  0.9 si,  0.0 st
%Cpu(s):  7.0 us,  3.7 sy,  0.0 ni, 88.3 id,  0.0 wa,  0.0 hi,  1.0 si,  0.0 st
%Cpu(s):  8.1 us,  4.3 sy,  0.0 ni, 86.8 id,  0.0 wa,  0.0 hi,  0.7 si,  0.0 st
%Cpu(s):  6.4 us,  3.6 sy,  0.0 ni, 89.1 id,  0.0 wa,  0.0 hi,  0.9 si,  0.0 st
%Cpu(s):  7.2 us,  4.1 sy,  0.0 ni, 88.0 id,  0.0 wa,  0.0 hi,  0.6 si,  0.0 st
%Cpu(s):  6.8 us,  3.5 sy,  0.0 ni, 88.9 id,  0.0 wa,  0.0 hi,  0.8 si,  0.0 st
%Cpu(s):  6.6 us,  4.0 sy,  0.0 ni, 88.5 id,  0.0 wa,  0.0 hi,  0.9 si,  0.0 st
%Cpu(s):  6.8 us,  3.8 sy,  0.0 ni, 88.7 id,  0.0 wa,  0.0 hi,  0.8 si,  0.0 st
%Cpu(s):  6.1 us,  4.0 sy,  0.0 ni, 88.7 id,  0.0 wa,  0.0 hi,  1.0 si,  0.1 st
%Cpu(s):  6.2 us,  3.6 sy,  0.0 ni, 89.3 id,  0.0 wa,  0.0 hi,  0.8 si,  0.1 st
%Cpu(s):  5.9 us,  4.6 sy,  0.0 ni, 88.7 id,  0.0 wa,  0.0 hi,  0.8 si,  0.0 st
%Cpu(s):  7.2 us,  3.5 sy,  0.0 ni, 88.5 id,  0.0 wa,  0.0 hi,  0.7 si,  0.0 st
%Cpu(s): 16.5 us,  4.3 sy,  0.0 ni, 78.6 id,  0.1 wa,  0.0 hi,  0.5 si,  0.0 st
%Cpu(s): 18.6 us,  4.4 sy,  0.0 ni, 76.2 id,  0.0 wa,  0.0 hi,  0.8 si,  0.0 st
%Cpu(s): 15.8 us,  3.7 sy,  0.0 ni, 79.7 id,  0.0 wa,  0.0 hi,  0.9 si,  0.0 st
%Cpu(s):  6.4 us,  4.6 sy,  0.0 ni, 87.7 id,  0.0 wa,  0.0 hi,  1.1 si,  0.1 st
%Cpu(s):  8.6 us,  3.5 sy,  0.0 ni, 84.0 id,  2.8 wa,  0.0 hi,  1.0 si,  0.1 st
%Cpu(s):  6.5 us,  3.9 sy,  0.0 ni, 89.2 id,  0.0 wa,  0.0 hi,  0.5 si,  0.0 st
%Cpu(s):  6.6 us,  4.0 sy,  0.0 ni, 88.9 id,  0.0 wa,  0.0 hi,  0.5 si,  0.0 st
%Cpu(s):  7.0 us,  3.9 sy,  0.0 ni, 88.4 id,  0.0 wa,  0.0 hi,  0.8 si,  0.0 st
%Cpu(s):  6.1 us,  3.7 sy,  0.0 ni, 89.2 id,  0.0 wa,  0.0 hi,  1.0 si,  0.0 st
%Cpu(s):  6.0 us,  3.9 sy,  0.0 ni, 89.0 id,  0.0 wa,  0.0 hi,  1.0 si,  0.1 st
%Cpu(s):  7.1 us,  3.7 sy,  0.0 ni, 88.5 id,  0.0 wa,  0.0 hi,  0.8 si,  0.0 st
%Cpu(s):  6.2 us,  4.4 sy,  0.0 ni, 88.4 id,  0.0 wa,  0.0 hi,  0.9 si,  0.1 st
%Cpu(s):  6.7 us,  3.2 sy,  0.0 ni, 89.3 id,  0.0 wa,  0.0 hi,  0.8 si,  0.0 st
%Cpu(s): 12.7 us,  3.9 sy,  0.0 ni, 82.6 id,  0.0 wa,  0.0 hi,  0.7 si,  0.0 st
%Cpu(s): 31.5 us,  2.6 sy,  0.0 ni, 64.8 id,  0.0 wa,  0.0 hi,  1.1 si,  0.0 st
