%Cpu(s):  3.2 us,  0.7 sy,  0.0 ni, 96.0 id,  0.0 wa,  0.0 hi,  0.1 si,  0.0 st
%Cpu(s):  3.9 us,  0.7 sy,  0.0 ni, 95.5 id,  0.0 wa,  0.0 hi,  0.0 si,  0.0 st
%Cpu(s): 79.9 us,  6.2 sy,  0.0 ni, 13.8 id,  0.0 wa,  0.0 hi,  0.1 si,  0.0 st
%Cpu(s): 84.4 us,  3.1 sy,  0.0 ni, 12.4 id,  0.0 wa,  0.0 hi,  0.0 si,  0.1 st
%Cpu(s): 71.0 us,  3.7 sy,  0.0 ni, 25.3 id,  0.0 wa,  0.0 hi,  0.0 si,  0.1 st
%Cpu(s): 92.1 us,  2.8 sy,  0.0 ni,  5.2 id,  0.0 wa,  0.0 hi,  0.0 si,  0.0 st
%Cpu(s): 96.4 us,  2.7 sy,  0.0 ni,  0.9 id,  0.0 wa,  0.0 hi,  0.0 si,  0.0 st
%Cpu(s): 95.4 us,  3.2 sy,  0.0 ni,  1.3 id,  0.0 wa,  0.0 hi,  0.1 si,  0.0 st
%Cpu(s): 96.8 us,  3.1 sy,  0.0 ni,  0.1 id,  0.0 wa,  0.0 hi,  0.1 si,  0.0 st
%Cpu(s): 97.3 us,  2.5 sy,  0.0 ni,  0.1 id,  0.0 wa,  0.0 hi,  0.2 si,  0.0 st
%Cpu(s): 96.3 us,  3.4 sy,  0.0 ni,  0.1 id,  0.0 wa,  0.0 hi,  0.1 si,  0.0 st
%Cpu(s): 93.4 us,  2.9 sy,  0.0 ni,  3.5 id,  0.0 wa,  0.0 hi,  0.2 si,  0.0 st
%Cpu(s): 51.5 us,  1.9 sy,  0.0 ni, 46.3 id,  0.0 wa,  0.0 hi,  0.3 si,  0.0 st
%Cpu(s): 38.1 us,  1.1 sy,  0.0 ni, 60.6 id,  0.0 wa,  0.0 hi,  0.1 si,  0.1 st
%Cpu(s): 48.5 us,  2.1 sy,  0.0 ni, 49.1 id,  0.0 wa,  0.0 hi,  0.3 si,  0.0 st
%Cpu(s): 89.8 us,  5.5 sy,  0.0 ni,  3.8 id,  0.0 wa,  0.0 hi,  0.9 si,  0.0 st
%Cpu(s): 90.2 us,  8.2 sy,  0.0 ni,  0.0 id,  0.0 wa,  0.0 hi,  1.5 si,  0.0 st
%Cpu(s): 90.7 us,  7.3 sy,  0.0 ni,  0.1 id,  0.0 wa,  0.0 hi,  1.9 si,  0.0 st
%Cpu(s): 89.8 us,  8.7 sy,  0.0 ni,  0.0 id,  0.0 wa,  0.0 hi,  1.5 si,  0.0 st
%Cpu(s): 90.3 us,  7.9 sy,  0.0 ni,  0.0 id,  0.0 wa,  0.0 hi,  1.7 si,  0.0 st
%Cpu(s): 90.7 us,  7.5 sy,  0.0 ni,  0.0 id,  0.0 wa,  0.0 hi,  1.8 si,  0.0 st
%Cpu(s): 91.4 us,  6.9 sy,  0.0 ni,  0.0 id,  0.0 wa,  0.0 hi,  1.7 si,  0.0 st
%Cpu(s): 92.2 us,  6.7 sy,  0.0 ni,  0.0 id,  0.0 wa,  0.0 hi,  1.1 si,  0.0 st
%Cpu(s): 91.0 us,  7.3 sy,  0.0 ni,  0.0 id,  0.0 wa,  0.0 hi,  1.6 si,  0.0 st
%Cpu(s): 91.5 us,  6.9 sy,  0.0 ni,  0.0 id,  0.0 wa,  0.0 hi,  1.6 si,  0.0 st
%Cpu(s): 91.3 us,  7.1 sy,  0.0 ni,  0.0 id,  0.0 wa,  0.0 hi,  1.6 si,  0.0 st
%Cpu(s): 92.1 us,  6.5 sy,  0.0 ni,  0.0 id,  0.0 wa,  0.0 hi,  1.4 si,  0.0 st
%Cpu(s): 92.6 us,  6.3 sy,  0.0 ni,  0.0 id,  0.0 wa,  0.0 hi,  1.1 si,  0.0 st
%Cpu(s): 91.9 us,  6.2 sy,  0.0 ni,  0.2 id,  0.0 wa,  0.0 hi,  1.6 si,  0.0 st
%Cpu(s): 90.3 us,  7.5 sy,  0.0 ni,  0.6 id,  0.0 wa,  0.0 hi,  1.6 si,  0.0 st
%Cpu(s): 74.4 us,  6.7 sy,  0.0 ni, 17.6 id,  0.0 wa,  0.0 hi,  1.3 si,  0.1 st
%Cpu(s): 47.7 us,  6.0 sy,  0.0 ni, 45.0 id,  0.0 wa,  0.0 hi,  1.3 si,  0.0 st
%Cpu(s): 36.6 us,  5.9 sy,  0.0 ni, 56.2 id,  0.1 wa,  0.0 hi,  1.2 si,  0.0 st
%Cpu(s): 20.3 us,  6.3 sy,  0.0 ni, 72.4 id,  0.0 wa,  0.0 hi,  0.9 si,  0.0 st
%Cpu(s): 19.1 us,  6.3 sy,  0.0 ni, 73.6 id,  0.0 wa,  0.0 hi,  1.1 si,  0.0 st
%Cpu(s): 19.0 us,  6.5 sy,  0.0 ni, 73.7 id,  0.0 wa,  0.0 hi,  0.6 si,  0.1 st
%Cpu(s): 15.4 us,  5.6 sy,  0.0 ni, 78.1 id,  0.0 wa,  0.0 hi,  1.0 si,  0.0 st
%Cpu(s): 13.4 us,  6.7 sy,  0.0 ni, 79.3 id,  0.0 wa,  0.0 hi,  0.6 si,  0.0 st
%Cpu(s): 14.4 us,  5.5 sy,  0.0 ni, 79.5 id,  0.0 wa,  0.0 hi,  0.6 si,  0.0 st
%Cpu(s): 14.5 us,  5.8 sy,  0.0 ni, 78.5 id,  0.0 wa,  0.0 hi,  1.0 si,  0.1 st
%Cpu(s): 13.4 us,  5.3 sy,  0.0 ni, 80.3 id,  0.0 wa,  0.0 hi,  1.1 si,  0.0 st
%Cpu(s): 30.1 us,  5.5 sy,  0.0 ni, 63.0 id,  0.0 wa,  0.0 hi,  1.1 si,  0.3 st
%Cpu(s): 34.0 us,  5.6 sy,  0.0 ni, 59.7 id,  0.0 wa,  0.0 hi,  0.8 si,  0.0 st
%Cpu(s): 19.4 us,  5.9 sy,  0.0 ni, 74.1 id,  0.0 wa,  0.0 hi,  0.6 si,  0.1 st
%Cpu(s): 14.3 us,  5.6 sy,  0.0 ni, 79.3 id,  0.0 wa,  0.0 hi,  0.7 si,  0.1 st
%Cpu(s): 14.8 us,  6.6 sy,  0.0 ni, 77.8 id,  0.0 wa,  0.0 hi,  0.8 si,  0.0 st
%Cpu(s): 41.9 us,  6.1 sy,  0.0 ni, 51.1 id,  0.0 wa,  0.0 hi,  0.9 si,  0.0 st
%Cpu(s): 52.0 us,  5.5 sy,  0.0 ni, 41.4 id,  0.0 wa,  0.0 hi,  1.1 si,  0.0 st
%Cpu(s): 28.6 us,  5.6 sy,  0.0 ni, 65.0 id,  0.0 wa,  0.0 hi,  0.8 si,  0.1 st
%Cpu(s): 13.3 us,  5.5 sy,  0.0 ni, 80.5 id,  0.0 wa,  0.0 hi,  0.6 si,  0.0 st
%Cpu(s): 16.5 us,  6.5 sy,  0.0 ni, 76.1 id,  0.0 wa,  0.0 hi,  0.9 si,  0.0 st
%Cpu(s): 16.4 us,  5.7 sy,  0.0 ni, 77.0 id,  0.0 wa,  0.0 hi,  0.9 si,  0.0 st
%Cpu(s): 13.8 us,  5.8 sy,  0.0 ni, 79.4 id,  0.1 wa,  0.0 hi,  0.8 si,  0.0 st
%Cpu(s): 12.9 us,  5.7 sy,  0.0 ni, 80.7 id,  0.0 wa,  0.0 hi,  0.7 si,  0.0 st
%Cpu(s): 14.3 us,  6.0 sy,  0.0 ni, 78.9 id,  0.0 wa,  0.0 hi,  0.7 si,  0.1 st
%Cpu(s): 15.8 us,  5.3 sy,  0.0 ni, 77.7 id,  0.0 wa,  0.0 hi,  1.2 si,  0.1 st
%Cpu(s): 20.9 us,  5.6 sy,  0.0 ni, 72.1 id,  0.0 wa,  0.0 hi,  1.3 si,  0.1 st
%Cpu(s): 14.2 us,  6.3 sy,  0.0 ni, 78.4 id,  0.0 wa,  0.0 hi,  1.0 si,  0.0 st
%Cpu(s): 13.5 us,  6.2 sy,  0.0 ni, 79.1 id,  0.0 wa,  0.0 hi,  1.1 si,  0.1 st
%Cpu(s): 14.0 us,  5.2 sy,  0.0 ni, 79.8 id,  0.0 wa,  0.0 hi,  1.0 si,  0.0 st
%Cpu(s): 15.2 us,  5.5 sy,  0.0 ni, 78.0 id,  0.0 wa,  0.0 hi,  1.3 si,  0.0 st
%Cpu(s): 14.5 us,  5.9 sy,  0.0 ni, 78.7 id,  0.0 wa,  0.0 hi,  1.0 si,  0.0 st
%Cpu(s): 14.3 us,  6.5 sy,  0.0 ni, 78.2 id,  0.0 wa,  0.0 hi,  1.0 si,  0.1 st
%Cpu(s): 16.0 us,  5.7 sy,  0.0 ni, 77.4 id,  0.0 wa,  0.0 hi,  0.8 si,  0.1 st
%Cpu(s): 15.2 us,  6.2 sy,  0.0 ni, 77.6 id,  0.0 wa,  0.0 hi,  1.0 si,  0.0 st
%Cpu(s): 13.1 us,  5.3 sy,  0.0 ni, 80.4 id,  0.0 wa,  0.0 hi,  1.2 si,  0.1 st
%Cpu(s): 15.2 us,  6.3 sy,  0.0 ni, 77.5 id,  0.0 wa,  0.0 hi,  0.8 si,  0.1 st
%Cpu(s): 13.3 us,  5.6 sy,  0.0 ni, 79.5 id,  0.3 wa,  0.0 hi,  1.3 si,  0.0 st
%Cpu(s): 11.2 us,  5.2 sy,  0.0 ni, 82.6 id,  0.0 wa,  0.0 hi,  1.0 si,  0.0 st
%Cpu(s): 15.5 us,  6.3 sy,  0.0 ni, 77.3 id,  0.0 wa,  0.0 hi,  0.9 si,  0.1 st
%Cpu(s): 17.2 us,  6.1 sy,  0.0 ni, 75.8 id,  0.0 wa,  0.0 hi,  0.9 si,  0.0 st
%Cpu(s): 24.3 us,  4.9 sy,  0.0 ni, 69.6 id,  0.0 wa,  0.0 hi,  1.1 si,  0.1 st
%Cpu(s): 18.4 us,  6.0 sy,  0.0 ni, 74.7 id,  0.1 wa,  0.0 hi,  0.8 si,  0.0 st
%Cpu(s): 18.8 us,  6.3 sy,  0.0 ni, 74.2 id,  0.0 wa,  0.0 hi,  0.6 si,  0.0 st
%Cpu(s): 13.2 us,  6.5 sy,  0.0 ni, 79.3 id,  0.0 wa,  0.0 hi,  0.9 si,  0.1 st
%Cpu(s): 16.2 us,  6.1 sy,  0.0 ni, 76.9 id,  0.0 wa,  0.0 hi,  0.8 si,  0.0 st
