%Cpu(s):  3.8 us,  0.8 sy,  0.0 ni, 95.2 id,  0.0 wa,  0.0 hi,  0.1 si,  0.0 st
%Cpu(s):  2.2 us,  0.7 sy,  0.0 ni, 97.0 id,  0.1 wa,  0.0 hi,  0.0 si,  0.0 st
%Cpu(s): 71.7 us,  7.8 sy,  0.0 ni, 20.4 id,  0.0 wa,  0.0 hi,  0.1 si,  0.1 st
%Cpu(s): 93.5 us,  5.3 sy,  0.0 ni,  1.2 id,  0.0 wa,  0.0 hi,  0.0 si,  0.0 st
%Cpu(s): 95.0 us,  4.2 sy,  0.0 ni,  0.8 id,  0.0 wa,  0.0 hi,  0.0 si,  0.0 st
%Cpu(s): 91.3 us,  4.5 sy,  0.0 ni,  4.1 id,  0.0 wa,  0.0 hi,  0.0 si,  0.1 st
%Cpu(s): 95.5 us,  3.0 sy,  0.0 ni,  1.5 id,  0.0 wa,  0.0 hi,  0.0 si,  0.0 st
%Cpu(s): 97.2 us,  2.8 sy,  0.0 ni,  0.0 id,  0.0 wa,  0.0 hi,  0.0 si,  0.0 st
%Cpu(s): 96.7 us,  3.3 sy,  0.0 ni,  0.0 id,  0.0 wa,  0.0 hi,  0.0 si,  0.0 st
%Cpu(s): 96.6 us,  3.4 sy,  0.0 ni,  0.0 id,  0.0 wa,  0.0 hi,  0.0 si,  0.0 st
%Cpu(s): 96.2 us,  3.7 sy,  0.0 ni,  0.1 id,  0.0 wa,  0.0 hi,  0.1 si,  0.0 st
%Cpu(s): 96.5 us,  3.3 sy,  0.0 ni,  0.0 id,  0.0 wa,  0.0 hi,  0.1 si,  0.0 st
%Cpu(s): 95.9 us,  3.9 sy,  0.0 ni,  0.0 id,  0.0 wa,  0.0 hi,  0.2 si,  0.0 st
%Cpu(s): 95.8 us,  4.0 sy,  0.0 ni,  0.0 id,  0.0 wa,  0.0 hi,  0.2 si,  0.0 st
%Cpu(s): 95.5 us,  4.3 sy,  0.0 ni,  0.0 id,  0.0 wa,  0.0 hi,  0.2 si,  0.0 st
%Cpu(s): 76.0 us,  2.5 sy,  0.0 ni, 21.3 id,  0.0 wa,  0.0 hi,  0.1 si,  0.0 st
%Cpu(s): 35.5 us,  2.9 sy,  0.0 ni, 61.5 id,  0.0 wa,  0.0 hi,  0.1 si,  0.0 st
%Cpu(s): 28.2 us,  3.0 sy,  0.0 ni, 68.7 id,  0.0 wa,  0.0 hi,  0.1 si,  0.1 st
%Cpu(s): 28.7 us,  3.9 sy,  0.0 ni, 67.4 id,  0.0 wa,  0.0 hi,  0.0 si,  0.0 st
%Cpu(s): 35.7 us,  2.7 sy,  0.0 ni, 61.3 id,  0.0 wa,  0.0 hi,  0.3 si,  0.1 st
%Cpu(s): 24.2 us,  2.7 sy,  0.0 ni, 72.7 id,  0.0 wa,  0.0 hi,  0.3 si,  0.1 st
%Cpu(s): 36.3 us,  2.5 sy,  0.0 ni, 60.9 id,  0.0 wa,  0.0 hi,  0.3 si,  0.1 st
%Cpu(s): 12.2 us,  3.8 sy,  0.0 ni, 84.0 id,  0.0 wa,  0.0 hi,  0.1 si,  0.0 st
%Cpu(s): 23.9 us,  4.7 sy,  0.0 ni, 71.0 id,  0.0 wa,  0.0 hi,  0.4 si,  0.1 st
%Cpu(s): 53.5 us,  5.8 sy,  0.0 ni, 39.9 id,  0.0 wa,  0.0 hi,  0.8 si,  0.0 st
%Cpu(s): 77.8 us,  6.9 sy,  0.0 ni, 14.2 id,  0.0 wa,  0.0 hi,  1.1 si,  0.0 st
%Cpu(s): 90.6 us,  8.1 sy,  0.0 ni,  0.2 id,  0.0 wa,  0.0 hi,  1.1 si,  0.0 st
%Cpu(s): 89.8 us,  8.4 sy,  0.0 ni,  0.5 id,  0.0 wa,  0.0 hi,  1.3 si,  0.0 st
%Cpu(s): 88.4 us,  9.7 sy,  0.0 ni,  0.5 id,  0.0 wa,  0.0 hi,  1.4 si,  0.0 st
%Cpu(s): 90.1 us,  8.7 sy,  0.0 ni,  0.0 id,  0.0 wa,  0.0 hi,  1.2 si,  0.0 st
%Cpu(s): 88.1 us, 10.4 sy,  0.0 ni,  0.1 id,  0.0 wa,  0.0 hi,  1.5 si,  0.0 st
%Cpu(s): 88.0 us, 10.4 sy,  0.0 ni,  0.0 id,  0.0 wa,  0.0 hi,  1.6 si,  0.0 st
%Cpu(s): 89.5 us,  9.1 sy,  0.0 ni,  0.0 id,  0.0 wa,  0.0 hi,  1.4 si,  0.0 st
%Cpu(s): 87.3 us, 10.8 sy,  0.0 ni,  0.1 id,  0.0 wa,  0.0 hi,  1.7 si,  0.0 st
%Cpu(s): 88.6 us, 10.1 sy,  0.0 ni,  0.0 id,  0.0 wa,  0.0 hi,  1.4 si,  0.0 st
%Cpu(s): 87.5 us, 11.0 sy,  0.0 ni,  0.1 id,  0.0 wa,  0.0 hi,  1.5 si,  0.0 st
%Cpu(s): 87.4 us, 11.0 sy,  0.0 ni,  0.1 id,  0.0 wa,  0.0 hi,  1.5 si,  0.0 st
%Cpu(s): 87.6 us, 10.7 sy,  0.0 ni,  0.0 id,  0.0 wa,  0.0 hi,  1.7 si,  0.0 st
%Cpu(s): 88.3 us, 10.3 sy,  0.0 ni,  0.0 id,  0.0 wa,  0.0 hi,  1.4 si,  0.0 st
%Cpu(s): 87.7 us, 10.3 sy,  0.0 ni,  0.0 id,  0.0 wa,  0.0 hi,  2.0 si,  0.0 st
%Cpu(s): 88.5 us, 10.1 sy,  0.0 ni,  0.2 id,  0.0 wa,  0.0 hi,  1.2 si,  0.0 st
%Cpu(s): 86.9 us, 10.0 sy,  0.0 ni,  1.1 id,  0.0 wa,  0.0 hi,  2.0 si,  0.0 st
%Cpu(s): 63.9 us,  9.5 sy,  0.0 ni, 24.5 id,  0.0 wa,  0.0 hi,  2.1 si,  0.0 st
%Cpu(s): 34.4 us,  9.3 sy,  0.0 ni, 54.6 id,  0.0 wa,  0.0 hi,  1.7 si,  0.0 st
%Cpu(s): 28.1 us,  9.5 sy,  0.0 ni, 60.1 id,  0.0 wa,  0.0 hi,  2.3 si,  0.0 st
%Cpu(s): 20.3 us,  8.2 sy,  0.0 ni, 69.6 id,  0.0 wa,  0.0 hi,  1.9 si,  0.0 st
%Cpu(s): 18.0 us,  7.9 sy,  0.0 ni, 72.6 id,  0.0 wa,  0.0 hi,  1.5 si,  0.1 st
%Cpu(s): 20.3 us,  8.2 sy,  0.0 ni, 69.7 id,  0.0 wa,  0.0 hi,  1.9 si,  0.0 st
%Cpu(s): 17.6 us,  7.2 sy,  0.0 ni, 73.3 id,  0.0 wa,  0.0 hi,  1.9 si,  0.0 st
%Cpu(s): 17.6 us,  8.6 sy,  0.0 ni, 71.6 id,  0.0 wa,  0.0 hi,  2.2 si,  0.0 st
%Cpu(s): 14.6 us,  7.9 sy,  0.0 ni, 75.6 id,  0.1 wa,  0.0 hi,  1.8 si,  0.0 st
%Cpu(s): 14.0 us,  7.7 sy,  0.0 ni, 76.4 id,  0.0 wa,  0.0 hi,  1.9 si,  0.0 st
%Cpu(s): 15.9 us,  6.8 sy,  0.0 ni, 75.1 id,  0.0 wa,  0.0 hi,  2.2 si,  0.0 st
%Cpu(s): 16.3 us,  7.5 sy,  0.0 ni, 74.0 id,  0.0 wa,  0.0 hi,  2.1 si,  0.1 st
%Cpu(s): 17.6 us,  8.0 sy,  0.0 ni, 72.6 id,  0.0 wa,  0.0 hi,  1.8 si,  0.0 st
%Cpu(s): 23.5 us,  7.1 sy,  0.0 ni, 67.6 id,  0.0 wa,  0.0 hi,  1.8 si,  0.1 st
%Cpu(s): 26.3 us,  7.3 sy,  0.0 ni, 64.6 id,  0.0 wa,  0.0 hi,  1.8 si,  0.0 st
%Cpu(s): 20.6 us,  7.6 sy,  0.0 ni, 69.6 id,  0.0 wa,  0.0 hi,  2.1 si,  0.0 st
%Cpu(s): 15.4 us,  8.6 sy,  0.0 ni, 74.3 id,  0.0 wa,  0.0 hi,  1.6 si,  0.0 st
%Cpu(s): 15.0 us,  7.6 sy,  0.0 ni, 75.5 id,  0.1 wa,  0.0 hi,  1.8 si,  0.1 st
%Cpu(s): 14.5 us,  7.9 sy,  0.0 ni, 76.0 id,  0.0 wa,  0.0 hi,  1.6 si,  0.0 st
%Cpu(s): 17.3 us,  7.1 sy,  0.0 ni, 73.6 id,  0.0 wa,  0.0 hi,  2.0 si,  0.0 st
%Cpu(s): 18.7 us,  8.7 sy,  0.0 ni, 70.4 id,  0.0 wa,  0.0 hi,  2.1 si,  0.0 st
%Cpu(s): 21.6 us,  8.0 sy,  0.0 ni, 68.6 id,  0.0 wa,  0.0 hi,  1.8 si,  0.0 st
%Cpu(s): 21.5 us,  7.4 sy,  0.0 ni, 69.3 id,  0.0 wa,  0.0 hi,  1.7 si,  0.1 st
%Cpu(s): 21.2 us,  8.0 sy,  0.0 ni, 68.7 id,  0.0 wa,  0.0 hi,  2.0 si,  0.0 st
%Cpu(s): 15.7 us,  7.4 sy,  0.0 ni, 75.4 id,  0.0 wa,  0.0 hi,  1.5 si,  0.0 st
%Cpu(s): 14.4 us,  7.5 sy,  0.0 ni, 76.4 id,  0.0 wa,  0.0 hi,  1.7 si,  0.1 st
%Cpu(s): 13.8 us,  8.8 sy,  0.0 ni, 75.4 id,  0.0 wa,  0.0 hi,  2.0 si,  0.0 st
%Cpu(s): 16.0 us,  8.0 sy,  0.0 ni, 74.4 id,  0.0 wa,  0.0 hi,  1.6 si,  0.0 st
%Cpu(s): 20.5 us,  7.5 sy,  0.0 ni, 70.0 id,  0.0 wa,  0.0 hi,  1.9 si,  0.0 st
%Cpu(s): 14.7 us,  8.6 sy,  0.0 ni, 74.8 id,  0.0 wa,  0.0 hi,  1.8 si,  0.0 st
%Cpu(s): 17.4 us,  9.0 sy,  0.0 ni, 72.2 id,  0.0 wa,  0.0 hi,  1.5 si,  0.0 st
%Cpu(s): 20.3 us,  9.4 sy,  0.0 ni, 68.8 id,  0.0 wa,  0.0 hi,  1.5 si,  0.0 st
%Cpu(s): 21.8 us,  9.4 sy,  0.0 ni, 67.3 id,  0.0 wa,  0.0 hi,  1.5 si,  0.0 st
%Cpu(s): 16.9 us,  7.9 sy,  0.0 ni, 73.4 id,  0.0 wa,  0.0 hi,  1.8 si,  0.1 st
