%Cpu(s):  1.6 us,  0.3 sy,  0.0 ni, 98.1 id,  0.0 wa,  0.0 hi,  0.0 si,  0.0 st
%Cpu(s):  1.6 us,  0.5 sy,  0.0 ni, 97.8 id,  0.0 wa,  0.0 hi,  0.0 si,  0.1 st
%Cpu(s): 45.0 us,  5.1 sy,  0.0 ni, 49.8 id,  0.0 wa,  0.0 hi,  0.0 si,  0.1 st
%Cpu(s): 80.2 us,  3.6 sy,  0.0 ni, 16.2 id,  0.0 wa,  0.0 hi,  0.0 si,  0.1 st
%Cpu(s): 74.9 us,  3.3 sy,  0.0 ni, 21.8 id,  0.0 wa,  0.0 hi,  0.0 si,  0.1 st
%Cpu(s): 95.1 us,  3.4 sy,  0.0 ni,  1.4 id,  0.0 wa,  0.0 hi,  0.0 si,  0.1 st
%Cpu(s): 95.7 us,  3.0 sy,  0.0 ni,  1.3 id,  0.0 wa,  0.0 hi,  0.0 si,  0.0 st
%Cpu(s): 93.8 us,  4.1 sy,  0.0 ni,  1.9 id,  0.0 wa,  0.0 hi,  0.2 si,  0.0 st
%Cpu(s): 55.6 us,  2.1 sy,  0.0 ni, 42.0 id,  0.0 wa,  0.0 hi,  0.3 si,  0.1 st
%Cpu(s):  8.6 us,  1.9 sy,  0.0 ni, 89.2 id,  0.0 wa,  0.0 hi,  0.1 si,  0.2 st
%Cpu(s):  3.3 us,  1.2 sy,  0.0 ni, 95.2 id,  0.0 wa,  0.0 hi,  0.0 si,  0.3 st
%Cpu(s):  3.4 us,  2.4 sy,  0.0 ni, 93.9 id,  0.0 wa,  0.0 hi,  0.0 si,  0.3 st
%Cpu(s):  2.9 us,  1.3 sy,  0.0 ni, 95.5 id,  0.1 wa,  0.0 hi,  0.0 si,  0.2 st
%Cpu(s):  4.4 us,  1.9 sy,  0.0 ni, 93.4 id,  0.0 wa,  0.0 hi,  0.0 si,  0.3 st
%Cpu(s):  6.6 us,  1.9 sy,  0.0 ni, 91.2 id,  0.0 wa,  0.0 hi,  0.1 si,  0.2 st
%Cpu(s):  9.3 us,  2.1 sy,  0.0 ni, 88.4 id,  0.0 wa,  0.0 hi,  0.0 si,  0.3 st
%Cpu(s): 13.9 us,  1.8 sy,  0.0 ni, 84.0 id,  0.0 wa,  0.0 hi,  0.1 si,  0.2 st
%Cpu(s): 11.2 us,  2.5 sy,  0.0 ni, 85.9 id,  0.0 wa,  0.0 hi,  0.2 si,  0.3 st
%Cpu(s): 68.3 us,  4.5 sy,  0.0 ni, 26.6 id,  0.0 wa,  0.0 hi,  0.6 si,  0.0 st
%Cpu(s): 67.4 us,  4.9 sy,  0.0 ni, 26.6 id,  0.0 wa,  0.0 hi,  1.0 si,  0.1 st
%Cpu(s): 79.0 us,  5.8 sy,  0.0 ni, 14.2 id,  0.0 wa,  0.0 hi,  1.0 si,  0.0 st
%Cpu(s): 74.2 us,  6.9 sy,  0.0 ni, 17.4 id,  0.0 wa,  0.0 hi,  1.6 si,  0.0 st
%Cpu(s): 59.4 us,  6.2 sy,  0.0 ni, 33.0 id,  0.0 wa,  0.0 hi,  1.4 si,  0.0 st
%Cpu(s): 49.5 us,  5.5 sy,  0.0 ni, 43.4 id,  0.0 wa,  0.0 hi,  1.6 si,  0.1 st
%Cpu(s): 63.5 us,  5.1 sy,  0.0 ni, 30.4 id,  0.0 wa,  0.0 hi,  0.9 si,  0.0 st
%Cpu(s): 50.8 us,  6.6 sy,  0.0 ni, 40.8 id,  0.1 wa,  0.0 hi,  1.9 si,  0.0 st
%Cpu(s): 28.0 us,  6.0 sy,  0.0 ni, 64.6 id,  0.0 wa,  0.0 hi,  1.4 si,  0.1 st
%Cpu(s): 19.3 us,  5.9 sy,  0.0 ni, 73.3 id,  0.0 wa,  0.0 hi,  1.4 si,  0.1 st
%Cpu(s): 32.3 us,  6.0 sy,  0.0 ni, 60.5 id,  0.0 wa,  0.0 hi,  1.2 si,  0.1 st
%Cpu(s): 21.6 us,  5.4 sy,  0.0 ni, 71.3 id,  0.0 wa,  0.0 hi,  1.7 si,  0.0 st
%Cpu(s): 22.3 us,  4.7 sy,  0.0 ni, 71.5 id,  0.0 wa,  0.0 hi,  1.5 si,  0.0 st
%Cpu(s): 19.1 us,  5.7 sy,  0.0 ni, 73.5 id,  0.0 wa,  0.0 hi,  1.6 si,  0.1 st
%Cpu(s): 12.7 us,  5.8 sy,  0.0 ni, 79.9 id,  0.0 wa,  0.0 hi,  1.6 si,  0.1 st
%Cpu(s): 11.6 us,  5.6 sy,  0.0 ni, 81.7 id,  0.0 wa,  0.0 hi,  1.1 si,  0.0 st
%Cpu(s):  9.3 us,  4.9 sy,  0.0 ni, 84.4 id,  0.0 wa,  0.0 hi,  1.3 si,  0.1 st
%Cpu(s): 10.9 us,  5.2 sy,  0.0 ni, 82.2 id,  0.0 wa,  0.0 hi,  1.8 si,  0.0 st
%Cpu(s):  9.2 us,  6.0 sy,  0.0 ni, 83.0 id,  0.0 wa,  0.0 hi,  1.8 si,  0.1 st
%Cpu(s):  8.9 us,  5.5 sy,  0.0 ni, 84.1 id,  0.0 wa,  0.0 hi,  1.5 si,  0.0 st
%Cpu(s): 10.7 us,  6.1 sy,  0.0 ni, 81.8 id,  0.0 wa,  0.0 hi,  1.4 si,  0.0 st
%Cpu(s): 13.1 us,  5.3 sy,  0.0 ni, 80.0 id,  0.0 wa,  0.0 hi,  1.5 si,  0.1 st
%Cpu(s): 11.4 us,  4.9 sy,  0.0 ni, 82.3 id,  0.0 wa,  0.0 hi,  1.4 si,  0.0 st
%Cpu(s): 12.8 us,  5.6 sy,  0.0 ni, 80.0 id,  0.0 wa,  0.0 hi,  1.6 si,  0.0 st
%Cpu(s): 16.5 us,  4.6 sy,  0.0 ni, 77.4 id,  0.0 wa,  0.0 hi,  1.4 si,  0.1 st
%Cpu(s): 16.3 us,  6.0 sy,  0.0 ni, 76.4 id,  0.0 wa,  0.0 hi,  1.2 si,  0.1 st
%Cpu(s):  7.9 us,  5.1 sy,  0.0 ni, 85.1 id,  0.0 wa,  0.0 hi,  1.8 si,  0.1 st
%Cpu(s):  8.5 us,  6.4 sy,  0.0 ni, 83.6 id,  0.0 wa,  0.0 hi,  1.5 si,  0.0 st
%Cpu(s): 12.6 us,  4.9 sy,  0.0 ni, 80.6 id,  0.0 wa,  0.0 hi,  1.9 si,  0.0 st
%Cpu(s):  9.8 us,  5.9 sy,  0.0 ni, 82.0 id,  0.1 wa,  0.0 hi,  2.2 si,  0.0 st
%Cpu(s): 18.7 us,  5.4 sy,  0.0 ni, 74.4 id,  0.0 wa,  0.0 hi,  1.5 si,  0.0 st
%Cpu(s): 26.5 us,  5.3 sy,  0.0 ni, 66.2 id,  0.0 wa,  0.0 hi,  1.9 si,  0.0 st
%Cpu(s): 13.9 us,  5.6 sy,  0.0 ni, 78.7 id,  0.0 wa,  0.0 hi,  1.7 si,  0.1 st
%Cpu(s):  9.8 us,  5.9 sy,  0.0 ni, 82.6 id,  0.0 wa,  0.0 hi,  1.6 si,  0.1 st
%Cpu(s): 13.2 us,  5.4 sy,  0.0 ni, 79.9 id,  0.0 wa,  0.0 hi,  1.6 si,  0.0 st
%Cpu(s): 11.3 us,  6.0 sy,  0.0 ni, 80.7 id,  0.0 wa,  0.0 hi,  1.9 si,  0.1 st
%Cpu(s):  9.6 us,  5.3 sy,  0.0 ni, 83.5 id,  0.0 wa,  0.0 hi,  1.6 si,  0.1 st
%Cpu(s): 12.6 us,  5.5 sy,  0.0 ni, 80.0 id,  0.0 wa,  0.0 hi,  2.0 si,  0.0 st
%Cpu(s): 13.6 us,  6.2 sy,  0.0 ni, 78.1 id,  0.0 wa,  0.0 hi,  2.0 si,  0.1 st
%Cpu(s):  9.6 us,  5.1 sy,  0.0 ni, 83.3 id,  0.1 wa,  0.0 hi,  1.9 si,  0.0 st
%Cpu(s):  9.2 us,  6.0 sy,  0.0 ni, 83.1 id,  0.0 wa,  0.0 hi,  1.7 si,  0.0 st
%Cpu(s):  8.3 us,  6.0 sy,  0.0 ni, 84.0 id,  0.0 wa,  0.0 hi,  1.7 si,  0.0 st
%Cpu(s): 13.1 us,  6.0 sy,  0.0 ni, 79.5 id,  0.0 wa,  0.0 hi,  1.5 si,  0.0 st
%Cpu(s):  9.4 us,  5.7 sy,  0.0 ni, 83.4 id,  0.0 wa,  0.0 hi,  1.4 si,  0.1 st
%Cpu(s):  8.6 us,  5.4 sy,  0.0 ni, 84.3 id,  0.0 wa,  0.0 hi,  1.7 si,  0.0 st
%Cpu(s):  8.3 us,  5.3 sy,  0.0 ni, 84.8 id,  0.0 wa,  0.0 hi,  1.6 si,  0.0 st
%Cpu(s):  8.0 us,  4.5 sy,  0.0 ni, 85.9 id,  0.0 wa,  0.0 hi,  1.5 si,  0.1 st
%Cpu(s):  8.2 us,  5.4 sy,  0.0 ni, 84.9 id,  0.0 wa,  0.0 hi,  1.5 si,  0.0 st
%Cpu(s):  8.5 us,  5.8 sy,  0.0 ni, 83.8 id,  0.0 wa,  0.0 hi,  1.8 si,  0.1 st
%Cpu(s):  9.0 us,  5.4 sy,  0.0 ni, 83.8 id,  0.0 wa,  0.0 hi,  1.6 si,  0.1 st
%Cpu(s):  9.2 us,  5.1 sy,  0.0 ni, 83.9 id,  0.0 wa,  0.0 hi,  1.8 si,  0.0 st
%Cpu(s): 14.6 us,  5.4 sy,  0.0 ni, 78.7 id,  0.0 wa,  0.0 hi,  1.3 si,  0.0 st
%Cpu(s):  8.2 us,  5.7 sy,  0.0 ni, 84.5 id,  0.0 wa,  0.0 hi,  1.5 si,  0.1 st
%Cpu(s):  9.0 us,  6.2 sy,  0.0 ni, 82.9 id,  0.0 wa,  0.0 hi,  1.9 si,  0.0 st
%Cpu(s): 10.8 us,  6.0 sy,  0.0 ni, 81.4 id,  0.0 wa,  0.0 hi,  1.7 si,  0.0 st
%Cpu(s):  8.4 us,  5.3 sy,  0.0 ni, 84.4 id,  0.0 wa,  0.0 hi,  1.8 si,  0.1 st
%Cpu(s): 10.4 us,  6.6 sy,  0.0 ni, 81.1 id,  0.0 wa,  0.0 hi,  1.9 si,  0.0 st
%Cpu(s): 10.9 us,  6.1 sy,  0.0 ni, 81.3 id,  0.0 wa,  0.0 hi,  1.7 si,  0.0 st
