%Cpu(s):  1.3 us,  0.3 sy,  0.0 ni, 98.4 id,  0.0 wa,  0.0 hi,  0.0 si,  0.0 st
%Cpu(s): 48.7 us,  1.3 sy,  0.0 ni, 49.8 id,  0.0 wa,  0.0 hi,  0.2 si,  0.0 st
%Cpu(s): 27.7 us,  3.2 sy,  0.0 ni, 68.8 id,  0.0 wa,  0.0 hi,  0.1 si,  0.2 st
%Cpu(s): 50.9 us,  2.7 sy,  0.0 ni, 46.2 id,  0.1 wa,  0.0 hi,  0.0 si,  0.1 st
%Cpu(s): 60.2 us,  3.5 sy,  0.0 ni, 36.1 id,  0.0 wa,  0.0 hi,  0.0 si,  0.1 st
%Cpu(s): 88.9 us,  4.6 sy,  0.0 ni,  6.6 id,  0.0 wa,  0.0 hi,  0.0 si,  0.0 st
%Cpu(s): 87.6 us,  3.8 sy,  0.0 ni,  8.5 id,  0.0 wa,  0.0 hi,  0.1 si,  0.0 st
%Cpu(s): 71.8 us,  2.5 sy,  0.0 ni, 25.5 id,  0.0 wa,  0.0 hi,  0.0 si,  0.1 st
%Cpu(s): 77.1 us,  3.2 sy,  0.0 ni, 19.6 id,  0.0 wa,  0.0 hi,  0.1 si,  0.0 st
%Cpu(s): 38.7 us,  2.0 sy,  0.0 ni, 59.1 id,  0.0 wa,  0.0 hi,  0.1 si,  0.1 st
%Cpu(s): 13.5 us,  2.2 sy,  0.0 ni, 84.1 id,  0.0 wa,  0.0 hi,  0.0 si,  0.2 st
%Cpu(s):  3.3 us,  1.8 sy,  0.0 ni, 94.7 id,  0.0 wa,  0.0 hi,  0.0 si,  0.2 st
%Cpu(s):  3.7 us,  1.7 sy,  0.0 ni, 94.1 id,  0.0 wa,  0.0 hi,  0.1 si,  0.4 st
%Cpu(s):  3.3 us,  2.0 sy,  0.0 ni, 94.6 id,  0.0 wa,  0.0 hi,  0.0 si,  0.1 st
%Cpu(s):  2.7 us,  1.6 sy,  0.0 ni, 95.5 id,  0.0 wa,  0.0 hi,  0.0 si,  0.3 st
%Cpu(s):  6.5 us,  2.3 sy,  0.0 ni, 90.7 id,  0.1 wa,  0.0 hi,  0.1 si,  0.3 st
%Cpu(s):  7.8 us,  1.6 sy,  0.0 ni, 90.5 id,  0.0 wa,  0.0 hi,  0.0 si,  0.1 st
%Cpu(s): 35.7 us,  3.2 sy,  0.0 ni, 60.6 id,  0.0 wa,  0.0 hi,  0.4 si,  0.1 st
%Cpu(s): 44.3 us,  4.3 sy,  0.0 ni, 50.7 id,  0.0 wa,  0.0 hi,  0.7 si,  0.1 st
%Cpu(s): 44.3 us,  3.9 sy,  0.0 ni, 51.4 id,  0.0 wa,  0.0 hi,  0.3 si,  0.1 st
%Cpu(s): 81.0 us,  5.4 sy,  0.0 ni, 12.8 id,  0.0 wa,  0.0 hi,  0.8 si,  0.0 st
%Cpu(s): 72.1 us,  5.3 sy,  0.0 ni, 21.5 id,  0.0 wa,  0.0 hi,  1.1 si,  0.0 st
%Cpu(s): 61.1 us,  4.8 sy,  0.0 ni, 33.1 id,  0.0 wa,  0.0 hi,  1.0 si,  0.0 st
%Cpu(s): 51.8 us,  5.1 sy,  0.0 ni, 42.4 id,  0.0 wa,  0.0 hi,  0.7 si,  0.0 st
%Cpu(s): 32.6 us,  5.4 sy,  0.0 ni, 61.2 id,  0.0 wa,  0.0 hi,  0.8 si,  0.0 st
%Cpu(s): 40.4 us,  4.7 sy,  0.0 ni, 53.6 id,  0.0 wa,  0.0 hi,  1.1 si,  0.1 st
%Cpu(s): 48.4 us,  4.3 sy,  0.0 ni, 46.3 id,  0.0 wa,  0.0 hi,  1.0 si,  0.1 st
%Cpu(s): 32.3 us,  5.0 sy,  0.0 ni, 61.7 id,  0.0 wa,  0.0 hi,  1.0 si,  0.0 st
%Cpu(s): 22.8 us,  5.6 sy,  0.0 ni, 70.9 id,  0.0 wa,  0.0 hi,  0.6 si,  0.1 st
%Cpu(s): 31.9 us,  5.1 sy,  0.0 ni, 62.1 id,  0.0 wa,  0.0 hi,  0.9 si,  0.0 st
%Cpu(s): 24.2 us,  5.2 sy,  0.0 ni, 69.9 id,  0.0 wa,  0.0 hi,  0.6 si,  0.0 st
%Cpu(s): 17.3 us,  5.5 sy,  0.0 ni, 76.3 id,  0.0 wa,  0.0 hi,  0.8 si,  0.1 st
%Cpu(s): 18.8 us,  5.3 sy,  0.0 ni, 75.1 id,  0.0 wa,  0.0 hi,  0.8 si,  0.0 st
%Cpu(s): 11.3 us,  6.1 sy,  0.0 ni, 81.8 id,  0.0 wa,  0.0 hi,  0.8 si,  0.0 st
%Cpu(s): 10.0 us,  5.4 sy,  0.0 ni, 84.0 id,  0.0 wa,  0.0 hi,  0.6 si,  0.0 st
%Cpu(s):  9.7 us,  5.3 sy,  0.0 ni, 84.4 id,  0.0 wa,  0.0 hi,  0.6 si,  0.1 st
%Cpu(s):  9.6 us,  4.9 sy,  0.0 ni, 84.6 id,  0.0 wa,  0.0 hi,  0.8 si,  0.1 st
%Cpu(s): 12.9 us,  6.0 sy,  0.0 ni, 80.3 id,  0.0 wa,  0.0 hi,  0.6 si,  0.1 st
%Cpu(s): 12.5 us,  5.7 sy,  0.0 ni, 81.3 id,  0.0 wa,  0.0 hi,  0.5 si,  0.0 st
%Cpu(s): 13.9 us,  5.6 sy,  0.0 ni, 79.6 id,  0.0 wa,  0.0 hi,  0.8 si,  0.1 st
%Cpu(s): 10.2 us,  6.1 sy,  0.0 ni, 83.0 id,  0.1 wa,  0.0 hi,  0.7 si,  0.0 st
%Cpu(s): 15.2 us,  5.0 sy,  0.0 ni, 79.2 id,  0.0 wa,  0.0 hi,  0.5 si,  0.1 st
%Cpu(s): 18.1 us,  5.1 sy,  0.0 ni, 76.6 id,  0.0 wa,  0.0 hi,  0.2 si,  0.0 st
%Cpu(s): 15.2 us,  4.7 sy,  0.0 ni, 79.5 id,  0.0 wa,  0.0 hi,  0.6 si,  0.0 st
%Cpu(s): 10.7 us,  5.6 sy,  0.0 ni, 83.0 id,  0.0 wa,  0.0 hi,  0.8 si,  0.1 st
%Cpu(s):  9.6 us,  5.8 sy,  0.0 ni, 83.9 id,  0.1 wa,  0.0 hi,  0.6 si,  0.0 st
%Cpu(s):  8.8 us,  5.5 sy,  0.0 ni, 85.0 id,  0.0 wa,  0.0 hi,  0.7 si,  0.0 st
%Cpu(s): 14.4 us,  5.2 sy,  0.0 ni, 79.8 id,  0.0 wa,  0.0 hi,  0.6 si,  0.1 st
%Cpu(s): 13.0 us,  5.2 sy,  0.0 ni, 80.9 id,  0.0 wa,  0.0 hi,  0.9 si,  0.1 st
%Cpu(s):  9.5 us,  4.7 sy,  0.0 ni, 85.0 id,  0.0 wa,  0.0 hi,  0.8 si,  0.0 st
%Cpu(s): 15.3 us,  4.9 sy,  0.0 ni, 78.9 id,  0.0 wa,  0.0 hi,  0.7 si,  0.1 st
%Cpu(s): 11.7 us,  4.4 sy,  0.0 ni, 83.0 id,  0.0 wa,  0.0 hi,  0.8 si,  0.0 st
%Cpu(s): 13.4 us,  4.6 sy,  0.0 ni, 81.4 id,  0.0 wa,  0.0 hi,  0.6 si,  0.0 st
%Cpu(s):  9.0 us,  5.5 sy,  0.0 ni, 84.9 id,  0.0 wa,  0.0 hi,  0.6 si,  0.0 st
%Cpu(s): 10.1 us,  5.4 sy,  0.0 ni, 83.9 id,  0.0 wa,  0.0 hi,  0.6 si,  0.1 st
%Cpu(s): 10.4 us,  5.1 sy,  0.0 ni, 84.0 id,  0.0 wa,  0.0 hi,  0.4 si,  0.0 st
%Cpu(s): 12.2 us,  6.0 sy,  0.0 ni, 81.1 id,  0.0 wa,  0.0 hi,  0.6 si,  0.1 st
%Cpu(s):  8.6 us,  5.4 sy,  0.0 ni, 85.3 id,  0.0 wa,  0.0 hi,  0.6 si,  0.0 st
%Cpu(s): 14.2 us,  5.4 sy,  0.0 ni, 79.5 id,  0.0 wa,  0.0 hi,  0.8 si,  0.1 st
%Cpu(s): 10.3 us,  5.6 sy,  0.0 ni, 83.5 id,  0.0 wa,  0.0 hi,  0.6 si,  0.1 st
%Cpu(s): 11.3 us,  5.3 sy,  0.0 ni, 82.7 id,  0.0 wa,  0.0 hi,  0.6 si,  0.0 st
%Cpu(s):  8.6 us,  5.0 sy,  0.0 ni, 85.6 id,  0.0 wa,  0.0 hi,  0.8 si,  0.0 st
%Cpu(s):  8.3 us,  5.9 sy,  0.0 ni, 85.2 id,  0.0 wa,  0.0 hi,  0.6 si,  0.0 st
%Cpu(s):  8.8 us,  5.1 sy,  0.0 ni, 85.3 id,  0.0 wa,  0.0 hi,  0.7 si,  0.1 st
%Cpu(s):  9.5 us,  5.8 sy,  0.0 ni, 83.9 id,  0.0 wa,  0.0 hi,  0.6 si,  0.1 st
%Cpu(s):  7.8 us,  5.1 sy,  0.0 ni, 86.3 id,  0.0 wa,  0.0 hi,  0.8 si,  0.0 st
%Cpu(s):  8.5 us,  5.6 sy,  0.0 ni, 85.3 id,  0.0 wa,  0.0 hi,  0.6 si,  0.0 st
%Cpu(s):  9.1 us,  5.6 sy,  0.0 ni, 84.8 id,  0.0 wa,  0.0 hi,  0.4 si,  0.1 st
%Cpu(s):  8.8 us,  5.9 sy,  0.0 ni, 84.7 id,  0.0 wa,  0.0 hi,  0.6 si,  0.0 st
%Cpu(s): 10.0 us,  5.1 sy,  0.0 ni, 83.9 id,  0.0 wa,  0.0 hi,  0.8 si,  0.1 st
%Cpu(s):  9.1 us,  4.6 sy,  0.0 ni, 85.5 id,  0.1 wa,  0.0 hi,  0.7 si,  0.0 st
%Cpu(s):  7.4 us,  5.8 sy,  0.0 ni, 86.1 id,  0.0 wa,  0.0 hi,  0.5 si,  0.1 st
%Cpu(s):  9.6 us,  6.0 sy,  0.0 ni, 83.9 id,  0.0 wa,  0.0 hi,  0.6 si,  0.0 st
%Cpu(s):  9.0 us,  5.8 sy,  0.0 ni, 84.6 id,  0.0 wa,  0.0 hi,  0.6 si,  0.1 st
%Cpu(s):  8.4 us,  5.0 sy,  0.0 ni, 86.1 id,  0.0 wa,  0.0 hi,  0.5 si,  0.0 st
%Cpu(s):  8.6 us,  5.4 sy,  0.0 ni, 85.1 id,  0.0 wa,  0.0 hi,  0.9 si,  0.1 st
