%Cpu(s): 10.4 us,  1.7 sy,  0.0 ni, 87.6 id,  0.0 wa,  0.0 hi,  0.2 si,  0.0 st
%Cpu(s):  2.6 us,  3.3 sy,  0.0 ni, 94.0 id,  0.0 wa,  0.0 hi,  0.0 si,  0.1 st
%Cpu(s):  2.8 us,  1.8 sy,  0.0 ni, 95.2 id,  0.0 wa,  0.0 hi,  0.0 si,  0.3 st
%Cpu(s):  2.8 us,  2.7 sy,  0.0 ni, 94.3 id,  0.0 wa,  0.0 hi,  0.0 si,  0.3 st
%Cpu(s):  3.7 us,  3.6 sy,  0.0 ni, 92.6 id,  0.0 wa,  0.0 hi,  0.0 si,  0.1 st
%Cpu(s): 12.5 us,  1.9 sy,  0.0 ni, 85.3 id,  0.0 wa,  0.0 hi,  0.1 si,  0.1 st
%Cpu(s): 62.9 us,  4.4 sy,  0.0 ni, 31.8 id,  0.0 wa,  0.0 hi,  0.8 si,  0.1 st
%Cpu(s): 88.6 us,  6.8 sy,  0.0 ni,  3.1 id,  0.0 wa,  0.0 hi,  1.5 si,  0.0 st
%Cpu(s): 90.3 us,  7.5 sy,  0.0 ni,  0.7 id,  0.0 wa,  0.0 hi,  1.5 si,  0.0 st
%Cpu(s): 89.7 us,  8.0 sy,  0.0 ni,  0.5 id,  0.0 wa,  0.0 hi,  1.9 si,  0.0 st
%Cpu(s): 90.4 us,  7.2 sy,  0.0 ni,  0.9 id,  0.0 wa,  0.0 hi,  1.5 si,  0.0 st
%Cpu(s): 88.0 us,  5.7 sy,  0.0 ni,  5.2 id,  0.0 wa,  0.0 hi,  1.0 si,  0.0 st
%Cpu(s): 75.4 us,  5.7 sy,  0.0 ni, 17.4 id,  0.0 wa,  0.0 hi,  1.5 si,  0.0 st
%Cpu(s): 55.2 us,  6.5 sy,  0.0 ni, 37.0 id,  0.0 wa,  0.0 hi,  1.3 si,  0.0 st
%Cpu(s): 23.4 us,  6.0 sy,  0.0 ni, 69.5 id,  0.0 wa,  0.0 hi,  1.0 si,  0.0 st
%Cpu(s): 14.1 us,  5.5 sy,  0.0 ni, 78.6 id,  0.0 wa,  0.0 hi,  1.7 si,  0.1 st
%Cpu(s): 30.9 us,  6.3 sy,  0.0 ni, 62.2 id,  0.0 wa,  0.0 hi,  0.6 si,  0.0 st
%Cpu(s): 18.1 us,  5.3 sy,  0.0 ni, 75.8 id,  0.0 wa,  0.0 hi,  0.8 si,  0.0 st
%Cpu(s): 15.9 us,  5.3 sy,  0.0 ni, 77.8 id,  0.0 wa,  0.0 hi,  0.9 si,  0.1 st
%Cpu(s): 12.1 us,  6.8 sy,  0.0 ni, 80.3 id,  0.0 wa,  0.0 hi,  0.8 si,  0.0 st
%Cpu(s): 13.3 us,  7.2 sy,  0.0 ni, 78.4 id,  0.1 wa,  0.0 hi,  1.0 si,  0.0 st
%Cpu(s):  9.5 us,  5.6 sy,  0.0 ni, 84.0 id,  0.0 wa,  0.0 hi,  0.8 si,  0.1 st
%Cpu(s): 10.9 us,  7.4 sy,  0.0 ni, 81.1 id,  0.0 wa,  0.0 hi,  0.6 si,  0.0 st
%Cpu(s): 14.3 us,  7.0 sy,  0.0 ni, 77.4 id,  0.0 wa,  0.0 hi,  1.3 si,  0.0 st
%Cpu(s): 11.8 us,  8.0 sy,  0.0 ni, 78.9 id,  0.0 wa,  0.0 hi,  1.2 si,  0.0 st
%Cpu(s): 11.4 us,  6.3 sy,  0.0 ni, 81.4 id,  0.0 wa,  0.0 hi,  0.9 si,  0.0 st
%Cpu(s): 11.6 us,  6.4 sy,  0.0 ni, 81.1 id,  0.0 wa,  0.0 hi,  0.9 si,  0.0 st
%Cpu(s): 11.3 us,  6.9 sy,  0.0 ni, 81.1 id,  0.0 wa,  0.0 hi,  0.8 si,  0.0 st
%Cpu(s): 12.3 us,  6.4 sy,  0.0 ni, 80.5 id,  0.0 wa,  0.0 hi,  0.6 si,  0.1 st
%Cpu(s): 12.3 us,  6.8 sy,  0.0 ni, 79.8 id,  0.0 wa,  0.0 hi,  1.0 si,  0.1 st
%Cpu(s):  9.6 us,  6.2 sy,  0.0 ni, 83.3 id,  0.0 wa,  0.0 hi,  0.9 si,  0.0 st
%Cpu(s): 10.5 us,  7.6 sy,  0.0 ni, 80.8 id,  0.0 wa,  0.0 hi,  1.1 si,  0.0 st
%Cpu(s): 11.4 us,  6.7 sy,  0.0 ni, 81.1 id,  0.0 wa,  0.0 hi,  0.8 si,  0.0 st
%Cpu(s): 11.0 us,  6.5 sy,  0.0 ni, 81.3 id,  0.0 wa,  0.0 hi,  1.1 si,  0.0 st
%Cpu(s): 10.9 us,  6.2 sy,  0.0 ni, 81.8 id,  0.0 wa,  0.0 hi,  1.0 si,  0.1 st
%Cpu(s): 11.2 us,  6.2 sy,  0.0 ni, 81.7 id,  0.0 wa,  0.0 hi,  0.9 si,  0.0 st
%Cpu(s): 20.5 us,  5.3 sy,  0.0 ni, 73.4 id,  0.0 wa,  0.0 hi,  0.9 si,  0.0 st
%Cpu(s): 21.9 us,  5.5 sy,  0.0 ni, 71.3 id,  0.0 wa,  0.0 hi,  1.3 si,  0.0 st
%Cpu(s): 12.0 us,  6.6 sy,  0.0 ni, 80.3 id,  0.0 wa,  0.0 hi,  1.0 si,  0.0 st
%Cpu(s): 23.6 us,  6.6 sy,  0.0 ni, 68.8 id,  0.0 wa,  0.0 hi,  0.9 si,  0.1 st
%Cpu(s): 51.1 us,  6.9 sy,  0.0 ni, 40.7 id,  0.0 wa,  0.0 hi,  1.3 si,  0.0 st
%Cpu(s): 23.4 us,  6.3 sy,  0.0 ni, 68.9 id,  0.0 wa,  0.0 hi,  1.4 si,  0.0 st
%Cpu(s): 10.9 us,  5.1 sy,  0.0 ni, 82.8 id,  0.0 wa,  0.0 hi,  1.2 si,  0.0 st
%Cpu(s):  9.5 us,  6.6 sy,  0.0 ni, 83.1 id,  0.0 wa,  0.0 hi,  0.6 si,  0.1 st
%Cpu(s): 11.5 us,  5.8 sy,  0.0 ni, 81.9 id,  0.0 wa,  0.0 hi,  0.9 si,  0.0 st
%Cpu(s): 11.6 us,  6.0 sy,  0.0 ni, 81.7 id,  0.0 wa,  0.0 hi,  0.6 si,  0.0 st
%Cpu(s):  9.4 us,  5.5 sy,  0.0 ni, 84.3 id,  0.0 wa,  0.0 hi,  0.8 si,  0.0 st
%Cpu(s):  9.5 us,  6.3 sy,  0.0 ni, 83.0 id,  0.0 wa,  0.0 hi,  1.2 si,  0.1 st
%Cpu(s): 10.9 us,  5.7 sy,  0.0 ni, 82.6 id,  0.0 wa,  0.0 hi,  0.8 si,  0.0 st
%Cpu(s): 11.3 us,  6.3 sy,  0.0 ni, 81.6 id,  0.0 wa,  0.0 hi,  0.9 si,  0.0 st
%Cpu(s): 12.9 us,  5.9 sy,  0.0 ni, 80.4 id,  0.0 wa,  0.0 hi,  0.8 si,  0.0 st
%Cpu(s):  7.9 us,  5.5 sy,  0.0 ni, 85.8 id,  0.0 wa,  0.0 hi,  0.8 si,  0.0 st
%Cpu(s):  8.9 us,  6.9 sy,  0.0 ni, 83.2 id,  0.0 wa,  0.0 hi,  1.0 si,  0.0 st
%Cpu(s): 10.9 us,  6.5 sy,  0.0 ni, 81.3 id,  0.0 wa,  0.0 hi,  1.2 si,  0.1 st
%Cpu(s): 10.6 us,  7.0 sy,  0.0 ni, 81.6 id,  0.0 wa,  0.0 hi,  0.7 si,  0.0 st
%Cpu(s): 12.9 us,  6.0 sy,  0.0 ni, 80.3 id,  0.0 wa,  0.0 hi,  0.8 si,  0.0 st
%Cpu(s): 10.6 us,  6.8 sy,  0.0 ni, 81.3 id,  0.0 wa,  0.0 hi,  1.3 si,  0.1 st
%Cpu(s): 10.6 us,  6.8 sy,  0.0 ni, 82.0 id,  0.0 wa,  0.0 hi,  0.6 si,  0.0 st
%Cpu(s): 11.4 us,  7.0 sy,  0.0 ni, 80.9 id,  0.0 wa,  0.0 hi,  0.8 si,  0.0 st
%Cpu(s): 10.2 us,  6.9 sy,  0.0 ni, 81.9 id,  0.0 wa,  0.0 hi,  1.0 si,  0.0 st
%Cpu(s): 11.3 us,  5.4 sy,  0.0 ni, 82.2 id,  0.1 wa,  0.0 hi,  1.0 si,  0.0 st
%Cpu(s):  9.7 us,  5.5 sy,  0.0 ni, 83.6 id,  0.0 wa,  0.0 hi,  1.0 si,  0.1 st
%Cpu(s):  9.1 us,  5.6 sy,  0.0 ni, 84.5 id,  0.0 wa,  0.0 hi,  0.8 si,  0.0 st
%Cpu(s): 11.7 us,  6.8 sy,  0.0 ni, 80.4 id,  0.0 wa,  0.0 hi,  1.0 si,  0.0 st
%Cpu(s):  9.9 us,  6.2 sy,  0.0 ni, 83.2 id,  0.0 wa,  0.0 hi,  0.5 si,  0.1 st
%Cpu(s): 18.5 us,  5.1 sy,  0.0 ni, 75.2 id,  0.1 wa,  0.0 hi,  1.0 si,  0.0 st
%Cpu(s): 52.3 us,  6.4 sy,  0.0 ni, 39.8 id,  0.0 wa,  0.0 hi,  1.5 si,  0.0 st
%Cpu(s): 36.1 us,  6.4 sy,  0.0 ni, 56.4 id,  0.0 wa,  0.0 hi,  1.2 si,  0.0 st
%Cpu(s): 15.5 us,  7.9 sy,  0.0 ni, 75.8 id,  0.0 wa,  0.0 hi,  0.8 si,  0.0 st
%Cpu(s): 13.4 us,  6.3 sy,  0.0 ni, 79.4 id,  0.0 wa,  0.0 hi,  0.9 si,  0.0 st
%Cpu(s): 10.5 us,  5.9 sy,  0.0 ni, 82.9 id,  0.0 wa,  0.0 hi,  0.8 si,  0.0 st
%Cpu(s): 10.3 us,  5.4 sy,  0.0 ni, 83.1 id,  0.0 wa,  0.0 hi,  1.2 si,  0.1 st
%Cpu(s): 16.4 us,  5.6 sy,  0.0 ni, 76.7 id,  0.0 wa,  0.0 hi,  1.1 si,  0.1 st
%Cpu(s): 16.0 us,  6.0 sy,  0.0 ni, 76.8 id,  0.0 wa,  0.0 hi,  1.3 si,  0.0 st
%Cpu(s): 14.9 us,  7.4 sy,  0.0 ni, 76.7 id,  0.0 wa,  0.0 hi,  1.0 si,  0.0 st
%Cpu(s): 12.1 us,  6.3 sy,  0.0 ni, 81.4 id,  0.0 wa,  0.0 hi,  0.3 si,  0.0 st
%Cpu(s): 11.9 us,  6.1 sy,  0.0 ni, 81.1 id,  0.0 wa,  0.0 hi,  0.9 si,  0.0 st
%Cpu(s): 15.0 us,  6.6 sy,  0.0 ni, 77.4 id,  0.0 wa,  0.0 hi,  1.0 si,  0.0 st
