%Cpu(s):  2.1 us,  0.5 sy,  0.0 ni, 97.4 id,  0.0 wa,  0.0 hi,  0.0 si,  0.0 st
%Cpu(s):  0.6 us,  0.1 sy,  0.0 ni, 99.3 id,  0.0 wa,  0.0 hi,  0.0 si,  0.0 st
%Cpu(s): 49.7 us,  5.8 sy,  0.0 ni, 44.4 id,  0.0 wa,  0.0 hi,  0.0 si,  0.1 st
%Cpu(s): 77.6 us,  3.7 sy,  0.0 ni, 18.6 id,  0.0 wa,  0.0 hi,  0.1 si,  0.1 st
%Cpu(s): 75.2 us,  3.1 sy,  0.0 ni, 21.6 id,  0.0 wa,  0.0 hi,  0.0 si,  0.1 st
%Cpu(s): 93.9 us,  3.8 sy,  0.0 ni,  2.3 id,  0.0 wa,  0.0 hi,  0.0 si,  0.0 st
%Cpu(s): 95.2 us,  3.6 sy,  0.0 ni,  1.1 id,  0.0 wa,  0.0 hi,  0.1 si,  0.0 st
%Cpu(s): 96.6 us,  2.9 sy,  0.0 ni,  0.4 id,  0.0 wa,  0.0 hi,  0.0 si,  0.0 st
%Cpu(s): 96.2 us,  3.5 sy,  0.0 ni,  0.1 id,  0.0 wa,  0.0 hi,  0.2 si,  0.0 st
%Cpu(s): 66.0 us,  1.1 sy,  0.0 ni, 32.9 id,  0.0 wa,  0.0 hi,  0.0 si,  0.0 st
%Cpu(s): 32.3 us,  0.7 sy,  0.0 ni, 66.8 id,  0.1 wa,  0.0 hi,  0.0 si,  0.1 st
%Cpu(s): 12.9 us,  0.7 sy,  0.0 ni, 86.2 id,  0.0 wa,  0.0 hi,  0.1 si,  0.1 st
%Cpu(s):  7.9 us,  0.7 sy,  0.0 ni, 91.4 id,  0.0 wa,  0.0 hi,  0.0 si,  0.0 st
%Cpu(s):  2.5 us,  0.7 sy,  0.0 ni, 96.8 id,  0.0 wa,  0.0 hi,  0.0 si,  0.0 st
%Cpu(s):  2.7 us,  0.9 sy,  0.0 ni, 96.2 id,  0.0 wa,  0.0 hi,  0.0 si,  0.1 st
%Cpu(s):  3.8 us,  0.6 sy,  0.0 ni, 95.5 id,  0.0 wa,  0.0 hi,  0.0 si,  0.1 st
%Cpu(s):  2.5 us,  1.0 sy,  0.0 ni, 96.5 id,  0.0 wa,  0.0 hi,  0.0 si,  0.0 st
%Cpu(s):  3.5 us,  1.4 sy,  0.0 ni, 95.0 id,  0.0 wa,  0.0 hi,  0.0 si,  0.1 st
%Cpu(s):  2.3 us,  1.6 sy,  0.0 ni, 96.1 id,  0.0 wa,  0.0 hi,  0.0 si,  0.1 st
%Cpu(s): 59.0 us,  4.9 sy,  0.0 ni, 35.7 id,  0.0 wa,  0.0 hi,  0.4 si,  0.1 st
%Cpu(s): 90.4 us,  6.7 sy,  0.0 ni,  1.6 id,  0.0 wa,  0.0 hi,  1.3 si,  0.0 st
%Cpu(s): 91.6 us,  7.2 sy,  0.0 ni,  0.4 id,  0.0 wa,  0.0 hi,  0.8 si,  0.0 st
%Cpu(s): 92.2 us,  6.7 sy,  0.0 ni,  0.4 id,  0.0 wa,  0.0 hi,  0.6 si,  0.0 st
%Cpu(s): 91.2 us,  7.0 sy,  0.0 ni,  0.7 id,  0.0 wa,  0.0 hi,  1.1 si,  0.0 st
%Cpu(s): 92.1 us,  6.3 sy,  0.0 ni,  0.4 id,  0.0 wa,  0.0 hi,  1.2 si,  0.0 st
%Cpu(s): 92.9 us,  6.1 sy,  0.0 ni,  0.0 id,  0.0 wa,  0.0 hi,  1.0 si,  0.0 st
%Cpu(s): 90.8 us,  7.3 sy,  0.0 ni,  0.5 id,  0.0 wa,  0.0 hi,  1.4 si,  0.0 st
%Cpu(s): 82.7 us,  6.2 sy,  0.0 ni, 10.3 id,  0.0 wa,  0.0 hi,  0.7 si,  0.0 st
%Cpu(s): 23.9 us,  5.1 sy,  0.0 ni, 70.4 id,  0.0 wa,  0.0 hi,  0.6 si,  0.1 st
%Cpu(s): 14.5 us,  4.3 sy,  0.0 ni, 80.9 id,  0.0 wa,  0.0 hi,  0.3 si,  0.1 st
%Cpu(s):  9.9 us,  4.0 sy,  0.0 ni, 85.7 id,  0.1 wa,  0.0 hi,  0.3 si,  0.0 st
%Cpu(s): 10.1 us,  4.4 sy,  0.0 ni, 85.0 id,  0.0 wa,  0.0 hi,  0.4 si,  0.0 st
%Cpu(s): 10.2 us,  4.3 sy,  0.0 ni, 85.0 id,  0.0 wa,  0.0 hi,  0.4 si,  0.1 st
%Cpu(s):  9.2 us,  4.2 sy,  0.0 ni, 85.9 id,  0.0 wa,  0.0 hi,  0.7 si,  0.0 st
%Cpu(s):  9.7 us,  4.1 sy,  0.0 ni, 85.6 id,  0.0 wa,  0.0 hi,  0.5 si,  0.0 st
%Cpu(s): 10.6 us,  4.6 sy,  0.0 ni, 84.3 id,  0.0 wa,  0.0 hi,  0.4 si,  0.1 st
%Cpu(s):  9.2 us,  4.3 sy,  0.0 ni, 86.0 id,  0.0 wa,  0.0 hi,  0.4 si,  0.0 st
%Cpu(s):  7.8 us,  3.9 sy,  0.0 ni, 87.7 id,  0.0 wa,  0.0 hi,  0.5 si,  0.1 st
%Cpu(s):  9.7 us,  4.2 sy,  0.0 ni, 85.5 id,  0.0 wa,  0.0 hi,  0.4 si,  0.1 st
%Cpu(s):  9.3 us,  4.0 sy,  0.0 ni, 86.3 id,  0.0 wa,  0.0 hi,  0.4 si,  0.0 st
%Cpu(s):  8.8 us,  4.3 sy,  0.0 ni, 86.5 id,  0.0 wa,  0.0 hi,  0.3 si,  0.0 st
%Cpu(s):  8.9 us,  4.4 sy,  0.0 ni, 86.0 id,  0.0 wa,  0.0 hi,  0.7 si,  0.0 st
%Cpu(s): 10.6 us,  4.8 sy,  0.0 ni, 84.0 id,  0.0 wa,  0.0 hi,  0.5 si,  0.1 st
%Cpu(s):  8.4 us,  4.2 sy,  0.0 ni, 86.9 id,  0.0 wa,  0.0 hi,  0.5 si,  0.1 st
%Cpu(s): 14.4 us,  4.6 sy,  0.0 ni, 80.7 id,  0.0 wa,  0.0 hi,  0.4 si,  0.0 st
%Cpu(s):  8.7 us,  4.6 sy,  0.0 ni, 86.2 id,  0.1 wa,  0.0 hi,  0.4 si,  0.0 st
%Cpu(s): 10.3 us,  4.5 sy,  0.0 ni, 84.9 id,  0.0 wa,  0.0 hi,  0.4 si,  0.0 st
%Cpu(s):  8.2 us,  4.3 sy,  0.0 ni, 87.0 id,  0.0 wa,  0.0 hi,  0.4 si,  0.0 st
%Cpu(s): 10.2 us,  4.1 sy,  0.0 ni, 85.2 id,  0.0 wa,  0.0 hi,  0.5 si,  0.0 st
%Cpu(s): 13.9 us,  4.8 sy,  0.0 ni, 80.6 id,  0.0 wa,  0.0 hi,  0.6 si,  0.1 st
%Cpu(s): 12.7 us,  4.6 sy,  0.0 ni, 82.3 id,  0.0 wa,  0.0 hi,  0.4 si,  0.0 st
%Cpu(s):  9.4 us,  4.1 sy,  0.0 ni, 85.9 id,  0.0 wa,  0.0 hi,  0.5 si,  0.1 st
%Cpu(s):  8.4 us,  4.9 sy,  0.0 ni, 86.5 id,  0.0 wa,  0.0 hi,  0.3 si,  0.0 st
%Cpu(s):  9.7 us,  4.6 sy,  0.0 ni, 85.2 id,  0.0 wa,  0.0 hi,  0.4 si,  0.0 st
%Cpu(s): 14.7 us,  4.4 sy,  0.0 ni, 80.6 id,  0.0 wa,  0.0 hi,  0.4 si,  0.0 st
%Cpu(s): 21.6 us,  5.1 sy,  0.0 ni, 72.7 id,  0.0 wa,  0.0 hi,  0.6 si,  0.1 st
%Cpu(s): 12.6 us,  5.1 sy,  0.0 ni, 81.9 id,  0.0 wa,  0.0 hi,  0.4 si,  0.0 st
%Cpu(s):  8.9 us,  4.8 sy,  0.0 ni, 86.1 id,  0.0 wa,  0.0 hi,  0.2 si,  0.0 st
%Cpu(s):  9.3 us,  4.5 sy,  0.0 ni, 85.6 id,  0.0 wa,  0.0 hi,  0.5 si,  0.1 st
%Cpu(s):  9.9 us,  4.6 sy,  0.0 ni, 85.0 id,  0.0 wa,  0.0 hi,  0.4 si,  0.0 st
%Cpu(s):  8.8 us,  4.1 sy,  0.0 ni, 86.5 id,  0.1 wa,  0.0 hi,  0.5 si,  0.0 st
%Cpu(s):  8.9 us,  4.2 sy,  0.0 ni, 86.4 id,  0.0 wa,  0.0 hi,  0.3 si,  0.1 st
%Cpu(s):  9.9 us,  4.1 sy,  0.0 ni, 85.7 id,  0.0 wa,  0.0 hi,  0.3 si,  0.0 st
%Cpu(s):  7.7 us,  4.5 sy,  0.0 ni, 87.2 id,  0.0 wa,  0.0 hi,  0.5 si,  0.1 st
%Cpu(s):  9.7 us,  4.3 sy,  0.0 ni, 85.7 id,  0.0 wa,  0.0 hi,  0.3 si,  0.0 st
%Cpu(s):  9.8 us,  4.8 sy,  0.0 ni, 84.9 id,  0.0 wa,  0.0 hi,  0.4 si,  0.1 st
%Cpu(s):  8.3 us,  4.5 sy,  0.0 ni, 86.7 id,  0.0 wa,  0.0 hi,  0.6 si,  0.0 st
%Cpu(s):  8.4 us,  4.4 sy,  0.0 ni, 86.7 id,  0.0 wa,  0.0 hi,  0.5 si,  0.1 st
%Cpu(s): 10.5 us,  4.4 sy,  0.0 ni, 84.4 id,  0.0 wa,  0.0 hi,  0.7 si,  0.0 st
%Cpu(s): 11.2 us,  3.8 sy,  0.0 ni, 84.5 id,  0.0 wa,  0.0 hi,  0.4 si,  0.0 st
%Cpu(s):  9.2 us,  5.1 sy,  0.0 ni, 85.3 id,  0.0 wa,  0.0 hi,  0.4 si,  0.1 st
%Cpu(s):  9.1 us,  5.1 sy,  0.0 ni, 85.1 id,  0.0 wa,  0.0 hi,  0.6 si,  0.0 st
%Cpu(s):  8.8 us,  5.2 sy,  0.0 ni, 85.6 id,  0.0 wa,  0.0 hi,  0.3 si,  0.1 st
%Cpu(s):  8.8 us,  4.6 sy,  0.0 ni, 86.5 id,  0.0 wa,  0.0 hi,  0.1 si,  0.0 st
%Cpu(s): 10.4 us,  4.7 sy,  0.0 ni, 84.6 id,  0.0 wa,  0.0 hi,  0.4 si,  0.0 st
%Cpu(s):  8.1 us,  3.9 sy,  0.0 ni, 87.4 id,  0.0 wa,  0.0 hi,  0.5 si,  0.1 st
