%Cpu(s):  2.7 us,  0.7 sy,  0.0 ni, 96.6 id,  0.0 wa,  0.0 hi,  0.0 si,  0.0 st
%Cpu(s):  0.6 us,  0.1 sy,  0.0 ni, 99.3 id,  0.0 wa,  0.0 hi,  0.0 si,  0.0 st
%Cpu(s):  5.0 us,  0.9 sy,  0.0 ni, 94.0 id,  0.0 wa,  0.0 hi,  0.0 si,  0.1 st
%Cpu(s): 75.8 us,  5.9 sy,  0.0 ni, 18.2 id,  0.0 wa,  0.0 hi,  0.0 si,  0.1 st
%Cpu(s): 73.7 us,  3.5 sy,  0.0 ni, 22.6 id,  0.0 wa,  0.0 hi,  0.0 si,  0.2 st
%Cpu(s): 83.9 us,  2.8 sy,  0.0 ni, 13.2 id,  0.0 wa,  0.0 hi,  0.1 si,  0.0 st
%Cpu(s): 95.4 us,  3.2 sy,  0.0 ni,  1.4 id,  0.0 wa,  0.0 hi,  0.0 si,  0.0 st
%Cpu(s): 95.8 us,  2.6 sy,  0.0 ni,  1.6 id,  0.0 wa,  0.0 hi,  0.0 si,  0.0 st
%Cpu(s): 96.4 us,  3.2 sy,  0.0 ni,  0.2 id,  0.0 wa,  0.0 hi,  0.1 si,  0.0 st
%Cpu(s): 69.5 us,  2.4 sy,  0.0 ni, 27.9 id,  0.0 wa,  0.0 hi,  0.2 si,  0.1 st
%Cpu(s): 17.8 us,  1.2 sy,  0.0 ni, 80.7 id,  0.0 wa,  0.0 hi,  0.1 si,  0.1 st
%Cpu(s): 11.1 us,  1.0 sy,  0.0 ni, 87.9 id,  0.0 wa,  0.0 hi,  0.0 si,  0.0 st
%Cpu(s): 11.5 us,  2.0 sy,  0.0 ni, 86.4 id,  0.1 wa,  0.0 hi,  0.0 si,  0.0 st
%Cpu(s):  7.7 us,  2.9 sy,  0.0 ni, 89.3 id,  0.0 wa,  0.0 hi,  0.0 si,  0.1 st
%Cpu(s):  3.9 us,  2.6 sy,  0.0 ni, 93.2 id,  0.0 wa,  0.0 hi,  0.1 si,  0.3 st
%Cpu(s):  5.7 us,  2.4 sy,  0.0 ni, 91.5 id,  0.0 wa,  0.0 hi,  0.1 si,  0.3 st
%Cpu(s):  5.7 us,  2.6 sy,  0.0 ni, 91.5 id,  0.0 wa,  0.0 hi,  0.1 si,  0.2 st
%Cpu(s):  6.3 us,  2.3 sy,  0.0 ni, 91.4 id,  0.0 wa,  0.0 hi,  0.0 si,  0.0 st
%Cpu(s):  6.1 us,  2.9 sy,  0.0 ni, 90.7 id,  0.0 wa,  0.0 hi,  0.1 si,  0.1 st
%Cpu(s): 61.4 us,  4.3 sy,  0.0 ni, 33.8 id,  0.0 wa,  0.0 hi,  0.5 si,  0.1 st
%Cpu(s): 91.1 us,  5.7 sy,  0.0 ni,  2.4 id,  0.0 wa,  0.0 hi,  0.7 si,  0.0 st
%Cpu(s): 92.2 us,  5.8 sy,  0.0 ni,  1.1 id,  0.0 wa,  0.0 hi,  0.9 si,  0.0 st
%Cpu(s): 92.3 us,  6.2 sy,  0.0 ni,  0.4 id,  0.0 wa,  0.0 hi,  1.1 si,  0.0 st
%Cpu(s): 92.4 us,  6.2 sy,  0.0 ni,  0.5 id,  0.0 wa,  0.0 hi,  0.9 si,  0.0 st
%Cpu(s): 92.8 us,  5.9 sy,  0.0 ni,  0.0 id,  0.0 wa,  0.0 hi,  1.3 si,  0.0 st
%Cpu(s): 92.3 us,  6.3 sy,  0.0 ni,  0.1 id,  0.0 wa,  0.0 hi,  1.2 si,  0.0 st
%Cpu(s): 91.5 us,  6.9 sy,  0.0 ni,  0.0 id,  0.0 wa,  0.0 hi,  1.6 si,  0.0 st
%Cpu(s): 92.2 us,  6.5 sy,  0.0 ni,  0.1 id,  0.0 wa,  0.0 hi,  1.3 si,  0.0 st
%Cpu(s): 83.8 us,  6.3 sy,  0.0 ni,  8.8 id,  0.0 wa,  0.0 hi,  1.1 si,  0.0 st
%Cpu(s): 23.3 us,  6.3 sy,  0.0 ni, 70.1 id,  0.0 wa,  0.0 hi,  0.4 si,  0.0 st
%Cpu(s): 13.4 us,  6.1 sy,  0.0 ni, 80.0 id,  0.0 wa,  0.0 hi,  0.4 si,  0.1 st
%Cpu(s): 14.1 us,  6.3 sy,  0.0 ni, 78.9 id,  0.0 wa,  0.0 hi,  0.7 si,  0.1 st
%Cpu(s): 14.8 us,  5.5 sy,  0.0 ni, 78.7 id,  0.0 wa,  0.0 hi,  1.0 si,  0.0 st
%Cpu(s): 15.2 us,  5.8 sy,  0.0 ni, 78.4 id,  0.0 wa,  0.0 hi,  0.6 si,  0.0 st
%Cpu(s): 13.7 us,  5.0 sy,  0.0 ni, 80.6 id,  0.0 wa,  0.0 hi,  0.7 si,  0.0 st
%Cpu(s): 14.1 us,  6.1 sy,  0.0 ni, 79.0 id,  0.0 wa,  0.0 hi,  0.8 si,  0.0 st
%Cpu(s): 13.7 us,  5.2 sy,  0.0 ni, 80.3 id,  0.0 wa,  0.0 hi,  0.6 si,  0.1 st
%Cpu(s): 14.9 us,  6.6 sy,  0.0 ni, 77.8 id,  0.0 wa,  0.0 hi,  0.6 si,  0.1 st
%Cpu(s): 13.7 us,  5.4 sy,  0.0 ni, 80.4 id,  0.0 wa,  0.0 hi,  0.4 si,  0.1 st
%Cpu(s): 13.9 us,  5.4 sy,  0.0 ni, 79.7 id,  0.0 wa,  0.0 hi,  1.0 si,  0.0 st
%Cpu(s): 15.0 us,  6.0 sy,  0.0 ni, 78.4 id,  0.0 wa,  0.0 hi,  0.6 si,  0.0 st
%Cpu(s): 11.7 us,  6.5 sy,  0.0 ni, 80.8 id,  0.0 wa,  0.0 hi,  0.9 si,  0.1 st
%Cpu(s): 14.3 us,  6.9 sy,  0.0 ni, 78.3 id,  0.1 wa,  0.0 hi,  0.4 si,  0.0 st
%Cpu(s): 11.4 us,  5.4 sy,  0.0 ni, 82.4 id,  0.0 wa,  0.0 hi,  0.9 si,  0.0 st
%Cpu(s): 12.1 us,  5.9 sy,  0.0 ni, 81.1 id,  0.0 wa,  0.0 hi,  0.8 si,  0.1 st
%Cpu(s): 14.1 us,  6.6 sy,  0.0 ni, 78.5 id,  0.0 wa,  0.0 hi,  0.8 si,  0.1 st
%Cpu(s): 12.6 us,  5.8 sy,  0.0 ni, 81.0 id,  0.0 wa,  0.0 hi,  0.6 si,  0.0 st
%Cpu(s): 12.7 us,  6.0 sy,  0.0 ni, 80.9 id,  0.1 wa,  0.0 hi,  0.4 si,  0.0 st
%Cpu(s): 13.9 us,  5.8 sy,  0.0 ni, 79.5 id,  0.0 wa,  0.0 hi,  0.7 si,  0.1 st
%Cpu(s): 21.0 us,  5.9 sy,  0.0 ni, 72.4 id,  0.0 wa,  0.0 hi,  0.7 si,  0.0 st
%Cpu(s): 17.9 us,  4.8 sy,  0.0 ni, 76.5 id,  0.0 wa,  0.0 hi,  0.8 si,  0.1 st
%Cpu(s): 13.7 us,  6.6 sy,  0.0 ni, 79.0 id,  0.0 wa,  0.0 hi,  0.7 si,  0.1 st
%Cpu(s): 12.6 us,  5.4 sy,  0.0 ni, 81.5 id,  0.0 wa,  0.0 hi,  0.4 si,  0.0 st
%Cpu(s): 12.9 us,  6.0 sy,  0.0 ni, 80.4 id,  0.0 wa,  0.0 hi,  0.6 si,  0.1 st
%Cpu(s): 20.9 us,  6.2 sy,  0.0 ni, 72.1 id,  0.0 wa,  0.0 hi,  0.8 si,  0.1 st
%Cpu(s): 28.7 us,  6.0 sy,  0.0 ni, 64.1 id,  0.0 wa,  0.0 hi,  1.2 si,  0.0 st
%Cpu(s): 14.4 us,  5.7 sy,  0.0 ni, 79.2 id,  0.0 wa,  0.0 hi,  0.8 si,  0.0 st
%Cpu(s): 11.9 us,  6.1 sy,  0.0 ni, 81.3 id,  0.1 wa,  0.0 hi,  0.6 si,  0.0 st
%Cpu(s): 12.6 us,  6.4 sy,  0.0 ni, 80.5 id,  0.0 wa,  0.0 hi,  0.4 si,  0.1 st
%Cpu(s): 15.4 us,  6.0 sy,  0.0 ni, 77.7 id,  0.0 wa,  0.0 hi,  0.9 si,  0.0 st
%Cpu(s): 14.4 us,  5.5 sy,  0.0 ni, 79.3 id,  0.0 wa,  0.0 hi,  0.6 si,  0.1 st
%Cpu(s): 12.6 us,  6.4 sy,  0.0 ni, 80.5 id,  0.0 wa,  0.0 hi,  0.4 si,  0.1 st
%Cpu(s): 13.7 us,  5.7 sy,  0.0 ni, 80.1 id,  0.0 wa,  0.0 hi,  0.4 si,  0.0 st
%Cpu(s): 12.9 us,  6.4 sy,  0.0 ni, 80.3 id,  0.0 wa,  0.0 hi,  0.3 si,  0.1 st
%Cpu(s): 11.5 us,  5.7 sy,  0.0 ni, 82.2 id,  0.0 wa,  0.0 hi,  0.6 si,  0.1 st
%Cpu(s): 13.0 us,  5.3 sy,  0.0 ni, 81.2 id,  0.0 wa,  0.0 hi,  0.5 si,  0.0 st
%Cpu(s): 13.6 us,  5.5 sy,  0.0 ni, 80.4 id,  0.0 wa,  0.0 hi,  0.4 si,  0.0 st
%Cpu(s): 11.9 us,  5.3 sy,  0.0 ni, 82.3 id,  0.0 wa,  0.0 hi,  0.4 si,  0.0 st
%Cpu(s): 14.1 us,  6.1 sy,  0.0 ni, 79.2 id,  0.0 wa,  0.0 hi,  0.5 si,  0.1 st
%Cpu(s): 13.7 us,  6.9 sy,  0.0 ni, 78.8 id,  0.0 wa,  0.0 hi,  0.6 si,  0.0 st
%Cpu(s): 13.3 us,  5.6 sy,  0.0 ni, 80.5 id,  0.0 wa,  0.0 hi,  0.6 si,  0.1 st
%Cpu(s): 12.0 us,  6.2 sy,  0.0 ni, 81.2 id,  0.0 wa,  0.0 hi,  0.6 si,  0.1 st
%Cpu(s): 14.8 us,  5.6 sy,  0.0 ni, 78.8 id,  0.0 wa,  0.0 hi,  0.7 si,  0.1 st
%Cpu(s): 12.6 us,  5.8 sy,  0.0 ni, 81.1 id,  0.0 wa,  0.0 hi,  0.4 si,  0.0 st
%Cpu(s): 12.3 us,  6.0 sy,  0.0 ni, 80.8 id,  0.0 wa,  0.0 hi,  0.8 si,  0.1 st
%Cpu(s): 12.2 us,  6.6 sy,  0.0 ni, 80.5 id,  0.0 wa,  0.0 hi,  0.6 si,  0.0 st
