%Cpu(s):  2.6 us,  0.7 sy,  0.0 ni, 96.7 id,  0.0 wa,  0.0 hi,  0.0 si,  0.0 st
%Cpu(s):  0.5 us,  0.1 sy,  0.0 ni, 99.4 id,  0.0 wa,  0.0 hi,  0.0 si,  0.1 st
%Cpu(s): 11.7 us,  2.1 sy,  0.0 ni, 86.1 id,  0.1 wa,  0.0 hi,  0.0 si,  0.1 st
%Cpu(s): 81.2 us,  4.8 sy,  0.0 ni, 13.9 id,  0.0 wa,  0.0 hi,  0.0 si,  0.1 st
%Cpu(s): 73.5 us,  3.2 sy,  0.0 ni, 23.2 id,  0.0 wa,  0.0 hi,  0.0 si,  0.1 st
%Cpu(s): 88.2 us,  3.1 sy,  0.0 ni,  8.7 id,  0.0 wa,  0.0 hi,  0.0 si,  0.0 st
%Cpu(s): 94.8 us,  3.2 sy,  0.0 ni,  1.9 id,  0.0 wa,  0.0 hi,  0.0 si,  0.0 st
%Cpu(s): 96.2 us,  3.1 sy,  0.0 ni,  0.7 id,  0.0 wa,  0.0 hi,  0.0 si,  0.0 st
%Cpu(s): 96.5 us,  2.9 sy,  0.0 ni,  0.5 id,  0.0 wa,  0.0 hi,  0.1 si,  0.0 st
%Cpu(s): 90.5 us,  1.7 sy,  0.0 ni,  7.6 id,  0.0 wa,  0.0 hi,  0.1 si,  0.0 st
%Cpu(s): 37.9 us,  1.1 sy,  0.0 ni, 60.8 id,  0.0 wa,  0.0 hi,  0.1 si,  0.0 st
%Cpu(s): 15.1 us,  1.0 sy,  0.0 ni, 83.8 id,  0.0 wa,  0.0 hi,  0.0 si,  0.1 st
%Cpu(s):  6.8 us,  1.9 sy,  0.0 ni, 91.1 id,  0.0 wa,  0.0 hi,  0.0 si,  0.2 st
%Cpu(s):  4.0 us,  1.9 sy,  0.0 ni, 93.8 id,  0.0 wa,  0.0 hi,  0.0 si,  0.3 st
%Cpu(s):  7.7 us,  2.0 sy,  0.0 ni, 90.1 id,  0.0 wa,  0.0 hi,  0.0 si,  0.3 st
%Cpu(s):  8.3 us,  2.8 sy,  0.0 ni, 88.6 id,  0.0 wa,  0.0 hi,  0.1 si,  0.1 st
%Cpu(s):  5.5 us,  2.4 sy,  0.0 ni, 92.0 id,  0.0 wa,  0.0 hi,  0.0 si,  0.1 st
%Cpu(s):  4.9 us,  1.6 sy,  0.0 ni, 93.4 id,  0.0 wa,  0.0 hi,  0.1 si,  0.1 st
%Cpu(s):  3.7 us,  2.2 sy,  0.0 ni, 94.1 id,  0.0 wa,  0.0 hi,  0.0 si,  0.1 st
%Cpu(s): 19.9 us,  2.1 sy,  0.0 ni, 77.9 id,  0.0 wa,  0.0 hi,  0.1 si,  0.1 st
%Cpu(s): 83.8 us,  5.0 sy,  0.0 ni, 10.4 id,  0.0 wa,  0.0 hi,  0.8 si,  0.0 st
%Cpu(s): 86.0 us,  6.3 sy,  0.0 ni,  6.8 id,  0.0 wa,  0.0 hi,  0.9 si,  0.0 st
%Cpu(s): 81.2 us,  6.5 sy,  0.0 ni, 11.2 id,  0.0 wa,  0.0 hi,  1.1 si,  0.0 st
%Cpu(s): 77.0 us,  6.7 sy,  0.0 ni, 15.0 id,  0.0 wa,  0.0 hi,  1.3 si,  0.0 st
%Cpu(s): 90.2 us,  6.4 sy,  0.0 ni,  2.2 id,  0.0 wa,  0.0 hi,  1.2 si,  0.0 st
%Cpu(s): 89.2 us,  6.5 sy,  0.0 ni,  3.0 id,  0.0 wa,  0.0 hi,  1.2 si,  0.0 st
%Cpu(s): 90.4 us,  6.2 sy,  0.0 ni,  2.1 id,  0.0 wa,  0.0 hi,  1.3 si,  0.0 st
%Cpu(s): 72.7 us,  6.3 sy,  0.0 ni, 20.0 id,  0.0 wa,  0.0 hi,  0.9 si,  0.0 st
%Cpu(s): 25.9 us,  5.9 sy,  0.0 ni, 67.0 id,  0.0 wa,  0.0 hi,  1.1 si,  0.1 st
%Cpu(s): 14.4 us,  5.5 sy,  0.0 ni, 79.3 id,  0.0 wa,  0.0 hi,  0.7 si,  0.1 st
%Cpu(s): 14.5 us,  5.7 sy,  0.0 ni, 79.3 id,  0.0 wa,  0.0 hi,  0.5 si,  0.0 st
%Cpu(s): 13.2 us,  5.8 sy,  0.0 ni, 80.4 id,  0.0 wa,  0.0 hi,  0.7 si,  0.0 st
%Cpu(s): 16.3 us,  5.7 sy,  0.0 ni, 77.0 id,  0.1 wa,  0.0 hi,  0.8 si,  0.1 st
%Cpu(s): 14.1 us,  6.0 sy,  0.0 ni, 79.3 id,  0.0 wa,  0.0 hi,  0.5 si,  0.0 st
%Cpu(s): 13.7 us,  5.9 sy,  0.0 ni, 80.0 id,  0.0 wa,  0.0 hi,  0.4 si,  0.0 st
%Cpu(s): 13.1 us,  5.5 sy,  0.0 ni, 80.7 id,  0.0 wa,  0.0 hi,  0.6 si,  0.1 st
%Cpu(s): 11.9 us,  5.5 sy,  0.0 ni, 81.8 id,  0.0 wa,  0.0 hi,  0.8 si,  0.1 st
%Cpu(s): 10.8 us,  5.3 sy,  0.0 ni, 83.0 id,  0.0 wa,  0.0 hi,  1.0 si,  0.0 st
%Cpu(s): 12.5 us,  5.1 sy,  0.0 ni, 82.0 id,  0.0 wa,  0.0 hi,  0.4 si,  0.0 st
%Cpu(s): 15.3 us,  5.2 sy,  0.0 ni, 78.8 id,  0.0 wa,  0.0 hi,  0.7 si,  0.0 st
%Cpu(s): 10.6 us,  5.5 sy,  0.0 ni, 83.4 id,  0.0 wa,  0.0 hi,  0.5 si,  0.0 st
%Cpu(s): 11.4 us,  5.7 sy,  0.0 ni, 82.2 id,  0.0 wa,  0.0 hi,  0.6 si,  0.1 st
%Cpu(s): 11.4 us,  6.3 sy,  0.0 ni, 81.4 id,  0.0 wa,  0.0 hi,  0.9 si,  0.1 st
%Cpu(s): 10.0 us,  5.2 sy,  0.0 ni, 84.0 id,  0.0 wa,  0.0 hi,  0.8 si,  0.0 st
%Cpu(s): 11.5 us,  5.4 sy,  0.0 ni, 82.4 id,  0.0 wa,  0.0 hi,  0.6 si,  0.1 st
%Cpu(s): 12.1 us,  5.5 sy,  0.0 ni, 82.0 id,  0.0 wa,  0.0 hi,  0.5 si,  0.0 st
%Cpu(s): 12.2 us,  5.6 sy,  0.0 ni, 81.4 id,  0.0 wa,  0.0 hi,  0.7 si,  0.1 st
%Cpu(s): 12.2 us,  5.6 sy,  0.0 ni, 81.6 id,  0.1 wa,  0.0 hi,  0.5 si,  0.1 st
%Cpu(s): 10.7 us,  6.1 sy,  0.0 ni, 82.5 id,  0.0 wa,  0.0 hi,  0.6 si,  0.1 st
%Cpu(s): 12.5 us,  5.5 sy,  0.0 ni, 81.4 id,  0.0 wa,  0.0 hi,  0.6 si,  0.0 st
%Cpu(s): 19.4 us,  4.9 sy,  0.0 ni, 75.2 id,  0.0 wa,  0.0 hi,  0.4 si,  0.1 st
%Cpu(s): 15.1 us,  6.1 sy,  0.0 ni, 78.3 id,  0.0 wa,  0.0 hi,  0.4 si,  0.0 st
%Cpu(s): 11.0 us,  5.7 sy,  0.0 ni, 82.8 id,  0.0 wa,  0.0 hi,  0.5 si,  0.0 st
%Cpu(s): 12.9 us,  6.2 sy,  0.0 ni, 80.2 id,  0.0 wa,  0.0 hi,  0.6 si,  0.0 st
%Cpu(s): 13.9 us,  6.1 sy,  0.0 ni, 79.2 id,  0.0 wa,  0.0 hi,  0.7 si,  0.1 st
%Cpu(s): 24.8 us,  5.4 sy,  0.0 ni, 68.8 id,  0.0 wa,  0.0 hi,  1.0 si,  0.0 st
%Cpu(s): 18.4 us,  6.5 sy,  0.0 ni, 74.5 id,  0.0 wa,  0.0 hi,  0.6 si,  0.0 st
%Cpu(s): 11.9 us,  6.0 sy,  0.0 ni, 81.5 id,  0.0 wa,  0.0 hi,  0.6 si,  0.1 st
%Cpu(s): 10.1 us,  5.9 sy,  0.0 ni, 83.5 id,  0.0 wa,  0.0 hi,  0.5 si,  0.0 st
%Cpu(s): 12.7 us,  5.5 sy,  0.0 ni, 81.0 id,  0.0 wa,  0.0 hi,  0.7 si,  0.1 st
%Cpu(s): 11.6 us,  5.6 sy,  0.0 ni, 82.2 id,  0.0 wa,  0.0 hi,  0.6 si,  0.0 st
%Cpu(s): 11.6 us,  5.9 sy,  0.0 ni, 82.0 id,  0.0 wa,  0.0 hi,  0.4 si,  0.1 st
%Cpu(s): 12.4 us,  6.1 sy,  0.0 ni, 80.7 id,  0.0 wa,  0.0 hi,  0.8 si,  0.1 st
%Cpu(s): 10.2 us,  6.3 sy,  0.0 ni, 83.0 id,  0.0 wa,  0.0 hi,  0.4 si,  0.1 st
%Cpu(s): 13.5 us,  6.6 sy,  0.0 ni, 79.5 id,  0.0 wa,  0.0 hi,  0.4 si,  0.0 st
%Cpu(s): 12.6 us,  6.0 sy,  0.0 ni, 80.9 id,  0.0 wa,  0.0 hi,  0.6 si,  0.0 st
%Cpu(s): 11.9 us,  6.0 sy,  0.0 ni, 81.6 id,  0.0 wa,  0.0 hi,  0.4 si,  0.1 st
%Cpu(s): 10.9 us,  5.6 sy,  0.0 ni, 82.8 id,  0.1 wa,  0.0 hi,  0.6 si,  0.0 st
%Cpu(s): 13.6 us,  5.9 sy,  0.0 ni, 80.0 id,  0.0 wa,  0.0 hi,  0.5 si,  0.0 st
%Cpu(s): 12.4 us,  6.3 sy,  0.0 ni, 80.6 id,  0.0 wa,  0.0 hi,  0.8 si,  0.0 st
%Cpu(s): 10.5 us,  6.3 sy,  0.0 ni, 82.6 id,  0.0 wa,  0.0 hi,  0.6 si,  0.0 st
%Cpu(s): 12.6 us,  5.6 sy,  0.0 ni, 81.2 id,  0.0 wa,  0.0 hi,  0.6 si,  0.1 st
%Cpu(s): 12.6 us,  6.7 sy,  0.0 ni, 79.9 id,  0.0 wa,  0.0 hi,  0.7 si,  0.1 st
%Cpu(s):  9.8 us,  6.0 sy,  0.0 ni, 83.4 id,  0.0 wa,  0.0 hi,  0.8 si,  0.0 st
%Cpu(s): 11.9 us,  7.0 sy,  0.0 ni, 80.1 id,  0.0 wa,  0.0 hi,  0.9 si,  0.0 st
%Cpu(s): 12.0 us,  6.1 sy,  0.0 ni, 81.1 id,  0.0 wa,  0.0 hi,  0.7 si,  0.1 st
