%Cpu(s):  3.4 us,  0.7 sy,  0.0 ni, 95.8 id,  0.0 wa,  0.0 hi,  0.1 si,  0.0 st
%Cpu(s):  0.4 us,  0.1 sy,  0.0 ni, 99.5 id,  0.0 wa,  0.0 hi,  0.0 si,  0.0 st
%Cpu(s):  7.7 us,  0.9 sy,  0.0 ni, 91.3 id,  0.1 wa,  0.0 hi,  0.0 si,  0.0 st
%Cpu(s): 83.4 us,  6.0 sy,  0.0 ni, 10.5 id,  0.0 wa,  0.0 hi,  0.0 si,  0.1 st
%Cpu(s): 82.8 us,  3.6 sy,  0.0 ni, 13.5 id,  0.0 wa,  0.0 hi,  0.0 si,  0.0 st
%Cpu(s): 68.3 us,  3.4 sy,  0.0 ni, 28.3 id,  0.0 wa,  0.0 hi,  0.0 si,  0.0 st
%Cpu(s): 92.9 us,  2.8 sy,  0.0 ni,  4.3 id,  0.0 wa,  0.0 hi,  0.0 si,  0.0 st
%Cpu(s): 96.2 us,  2.8 sy,  0.0 ni,  0.9 id,  0.0 wa,  0.0 hi,  0.1 si,  0.0 st
%Cpu(s): 95.7 us,  3.3 sy,  0.0 ni,  0.9 id,  0.0 wa,  0.0 hi,  0.1 si,  0.0 st
%Cpu(s): 96.8 us,  2.7 sy,  0.0 ni,  0.4 id,  0.0 wa,  0.0 hi,  0.1 si,  0.0 st
%Cpu(s): 96.3 us,  3.3 sy,  0.0 ni,  0.3 id,  0.0 wa,  0.0 hi,  0.1 si,  0.0 st
%Cpu(s): 96.9 us,  3.0 sy,  0.0 ni,  0.0 id,  0.0 wa,  0.0 hi,  0.1 si,  0.0 st
%Cpu(s): 96.7 us,  2.9 sy,  0.0 ni,  0.1 id,  0.0 wa,  0.0 hi,  0.3 si,  0.0 st
%Cpu(s): 90.1 us,  2.4 sy,  0.0 ni,  7.3 id,  0.0 wa,  0.0 hi,  0.2 si,  0.0 st
%Cpu(s): 74.0 us,  2.4 sy,  0.0 ni, 23.3 id,  0.0 wa,  0.0 hi,  0.3 si,  0.0 st
%Cpu(s): 90.8 us,  6.3 sy,  0.0 ni,  1.9 id,  0.0 wa,  0.0 hi,  1.1 si,  0.0 st
%Cpu(s): 89.6 us,  8.7 sy,  0.0 ni,  0.1 id,  0.0 wa,  0.0 hi,  1.6 si,  0.0 st
%Cpu(s): 90.0 us,  8.3 sy,  0.0 ni,  0.0 id,  0.0 wa,  0.0 hi,  1.7 si,  0.0 st
%Cpu(s): 90.1 us,  8.1 sy,  0.0 ni,  0.0 id,  0.0 wa,  0.0 hi,  1.8 si,  0.0 st
%Cpu(s): 89.6 us,  8.3 sy,  0.0 ni,  0.0 id,  0.0 wa,  0.0 hi,  2.1 si,  0.0 st
%Cpu(s): 88.7 us,  9.5 sy,  0.0 ni,  0.0 id,  0.0 wa,  0.0 hi,  1.8 si,  0.0 st
%Cpu(s): 91.5 us,  7.2 sy,  0.0 ni,  0.0 id,  0.0 wa,  0.0 hi,  1.4 si,  0.0 st
%Cpu(s): 91.5 us,  7.1 sy,  0.0 ni,  0.0 id,  0.0 wa,  0.0 hi,  1.4 si,  0.0 st
%Cpu(s): 91.5 us,  7.0 sy,  0.0 ni,  0.0 id,  0.0 wa,  0.0 hi,  1.4 si,  0.1 st
%Cpu(s): 91.7 us,  6.7 sy,  0.0 ni,  0.0 id,  0.0 wa,  0.0 hi,  1.6 si,  0.0 st
%Cpu(s): 90.9 us,  7.4 sy,  0.0 ni,  0.0 id,  0.0 wa,  0.0 hi,  1.7 si,  0.0 st
%Cpu(s): 91.5 us,  7.0 sy,  0.0 ni,  0.0 id,  0.0 wa,  0.0 hi,  1.5 si,  0.0 st
%Cpu(s): 91.4 us,  6.9 sy,  0.0 ni,  0.0 id,  0.0 wa,  0.0 hi,  1.7 si,  0.0 st
%Cpu(s): 92.3 us,  6.0 sy,  0.0 ni,  0.0 id,  0.0 wa,  0.0 hi,  1.6 si,  0.0 st
%Cpu(s): 91.2 us,  7.6 sy,  0.0 ni,  0.0 id,  0.0 wa,  0.0 hi,  1.2 si,  0.0 st
%Cpu(s): 92.5 us,  6.0 sy,  0.0 ni,  0.0 id,  0.0 wa,  0.0 hi,  1.5 si,  0.0 st
%Cpu(s): 92.5 us,  6.3 sy,  0.0 ni,  0.0 id,  0.0 wa,  0.0 hi,  1.2 si,  0.0 st
%Cpu(s): 83.3 us,  6.2 sy,  0.0 ni,  9.1 id,  0.0 wa,  0.0 hi,  1.4 si,  0.0 st
%Cpu(s): 45.1 us,  5.8 sy,  0.0 ni, 47.6 id,  0.0 wa,  0.0 hi,  1.5 si,  0.1 st
%Cpu(s): 19.2 us,  6.2 sy,  0.0 ni, 73.6 id,  0.0 wa,  0.0 hi,  1.0 si,  0.0 st
%Cpu(s): 20.7 us,  5.5 sy,  0.0 ni, 72.4 id,  0.0 wa,  0.0 hi,  1.3 si,  0.1 st
%Cpu(s): 21.7 us,  5.3 sy,  0.0 ni, 72.2 id,  0.0 wa,  0.0 hi,  0.8 si,  0.1 st
%Cpu(s): 27.3 us,  6.1 sy,  0.0 ni, 66.1 id,  0.0 wa,  0.0 hi,  0.6 si,  0.0 st
%Cpu(s): 15.6 us,  5.3 sy,  0.0 ni, 78.2 id,  0.0 wa,  0.0 hi,  0.9 si,  0.0 st
%Cpu(s): 15.9 us,  5.8 sy,  0.0 ni, 77.3 id,  0.0 wa,  0.0 hi,  1.0 si,  0.0 st
%Cpu(s): 16.6 us,  5.9 sy,  0.0 ni, 76.4 id,  0.0 wa,  0.0 hi,  1.1 si,  0.1 st
%Cpu(s): 22.7 us,  4.1 sy,  0.0 ni, 72.4 id,  0.0 wa,  0.0 hi,  0.8 si,  0.0 st
%Cpu(s): 55.8 us,  5.1 sy,  0.0 ni, 37.9 id,  0.0 wa,  0.0 hi,  1.2 si,  0.1 st
%Cpu(s): 48.4 us,  5.4 sy,  0.0 ni, 44.9 id,  0.0 wa,  0.0 hi,  1.2 si,  0.0 st
%Cpu(s): 18.7 us,  5.2 sy,  0.0 ni, 75.2 id,  0.0 wa,  0.0 hi,  0.8 si,  0.0 st
%Cpu(s): 20.6 us,  6.1 sy,  0.0 ni, 72.1 id,  0.0 wa,  0.0 hi,  1.2 si,  0.1 st
%Cpu(s): 29.8 us,  5.4 sy,  0.0 ni, 64.0 id,  0.0 wa,  0.0 hi,  0.9 si,  0.0 st
%Cpu(s): 55.1 us,  7.0 sy,  0.0 ni, 36.6 id,  0.0 wa,  0.0 hi,  1.4 si,  0.0 st
%Cpu(s): 59.7 us,  5.9 sy,  0.0 ni, 32.7 id,  0.0 wa,  0.0 hi,  1.7 si,  0.0 st
%Cpu(s): 41.4 us,  5.7 sy,  0.0 ni, 51.8 id,  0.0 wa,  0.0 hi,  1.1 si,  0.1 st
%Cpu(s): 21.8 us,  5.3 sy,  0.0 ni, 71.9 id,  0.0 wa,  0.0 hi,  1.0 si,  0.0 st
%Cpu(s): 14.3 us,  5.5 sy,  0.0 ni, 79.4 id,  0.0 wa,  0.0 hi,  0.8 si,  0.0 st
%Cpu(s): 16.9 us,  5.8 sy,  0.0 ni, 76.3 id,  0.0 wa,  0.0 hi,  0.9 si,  0.1 st
%Cpu(s): 16.5 us,  5.5 sy,  0.0 ni, 77.0 id,  0.0 wa,  0.0 hi,  1.0 si,  0.0 st
%Cpu(s): 13.2 us,  6.2 sy,  0.0 ni, 79.5 id,  0.1 wa,  0.0 hi,  1.1 si,  0.0 st
%Cpu(s): 15.7 us,  5.5 sy,  0.0 ni, 77.7 id,  0.0 wa,  0.0 hi,  1.2 si,  0.0 st
%Cpu(s): 14.5 us,  5.8 sy,  0.0 ni, 78.9 id,  0.0 wa,  0.0 hi,  0.6 si,  0.1 st
%Cpu(s): 13.3 us,  5.5 sy,  0.0 ni, 80.3 id,  0.0 wa,  0.0 hi,  0.8 si,  0.1 st
%Cpu(s): 13.9 us,  6.0 sy,  0.0 ni, 79.4 id,  0.0 wa,  0.0 hi,  0.7 si,  0.1 st
%Cpu(s): 14.1 us,  5.8 sy,  0.0 ni, 79.4 id,  0.0 wa,  0.0 hi,  0.7 si,  0.0 st
%Cpu(s): 15.9 us,  5.0 sy,  0.0 ni, 78.3 id,  0.0 wa,  0.0 hi,  0.9 si,  0.0 st
%Cpu(s): 15.2 us,  6.6 sy,  0.0 ni, 77.0 id,  0.0 wa,  0.0 hi,  1.1 si,  0.1 st
%Cpu(s): 14.3 us,  6.1 sy,  0.0 ni, 79.0 id,  0.0 wa,  0.0 hi,  0.6 si,  0.0 st
%Cpu(s): 14.6 us,  5.8 sy,  0.0 ni, 78.6 id,  0.0 wa,  0.0 hi,  1.1 si,  0.0 st
%Cpu(s): 15.8 us,  5.4 sy,  0.0 ni, 77.6 id,  0.0 wa,  0.0 hi,  1.1 si,  0.1 st
%Cpu(s): 14.7 us,  6.2 sy,  0.0 ni, 78.0 id,  0.0 wa,  0.0 hi,  1.1 si,  0.0 st
%Cpu(s): 13.1 us,  6.0 sy,  0.0 ni, 80.1 id,  0.0 wa,  0.0 hi,  0.8 si,  0.1 st
%Cpu(s): 13.1 us,  6.3 sy,  0.0 ni, 79.8 id,  0.1 wa,  0.0 hi,  0.7 si,  0.0 st
%Cpu(s): 13.1 us,  4.9 sy,  0.0 ni, 80.9 id,  0.0 wa,  0.0 hi,  1.1 si,  0.1 st
%Cpu(s): 13.2 us,  5.4 sy,  0.0 ni, 80.5 id,  0.0 wa,  0.0 hi,  0.8 si,  0.1 st
%Cpu(s): 14.5 us,  5.0 sy,  0.0 ni, 79.8 id,  0.0 wa,  0.0 hi,  0.8 si,  0.0 st
%Cpu(s): 21.6 us,  6.1 sy,  0.0 ni, 71.3 id,  0.0 wa,  0.0 hi,  0.9 si,  0.1 st
%Cpu(s): 21.7 us,  5.7 sy,  0.0 ni, 71.4 id,  0.0 wa,  0.0 hi,  1.2 si,  0.0 st
%Cpu(s): 17.1 us,  5.6 sy,  0.0 ni, 76.5 id,  0.0 wa,  0.0 hi,  0.8 si,  0.0 st
%Cpu(s): 17.3 us,  5.3 sy,  0.0 ni, 76.3 id,  0.0 wa,  0.0 hi,  1.1 si,  0.0 st
%Cpu(s): 16.1 us,  6.4 sy,  0.0 ni, 76.6 id,  0.0 wa,  0.0 hi,  0.8 si,  0.1 st
