%Cpu(s):  1.7 us,  0.3 sy,  0.0 ni, 97.9 id,  0.0 wa,  0.0 hi,  0.0 si,  0.0 st
%Cpu(s):  3.0 us,  2.0 sy,  0.0 ni, 94.7 id,  0.0 wa,  0.0 hi,  0.0 si,  0.3 st
%Cpu(s):  9.2 us,  3.1 sy,  0.0 ni, 87.3 id,  0.0 wa,  0.0 hi,  0.1 si,  0.3 st
%Cpu(s):  3.8 us,  1.8 sy,  0.0 ni, 94.3 id,  0.0 wa,  0.0 hi,  0.1 si,  0.0 st
%Cpu(s):  3.6 us,  1.3 sy,  0.0 ni, 94.9 id,  0.0 wa,  0.0 hi,  0.0 si,  0.3 st
%Cpu(s):  7.6 us,  2.0 sy,  0.0 ni, 89.9 id,  0.0 wa,  0.0 hi,  0.1 si,  0.4 st
%Cpu(s): 65.3 us,  5.5 sy,  0.0 ni, 28.3 id,  0.1 wa,  0.0 hi,  0.7 si,  0.0 st
%Cpu(s): 84.3 us,  6.1 sy,  0.0 ni,  8.2 id,  0.0 wa,  0.0 hi,  1.4 si,  0.0 st
%Cpu(s): 78.8 us,  4.6 sy,  0.0 ni, 15.7 id,  0.0 wa,  0.0 hi,  0.9 si,  0.0 st
%Cpu(s): 88.2 us,  4.6 sy,  0.0 ni,  6.2 id,  0.0 wa,  0.0 hi,  0.9 si,  0.0 st
%Cpu(s): 80.3 us,  5.1 sy,  0.0 ni, 13.2 id,  0.0 wa,  0.0 hi,  1.4 si,  0.0 st
%Cpu(s): 38.3 us,  5.6 sy,  0.0 ni, 55.3 id,  0.0 wa,  0.0 hi,  0.8 si,  0.1 st
%Cpu(s): 33.2 us,  5.5 sy,  0.0 ni, 60.8 id,  0.0 wa,  0.0 hi,  0.4 si,  0.0 st
%Cpu(s): 34.1 us,  5.6 sy,  0.0 ni, 59.1 id,  0.0 wa,  0.0 hi,  1.1 si,  0.0 st
%Cpu(s): 19.0 us,  5.6 sy,  0.0 ni, 74.7 id,  0.0 wa,  0.0 hi,  0.6 si,  0.0 st
%Cpu(s): 25.4 us,  5.3 sy,  0.0 ni, 68.4 id,  0.0 wa,  0.0 hi,  0.9 si,  0.0 st
%Cpu(s): 18.3 us,  6.8 sy,  0.0 ni, 74.2 id,  0.0 wa,  0.0 hi,  0.5 si,  0.1 st
%Cpu(s): 13.3 us,  5.9 sy,  0.0 ni, 80.4 id,  0.0 wa,  0.0 hi,  0.4 si,  0.0 st
%Cpu(s): 13.5 us,  6.2 sy,  0.0 ni, 79.5 id,  0.0 wa,  0.0 hi,  0.6 si,  0.1 st
%Cpu(s): 10.8 us,  6.5 sy,  0.0 ni, 82.4 id,  0.0 wa,  0.0 hi,  0.3 si,  0.0 st
%Cpu(s): 11.2 us,  6.1 sy,  0.0 ni, 82.0 id,  0.0 wa,  0.0 hi,  0.6 si,  0.0 st
%Cpu(s): 10.1 us,  5.7 sy,  0.0 ni, 83.8 id,  0.0 wa,  0.0 hi,  0.5 si,  0.0 st
%Cpu(s): 11.9 us,  6.7 sy,  0.0 ni, 80.6 id,  0.0 wa,  0.0 hi,  0.6 si,  0.1 st
%Cpu(s): 11.2 us,  5.7 sy,  0.0 ni, 82.9 id,  0.0 wa,  0.0 hi,  0.3 si,  0.0 st
%Cpu(s): 11.3 us,  6.4 sy,  0.0 ni, 81.8 id,  0.0 wa,  0.0 hi,  0.5 si,  0.0 st
%Cpu(s): 10.9 us,  6.7 sy,  0.0 ni, 81.8 id,  0.0 wa,  0.0 hi,  0.4 si,  0.1 st
%Cpu(s): 13.3 us,  5.6 sy,  0.0 ni, 80.1 id,  0.1 wa,  0.0 hi,  0.8 si,  0.0 st
%Cpu(s): 10.5 us,  5.5 sy,  0.0 ni, 83.4 id,  0.0 wa,  0.0 hi,  0.6 si,  0.0 st
%Cpu(s): 10.4 us,  5.9 sy,  0.0 ni, 82.9 id,  0.0 wa,  0.0 hi,  0.6 si,  0.1 st
%Cpu(s): 10.2 us,  5.4 sy,  0.0 ni, 83.6 id,  0.0 wa,  0.0 hi,  0.8 si,  0.0 st
%Cpu(s): 11.0 us,  6.6 sy,  0.0 ni, 82.0 id,  0.0 wa,  0.0 hi,  0.5 si,  0.0 st
%Cpu(s):  9.2 us,  6.9 sy,  0.0 ni, 83.4 id,  0.0 wa,  0.0 hi,  0.5 si,  0.0 st
%Cpu(s):  9.4 us,  5.4 sy,  0.0 ni, 84.9 id,  0.0 wa,  0.0 hi,  0.3 si,  0.0 st
%Cpu(s):  9.9 us,  5.6 sy,  0.0 ni, 83.8 id,  0.0 wa,  0.0 hi,  0.5 si,  0.1 st
%Cpu(s):  9.6 us,  6.4 sy,  0.0 ni, 83.6 id,  0.0 wa,  0.0 hi,  0.4 si,  0.0 st
%Cpu(s): 10.6 us,  6.6 sy,  0.0 ni, 82.5 id,  0.0 wa,  0.0 hi,  0.3 si,  0.0 st
%Cpu(s): 20.8 us,  5.2 sy,  0.0 ni, 73.1 id,  0.0 wa,  0.0 hi,  0.8 si,  0.1 st
%Cpu(s): 16.8 us,  5.3 sy,  0.0 ni, 77.2 id,  0.0 wa,  0.0 hi,  0.6 si,  0.0 st
%Cpu(s): 11.0 us,  7.5 sy,  0.0 ni, 80.5 id,  0.0 wa,  0.0 hi,  1.0 si,  0.0 st
%Cpu(s):  9.3 us,  5.0 sy,  0.0 ni, 85.4 id,  0.0 wa,  0.0 hi,  0.3 si,  0.1 st
%Cpu(s): 13.0 us,  4.9 sy,  0.0 ni, 81.6 id,  0.0 wa,  0.0 hi,  0.5 si,  0.0 st
%Cpu(s): 28.3 us,  6.5 sy,  0.0 ni, 64.7 id,  0.0 wa,  0.0 hi,  0.5 si,  0.0 st
%Cpu(s):  9.9 us,  5.9 sy,  0.0 ni, 83.6 id,  0.0 wa,  0.0 hi,  0.6 si,  0.0 st
%Cpu(s): 13.5 us,  5.2 sy,  0.0 ni, 80.6 id,  0.1 wa,  0.0 hi,  0.5 si,  0.0 st
%Cpu(s): 10.4 us,  6.6 sy,  0.0 ni, 82.3 id,  0.0 wa,  0.0 hi,  0.5 si,  0.1 st
%Cpu(s): 11.7 us,  5.7 sy,  0.0 ni, 82.2 id,  0.0 wa,  0.0 hi,  0.4 si,  0.0 st
%Cpu(s): 10.4 us,  5.8 sy,  0.0 ni, 83.3 id,  0.0 wa,  0.0 hi,  0.5 si,  0.0 st
%Cpu(s):  9.5 us,  5.6 sy,  0.0 ni, 84.3 id,  0.0 wa,  0.0 hi,  0.5 si,  0.1 st
%Cpu(s): 11.3 us,  5.2 sy,  0.0 ni, 83.3 id,  0.0 wa,  0.0 hi,  0.3 si,  0.0 st
%Cpu(s): 10.6 us,  5.7 sy,  0.0 ni, 82.7 id,  0.0 wa,  0.0 hi,  1.0 si,  0.0 st
%Cpu(s):  9.7 us,  5.2 sy,  0.0 ni, 84.6 id,  0.0 wa,  0.0 hi,  0.4 si,  0.1 st
%Cpu(s): 11.4 us,  6.2 sy,  0.0 ni, 82.0 id,  0.0 wa,  0.0 hi,  0.4 si,  0.0 st
%Cpu(s): 10.5 us,  5.4 sy,  0.0 ni, 83.5 id,  0.0 wa,  0.0 hi,  0.5 si,  0.0 st
%Cpu(s):  8.6 us,  5.9 sy,  0.0 ni, 85.2 id,  0.0 wa,  0.0 hi,  0.3 si,  0.0 st
%Cpu(s):  9.7 us,  6.3 sy,  0.0 ni, 83.6 id,  0.0 wa,  0.0 hi,  0.3 si,  0.1 st
%Cpu(s): 10.6 us,  5.3 sy,  0.0 ni, 83.6 id,  0.0 wa,  0.0 hi,  0.5 si,  0.0 st
%Cpu(s): 10.3 us,  6.0 sy,  0.0 ni, 83.3 id,  0.0 wa,  0.0 hi,  0.4 si,  0.0 st
%Cpu(s):  8.8 us,  6.7 sy,  0.0 ni, 83.6 id,  0.0 wa,  0.0 hi,  0.8 si,  0.1 st
%Cpu(s):  9.8 us,  5.6 sy,  0.0 ni, 84.4 id,  0.0 wa,  0.0 hi,  0.3 si,  0.0 st
%Cpu(s): 10.7 us,  5.8 sy,  0.0 ni, 83.0 id,  0.0 wa,  0.0 hi,  0.4 si,  0.1 st
%Cpu(s): 11.1 us,  6.5 sy,  0.0 ni, 82.0 id,  0.0 wa,  0.0 hi,  0.4 si,  0.0 st
%Cpu(s): 11.9 us,  6.3 sy,  0.0 ni, 81.4 id,  0.0 wa,  0.0 hi,  0.4 si,  0.0 st
%Cpu(s): 11.8 us,  6.6 sy,  0.0 ni, 81.3 id,  0.0 wa,  0.0 hi,  0.4 si,  0.0 st
%Cpu(s): 11.3 us,  5.5 sy,  0.0 ni, 82.8 id,  0.0 wa,  0.0 hi,  0.4 si,  0.0 st
%Cpu(s):  9.5 us,  5.6 sy,  0.0 ni, 84.5 id,  0.0 wa,  0.0 hi,  0.4 si,  0.0 st
%Cpu(s): 15.8 us,  5.7 sy,  0.0 ni, 77.9 id,  0.0 wa,  0.0 hi,  0.5 si,  0.1 st
%Cpu(s): 53.4 us,  6.1 sy,  0.0 ni, 39.6 id,  0.0 wa,  0.0 hi,  0.9 si,  0.0 st
%Cpu(s): 19.6 us,  6.7 sy,  0.0 ni, 72.8 id,  0.0 wa,  0.0 hi,  0.9 si,  0.0 st
%Cpu(s): 12.6 us,  7.1 sy,  0.0 ni, 79.8 id,  0.0 wa,  0.0 hi,  0.4 si,  0.1 st
%Cpu(s): 17.5 us,  6.7 sy,  0.0 ni, 75.2 id,  0.0 wa,  0.0 hi,  0.5 si,  0.0 st
%Cpu(s): 12.9 us,  5.7 sy,  0.0 ni, 81.0 id,  0.0 wa,  0.0 hi,  0.4 si,  0.0 st
%Cpu(s): 10.6 us,  6.8 sy,  0.0 ni, 82.1 id,  0.1 wa,  0.0 hi,  0.4 si,  0.0 st
%Cpu(s): 16.2 us,  5.8 sy,  0.0 ni, 77.6 id,  0.0 wa,  0.0 hi,  0.4 si,  0.0 st
