%Cpu(s):  2.2 us,  0.5 sy,  0.0 ni, 97.2 id,  0.0 wa,  0.0 hi,  0.0 si,  0.0 st
%Cpu(s):  0.4 us,  0.1 sy,  0.0 ni, 99.5 id,  0.0 wa,  0.0 hi,  0.0 si,  0.0 st
%Cpu(s): 45.4 us,  5.6 sy,  0.0 ni, 48.9 id,  0.0 wa,  0.0 hi,  0.1 si,  0.0 st
%Cpu(s): 79.5 us,  3.6 sy,  0.0 ni, 16.8 id,  0.0 wa,  0.0 hi,  0.0 si,  0.1 st
%Cpu(s): 70.2 us,  3.7 sy,  0.0 ni, 26.0 id,  0.0 wa,  0.0 hi,  0.1 si,  0.1 st
%Cpu(s): 95.2 us,  3.0 sy,  0.0 ni,  1.7 id,  0.0 wa,  0.0 hi,  0.1 si,  0.1 st
%Cpu(s): 96.4 us,  3.0 sy,  0.0 ni,  0.6 id,  0.0 wa,  0.0 hi,  0.0 si,  0.0 st
%Cpu(s): 96.1 us,  2.9 sy,  0.0 ni,  0.9 id,  0.0 wa,  0.0 hi,  0.0 si,  0.0 st
%Cpu(s): 96.9 us,  3.0 sy,  0.0 ni,  0.1 id,  0.0 wa,  0.0 hi,  0.0 si,  0.0 st
%Cpu(s): 62.3 us,  1.4 sy,  0.0 ni, 36.3 id,  0.0 wa,  0.0 hi,  0.1 si,  0.0 st
%Cpu(s): 20.0 us,  0.7 sy,  0.0 ni, 79.3 id,  0.0 wa,  0.0 hi,  0.0 si,  0.0 st
%Cpu(s): 17.9 us,  0.7 sy,  0.0 ni, 81.3 id,  0.1 wa,  0.0 hi,  0.0 si,  0.1 st
%Cpu(s): 13.9 us,  1.1 sy,  0.0 ni, 85.1 id,  0.0 wa,  0.0 hi,  0.0 si,  0.0 st
%Cpu(s):  2.5 us,  1.6 sy,  0.0 ni, 95.8 id,  0.0 wa,  0.0 hi,  0.0 si,  0.1 st
%Cpu(s):  2.4 us,  0.8 sy,  0.0 ni, 96.7 id,  0.0 wa,  0.0 hi,  0.0 si,  0.1 st
%Cpu(s):  2.0 us,  0.8 sy,  0.0 ni, 97.0 id,  0.0 wa,  0.0 hi,  0.0 si,  0.1 st
%Cpu(s):  2.9 us,  1.0 sy,  0.0 ni, 95.9 id,  0.0 wa,  0.0 hi,  0.1 si,  0.2 st
%Cpu(s):  3.8 us,  1.3 sy,  0.0 ni, 94.8 id,  0.0 wa,  0.0 hi,  0.0 si,  0.1 st
%Cpu(s):  1.6 us,  1.1 sy,  0.0 ni, 97.3 id,  0.0 wa,  0.0 hi,  0.0 si,  0.0 st
%Cpu(s): 44.8 us,  3.5 sy,  0.0 ni, 51.3 id,  0.0 wa,  0.0 hi,  0.4 si,  0.0 st
%Cpu(s): 89.8 us,  7.9 sy,  0.0 ni,  1.5 id,  0.0 wa,  0.0 hi,  0.7 si,  0.0 st
%Cpu(s): 91.1 us,  7.4 sy,  0.0 ni,  0.4 id,  0.0 wa,  0.0 hi,  1.2 si,  0.0 st
%Cpu(s): 91.3 us,  7.1 sy,  0.0 ni,  0.4 id,  0.0 wa,  0.0 hi,  1.2 si,  0.0 st
%Cpu(s): 90.5 us,  8.2 sy,  0.0 ni,  0.1 id,  0.0 wa,  0.0 hi,  1.1 si,  0.0 st
%Cpu(s): 91.3 us,  7.5 sy,  0.0 ni,  0.0 id,  0.0 wa,  0.0 hi,  1.2 si,  0.0 st
%Cpu(s): 91.1 us,  7.9 sy,  0.0 ni,  0.1 id,  0.0 wa,  0.0 hi,  0.9 si,  0.0 st
%Cpu(s): 90.8 us,  7.7 sy,  0.0 ni,  0.0 id,  0.0 wa,  0.0 hi,  1.5 si,  0.0 st
%Cpu(s): 91.8 us,  7.2 sy,  0.0 ni,  0.0 id,  0.0 wa,  0.0 hi,  1.1 si,  0.0 st
%Cpu(s): 90.0 us,  7.4 sy,  0.0 ni,  1.5 id,  0.0 wa,  0.0 hi,  1.1 si,  0.0 st
%Cpu(s): 48.1 us,  6.4 sy,  0.0 ni, 45.1 id,  0.0 wa,  0.0 hi,  0.4 si,  0.0 st
%Cpu(s): 19.3 us,  6.4 sy,  0.0 ni, 73.9 id,  0.0 wa,  0.0 hi,  0.4 si,  0.1 st
%Cpu(s): 11.2 us,  5.2 sy,  0.0 ni, 83.1 id,  0.0 wa,  0.0 hi,  0.6 si,  0.0 st
%Cpu(s): 13.0 us,  5.4 sy,  0.0 ni, 80.8 id,  0.0 wa,  0.0 hi,  0.7 si,  0.1 st
%Cpu(s): 11.3 us,  4.9 sy,  0.0 ni, 83.3 id,  0.0 wa,  0.0 hi,  0.6 si,  0.0 st
%Cpu(s):  9.3 us,  4.7 sy,  0.0 ni, 85.7 id,  0.0 wa,  0.0 hi,  0.3 si,  0.0 st
%Cpu(s): 10.2 us,  5.3 sy,  0.0 ni, 83.9 id,  0.0 wa,  0.0 hi,  0.4 si,  0.1 st
%Cpu(s):  9.6 us,  4.6 sy,  0.0 ni, 85.2 id,  0.0 wa,  0.0 hi,  0.5 si,  0.1 st
%Cpu(s):  8.5 us,  5.1 sy,  0.0 ni, 86.1 id,  0.1 wa,  0.0 hi,  0.3 si,  0.1 st
%Cpu(s): 11.1 us,  5.1 sy,  0.0 ni, 83.3 id,  0.0 wa,  0.0 hi,  0.5 si,  0.0 st
%Cpu(s): 11.7 us,  5.1 sy,  0.0 ni, 82.5 id,  0.0 wa,  0.0 hi,  0.8 si,  0.0 st
%Cpu(s): 10.1 us,  5.0 sy,  0.0 ni, 84.6 id,  0.0 wa,  0.0 hi,  0.4 si,  0.0 st
%Cpu(s): 10.2 us,  4.9 sy,  0.0 ni, 84.4 id,  0.0 wa,  0.0 hi,  0.4 si,  0.1 st
%Cpu(s):  8.8 us,  4.6 sy,  0.0 ni, 86.3 id,  0.0 wa,  0.0 hi,  0.4 si,  0.0 st
%Cpu(s):  9.4 us,  5.2 sy,  0.0 ni, 84.8 id,  0.0 wa,  0.0 hi,  0.5 si,  0.0 st
%Cpu(s): 10.7 us,  5.0 sy,  0.0 ni, 84.0 id,  0.0 wa,  0.0 hi,  0.3 si,  0.0 st
%Cpu(s):  8.7 us,  5.3 sy,  0.0 ni, 85.6 id,  0.0 wa,  0.0 hi,  0.4 si,  0.0 st
%Cpu(s):  8.7 us,  5.0 sy,  0.0 ni, 85.7 id,  0.0 wa,  0.0 hi,  0.6 si,  0.0 st
%Cpu(s):  8.2 us,  5.0 sy,  0.0 ni, 86.0 id,  0.0 wa,  0.0 hi,  0.6 si,  0.1 st
%Cpu(s):  8.4 us,  4.8 sy,  0.0 ni, 86.3 id,  0.0 wa,  0.0 hi,  0.5 si,  0.0 st
%Cpu(s): 14.6 us,  4.9 sy,  0.0 ni, 80.0 id,  0.0 wa,  0.0 hi,  0.4 si,  0.1 st
%Cpu(s): 16.1 us,  5.0 sy,  0.0 ni, 78.4 id,  0.0 wa,  0.0 hi,  0.6 si,  0.0 st
%Cpu(s): 10.8 us,  5.2 sy,  0.0 ni, 83.5 id,  0.0 wa,  0.0 hi,  0.6 si,  0.0 st
%Cpu(s):  8.9 us,  5.3 sy,  0.0 ni, 85.3 id,  0.0 wa,  0.0 hi,  0.4 si,  0.0 st
%Cpu(s): 10.3 us,  5.2 sy,  0.0 ni, 83.9 id,  0.0 wa,  0.0 hi,  0.5 si,  0.1 st
%Cpu(s): 13.5 us,  5.3 sy,  0.0 ni, 80.5 id,  0.1 wa,  0.0 hi,  0.6 si,  0.0 st
%Cpu(s): 20.7 us,  4.8 sy,  0.0 ni, 73.8 id,  0.0 wa,  0.0 hi,  0.8 si,  0.0 st
%Cpu(s): 10.3 us,  5.4 sy,  0.0 ni, 83.8 id,  0.0 wa,  0.0 hi,  0.6 si,  0.0 st
%Cpu(s): 11.1 us,  5.0 sy,  0.0 ni, 83.4 id,  0.0 wa,  0.0 hi,  0.4 si,  0.1 st
%Cpu(s):  9.3 us,  5.1 sy,  0.0 ni, 85.1 id,  0.0 wa,  0.0 hi,  0.4 si,  0.1 st
%Cpu(s): 12.5 us,  5.5 sy,  0.0 ni, 81.6 id,  0.0 wa,  0.0 hi,  0.4 si,  0.0 st
%Cpu(s):  8.6 us,  5.2 sy,  0.0 ni, 85.6 id,  0.0 wa,  0.0 hi,  0.6 si,  0.0 st
%Cpu(s):  8.9 us,  4.8 sy,  0.0 ni, 85.8 id,  0.0 wa,  0.0 hi,  0.6 si,  0.0 st
%Cpu(s): 10.4 us,  4.2 sy,  0.0 ni, 84.9 id,  0.1 wa,  0.0 hi,  0.4 si,  0.1 st
%Cpu(s):  8.6 us,  5.2 sy,  0.0 ni, 85.7 id,  0.0 wa,  0.0 hi,  0.5 si,  0.0 st
%Cpu(s):  9.1 us,  4.8 sy,  0.0 ni, 85.7 id,  0.0 wa,  0.0 hi,  0.4 si,  0.0 st
%Cpu(s): 10.4 us,  5.3 sy,  0.0 ni, 83.5 id,  0.0 wa,  0.0 hi,  0.7 si,  0.1 st
%Cpu(s):  7.4 us,  4.6 sy,  0.0 ni, 87.5 id,  0.0 wa,  0.0 hi,  0.4 si,  0.0 st
%Cpu(s):  8.4 us,  5.4 sy,  0.0 ni, 85.9 id,  0.0 wa,  0.0 hi,  0.3 si,  0.0 st
%Cpu(s): 10.1 us,  4.8 sy,  0.0 ni, 84.6 id,  0.0 wa,  0.0 hi,  0.6 si,  0.0 st
%Cpu(s):  9.6 us,  5.1 sy,  0.0 ni, 84.7 id,  0.0 wa,  0.0 hi,  0.5 si,  0.0 st
%Cpu(s):  7.9 us,  4.7 sy,  0.0 ni, 86.8 id,  0.0 wa,  0.0 hi,  0.5 si,  0.0 st
%Cpu(s): 11.1 us,  5.4 sy,  0.0 ni, 82.9 id,  0.0 wa,  0.0 hi,  0.6 si,  0.1 st
%Cpu(s):  9.6 us,  5.6 sy,  0.0 ni, 84.5 id,  0.0 wa,  0.0 hi,  0.3 si,  0.1 st
%Cpu(s):  9.1 us,  5.9 sy,  0.0 ni, 84.5 id,  0.0 wa,  0.0 hi,  0.4 si,  0.1 st
%Cpu(s): 10.2 us,  5.0 sy,  0.0 ni, 84.5 id,  0.0 wa,  0.0 hi,  0.3 si,  0.0 st
%Cpu(s):  8.9 us,  5.1 sy,  0.0 ni, 85.5 id,  0.0 wa,  0.0 hi,  0.4 si,  0.1 st
